shs,ssj,jsg,isg,csg,cgs,sig,isi,gsi,gis,gig,igs,ssg,jss,sii,ssi,hss,scs,gii,iis,csi,sis,ess,ggs,sgg,sgs,gsg,oss,iss,css,gss,sss,TimeFactor
0.0,0.0,0.0,0.0,0.0,0.0,0.0,0.0,0.0,0.0,0.0,0.0,0.0,0.0,0.0,0.0,0.0,0.0,0.0,0.0,0.0,0.0,0.0030864197530864196,0.0030864197530864196,0.0030864197530864196,0.005555555555555556,0.008641975308641974,0.016203703703703703,0.03271604938271604,0.037037037037037035,0.04274691358024691,0.5978395061728395,1.0
0.0,0.0,0.0,0.0,0.0,0.0,0.0,0.0,0.0,0.0,0.0,0.0,0.0,0.0,0.0025252525252525255,0.0025252525252525255,0.0025252525252525255,0.003472222222222222,0.009259259259259259,0.009259259259259259,0.013888888888888888,0.013888888888888888,0.0,0.0025252525252525255,0.0025252525252525255,0.0025252525252525255,0.007575757575757576,0.0025252525252525255,0.0615530303030303,0.040930134680134685,0.0791456228956229,0.5766835016835017,2.0
0.0,0.0,0.0,0.0,0.0,0.0,0.001851851851851852,0.001851851851851852,0.001851851851851852,0.001851851851851852,0.001851851851851852,0.001851851851851852,0.005555555555555556,0.009259259259259259,0.002777777777777778,0.002777777777777778,0.014814814814814814,0.0,0.001851851851851852,0.001851851851851852,0.0,0.001851851851851852,0.0,0.0,0.0,0.005555555555555556,0.0,0.013888888888888888,0.0574074074074074,0.02314814814814815,0.05185185185185185,0.7129629629629628,3.0
0.0,0.0,0.0,0.0,0.0,0.0025252525252525255,0.0,0.0,0.0,0.0,0.0,0.0,0.0,0.009259259259259259,0.0,0.0,0.0,0.0,0.0,0.0,0.0,0.0,0.0,0.0,0.0,0.0,0.0,0.0025252525252525255,0.020898083398083397,0.014342139342139341,0.08963027713027712,0.7774864024864026,4.0
0.0,0.0,0.0,0.0,0.0,0.0,0.0,0.0,0.0,0.0,0.0,0.002777777777777778,0.0,0.011111111111111112,0.0,0.0,0.0,0.0,0.0,0.0,0.0,0.0,0.002777777777777778,0.002777777777777778,0.002777777777777778,0.013888888888888888,0.002777777777777778,0.0,0.016414141414141416,0.009722222222222222,0.07491582491582491,0.693392255892256,5.0
0.0,0.0,0.0,0.0021367521367521365,0.002777777777777778,0.0,0.0,0.0,0.0,0.0,0.0,0.0,0.002777777777777778,0.029914529914529916,0.0,0.0021367521367521365,0.0,0.0,0.0,0.0,0.0,0.0021367521367521365,0.0,0.0,0.002777777777777778,0.004914529914529914,0.0,0.016025641025641024,0.012606837606837609,0.002777777777777778,0.02863247863247863,0.7237179487179487,6.0
0.0,0.0030864197530864196,0.0030864197530864196,0.0,0.0,0.0,0.0,0.0,0.0,0.0,0.0,0.0,0.0462962962962963,0.04050925925925926,0.0,0.0,0.0,0.0,0.0,0.0,0.0,0.0,0.0030864197530864196,0.0,0.0462962962962963,0.0030864197530864196,0.0,0.0,0.021990740740740738,0.009259259259259259,0.04359567901234568,0.6963734567901234,7.0
0.0,0.0,0.0,0.0,0.0,0.0,0.0,0.0,0.0,0.0,0.0,0.0,0.0,0.013888888888888888,0.0,0.0,0.004629629629629629,0.0,0.0,0.0,0.0,0.0,0.0,0.0,0.0,0.0,0.0,0.0,0.04629629629629629,0.0,0.005555555555555556,0.4296296296296296,8.0
0.0,0.0,0.0,0.0,0.0,0.0,0.0,0.0,0.0,0.0,0.0,0.0,0.0,0.005050505050505051,0.0,0.0,0.0,0.0,0.0,0.0,0.0,0.0,0.0,0.0,0.0,0.0,0.0,0.0,0.0,0.0,0.010101010101010102,0.3181818181818182,9.0
0.0025252525252525255,0.0,0.0,0.0,0.0,0.0,0.0,0.0,0.0,0.0,0.0,0.0,0.0025252525252525255,0.0,0.0,0.0,0.0025252525252525255,0.0,0.0,0.0,0.0,0.0,0.0,0.0,0.0,0.0025252525252525255,0.0,0.0,0.011784511784511785,0.011784511784511785,0.09511784511784512,0.6212121212121212,10.0
0.0,0.0,0.0,0.0,0.0,0.0,0.0,0.0,0.0,0.0,0.0,0.0,0.0,0.0,0.0,0.0,0.0,0.0,0.0,0.0,0.0,0.0,0.0,0.0,0.0,0.013888888888888888,0.0,0.0,0.005555555555555556,0.0,0.03333333333333333,0.6972222222222221,11.0
0.0,0.0,0.0,0.0,0.0,0.0,0.0,0.0,0.0,0.0,0.0,0.0,0.004629629629629629,0.0,0.0,0.0,0.0,0.0,0.0,0.0,0.0,0.0,0.0,0.0,0.0,0.004629629629629629,0.0,0.0,0.0,0.0,0.009259259259259259,0.48148148148148145,12.0
0.0,0.0,0.0,0.0,0.0,0.0,0.0,0.0,0.0,0.0,0.0,0.0,0.0,0.012499999999999999,0.0,0.0,0.0,0.0,0.0,0.0,0.0,0.0,0.013888888888888888,0.0,0.0,0.0,0.0,0.009259259259259259,0.009259259259259259,0.0,0.0,0.538425925925926,13.0
