sc,sj,is,cs,os,js,sg,gs,ss,TimeFactor
0.0,0.0,0.0,0.0,0.0,0.0,0.0,0.0,0.25,1.0
0.0,0.0,0.0,0.0,0.0,0.0,0.016666666666666666,0.016666666666666666,0.13333333333333333,2.0
0.0,0.0,0.0,0.0,0.0,0.0,0.0,0.0,0.08333333333333333,3.0
0.0,0.0,0.0,0.0,0.0,0.007575757575757576,0.016666666666666666,0.016666666666666666,0.12575757575757576,4.0
0.0,0.0,0.0,0.0,0.013888888888888888,0.005952380952380952,0.0,0.0,0.14682539682539683,5.0
0.0,0.0,0.0,0.0,0.0,0.005952380952380952,0.0,0.0,0.3273809523809524,6.0
0.0,0.0,0.0,0.0,0.0,0.013888888888888888,0.0,0.0,0.23611111111111113,7.0
0.0,0.0,0.0,0.0,0.0,0.0,0.0,0.0,0.25,8.0
0.0,0.008333333333333333,0.008333333333333333,0.013888888888888888,0.0,0.008333333333333333,0.0,0.0,0.2111111111111111,9.0
0.016666666666666666,0.0,0.0,0.016666666666666666,0.0,0.0,0.0,0.0,0.3,10.0
0.0,0.0,0.0,0.0,0.0,0.0,0.0,0.013888888888888888,0.40277777777777785,11.0
0.0,0.0,0.0,0.0,0.0,0.0,0.0,0.0,0.25,12.0
0.0,0.0,0.0,0.0,0.0,0.0,0.016666666666666666,0.016666666666666666,0.13333333333333333,13.0
