sh,se,eg,jc,jg,gi,so,jj,ce,ji,cc,sc,js,cs,ig,es,os,si,ii,hs,sg,gg,is,gs,ss,TimeFactor
0.0,0.0,0.0,0.0,0.0,0.0,0.0,0.0,0.0,0.0,0.0,0.0,0.0,0.002777777777777778,0.0030864197530864196,0.0030864197530864196,0.007407407407407407,0.009259259259259259,0.012345679012345678,0.013888888888888888,0.014197530864197531,0.01790123456790123,0.055246913580246915,0.14197530864197533,0.6354938271604939,1.0
0.0,0.0,0.0,0.0,0.0,0.0,0.0,0.0,0.0025252525252525255,0.003968253968253968,0.003968253968253968,0.003968253968253968,0.009523809523809523,0.0,0.0,0.02038239538239538,0.0,0.003968253968253968,0.0,0.006105006105006104,0.0021367521367521365,0.0025252525252525255,0.10333092833092833,0.16645391645391647,0.6711436711436711,2.0
0.0,0.0,0.0,0.0,0.0,0.003472222222222222,0.004629629629629629,0.005555555555555556,0.0,0.0,0.003472222222222222,0.003472222222222222,0.010185185185185184,0.003472222222222222,0.0,0.0,0.008597883597883597,0.006944444444444444,0.006944444444444444,0.012499999999999999,0.0,0.0,0.1013888888888889,0.10426587301587302,0.6417658730158731,3.0
0.0,0.0,0.0,0.0,0.0,0.0,0.037037037037037035,0.0,0.0,0.0,0.0,0.0,0.0,0.006944444444444444,0.0,0.0,0.041005291005291,0.0,0.0,0.013888888888888888,0.0,0.0,0.07804232804232805,0.11078042328042326,0.6289682539682541,4.0
0.0,0.0,0.0,0.005555555555555556,0.013888888888888888,0.0,0.0,0.0,0.0,0.009259259259259259,0.0,0.019444444444444445,0.018055555555555557,0.03988095238095238,0.0,0.027777777777777776,0.006944444444444444,0.0,0.0,0.0,0.0,0.0,0.10006613756613757,0.0744047619047619,0.601388888888889,5.0
0.0,0.0,0.0,0.0,0.0,0.0,0.0,0.0,0.0,0.0,0.0,0.0,0.0,0.03472222222222222,0.0,0.0,0.013888888888888888,0.003472222222222222,0.0,0.0,0.010416666666666666,0.003472222222222222,0.057638888888888885,0.10601851851851851,0.6037037037037037,6.0
0.0,0.0,0.013888888888888888,0.0,0.0,0.0,0.0,0.0,0.0,0.0,0.0,0.0,0.0,0.027777777777777776,0.0,0.0,0.027777777777777776,0.0,0.0,0.0,0.027777777777777776,0.0,0.05092592592592593,0.09722222222222221,0.5046296296296297,7.0
0.0030864197530864196,0.006944444444444444,0.0,0.0,0.0,0.0,0.0,0.0,0.0,0.0,0.0,0.0,0.0,0.0030864197530864196,0.0,0.020833333333333332,0.0,0.009259259259259259,0.0,0.0030864197530864196,0.006944444444444444,0.009259259259259259,0.041666666666666664,0.12577160493827158,0.6033950617283951,8.0
0.0,0.0,0.0,0.0,0.0,0.0,0.0,0.0,0.0,0.0,0.0,0.0,0.0,0.03333333333333333,0.0,0.0,0.009259259259259259,0.009259259259259259,0.0,0.0,0.0,0.0,0.037037037037037035,0.06388888888888888,0.5138888888888888,9.0
0.0,0.0,0.0,0.0,0.0,0.0,0.0,0.0,0.0,0.0,0.027777777777777776,0.027777777777777776,0.0,0.013888888888888888,0.0,0.0,0.0,0.0,0.0,0.027777777777777776,0.027777777777777776,0.0,0.037037037037037035,0.05555555555555555,0.5324074074074073,10.0
0.0,0.0,0.0,0.0,0.0,0.0,0.0,0.0,0.0,0.0,0.0,0.0,0.006944444444444444,0.013888888888888888,0.006944444444444444,0.0,0.020833333333333332,0.0,0.0,0.0,0.006944444444444444,0.006944444444444444,0.019444444444444445,0.10138888888888888,0.5666666666666668,11.0
0.0,0.0,0.0,0.0,0.0,0.0,0.0,0.0,0.0,0.0,0.0,0.0,0.006944444444444444,0.0,0.0,0.0,0.0,0.0,0.0,0.0,0.027777777777777776,0.006944444444444444,0.03888888888888888,0.07824074074074074,0.5078703703703704,12.0
0.0,0.0,0.0,0.0,0.014814814814814814,0.0,0.0,0.0,0.0,0.0,0.0,0.006944444444444444,0.0,0.006944444444444444,0.0,0.006944444444444444,0.0,0.013888888888888888,0.0,0.006944444444444444,0.016666666666666666,0.005555555555555556,0.013888888888888888,0.09166666666666667,0.4824074074074074,13.0
