jc,se,so,ee,ic,sj,sc,gc,jj,ge,es,cc,ii,ig,hs,gg,gi,si,os,sg,cs,is,gs,ss,TimeFactor
0.0,0.0,0.0,0.0,0.0,0.0,0.0,0.0,0.0,0.0,0.0,0.0,0.0,0.0020833333333333333,0.0021929824561403508,0.0042763157894736845,0.006161236424394319,0.010437552213868002,0.013888888888888888,0.02045739348370927,0.028935185185185185,0.04613356307435255,0.059730924533556114,0.6390359579504317,1.0
0.0,0.0,0.0,0.0,0.0,0.0023148148148148147,0.0030864197530864196,0.003968253968253968,0.004629629629629629,0.007575757575757576,0.007575757575757576,0.007936507936507936,0.01936955337690632,0.0,0.0,0.02622808382612304,0.0023148148148148147,0.004629629629629629,0.019753086419753086,0.0454355353252412,0.022293871252204583,0.040857778296503784,0.05629385592620887,0.5590699832121401,2.0
0.0,0.0,0.0,0.0,0.001937984496124031,0.0,0.001937984496124031,0.0,0.0,0.0,0.01776485788113695,0.0,0.0,0.0,0.013888888888888888,0.013888888888888888,0.0,0.0,0.0,0.03205749354005168,0.00766384778012685,0.001937984496124031,0.04165932581630256,0.5339294103828988,3.0
0.0,0.0,0.0,0.0,0.0,0.0,0.0,0.0,0.0,0.0,0.0,0.0,0.0,0.002976190476190476,0.002976190476190476,0.013888888888888888,0.0,0.0,0.002976190476190476,0.03630952380952381,0.0,0.016666666666666666,0.07281746031746032,0.5180555555555556,4.0
0.0,0.004629629629629629,0.004629629629629629,0.009259259259259259,0.0,0.0,0.0,0.0,0.0,0.0,0.0036231884057971015,0.0,0.0036231884057971015,0.0,0.0036231884057971015,0.015151515151515152,0.0036231884057971015,0.0,0.026094276094276097,0.011198945981554678,0.004629629629629629,0.007575757575757576,0.0,0.5690052700922266,5.0
0.0,0.0,0.0,0.0,0.0,0.0,0.0,0.0,0.0,0.0,0.016666666666666666,0.0,0.0,0.0,0.0,0.0,0.0,0.016666666666666666,0.0,0.0,0.016666666666666666,0.016666666666666666,0.0,0.4333333333333333,6.0
0.004629629629629629,0.0,0.0,0.0,0.0,0.0,0.0,0.0,0.0,0.0,0.0,0.0,0.0,0.0,0.0,0.007575757575757576,0.0,0.0,0.007575757575757576,0.015151515151515152,0.004629629629629629,0.004629629629629629,0.012205387205387205,0.2769360269360269,7.0
0.0,0.0,0.0,0.0,0.0,0.0,0.0,0.0,0.0,0.0,0.011904761904761904,0.0,0.0,0.0,0.0,0.03333333333333333,0.0,0.0,0.016666666666666666,0.016666666666666666,0.0,0.0,0.0,0.33809523809523806,8.0
0.0,0.0,0.0,0.0,0.0,0.0,0.0,0.0,0.0,0.0,0.013888888888888888,0.0,0.0,0.010416666666666666,0.0,0.06349206349206349,0.0,0.0,0.013888888888888888,0.04662698412698413,0.0,0.0,0.03125,0.4037698412698412,9.0
0.0,0.0,0.0,0.0,0.0,0.0,0.0,0.0,0.0,0.0,0.0,0.0,0.0,0.0,0.0,0.023809523809523808,0.0,0.0,0.011904761904761904,0.02649769585253456,0.0,0.009632616487455196,0.019969278033794162,0.2415194572452637,10.0
0.0,0.0,0.009259259259259259,0.0,0.0,0.0,0.0,0.0,0.0,0.0,0.0,0.0,0.0,0.0,0.0,0.0,0.0,0.0,0.009259259259259259,0.0033333333333333335,0.0,0.0,0.01,0.46814814814814815,11.0
0.0,0.0,0.0,0.0,0.0,0.0,0.0,0.0,0.0,0.0,0.0,0.0,0.0,0.0,0.016666666666666666,0.024509803921568627,0.0,0.0,0.02321697909933204,0.03288084464555053,0.0,0.0,0.03141025641025641,0.45464878258995917,12.0
0.0,0.0,0.0,0.0,0.0,0.0,0.0,0.0,0.0,0.0,0.0,0.0,0.0,0.0,0.0,0.016025641025641028,0.0,0.0,0.0032051282051282055,0.009615384615384616,0.0,0.0,0.0032051282051282055,0.1346153846153846,13.0
