jsg,jgs,shs,sjs,sii,ssi,jos,sis,soo,sso,ssh,ces,ios,hss,ggs,sjj,ssj,ssg,ois,scs,sos,ess,oss,sgs,ssc,scc,gsg,sgg,css,jss,iss,gss,sss,TimeFactor
0.0,0.0,0.0,0.0,0.0,0.0,0.0,0.0,0.0,0.0,0.0,0.0,0.0,0.0,0.0,0.0,0.0,0.002777777777777778,0.004629629629629629,0.005208333333333333,0.005952380952380952,0.005952380952380952,0.005952380952380952,0.008333333333333333,0.013888888888888888,0.013888888888888888,0.020833333333333332,0.02361111111111111,0.023999183006535946,0.04072420634920635,0.1157426859632742,0.1199647914721444,0.5885406940553999,1.0
0.0,0.0,0.0,0.0,0.0,0.0,0.0,0.0,0.0,0.0,0.0,0.0,0.001984126984126984,0.002976190476190476,0.010416666666666666,0.041666666666666664,0.041666666666666664,0.0,0.0,0.0,0.001984126984126984,0.010416666666666666,0.014384920634920634,0.0375,0.0,0.0,0.0,0.0,0.00992063492063492,0.041666666666666664,0.08759920634920636,0.18214285714285716,0.43234126984126986,2.0
0.0,0.0,0.0,0.0,0.0,0.0,0.0,0.0,0.0,0.0,0.0026041666666666665,0.010416666666666666,0.0,0.0,0.0,0.0,0.0,0.0,0.0,0.0,0.0,0.013020833333333334,0.010416666666666666,0.02601010101010101,0.0,0.0,0.0,0.0,0.016666666666666666,0.013888888888888888,0.0768465909090909,0.19607007575757576,0.46739267676767676,3.0
0.0,0.0,0.0,0.0,0.0,0.0,0.005208333333333333,0.005208333333333333,0.010416666666666666,0.010416666666666666,0.0,0.0,0.0,0.020833333333333332,0.0,0.013888888888888888,0.013888888888888888,0.0,0.0,0.0,0.0,0.005208333333333333,0.0078125,0.003787878787878788,0.0,0.0,0.003787878787878788,0.0,0.016493055555555556,0.020833333333333332,0.08546401515151515,0.06983901515151515,0.540246212121212,4.0
0.0,0.0,0.0,0.0,0.006944444444444444,0.012896825396825398,0.0,0.005952380952380952,0.0,0.0,0.0,0.0,0.0,0.01984126984126984,0.0,0.0,0.0,0.005952380952380952,0.0,0.0,0.004629629629629629,0.0,0.004629629629629629,0.0,0.0,0.0,0.0,0.0,0.041666666666666664,0.004629629629629629,0.07407407407407407,0.18716931216931218,0.5482804232804233,5.0
0.0,0.0,0.0,0.004629629629629629,0.0,0.0,0.0,0.003787878787878788,0.0,0.0,0.0,0.0,0.0,0.0,0.0,0.0,0.0,0.0,0.0,0.0,0.0,0.0,0.004629629629629629,0.0,0.0,0.0,0.0,0.0,0.009259259259259259,0.004629629629629629,0.03745791245791246,0.16792929292929293,0.351010101010101,6.0
0.0,0.0,0.020833333333333332,0.0,0.0,0.0,0.0,0.0,0.0,0.0,0.0,0.0,0.0,0.041666666666666664,0.0,0.0,0.0,0.0,0.0,0.0,0.0,0.0,0.020833333333333332,0.0,0.0,0.0,0.0,0.0,0.020833333333333332,0.0,0.03472222222222222,0.08333333333333333,0.5277777777777778,7.0
0.0,0.0,0.0,0.0,0.0,0.0,0.0,0.0,0.0,0.0,0.0,0.0,0.0,0.0,0.0,0.0,0.0,0.0,0.0,0.0,0.0,0.0,0.0,0.020833333333333332,0.0,0.0,0.0,0.0,0.0,0.0,0.020833333333333332,0.125,0.16666666666666666,8.0
0.0,0.0,0.0,0.0,0.0,0.0,0.0,0.0,0.0,0.0,0.0,0.0,0.0,0.0,0.0,0.0,0.0,0.0,0.0,0.0,0.0,0.0,0.0,0.0,0.0,0.0,0.0,0.0,0.0,0.041666666666666664,0.041666666666666664,0.041666666666666664,0.20833333333333334,9.0
0.0,0.041666666666666664,0.0,0.0,0.0,0.0,0.0,0.0,0.0,0.0,0.0,0.0,0.0,0.013888888888888888,0.0,0.0,0.0,0.0,0.0,0.0,0.0,0.0,0.0,0.0,0.0,0.0,0.0,0.0,0.0,0.0,0.06944444444444443,0.0625,0.3125,10.0
0.0,0.0,0.0,0.041666666666666664,0.0,0.0,0.0,0.0,0.0,0.0,0.0,0.0,0.0,0.020833333333333332,0.0,0.0,0.0,0.0,0.0,0.0,0.0,0.0,0.0,0.0,0.0,0.0,0.0,0.0,0.0,0.041666666666666664,0.049999999999999996,0.022222222222222223,0.3236111111111111,11.0
0.0,0.0,0.0,0.0,0.0,0.0,0.0,0.0,0.0,0.0,0.0,0.0,0.0,0.0,0.0,0.0,0.0,0.0,0.0,0.020833333333333332,0.0,0.0,0.0,0.0,0.0,0.0,0.0,0.0,0.020833333333333332,0.0,0.041666666666666664,0.041666666666666664,0.2916666666666667,12.0
0.013888888888888888,0.020833333333333332,0.0,0.0,0.0,0.0,0.0,0.0,0.0,0.0,0.0,0.0,0.0,0.0,0.0,0.0,0.0,0.013888888888888888,0.0,0.0,0.0,0.0,0.020833333333333332,0.0,0.0,0.0,0.0,0.027777777777777776,0.041666666666666664,0.0,0.0,0.05555555555555555,0.47222222222222215,13.0
