gsi,jgs,ses,ges,ess,ssg,scs,cis,isi,sjs,jgi,jss,hss,oss,sjj,ssj,ssh,shh,ggi,isg,gis,ggs,sgs,igs,gsg,ssi,sis,sgg,css,jsi,sii,iss,gss,sss,TimeFactor
0.0,0.0,0.0,0.0,0.0,0.0,0.0,0.0,0.0,0.0,0.0,0.0,0.0,0.0,0.005208333333333333,0.005208333333333333,0.005208333333333333,0.005208333333333333,0.008333333333333333,0.008333333333333333,0.008333333333333333,0.008333333333333333,0.010416666666666666,0.014285714285714285,0.014285714285714285,0.014285714285714285,0.014285714285714285,0.022619047619047622,0.03125,0.041666666666666664,0.047619047619047616,0.048660714285714286,0.2257936507936508,0.4606646825396825,1.0
0.0,0.0,0.0,0.0,0.0,0.0,0.0,0.008333333333333333,0.008333333333333333,0.013888888888888888,0.013888888888888888,0.013888888888888888,0.015277777777777779,0.018055555555555557,0.0,0.0,0.0,0.0,0.0,0.0,0.013888888888888888,0.016666666666666666,0.015277777777777779,0.0,0.006944444444444444,0.006944444444444444,0.008333333333333333,0.0,0.010416666666666666,0.0,0.015277777777777779,0.08425925925925926,0.14953703703703705,0.4974537037037037,2.0
0.0,0.0,0.0,0.0,0.0,0.004166666666666667,0.004629629629629629,0.0,0.0,0.0,0.0,0.004166666666666667,0.004629629629629629,0.009259259259259259,0.0,0.0,0.008333333333333333,0.008333333333333333,0.0,0.004629629629629629,0.0,0.004166666666666667,0.009259259259259259,0.004166666666666667,0.0,0.0,0.013425925925925924,0.004166666666666667,0.05092592592592593,0.0,0.0,0.06759259259259259,0.14953703703703705,0.4819444444444445,3.0
0.0,0.005952380952380952,0.013888888888888888,0.013888888888888888,0.032407407407407406,0.004629629629629629,0.0,0.0,0.0,0.0,0.0,0.0,0.0,0.0,0.0,0.0,0.0,0.0,0.0,0.010416666666666666,0.0,0.0,0.03125,0.010416666666666666,0.0,0.0,0.020833333333333332,0.015046296296296295,0.041666666666666664,0.0,0.0,0.08796296296296297,0.16749338624338625,0.4608134920634921,4.0
0.0,0.03472222222222222,0.0,0.0,0.0,0.0,0.0,0.0,0.0,0.0,0.0,0.013888888888888888,0.0,0.0,0.0,0.0,0.0,0.0,0.0,0.0,0.0,0.0,0.006944444444444444,0.0,0.0,0.0,0.006944444444444444,0.0,0.03298611111111111,0.0,0.0,0.06423611111111112,0.10937500000000001,0.564236111111111,5.0
0.006944444444444444,0.0,0.0,0.0,0.010416666666666666,0.0,0.0,0.0,0.0,0.0,0.0,0.0625,0.010416666666666666,0.010416666666666666,0.0,0.0,0.0,0.0,0.0,0.0,0.0,0.0,0.0,0.0,0.0,0.0,0.0,0.0,0.010416666666666666,0.0,0.006944444444444444,0.041666666666666664,0.04861111111111111,0.625,6.0
0.0,0.0,0.0,0.0,0.0,0.0,0.0,0.0,0.0,0.0,0.0,0.027777777777777776,0.006944444444444444,0.0,0.0,0.0,0.0,0.0,0.0,0.006944444444444444,0.0,0.0,0.006944444444444444,0.0,0.0,0.0,0.006944444444444444,0.006944444444444444,0.010416666666666666,0.0,0.0,0.04861111111111111,0.052083333333333336,0.24305555555555555,7.0
0.0,0.0,0.0,0.0,0.0,0.0,0.0,0.0,0.0,0.0,0.0,0.0,0.0,0.0,0.0,0.0,0.0,0.0,0.0,0.0,0.0,0.0,0.0,0.0,0.0,0.0,0.006944444444444444,0.0,0.0,0.0,0.0,0.06388888888888888,0.07083333333333333,0.6083333333333333,8.0
0.0,0.041666666666666664,0.0,0.0,0.0,0.020833333333333332,0.0,0.0,0.0,0.0,0.0,0.0,0.041666666666666664,0.041666666666666664,0.0,0.0,0.0,0.0,0.0,0.0,0.0,0.0,0.0,0.0,0.0,0.0,0.0,0.020833333333333332,0.041666666666666664,0.0,0.0,0.016666666666666666,0.08750000000000001,0.2708333333333333,9.0
0.0,0.0,0.0,0.0,0.0,0.0,0.0,0.0,0.0,0.0,0.0,0.041666666666666664,0.0,0.0,0.0,0.0,0.0,0.0,0.0,0.0,0.0,0.0,0.0,0.0,0.0,0.0,0.0,0.0,0.0,0.0,0.0,0.049999999999999996,0.14166666666666666,0.35000000000000003,10.0
0.0,0.008333333333333333,0.0,0.0,0.0,0.0,0.0,0.0,0.0,0.0,0.0,0.05555555555555555,0.0,0.041666666666666664,0.0,0.0,0.0,0.0,0.0,0.0,0.0,0.0,0.0,0.0,0.0,0.0,0.010416666666666666,0.0,0.0,0.0,0.0,0.010416666666666666,0.03888888888888889,0.3347222222222222,11.0
0.0,0.0,0.0,0.0,0.0,0.0,0.0,0.0,0.0,0.0,0.0,0.0,0.0,0.0,0.0,0.0,0.0,0.0,0.0,0.0,0.0,0.0,0.020833333333333332,0.0,0.0,0.0,0.0,0.0,0.041666666666666664,0.0,0.0,0.0,0.020833333333333332,0.25,12.0
0.0,0.0,0.0,0.0,0.0,0.0,0.0,0.0,0.0,0.0,0.0,0.0,0.0,0.0,0.0,0.0,0.0,0.0,0.0,0.0,0.0,0.020833333333333332,0.020833333333333332,0.0,0.0,0.013888888888888888,0.0,0.0,0.0,0.0,0.013888888888888888,0.020833333333333332,0.10416666666666667,0.47222222222222215,13.0
