jis,ish,ssi,osc,egs,ois,sso,hsc,isg,jos,jsi,shs,jgs,gse,ijs,hgs,isi,sjs,ess,ssj,cgs,sis,sos,ggs,gsg,hss,sgs,oss,css,jss,iss,gss,sss,TimeFactor
0.0,0.0,0.0,0.0,0.0,0.0,0.0,0.0,0.0,0.0,0.0,0.0,0.0,0.0,0.0,0.0,0.0,0.001488095238095238,0.001488095238095238,0.0016339869281045752,0.001893939393939394,0.001893939393939394,0.0022522522522522522,0.0022522522522522522,0.004320276497695852,0.008610641226187444,0.013555337960099863,0.02933606937277371,0.042670207070895035,0.04824913637576633,0.09662744248480655,0.35979693679970676,0.38393139151539013,1.0
0.0,0.0,0.0,0.0,0.0,0.0,0.0,0.0,0.0,0.0,0.0,0.0,0.0,0.0,0.0,0.0021367521367521365,0.0032051282051282055,0.0,0.012723171889838555,0.0,0.0,0.0064197530864197536,0.0,0.0,0.0020325203252032522,0.022690777838299477,0.007173382173382173,0.029243757912784926,0.10587503646512303,0.09453028838748745,0.10837942749036374,0.22019584746440238,0.30206082329148154,2.0
0.0,0.0,0.0,0.0,0.0,0.0,0.0,0.0,0.0,0.0,0.0,0.0,0.0,0.0036231884057971015,0.005952380952380952,0.0,0.0,0.0,0.020625583566760038,0.0,0.0,0.0,0.0,0.0,0.0,0.021877692910301606,0.0033333333333333335,0.015160118101294572,0.060223233829371926,0.13998003186781957,0.174702300658183,0.16531295311985847,0.38920918325489934,3.0
0.0,0.0,0.0,0.0,0.0,0.0,0.0,0.0,0.0,0.0,0.003968253968253968,0.003968253968253968,0.006944444444444444,0.0,0.0,0.0,0.0,0.0,0.0033333333333333335,0.0,0.0,0.0,0.0,0.0,0.0,0.03678571428571428,0.0043859649122807015,0.030555555555555558,0.07170843776106933,0.09438805346700084,0.12901211361737674,0.128375104427736,0.40324143692564746,4.0
0.0,0.0,0.0,0.0,0.0,0.0,0.0,0.0,0.0,0.0,0.0,0.0026881720430107525,0.0,0.0,0.0,0.0,0.0,0.0,0.0,0.0,0.0,0.0,0.0,0.0,0.0,0.02484015345268542,0.005555555555555556,0.014101215521271623,0.07442827645317127,0.05962817630558535,0.08995690063465,0.11235123685597037,0.5331169798447665,5.0
0.0,0.0,0.0,0.0,0.0,0.0,0.0,0.0,0.0030864197530864196,0.0030864197530864196,0.0,0.0,0.0,0.0,0.0,0.0,0.0,0.0,0.006291547958214625,0.0,0.0,0.0,0.0,0.0,0.0,0.0043859649122807015,0.0,0.02542735042735043,0.07402292349851465,0.05632858080417196,0.06915845758332409,0.16903088189320073,0.5058481200834366,6.0
0.0,0.0,0.0,0.0,0.0,0.0,0.0043859649122807015,0.006410256410256411,0.0,0.0,0.0,0.0,0.0,0.0,0.0,0.0,0.0,0.0,0.0,0.0,0.0,0.012499999999999999,0.0,0.0,0.0,0.012152777777777776,0.0,0.030637491163806953,0.0421815027078185,0.09590535560930297,0.07389346764346764,0.21019307812070973,0.5117401056545793,7.0
0.0,0.0,0.0,0.0,0.0032051282051282055,0.0032051282051282055,0.0,0.0,0.0,0.0,0.0,0.0032051282051282055,0.0,0.0,0.0,0.0,0.0,0.0,0.007575757575757576,0.0,0.0,0.0,0.0,0.0,0.007575757575757576,0.016835016835016835,0.005555555555555556,0.03664021164021164,0.038828138092843974,0.046385327635327635,0.14755999719235013,0.10637078063548651,0.577058072646308,8.0
0.0,0.0,0.0,0.006944444444444444,0.0,0.0,0.0,0.0,0.0,0.0,0.0,0.0,0.004166666666666667,0.0,0.0,0.0,0.0,0.0,0.006944444444444444,0.0,0.0,0.0,0.0,0.006410256410256411,0.0,0.006944444444444444,0.008333333333333333,0.027777777777777776,0.03537851037851038,0.06457650536597905,0.11194680076259023,0.1489905318852687,0.5715862840862841,9.0
0.0,0.0,0.0,0.0,0.0,0.0,0.0,0.0,0.0,0.0,0.0,0.0,0.0,0.0,0.0,0.0,0.0,0.0,0.005952380952380952,0.0,0.0,0.005952380952380952,0.003787878787878788,0.0,0.0,0.02106227106227106,0.00974025974025974,0.027948358830711773,0.06789044289044288,0.055756743256743256,0.0579877638701168,0.14440681867152458,0.5995147009852893,10.0
0.0,0.0,0.0,0.0,0.0,0.0,0.0,0.0,0.0,0.0,0.0,0.0,0.006944444444444444,0.0,0.0,0.0,0.0,0.0,0.004901960784313725,0.0,0.0,0.0,0.0,0.0,0.0,0.013354700854700854,0.006410256410256411,0.027165032679738563,0.056451106083459025,0.05962925400045075,0.10541746539464593,0.1066850436018793,0.613040735746111,11.0
0.0,0.0,0.0025252525252525255,0.0,0.0,0.0,0.0,0.0,0.0,0.0,0.0,0.0,0.004901960784313725,0.0,0.0,0.0,0.0,0.0,0.0,0.0,0.0,0.0,0.005208333333333333,0.0,0.0,0.03149801587301587,0.0,0.009259259259259259,0.06299603174603174,0.08318655745126333,0.057563997821350764,0.1060977421271539,0.6367628490790256,12.0
0.003968253968253968,0.009259259259259259,0.0,0.0,0.0,0.0,0.0,0.0,0.0,0.0,0.0,0.0,0.010416666666666666,0.0,0.0,0.0,0.0,0.0,0.0036231884057971015,0.0,0.0,0.0,0.0,0.011904761904761904,0.0,0.016666666666666666,0.016850701633310327,0.009259259259259259,0.02670011148272018,0.06644370122630991,0.036733556298773694,0.15876676664720143,0.6294071065810197,13.0
