je,es,cc,so,jj,sj,og,ij,jg,cg,sc,gi,oi,ci,gg,ii,si,hs,js,sg,cs,os,ig,is,gs,ss,TimeFactor
0.0,0.0,0.0,0.0,0.0,0.0,0.0,0.0,0.0,0.0,0.0,0.001736111111111111,0.001736111111111111,0.001736111111111111,0.001736111111111111,0.005208333333333333,0.006944444444444444,0.008680555555555554,0.008680555555555554,0.01120580808080808,0.011994949494949494,0.013731060606060606,0.013888888888888888,0.06595117845117844,0.10583964646464644,0.7409301346801348,1.0
0.0,0.0,0.0,0.0,0.0,0.0,0.001984126984126984,0.003968253968253968,0.004629629629629629,0.005952380952380952,0.005952380952380952,0.0,0.0,0.0,0.007936507936507936,0.0,0.0,0.001984126984126984,0.003968253968253968,0.010582010582010581,0.03399470899470899,0.005952380952380952,0.0,0.09212962962962962,0.10833333333333332,0.712632275132275,2.0
0.0,0.0,0.0030864197530864196,0.0030864197530864196,0.006944444444444444,0.006944444444444444,0.0,0.0,0.0,0.0,0.004822530864197531,0.0,0.0,0.003968253968253968,0.0,0.0,0.008680555555555554,0.029513888888888885,0.0,0.003968253968253968,0.016617063492063492,0.02896274250440917,0.0,0.03505291005291005,0.13368055555555555,0.6313381834215167,3.0
0.0,0.0,0.0,0.009259259259259259,0.0,0.013227513227513227,0.0,0.0,0.013888888888888888,0.0,0.0,0.0,0.0,0.0,0.0,0.004629629629629629,0.009259259259259259,0.009259259259259259,0.02017195767195767,0.004629629629629629,0.03505291005291005,0.013888888888888888,0.0,0.06481481481481483,0.09126984126984126,0.6273148148148148,4.0
0.0,0.0,0.0,0.0,0.013888888888888888,0.0,0.0,0.0,0.03472222222222222,0.0,0.0,0.0,0.0,0.0,0.0,0.0,0.0,0.0,0.013888888888888888,0.0,0.04050925925925925,0.0,0.0,0.052083333333333336,0.04861111111111111,0.6296296296296297,5.0
0.0,0.018518518518518517,0.0,0.0,0.0,0.0,0.0,0.0,0.02314814814814815,0.0,0.013888888888888888,0.0,0.0,0.0,0.0,0.0,0.0,0.0,0.009259259259259259,0.0,0.02314814814814815,0.0,0.0,0.009259259259259259,0.1111111111111111,0.4583333333333333,6.0
0.0,0.0,0.0,0.0,0.0,0.0,0.0,0.0,0.0,0.0,0.0,0.0,0.0,0.0,0.0,0.0,0.0,0.0,0.0,0.0,0.027777777777777776,0.0,0.0,0.027777777777777776,0.0,0.19444444444444445,7.0
0.0,0.0,0.0,0.0,0.0,0.0,0.0,0.0,0.0,0.0,0.0,0.0,0.0,0.0,0.006944444444444444,0.0,0.006944444444444444,0.006944444444444444,0.0,0.0,0.027777777777777776,0.0,0.0,0.048611111111111105,0.04861111111111111,0.2708333333333333,8.0
0.013888888888888888,0.027777777777777776,0.0,0.0,0.0,0.027777777777777776,0.0,0.0,0.0,0.0,0.0,0.0,0.0,0.0,0.013888888888888888,0.0,0.0,0.0,0.06944444444444443,0.027777777777777776,0.027777777777777776,0.0,0.0,0.013888888888888888,0.041666666666666664,0.3194444444444444,9.0
0.0,0.0,0.0,0.0,0.0,0.0,0.0,0.0,0.0,0.0,0.0,0.0,0.0,0.0,0.0,0.0,0.0,0.0,0.0,0.0,0.0,0.0,0.0,0.0,0.0,0.08333333333333333,10.0
0.0,0.0,0.0,0.0,0.0,0.0,0.0,0.0,0.0,0.0,0.0,0.0,0.0,0.0,0.0,0.0,0.0,0.005555555555555556,0.0,0.0,0.0,0.005555555555555556,0.0,0.03333333333333333,0.005555555555555556,0.19999999999999998,11.0
0.0,0.0,0.0,0.0,0.0,0.0,0.0,0.0,0.0,0.0,0.0,0.0,0.0,0.0,0.0,0.0,0.0,0.0,0.0,0.0,0.0,0.009259259259259259,0.0,0.02314814814814815,0.041666666666666664,0.17592592592592593,12.0
0.0,0.0,0.0,0.0,0.0,0.0,0.0,0.0,0.0,0.0,0.0,0.0,0.0,0.0,0.009259259259259259,0.0,0.0,0.0,0.016203703703703703,0.009259259259259259,0.043981481481481476,0.0,0.0,0.009259259259259259,0.041666666666666664,0.4537037037037037,13.0
