ssi,cgs,ggg,sgg,ess,jsg,ggs,ssg,jgs,shs,hss,oss,jss,csi,sis,sgs,css,iss,gss,sss,TimeFactor
0.0,0.0,0.0,0.0,0.0,0.0,0.0,0.0,0.0,0.0,0.0,0.0,0.0,0.003472222222222222,0.003472222222222222,0.006944444444444444,0.009259259259259259,0.02794312169312169,0.10929232804232804,0.6729497354497355,1.0
0.0,0.0,0.0,0.0,0.0,0.0,0.0,0.0,0.0,0.006944444444444444,0.006944444444444444,0.006944444444444444,0.02182539682539682,0.0,0.0,0.0,0.014880952380952378,0.0373015873015873,0.1080026455026455,0.7138227513227514,2.0
0.0,0.0,0.0,0.0,0.0,0.0,0.0,0.0,0.007440476190476189,0.0,0.001851851851851852,0.005555555555555556,0.04845679012345679,0.0,0.0,0.0,0.001851851851851852,0.04544753086419753,0.10642636684303348,0.7829695767195767,3.0
0.0,0.0,0.0,0.0,0.0,0.0,0.0013227513227513227,0.002777777777777778,0.0,0.0,0.002777777777777778,0.0062499999999999995,0.0158179012345679,0.0,0.0,0.002777777777777778,0.009259259259259259,0.024713403880070543,0.07056878306878307,0.8637345679012345,4.0
0.0,0.0,0.0,0.0,0.002777777777777778,0.002777777777777778,0.0,0.0,0.0,0.0,0.0,0.0,0.002777777777777778,0.0,0.0,0.002777777777777778,0.008080808080808079,0.01893939393939394,0.07845117845117844,0.7167508417508418,5.0
0.0,0.0,0.0,0.0,0.013888888888888888,0.013888888888888888,0.0,0.0,0.0,0.0,0.0,0.0,0.009259259259259259,0.0,0.0,0.019444444444444445,0.009259259259259259,0.018518518518518517,0.03217592592592593,0.5502314814814815,6.0
0.0,0.0,0.009259259259259259,0.009259259259259259,0.0,0.009259259259259259,0.0,0.0,0.0,0.0,0.0,0.0030864197530864196,0.006944444444444444,0.0,0.0,0.01736111111111111,0.0,0.009259259259259259,0.03742283950617284,0.48148148148148145,7.0
0.0,0.0,0.0,0.0,0.0,0.0,0.0,0.0,0.0,0.0,0.0,0.0,0.006558641975308641,0.0,0.0,0.003472222222222222,0.003472222222222222,0.013888888888888888,0.05069444444444444,0.6719135802469136,8.0
0.0,0.0,0.0,0.0,0.0,0.0,0.0,0.0,0.0,0.0,0.0,0.0,0.03472222222222222,0.0,0.0,0.0030864197530864196,0.006172839506172839,0.010416666666666666,0.037808641975308636,0.6577932098765432,9.0
0.0,0.006944444444444444,0.0,0.0030864197530864196,0.006944444444444444,0.0,0.0030864197530864196,0.0,0.0,0.0,0.0,0.0,0.023148148148148143,0.0,0.006944444444444444,0.0,0.012345679012345678,0.023148148148148143,0.02546296296296296,0.638888888888889,10.0
0.0,0.0,0.0,0.0,0.0,0.0,0.0,0.004629629629629629,0.0,0.0,0.0,0.0,0.0,0.0,0.0,0.01273148148148148,0.0,0.004629629629629629,0.05069444444444444,0.6773148148148148,11.0
0.0,0.0,0.0,0.004629629629629629,0.0,0.0,0.006944444444444444,0.013888888888888888,0.0,0.0,0.0,0.0,0.006944444444444444,0.0,0.0,0.009259259259259259,0.0,0.013888888888888888,0.037037037037037035,0.6574074074074074,12.0
0.002777777777777778,0.0,0.0,0.0,0.0,0.0,0.0,0.0,0.0,0.0,0.0,0.0,0.0,0.0,0.002777777777777778,0.0030864197530864196,0.0,0.02407407407407407,0.05864197530864198,0.4919753086419753,13.0
