ocs,jsg,hsh,gis,jgs,his,sos,gig,iis,igs,shs,osh,jss,osi,ggs,csh,shh,ssi,gsi,isg,scs,ssg,oss,sii,gsg,sgs,sgg,sis,hss,css,iss,gss,sss,TimeFactor
0.0,0.0,0.0,0.0,0.0,0.0,0.0,0.0,0.0,0.0,0.0,0.0,0.0,0.0,0.0018115942028985507,0.0026041666666666665,0.0026041666666666665,0.004415760869565217,0.005434782608695652,0.005978260869565218,0.006944444444444444,0.006944444444444444,0.008333333333333333,0.00985054347826087,0.011387163561076602,0.011387163561076602,0.011413043478260868,0.014832427536231882,0.039957513802622496,0.040700483091787434,0.11793586093857833,0.17825655624568668,0.5192082902001379,1.0
0.0,0.0,0.0,0.0,0.0,0.0,0.0,0.0024509803921568627,0.0024509803921568627,0.0024509803921568627,0.003472222222222222,0.003472222222222222,0.005952380952380952,0.008333333333333333,0.0,0.0,0.0,0.003472222222222222,0.0,0.0024509803921568627,0.0,0.008333333333333333,0.020208916900093372,0.003472222222222222,0.010854341736694676,0.01680672268907563,0.01568627450980392,0.029166666666666664,0.009424603174603174,0.02926587301587302,0.15557889822595705,0.13901143790849674,0.44435107376283844,2.0
0.0,0.0,0.0,0.0,0.0,0.003787878787878788,0.004629629629629629,0.0,0.0,0.004629629629629629,0.0,0.0,0.0,0.0,0.0,0.0,0.0,0.0,0.0,0.0,0.025462962962962965,0.004629629629629629,0.008417508417508417,0.0,0.0,0.003787878787878788,0.0,0.004629629629629629,0.02840909090909091,0.06481481481481481,0.16708754208754206,0.101010101010101,0.412037037037037,3.0
0.0,0.0,0.0,0.005952380952380952,0.041666666666666664,0.0,0.0,0.0,0.0,0.0,0.0,0.0,0.05357142857142857,0.0,0.0,0.0,0.0,0.0,0.020833333333333332,0.005952380952380952,0.0,0.006944444444444444,0.0,0.0,0.0,0.005952380952380952,0.0,0.020833333333333332,0.0,0.0,0.031746031746031744,0.11011904761904762,0.19642857142857142,4.0
0.0,0.0,0.005208333333333333,0.0,0.0,0.0,0.0,0.0,0.005208333333333333,0.0,0.0,0.0,0.005208333333333333,0.0,0.0,0.0,0.005208333333333333,0.005208333333333333,0.0,0.0,0.0,0.0,0.0,0.005208333333333333,0.0,0.010416666666666666,0.0,0.0,0.0,0.0,0.09270833333333334,0.09166666666666667,0.19062500000000002,5.0
0.0,0.020833333333333332,0.0,0.0,0.0,0.0,0.0,0.0,0.0,0.0,0.0,0.0,0.005952380952380952,0.0,0.0,0.0,0.0,0.0,0.005952380952380952,0.0,0.0,0.0,0.0625,0.0,0.0,0.0,0.020833333333333332,0.005952380952380952,0.026785714285714284,0.0,0.15178571428571427,0.10119047619047618,0.34821428571428575,6.0
0.0,0.0,0.0,0.0,0.013888888888888888,0.0,0.0,0.0,0.0,0.0,0.0,0.0,0.0,0.0,0.0,0.0,0.0,0.0,0.0,0.0,0.0,0.0,0.0,0.0,0.0,0.041666666666666664,0.0,0.0,0.041666666666666664,0.08333333333333333,0.09722222222222222,0.09722222222222222,0.2916666666666667,7.0
0.0,0.0,0.0,0.0,0.0,0.0,0.0,0.0,0.0,0.0,0.0,0.0,0.0,0.0,0.0,0.0,0.0,0.0,0.0,0.0,0.0,0.0,0.0,0.0,0.0,0.0,0.0,0.0,0.020833333333333332,0.020833333333333332,0.0,0.041666666666666664,0.08333333333333333,8.0
0.0,0.0,0.0,0.0,0.0,0.0,0.0,0.0,0.0,0.0,0.0,0.0,0.0,0.0,0.0,0.0,0.0,0.0,0.0,0.0,0.0,0.0,0.0,0.0,0.0,0.0,0.0,0.0,0.0,0.0,0.041666666666666664,0.041666666666666664,0.16666666666666666,9.0
0.013888888888888888,0.0,0.0,0.0,0.0,0.0,0.0,0.0,0.0,0.0,0.0,0.0,0.0,0.0,0.0,0.0,0.0,0.0,0.0,0.0,0.0,0.0,0.0,0.0,0.0,0.0,0.0,0.0,0.013888888888888888,0.013888888888888888,0.08333333333333333,0.041666666666666664,0.24999999999999997,10.0
0.0,0.0,0.0,0.0,0.0,0.0,0.0,0.0,0.0,0.0,0.0,0.0,0.0,0.0,0.0,0.0,0.0,0.0,0.0,0.0,0.0,0.013888888888888888,0.0,0.0,0.0,0.0,0.013888888888888888,0.0,0.041666666666666664,0.0,0.16666666666666666,0.013888888888888888,0.25,11.0
0.0,0.0,0.0,0.0,0.0,0.0,0.0,0.0,0.0,0.0,0.0,0.0,0.020833333333333332,0.0,0.0,0.0,0.0,0.0,0.0,0.0,0.0,0.0,0.041666666666666664,0.0,0.0,0.0,0.0,0.0,0.041666666666666664,0.020833333333333332,0.0625,0.0,0.22916666666666666,12.0
0.0,0.0,0.0,0.0,0.0,0.0,0.0,0.0,0.0,0.0,0.0,0.0,0.0,0.0,0.0,0.0,0.0,0.0,0.0,0.0,0.0,0.0,0.013888888888888888,0.0,0.0,0.0,0.0,0.0,0.013888888888888888,0.013888888888888888,0.0,0.027777777777777776,0.34722222222222215,13.0
