gii,ggg,esg,gis,sgi,jsg,chs,ess,scs,gig,jss,isg,isi,sis,ggs,scg,csc,cgg,csg,ssi,oss,gsi,igs,sgg,cis,hss,sii,ssg,gsg,sgs,iss,css,gss,sss,TimeFactor
0.0,0.0,0.0,0.0,0.0,0.0,0.0,0.0,0.0,0.0,0.0,0.0,0.0,0.0,0.0023148148148148147,0.003472222222222222,0.003472222222222222,0.003472222222222222,0.004629629629629629,0.004629629629629629,0.004629629629629629,0.005555555555555556,0.005555555555555556,0.005787037037037038,0.006283068783068783,0.008597883597883597,0.010185185185185184,0.010416666666666666,0.011574074074074075,0.03009259259259259,0.04497354497354497,0.0630952380952381,0.08971560846560846,0.5148809523809523,1.0
0.0,0.0,0.0,0.0,0.0,0.0,0.0,0.0,0.001984126984126984,0.003472222222222222,0.003472222222222222,0.004629629629629629,0.0047619047619047615,0.011375661375661374,0.004629629629629629,0.0,0.0,0.0,0.0,0.002777777777777778,0.013888888888888888,0.0,0.005456349206349205,0.008101851851851851,0.0,0.015509259259259257,0.002777777777777778,0.003472222222222222,0.0,0.0,0.10654761904761904,0.03409391534391534,0.08032407407407406,0.6927248677248676,2.0
0.0,0.0,0.0,0.0,0.0,0.0,0.0021367521367521365,0.004273504273504273,0.0,0.0,0.013888888888888888,0.0,0.0,0.0,0.003968253968253968,0.0,0.0,0.0,0.0,0.0,0.0025252525252525255,0.0,0.0,0.0,0.0,0.004662004662004662,0.0,0.0,0.0,0.0021367521367521365,0.04440929440929441,0.01581751581751582,0.051989676989676985,0.770858770858771,3.0
0.0,0.0,0.0,0.0,0.0,0.0,0.0,0.0,0.0,0.0,0.003472222222222222,0.0,0.0,0.0,0.0,0.0,0.0,0.0,0.0,0.0,0.0,0.0,0.0,0.002777777777777778,0.0,0.0,0.0,0.002777777777777778,0.0,0.0,0.019444444444444445,0.06666666666666667,0.061111111111111116,0.6770833333333334,4.0
0.0,0.0,0.0,0.0,0.0,0.0,0.0,0.004629629629629629,0.0,0.0,0.0,0.0,0.0,0.0,0.0,0.0,0.0,0.0,0.0,0.0,0.012566137566137565,0.0,0.0,0.0,0.0,0.0,0.0,0.0,0.0,0.0,0.018518518518518517,0.04027777777777777,0.012499999999999999,0.5781746031746032,5.0
0.0,0.0,0.0,0.0,0.0,0.0,0.0,0.0,0.0,0.0,0.013888888888888888,0.0,0.0,0.0,0.0,0.0,0.0,0.0,0.0,0.0,0.013888888888888888,0.0,0.0,0.0,0.0,0.0,0.0,0.0,0.0,0.0,0.005555555555555556,0.005555555555555556,0.014814814814814814,0.5296296296296296,6.0
0.0,0.0,0.0,0.0,0.0,0.0,0.0,0.013888888888888888,0.0,0.0,0.0,0.0,0.0,0.0,0.0,0.0,0.0,0.0,0.0,0.0,0.0,0.0,0.0,0.013888888888888888,0.0,0.027777777777777776,0.0,0.013888888888888888,0.0,0.0,0.0,0.027777777777777776,0.041666666666666664,0.4444444444444444,7.0
0.0,0.0,0.0,0.0,0.0,0.006944444444444444,0.0,0.013888888888888888,0.0,0.0,0.006944444444444444,0.0,0.0,0.0,0.0,0.0,0.0,0.0,0.0,0.0,0.027777777777777776,0.0,0.0,0.0,0.0,0.02314814814814815,0.0,0.0,0.0,0.006944444444444444,0.0,0.03472222222222222,0.0462962962962963,0.4166666666666667,8.0
0.0,0.0,0.0,0.0,0.0,0.0,0.0,0.0,0.0,0.0,0.013888888888888888,0.0,0.0,0.0,0.0,0.0,0.0,0.0,0.0,0.0,0.0,0.0,0.0,0.0,0.0,0.0,0.0,0.0,0.0,0.0,0.027777777777777776,0.009259259259259259,0.037037037037037035,0.5787037037037037,9.0
0.0,0.0,0.027777777777777776,0.027777777777777776,0.027777777777777776,0.0,0.0,0.0,0.0,0.0,0.0,0.0,0.0,0.006944444444444444,0.0,0.0,0.0,0.0,0.0,0.006944444444444444,0.013888888888888888,0.0,0.0,0.0,0.0,0.0,0.0,0.0,0.0,0.027777777777777776,0.006944444444444444,0.0,0.059523809523809514,0.29464285714285715,10.0
0.0,0.0,0.0,0.0,0.0,0.0,0.0,0.020833333333333332,0.0,0.0,0.0,0.0,0.0,0.0,0.0,0.0,0.0,0.0,0.0,0.0,0.053240740740740734,0.0,0.0,0.006944444444444444,0.0,0.0,0.0,0.006944444444444444,0.0,0.0,0.013888888888888888,0.0,0.03472222222222222,0.5300925925925926,11.0
0.0,0.027777777777777776,0.0,0.0,0.0,0.0,0.0,0.0,0.0,0.0,0.0,0.027777777777777776,0.0,0.0,0.0,0.0,0.0,0.0,0.0,0.0,0.027777777777777776,0.0,0.0,0.027777777777777776,0.0,0.0,0.0,0.0,0.0,0.005555555555555556,0.027777777777777776,0.0,0.03888888888888889,0.5666666666666668,12.0
0.027777777777777776,0.0,0.0,0.0,0.027777777777777776,0.0,0.0,0.013888888888888888,0.0,0.0,0.0,0.0,0.0,0.005555555555555556,0.0,0.0,0.0,0.0,0.0,0.005555555555555556,0.03472222222222222,0.0,0.0,0.0,0.0,0.0,0.0,0.03333333333333333,0.0,0.005555555555555556,0.03333333333333333,0.005555555555555556,0.04722222222222222,0.5930555555555556,13.0
