ic,os,si,js,gs,sh,cs,sg,is,hh,gg,ss,TimeFactor
0.0,0.0,0.0,0.0,0.0,0.016666666666666666,0.016666666666666666,0.016666666666666666,0.016666666666666666,0.03333333333333333,0.03333333333333333,0.20000000000000004,1.0
0.0,0.0,0.0032051282051282055,0.010416666666666666,0.03091168091168091,0.0,0.0,0.024501424501424496,0.035541310541310545,0.0,0.009259259259259259,0.38616452991452993,2.0
0.0032051282051282055,0.013888888888888888,0.0,0.0,0.017551892551892552,0.0,0.0032051282051282055,0.0,0.016666666666666666,0.0,0.0,0.36214896214896214,3.0
0.0,0.0,0.0,0.013888888888888888,0.035515873015873015,0.006944444444444444,0.0,0.0,0.0,0.013888888888888888,0.0,0.2630952380952381,4.0
0.0,0.0,0.016666666666666666,0.003787878787878788,0.003787878787878788,0.0,0.0,0.0,0.037121212121212124,0.0,0.0,0.3553030303030303,5.0
0.0,0.0,0.0,0.013888888888888888,0.016666666666666666,0.0,0.0,0.0,0.0,0.0,0.0,0.38611111111111107,6.0
0.0,0.0,0.0,0.005208333333333333,0.005208333333333333,0.0,0.0,0.0,0.0,0.0,0.0,0.23958333333333334,7.0
0.0,0.0,0.0,0.010416666666666666,0.006944444444444444,0.0,0.0,0.0,0.0,0.0,0.0,0.4826388888888889,8.0
0.0,0.0,0.0,0.0,0.02543859649122807,0.0,0.0,0.0043859649122807015,0.0,0.0,0.0,0.3868421052631579,9.0
0.0,0.0,0.0,0.0,0.016666666666666666,0.0,0.0,0.0,0.0,0.0,0.0,0.2333333333333333,10.0
0.0,0.0,0.0,0.0,0.024242424242424242,0.0,0.0,0.0,0.0,0.0,0.0,0.3090909090909091,11.0
0.0,0.0,0.0,0.013888888888888888,0.006410256410256411,0.0,0.0,0.0,0.0,0.0,0.0,0.4797008547008547,12.0
0.0,0.0,0.0,0.01984126984126984,0.007575757575757576,0.0,0.0,0.0,0.0,0.0,0.0,0.305916305916306,13.0
