ii,og,jo,jh,hi,hc,se,ci,ij,gc,jc,eg,ji,oi,ge,ic,hg,cg,ig,jj,sc,so,jg,sh,es,sj,gi,js,gg,si,os,sg,cs,hs,is,ss,gs,TimeFactor
0.0,0.0,0.0,0.0,0.0,0.0,0.0,0.0,0.0,0.0,0.0,0.0,0.0,0.0,0.0,0.0,0.0,0.0009578544061302681,0.0009578544061302681,0.0010548523206751054,0.0010548523206751054,0.001736111111111111,0.0019157088122605363,0.0021929824561403508,0.0023504273504273503,0.0029202279202279204,0.0041629826112584735,0.004460131991777561,0.009202677142441438,0.012120979176275646,0.0194595831183232,0.025700715029093813,0.03104802511500096,0.03274399300578795,0.18300657985179192,0.20461363619142137,0.4583398256630497,1.0
0.0,0.0,0.0,0.0,0.0,0.0,0.0,0.0,0.0,0.0,0.0,0.0009689922480620155,0.0010683760683760683,0.0024509803921568627,0.002777777777777778,0.002777777777777778,0.002777777777777778,0.0,0.005082878817488941,0.0,0.003475033738191633,0.002391127391127391,0.001984126984126984,0.001984126984126984,0.008060495516035873,0.003431372549019608,0.006767005604214907,0.011852417734770674,0.010706884441494565,0.023108933943047274,0.019594294594294594,0.020876230858951,0.05014160600667908,0.061816982000940525,0.22582324379034005,0.15167293156493242,0.37840862543828924,2.0
0.0,0.0,0.0,0.0,0.0,0.0,0.0,0.0,0.0,0.0013020833333333333,0.0026041666666666665,0.0,0.001388888888888889,0.0,0.0,0.0,0.0,0.0,0.0,0.0,0.003616898148148148,0.005853174603174603,0.0,0.0,0.004507211538461539,0.004633204633204633,0.004501028806584362,0.011667538428451127,0.002564709595959596,0.026313349502833632,0.032880497922660616,0.03099635755885756,0.04029705032929239,0.08002110840652508,0.25529231392326635,0.1278193495207384,0.3637410681929531,3.0
0.0,0.0,0.0,0.0,0.0,0.0,0.0,0.0,0.0,0.0,0.0,0.0,0.0022522522522522522,0.0,0.0,0.0,0.0,0.0,0.0,0.004147376543209877,0.0020833333333333333,0.0,0.0020833333333333333,0.006176414509747843,0.015436624064341457,0.0015432098765432098,0.0,0.0192584906035993,0.0022522522522522522,0.024074625220458556,0.029208214624881296,0.10697035101473508,0.041534391534391535,0.05608916379749713,0.2178778924249939,0.14820159031662652,0.3208104842978031,4.0
0.0,0.0,0.0,0.0,0.0,0.0,0.002976190476190476,0.0032051282051282055,0.003472222222222222,0.0,0.0030864197530864196,0.0,0.0,0.002976190476190476,0.0,0.0,0.0,0.0,0.0030864197530864196,0.0032051282051282055,0.0,0.0,0.0032051282051282055,0.0,0.007318501170960188,0.002976190476190476,0.0,0.017230262021928688,0.04545454545454545,0.0032051282051282055,0.017207348662266694,0.014814872311457011,0.02636812438725007,0.14032441260924866,0.3330694553372148,0.1145999536539154,0.25221837841373357,5.0
0.0,0.0,0.0,0.0,0.003787878787878788,0.008791208791208791,0.0,0.0,0.0,0.0,0.0023809523809523807,0.0,0.0,0.0,0.0,0.0,0.0023809523809523807,0.0,0.0,0.0,0.0023809523809523807,0.0,0.017773892773892772,0.0,0.05833333333333333,0.0,0.0,0.016153846153846154,0.0,0.006168831168831168,0.02531746031746032,0.039880952380952385,0.03408702408702408,0.04631257631257631,0.25355588855588856,0.24381673881673882,0.15554417804417806,6.0
0.0,0.0,0.0,0.0,0.0,0.0,0.0,0.0,0.0,0.0,0.0,0.0,0.0,0.0,0.0,0.0,0.0,0.0,0.0,0.0,0.0,0.0,0.05005175983436853,0.0,0.0,0.0,0.0,0.011904761904761904,0.0,0.0036231884057971015,0.02386128364389234,0.003968253968253968,0.05456780538302277,0.035766045548654236,0.35423999309868875,0.22450828157349897,0.2375086266390614,7.0
0.0,0.0,0.0,0.011904761904761904,0.0,0.0,0.013888888888888888,0.0,0.0,0.0,0.0,0.0,0.0,0.0,0.0,0.0,0.0,0.0,0.009259259259259259,0.0,0.0,0.009259259259259259,0.010416666666666666,0.0,0.05092592592592593,0.0,0.0,0.021164021164021163,0.0,0.011904761904761904,0.010416666666666666,0.009259259259259259,0.14732142857142858,0.07208994708994709,0.17923280423280422,0.15244708994708997,0.29050925925925924,8.0
0.0,0.0,0.027777777777777776,0.0,0.0,0.0,0.0,0.0,0.0,0.0,0.0,0.0,0.0,0.0,0.0,0.0,0.003968253968253968,0.0,0.0,0.0,0.0,0.0,0.027777777777777776,0.0,0.0,0.0,0.0,0.020833333333333332,0.0,0.009259259259259259,0.041666666666666664,0.008333333333333333,0.033713624338624334,0.01736111111111111,0.27144510582010584,0.22174272486772484,0.31612103174603173,9.0
0.0,0.008333333333333333,0.0,0.0,0.0,0.0,0.0,0.006944444444444444,0.0,0.0,0.0,0.0,0.0,0.0,0.0,0.0,0.0,0.0,0.0,0.0,0.0,0.0026041666666666665,0.006944444444444444,0.008333333333333333,0.0,0.02857142857142857,0.0,0.01450892857142857,0.0,0.013020833333333334,0.030555555555555558,0.07103174603174603,0.026041666666666668,0.04010416666666667,0.1450644841269841,0.16527777777777777,0.26599702380952384,10.0
0.0023148148148148147,0.0,0.0,0.0,0.0,0.0,0.0,0.0,0.0,0.0,0.0,0.0,0.0,0.0,0.0,0.0,0.0,0.0,0.0,0.0,0.0,0.0,0.006944444444444444,0.0,0.0,0.0,0.0,0.0,0.027777777777777776,0.0,0.07569444444444444,0.0625,0.038657407407407404,0.06412037037037037,0.16550925925925924,0.19444444444444445,0.27870370370370373,11.0
0.0,0.0,0.0,0.0,0.0,0.0,0.0,0.0,0.0,0.0,0.0,0.0,0.0,0.0,0.0,0.016666666666666666,0.0,0.0,0.0,0.0,0.0,0.0,0.013888888888888888,0.0,0.03472222222222222,0.027777777777777776,0.0,0.0,0.016666666666666666,0.041666666666666664,0.01875,0.015277777777777779,0.05833333333333333,0.04722222222222222,0.08541666666666665,0.14305555555555557,0.23055555555555554,12.0
0.0,0.0,0.0,0.0,0.0,0.0,0.0,0.0,0.0,0.0,0.0,0.0,0.0,0.0,0.0,0.0,0.0,0.011904761904761904,0.0,0.0,0.0,0.0,0.01948051948051948,0.0,0.0,0.010416666666666666,0.0,0.0,0.0,0.016666666666666666,0.0,0.024688852813852812,0.01948051948051948,0.030776515151515152,0.20342261904761905,0.14341179653679653,0.35308441558441556,13.0
