jgs,hcs,shc,jss,ess,sis,ssi,isg,ssc,scs,sgg,csi,iii,ssg,sii,hss,sgs,cis,igs,oss,css,gss,iss,sss,TimeFactor
0.0,0.0,0.0,0.0,0.0,0.0,0.0,0.0,0.0,0.0,0.0,0.0,0.0,0.0,0.0,0.0,0.003472222222222222,0.003968253968253968,0.003968253968253968,0.005555555555555556,0.01736111111111111,0.04365079365079364,0.0583664021164021,0.6969907407407407,1.0
0.0,0.0,0.0,0.0,0.0,0.0,0.0,0.0,0.0,0.0,0.002777777777777778,0.002777777777777778,0.002777777777777778,0.002777777777777778,0.002777777777777778,0.012037037037037035,0.0,0.0,0.0,0.006944444444444444,0.018981481481481478,0.049999999999999996,0.03472222222222222,0.6967592592592592,2.0
0.0,0.0,0.0,0.0,0.0,0.0,0.0,0.0,0.004629629629629629,0.004629629629629629,0.0,0.0,0.0,0.0,0.0,0.009259259259259259,0.006944444444444444,0.0,0.0,0.02314814814814815,0.018518518518518517,0.07496438746438745,0.0,0.607905982905983,3.0
0.0,0.0,0.0,0.0,0.0,0.0,0.0,0.009259259259259259,0.0,0.0,0.0,0.0,0.0,0.0,0.0,0.027777777777777776,0.009259259259259259,0.0,0.0,0.013888888888888888,0.027777777777777776,0.08101851851851852,0.032407407407407406,0.7152777777777777,4.0
0.0,0.0,0.0,0.0,0.0,0.004629629629629629,0.004629629629629629,0.0,0.0,0.0,0.0,0.0,0.0,0.0,0.0,0.013888888888888888,0.0,0.0,0.0,0.0,0.0,0.043981481481481476,0.032407407407407406,0.7337962962962963,5.0
0.0,0.0,0.0,0.0,0.006944444444444444,0.0,0.0,0.0,0.0,0.0,0.0,0.0,0.0,0.0,0.0,0.0,0.0,0.0,0.0,0.0,0.041666666666666664,0.08333333333333333,0.037037037037037035,0.6643518518518517,6.0
0.0,0.0,0.0,0.0,0.004629629629629629,0.0,0.0,0.0,0.0,0.0,0.0,0.0,0.0,0.0,0.0,0.0,0.0,0.0,0.0,0.005555555555555556,0.03472222222222222,0.04351851851851852,0.04583333333333333,0.6157407407407407,7.0
0.0,0.0,0.0,0.013888888888888888,0.004629629629629629,0.0,0.0,0.0,0.0,0.0,0.0,0.0,0.0,0.0,0.0,0.0,0.0,0.0,0.0,0.0,0.006944444444444444,0.041666666666666664,0.0,0.6828703703703703,8.0
0.0,0.0,0.0,0.013888888888888888,0.0,0.0,0.0,0.0,0.0,0.0,0.0,0.0,0.0,0.0,0.0,0.018518518518518517,0.0,0.0,0.0,0.0,0.006944444444444444,0.06944444444444443,0.027777777777777776,0.6967592592592592,9.0
0.0,0.0,0.0,0.006944444444444444,0.009259259259259259,0.0,0.0,0.0,0.0,0.0,0.0,0.0,0.0,0.0,0.0,0.0,0.0,0.0,0.0,0.0,0.0,0.05092592592592592,0.041666666666666664,0.47453703703703703,10.0
0.0,0.005555555555555556,0.005555555555555556,0.013888888888888888,0.0,0.0,0.0,0.0,0.0,0.0,0.0,0.0,0.0,0.0,0.0,0.0,0.0,0.0,0.0,0.0,0.011111111111111112,0.019444444444444445,0.041666666666666664,0.7361111111111108,11.0
0.0,0.0,0.0,0.0,0.0,0.0,0.0,0.0,0.0,0.0,0.0,0.0,0.0,0.0,0.0,0.0,0.0,0.0,0.0,0.0,0.013888888888888888,0.06944444444444443,0.048611111111111105,0.6180555555555556,12.0
0.013888888888888888,0.0,0.0,0.020833333333333332,0.0,0.0,0.0,0.0,0.0,0.0,0.0,0.0,0.0,0.0,0.0,0.0,0.0,0.0,0.0,0.0,0.006944444444444444,0.041666666666666664,0.013888888888888888,0.40277777777777773,13.0
