gh,jg,ci,sh,cg,gi,ig,jc,ii,gj,sc,sj,gg,si,es,os,sg,hs,cs,js,is,gs,ss,TimeFactor
0.0,0.0,0.0,0.0,0.0,0.0,0.0,0.0,0.0,0.0007861635220125786,0.0012626262626262627,0.0016666666666666668,0.0021750524109014676,0.003914141414141414,0.004166666666666667,0.006284628631326745,0.006491658984920441,0.009682539682539683,0.010499094720792836,0.025169366521606507,0.04727772965649394,0.13470763763402482,0.7459160272252799,1.0
0.0,0.0,0.0,0.0,0.0,0.0,0.0015432098765432098,0.0018701737451737451,0.0022522522522522522,0.0,0.0011261261261261261,0.0008503401360544217,0.0,0.005280976913182426,0.007078507078507078,0.01563341783423237,0.008728009472057091,0.006427698509465426,0.03352277580994534,0.031920539408008076,0.05129944019228722,0.10492104516555766,0.7275454874806075,2.0
0.0,0.0,0.0,0.0008169934640522876,0.0010964912280701754,0.002777777777777778,0.0,0.0,0.0,0.0,0.004604872251931075,0.0,0.002777777777777778,0.0070503799605966784,0.0,0.0055835053319573434,0.0012626262626262627,0.003963011399357081,0.06362165299124839,0.05510682281393287,0.0535161892927186,0.07662714140775419,0.637861424706866,3.0
0.0,0.0,0.0011574074074074073,0.0021929824561403508,0.0,0.0,0.0,0.0,0.0,0.0,0.0,0.0,0.0,0.0018115942028985507,0.00851521164021164,0.01809078099838969,0.006732751262213504,0.013844715199835336,0.036810303990652965,0.048231898435702775,0.05205675344762873,0.07129888807162836,0.7392567128872907,4.0
0.0,0.010416666666666666,0.0,0.0009689922480620155,0.0,0.0,0.0,0.0,0.0,0.0,0.0012254901960784314,0.0,0.0,0.012344055093713094,0.0,0.0024509803921568627,0.004807692307692308,0.002194482444140447,0.036998376174162774,0.030918650086696742,0.07735587406080893,0.07486324492928334,0.6621221620672051,5.0
0.005208333333333333,0.0024509803921568627,0.0,0.0,0.0,0.0,0.0,0.0,0.0,0.0,0.0,0.0,0.0,0.0,0.004901960784313725,0.009241452991452992,0.013755341880341878,0.0,0.03361456762192056,0.0571844005667535,0.05125348507701449,0.0617187142922437,0.7606707630604691,6.0
0.0,0.0,0.0,0.0,0.0,0.0,0.0,0.0,0.0,0.0,0.0,0.0,0.0,0.0,0.0,0.017329545454545455,0.0,0.022537878787878787,0.02395833333333333,0.0704229797979798,0.037436868686868685,0.08855970418470417,0.6564213564213564,7.0
0.0,0.0,0.0,0.008333333333333333,0.0,0.0,0.0,0.0,0.0,0.0,0.0,0.0,0.0,0.0,0.008996212121212122,0.003787878787878788,0.0,0.012121212121212121,0.027827380952380954,0.055154220779220775,0.04491341991341991,0.027813852813852815,0.7277191558441558,8.0
0.0,0.0,0.0,0.0032051282051282055,0.0,0.0,0.0,0.0,0.0,0.0,0.0,0.0,0.0,0.0,0.0,0.022222222222222223,0.0,0.03472222222222222,0.008333333333333333,0.029166666666666664,0.03862179487179487,0.05667735042735043,0.6403846153846154,9.0
0.0,0.020833333333333332,0.0,0.0,0.0,0.0,0.0,0.0,0.0,0.0,0.0,0.0,0.0,0.0,0.0,0.008333333333333333,0.0,0.0,0.018452380952380953,0.05198412698412697,0.04027777777777778,0.06091269841269841,0.6325396825396825,10.0
0.0,0.0,0.0,0.0,0.0,0.0,0.0,0.0,0.0,0.0,0.0,0.0,0.0,0.0,0.0,0.0,0.0,0.0,0.011047979797979798,0.0349537037037037,0.04114057239057239,0.06281565656565656,0.7667087542087542,11.0
0.0,0.0,0.0,0.0,0.0,0.0,0.0,0.0,0.0,0.0,0.0,0.002976190476190476,0.0,0.0,0.0,0.06388888888888888,0.0,0.0,0.014285714285714285,0.029563492063492066,0.027281746031746032,0.06101190476190476,0.7176587301587302,12.0
0.0,0.0,0.0,0.0,0.0,0.0,0.0,0.0,0.0,0.0,0.0,0.0,0.01636904761904762,0.008413461538461538,0.0,0.006076388888888888,0.0,0.008413461538461538,0.03161421911421911,0.01622596153846154,0.021197552447552448,0.06440087690087688,0.5772890304140305,13.0
