egs,hgs,scs,sgg,jgs,sis,ssi,gsg,ggs,hss,sgs,ess,oss,jss,css,iss,gss,sss,TimeFactor
0.0,0.0,0.0,0.0,0.0,0.0,0.0,0.0012254901960784314,0.0012254901960784314,0.007918352526195662,0.007992407489311513,0.0124777183600713,0.015797682709447414,0.03512659272463194,0.09212530484460307,0.1076600691667771,0.23187279696567623,0.4865780948211289,1.0
0.0,0.0,0.0,0.0,0.0,0.0,0.003787878787878788,0.0,0.005555555555555556,0.025813692480359144,0.0,0.0026881720430107525,0.009960718294051627,0.04202383637867509,0.11831367681502088,0.06852777971729584,0.11413757862010548,0.6091911113080467,2.0
0.0,0.0,0.0,0.0,0.0,0.0,0.0,0.0,0.0,0.0,0.04583333333333334,0.0,0.044890873015873016,0.06263528138528139,0.18264790764790764,0.13447420634920634,0.08716179653679652,0.4423566017316018,3.0
0.0,0.0,0.0,0.0,0.0,0.0023148148148148147,0.0,0.0,0.0,0.0033333333333333335,0.010732323232323232,0.024621212121212124,0.0,0.003787878787878788,0.10658670033670033,0.06765993265993267,0.10302188552188551,0.6779419191919193,4.0
0.0,0.0,0.0,0.0,0.0,0.0,0.020833333333333332,0.0,0.003968253968253968,0.021568627450980395,0.0,0.0,0.015873015873015872,0.047163865546218486,0.15033846872082166,0.05846560846560848,0.07003968253968253,0.6117491441020854,5.0
0.0,0.0,0.0,0.0,0.004629629629629629,0.0,0.0,0.0,0.0,0.004629629629629629,0.01364522417153996,0.016666666666666666,0.03333333333333333,0.0506578947368421,0.0043859649122807015,0.16694862155388468,0.08370547581073896,0.6213975595554543,6.0
0.0,0.0,0.0,0.0,0.005952380952380952,0.0,0.0,0.0,0.0,0.0043859649122807015,0.0,0.013888888888888888,0.016666666666666666,0.03712406015037594,0.05204678362573099,0.08511904761904761,0.10599415204678363,0.5954887218045113,7.0
0.0,0.0,0.0,0.006410256410256411,0.0,0.0043859649122807015,0.0,0.0,0.0,0.008333333333333333,0.0,0.016666666666666666,0.03156850459482038,0.02762113617376775,0.05896016751279909,0.1281954887218045,0.16487077737077738,0.5529877043034939,8.0
0.0,0.007575757575757576,0.010416666666666666,0.0,0.0,0.0,0.0,0.0,0.005952380952380952,0.027777777777777776,0.010416666666666666,0.014802631578947368,0.0,0.05043859649122807,0.010416666666666666,0.08591791979949874,0.0419973544973545,0.6509542479937217,9.0
0.0,0.0,0.0,0.0,0.0,0.0,0.0,0.0,0.0,0.010416666666666666,0.0,0.010416666666666666,0.04309640522875816,0.010416666666666666,0.037037037037037035,0.13472222222222222,0.17133714596949892,0.5825571895424837,10.0
0.009259259259259259,0.0,0.0,0.0,0.009259259259259259,0.0,0.0,0.0,0.0,0.004901960784313725,0.01964555052790347,0.004901960784313725,0.0,0.009259259259259259,0.029830735713088655,0.0196078431372549,0.12175925925925928,0.6882415786827552,11.0
0.0,0.0,0.0,0.0,0.0,0.0,0.0,0.0,0.0,0.01566951566951567,0.012592592592592593,0.0,0.016666666666666666,0.016826923076923076,0.043750000000000004,0.054834054834054825,0.12645234395234395,0.7132079032079032,12.0
0.006944444444444444,0.0,0.0,0.0,0.0,0.0,0.0,0.0,0.013888888888888888,0.0,0.03156565656565657,0.0,0.0,0.0,0.039502164502164504,0.10096200096200096,0.13133718133718134,0.6757996632996632,13.0
