ses,ssc,scs,sis,jss,ess,hss,css,iss,sgs,oss,gss,sss,TimeFactor
0.0,0.0,0.0,0.0,0.0,0.0,0.0,0.0,0.005555555555555556,0.013888888888888888,0.032407407407407406,0.03796296296296296,0.4101851851851852,1.0
0.0,0.0,0.0,0.003968253968253968,0.003968253968253968,0.006944444444444444,0.013888888888888888,0.013888888888888888,0.06117724867724867,0.0,0.0,0.025793650793650796,0.4537037037037037,2.0
0.0,0.0,0.0,0.0,0.037037037037037035,0.0,0.0,0.027777777777777776,0.013888888888888888,0.0,0.0,0.013888888888888888,0.574074074074074,3.0
0.0,0.009259259259259259,0.009259259259259259,0.0,0.027777777777777776,0.0,0.027777777777777776,0.02314814814814815,0.0,0.0,0.0,0.027777777777777776,0.45833333333333326,4.0
0.0,0.0,0.0,0.0,0.0787037037037037,0.0,0.0,0.027777777777777776,0.0,0.0,0.013888888888888888,0.009259259259259259,0.3703703703703704,5.0
0.0,0.0,0.0,0.0,0.05092592592592593,0.0,0.0,0.0,0.009259259259259259,0.0,0.0,0.060185185185185175,0.3796296296296296,6.0
0.0,0.0,0.0,0.0,0.027777777777777776,0.0,0.0,0.027777777777777776,0.006944444444444444,0.0,0.013888888888888888,0.032407407407407406,0.3912037037037037,7.0
0.0,0.0,0.0,0.0,0.05555555555555555,0.0,0.0,0.0,0.0,0.0,0.0,0.037037037037037035,0.5740740740740741,8.0
0.0,0.0,0.0,0.0,0.08333333333333333,0.0,0.0,0.0,0.009259259259259259,0.0,0.009259259259259259,0.009259259259259259,0.38888888888888884,9.0
0.0,0.0,0.0,0.0,0.009259259259259259,0.0,0.0,0.0,0.027777777777777776,0.0,0.0,0.060185185185185175,0.5694444444444443,10.0
0.0,0.0,0.0,0.0,0.027777777777777776,0.0,0.0,0.013888888888888888,0.027777777777777776,0.0,0.009259259259259259,0.0,0.5879629629629629,11.0
0.0,0.0,0.0,0.0,0.09305555555555554,0.0,0.0,0.027777777777777776,0.0,0.0,0.0,0.012499999999999999,0.5333333333333333,12.0
0.013888888888888888,0.0,0.0,0.0,0.020833333333333332,0.013888888888888888,0.0,0.006944444444444444,0.0,0.009259259259259259,0.009259259259259259,0.030092592592592587,0.5625,13.0
