js,jg,sj,so,gi,cs,os,sg,gs,ig,gg,ii,se,es,si,is,ss,TimeFactor
0.0,0.0,0.0,0.0023809523809523807,0.0023809523809523807,0.0023809523809523807,0.0023809523809523807,0.008730158730158729,0.010317460317460317,0.011111111111111112,0.011904761904761904,0.015873015873015872,0.016666666666666666,0.016666666666666666,0.016666666666666666,0.026984126984126985,0.35555555555555557,1.0
0.0,0.0,0.0,0.0,0.0,0.0043859649122807015,0.0043859649122807015,0.010338345864661654,0.010338345864661654,0.0,0.0,0.008771929824561403,0.0,0.0043859649122807015,0.010338345864661654,0.011904761904761904,0.18515037593984962,2.0
0.0,0.0,0.0,0.0,0.0,0.0,0.013888888888888888,0.0,0.016666666666666666,0.0,0.016666666666666666,0.0,0.0,0.0,0.0,0.016666666666666666,0.18611111111111112,3.0
0.0,0.016666666666666666,0.016666666666666666,0.0,0.0,0.0,0.0,0.0,0.016666666666666666,0.0,0.0,0.0,0.0,0.0,0.0,0.0,0.03333333333333333,4.0
0.010416666666666666,0.0,0.0,0.0,0.0,0.0,0.0,0.0,0.0,0.0,0.0,0.0,0.0,0.0,0.0,0.0,0.23958333333333334,5.0
0.0,0.0,0.0,0.0,0.0,0.0,0.0,0.0,0.0,0.0,0.0,0.0,0.0,0.0,0.0,0.0,0.0,6.0
0.013888888888888888,0.0,0.0,0.0,0.0,0.0,0.0,0.0,0.0,0.0,0.0,0.0,0.0,0.0,0.0,0.0,0.06944444444444445,7.0
0.0,0.0,0.0,0.0,0.0,0.0,0.016666666666666666,0.0,0.0,0.0,0.0,0.0,0.0,0.0,0.0,0.0,0.15,8.0
0.0,0.0,0.0,0.0,0.0,0.0,0.0,0.0,0.02857142857142857,0.0,0.0,0.0,0.0,0.0,0.0,0.0,0.13809523809523808,9.0
0.0,0.0,0.0,0.0,0.0,0.0,0.0,0.0,0.0,0.0,0.0,0.0,0.0,0.0,0.0,0.0,0.16666666666666666,10.0
0.0,0.0,0.0,0.0,0.0,0.0,0.0,0.0,0.006944444444444444,0.0,0.0,0.0,0.0,0.0,0.0,0.0,0.07638888888888888,11.0
0.0,0.0,0.0,0.0,0.0,0.0,0.0,0.0,0.0,0.0,0.0,0.0,0.0,0.0,0.0,0.0,0.0,12.0
0.0,0.0,0.0,0.0,0.0,0.0,0.0,0.0,0.016666666666666666,0.0,0.016666666666666666,0.0,0.0,0.0,0.0,0.0,0.049999999999999996,13.0
