jg,ei,ec,jh,ci,jc,hi,eg,sj,he,gc,se,go,og,sc,ih,cc,sh,cg,hg,so,gg,ge,es,gi,ii,ig,si,sg,js,os,hs,cs,is,gs,ss,TimeFactor
0.0,0.0,0.0,0.0,0.0,0.0,0.0,0.0,0.0,0.0,0.0,0.0,0.0,0.0,0.0,0.0,0.0003132832080200501,0.0007716049382716049,0.001084888146291655,0.0011574074074074073,0.0013020833333333333,0.0013981713543117051,0.0019290123456790122,0.0023949815616482284,0.0025216697554870573,0.0028452932098765433,0.0038580246913580245,0.007607007236190425,0.00784202284126664,0.014032226616923701,0.015518836460498155,0.017998972114789454,0.027857685701197708,0.08229506139458286,0.18908806503727185,0.6181837026455945,1.0
0.0,0.0,0.0,0.0,0.0,0.0,0.00046816479400749064,0.0005020080321285141,0.0005020080321285141,0.0005274261603375527,0.0005274261603375527,0.0005274261603375527,0.000925925925925926,0.000925925925925926,0.0009955909543450433,0.0015478164731896075,0.0,0.0,0.000925925925925926,0.0,0.0,0.002151666477509174,0.0,0.008563207748885096,0.003972058897432032,0.000925925925925926,0.003607012318938676,0.005022242537977118,0.009103498498564391,0.0096532788718628,0.01265822809811048,0.007841718683771185,0.06470573464793777,0.07276856673849268,0.18256877382760917,0.6080824421823938,2.0
0.0,0.0,0.0,0.0004789272030651341,0.0006944444444444445,0.0006944444444444445,0.0,0.0,0.001242690058479532,0.0,0.0,0.0,0.0,0.0004789272030651341,0.000925925925925926,0.0,0.0,0.0,0.0,0.0,0.0,0.0044993950393224435,0.0,0.014006014046677675,0.0028735632183908046,0.0,0.0010271728171002217,0.005667892416899367,0.0046485493716942545,0.02179046698199268,0.020031647045513343,0.020294734432408645,0.05300318844873878,0.08079295009883798,0.15218818527489728,0.6146608815281019,3.0
0.0,0.0,0.0009689922480620155,0.0,0.0,0.0,0.0,0.0,0.0,0.0,0.0,0.0,0.0,0.0,0.002049526707234618,0.0,0.0,0.0,0.0009689922480620155,0.0,0.0,0.0014367816091954023,0.0,0.015477980486500934,0.0,0.0,0.0011574074074074073,0.001388888888888889,0.0008503401360544217,0.028836133256512173,0.03331021562594565,0.018077072560290265,0.0721467804436312,0.08671093358205985,0.10858346312328727,0.6280364916768679,4.0
0.0,0.0,0.0,0.0,0.0,0.0,0.0,0.0,0.0,0.0,0.0,0.0,0.0,0.0,0.0026041666666666665,0.0,0.0,0.0,0.004092261904761905,0.0,0.0,0.0,0.0,0.01988607457357457,0.0,0.0,0.0,0.0,0.0,0.03226750456739492,0.02148215758413127,0.02445558674999464,0.06215041506982297,0.06233366718564087,0.07638879405600896,0.6943393716420033,5.0
0.0,0.0,0.0,0.0,0.0,0.0,0.0,0.0,0.0,0.0,0.0,0.0,0.0,0.0,0.0,0.0,0.0,0.0,0.0,0.0,0.0,0.0,0.0,0.025694444444444447,0.0,0.0,0.0,0.0,0.0,0.013095238095238096,0.028769841269841268,0.008060515873015872,0.029861111111111106,0.06817956349206349,0.05203373015873016,0.6909722222222223,6.0
0.0,0.0018115942028985507,0.0,0.0,0.0,0.0,0.0,0.0,0.0,0.0,0.0,0.002777777777777778,0.0,0.0,0.0,0.0,0.0,0.0,0.0,0.0,0.0,0.003787878787878788,0.0,0.013432400932400933,0.0,0.0,0.0,0.003787878787878788,0.001893939393939394,0.01644349008479443,0.02417929292929293,0.009343434343434343,0.03975815850815851,0.0272231995058082,0.09578262920654224,0.5931116588725284,7.0
0.004166666666666667,0.0,0.0,0.0,0.0,0.0,0.0,0.0,0.0,0.0,0.0,0.0,0.0,0.0,0.0,0.0,0.0,0.0,0.0,0.0,0.0,0.003472222222222222,0.0,0.004464285714285714,0.0,0.0,0.0,0.0,0.006677350427350427,0.03791335978835978,0.03072705802968961,0.004464285714285714,0.017679615705931493,0.05336190369085106,0.0826269734164471,0.5877796119572436,8.0
0.004629629629629629,0.0,0.0,0.0,0.0,0.0,0.0,0.0,0.0,0.0,0.0,0.0,0.0,0.003787878787878788,0.0,0.0,0.0,0.0,0.0,0.0,0.0,0.0,0.0,0.006565656565656566,0.0,0.0,0.0,0.0,0.007407407407407407,0.028872053872053872,0.007575757575757576,0.00787037037037037,0.015151515151515152,0.05202020202020202,0.06327861952861953,0.6361742424242425,9.0
0.0,0.0,0.0,0.0,0.0,0.0,0.0,0.0,0.0,0.0,0.0,0.0,0.0,0.0,0.0,0.0,0.0,0.0,0.0,0.0,0.0,0.0,0.0,0.009226190476190476,0.0,0.0,0.0,0.0,0.01597222222222222,0.008267195767195767,0.026954064454064453,0.019675925925925927,0.031469456469456474,0.03743386243386243,0.0653543216043216,0.7023134273134274,10.0
0.003472222222222222,0.0,0.0,0.0,0.0,0.0,0.0,0.0,0.0,0.0,0.0,0.0,0.0,0.0,0.0,0.0,0.0,0.0,0.0,0.0,0.0,0.0026041666666666665,0.0,0.005208333333333333,0.0,0.0,0.0,0.0,0.016493055555555556,0.016666666666666666,0.03835978835978836,0.005555555555555556,0.04507275132275132,0.022743055555555555,0.09738756613756615,0.7464368386243386,11.0
0.0,0.0,0.0,0.0,0.0,0.0,0.0,0.0,0.0,0.0,0.0,0.0,0.0,0.0,0.0,0.0,0.0,0.0,0.0,0.0,0.0,0.0,0.0,0.01556712962962963,0.0,0.0,0.0,0.0,0.0,0.0,0.03194444444444444,0.021296296296296296,0.011400462962962965,0.018055555555555557,0.050471866096866096,0.6845975783475783,12.0
0.0,0.0,0.0,0.0,0.0,0.0,0.0,0.0,0.0,0.0,0.0,0.0,0.0,0.0,0.0,0.0,0.0,0.0,0.0,0.0,0.0,0.0,0.0,0.0,0.0,0.0,0.002777777777777778,0.0,0.0,0.011160714285714286,0.01873647186147186,0.0,0.017676767676767676,0.026406926406926406,0.028345959595959595,0.6448953823953824,13.0
