jc,co,jo,jg,cc,ch,oe,sc,hs,cs,sh,hh,so,ij,hi,gh,ii,gi,ig,si,os,js,es,jj,sj,gg,sg,is,gs,ss,TimeFactor
0.0,0.0,0.0,0.0,0.0,0.0,0.0,0.0,0.0,0.0,0.0023148148148148147,0.0023148148148148147,0.002777777777777778,0.003472222222222222,0.003472222222222222,0.003472222222222222,0.004629629629629629,0.005787037037037038,0.006944444444444444,0.006944444444444444,0.00787037037037037,0.008950617283950616,0.009259259259259259,0.013888888888888888,0.016975308641975308,0.026620370370370367,0.03665123456790123,0.051311728395061734,0.14961419753086422,0.4700617283950617,1.0
0.0,0.0,0.0,0.0,0.0,0.002777777777777778,0.003472222222222222,0.003472222222222222,0.00798611111111111,0.01736111111111111,0.0,0.001736111111111111,0.0,0.0,0.0,0.0,0.01736111111111111,0.0,0.0,0.015625,0.03472222222222222,0.0,0.003472222222222222,0.003472222222222222,0.003472222222222222,0.03298611111111111,0.05243055555555556,0.03472222222222222,0.12708333333333335,0.6378472222222222,2.0
0.0,0.0,0.0,0.0,0.0,0.0,0.0,0.0,0.010606060606060605,0.02196969696969697,0.0,0.0,0.0,0.0,0.0,0.0,0.0,0.0,0.0,0.0025252525252525255,0.0,0.013888888888888888,0.0,0.006944444444444444,0.006944444444444444,0.0025252525252525255,0.00946969696969697,0.01755050505050505,0.11694725028058361,0.5406285072951739,3.0
0.0,0.0,0.0,0.0,0.004629629629629629,0.0,0.0,0.004629629629629629,0.0,0.0,0.0,0.0,0.0,0.0,0.0,0.0,0.0,0.0,0.0,0.0,0.009259259259259259,0.0,0.0,0.0,0.0,0.0,0.006944444444444444,0.04461279461279461,0.07786195286195285,0.4353956228956229,4.0
0.0,0.0,0.0,0.003472222222222222,0.0,0.0,0.0,0.0,0.0,0.0,0.0,0.0,0.0,0.0,0.0,0.0,0.0,0.0,0.0,0.003472222222222222,0.0,0.0,0.0,0.0,0.0,0.0,0.0,0.0,0.05833333333333333,0.43472222222222223,5.0
0.0,0.0,0.0,0.0,0.0,0.0,0.0,0.0,0.009259259259259259,0.0,0.0,0.0,0.0,0.0,0.0,0.0,0.0,0.0,0.0,0.006172839506172839,0.0,0.0,0.0,0.0,0.0,0.0030864197530864196,0.0030864197530864196,0.006172839506172839,0.05555555555555556,0.5,6.0
0.0,0.0023148148148148147,0.027777777777777776,0.0,0.0,0.0,0.0,0.0,0.0,0.016203703703703703,0.0,0.0,0.0,0.0,0.0,0.0,0.0,0.0,0.0,0.0,0.03009259259259259,0.0,0.0,0.0,0.027777777777777776,0.0,0.0023148148148148147,0.018518518518518517,0.013888888888888888,0.3611111111111111,7.0
0.0,0.0,0.0,0.0,0.0,0.0,0.0,0.0,0.0,0.020833333333333332,0.0,0.0,0.0,0.0,0.0,0.0,0.0,0.0,0.0,0.0,0.006944444444444444,0.0,0.0,0.0,0.0,0.0,0.009259259259259259,0.0,0.02546296296296296,0.3541666666666667,8.0
0.0,0.0,0.0,0.0,0.0,0.0,0.0,0.0,0.0,0.0,0.0,0.0,0.0,0.0,0.0,0.0,0.0,0.0,0.0,0.0,0.013888888888888888,0.0,0.0,0.0,0.0,0.0,0.0,0.005555555555555556,0.005555555555555556,0.47500000000000003,9.0
0.027777777777777776,0.0,0.0,0.0,0.0,0.0,0.0,0.0,0.0,0.027777777777777776,0.0,0.0,0.0,0.0,0.0,0.0,0.0,0.0,0.0,0.0,0.0,0.0,0.0,0.0,0.0,0.0,0.0,0.0,0.005555555555555556,0.27222222222222225,10.0
0.0,0.0,0.0,0.0,0.0,0.0,0.0,0.0,0.0,0.0,0.0,0.0,0.0,0.0,0.0,0.0,0.0,0.0,0.0,0.0,0.027777777777777776,0.009259259259259259,0.0,0.0,0.0,0.0,0.0,0.027777777777777776,0.037037037037037035,0.39814814814814814,11.0
0.0,0.0,0.0,0.0,0.0,0.0,0.0,0.0,0.0,0.0,0.0,0.0,0.0,0.0,0.0,0.0,0.0,0.0,0.0,0.0,0.0,0.0,0.0,0.0,0.0,0.0,0.0,0.0,0.027777777777777776,0.3055555555555555,12.0
0.0,0.0,0.0,0.0,0.0,0.0,0.0,0.0,0.0,0.0,0.0,0.0,0.0,0.0,0.0,0.0,0.0,0.0,0.0,0.013888888888888888,0.0,0.0,0.0,0.0,0.0,0.0,0.0,0.048611111111111105,0.027777777777777776,0.24305555555555555,13.0
