ii,ig,ic,ei,gi,si,gc,sc,jj,sh,so,jg,sj,cs,is,js,os,hs,gg,sg,gs,ss,TimeFactor
0.0,0.0,0.0,0.0,0.0,0.0,0.0,0.0,0.0,0.0,0.0,0.0,0.0,0.004629629629629629,0.004629629629629629,0.006944444444444444,0.032407407407407406,0.03333333333333333,0.03518518518518518,0.03518518518518518,0.07037037037037037,0.6106481481481482,1.0
0.0,0.0,0.0,0.0,0.0,0.0,0.0,0.0,0.0,0.0,0.0,0.013888888888888888,0.013888888888888888,0.009259259259259259,0.03935185185185185,0.06419753086419752,0.006944444444444444,0.0,0.006944444444444444,0.027777777777777776,0.11743827160493826,0.6169753086419753,2.0
0.0,0.0,0.0,0.0,0.0,0.0,0.0,0.0,0.006944444444444444,0.009259259259259259,0.041666666666666664,0.0,0.006944444444444444,0.0,0.03472222222222222,0.041666666666666664,0.041666666666666664,0.009259259259259259,0.0,0.0,0.041666666666666664,0.34953703703703703,3.0
0.0,0.0,0.0,0.0,0.0,0.0,0.005555555555555556,0.013888888888888888,0.0,0.0,0.0,0.0,0.0,0.03425925925925926,0.02407407407407407,0.0,0.0,0.005555555555555556,0.0,0.018518518518518517,0.0763888888888889,0.488425925925926,4.0
0.0,0.0,0.0,0.0,0.0,0.0,0.0,0.0,0.0,0.0,0.0,0.009259259259259259,0.0,0.0,0.048611111111111105,0.0,0.0,0.006944444444444444,0.009259259259259259,0.009259259259259259,0.060185185185185175,0.6064814814814815,5.0
0.0,0.0,0.0,0.0,0.0,0.0,0.0,0.0,0.0,0.0,0.0,0.0,0.0,0.03472222222222222,0.03472222222222222,0.0,0.0,0.0,0.009259259259259259,0.030092592592592587,0.13194444444444445,0.5925925925925927,6.0
0.0,0.0,0.0,0.0,0.0,0.013888888888888888,0.0,0.0,0.0,0.0,0.0,0.009259259259259259,0.0,0.0,0.037037037037037035,0.0,0.013888888888888888,0.013888888888888888,0.013888888888888888,0.013888888888888888,0.08796296296296297,0.5462962962962963,7.0
0.0,0.0,0.0,0.009259259259259259,0.027777777777777776,0.005555555555555556,0.0,0.006944444444444444,0.0,0.0,0.0,0.0,0.0,0.006944444444444444,0.08148148148148149,0.0,0.0,0.0,0.0,0.013888888888888888,0.07592592592592591,0.35555555555555557,8.0
0.0,0.0,0.005555555555555556,0.0,0.0,0.0,0.0,0.0,0.0,0.0,0.0,0.009259259259259259,0.0,0.005555555555555556,0.05648148148148147,0.027777777777777776,0.005555555555555556,0.005555555555555556,0.0,0.03333333333333333,0.10648148148148147,0.6611111111111111,9.0
0.0,0.005555555555555556,0.0,0.0,0.0,0.0,0.0,0.0,0.027777777777777776,0.0,0.0,0.0,0.0,0.027777777777777776,0.0,0.03472222222222222,0.0,0.0,0.0,0.03333333333333333,0.10231481481481482,0.5185185185185186,10.0
0.027777777777777776,0.0,0.0,0.0,0.0,0.027777777777777776,0.0,0.0,0.0,0.0,0.0,0.0,0.0,0.013888888888888888,0.027777777777777776,0.0,0.013888888888888888,0.0,0.009259259259259259,0.02314814814814815,0.06018518518518518,0.3796296296296296,11.0
0.0,0.0,0.0,0.0,0.0,0.013888888888888888,0.0,0.0,0.0,0.0,0.0,0.0,0.0,0.009259259259259259,0.05555555555555555,0.0,0.0,0.0,0.0,0.0,0.07222222222222223,0.5990740740740741,12.0
0.0,0.0,0.0,0.0,0.0,0.0,0.0,0.0,0.0,0.0,0.0,0.006944444444444444,0.0,0.013888888888888888,0.06481481481481481,0.009259259259259259,0.0,0.016203703703703703,0.009259259259259259,0.009259259259259259,0.06944444444444443,0.7175925925925926,13.0
