ii,sh,so,ji,sc,jg,oj,ig,gg,si,es,sg,os,hs,js,cs,is,gs,ss,TimeFactor
0.0,0.0,0.0,0.0,0.0,0.0,0.0008012820512820514,0.0008012820512820514,0.0008012820512820514,0.0008169934640522876,0.004993386243386243,0.0057090312508269155,0.008123159520218344,0.012254374309327869,0.023381015699127154,0.03264460621271767,0.07573516947355956,0.1225969861689676,0.7113414315039702,1.0
0.0,0.0,0.0,0.0,0.000946969696969697,0.0013020833333333333,0.0,0.0,0.0,0.0032512626262626264,0.0021736675700090333,0.0085741930171278,0.015896751908012728,0.006802312730865221,0.012765986950021261,0.02704245193646085,0.08491272619812605,0.13755525597824966,0.6987763380545617,2.0
0.0,0.0010416666666666667,0.0010416666666666667,0.0014367816091954023,0.0016025641025641027,0.0,0.0,0.0,0.0010416666666666667,0.007142857142857143,0.003234649122807017,0.004166666666666667,0.021337785777440946,0.0073717948717948725,0.030906463756773805,0.03971655063892662,0.08724005134225188,0.105395732337278,0.6873231026314435,3.0
0.0,0.0,0.0021929824561403508,0.0,0.0007716049382716049,0.0,0.0,0.0,0.0,0.0,0.0024509803921568627,0.009027777777777779,0.021549338580427332,0.009892207370277547,0.03389322236071462,0.035592152730310626,0.0982829457932657,0.11214996814713017,0.6741968194535274,4.0
0.001736111111111111,0.0,0.000925925925925926,0.0,0.0,0.0,0.0,0.0,0.0,0.0,0.0,0.000925925925925926,0.020223063973063973,0.010732323232323232,0.03688973063973064,0.024189814814814813,0.09834956709956709,0.0880155723905724,0.7180119648869647,5.0
0.0,0.0,0.0,0.0,0.0,0.0,0.0,0.0,0.0,0.0032051282051282055,0.0,0.0,0.0091173000496771,0.020968392945851965,0.023125485625485623,0.0294774328585804,0.08461272902871263,0.09700680125885043,0.565820063361047,6.0
0.0,0.0,0.0014367816091954023,0.0,0.0,0.008333333333333333,0.0,0.0024509803921568627,0.0,0.0,0.0,0.0,0.03195923484336263,0.012364303959131545,0.06294471811713191,0.06626299945265461,0.04217846142288333,0.028985257896261957,0.659750595640555,7.0
0.0,0.0,0.0,0.0,0.0,0.0,0.0,0.0,0.0,0.0,0.008333333333333333,0.001488095238095238,0.03125,0.014514652014652013,0.01607142857142857,0.04712301587301587,0.04803113553113553,0.055456349206349204,0.7777319902319902,8.0
0.0,0.0,0.0,0.0,0.0,0.0,0.0,0.0,0.0,0.0,0.006944444444444444,0.0,0.013888888888888888,0.030303030303030304,0.007102272727272728,0.0413059163059163,0.036683802308802305,0.04607683982683983,0.6510281385281385,9.0
0.0,0.0,0.0,0.0,0.0,0.0,0.0,0.0,0.0,0.0,0.0,0.010416666666666666,0.017180735930735932,0.003472222222222222,0.03194444444444444,0.027417027417027413,0.03234126984126984,0.0624549062049062,0.5647727272727273,10.0
0.0,0.0,0.0,0.0,0.0,0.0,0.0,0.0,0.0,0.0,0.0,0.0,0.044270833333333336,0.006944444444444444,0.014756944444444442,0.05451388888888889,0.04476686507936508,0.01984126984126984,0.6482390873015873,11.0
0.0,0.0,0.0,0.0,0.0,0.0,0.0,0.0,0.0,0.0,0.0,0.0,0.032407407407407406,0.013888888888888888,0.005208333333333333,0.026620370370370367,0.06180555555555556,0.0724537037037037,0.7876157407407408,12.0
0.0,0.0,0.0,0.0,0.0,0.0,0.0,0.0,0.0,0.0,0.0,0.0,0.041666666666666664,0.009157509157509158,0.009157509157509158,0.013888888888888888,0.04086538461538461,0.06196581196581197,0.5732982295482295,13.0
