see,sse,igs,ssi,csg,hsi,sis,sgs,sgg,ssg,oss,ess,jss,iss,gss,hss,css,sss,TimeFactor
0.0,0.0,0.0,0.0,0.0030864197530864196,0.0030864197530864196,0.0030864197530864196,0.0030864197530864196,0.0030864197530864196,0.0030864197530864196,0.003472222222222222,0.006944444444444444,0.013888888888888888,0.016589506172839507,0.023533950617283948,0.027777777777777776,0.033950617283950615,0.5219907407407407,1.0
0.0,0.0,0.0,0.0,0.0,0.0,0.0,0.003472222222222222,0.003472222222222222,0.006944444444444444,0.0,0.006944444444444444,0.031746031746031744,0.021329365079365076,0.028273809523809524,0.006944444444444444,0.027777777777777776,0.44642857142857145,2.0
0.0,0.0,0.0,0.0,0.0,0.0,0.0,0.0,0.0,0.0,0.027777777777777776,0.0,0.041666666666666664,0.019444444444444445,0.044444444444444446,0.002777777777777778,0.006944444444444444,0.5236111111111111,3.0
0.0,0.0,0.0,0.0,0.0,0.0,0.0,0.0,0.0,0.0,0.0,0.0,0.027777777777777776,0.004629629629629629,0.027777777777777776,0.0,0.018518518518518517,0.5879629629629629,4.0
0.0,0.0,0.0,0.0,0.0,0.0,0.0,0.0,0.0,0.0,0.0,0.0,0.020833333333333332,0.0,0.027777777777777776,0.0,0.006944444444444444,0.19444444444444442,5.0
0.0,0.0,0.0,0.0,0.0,0.0,0.0,0.0,0.0,0.0,0.0,0.0,0.041666666666666664,0.027777777777777776,0.013888888888888888,0.0,0.0,0.16666666666666666,6.0
0.0,0.0,0.0,0.0,0.0,0.0,0.0,0.0,0.0,0.0,0.0,0.0,0.0,0.0,0.0,0.0,0.0,0.25,7.0
0.0,0.0,0.027777777777777776,0.027777777777777776,0.0,0.0,0.027777777777777776,0.0,0.0,0.0,0.0,0.0,0.0,0.027777777777777776,0.027777777777777776,0.0,0.0,0.4444444444444444,8.0
0.027777777777777776,0.027777777777777776,0.0,0.0,0.0,0.0,0.0,0.0,0.0,0.0,0.037037037037037035,0.0,0.027777777777777776,0.0,0.009259259259259259,0.013888888888888888,0.013888888888888888,0.3425925925925926,9.0
0.0,0.0,0.0,0.0,0.0,0.0,0.0,0.0,0.0,0.0,0.0,0.0,0.027777777777777776,0.0,0.0,0.027777777777777776,0.0,0.27777777777777773,10.0
0.0,0.0,0.0,0.0,0.0,0.0,0.0,0.0,0.0,0.0,0.0,0.0,0.0,0.009259259259259259,0.0,0.0,0.0,0.07407407407407407,11.0
0.0,0.0,0.0,0.0,0.0,0.0,0.0,0.0,0.0,0.0,0.0,0.0,0.0,0.0,0.0,0.0,0.0,0.25,12.0
0.0,0.0,0.0,0.0,0.0,0.0,0.0,0.0,0.0,0.0,0.0,0.0,0.0,0.0,0.0,0.0,0.0,0.16666666666666666,13.0
