is,sc,cs,sg,js,si,gs,ii,ss,TimeFactor
0.0,0.0,0.0,0.0,0.0,0.0,0.0,0.0,0.0,1.0
0.0,0.0,0.0,0.0,0.0,0.011904761904761904,0.02857142857142857,0.03571428571428571,0.09047619047619049,2.0
0.0,0.0,0.0,0.0,0.0,0.0,0.0,0.0,0.0,3.0
0.0,0.0,0.0,0.0,0.010416666666666666,0.0,0.0,0.0,0.07291666666666667,4.0
0.0,0.0,0.0,0.0,0.0,0.0,0.030555555555555558,0.0,0.1361111111111111,5.0
0.0,0.0,0.0,0.016666666666666666,0.0,0.0,0.016666666666666666,0.0,0.13333333333333333,6.0
0.0,0.0,0.0,0.0,0.0,0.0,0.0,0.0,0.0,7.0
0.0,0.0,0.0,0.0,0.0,0.0,0.0,0.0,0.0,8.0
0.0,0.0,0.0,0.0,0.0,0.0,0.016666666666666666,0.0,0.15,9.0
0.0,0.0,0.0,0.0,0.0,0.0,0.016666666666666666,0.0,0.15,10.0
0.0,0.0,0.0,0.0,0.005952380952380952,0.0,0.0,0.0,0.16071428571428573,11.0
0.0,0.016666666666666666,0.016666666666666666,0.0,0.0,0.0,0.0,0.0,0.049999999999999996,12.0
0.0043859649122807015,0.0,0.0,0.0,0.0,0.0,0.01827485380116959,0.0,0.31067251461988304,13.0
