se,ge,es,sc,ci,jg,hs,os,jj,hh,sh,sj,gi,ig,cs,sg,gg,js,ii,si,is,gs,ss,TimeFactor
0.0,0.0,0.0,0.0,0.0,0.0,0.0,0.0,0.003472222222222222,0.003472222222222222,0.003472222222222222,0.003472222222222222,0.005555555555555556,0.009523809523809523,0.020833333333333332,0.022023809523809525,0.02619047619047619,0.027777777777777776,0.031746031746031744,0.04126984126984127,0.04910714285714285,0.16005291005291003,0.5920304232804233,1.0
0.0,0.0,0.0,0.0,0.005555555555555556,0.009259259259259259,0.010185185185185184,0.012037037037037035,0.0,0.0,0.0,0.009259259259259259,0.009259259259259259,0.0,0.006944444444444444,0.010185185185185184,0.011111111111111112,0.009259259259259259,0.010185185185185184,0.01574074074074074,0.07098765432098765,0.10895061728395061,0.617746913580247,2.0
0.0,0.0,0.0,0.0030864197530864196,0.0,0.0,0.0030864197530864196,0.006172839506172839,0.0,0.005555555555555556,0.005555555555555556,0.0,0.0,0.002777777777777778,0.033950617283950615,0.012037037037037035,0.005555555555555556,0.002777777777777778,0.0,0.008950617283950616,0.04814814814814814,0.09969135802469137,0.5959876543209878,3.0
0.009259259259259259,0.009259259259259259,0.021604938271604937,0.0,0.0,0.003968253968253968,0.0,0.0,0.0,0.0,0.0,0.0,0.0,0.006944444444444444,0.027777777777777776,0.030864197530864196,0.010030864197530864,0.0,0.0,0.013888888888888888,0.06558641975308642,0.11166225749559082,0.6058201058201059,4.0
0.0,0.0,0.0,0.0,0.0,0.02314814814814815,0.0,0.0,0.0,0.0,0.0,0.0,0.0,0.0,0.02199074074074074,0.004629629629629629,0.0,0.009259259259259259,0.0,0.004629629629629629,0.04282407407407407,0.07291666666666667,0.6539351851851852,5.0
0.0,0.0,0.006944444444444444,0.0,0.0,0.0,0.006944444444444444,0.006944444444444444,0.0,0.0,0.0,0.0,0.0,0.0,0.006944444444444444,0.0,0.0,0.041666666666666664,0.004629629629629629,0.004629629629629629,0.027777777777777776,0.037037037037037035,0.6898148148148149,6.0
0.0,0.0,0.0,0.0,0.0,0.0,0.004629629629629629,0.0,0.0,0.0,0.0,0.0,0.0,0.0,0.006944444444444444,0.009259259259259259,0.004629629629629629,0.018518518518518517,0.0,0.004629629629629629,0.037037037037037035,0.03472222222222222,0.2962962962962963,7.0
0.0,0.0,0.0,0.0,0.0,0.0,0.0,0.0,0.0,0.0,0.0,0.0,0.0,0.0,0.0,0.0,0.0,0.0,0.0,0.004629629629629629,0.04259259259259259,0.04722222222222222,0.6555555555555556,8.0
0.0,0.0,0.0,0.0,0.0,0.027777777777777776,0.027777777777777776,0.027777777777777776,0.0,0.0,0.0,0.0,0.0,0.0,0.027777777777777776,0.013888888888888888,0.013888888888888888,0.0,0.0,0.0,0.011111111111111112,0.05833333333333333,0.375,9.0
0.0,0.0,0.0,0.0,0.0,0.0,0.0,0.0,0.0,0.0,0.0,0.0,0.0,0.0,0.0,0.0,0.0,0.027777777777777776,0.0,0.0,0.03333333333333333,0.09444444444444444,0.42777777777777776,10.0
0.0,0.0,0.0,0.0,0.0,0.005555555555555556,0.0,0.027777777777777776,0.0,0.0,0.0,0.0,0.0,0.0,0.0,0.0,0.0,0.037037037037037035,0.0,0.006944444444444444,0.006944444444444444,0.025925925925925925,0.3898148148148148,11.0
0.0,0.0,0.0,0.0,0.0,0.0,0.0,0.0,0.0,0.0,0.0,0.0,0.0,0.0,0.027777777777777776,0.013888888888888888,0.0,0.0,0.0,0.0,0.0,0.013888888888888888,0.27777777777777773,12.0
0.0,0.0,0.0,0.0,0.0,0.0,0.0,0.0,0.0,0.0,0.0,0.0,0.0,0.0,0.0,0.013888888888888888,0.013888888888888888,0.0,0.009259259259259259,0.009259259259259259,0.013888888888888888,0.06944444444444443,0.5370370370370371,13.0
