ess,osg,sgs,oss,css,shs,hss,gss,his,iss,jss,sss,TimeFactor
0.0,0.0,0.0,0.0,0.0,0.0,0.0,0.0,0.0,0.0,0.0,0.4166666666666667,1.0
0.0,0.0,0.0,0.0,0.0,0.0,0.0,0.0,0.027777777777777776,0.05555555555555555,0.05555555555555555,0.2777777777777778,2.0
0.0,0.0,0.0,0.0,0.0,0.0,0.0,0.027777777777777776,0.0,0.009259259259259259,0.013888888888888888,0.5324074074074074,3.0
0.0,0.0,0.0,0.0,0.013888888888888888,0.027777777777777776,0.027777777777777776,0.027777777777777776,0.0,0.013888888888888888,0.0462962962962963,0.5092592592592592,4.0
0.0,0.0,0.0,0.0,0.0,0.0,0.0,0.0,0.0,0.027777777777777776,0.08333333333333333,0.3055555555555555,5.0
0.0,0.0,0.0,0.027777777777777776,0.0,0.0,0.0,0.05555555555555555,0.0,0.013888888888888888,0.009259259259259259,0.39351851851851855,6.0
0.013888888888888888,0.013888888888888888,0.013888888888888888,0.0,0.027777777777777776,0.0,0.0,0.041666666666666664,0.0,0.0,0.05555555555555555,0.3333333333333333,7.0
0.0,0.0,0.0,0.0,0.0,0.0,0.0,0.0,0.0,0.0,0.027777777777777776,0.5555555555555555,8.0
0.0,0.0,0.0,0.0,0.0,0.0,0.0,0.0,0.0,0.0,0.05555555555555555,0.4444444444444444,9.0
0.0,0.0,0.0,0.0,0.0,0.0,0.0,0.0,0.0,0.0,0.027777777777777776,0.2222222222222222,10.0
0.0,0.0,0.0,0.0,0.013888888888888888,0.0,0.013888888888888888,0.0,0.0,0.027777777777777776,0.027777777777777776,0.4166666666666667,11.0
0.0,0.0,0.0,0.0,0.041666666666666664,0.0,0.0,0.013888888888888888,0.0,0.0,0.013888888888888888,0.513888888888889,12.0
0.0,0.0,0.0,0.027777777777777776,0.013888888888888888,0.0,0.0,0.05555555555555555,0.0,0.027777777777777776,0.041666666666666664,0.5,13.0
