oi,gi,ge,ii,jg,gg,so,ji,sh,sg,jc,si,es,os,hs,cs,js,is,gs,ss,TimeFactor
0.0,0.0,0.0,0.0,0.0,0.0,0.0,0.0,0.0,0.0007575757575757576,0.0009057971014492754,0.0020161290322580645,0.004629629629629629,0.013318730473616624,0.014854344254330791,0.022906229327419824,0.041896663763237224,0.053325637958360005,0.13295344578463206,0.7124358169174908,1.0
0.0,0.0,0.0,0.0,0.0,0.0,0.0,0.0,0.0,0.0,0.0,0.011574074074074075,0.0,0.011160714285714286,0.031994047619047616,0.06183531746031747,0.13492024587612825,0.048750583566760035,0.057618075007780885,0.6421469421101774,2.0
0.0,0.0,0.0,0.0,0.0,0.003472222222222222,0.004166666666666667,0.004629629629629629,0.006944444444444444,0.0,0.0,0.0,0.004166666666666667,0.008333333333333333,0.011111111111111112,0.049388227513227516,0.04413329725829726,0.05077711640211641,0.05944564694564694,0.6700983044733043,3.0
0.0,0.0,0.0,0.0,0.0032051282051282055,0.0,0.0,0.0,0.0,0.005952380952380952,0.0,0.0,0.0,0.035929232804232804,0.007605820105820105,0.027749946132299072,0.027294764059469942,0.0699063599798894,0.059474355981708915,0.7628820117790704,4.0
0.0,0.0,0.0,0.0,0.0024509803921568627,0.0,0.0,0.0,0.0,0.0,0.0,0.0,0.001984126984126984,0.024621212121212124,0.001984126984126984,0.014204545454545456,0.04128787878787879,0.06323741617859265,0.04835434173669468,0.8018753713606653,5.0
0.0,0.0,0.0,0.013888888888888888,0.0,0.0,0.0,0.0,0.0,0.0,0.0,0.0,0.0024509803921568627,0.010416666666666666,0.0024509803921568627,0.026756535947712417,0.0323733660130719,0.04724264705882353,0.06278011204481791,0.801639822595705,6.0
0.0,0.0,0.003787878787878788,0.0,0.003787878787878788,0.0,0.0,0.0,0.0,0.0024509803921568627,0.0,0.0024509803921568627,0.005208333333333333,0.005952380952380952,0.012235449735449733,0.022722736437570196,0.04016354016354016,0.09001682579048309,0.08064656198447757,0.7305764532426936,7.0
0.0,0.0,0.0,0.0,0.0032051282051282055,0.0023148148148148147,0.0,0.0,0.0,0.0,0.0,0.0,0.003472222222222222,0.0023148148148148147,0.0,0.02924679487179487,0.01804098679098679,0.04860058922558922,0.05907830595330596,0.6670596764346765,8.0
0.0,0.002777777777777778,0.0,0.0,0.002777777777777778,0.0,0.0,0.0,0.0,0.0,0.0,0.0,0.0,0.034722222222222224,0.013162878787878788,0.057233796296296297,0.033975551738709635,0.03599537037037037,0.08991070454886245,0.7294439204801048,9.0
0.0,0.0,0.0,0.0,0.0,0.0,0.0,0.0,0.0,0.013888888888888888,0.0,0.0,0.0,0.006944444444444444,0.0,0.006944444444444444,0.06466346153846153,0.03154294182519989,0.0907197752963882,0.7852960435621726,10.0
0.0,0.0,0.0,0.0,0.0,0.0,0.0,0.0,0.0,0.011574074074074075,0.0,0.0,0.0,0.010732323232323232,0.015277777777777779,0.03511904761904761,0.03156565656565657,0.05003607503607504,0.13058191808191807,0.7151131276131276,11.0
0.004629629629629629,0.0,0.0,0.0,0.0,0.0,0.004629629629629629,0.0,0.0,0.0,0.0,0.004629629629629629,0.0,0.0026041666666666665,0.024553571428571425,0.02449570105820106,0.05198412698412699,0.04400628306878307,0.05673819966583125,0.7817290622389308,12.0
0.0,0.0,0.0,0.0,0.0,0.0,0.0,0.0,0.0,0.0,0.0,0.0,0.0,0.003472222222222222,0.0,0.01909722222222222,0.06671626984126984,0.01719090413943355,0.04730781201369436,0.7628822362278246,13.0
