jo,sh,sj,cc,sc,ig,gg,oo,so,ih,os,gi,cs,hs,js,ii,jg,si,sg,gs,is,ss,TimeFactor
0.0,0.0,0.0,0.0,0.0,0.0,0.0,0.0,0.0,0.0,0.0,0.009259259259259259,0.009259259259259259,0.009259259259259259,0.009259259259259259,0.009259259259259259,0.013888888888888888,0.02314814814814815,0.02546296296296296,0.05555555555555555,0.0949074074074074,0.49074074074074076,1.0
0.0,0.0,0.0,0.0,0.0,0.0,0.0,0.0,0.0,0.0023148148148148147,0.018518518518518517,0.0,0.0,0.0023148148148148147,0.006944444444444444,0.009259259259259259,0.0,0.009259259259259259,0.016203703703703703,0.07407407407407407,0.06944444444444443,0.6250000000000001,2.0
0.0,0.0,0.0,0.0,0.0,0.0,0.0,0.003472222222222222,0.03125,0.0,0.027777777777777776,0.0,0.0,0.009259259259259259,0.004629629629629629,0.004629629629629629,0.0,0.004629629629629629,0.012566137566137565,0.07886904761904763,0.02182539682539682,0.4677579365079365,3.0
0.0,0.0,0.0,0.0,0.0,0.0,0.016203703703703703,0.0,0.0,0.0,0.0,0.0,0.0,0.0,0.02546296296296296,0.0,0.009259259259259259,0.005555555555555556,0.016203703703703703,0.07083333333333332,0.05092592592592593,0.47222222222222215,4.0
0.0,0.0,0.0,0.0,0.0,0.004629629629629629,0.032407407407407406,0.0,0.0,0.0,0.0,0.0,0.009259259259259259,0.0,0.0,0.0,0.0,0.0,0.032407407407407406,0.10185185185185186,0.048611111111111105,0.4375,5.0
0.0,0.0,0.0,0.0,0.0,0.0,0.027777777777777776,0.0,0.0,0.0,0.0,0.0,0.0,0.0,0.005555555555555556,0.0,0.0,0.0,0.08194444444444444,0.11666666666666665,0.019444444444444445,0.33194444444444443,6.0
0.0,0.0,0.0,0.009259259259259259,0.009259259259259259,0.0,0.06018518518518518,0.0,0.0,0.0,0.0,0.0,0.0,0.0,0.0,0.0,0.0,0.0,0.06018518518518518,0.027777777777777776,0.006944444444444444,0.40972222222222215,7.0
0.0,0.0,0.009259259259259259,0.0,0.013888888888888888,0.0,0.0,0.0,0.0,0.0,0.0,0.0,0.02314814814814815,0.0,0.009259259259259259,0.0,0.013888888888888888,0.0,0.0,0.08333333333333333,0.009259259259259259,0.4212962962962963,8.0
0.0,0.013888888888888888,0.0,0.0,0.013888888888888888,0.0,0.009259259259259259,0.0,0.0,0.0,0.013888888888888888,0.0,0.02314814814814815,0.013888888888888888,0.013888888888888888,0.0,0.013888888888888888,0.0,0.009259259259259259,0.06481481481481481,0.0,0.22685185185185186,9.0
0.013888888888888888,0.0,0.0,0.0,0.0,0.0,0.0,0.0,0.0,0.0,0.013888888888888888,0.0,0.0,0.0,0.0,0.0,0.013888888888888888,0.0,0.0,0.05555555555555555,0.0,0.3194444444444445,10.0
0.0,0.0,0.0,0.0,0.0,0.0,0.027777777777777776,0.0,0.0,0.0,0.0,0.0,0.0,0.0,0.027777777777777776,0.0,0.0,0.0,0.027777777777777776,0.013888888888888888,0.0,0.1527777777777778,11.0
0.0,0.0,0.0,0.0,0.009259259259259259,0.0,0.0,0.0,0.0,0.0,0.0,0.0,0.009259259259259259,0.0,0.0,0.0,0.027777777777777776,0.0,0.0,0.1111111111111111,0.0,0.25925925925925924,12.0
0.0,0.0,0.0,0.0,0.0,0.0,0.0,0.0,0.0,0.0,0.0,0.0,0.0,0.0,0.0,0.0,0.0,0.0,0.05555555555555555,0.05555555555555555,0.027777777777777776,0.2777777777777778,13.0
