cc,jj,eh,oo,so,gj,go,ji,ih,sh,hi,ic,hc,je,hg,gc,sc,ee,he,jg,cg,se,ii,gi,sj,js,es,os,ig,gg,si,sg,cs,hs,ss,is,gs,TimeFactor
0.0,0.0,0.0,0.0,0.0,0.0,0.0,0.0,0.0,0.0,0.0,0.0011111111111111111,0.0014619883040935672,0.0014619883040935672,0.0014619883040935672,0.0014619883040935672,0.0014619883040935672,0.001893939393939394,0.001893939393939394,0.0025252525252525255,0.003636363636363637,0.003636363636363637,0.0037055335968379445,0.005578149920255185,0.0073643676584853055,0.008551360284769896,0.010788558972546247,0.010793204085887013,0.012651515151515151,0.021726712890239808,0.02227707109606981,0.024239509242718487,0.028448933247694857,0.04628162605263716,0.12066772527407184,0.2020923765580828,0.45282644475075085,1.0
0.0,0.0,0.0,0.0,0.0,0.0,0.0012626262626262627,0.0018115942028985507,0.0021929824561403508,0.005858585858585859,0.00682261208576998,0.0,0.0,0.0,0.0,0.0,0.006956521739130435,0.0,0.0,0.0,0.0,0.0,0.0021929824561403508,0.00682261208576998,0.0025252525252525255,0.0036231884057971015,0.014294431731502672,0.036066547831253716,0.004718234981392876,0.016734892787524366,0.0,0.01912242177688402,0.016342486651411137,0.03867014924223162,0.15731611443551138,0.2291658950522862,0.3441665340985572,2.0
0.0,0.0,0.0,0.0,0.006944444444444444,0.009259259259259259,0.0,0.0,0.0,0.0,0.0,0.0,0.0,0.0,0.0,0.002976190476190476,0.001984126984126984,0.0,0.0,0.0,0.0,0.002976190476190476,0.0,0.0,0.012235449735449733,0.0,0.0537037037037037,0.002976190476190476,0.0,0.006944444444444444,0.0,0.013888888888888888,0.029982363315696647,0.058972663139329806,0.4213403880070547,0.1947089947089947,0.18110670194003528,3.0
0.0,0.0,0.0,0.0,0.0,0.0,0.0,0.0,0.0,0.0,0.0,0.0,0.0,0.0,0.0,0.0043859649122807015,0.0,0.0,0.0,0.0,0.020833333333333332,0.0,0.0,0.0,0.0,0.0043859649122807015,0.0,0.020676691729323307,0.0,0.0,0.0,0.04031385281385281,0.008771929824561403,0.03837719298245614,0.368895724158882,0.21065447710184548,0.19937153489785064,4.0
0.0,0.0,0.0,0.0,0.0,0.006944444444444444,0.0,0.0,0.0,0.008333333333333333,0.0,0.0,0.0,0.0,0.0,0.0,0.0,0.0,0.0,0.0,0.011904761904761904,0.0,0.0,0.0,0.006410256410256411,0.010416666666666666,0.026709401709401708,0.027777777777777776,0.01736111111111111,0.0,0.010416666666666666,0.03273809523809524,0.006410256410256411,0.012820512820512822,0.31788003663003656,0.17188644688644686,0.331990231990232,5.0
0.0,0.0,0.0,0.0,0.0,0.0,0.0,0.0,0.0,0.0,0.0,0.0,0.0,0.0,0.0,0.0,0.016666666666666666,0.0,0.0,0.0,0.0,0.0,0.0,0.0,0.0,0.0,0.007575757575757576,0.016534391534391533,0.0,0.011904761904761904,0.004629629629629629,0.07626262626262625,0.0,0.03518518518518519,0.4787397787397787,0.10512866762866763,0.24737253487253485,6.0
0.0,0.0,0.0,0.08333333333333333,0.0,0.0,0.0,0.0,0.0,0.0,0.0,0.0,0.0,0.0,0.0,0.0,0.0,0.0,0.0,0.011904761904761904,0.0,0.0,0.0,0.0,0.0,0.0,0.012820512820512822,0.029513888888888885,0.0,0.006410256410256411,0.08333333333333333,0.02901785714285714,0.0,0.07638888888888888,0.15752060439560436,0.1409722222222222,0.2854510073260073,7.0
0.0,0.0,0.0,0.0,0.007575757575757576,0.0,0.0,0.0,0.0,0.0,0.0,0.0,0.0,0.0,0.0,0.0,0.0,0.0,0.0,0.0,0.0,0.0,0.0,0.0,0.007575757575757576,0.016835016835016835,0.006410256410256411,0.03598484848484849,0.009259259259259259,0.0,0.0,0.043910256410256414,0.007575757575757576,0.013986013986013986,0.501998926998927,0.09241499241499242,0.25647315647315644,8.0
0.0,0.0,0.0,0.0,0.027777777777777776,0.0,0.0,0.0,0.0,0.007575757575757576,0.0,0.010416666666666666,0.0,0.0,0.0,0.0,0.0,0.0,0.0,0.0,0.0,0.0,0.0,0.0,0.0,0.016666666666666666,0.02840909090909091,0.038825757575757576,0.006944444444444444,0.0,0.0,0.0,0.0,0.052714646464646464,0.4441919191919192,0.1210016835016835,0.16214225589225592,9.0
0.0,0.009259259259259259,0.013888888888888888,0.0,0.0,0.0,0.0,0.0,0.0,0.0,0.0,0.0,0.0,0.0,0.0,0.0,0.0,0.0,0.0,0.0,0.020833333333333332,0.020833333333333332,0.0,0.0,0.016666666666666666,0.0,0.0,0.03968253968253968,0.03273809523809524,0.011904761904761904,0.0,0.044642857142857144,0.04662698412698413,0.03783068783068783,0.4312830687830688,0.06547619047619048,0.20833333333333334,10.0
0.0,0.0,0.0,0.0,0.027777777777777776,0.0,0.0,0.0,0.0,0.0,0.0,0.0,0.0,0.0,0.007575757575757576,0.0,0.009259259259259259,0.0,0.0,0.0,0.0,0.0,0.0,0.0,0.010416666666666666,0.0,0.007575757575757576,0.008333333333333333,0.0,0.007575757575757576,0.013888888888888888,0.017992424242424244,0.0,0.019675925925925927,0.5033850408850409,0.13564814814814816,0.1475619288119288,11.0
0.0,0.0,0.0,0.0,0.0,0.0,0.0,0.0,0.0,0.0,0.0,0.0,0.0,0.0,0.0,0.0,0.020833333333333332,0.0,0.0,0.0,0.0,0.020833333333333332,0.0,0.0,0.0,0.018790849673202614,0.0,0.026470588235294117,0.013888888888888888,0.00980392156862745,0.0,0.009259259259259259,0.030637254901960786,0.0,0.6022875816993464,0.12145969498910676,0.12573529411764703,12.0
0.007575757575757576,0.0,0.0,0.0,0.020833333333333332,0.0,0.0,0.0,0.0,0.0,0.0,0.0,0.0,0.0,0.0,0.0,0.0,0.0,0.0,0.0,0.0,0.0,0.008333333333333333,0.0,0.0,0.01948051948051948,0.03472222222222222,0.018849206349206348,0.0,0.0,0.020833333333333332,0.006944444444444444,0.02840909090909091,0.006944444444444444,0.6084776334776335,0.03737373737373737,0.1812229437229437,13.0
