eg,hs,es,sh,io,hh,sc,si,cs,ii,gi,sg,os,gg,js,gs,is,ss,TimeFactor
0.0,0.0,0.0,0.0,0.0,0.0,0.0,0.0,0.0,0.0,0.0,0.0,0.0,0.0,0.004166666666666667,0.036458333333333336,0.1013888888888889,0.857986111111111,1.0
0.0,0.0,0.0,0.0,0.0,0.0,0.0,0.000992063492063492,0.000992063492063492,0.001984126984126984,0.002976190476190476,0.008928571428571428,0.010416666666666666,0.014880952380952378,0.006944444444444444,0.03125,0.022321428571428572,0.4816468253968254,2.0
0.0,0.0,0.0,0.0,0.0,0.0,0.020833333333333332,0.0,0.020833333333333332,0.0,0.0,0.0,0.0,0.0,0.005952380952380952,0.012152777777777778,0.001736111111111111,0.43849206349206354,3.0
0.0,0.005208333333333333,0.005208333333333333,0.020833333333333332,0.020833333333333332,0.020833333333333332,0.0,0.0,0.005208333333333333,0.0,0.0,0.0,0.020833333333333332,0.0,0.026157407407407407,0.04594907407407408,0.026157407407407407,0.7194444444444444,4.0
0.0,0.0,0.010416666666666666,0.0,0.0,0.0,0.0,0.0,0.010416666666666666,0.0,0.0,0.009375,0.020833333333333332,0.0,0.013020833333333334,0.05271990740740742,0.0026041666666666665,0.7139467592592593,5.0
0.0,0.0,0.006944444444444444,0.0,0.0,0.0,0.0,0.0,0.006944444444444444,0.0,0.0,0.020833333333333332,0.0,0.002976190476190476,0.002976190476190476,0.028769841269841268,0.0,0.6805555555555555,6.0
0.0,0.0,0.008333333333333333,0.0,0.0,0.0,0.0,0.0,0.012499999999999999,0.0,0.0,0.007142857142857143,0.003472222222222222,0.0,0.012896825396825398,0.014087301587301588,0.0,0.6915674603174603,7.0
0.005208333333333333,0.0,0.0,0.0,0.0,0.0,0.0,0.0,0.0,0.0,0.0,0.0008333333333333334,0.015625,0.0008333333333333334,0.010416666666666666,0.03781415343915344,0.020833333333333332,0.6584358465608465,8.0
0.0,0.0,0.00954861111111111,0.0,0.0,0.0,0.0,0.0,0.0,0.0,0.0,0.0,0.010416666666666666,0.0,0.0020833333333333333,0.008901515151515152,0.015104166666666667,0.5372790404040404,9.0
0.0,0.009325396825396825,0.010416666666666666,0.0,0.0,0.0,0.0,0.0,0.013888888888888888,0.0,0.0,0.0,0.006944444444444444,0.0,0.004166666666666667,0.01570961718020542,0.0,0.6062149859943978,10.0
0.0,0.0,0.006944444444444444,0.0,0.0,0.0,0.0,0.0,0.006944444444444444,0.0,0.0,0.013888888888888888,0.0,0.0,0.005291005291005291,0.025198412698412696,0.012499999999999999,0.5125661375661376,11.0
0.0,0.0,0.0,0.0,0.0,0.0,0.0,0.0,0.02157738095238095,0.0,0.0,0.00992063492063492,0.006944444444444444,0.0,0.0010964912280701754,0.025362886382623222,0.011017126148705097,0.5907477025898079,12.0
0.0,0.0,0.0,0.0,0.0,0.0,0.0,0.0,0.005208333333333333,0.0,0.0,0.0,0.020833333333333332,0.0,0.0032051282051282055,0.013141025641025641,0.004166666666666667,0.7034455128205129,13.0
