cc,sc,eh,ei,cg,og,hg,hh,oi,se,he,ci,cs,sh,es,gi,ih,ig,js,jj,sj,eg,gg,sg,hs,os,ii,si,is,gs,ss,TimeFactor
0.0,0.0,0.0,0.0,0.0013227513227513227,0.0013227513227513227,0.0013227513227513227,0.0013227513227513227,0.0013227513227513227,0.0013227513227513227,0.0013227513227513227,0.0013227513227513227,0.0013227513227513227,0.0013227513227513227,0.0026455026455026454,0.0033068783068783067,0.0033068783068783067,0.0033068783068783067,0.004629629629629629,0.006944444444444444,0.006944444444444444,0.009259259259259259,0.010185185185185184,0.011904761904761904,0.01917989417989418,0.0291005291005291,0.03373015873015873,0.04001322751322751,0.08531746031746033,0.15482804232804231,0.5621693121693121,1.0
0.0,0.0,0.002777777777777778,0.013888888888888888,0.0,0.0,0.0,0.0,0.0,0.0,0.0,0.0,0.0,0.002777777777777778,0.027777777777777776,0.0,0.0,0.002777777777777778,0.0,0.0,0.0,0.0,0.010185185185185184,0.019444444444444445,0.019444444444444445,0.004629629629629629,0.0,0.019444444444444445,0.057716049382716045,0.0935185185185185,0.5589506172839506,2.0
0.005555555555555556,0.005555555555555556,0.0,0.0,0.0,0.0,0.0,0.0,0.0,0.0,0.0,0.0,0.019444444444444445,0.0,0.0,0.0,0.0,0.0,0.005555555555555556,0.0,0.0,0.0,0.0,0.0,0.0,0.013888888888888888,0.0,0.0,0.06111111111111111,0.03888888888888889,0.6833333333333332,3.0
0.027777777777777776,0.027777777777777776,0.0,0.0,0.0,0.0,0.0,0.0,0.0,0.0,0.0,0.0,0.05555555555555555,0.0,0.0,0.0,0.0,0.0,0.0,0.0,0.0,0.0,0.0,0.0,0.0,0.0,0.006944444444444444,0.006944444444444444,0.0,0.041666666666666664,0.3333333333333333,4.0
0.0,0.027777777777777776,0.0,0.0,0.0,0.0,0.0,0.0,0.0,0.0,0.0,0.0,0.027777777777777776,0.0,0.0,0.0,0.0,0.0,0.0,0.0,0.0,0.0,0.0,0.027777777777777776,0.0,0.02314814814814815,0.0,0.0,0.05092592592592593,0.0925925925925926,0.5000000000000001,5.0
0.0,0.0,0.0,0.0,0.0,0.0,0.0,0.0,0.0,0.0,0.0,0.0,0.0,0.0,0.0,0.0,0.0,0.013888888888888888,0.0,0.0,0.0,0.0,0.0,0.0,0.027777777777777776,0.027777777777777776,0.0,0.0,0.013888888888888888,0.027777777777777776,0.47222222222222227,6.0
0.0,0.0,0.0,0.0,0.0,0.0,0.0,0.0,0.0,0.0,0.0,0.0,0.0,0.0,0.0,0.0,0.0,0.0,0.0,0.0,0.0,0.0,0.013888888888888888,0.013888888888888888,0.0,0.041666666666666664,0.0,0.0,0.06944444444444443,0.013888888888888888,0.34722222222222215,7.0
0.0,0.013888888888888888,0.0,0.0,0.0,0.0,0.0,0.0,0.0,0.0,0.0,0.0,0.013888888888888888,0.0,0.0,0.0,0.0,0.0,0.0,0.0,0.0,0.0,0.006944444444444444,0.006944444444444444,0.02546296296296296,0.0,0.0,0.0,0.020833333333333332,0.06944444444444443,0.675925925925926,8.0
0.0,0.0,0.0,0.0,0.0,0.0,0.0,0.0,0.0,0.0,0.0,0.0,0.0,0.0,0.0,0.0,0.0,0.0,0.0,0.0,0.0,0.0,0.0,0.0,0.0,0.013888888888888888,0.0,0.0,0.0,0.027777777777777776,0.375,9.0
0.0,0.0,0.0,0.0,0.0,0.0,0.0,0.0,0.0,0.0,0.0,0.0,0.0,0.0,0.0,0.0,0.0,0.0,0.0,0.0,0.0,0.0,0.013888888888888888,0.013888888888888888,0.0,0.05555555555555555,0.0,0.0,0.0,0.013888888888888888,0.3194444444444444,10.0
0.0,0.0,0.0,0.0,0.0,0.0,0.0,0.0,0.0,0.0,0.0,0.0,0.027777777777777776,0.0,0.013888888888888888,0.0,0.0,0.0,0.0,0.0,0.0,0.0,0.0,0.0,0.0,0.027777777777777776,0.0,0.013888888888888888,0.013888888888888888,0.06944444444444443,0.4166666666666667,11.0
0.0,0.0,0.0,0.0,0.0,0.0,0.0,0.0,0.0,0.0,0.0,0.0,0.0,0.0,0.0,0.0,0.0,0.0,0.0,0.0,0.0,0.0,0.0,0.0,0.0,0.06944444444444443,0.0,0.0,0.013888888888888888,0.0,0.3333333333333333,12.0
0.0,0.0,0.0,0.0,0.0,0.0,0.0,0.0,0.0,0.0,0.0,0.0,0.0,0.0,0.0,0.0,0.0,0.0,0.0,0.0,0.0,0.0,0.0,0.0,0.0,0.041666666666666664,0.013888888888888888,0.013888888888888888,0.041666666666666664,0.0,0.38888888888888884,13.0
