jic,igi,ehs,egs,hgs,jis,eis,jgs,jhs,isg,sgg,ssg,ges,igs,gis,isi,ees,scg,ssi,sis,sgs,ggs,ess,oss,hss,jss,iss,css,gss,sss,TimeFactor
0.0,0.0,0.0,0.0,0.0,0.0,0.0,0.0,0.0013440860215053762,0.0013440860215053762,0.001388888888888889,0.001488095238095238,0.001488095238095238,0.001488095238095238,0.0020325203252032522,0.0020325203252032522,0.0021367521367521365,0.0021367521367521365,0.0021367521367521365,0.0024509803921568627,0.004636686991869919,0.006620252854112251,0.011473905061631262,0.01706270578648454,0.029138397918253147,0.053966505062793296,0.06417123990977751,0.09931417626100285,0.21013229785974197,0.4820162081953281,1.0
0.0,0.0,0.0,0.0,0.001366120218579235,0.001366120218579235,0.0018115942028985507,0.0018115942028985507,0.0,0.0018115942028985507,0.0,0.0,0.0,0.0,0.0,0.0,0.0,0.0,0.002457264957264957,0.001736111111111111,0.0,0.0024344962869553032,0.001366120218579235,0.00981649069884364,0.009799302211701064,0.07729267201582547,0.058171062037063216,0.0615722356633377,0.14760611125685408,0.5362477771632768,2.0
0.0,0.0,0.0,0.0016025641025641027,0.0,0.0017730496453900709,0.0,0.0,0.0,0.0,0.0,0.0,0.0,0.0,0.0,0.0,0.0,0.0,0.0,0.0,0.01892308341776427,0.0,0.0017730496453900709,0.027579045120503187,0.004870537958773253,0.059603501289270173,0.06787834132561917,0.01199649936352064,0.1157246926202346,0.6049423021776371,3.0
0.0,0.0,0.0,0.0,0.0,0.0,0.0,0.001937984496124031,0.0,0.0,0.0,0.0,0.0,0.0,0.0,0.0,0.0,0.0,0.0,0.0,0.007060185185185186,0.0,0.0038843721770551037,0.01875,0.006148373983739838,0.07461607949412827,0.08058232081322457,0.020174208525030986,0.08609791747435915,0.7007485578511528,4.0
0.0,0.0,0.0,0.0,0.0,0.0,0.0,0.0,0.0,0.0,0.0,0.0,0.0,0.0,0.0,0.0,0.0,0.0,0.0,0.0,0.003968253968253968,0.003968253968253968,0.0,0.0023148148148148147,0.004166666666666667,0.14677860384382124,0.050256185038793734,0.017827733860342556,0.07950166781688521,0.6078844866888344,5.0
0.0,0.0,0.0,0.0,0.0,0.0,0.0,0.0,0.0,0.0,0.0,0.0,0.0,0.0,0.0,0.0,0.0,0.0,0.0,0.0,0.010416666666666666,0.003787878787878788,0.0,0.00623885918003565,0.0024509803921568627,0.10555555555555556,0.022310287751464222,0.02936507936507936,0.08025646738882032,0.4896182249123426,6.0
0.0,0.0,0.0,0.0,0.0,0.0,0.0,0.0024509803921568627,0.0,0.0,0.0,0.0,0.0,0.0,0.0,0.0,0.0,0.0,0.0,0.0,0.005555555555555556,0.0,0.0,0.02844065656565656,0.0,0.07113784907902555,0.05009345910081204,0.00623885918003565,0.0879932907506437,0.5814226827094474,7.0
0.0,0.0,0.0,0.0,0.0,0.0,0.0,0.0,0.0,0.0,0.0,0.0,0.0,0.0,0.0,0.0,0.0,0.0,0.0,0.0,0.0024509803921568627,0.0,0.0,0.011574074074074075,0.0024509803921568627,0.06880075262428204,0.016863683272352003,0.02840909090909091,0.09957040567654378,0.6032133659926768,8.0
0.005208333333333333,0.007575757575757576,0.027777777777777776,0.0,0.0,0.0,0.0,0.0,0.0,0.0,0.0,0.0,0.0,0.006410256410256411,0.0,0.0,0.0,0.0,0.0,0.0,0.03535353535353535,0.005208333333333333,0.013131313131313133,0.024068813131313132,0.041666666666666664,0.06429398148148148,0.008159722222222223,0.046875,0.16959134615384616,0.5446791634291634,9.0
0.0,0.0,0.0,0.0,0.0,0.0,0.0,0.0,0.0,0.0,0.0,0.0,0.0,0.0,0.0,0.0,0.0,0.0,0.0,0.0,0.0,0.0,0.0,0.013354700854700854,0.0,0.025268125268125264,0.048941798941798946,0.012820512820512822,0.04684684684684685,0.7694346819346819,10.0
0.0,0.0,0.0,0.0,0.0,0.0,0.0,0.030555555555555558,0.0,0.0,0.009259259259259259,0.0,0.0,0.0,0.0,0.0,0.0,0.0,0.0,0.0,0.0,0.0,0.0,0.03156565656565657,0.013888888888888888,0.09652777777777778,0.03535353535353535,0.007575757575757576,0.08743686868686869,0.5211700336700337,11.0
0.0,0.0,0.0,0.0,0.0,0.0,0.0,0.0,0.0,0.0,0.0,0.0,0.0,0.0,0.0,0.0,0.0,0.0,0.0,0.0,0.011904761904761904,0.0,0.0,0.00798611111111111,0.006410256410256411,0.05873015873015872,0.018686868686868686,0.02560460372960373,0.09903048340548341,0.6049800893550893,12.0
0.0,0.0,0.0,0.0,0.0,0.0,0.0,0.0,0.0,0.0,0.0,0.0,0.0,0.0,0.0,0.0,0.0,0.0,0.0,0.0,0.010662177328843996,0.0,0.0,0.007716049382716049,0.0,0.023245273245273246,0.10308641975308641,0.027391975308641976,0.0689102564102564,0.758987848571182,13.0
