jg,oo,gh,oh,jc,cc,hc,eo,sh,so,sc,sj,jj,hs,ge,hi,ih,ig,si,ee,se,gi,js,es,ii,cs,os,sg,gg,is,gs,ss,TimeFactor
0.0,0.0,0.0,0.0,0.0,0.0,0.0,0.0,0.0,0.0,0.0,0.0,0.0,0.0,0.0010683760683760683,0.0021367521367521365,0.0021367521367521365,0.005341880341880341,0.005341880341880341,0.005555555555555556,0.005555555555555556,0.005555555555555556,0.005555555555555556,0.005608974358974359,0.006623931623931624,0.006944444444444444,0.013888888888888888,0.04775641025641025,0.051816239316239306,0.09914529914529914,0.14481837606837605,0.5851495726495726,1.0
0.0,0.0,0.0,0.0,0.0,0.0,0.0,0.0,0.0,0.0,0.0,0.003968253968253968,0.003968253968253968,0.023908730158730157,0.0,0.0,0.0,0.0,0.018836487586487583,0.0,0.003968253968253968,0.004629629629629629,0.009081196581196582,0.006105006105006104,0.014054232804232803,0.01091269841269841,0.007936507936507936,0.015376984126984126,0.008101851851851851,0.06709147334147332,0.13464590964590964,0.5007478632478634,2.0
0.0,0.0,0.0,0.0,0.0,0.0,0.0,0.0,0.0,0.009259259259259259,0.016414141414141412,0.0013227513227513227,0.0013227513227513227,0.003848003848003848,0.0,0.0,0.0,0.005555555555555556,0.021705146705146703,0.0,0.0,0.0,0.0025252525252525255,0.0025252525252525255,0.009722222222222222,0.03308080808080808,0.05199615199615199,0.012301587301587301,0.002777777777777778,0.05551346801346801,0.11319745069745069,0.4902657527657528,3.0
0.0,0.0,0.0,0.0,0.0,0.0,0.0,0.0,0.003472222222222222,0.0,0.0,0.0,0.0,0.05539021164021163,0.0,0.0,0.027777777777777776,0.0014619883040935672,0.015846908939014203,0.0,0.0,0.0014619883040935672,0.0,0.0,0.006944444444444444,0.0,0.006944444444444444,0.014802631578947366,0.010416666666666666,0.05887113617376775,0.06971421609579503,0.31022869674185466,4.0
0.0,0.0,0.0,0.0,0.0,0.0,0.003968253968253968,0.013888888888888888,0.0,0.0,0.0,0.0,0.0,0.01025132275132275,0.0,0.0,0.0,0.0,0.011111111111111112,0.0,0.0,0.0,0.009523809523809523,0.0,0.011111111111111112,0.023412698412698413,0.027777777777777776,0.009523809523809523,0.009523809523809523,0.01091269841269841,0.12857142857142856,0.39708994708994716,5.0
0.0,0.0,0.0,0.0,0.0,0.009259259259259259,0.0,0.0,0.0,0.0,0.014814814814814814,0.0,0.0,0.027777777777777776,0.0,0.0,0.0,0.0,0.005555555555555556,0.0,0.0,0.0,0.0,0.009259259259259259,0.005555555555555556,0.05648148148148149,0.004273504273504273,0.0,0.0,0.034188034188034185,0.02948717948717949,0.4700142450142451,6.0
0.0,0.0,0.0,0.0,0.027777777777777776,0.0,0.0,0.0,0.0,0.0,0.013888888888888888,0.0,0.0,0.0,0.0,0.0,0.0,0.0,0.021180555555555553,0.0,0.0,0.0,0.0,0.0,0.0,0.04722222222222222,0.005208333333333333,0.001736111111111111,0.0,0.04097222222222222,0.06284722222222222,0.4458333333333333,7.0
0.0,0.0,0.0,0.027777777777777776,0.0,0.0,0.0,0.0,0.0,0.0,0.0,0.0,0.0,0.041666666666666664,0.0,0.0,0.0,0.0,0.004629629629629629,0.0,0.0,0.0,0.0023148148148148147,0.013888888888888888,0.0023148148148148147,0.041666666666666664,0.0,0.037037037037037035,0.013888888888888888,0.004629629629629629,0.048611111111111105,0.26157407407407407,8.0
0.0,0.0,0.0025252525252525255,0.0,0.0,0.0,0.0,0.0,0.0,0.013888888888888888,0.0,0.0,0.0,0.039562289562289556,0.0,0.0,0.0,0.0,0.0,0.0,0.0,0.0025252525252525255,0.0,0.0,0.0,0.0,0.027777777777777776,0.009259259259259259,0.0,0.02567340067340067,0.09385521885521886,0.6182659932659934,9.0
0.003968253968253968,0.003968253968253968,0.0,0.0,0.0,0.0,0.0,0.0,0.0,0.003968253968253968,0.0,0.0,0.0,0.027777777777777776,0.0,0.0,0.0,0.0,0.013888888888888888,0.0,0.0,0.0,0.0,0.0,0.0,0.0,0.041666666666666664,0.0,0.0,0.017857142857142856,0.03042328042328042,0.4398148148148148,10.0
0.0,0.0,0.0,0.0,0.0,0.0,0.0,0.0,0.0,0.009259259259259259,0.0,0.0,0.0,0.0,0.0,0.0,0.0,0.0,0.0,0.0,0.0,0.0,0.0,0.009259259259259259,0.0,0.0,0.009259259259259259,0.0,0.0,0.032407407407407406,0.06944444444444443,0.4537037037037037,11.0
0.0,0.0,0.0,0.0,0.0,0.0,0.0,0.0,0.0,0.0,0.006944444444444444,0.006944444444444444,0.006944444444444444,0.013888888888888888,0.0,0.0,0.0,0.005555555555555556,0.0,0.0,0.0,0.0,0.0,0.0,0.0,0.006944444444444444,0.0,0.027777777777777776,0.0,0.019444444444444445,0.11249999999999999,0.5430555555555555,12.0
0.0,0.0,0.0,0.013888888888888888,0.0,0.0,0.0,0.0,0.0,0.0,0.027777777777777776,0.0,0.0,0.027777777777777776,0.0,0.0,0.0,0.0,0.0,0.0,0.0,0.0,0.0,0.0,0.0,0.027777777777777776,0.03472222222222222,0.0,0.0,0.006944444444444444,0.0625,0.46527777777777785,13.0
