ci,gg,so,cg,se,jh,jg,ji,jo,gc,sh,je,jc,ii,gi,sj,jj,sc,os,js,es,si,sg,cs,hs,ss,is,gs,TimeFactor
0.0,0.0,0.0,0.0,0.0,0.0,0.0,0.0,0.0,0.0,0.0,0.0,0.0,0.001388888888888889,0.0026881720430107525,0.0033993783993783995,0.006944444444444444,0.00772035101303394,0.008027859237536657,0.010648148148148148,0.018677156177156175,0.019398656898656896,0.022210994182111962,0.024257281962943134,0.03703068138552009,0.16338929628364793,0.22026093212190037,0.45395775881362227,1.0
0.0,0.0,0.0,0.0,0.0,0.0,0.0,0.0010964912280701754,0.0020325203252032522,0.0022522522522522522,0.0022522522522522522,0.002976190476190476,0.0045045045045045045,0.0,0.002976190476190476,0.0010964912280701754,0.0,0.0,0.0022522522522522522,0.009108684022871667,0.011869699369699371,0.07560774337090126,0.009737886382623224,0.02072763757546366,0.032047532319620285,0.21347691278072878,0.24579396292928712,0.3601907962538189,2.0
0.0,0.0,0.0,0.0,0.003968253968253968,0.003968253968253968,0.009157509157509158,0.006410256410256411,0.0,0.0,0.0,0.0,0.0,0.0,0.0,0.007173382173382173,0.0,0.0,0.009157509157509158,0.011935286935286935,0.03537851037851037,0.0,0.012759462759462761,0.01723477140143807,0.025603717270383936,0.1671991588658255,0.30117690951024284,0.3888770180436847,3.0
0.0,0.0,0.0,0.0026881720430107525,0.0,0.0026881720430107525,0.024652777777777777,0.0,0.0,0.0,0.0,0.0,0.0,0.0,0.0,0.005555555555555556,0.005208333333333333,0.0032051282051282055,0.0026881720430107525,0.0026881720430107525,0.016468253968253965,0.01014957264957265,0.01909722222222222,0.006538461538461539,0.03357199476151088,0.16701780074763942,0.29276572441895027,0.3216831533162179,4.0
0.0,0.009259259259259259,0.010416666666666666,0.0,0.009259259259259259,0.0,0.004629629629629629,0.0,0.0,0.0,0.0,0.0,0.002976190476190476,0.0,0.0,0.0,0.0,0.0,0.027777777777777776,0.0,0.007605820105820105,0.002976190476190476,0.0,0.02230006835269993,0.031746031746031744,0.11268622946254526,0.4399785764917344,0.3183883002961951,5.0
0.0,0.0,0.0,0.011904761904761904,0.0,0.0026881720430107525,0.028121072475911186,0.0026881720430107525,0.0,0.0,0.006944444444444444,0.0,0.012820512820512822,0.0,0.0,0.013888888888888888,0.011904761904761904,0.005952380952380952,0.014285714285714285,0.01310483870967742,0.028306463651291237,0.006944444444444444,0.02285353535353535,0.027883163832830127,0.08147422500870777,0.13699156022570927,0.28207466661999475,0.2891682203904117,6.0
0.0,0.0,0.013888888888888888,0.0,0.0,0.0,0.003472222222222222,0.025000000000000005,0.0,0.0,0.0,0.0,0.0,0.0,0.007575757575757576,0.008333333333333333,0.0,0.0,0.003472222222222222,0.008333333333333333,0.022222222222222223,0.0375,0.015318627450980393,0.013888888888888888,0.10077614379084966,0.18251262626262624,0.37511512180629825,0.18259061200237672,7.0
0.016666666666666666,0.020833333333333332,0.0,0.003787878787878788,0.0,0.0,0.004166666666666667,0.006944444444444444,0.0,0.0,0.0,0.0,0.0,0.0,0.0,0.0,0.0,0.011363636363636362,0.0,0.01091269841269841,0.01702317290552585,0.012103174603174602,0.018452380952380953,0.01091269841269841,0.1173616416263475,0.07507215007215008,0.3943383413971649,0.280061115355233,8.0
0.0,0.01636904761904762,0.0,0.0,0.0,0.0,0.005555555555555556,0.009259259259259259,0.0,0.0,0.0,0.0,0.010416666666666666,0.0,0.0,0.0,0.0,0.0,0.0,0.007575757575757576,0.01597222222222222,0.009259259259259259,0.0,0.007575757575757576,0.03816738816738817,0.13250867066656538,0.3035071896914002,0.3604998924077871,9.0
0.008333333333333333,0.0,0.0,0.0,0.0,0.0,0.011904761904761904,0.0,0.0,0.0,0.0,0.0,0.0,0.0,0.0,0.0,0.0,0.0,0.008333333333333333,0.0026881720430107525,0.014592933947772656,0.0,0.02629928315412186,0.0,0.034434203789042495,0.195823978888495,0.2583796132183229,0.4392103863878057,10.0
0.0,0.0,0.0,0.0,0.0,0.0,0.009259259259259259,0.0,0.0,0.0,0.0,0.0,0.002976190476190476,0.0,0.0,0.0,0.0,0.0,0.0,0.0,0.026260964912280704,0.014189886480908152,0.009259259259259259,0.019642857142857142,0.07127100840336134,0.1503305342604878,0.3734749455337691,0.3233350942716268,11.0
0.0,0.008333333333333333,0.0,0.0,0.0,0.0,0.046052631578947366,0.044444444444444446,0.0,0.0,0.0,0.0,0.004629629629629629,0.0,0.0,0.0,0.013888888888888888,0.0043859649122807015,0.0,0.012962962962962963,0.008771929824561403,0.020535714285714286,0.03981481481481481,0.0043859649122807015,0.04549916457811195,0.1234544695071011,0.33845203285992764,0.28438805346700086,12.0
0.0,0.0,0.0,0.0,0.0,0.0,0.005208333333333333,0.0,0.0,0.0,0.0,0.0,0.0,0.0,0.016666666666666666,0.0,0.0,0.0,0.026041666666666668,0.04270833333333333,0.017113095238095236,0.048611111111111105,0.11433531746031746,0.010416666666666666,0.07787698412698413,0.135515873015873,0.23050595238095237,0.275,13.0
