shs,jsh,osh,osg,his,csg,isi,hsi,gsi,isg,ggg,ggs,iis,sgs,gsj,gsg,sis,ess,gis,igs,hss,oss,jss,css,gss,iss,sss,TimeFactor
0.0,0.0,0.0,0.0,0.001488095238095238,0.001488095238095238,0.001488095238095238,0.001488095238095238,0.001488095238095238,0.001488095238095238,0.001851851851851852,0.002976190476190476,0.0033399470899470895,0.0033399470899470895,0.0036231884057971015,0.005111283643892339,0.005475040257648954,0.005607315389924085,0.005952380952380952,0.008680555555555554,0.019035397975615365,0.02783169427191166,0.0622723894463025,0.06333877475181822,0.12221160482030047,0.18586619198032242,0.4645576746120224,1.0
0.0,0.0,0.0,0.002777777777777778,0.0,0.0,0.0,0.0,0.0,0.004545454545454545,0.0,0.0,0.0,0.006410256410256411,0.0,0.002777777777777778,0.011904761904761904,0.03356846535419614,0.0,0.0,0.06433157485789065,0.03952126305067482,0.021558107162977545,0.14732837232952756,0.11207294058825874,0.13774012288406265,0.41546312535638347,2.0
0.0,0.0,0.0025252525252525255,0.0,0.0,0.0,0.0,0.0,0.0,0.0,0.0,0.0,0.0,0.0,0.0,0.0,0.0,0.008771929824561403,0.0,0.0,0.0594486531986532,0.059238215488215486,0.1439814814814815,0.1381052853092327,0.0668859649122807,0.12341673312068048,0.39762648413964197,3.0
0.0,0.0,0.0,0.0,0.0,0.0,0.0,0.0,0.0,0.0,0.0,0.0,0.0,0.0,0.0,0.0,0.0,0.0,0.0,0.0,0.017676767676767676,0.017992424242424244,0.129265873015873,0.21733405483405485,0.06746031746031746,0.18078102453102451,0.36948953823953823,4.0
0.0,0.0,0.0,0.0,0.0,0.0,0.0,0.0,0.0,0.0,0.0,0.0,0.0,0.020833333333333332,0.0,0.0,0.020833333333333332,0.004901960784313725,0.0,0.0,0.0375,0.04583333333333334,0.02573529411764706,0.12215537730243613,0.16329471182412358,0.15161170528817589,0.40730095068330363,5.0
0.0,0.0,0.0,0.0,0.0,0.0,0.0,0.0,0.0,0.0,0.0,0.0,0.0,0.0,0.0,0.0,0.0,0.0,0.0,0.0,0.0,0.06752136752136752,0.125,0.0202991452991453,0.07585470085470085,0.1003052503052503,0.44435286935286933,6.0
0.0,0.0,0.0,0.0,0.0,0.0,0.0,0.0,0.0,0.0,0.0,0.0,0.0,0.0,0.0,0.0,0.0,0.0,0.0,0.0,0.0,0.09375,0.11254084967320262,0.09865196078431372,0.09892429193899782,0.0963371459694989,0.33312908496732024,7.0
0.004901960784313725,0.004901960784313725,0.0,0.0,0.0,0.0,0.0,0.0,0.0,0.0,0.0,0.0,0.0,0.08333333333333333,0.0,0.0,0.0,0.01184640522875817,0.0,0.0,0.0,0.018790849673202614,0.04309640522875816,0.029207516339869278,0.056372549019607844,0.17790032679738563,0.4029820261437908,8.0
0.0,0.0,0.0,0.0,0.0,0.0,0.0,0.0,0.0,0.0,0.0,0.0,0.0,0.0,0.0,0.0,0.0,0.020833333333333332,0.0,0.0,0.005952380952380952,0.06740196078431372,0.03764005602240896,0.07855392156862745,0.16349789915966387,0.07569444444444444,0.5504260037348273,9.0
0.0,0.0,0.0,0.0,0.0,0.0,0.0,0.0,0.0,0.0,0.0,0.0,0.0,0.0,0.0,0.0,0.0,0.0,0.0,0.0,0.0,0.06388888888888888,0.06805555555555555,0.20879629629629629,0.16064814814814815,0.1037037037037037,0.31157407407407406,10.0
0.0,0.0,0.0,0.0,0.0,0.0,0.0,0.0,0.0,0.0,0.0,0.0,0.0,0.0,0.0,0.0,0.0,0.0,0.0,0.0,0.0,0.009259259259259259,0.016666666666666666,0.16018518518518518,0.16666666666666666,0.041666666666666664,0.5222222222222223,11.0
0.0,0.0,0.0,0.0,0.0,0.0,0.0,0.0,0.0,0.0,0.0,0.0,0.0,0.0,0.0,0.0,0.0,0.013888888888888888,0.0,0.0,0.0,0.020833333333333332,0.020833333333333332,0.06944444444444443,0.13194444444444445,0.016666666666666666,0.3097222222222222,12.0
0.0,0.0,0.0,0.0,0.0,0.0,0.0,0.0,0.0,0.0,0.0,0.0,0.0,0.0,0.0,0.0,0.0,0.0,0.0,0.0,0.0,0.020833333333333332,0.027777777777777776,0.027777777777777776,0.08055555555555555,0.09305555555555556,0.4166666666666667,13.0
