ji,sj,so,gg,jg,ih,sc,sh,jj,sg,es,si,os,hs,js,cs,is,gs,ss,TimeFactor
0.0,0.0,0.0,0.0,0.0,0.0,0.0,0.0,0.003787878787878788,0.004331254331254332,0.005952380952380952,0.006170870042368344,0.009190406367825721,0.016206381337960287,0.029528938916105207,0.029890580569148867,0.056953311224778785,0.13656845049547467,0.701419546974824,1.0
0.0,0.0,0.0,0.0,0.0,0.001488095238095238,0.0016025641025641027,0.012483465608465609,0.0,0.0,0.01408615982624934,0.0024509803921568627,0.007856205443039383,0.02648232076696198,0.03478663768297915,0.049441451066290165,0.0957404284200048,0.09238757592615447,0.5778607821937055,2.0
0.0,0.0,0.0,0.0,0.003289473684210526,0.0,0.0,0.0018115942028985507,0.0,0.006163036902601331,0.004412972085385878,0.0,0.00644549241058913,0.00945048309178744,0.07864166430113718,0.06528704006045646,0.07175131690634991,0.087140595623852,0.6656063307307315,3.0
0.0,0.0015432098765432098,0.001984126984126984,0.0026041666666666665,0.0026041666666666665,0.0,0.0,0.0,0.0,0.0026041666666666665,0.01240079365079365,0.001984126984126984,0.015554608227022022,0.004748338081671415,0.07924107142857144,0.04405965801439939,0.02893449076997927,0.10452445861928622,0.613879284030146,4.0
0.0,0.0,0.0,0.0,0.0,0.0,0.0,0.0,0.0,0.0,0.011458333333333333,0.0,0.013888888888888888,0.020833333333333332,0.08993055555555556,0.042361111111111106,0.04895833333333333,0.03506944444444444,0.48750000000000004,5.0
0.0,0.0,0.0,0.0,0.005208333333333333,0.0,0.0,0.0,0.0,0.0024509803921568627,0.004629629629629629,0.0,0.025541258169934643,0.0024509803921568627,0.03725830610021786,0.02800925925925926,0.06838575708061002,0.11948529411764706,0.6232468681917211,6.0
0.0,0.0,0.0,0.0,0.0,0.0,0.0,0.0,0.0,0.0,0.003968253968253968,0.0,0.003472222222222222,0.004166666666666667,0.06597222222222222,0.05393518518518519,0.07218915343915344,0.04669312169312168,0.582936507936508,7.0
0.0,0.0,0.0,0.0,0.0,0.0,0.0,0.0,0.0,0.0,0.0,0.003787878787878788,0.004166666666666667,0.0020833333333333333,0.041666666666666664,0.011363636363636362,0.06767676767676768,0.015277777777777779,0.437310606060606,8.0
0.0,0.0,0.0,0.003787878787878788,0.003787878787878788,0.0,0.0,0.0,0.0,0.003787878787878788,0.010416666666666666,0.001893939393939394,0.003787878787878788,0.0,0.03598484848484849,0.012310606060606062,0.017992424242424244,0.03093434343434343,0.3753156565656566,9.0
0.0,0.0,0.0,0.0,0.0,0.0,0.0,0.0,0.0,0.0,0.0,0.0,0.0032051282051282055,0.0,0.028205128205128206,0.009386446886446886,0.049107142857142856,0.05730311355311355,0.6027930402930403,10.0
0.0,0.0,0.0,0.001488095238095238,0.0,0.0,0.0,0.0,0.0,0.0,0.0,0.004166666666666667,0.03988095238095238,0.02619047619047619,0.03898809523809524,0.021230158730158728,0.04226190476190476,0.027976190476190474,0.6311507936507936,11.0
0.0,0.0,0.0,0.010416666666666666,0.004415760869565217,0.0,0.0,0.0,0.0,0.0,0.0012626262626262627,0.0,0.01917270531400966,0.0012626262626262627,0.04845328282828284,0.01909036012296882,0.025719148001756693,0.036132383618796664,0.7507411067193677,12.0
0.004166666666666667,0.003787878787878788,0.0,0.004629629629629629,0.003787878787878788,0.0,0.0,0.0,0.004166666666666667,0.0,0.004629629629629629,0.0,0.022222222222222223,0.016666666666666666,0.019907407407407405,0.016666666666666666,0.017592592592592594,0.12138047138047138,0.7603956228956229,13.0
