jg,so,cg,eg,se,sh,ch,hc,sj,gi,ji,sc,ii,og,hi,ih,hg,ig,oi,si,gg,es,sg,js,hs,os,cs,is,gs,ss,TimeFactor
0.0,0.0,0.0,0.0,0.0,0.0,0.0,0.0,0.0,0.0,0.0,0.0,0.0,0.0004084967320261438,0.0004084967320261438,0.0004084967320261438,0.0004084967320261438,0.0004084967320261438,0.0006944444444444445,0.0014005602240896359,0.002182539682539682,0.0024691358024691358,0.005392197388214545,0.009040352400848274,0.011606590193390767,0.014446973890907712,0.04555322753964253,0.07549649010859256,0.16456034793888988,0.66511465672584,1.0
0.0,0.0,0.0,0.0,0.0,0.0,0.0005868544600938967,0.0005868544600938967,0.0005868544600938967,0.0005868544600938967,0.000946969696969697,0.0013020833333333333,0.002347417840375587,0.0,0.0,0.0,0.0,0.000641025641025641,0.0,0.002453370297197969,0.0,0.0035722834815913023,0.003751265764521771,0.01667446138958034,0.016854387753117657,0.012417538888127124,0.050134303083008265,0.08382956015504726,0.176122644784628,0.6266052700511004,2.0
0.0,0.0,0.0,0.0011904761904761904,0.0011904761904761904,0.0012626262626262627,0.0,0.0,0.0,0.0006313131313131314,0.0005787037037037037,0.0016025641025641027,0.0,0.0,0.0,0.0,0.0,0.0,0.0,0.002331002331002331,0.0,0.005957150488400488,0.0012626262626262627,0.022847376679923852,0.007522482758331815,0.015009021649646652,0.057907195333492506,0.07757880767904353,0.1390842577015926,0.6640439195347804,3.0
0.0,0.0,0.0010683760683760683,0.0,0.0,0.0,0.0,0.0,0.0,0.0,0.0,0.0,0.0,0.0,0.0,0.0,0.0,0.0,0.0,0.002167775761242186,0.0,0.0014367816091954023,0.003052503052503052,0.046054807715796675,0.008569154656001223,0.005563953657714671,0.02435651419256196,0.0657367865682988,0.12502747346135723,0.7169658732569527,4.0
0.0,0.0,0.0,0.0,0.0,0.0,0.0,0.0,0.0,0.0,0.0,0.0,0.0,0.0,0.0,0.0,0.0,0.0,0.0,0.0,0.0038296568627450983,0.0,0.002611585944919278,0.021742541320215344,0.017106470505593312,0.02681327160493827,0.025439407018354388,0.08571685060348755,0.09044323985265344,0.7262969762870933,5.0
0.0,0.003787878787878788,0.0,0.0,0.0032051282051282055,0.0,0.0,0.0,0.0010683760683760683,0.0,0.0,0.0,0.0,0.0,0.0,0.0,0.0,0.0,0.0,0.0010683760683760683,0.0,0.003787878787878788,0.005931712962962962,0.05129036133885271,0.0021367521367521365,0.007111378205128205,0.014665826869490665,0.06247937487161625,0.11265217660691797,0.7308147790906413,6.0
0.0,0.0,0.0,0.0,0.0,0.0,0.0,0.0,0.0,0.0,0.0,0.0,0.0,0.0,0.0,0.0,0.0,0.0,0.0,0.0,0.0,0.0,0.005555555555555556,0.03692119472192936,0.010912220374706377,0.004555976430976431,0.03397110781327582,0.03542952598152042,0.11412438621454145,0.7585300329074945,7.0
0.0,0.0,0.0,0.0,0.003472222222222222,0.0,0.0,0.0,0.0,0.0,0.0,0.0032051282051282055,0.0,0.0,0.0,0.0,0.0,0.0,0.0,0.0010416666666666667,0.005454545454545455,0.0010416666666666667,0.0,0.02814293647174082,0.004415760869565217,0.004941239316239316,0.020500891017195367,0.06537626473767778,0.10956302151954324,0.7528446568528091,8.0
0.0024509803921568627,0.0,0.0,0.0,0.0,0.0,0.0,0.0,0.0,0.0,0.0,0.0,0.0,0.0,0.0,0.0,0.0,0.0,0.0,0.001488095238095238,0.0,0.009424603174603174,0.0,0.031113365800865805,0.01160037878787879,0.006076388888888888,0.03790809884559885,0.051047661488837964,0.0880471999405823,0.7608432274424922,9.0
0.0,0.0,0.0,0.0,0.0,0.0,0.0,0.0,0.0,0.0,0.0,0.0,0.0,0.0,0.0,0.0,0.0,0.0,0.0,0.0,0.0016025641025641027,0.010615079365079364,0.004807692307692308,0.057430568943726834,0.00992063492063492,0.008870332883490777,0.02659573613520982,0.043778784568258254,0.09128590707538076,0.7450926996979628,10.0
0.0032051282051282055,0.0,0.0,0.0,0.0,0.0,0.0,0.0,0.0,0.0,0.0,0.0,0.0,0.0,0.0,0.0,0.0,0.0,0.0,0.0,0.0,0.0,0.001984126984126984,0.046227826956993616,0.024509205391558334,0.0,0.05228995088063715,0.047332813110999385,0.07562288270008859,0.7488280657704678,11.0
0.0,0.0,0.0,0.0,0.0,0.0,0.0,0.0,0.0,0.0,0.0,0.0,0.0,0.0,0.0,0.0,0.0,0.0,0.0,0.003787878787878788,0.005952380952380952,0.005952380952380952,0.005952380952380952,0.024338624338624337,0.00989057239057239,0.011904761904761904,0.04712047212047212,0.06765456765456766,0.0903984903984904,0.7270474895474895,12.0
0.0,0.0,0.0,0.0,0.0,0.0,0.0,0.0,0.0,0.0,0.0,0.0,0.0,0.0,0.0,0.0,0.0,0.0,0.0,0.0,0.0,0.0,0.02099867724867725,0.054672247686953564,0.002976190476190476,0.010416666666666666,0.04248613586848882,0.031022408963585435,0.09539618877854171,0.7420314843108962,13.0
