sg,si,cc,sc,es,os,hs,js,cs,gs,is,ss,TimeFactor
0.0,0.0,0.0,0.0,0.0,0.0,0.0,0.0,0.0,0.012499999999999999,0.03993055555555555,0.6142361111111111,1.0
0.0,0.0,0.0,0.0,0.0,0.0,0.0,0.020833333333333332,0.020833333333333332,0.03472222222222222,0.03819444444444444,0.5520833333333334,2.0
0.0,0.0,0.0,0.0,0.0,0.0,0.020833333333333332,0.0,0.03125,0.020833333333333332,0.0,0.34375,3.0
0.0,0.0,0.0,0.0,0.0,0.0,0.0,0.020833333333333332,0.020833333333333332,0.0,0.020833333333333332,0.5208333333333334,4.0
0.0,0.0,0.0,0.0,0.0,0.010416666666666666,0.0,0.03125,0.0,0.020833333333333332,0.010416666666666666,0.5104166666666666,5.0
0.0,0.0,0.0,0.0,0.006944444444444444,0.006944444444444444,0.0,0.01736111111111111,0.020833333333333332,0.020833333333333332,0.03472222222222222,0.5590277777777778,6.0
0.0,0.0,0.0,0.0,0.0,0.0,0.0,0.010416666666666666,0.0,0.020833333333333332,0.020833333333333332,0.3645833333333333,7.0
0.0,0.0,0.010416666666666666,0.010416666666666666,0.0,0.0,0.010416666666666666,0.020833333333333332,0.0,0.010416666666666666,0.010416666666666666,0.34375,8.0
0.0,0.020833333333333332,0.0,0.0,0.0,0.020833333333333332,0.0,0.0,0.0,0.0,0.020833333333333332,0.2708333333333333,9.0
0.020833333333333332,0.0,0.0,0.0,0.0,0.0,0.0,0.020833333333333332,0.0,0.041666666666666664,0.0,0.3333333333333333,10.0
0.0,0.0,0.0,0.0,0.0,0.020833333333333332,0.010416666666666666,0.020833333333333332,0.005208333333333333,0.013888888888888888,0.005208333333333333,0.5902777777777778,11.0
0.0,0.0,0.0,0.0,0.0,0.0,0.0,0.03125,0.010416666666666666,0.0,0.010416666666666666,0.53125,12.0
0.0,0.0,0.0,0.0,0.0,0.0,0.0,0.0,0.020833333333333332,0.020833333333333332,0.0,0.20833333333333334,13.0
