ec,ei,ch,oc,so,io,hc,hh,eo,ic,je,go,eg,cc,jj,eh,gc,og,ee,ji,gh,ih,es,ij,sh,ci,jh,sj,hg,se,ge,gj,ie,sc,oi,hi,jg,cg,ig,gi,ii,si,jc,gg,os,cs,sg,hs,js,ss,is,gs,TimeFactor
0.0,0.0,0.0,0.0,0.0,0.0,0.0,0.0,0.0,0.0,0.0,0.0,0.0,0.0,0.0,0.0,0.0,0.0,0.0,0.0,0.0,0.000925925925925926,0.000925925925925926,0.0012077294685990338,0.0012077294685990338,0.001282051282051282,0.001893939393939394,0.00213365539452496,0.0022079772079772082,0.0023809523809523807,0.00281986531986532,0.0034511784511784514,0.0034511784511784514,0.0035343035343035345,0.003771832032701598,0.005430430430430431,0.005952380952380952,0.006443053725662421,0.007039860300729866,0.007445488967228097,0.00954958454958455,0.012682115942985508,0.013288563288563288,0.013523951567429826,0.019251400773139905,0.023010636054114315,0.023398195680804378,0.02491934394108307,0.03929833318420275,0.1343108328162676,0.19599866325409798,0.4272629203335725,1.0
0.0,0.0,0.0,0.0,0.0,0.0,0.0,0.0,0.0,0.0,0.0,0.0,0.0,0.0,0.0,0.0,0.0012437810945273632,0.001388888888888889,0.003733031674208145,0.005668016194331983,0.006568324705075031,0.0028735632183908046,0.059406868373066794,0.0,0.016290726817042606,0.008503309225198869,0.0012437810945273632,0.002825261158594492,0.001282051282051282,0.003733031674208145,0.0,0.0,0.0024509803921568627,0.0024509803921568627,0.0,0.0015432098765432098,0.0043859649122807015,0.0038461538461538464,0.014783768265346177,0.007888646174650231,0.007993795390861784,0.0074643749577902345,0.014575702075702074,0.009575275454928912,0.054707530636203705,0.041718702839064516,0.0396762691253393,0.02983127766563529,0.009917043740573152,0.11273995841519996,0.3237722818521452,0.1959174485871563,2.0
0.0,0.0,0.0,0.0,0.0,0.0,0.0,0.0,0.0,0.0,0.0,0.0,0.0017006802721088435,0.002777777777777778,0.002777777777777778,0.0028735632183908046,0.006410256410256411,0.0,0.0,0.002777777777777778,0.0,0.0,0.10063594217813192,0.0,0.002777777777777778,0.0,0.002777777777777778,0.011422902494331066,0.0,0.007698487398153694,0.0,0.0,0.0,0.008645124716553288,0.0,0.0,0.0017006802721088435,0.0017006802721088435,0.004478458049886621,0.0,0.009811616954474097,0.011645088142783996,0.007352021268277426,0.002777777777777778,0.0021367521367521365,0.0355782303223905,0.03498734890360506,0.029681081097337258,0.0017006802721088435,0.26326207883493763,0.21723502983236023,0.22267663028627593,3.0
0.0,0.0,0.0,0.0,0.0,0.0,0.0,0.0,0.0,0.0,0.0,0.007575757575757576,0.0,0.0,0.0012077294685990338,0.0,0.0,0.0012077294685990338,0.0,0.0,0.0,0.0,0.020536606696651676,0.0,0.0,0.007575757575757576,0.0,0.05357142857142857,0.0028735632183908046,0.0,0.0,0.0012077294685990338,0.0,0.02806139051343655,0.0,0.0,0.006410256410256411,0.0028735632183908046,0.0040812926869898385,0.0040812926869898385,0.005747126436781609,0.024566925624668817,0.0,0.0,0.004830917874396135,0.020066889632107024,0.030171835004712683,0.13841646938425753,0.01680672268907563,0.15114137413281958,0.18258505961070118,0.284402582050633,4.0
0.0,0.0,0.0,0.0,0.0,0.0,0.0,0.0,0.004629629629629629,0.010416666666666666,0.010416666666666666,0.0,0.0032051282051282055,0.0,0.0,0.0,0.0,0.0018115942028985507,0.0,0.005555555555555556,0.0,0.0,0.028334859584859585,0.0,0.0018115942028985507,0.0,0.0018115942028985507,0.0018115942028985507,0.0,0.0,0.0,0.0018115942028985507,0.0,0.014016981408285755,0.0,0.0,0.0,0.00644122383252818,0.010416666666666666,0.006410256410256411,0.0,0.009387351778656126,0.007367149758454106,0.006828316610925307,0.01103988603988604,0.011847103513770182,0.07241473636401173,0.0279826051565182,0.005952380952380952,0.20730000340507584,0.1794849541226353,0.2681605733236168,5.0
0.0,0.0,0.0,0.0,0.0,0.0,0.0021367521367521365,0.006410256410256411,0.0,0.0021367521367521365,0.007345085470085469,0.0,0.0,0.0,0.0,0.0,0.005208333333333333,0.0,0.0,0.014204545454545456,0.0,0.0,0.041843573093573096,0.005208333333333333,0.0021367521367521365,0.0021367521367521365,0.0,0.011396011396011395,0.0,0.008547008547008546,0.0,0.0,0.0,0.011396011396011395,0.0,0.0,0.013888888888888888,0.0,0.003787878787878788,0.0021367521367521365,0.0,0.005924630924630925,0.013209013209013208,0.010416666666666666,0.01597222222222222,0.03537781662781663,0.08784444721944722,0.03541146353646354,0.011396011396011395,0.24483213545713542,0.153868931993932,0.24582697395197395,6.0
0.0,0.0,0.0,0.0,0.0,0.0043859649122807015,0.009259259259259259,0.0,0.0,0.0,0.0043859649122807015,0.0,0.0,0.0,0.0,0.0,0.0,0.0,0.0,0.0,0.0,0.0,0.039686890838206625,0.0,0.0,0.0,0.0,0.023433048433048432,0.0,0.0043859649122807015,0.009259259259259259,0.0,0.0,0.0,0.0,0.0,0.009259259259259259,0.009941520467836256,0.0,0.0,0.0,0.0,0.0,0.014814814814814814,0.005208333333333333,0.11410818713450292,0.04284750337381917,0.01860098965362123,0.004629629629629629,0.3121082621082621,0.20717405158194627,0.16651109611635925,7.0
0.0,0.0,0.0,0.0,0.0,0.0,0.0,0.0,0.0,0.0,0.0,0.0,0.0,0.0,0.0,0.003968253968253968,0.005555555555555556,0.0,0.0,0.0,0.0,0.0,0.024644945697577275,0.0,0.0,0.0,0.0,0.009176587301587302,0.005555555555555556,0.0,0.0,0.0,0.0,0.0,0.0,0.0,0.0,0.0,0.007936507936507936,0.005208333333333333,0.0,0.008771929824561403,0.0,0.0,0.09292763157894736,0.014732142857142855,0.025358245149911817,0.01997238466536712,0.014506172839506172,0.3266102176738142,0.21157030307249602,0.22350523298988212,8.0
0.0,0.0,0.0036231884057971015,0.003968253968253968,0.003968253968253968,0.0,0.0,0.0,0.0,0.0,0.009178743961352657,0.0,0.0,0.0,0.0,0.0,0.0,0.0,0.0,0.0,0.0,0.0,0.05388773867034737,0.0,0.003968253968253968,0.0,0.003968253968253968,0.005952380952380952,0.0,0.007936507936507936,0.0,0.0,0.0,0.003968253968253968,0.0,0.0,0.0,0.009259259259259259,0.014734299516908212,0.00992063492063492,0.0036231884057971015,0.0036231884057971015,0.004901960784313725,0.0077898550724637685,0.011904761904761904,0.024097078444904534,0.02665343915343915,0.016770186335403725,0.008333333333333333,0.2838725828495649,0.1290442022219516,0.2617188662904776,9.0
0.0,0.0,0.004901960784313725,0.0,0.0,0.0,0.0,0.0,0.0,0.0,0.0,0.0,0.0,0.0,0.0,0.0,0.0024509803921568627,0.0,0.0,0.005555555555555556,0.0,0.0,0.0,0.0,0.0,0.0,0.0,0.006836945304437565,0.0024509803921568627,0.0043859649122807015,0.0,0.0,0.0,0.008861236802413274,0.0,0.0,0.0,0.0,0.0043859649122807015,0.009287925696594427,0.008006535947712418,0.011312217194570137,0.0,0.0,0.006410256410256411,0.014935405600367239,0.012911114102391527,0.020829666138590625,0.0,0.3539183088987908,0.15195961944010133,0.20393269484836316,10.0
0.0,0.0030864197530864196,0.0033333333333333335,0.0,0.0,0.0,0.0,0.0,0.0,0.0,0.0,0.0,0.0,0.0,0.0,0.0,0.0,0.008333333333333333,0.0,0.017592592592592594,0.0,0.0,0.025250162443144902,0.0,0.0,0.0,0.0043859649122807015,0.006172839506172839,0.0,0.012105263157894737,0.0,0.0,0.0,0.0030864197530864196,0.0,0.0,0.0,0.0043859649122807015,0.008641975308641974,0.023324514991181655,0.0043859649122807015,0.025185185185185185,0.0,0.03023809523809524,0.009259259259259259,0.0043859649122807015,0.02407407407407407,0.01673164392462638,0.0,0.22282836721433208,0.09852501624431449,0.19468764503852223,11.0
0.016666666666666666,0.0,0.0,0.0,0.0,0.0,0.0,0.0,0.0,0.0,0.005208333333333333,0.027777777777777776,0.0,0.0,0.0,0.0,0.0,0.0,0.0,0.009176587301587302,0.0,0.0,0.04833553791887125,0.0,0.0,0.003968253968253968,0.0,0.003968253968253968,0.0,0.005208333333333333,0.007575757575757576,0.0,0.0,0.0,0.0,0.0,0.0,0.003968253968253968,0.0030864197530864196,0.003968253968253968,0.0,0.025047097963764628,0.0,0.017471340388007055,0.003968253968253968,0.00992063492063492,0.047530864197530866,0.00818452380952381,0.0030864197530864196,0.18982132836299503,0.10923170194003527,0.11349607182940517,12.0
0.0,0.0,0.0,0.0,0.0,0.0,0.0,0.0,0.041666666666666664,0.0,0.0,0.0,0.0,0.0,0.0,0.0,0.0,0.0,0.0,0.0,0.0,0.0,0.04627192982456141,0.0,0.004166666666666667,0.0,0.0,0.013454592363261094,0.0,0.004901960784313725,0.0,0.0,0.004901960784313725,0.0026881720430107525,0.0,0.0,0.0,0.0,0.0068548387096774195,0.0,0.004166666666666667,0.01602501624431449,0.006172839506172839,0.007590132827324478,0.004166666666666667,0.0026881720430107525,0.0026881720430107525,0.013928975664968873,0.004166666666666667,0.2824716757104653,0.12420953069651429,0.15681869742174678,13.0
