jg,ig,se,oj,hh,sh,gi,og,ii,si,js,ji,sc,os,gg,hs,sg,es,cs,is,gs,ss,TimeFactor
0.0,0.0,0.0,0.0,0.0,0.0,0.0,0.0,0.0025252525252525255,0.0025252525252525255,0.005555555555555556,0.006944444444444444,0.006944444444444444,0.009259259259259259,0.017045454545454544,0.01712962962962963,0.023989898989898988,0.027777777777777776,0.03194444444444444,0.041877104377104374,0.07920875420875421,0.6439393939393939,1.0
0.0,0.0,0.0,0.0,0.0,0.0,0.0021367521367521365,0.006944444444444444,0.0,0.0,0.0,0.0,0.0,0.003968253968253968,0.015491452991452992,0.009259259259259259,0.017628205128205125,0.031746031746031744,0.021759259259259256,0.051561864061864054,0.10615588115588115,0.5666819291819293,2.0
0.0,0.0,0.0,0.0,0.0,0.013888888888888888,0.003968253968253968,0.0,0.02314814814814815,0.041005291005291,0.003472222222222222,0.0,0.0,0.010030864197530864,0.02017195767195767,0.010030864197530864,0.03366402116402116,0.0,0.041666666666666664,0.04894179894179893,0.09034391534391534,0.49300044091710765,3.0
0.0,0.0,0.0,0.0,0.006944444444444444,0.006944444444444444,0.0,0.0,0.0,0.0,0.0,0.0,0.0,0.02314814814814815,0.0,0.016203703703703703,0.032407407407407406,0.005555555555555556,0.0,0.07592592592592591,0.0935185185185185,0.5726851851851852,4.0
0.0,0.0,0.0,0.0,0.0,0.0,0.0,0.0,0.027777777777777776,0.027777777777777776,0.027777777777777776,0.0,0.0,0.018518518518518517,0.02037037037037037,0.0,0.04814814814814814,0.012499999999999999,0.029629629629629627,0.011111111111111112,0.09629629629629631,0.5967592592592592,5.0
0.0,0.0,0.0,0.027777777777777776,0.0,0.0,0.0,0.0,0.0,0.0,0.027777777777777776,0.0,0.0,0.027777777777777776,0.0,0.0030864197530864196,0.0,0.012345679012345678,0.013888888888888888,0.02623456790123457,0.05026455026455026,0.6441798941798942,6.0
0.0,0.0,0.0,0.0,0.0,0.0,0.0,0.0,0.0,0.0,0.027777777777777776,0.0,0.0,0.0,0.0462962962962963,0.004629629629629629,0.08101851851851853,0.009259259259259259,0.011574074074074075,0.004629629629629629,0.060185185185185175,0.587962962962963,7.0
0.0,0.0,0.004629629629629629,0.0,0.0,0.0,0.0,0.0,0.0,0.027777777777777776,0.0,0.0,0.0,0.0,0.0,0.027777777777777776,0.03472222222222222,0.009259259259259259,0.0,0.05555555555555555,0.08333333333333333,0.5069444444444445,8.0
0.0,0.0,0.0,0.0,0.0,0.0,0.0,0.0,0.0,0.0,0.0,0.0,0.0,0.009259259259259259,0.013888888888888888,0.009259259259259259,0.013888888888888888,0.0,0.0,0.08796296296296297,0.037037037037037035,0.4953703703703704,9.0
0.0,0.0,0.0,0.0,0.0,0.0,0.0,0.0,0.0,0.0,0.006944444444444444,0.0,0.003968253968253968,0.0,0.017857142857142856,0.006944444444444444,0.023412698412698413,0.0,0.017857142857142856,0.0,0.09801587301587301,0.4083333333333334,10.0
0.0,0.0,0.0,0.0,0.0,0.0,0.0,0.0,0.0,0.005555555555555556,0.0,0.0,0.013888888888888888,0.0,0.05555555555555555,0.005555555555555556,0.041666666666666664,0.006944444444444444,0.013888888888888888,0.035648148148148144,0.075,0.4129629629629629,11.0
0.0,0.005555555555555556,0.0,0.0,0.0,0.0,0.0,0.0,0.0,0.0,0.027777777777777776,0.0,0.0,0.0,0.02854938271604938,0.005555555555555556,0.03472222222222222,0.0,0.0,0.005555555555555556,0.04567901234567901,0.5132716049382716,12.0
0.023412698412698413,0.003968253968253968,0.005555555555555556,0.0,0.0,0.0,0.0,0.0,0.0,0.0,0.011111111111111112,0.0,0.005555555555555556,0.0,0.052116402116402116,0.005555555555555556,0.05052910052910053,0.016666666666666666,0.005555555555555556,0.005555555555555556,0.059391534391534384,0.505026455026455,13.0
