io,js,si,sh,os,se,es,gi,gs,hs,is,ss,TimeFactor
0.0,0.0,0.0,0.0,0.0,0.0,0.0,0.0,0.0,0.016666666666666666,0.016666666666666666,0.21666666666666667,1.0
0.0,0.0,0.0,0.0,0.013888888888888888,0.016666666666666666,0.016666666666666666,0.016666666666666666,0.016666666666666666,0.0,0.016666666666666666,0.15277777777777776,2.0
0.0,0.0,0.0,0.016666666666666666,0.0,0.0,0.0,0.0,0.013888888888888888,0.016666666666666666,0.0,0.28611111111111115,3.0
0.0,0.013888888888888888,0.016666666666666666,0.0,0.0,0.0,0.0,0.0,0.0,0.0,0.016666666666666666,0.2027777777777778,4.0
0.0,0.0,0.0,0.005208333333333333,0.005208333333333333,0.0,0.0,0.0,0.010416666666666666,0.005208333333333333,0.0,0.057291666666666664,5.0
0.0,0.0,0.0,0.0,0.0,0.0,0.0,0.0,0.0,0.0,0.0,0.08333333333333333,6.0
0.0,0.0,0.0,0.0,0.0,0.0,0.0,0.0,0.008333333333333333,0.0,0.0,0.15833333333333333,7.0
0.013888888888888888,0.0,0.0,0.0,0.013888888888888888,0.0,0.0,0.0,0.0,0.0,0.0,0.13888888888888887,8.0
0.0,0.0,0.0,0.0,0.0,0.0,0.0,0.0,0.0,0.0,0.0,0.16666666666666666,9.0
0.0,0.0,0.0,0.0,0.0,0.0,0.0,0.0,0.0,0.0,0.0,0.08333333333333333,10.0
0.0,0.0,0.0,0.0,0.0,0.0,0.0,0.0,0.0,0.0,0.0,0.0,11.0
0.0,0.0,0.0,0.0,0.0,0.0,0.0,0.0,0.0,0.0,0.0,0.0,12.0
0.0,0.0,0.0,0.0,0.0,0.0,0.0,0.0,0.0,0.0,0.0,0.0,13.0
