sj,jj,oe,og,es,go,ic,co,ii,jh,ig,jg,oo,sh,hh,jc,gc,gg,gi,si,so,cs,js,hs,os,sg,is,gs,ss,TimeFactor
0.0,0.0,0.0,0.0,0.0,0.0,0.0,0.0,0.0,0.0,0.0,0.0,0.0030864197530864196,0.0030864197530864196,0.0030864197530864196,0.003472222222222222,0.003472222222222222,0.003472222222222222,0.003968253968253968,0.004629629629629629,0.006558641975308641,0.006944444444444444,0.010141093474426807,0.01210248085248085,0.01736111111111111,0.017711455211455212,0.04836791295124628,0.10363633280299946,0.582236050986051,1.0
0.0,0.0,0.0,0.0,0.0,0.0,0.0,0.0,0.004629629629629629,0.004629629629629629,0.004629629629629629,0.005555555555555556,0.0,0.0,0.0,0.0,0.0,0.0021367521367521365,0.0,0.016025641025641024,0.0,0.009081196581196582,0.0,0.004629629629629629,0.004629629629629629,0.010683760683760682,0.03817663817663817,0.07663817663817664,0.5685541310541311,2.0
0.0,0.0,0.0,0.0,0.0,0.0025252525252525255,0.006944444444444444,0.006944444444444444,0.0,0.0,0.0025252525252525255,0.0,0.0,0.0,0.0,0.0,0.0,0.0,0.0,0.0,0.0,0.0,0.005050505050505051,0.0,0.018939393939393936,0.016414141414141412,0.0025252525252525255,0.08670033670033671,0.6847643097643098,3.0
0.0,0.0,0.0,0.0,0.0,0.0,0.0,0.0,0.0,0.0,0.0,0.0,0.0,0.0,0.0,0.0,0.0,0.0,0.0,0.0,0.0,0.0,0.0,0.006944444444444444,0.005555555555555556,0.009259259259259259,0.0,0.11620370370370368,0.612037037037037,4.0
0.0,0.0,0.0,0.0,0.0,0.0,0.0,0.0,0.0,0.0,0.0,0.0,0.0,0.0,0.0,0.0,0.0,0.0,0.0,0.0,0.0,0.0,0.006944444444444444,0.006944444444444444,0.0,0.0,0.0,0.0763888888888889,0.4930555555555556,5.0
0.0,0.0,0.005555555555555556,0.005555555555555556,0.009523809523809523,0.0,0.0,0.0,0.0,0.0,0.0,0.0,0.0,0.0,0.0,0.0,0.0,0.037037037037037035,0.0,0.0,0.0,0.009259259259259259,0.006944444444444444,0.009259259259259259,0.005555555555555556,0.018518518518518517,0.013888888888888888,0.0837962962962963,0.4617724867724868,6.0
0.006944444444444444,0.006944444444444444,0.0,0.0,0.0,0.0,0.0,0.0,0.0,0.0,0.0,0.0,0.0,0.0,0.0,0.0,0.0,0.009259259259259259,0.0,0.0,0.0,0.0,0.0,0.0,0.027777777777777776,0.03935185185185185,0.0,0.0810185185185185,0.5787037037037037,7.0
0.0,0.0,0.0,0.0,0.0,0.0,0.0,0.0,0.0,0.0,0.0,0.0,0.0,0.0,0.0,0.0,0.0,0.0,0.0,0.0,0.0,0.0,0.0,0.027777777777777776,0.0,0.037037037037037035,0.037962962962962955,0.07592592592592594,0.3212962962962963,8.0
0.0,0.0,0.0,0.0,0.0,0.0,0.0,0.0,0.0,0.0,0.0,0.0,0.0,0.0,0.0,0.0,0.0,0.0,0.0,0.0,0.0,0.0,0.0,0.0,0.006944444444444444,0.0,0.0,0.05555555555555555,0.6041666666666666,9.0
0.0,0.0,0.0,0.0,0.0,0.0,0.0,0.0,0.0,0.0,0.0,0.0,0.0,0.0,0.0,0.0,0.0,0.0,0.0,0.0,0.0,0.0,0.0,0.0,0.0,0.0,0.009259259259259259,0.0,0.7407407407407408,10.0
0.0,0.0,0.0,0.0,0.013888888888888888,0.0,0.0,0.0,0.0,0.0,0.0,0.0,0.0,0.0,0.0,0.0,0.0,0.0,0.0,0.0,0.0,0.0,0.0,0.0,0.0,0.013888888888888888,0.041666666666666664,0.027777777777777776,0.40277777777777785,11.0
0.0,0.0,0.0,0.0,0.0,0.0,0.0,0.0,0.0,0.0,0.0,0.0,0.0,0.003968253968253968,0.003968253968253968,0.0,0.0,0.0,0.0,0.0,0.009259259259259259,0.0,0.0,0.0,0.009259259259259259,0.003968253968253968,0.003968253968253968,0.0496031746031746,0.5826719576719577,12.0
0.0,0.0,0.0,0.0,0.0,0.0,0.0,0.0,0.0,0.0,0.0,0.0,0.0,0.0,0.0,0.0,0.0,0.013888888888888888,0.0,0.0,0.0,0.0,0.0,0.0,0.0,0.06944444444444443,0.013888888888888888,0.1111111111111111,0.45833333333333326,13.0
