ggs,jgs,gsi,ijs,scc,sgg,ssc,hss,csh,shh,scs,iis,ssj,gcs,sjj,gii,sgs,ssg,ess,sii,oss,igg,sig,ggi,gis,ssi,css,iss,jss,gss,sss,TimeFactor
0.0,0.0,0.0,0.0,0.0,0.0,0.0,0.0,0.0,0.0,0.0,0.0,0.0,0.0,0.0,0.0,0.0,0.0,0.0,0.0,0.0,0.0030864197530864196,0.0030864197530864196,0.0030864197530864196,0.0030864197530864196,0.0030864197530864196,0.009259259259259259,0.009259259259259259,0.03472222222222222,0.09058641975308641,0.674074074074074,1.0
0.0,0.0,0.0,0.0,0.0,0.0,0.0,0.0,0.0,0.0,0.0,0.0021367521367521365,0.0021367521367521365,0.0021367521367521365,0.0021367521367521365,0.0021367521367521365,0.0021367521367521365,0.0021367521367521365,0.005555555555555556,0.009081196581196582,0.009081196581196582,0.0,0.0,0.0,0.0,0.009081196581196582,0.015491452991452992,0.07382478632478633,0.0,0.03899572649572649,0.6572649572649573,2.0
0.0,0.0,0.0,0.006944444444444444,0.006944444444444444,0.006944444444444444,0.006944444444444444,0.009259259259259259,0.013888888888888888,0.013888888888888888,0.013888888888888888,0.0,0.0,0.0,0.0,0.0,0.0,0.006944444444444444,0.0,0.0,0.022376543209876542,0.0,0.0,0.0,0.0,0.0,0.025462962962962965,0.030092592592592587,0.02623456790123457,0.047067901234567895,0.5131172839506174,3.0
0.0,0.0,0.0021367521367521365,0.0,0.0,0.0,0.0,0.0,0.0,0.0,0.0021367521367521365,0.0,0.0,0.0,0.0,0.0,0.0021367521367521365,0.0,0.0,0.0021367521367521365,0.013888888888888888,0.0,0.0,0.0,0.0,0.0,0.04241452991452991,0.10918803418803419,0.018055555555555557,0.05160256410256411,0.7563034188034187,4.0
0.0,0.006944444444444444,0.0,0.0,0.0,0.0,0.0,0.0,0.0,0.0,0.0,0.0,0.0,0.0,0.0,0.0,0.0,0.0,0.0,0.0,0.0,0.0,0.0,0.0,0.0,0.0,0.07037037037037036,0.005555555555555556,0.05092592592592593,0.03888888888888889,0.577314814814815,5.0
0.0,0.0,0.0,0.0,0.0,0.0,0.0,0.0,0.0,0.0,0.0,0.0,0.0,0.0,0.0,0.0,0.0,0.0,0.0,0.0,0.013888888888888888,0.0,0.0,0.0,0.0,0.0,0.018518518518518517,0.0462962962962963,0.0462962962962963,0.0462962962962963,0.5787037037037037,6.0
0.0,0.0,0.0,0.0,0.0,0.0,0.0,0.0,0.0,0.0,0.0,0.0,0.0,0.0,0.0,0.0,0.0,0.0,0.0,0.0,0.013888888888888888,0.0,0.0,0.0,0.0,0.0,0.06944444444444443,0.0,0.027777777777777776,0.013888888888888888,0.375,7.0
0.0,0.0,0.0,0.0,0.0,0.0,0.0,0.0,0.0,0.0,0.0,0.0,0.0,0.0,0.0,0.0,0.0,0.0,0.0,0.0,0.006944444444444444,0.0,0.0,0.0,0.0,0.0,0.005555555555555556,0.03888888888888889,0.018055555555555557,0.006944444444444444,0.2569444444444444,8.0
0.013888888888888888,0.0,0.0,0.0,0.0,0.0,0.0,0.0,0.0,0.0,0.0,0.0,0.0,0.0,0.0,0.0,0.0,0.0,0.0,0.0,0.0,0.0,0.0,0.0,0.0,0.0,0.0,0.013888888888888888,0.06944444444444443,0.027777777777777776,0.375,9.0
0.0,0.0,0.0,0.0,0.0,0.0,0.0,0.0,0.0,0.0,0.0,0.0,0.0,0.0,0.0,0.0,0.0,0.0,0.0,0.0,0.027777777777777776,0.0,0.0,0.0,0.0,0.0,0.0,0.0,0.013888888888888888,0.006944444444444444,0.3680555555555556,10.0
0.0,0.0,0.0,0.0,0.0,0.0,0.0,0.0,0.0,0.0,0.0,0.0,0.0,0.0,0.0,0.0,0.0,0.0,0.0,0.0,0.0,0.0,0.0,0.0,0.0,0.0,0.0,0.05555555555555555,0.041666666666666664,0.0,0.5694444444444444,11.0
0.0,0.0,0.0,0.0,0.0,0.0,0.0,0.0,0.0,0.0,0.0,0.0,0.0,0.0,0.0,0.0,0.0,0.0,0.0,0.0,0.0,0.0,0.0,0.0,0.0,0.0,0.0,0.027777777777777776,0.02314814814814815,0.037037037037037035,0.41203703703703703,12.0
0.0,0.0,0.0,0.0,0.0,0.0,0.0,0.0,0.0,0.0,0.0,0.0,0.0,0.0,0.0,0.0,0.0,0.0,0.0,0.0,0.0,0.0,0.0,0.0,0.0,0.0,0.037037037037037035,0.0,0.037037037037037035,0.009259259259259259,0.4166666666666667,13.0
