gh,og,jj,je,jc,jo,oe,jg,ic,so,ji,hg,hi,oi,sj,ij,ci,ee,ge,se,sc,ie,eg,sh,cg,ih,ii,gg,ig,gi,sg,si,hs,os,es,js,cs,is,gs,ss,TimeFactor
0.0,0.0,0.0,0.0,0.0,0.0,0.0,0.0,0.0,0.0,0.0,0.0,0.00041254125412541255,0.00041254125412541255,0.00041254125412541255,0.0006313131313131314,0.0006313131313131314,0.0008865248226950354,0.000992063492063492,0.000992063492063492,0.000992063492063492,0.001299066076820448,0.0013440860215053762,0.0014288014167270387,0.001984126984126984,0.0022121415770609315,0.0036664903192446907,0.006812722281150559,0.007178196693210844,0.007963186626535975,0.009438613851299254,0.010703129608473567,0.016077287002982582,0.016554075261203192,0.02051518531228552,0.021675021006662482,0.0665431409962587,0.07632271593055685,0.13268124676649656,0.5892378009435104,1.0
0.0,0.0,0.0,0.0,0.0,0.0,0.0,0.0,0.0006613756613756613,0.0006613756613756613,0.0011574074074074073,0.0021929824561403508,0.0,0.0,0.0,0.0,0.001703042328042328,0.0,0.0,0.0,0.0006613756613756613,0.0,0.0,0.0,0.0006613756613756613,0.0006613756613756613,0.0,0.005720899470899471,0.0037955465587044533,0.0,0.007671957671957673,0.005489417989417989,0.012295495683653576,0.03527321241137031,0.008618769145084934,0.03665674603174603,0.06797609675899148,0.07257125184756762,0.12456153739048474,0.6110087585416533,2.0
0.0,0.0,0.0,0.0,0.0,0.0,0.0005787037037037037,0.001984126984126984,0.0,0.0,0.0,0.0,0.0,0.0,0.0,0.0,0.0,0.0,0.0,0.0,0.0,0.0,0.0006613756613756613,0.0,0.0,0.0,0.0,0.0013227513227513227,0.0,0.0,0.0023148148148148147,0.0,0.02413329113696761,0.06479708336325983,0.01412998425866073,0.02273478835978836,0.08419327132562426,0.09323623680241326,0.11150004339342574,0.5784135288730877,3.0
0.0,0.0,0.0,0.0,0.0,0.005952380952380952,0.0,0.0,0.0,0.0,0.0,0.0,0.0,0.0,0.0,0.0,0.0,0.0,0.0,0.0,0.0011574074074074073,0.0,0.0,0.0,0.0,0.0,0.001736111111111111,0.0011574074074074073,0.0,0.0,0.0075053418803418806,0.002862237237237237,0.022499491249491247,0.0496250715000715,0.008101851851851851,0.042593623843623835,0.08782106282106282,0.06295691295691296,0.08841196966196967,0.6176191301191302,4.0
0.0,0.0,0.0,0.0,0.0,0.0,0.0,0.0,0.0,0.0,0.0,0.0,0.0,0.0,0.0016666666666666668,0.0,0.0,0.0,0.0,0.0,0.0,0.0,0.0,0.0016666666666666668,0.0,0.0,0.0,0.0,0.0,0.0016666666666666668,0.004239130434782609,0.0016666666666666668,0.026183574879227053,0.02743990108120543,0.006619507706464228,0.015233134920634918,0.071146911663216,0.08212596330802852,0.09120406314699792,0.5858078128594433,5.0
0.0,0.0,0.0,0.0,0.0,0.0,0.0,0.0,0.0,0.0,0.0,0.0,0.0,0.0,0.0,0.0,0.0,0.0,0.0,0.0,0.0,0.0,0.0,0.0,0.0,0.0,0.010416666666666666,0.006944444444444444,0.0,0.0,0.005015432098765432,0.0,0.024498456790123458,0.022302350427350428,0.025462962962962965,0.0176727207977208,0.06968186134852801,0.09101970560303892,0.08352623456790124,0.6434591642924976,6.0
0.0,0.0,0.0,0.0,0.003472222222222222,0.0,0.0,0.0,0.0,0.0,0.0,0.0,0.0,0.0,0.0,0.0,0.0,0.0,0.0,0.0,0.0,0.0,0.0,0.0,0.0,0.0,0.0,0.0,0.0,0.0,0.0,0.0029616013071895424,0.02154820261437908,0.006074168797953965,0.005923202614379085,0.024456521739130432,0.019445036468693756,0.10120020230314347,0.07351545690740063,0.5747367183588411,7.0
0.0,0.0,0.0,0.0,0.0,0.0,0.0,0.0,0.0,0.0,0.0,0.0,0.0,0.0,0.0,0.0,0.0,0.0,0.0,0.0,0.0,0.0,0.0,0.0,0.0,0.0,0.0,0.0,0.0,0.0,0.0,0.0026041666666666665,0.012451475155279501,0.05364583333333334,0.0,0.01597222222222222,0.10005391649413387,0.06032177363699103,0.048049301242236025,0.623567977915804,8.0
0.0,0.0,0.0,0.0,0.0,0.0,0.0,0.0,0.0,0.0,0.0,0.0,0.0,0.0,0.003787878787878788,0.0,0.0,0.0,0.0,0.0,0.0,0.0,0.0,0.0,0.0,0.0,0.0,0.0,0.0,0.0,0.016865079365079364,0.0,0.010962301587301588,0.04124278499278499,0.016170634920634922,0.00936823593073593,0.04076028138528139,0.06994498556998557,0.06493506493506493,0.6426294191919192,9.0
0.0,0.0,0.0,0.005952380952380952,0.0,0.0,0.0,0.0,0.0,0.0,0.0,0.0,0.0,0.0,0.0,0.0,0.0,0.0,0.0,0.0,0.0,0.0,0.0,0.0,0.0,0.0,0.0,0.0,0.0,0.0,0.004166666666666667,0.004629629629629629,0.004166666666666667,0.07663690476190475,0.011739417989417989,0.025454695767195768,0.07863756613756614,0.052868716931216926,0.07251157407407408,0.5799024470899471,10.0
0.0,0.0,0.0,0.0,0.0,0.0,0.0,0.0,0.0,0.0,0.0,0.0,0.0,0.0,0.0,0.0,0.0,0.0,0.0,0.0,0.0,0.0,0.0,0.0,0.0,0.0,0.0,0.0,0.0,0.0,0.0018115942028985507,0.0,0.007080610021786493,0.018823034264210736,0.0,0.007575757575757576,0.12230638429487532,0.04973007006255089,0.05811276911021157,0.4845597804677089,11.0
0.0,0.0,0.0032051282051282055,0.0,0.0,0.0,0.0,0.0032051282051282055,0.0,0.004629629629629629,0.0,0.0,0.0,0.0,0.0,0.0,0.0,0.0,0.0,0.0,0.0,0.0,0.0,0.0026041666666666665,0.0,0.0,0.0,0.0,0.0,0.0,0.0,0.0,0.011284722222222222,0.07606978057345705,0.006993006993006993,0.009281517094017094,0.0785511125584655,0.06920770202020202,0.036375967442143914,0.6152588050565991,12.0
0.0018115942028985507,0.0018115942028985507,0.0,0.0,0.0,0.0,0.0,0.0,0.0,0.0,0.0,0.0,0.0,0.0,0.0,0.0,0.0,0.0,0.0,0.0,0.0,0.0,0.0,0.0,0.0,0.0,0.0,0.001893939393939394,0.0,0.0,0.001893939393939394,0.0,0.008722256004864702,0.0487082362082362,0.0,0.012379227053140096,0.04042756760148064,0.06838481566742437,0.1319254417080504,0.5987080552297943,13.0
