jos,hss,scs,csc,hsi,sis,ssi,sii,oss,sgg,ssg,sgs,jss,gii,sgi,gsg,iss,css,gss,sss,TimeFactor
0.0,0.0,0.0,0.0,0.0,0.0,0.003968253968253968,0.003968253968253968,0.003968253968253968,0.004629629629629629,0.004629629629629629,0.009259259259259259,0.011574074074074075,0.013888888888888888,0.013888888888888888,0.013888888888888888,0.016534391534391533,0.018518518518518517,0.1166005291005291,0.6813492063492063,1.0
0.0,0.0,0.0,0.0,0.0,0.0,0.0,0.0,0.0,0.0,0.0,0.0,0.03042328042328042,0.0,0.0,0.0,0.0,0.004629629629629629,0.06588319088319088,0.8157305657305657,2.0
0.0,0.0,0.002777777777777778,0.002777777777777778,0.002777777777777778,0.002777777777777778,0.0,0.0,0.0,0.0,0.0,0.0,0.010606060606060605,0.0,0.0,0.0,0.008950617283950616,0.002777777777777778,0.03918350168350168,0.6773709315375983,3.0
0.0,0.016182659932659934,0.0,0.0,0.0,0.0,0.0,0.0,0.004629629629629629,0.0,0.0,0.0,0.03288239538239538,0.0,0.0,0.0,0.0025252525252525255,0.0,0.01712061087061087,0.5933261183261184,4.0
0.0,0.0,0.0,0.0,0.0,0.0,0.0,0.0,0.0,0.0,0.0,0.0,0.025462962962962965,0.0,0.0,0.0,0.0,0.0,0.0,0.7245370370370371,5.0
0.0,0.0,0.0,0.0,0.0,0.0,0.0,0.0,0.0030864197530864196,0.0,0.0,0.0,0.008641975308641974,0.0,0.0,0.0,0.0030864197530864196,0.012345679012345678,0.041666666666666664,0.6811728395061728,6.0
0.0,0.0,0.0,0.0,0.0,0.0,0.0,0.0,0.0,0.0,0.0,0.0,0.035493827160493825,0.0,0.0,0.0,0.0,0.011111111111111112,0.008641975308641974,0.6947530864197531,7.0
0.0,0.0,0.0,0.0,0.0,0.0,0.0,0.0,0.0,0.0,0.0,0.0,0.041666666666666664,0.0,0.0,0.0,0.0,0.0,0.03472222222222222,0.6736111111111112,8.0
0.0,0.0,0.0,0.0,0.0,0.0,0.0,0.0,0.0,0.0,0.0,0.0,0.02314814814814815,0.0,0.0,0.0,0.0,0.006944444444444444,0.005555555555555556,0.7143518518518519,9.0
0.0,0.0,0.0,0.0,0.0,0.0,0.0,0.0,0.0,0.0,0.0,0.0,0.005555555555555556,0.0,0.0,0.0,0.0,0.0,0.013888888888888888,0.6472222222222223,10.0
0.0,0.0,0.0,0.0,0.0,0.0,0.0,0.0,0.0,0.0,0.0,0.0,0.041666666666666664,0.0,0.0,0.0,0.0,0.0,0.041666666666666664,0.75,11.0
0.027777777777777776,0.0,0.0,0.0,0.0,0.0,0.0,0.0,0.05555555555555555,0.0,0.0,0.006944444444444444,0.006944444444444444,0.0,0.0,0.0,0.005555555555555556,0.0,0.013888888888888888,0.7166666666666668,12.0
0.0,0.0,0.0,0.0,0.0,0.0,0.0,0.0,0.0,0.0,0.0,0.0,0.013888888888888888,0.0,0.0,0.0,0.0,0.0,0.05555555555555555,0.5972222222222222,13.0
