ssc,scs,jss,hhh,ssh,shh,oss,gsi,css,ess,gii,sgi,ihs,hss,isg,ssi,sis,ssg,sig,isi,igs,sgs,iss,gss,sss,TimeFactor
0.0,0.0,0.0,0.0,0.0,0.0,0.0,0.0,0.0,0.0,0.0,0.0,0.0,0.0,0.0,0.0,0.0,0.0,0.008333333333333333,0.008333333333333333,0.008333333333333333,0.010416666666666666,0.03598484848484849,0.05833333333333333,0.45359848484848486,1.0
0.0,0.0,0.0,0.0,0.0,0.0,0.0,0.0,0.0,0.0030864197530864196,0.0030864197530864196,0.0030864197530864196,0.003787878787878788,0.003787878787878788,0.010416666666666666,0.020833333333333332,0.020833333333333332,0.03433641975308642,0.0,0.0,0.0030864197530864196,0.041666666666666664,0.07246071829405162,0.09600168350168352,0.4335297418630752,2.0
0.0,0.0,0.0,0.0,0.0,0.0,0.0,0.0,0.011312217194570137,0.0,0.0,0.0,0.0,0.0,0.0,0.0,0.0,0.004901960784313725,0.0,0.0,0.0,0.004901960784313725,0.012820512820512822,0.02369281045751634,0.2757038712921066,3.0
0.0,0.0,0.0,0.0,0.0,0.0,0.0,0.0,0.0,0.0,0.0,0.0,0.0,0.0,0.0,0.0,0.0,0.0,0.0,0.0,0.0,0.0,0.013888888888888888,0.041666666666666664,0.36111111111111116,4.0
0.0,0.0,0.0,0.0,0.0,0.0,0.0,0.006410256410256411,0.0,0.0,0.0,0.0,0.0,0.0,0.006410256410256411,0.0,0.006410256410256411,0.0,0.0,0.0,0.006410256410256411,0.006410256410256411,0.0,0.006410256410256411,0.1282051282051282,5.0
0.0,0.0,0.0,0.0,0.0,0.0,0.0,0.0,0.0,0.0,0.0,0.0,0.0,0.0,0.0,0.0,0.0,0.0,0.0,0.0,0.0,0.0,0.020833333333333332,0.020833333333333332,0.375,6.0
0.0,0.0,0.0,0.013888888888888888,0.013888888888888888,0.013888888888888888,0.020833333333333332,0.0,0.0,0.0,0.0,0.0,0.0,0.005555555555555556,0.0,0.0,0.0,0.0,0.0,0.0,0.0,0.0,0.0,0.013888888888888888,0.4180555555555556,7.0
0.0,0.0,0.0,0.0,0.0,0.0,0.0,0.0,0.020833333333333332,0.0,0.0,0.0,0.0,0.0,0.0,0.0,0.0,0.0,0.0,0.0,0.0,0.020833333333333332,0.0,0.041666666666666664,0.3333333333333333,8.0
0.0,0.0,0.020833333333333332,0.0,0.0,0.0,0.0,0.0,0.0,0.0,0.0,0.0,0.0,0.0,0.0,0.0,0.0,0.0,0.0,0.0,0.0,0.0,0.0,0.020833333333333332,0.2916666666666667,9.0
0.0,0.0,0.016666666666666666,0.0,0.0,0.0,0.0,0.0,0.0,0.0,0.0,0.0,0.0,0.0,0.0,0.0,0.0,0.0,0.0,0.0,0.0,0.0,0.0,0.0,0.31666666666666665,10.0
0.0,0.0,0.016666666666666666,0.0,0.0,0.0,0.020833333333333332,0.0,0.0,0.0,0.0,0.0,0.0,0.0,0.0,0.0,0.0,0.0,0.0,0.0,0.0,0.0,0.0,0.0,0.37916666666666665,11.0
0.020833333333333332,0.020833333333333332,0.013888888888888888,0.0,0.0,0.0,0.0,0.0,0.03009259259259259,0.0,0.0,0.0,0.0,0.0,0.0,0.0,0.0,0.0,0.0,0.0,0.0,0.0,0.016666666666666666,0.0,0.5643518518518519,12.0
0.0,0.0,0.016666666666666666,0.0,0.0,0.0,0.0,0.0,0.0,0.0,0.0,0.0,0.0,0.0,0.0,0.0,0.0,0.0,0.0,0.0,0.0,0.0,0.0,0.0,0.39999999999999997,13.0
