gsi,iii,ois,sjh,gec,sos,ehs,shs,iso,isj,ogs,sgg,iis,gso,igs,hsg,iig,sgi,sjs,gig,sig,gsj,isi,sis,cgs,osj,jsi,isg,ggs,gih,ssg,gsg,ess,oss,sgs,hss,jss,css,iss,gss,sss,TimeFactor
0.0,0.0,0.0,0.0,0.0,0.0,0.0,0.0,0.0,0.0,0.0,0.0,0.0,0.0,0.0,0.0,0.0,0.0,0.0,0.0,0.0,0.0,0.0,0.0,0.0010822510822510823,0.0010822510822510823,0.0012437810945273632,0.0012437810945273632,0.0021929824561403508,0.0022522522522522522,0.0024875621890547263,0.003055375297425914,0.005401234567901234,0.011884435058272483,0.01590066276070998,0.01657153636320303,0.029118504875485368,0.05859683543139044,0.08869398138019507,0.22267542608621427,0.5365171469281981,1.0
0.0,0.0,0.0,0.0,0.0,0.0,0.0,0.0,0.0,0.0,0.0,0.0,0.0,0.0,0.0,0.0012254901960784314,0.0012254901960784314,0.001282051282051282,0.001282051282051282,0.0023148148148148147,0.0023148148148148147,0.0023148148148148147,0.0024509803921568627,0.0067460317460317455,0.0,0.0,0.0,0.0,0.0023148148148148147,0.0,0.0,0.0023148148148148147,0.007675644028103046,0.021372608872608872,0.008006535947712418,0.029249220100232638,0.017548579019167256,0.09601652403966772,0.1943447567507355,0.24155795461484955,0.3584420074584009,2.0
0.0,0.0,0.0,0.0,0.0,0.0,0.0,0.0,0.0,0.0,0.0,0.0,0.0,0.0022522522522522522,0.004629629629629629,0.0,0.0,0.0,0.0,0.0,0.0,0.0,0.0035460992907801418,0.003472222222222222,0.0,0.0,0.0,0.0017006802721088435,0.0017730496453900709,0.0,0.0032051282051282055,0.0,0.0069112174375332265,0.04583851154229305,0.0035460992907801418,0.03508188790972957,0.03833112993576731,0.12148770223237133,0.16365914816321575,0.2436310640558549,0.32093417791494333,3.0
0.0,0.0,0.0,0.0,0.0,0.0,0.0,0.0,0.0,0.0,0.0,0.0018115942028985507,0.003968253968253968,0.0,0.0,0.0,0.0,0.0,0.0,0.0,0.0,0.0,0.0,0.006074168797953965,0.0,0.0,0.0,0.0,0.0030864197530864196,0.0,0.0,0.0,0.0216097755429103,0.06033921585805274,0.003968253968253968,0.039760054768578294,0.11080841544037366,0.08785209097266052,0.15609331206658775,0.16777138215749346,0.3368570625028964,4.0
0.0,0.0,0.0,0.0,0.0,0.0,0.0,0.0,0.0021929824561403508,0.0021929824561403508,0.0021929824561403508,0.0,0.0,0.0,0.0021929824561403508,0.0,0.0,0.0,0.0,0.0,0.0,0.0021929824561403508,0.0,0.0,0.0,0.0,0.0,0.0,0.0,0.0,0.0,0.0,0.011113261093911248,0.026089413037942447,0.001984126984126984,0.06781489709121287,0.03931803383235272,0.10510556694767222,0.21502789114050727,0.13287329285781296,0.3897086047337595,5.0
0.0,0.0,0.0,0.0,0.0,0.0,0.0,0.005208333333333333,0.0,0.0,0.0,0.0,0.0,0.0,0.0,0.0,0.0,0.0,0.004629629629629629,0.0,0.0,0.0,0.0,0.003787878787878788,0.0,0.0,0.0,0.0,0.0,0.0,0.0,0.0,0.020454545454545458,0.003787878787878788,0.0,0.04510732323232323,0.0953207671957672,0.046911075036075035,0.1105835137085137,0.1475904882154882,0.34995189995189996,6.0
0.0,0.0,0.0,0.0,0.0,0.0,0.008333333333333333,0.0,0.0,0.0,0.0,0.0,0.0,0.0,0.0,0.0,0.0,0.0,0.0,0.0,0.0,0.0,0.0,0.0,0.0,0.0,0.0,0.0,0.0,0.0,0.0,0.0,0.0,0.029166666666666664,0.0,0.04282407407407407,0.1197089947089947,0.10578703703703703,0.07162698412698414,0.19788359788359788,0.3413359788359788,7.0
0.0,0.0,0.0,0.0,0.0,0.013888888888888888,0.0,0.0,0.0,0.0,0.013888888888888888,0.0,0.016666666666666666,0.0,0.0,0.0,0.0,0.0,0.0,0.0,0.0,0.0,0.0,0.0,0.0,0.0,0.0,0.0,0.0,0.0,0.0,0.0,0.0,0.039057239057239054,0.0,0.03535353535353535,0.10502946127946128,0.23274410774410773,0.12279040404040405,0.10023148148148148,0.32034932659932663,8.0
0.0,0.0,0.0,0.0,0.0,0.0,0.0,0.0,0.0,0.0,0.0,0.0,0.0,0.0,0.0,0.0,0.0,0.0,0.0,0.0,0.0,0.0,0.0,0.011904761904761904,0.0,0.0,0.0,0.0,0.0,0.0,0.0,0.0,0.008333333333333333,0.025000000000000005,0.0,0.027777777777777776,0.057194616977225665,0.04338624338624338,0.12221647112951461,0.27636876006441224,0.4278180354267311,9.0
0.0,0.0,0.0,0.0,0.004629629629629629,0.0,0.0,0.0,0.0,0.0,0.0,0.0,0.0,0.0,0.0,0.0,0.0,0.0,0.0,0.0,0.0,0.0,0.0,0.0,0.0,0.0,0.0,0.0,0.0,0.0,0.0,0.0,0.027777777777777776,0.020833333333333332,0.0,0.020833333333333332,0.04917328042328042,0.08075396825396826,0.09140211640211642,0.10949074074074074,0.4284391534391534,10.0
0.004629629629629629,0.004629629629629629,0.009259259259259259,0.027777777777777776,0.0,0.0,0.0,0.0,0.0,0.0,0.0,0.0,0.012205387205387205,0.0,0.0,0.0,0.0,0.0,0.0,0.0,0.0,0.0,0.0,0.0,0.0,0.0,0.0,0.0,0.0,0.0,0.0,0.0,0.010416666666666666,0.12457912457912457,0.0,0.04831649831649831,0.07526755651755651,0.11686507936507935,0.0833483645983646,0.13053451178451178,0.3521705146705147,11.0
0.0,0.0,0.0,0.0,0.0,0.0,0.0,0.0,0.0,0.0,0.0,0.0,0.0,0.0,0.0,0.0,0.0,0.0,0.0,0.0,0.0,0.0,0.0,0.0,0.0,0.0,0.0,0.0,0.0,0.0,0.0,0.0,0.0,0.10416666666666667,0.0,0.010416666666666666,0.05833333333333333,0.11121031746031745,0.03273809523809524,0.15168650793650795,0.364781746031746,12.0
0.0,0.0,0.0,0.0,0.0,0.0,0.0,0.0,0.0,0.0,0.0,0.0,0.0,0.0,0.041666666666666664,0.0,0.0,0.0,0.0,0.0,0.0,0.0,0.0,0.0,0.0,0.0,0.0,0.0,0.0,0.0,0.0,0.0,0.0,0.03535353535353535,0.013888888888888888,0.005952380952380952,0.021464646464646464,0.05158730158730159,0.13769841269841268,0.15404040404040403,0.4550144300144299,13.0
