oi,ei,js,ho,sh,gi,oo,so,jo,os,sc,cc,ii,hi,oc,ig,hs,si,cs,is,se,es,gs,gg,sg,ss,TimeFactor
0.0,0.0,0.0,0.0,0.0,0.0,0.0,0.0,0.0,0.0,0.0,0.0,0.0,0.001851851851851852,0.001851851851851852,0.001851851851851852,0.0043859649122807015,0.0058966861598440555,0.01127946127946128,0.011793372319688111,0.016666666666666666,0.016666666666666666,0.020224171539961013,0.0217304625199362,0.024096225412014883,0.19503810030125815,1.0
0.0,0.0,0.0,0.0,0.0,0.0,0.0,0.0,0.0012626262626262627,0.0018115942028985507,0.0018115942028985507,0.0036231884057971015,0.003787878787878788,0.0,0.0012626262626262627,0.0036231884057971015,0.0,0.022441809398331135,0.0012626262626262627,0.017555994729907775,0.0,0.013888888888888888,0.025472112428634164,0.023331137461572244,0.01932367149758454,0.1928743961352657,2.0
0.0,0.0,0.0,0.0,0.0,0.0032051282051282055,0.007575757575757576,0.007575757575757576,0.0,0.0,0.0016025641025641027,0.0016025641025641027,0.0016025641025641027,0.0,0.0,0.0016025641025641027,0.0,0.017094017094017092,0.005208333333333333,0.03796741452991453,0.0,0.0,0.06785523504273505,0.010016025641025642,0.042174145299145295,0.2949179292929293,3.0
0.0,0.0,0.0,0.0,0.0013020833333333333,0.005208333333333333,0.0,0.0,0.0,0.0,0.001893939393939394,0.0,0.006510416666666667,0.0,0.0,0.0013020833333333333,0.0013020833333333333,0.004498106060606061,0.003787878787878788,0.011008522727272728,0.0,0.0,0.02566287878787879,0.020572916666666666,0.00390625,0.41304450757575756,4.0
0.0,0.0,0.0,0.0021929824561403508,0.0,0.0021929824561403508,0.0,0.0,0.0,0.0021929824561403508,0.0,0.0,0.0,0.0,0.0,0.0,0.0021929824561403508,0.0,0.001937984496124031,0.0063239494084047325,0.0,0.0,0.044886440908472734,0.0,0.02021283829729362,0.33453352373181017,5.0
0.0,0.0,0.006944444444444444,0.0,0.0,0.0028735632183908046,0.0,0.0,0.0,0.0,0.0,0.0,0.017241379310344827,0.0,0.0,0.0,0.0,0.008620689655172414,0.0,0.0263752052545156,0.0,0.0,0.006841817186644773,0.007936507936507936,0.003968253968253968,0.3358648056923919,6.0
0.0,0.0014367816091954023,0.005952380952380952,0.0,0.0,0.0014367816091954023,0.0,0.0,0.0,0.004310344827586207,0.0,0.0,0.004310344827586207,0.0,0.0,0.0014367816091954023,0.0014367816091954023,0.0014367816091954023,0.0028735632183908046,0.004310344827586207,0.0,0.0,0.011206896551724138,0.007183908045977012,0.014080459770114942,0.5219211822660098,7.0
0.0,0.0,0.004901960784313725,0.0,0.0,0.0,0.0,0.0,0.0,0.0,0.0,0.0,0.0,0.0,0.0,0.0,0.0,0.0,0.013888888888888888,0.0,0.0,0.004901960784313725,0.004901960784313725,0.0,0.004901960784313725,0.21650326797385622,8.0
0.0,0.0,0.0,0.0,0.0,0.0,0.0,0.0,0.0,0.0,0.0,0.0,0.0,0.0,0.0,0.0,0.0,0.004901960784313725,0.0,0.004901960784313725,0.0,0.0,0.021568627450980395,0.00980392156862745,0.026470588235294117,0.43235294117647055,9.0
0.0,0.0,0.0033333333333333335,0.0,0.0,0.0,0.0,0.0,0.0,0.003968253968253968,0.0033333333333333335,0.0,0.0,0.0,0.0,0.0,0.0,0.0,0.007301587301587302,0.017222222222222222,0.0,0.0033333333333333335,0.007054673721340388,0.007936507936507936,0.007936507936507936,0.3552469135802469,10.0
0.0,0.0,0.0,0.0,0.0,0.0,0.0,0.0,0.0,0.0,0.0,0.0,0.0,0.0,0.0,0.0,0.0,0.0,0.0,0.0,0.0,0.0,0.009259259259259259,0.0,0.009259259259259259,0.23148148148148148,11.0
0.016666666666666666,0.0,0.0,0.0,0.0,0.0,0.0,0.0,0.0,0.0,0.0,0.0,0.0,0.0,0.0,0.0,0.0,0.0,0.0,0.016666666666666666,0.0,0.0,0.0,0.0,0.0,0.3,12.0
0.0,0.0,0.0,0.0,0.0,0.0,0.0,0.0,0.0,0.0,0.0,0.0,0.0,0.0,0.0,0.0,0.0,0.0,0.0,0.0,0.0,0.0,0.036447811447811444,0.0,0.007575757575757576,0.37264309764309766,13.0
