scs,sis,jgs,igs,sos,eis,ggs,cgs,sgs,hss,ess,jss,oss,css,iss,gss,sss,TimeFactor
0.0,0.0,0.0,0.0,0.0,0.0,0.0,0.0,0.0026041666666666665,0.014717784043441937,0.03653381642512077,0.03670814968455622,0.0398405277311219,0.062294647632324195,0.11671819361309321,0.16758291045579968,0.5229998037478755,1.0
0.0,0.0,0.0,0.0,0.0,0.0,0.0,0.0,0.0,0.013986013986013986,0.011312217194570137,0.08852534634268379,0.0456442350792196,0.21055570389935718,0.06744110149682904,0.10404402242637538,0.45849135957495085,2.0
0.0,0.0,0.0,0.0,0.0,0.0,0.0,0.008333333333333333,0.0,0.0,0.009259259259259259,0.14379084967320263,0.008333333333333333,0.07647058823529412,0.1757130124777184,0.07196969696969696,0.506129926718162,3.0
0.0,0.0,0.0,0.0,0.0,0.0,0.005952380952380952,0.0,0.0,0.006410256410256411,0.0,0.06481481481481481,0.031878306878306874,0.09100529100529102,0.1208129833129833,0.11083638583638583,0.4016229141229142,4.0
0.0,0.0,0.0,0.0,0.009259259259259259,0.020833333333333332,0.0,0.0,0.0,0.016666666666666666,0.019642857142857142,0.05304232804232804,0.010416666666666666,0.02934854497354497,0.0775132275132275,0.2571263227513227,0.33948412698412705,5.0
0.0,0.0,0.0,0.0,0.0,0.0,0.0,0.0,0.0,0.01978114478114478,0.0,0.041245791245791245,0.024305555555555552,0.046875,0.020833333333333332,0.09785353535353535,0.5824389730639731,6.0
0.0,0.0,0.0,0.027777777777777776,0.0,0.0,0.0,0.0,0.06547619047619048,0.013888888888888888,0.0,0.024404761904761905,0.06868686868686869,0.03598484848484849,0.10138888888888888,0.2018939393939394,0.46049783549783546,7.0
0.0,0.0,0.0,0.0,0.0,0.0,0.0,0.0,0.016666666666666666,0.010416666666666666,0.0,0.04543650793650794,0.027083333333333334,0.04606384220354809,0.1981471755368814,0.10433881886087769,0.4685136554621849,8.0
0.0,0.0,0.011904761904761904,0.0,0.0,0.0,0.0,0.0,0.0,0.022321428571428572,0.0,0.05569083694083694,0.0,0.007575757575757576,0.08261183261183261,0.12516233766233767,0.528066378066378,9.0
0.0,0.0,0.0,0.0,0.0,0.0,0.0,0.0,0.0,0.009259259259259259,0.0,0.05618686868686868,0.015151515151515152,0.08112373737373736,0.07861351611351612,0.11819083694083694,0.558140933140933,10.0
0.0,0.006944444444444444,0.0,0.0,0.0,0.0,0.0,0.0,0.0,0.01825666163901458,0.0,0.016748366013071895,0.014520202020202022,0.033473389355742296,0.11214463640934229,0.06232239982239982,0.568923233629116,11.0
0.004901960784313725,0.0,0.0,0.0,0.0,0.0,0.0,0.0,0.0,0.0,0.0,0.05946545284780578,0.08333333333333333,0.020833333333333332,0.05239651416122004,0.2848934018051665,0.4941760037348273,12.0
0.0,0.0,0.0,0.0,0.0,0.0,0.0,0.0,0.0,0.016666666666666666,0.0,0.04410866910866911,0.07175925925925926,0.074002849002849,0.060505698005698015,0.19179385429385432,0.4578296703296703,13.0
