jc,gc,jg,cc,ec,ic,hj,sj,jj,ji,js,eg,ge,je,es,ig,sh,hh,ii,so,hg,sc,si,gg,cs,hs,sg,os,is,gs,ss,TimeFactor
0.0,0.0,0.0,0.0,0.0,0.0,0.0,0.0,0.0,0.0,0.0,0.0,0.0,0.0,0.0,0.0,0.0,0.0,0.002777777777777778,0.0030864197530864196,0.003472222222222222,0.004629629629629629,0.005555555555555556,0.012301587301587301,0.014660493827160495,0.019444444444444445,0.019708994708994707,0.03355379188712521,0.05192901234567901,0.13818342151675486,0.6906966490299823,1.0
0.0,0.0,0.0,0.0,0.0,0.0,0.0,0.0,0.0,0.0,0.0,0.0015432098765432098,0.0015432098765432098,0.003968253968253968,0.005511463844797178,0.006944444444444444,0.009259259259259259,0.009259259259259259,0.0023148148148148147,0.0,0.0,0.013888888888888888,0.0023148148148148147,0.0023148148148148147,0.03375220458553791,0.012455908289241624,0.010648148148148148,0.02932098765432099,0.045436507936507935,0.1394179894179894,0.586772486772487,2.0
0.0,0.0,0.0,0.0,0.0,0.0021367521367521365,0.0021367521367521365,0.0021367521367521365,0.0021367521367521365,0.0021367521367521365,0.0021367521367521365,0.0,0.0,0.0,0.0030864197530864196,0.0,0.0,0.0,0.0,0.0,0.0,0.007054673721340388,0.0,0.0,0.023433048433048432,0.002777777777777778,0.005864197530864197,0.005731922398589065,0.08354700854700853,0.10907610907610908,0.5799416632749966,3.0
0.0,0.0,0.0,0.0030864197530864196,0.0030864197530864196,0.0,0.0,0.0,0.0,0.0,0.0,0.0,0.0,0.0,0.013888888888888888,0.0,0.0,0.0030864197530864196,0.0,0.0,0.0,0.0,0.0,0.003472222222222222,0.03665123456790124,0.011664851125635438,0.01668028322440087,0.0051062091503267975,0.04271060275962237,0.12465958605664489,0.6525735294117647,4.0
0.0,0.0,0.0,0.0,0.0,0.0,0.0,0.0,0.0,0.0,0.0,0.0,0.0,0.0,0.0,0.0,0.0,0.0,0.0,0.0,0.0,0.0,0.0,0.0,0.013888888888888888,0.013888888888888888,0.027777777777777776,0.05555555555555555,0.013888888888888888,0.13333333333333333,0.5750000000000001,5.0
0.0,0.0,0.027777777777777776,0.0,0.0,0.0,0.0,0.0,0.0,0.0,0.0,0.0,0.0,0.0,0.0,0.0,0.0,0.0,0.0,0.0,0.0,0.027777777777777776,0.0,0.0,0.05092592592592593,0.0,0.0,0.004629629629629629,0.009259259259259259,0.13888888888888887,0.4074074074074074,6.0
0.013888888888888888,0.027777777777777776,0.0,0.0,0.0,0.0,0.0,0.0,0.0,0.0,0.027777777777777776,0.0,0.0,0.0,0.0,0.0,0.0,0.0,0.0,0.0,0.0,0.006944444444444444,0.0,0.0,0.048611111111111105,0.006944444444444444,0.0,0.013888888888888888,0.027777777777777776,0.05555555555555555,0.5208333333333334,7.0
0.0,0.0,0.0,0.0,0.0,0.0,0.0,0.0,0.0,0.0,0.0,0.0,0.0,0.0,0.0,0.0,0.0,0.0,0.0,0.0,0.0,0.0,0.0,0.0,0.041666666666666664,0.0,0.0,0.0,0.06944444444444443,0.0,0.38888888888888884,8.0
0.0,0.0,0.0,0.0,0.0,0.0,0.0,0.0,0.0,0.0,0.0,0.0,0.0,0.0,0.0,0.0,0.0,0.0,0.0,0.004629629629629629,0.0,0.004629629629629629,0.0,0.0,0.0,0.018518518518518517,0.004629629629629629,0.018518518518518517,0.004629629629629629,0.08796296296296297,0.2731481481481481,9.0
0.0,0.0,0.037037037037037035,0.0,0.0,0.0,0.0,0.0,0.0,0.0,0.009259259259259259,0.0,0.0,0.0,0.013888888888888888,0.0,0.0,0.0,0.0,0.0,0.0,0.0,0.0,0.013888888888888888,0.0,0.0,0.027777777777777776,0.027777777777777776,0.0,0.07407407407407407,0.3796296296296296,10.0
0.0,0.0,0.020833333333333332,0.0,0.0,0.0,0.0,0.006944444444444444,0.027777777777777776,0.027777777777777776,0.020833333333333332,0.0,0.0,0.0,0.0,0.0,0.0,0.0,0.0,0.0,0.0,0.0,0.0,0.013888888888888888,0.0,0.0,0.013888888888888888,0.0,0.027777777777777776,0.03472222222222222,0.3055555555555555,11.0
0.0,0.0,0.0,0.0,0.0,0.0,0.013888888888888888,0.0,0.0,0.013888888888888888,0.0,0.0,0.0,0.0,0.0,0.0,0.0,0.0,0.0,0.0,0.0,0.0,0.0,0.0,0.0,0.013888888888888888,0.027777777777777776,0.0,0.027777777777777776,0.06944444444444443,0.3333333333333333,12.0
0.0,0.0,0.0,0.0,0.0,0.0,0.0,0.0,0.0,0.0,0.0,0.0,0.0,0.0,0.0,0.0,0.0,0.0,0.0,0.0,0.0,0.0,0.0,0.0,0.0,0.0,0.027777777777777776,0.037037037037037035,0.009259259259259259,0.09259259259259257,0.5,13.0
