es,ee,se,hs,sj,si,ii,js,os,gc,sc,gg,jg,sg,cs,is,gs,ss,TimeFactor
0.0,0.0,0.0,0.0,0.0,0.0,0.0,0.0,0.0,0.0,0.0,0.002777777777777778,0.013888888888888888,0.016666666666666666,0.03333333333333333,0.035648148148148144,0.09606481481481483,0.7182870370370371,1.0
0.0,0.0,0.0,0.0,0.0,0.0,0.0,0.0,0.0,0.0,0.006944444444444444,0.0,0.0,0.0,0.010648148148148148,0.05277777777777778,0.06296296296296296,0.6166666666666667,2.0
0.0,0.0,0.0,0.0,0.0,0.0,0.0,0.0,0.0,0.003472222222222222,0.0,0.009259259259259259,0.0,0.016203703703703703,0.006944444444444444,0.003472222222222222,0.1087962962962963,0.26851851851851855,3.0
0.0,0.0,0.0,0.0,0.0,0.0,0.0,0.0,0.009259259259259259,0.0,0.0,0.0,0.009259259259259259,0.013888888888888888,0.0,0.0,0.13425925925925927,0.5833333333333334,4.0
0.0,0.0,0.0,0.0,0.0,0.027777777777777776,0.027777777777777776,0.027777777777777776,0.0,0.0,0.0,0.0,0.0,0.027777777777777776,0.009259259259259259,0.018518518518518517,0.09953703703703703,0.42824074074074076,5.0
0.0,0.0,0.0,0.0,0.0,0.0,0.0,0.0,0.0,0.0,0.0,0.0,0.0,0.0,0.0,0.013888888888888888,0.11111111111111112,0.5416666666666666,6.0
0.0,0.0,0.0,0.0,0.027777777777777776,0.0,0.0,0.013888888888888888,0.041666666666666664,0.0,0.0,0.013888888888888888,0.0,0.027777777777777776,0.0,0.020833333333333332,0.09027777777777778,0.5972222222222222,7.0
0.0,0.009259259259259259,0.009259259259259259,0.027777777777777776,0.0,0.0,0.0,0.0,0.0,0.0,0.0,0.009259259259259259,0.0,0.018518518518518517,0.0,0.011111111111111112,0.08888888888888886,0.4925925925925925,8.0
0.009259259259259259,0.0,0.009259259259259259,0.0,0.0,0.0,0.0,0.0,0.0,0.0,0.0,0.0,0.009259259259259259,0.0,0.0,0.009259259259259259,0.018518518518518517,0.6111111111111112,9.0
0.0,0.0,0.0,0.013888888888888888,0.0,0.0,0.0,0.0,0.0,0.0,0.0,0.013888888888888888,0.0,0.020833333333333332,0.0,0.005555555555555556,0.07708333333333332,0.61875,10.0
0.0,0.0,0.0,0.0,0.0,0.0,0.0,0.0,0.0,0.0,0.0,0.004629629629629629,0.0,0.037037037037037035,0.013888888888888888,0.018518518518518517,0.05555555555555556,0.5370370370370371,11.0
0.0,0.0,0.0,0.0,0.0,0.0,0.009259259259259259,0.0,0.0,0.0,0.0,0.0,0.0,0.013888888888888888,0.009259259259259259,0.05092592592592593,0.020833333333333332,0.6458333333333334,12.0
0.0,0.0,0.0,0.0,0.0,0.0,0.0,0.0,0.006944444444444444,0.0,0.0,0.03472222222222222,0.0,0.041666666666666664,0.0,0.0,0.03472222222222222,0.548611111111111,13.0
