gsj,sjj,hss,ess,jsi,sis,isg,jss,ssi,ssg,sgg,cgs,oss,gsg,isi,iis,sii,gig,shg,hgi,sgs,css,gss,iss,sss,TimeFactor
0.0,0.0,0.0,0.0,0.0,0.0,0.0,0.0,0.0,0.0,0.0,0.0,0.003472222222222222,0.004629629629629629,0.004629629629629629,0.004629629629629629,0.004629629629629629,0.013888888888888888,0.013888888888888888,0.013888888888888888,0.018287037037037036,0.04259259259259259,0.0537037037037037,0.08472222222222221,0.6537037037037038,1.0
0.0,0.0,0.0,0.0,0.0,0.0,0.0,0.0,0.005555555555555556,0.005555555555555556,0.005555555555555556,0.013888888888888888,0.0,0.0,0.0,0.0,0.005555555555555556,0.0,0.0,0.0,0.0,0.06737472766884532,0.11497821350762527,0.025027233115468405,0.6731753812636166,2.0
0.0,0.0,0.0,0.0,0.0,0.0,0.013888888888888888,0.037037037037037035,0.0,0.0023148148148148147,0.0023148148148148147,0.0,0.0,0.0,0.0,0.0,0.0,0.0,0.0,0.0,0.013888888888888888,0.0,0.08333333333333333,0.06018518518518518,0.3703703703703704,3.0
0.0,0.0,0.004629629629629629,0.013888888888888888,0.027777777777777776,0.027777777777777776,0.0,0.032407407407407406,0.0,0.0,0.0,0.0,0.0,0.0,0.0,0.0,0.0,0.0,0.0,0.0,0.0,0.0,0.01736111111111111,0.056712962962962965,0.3194444444444444,4.0
0.0,0.0,0.009259259259259259,0.0,0.0,0.0,0.0,0.03472222222222222,0.0,0.0,0.0,0.0,0.0,0.0,0.0,0.0,0.0,0.0,0.0,0.0,0.0,0.009259259259259259,0.02314814814814815,0.0,0.4236111111111111,5.0
0.0,0.0,0.0,0.005555555555555556,0.0,0.0,0.0,0.06018518518518518,0.0,0.0,0.0,0.0,0.013888888888888888,0.0,0.0,0.0,0.0,0.0,0.0,0.0,0.0,0.04629629629629629,0.016666666666666666,0.027777777777777776,0.412962962962963,6.0
0.005555555555555556,0.005555555555555556,0.009259259259259259,0.0,0.0,0.0,0.0,0.04629629629629629,0.0,0.0,0.0,0.0,0.013888888888888888,0.0,0.0,0.0,0.0,0.0,0.0,0.0,0.005555555555555556,0.0,0.016666666666666666,0.019444444444444445,0.2111111111111111,7.0
0.0,0.0,0.0,0.0,0.027777777777777776,0.027777777777777776,0.0,0.041666666666666664,0.0,0.0,0.0,0.0,0.0,0.0,0.0,0.0,0.0,0.0,0.0,0.0,0.0,0.0,0.0,0.027777777777777776,0.20833333333333334,8.0
0.0,0.0,0.0,0.0,0.0,0.0,0.0,0.05555555555555555,0.0,0.0,0.0,0.0,0.009259259259259259,0.0,0.0,0.0,0.0,0.0,0.0,0.0,0.0,0.0,0.0,0.027777777777777776,0.24074074074074073,9.0
0.0,0.0,0.0,0.0,0.0,0.0,0.0,0.018518518518518517,0.0,0.0,0.0,0.0,0.0,0.0,0.0,0.0,0.0,0.0,0.0,0.0,0.0,0.0,0.018518518518518517,0.0,0.12962962962962962,10.0
0.0,0.0,0.0,0.0,0.0,0.0,0.0,0.013888888888888888,0.0,0.0,0.0,0.0,0.027777777777777776,0.0,0.0,0.0,0.0,0.0,0.0,0.0,0.0,0.0,0.0,0.0,0.2916666666666667,11.0
0.0,0.0,0.0,0.0,0.0,0.0,0.0,0.02314814814814815,0.0,0.0,0.0,0.0,0.0,0.0,0.0,0.0,0.0,0.0,0.0,0.0,0.0,0.0,0.0,0.0,0.3101851851851852,12.0
0.0,0.0,0.027777777777777776,0.0,0.0,0.027777777777777776,0.0,0.037037037037037035,0.0,0.0,0.0,0.0,0.0,0.0,0.0,0.0,0.0,0.0,0.0,0.0,0.0,0.0,0.027777777777777776,0.027777777777777776,0.5185185185185185,13.0
