ics,ess,jsc,ogs,jgs,ihs,sos,his,osc,scc,iis,egs,gos,csg,see,chg,isg,sse,hgs,scg,sjj,esg,ssc,iii,gsi,jss,igs,gis,ssi,sii,scs,ggi,jos,gsj,gig,ggg,oss,jis,ccs,gsg,hss,cis,ssj,ssg,ggs,sis,sgg,css,sgs,iss,gss,sss,TimeFactor
0.0,0.0,0.0,0.0,0.0,0.0,0.0,0.0,0.0,0.0,0.0,0.0,0.0,0.0,0.0,0.0,0.0,0.0,0.0,0.0,0.0,0.0,0.0,0.0,0.0,0.0,0.0,0.0,0.0,0.0,0.0,0.0024509803921568627,0.0024509803921568627,0.0024509803921568627,0.0024509803921568627,0.0024509803921568627,0.0024509803921568627,0.003787878787878788,0.003787878787878788,0.005427170868347338,0.006764069264069264,0.008333333333333333,0.008333333333333333,0.009215049656226127,0.011140819964349376,0.013392857142857142,0.020881079704609118,0.02501803751803752,0.025081699346405226,0.09673069985569983,0.17982185298361766,0.4842450237670826,1.0
0.0,0.0,0.0,0.0,0.0,0.0,0.0,0.0,0.0,0.0,0.0,0.0,0.0,0.0,0.0018115942028985507,0.0018115942028985507,0.0018115942028985507,0.0018115942028985507,0.0018115942028985507,0.0026041666666666665,0.0026041666666666665,0.0026041666666666665,0.0026041666666666665,0.0036231884057971015,0.004415760869565217,0.005208333333333333,0.006076388888888888,0.007763975155279503,0.009424603174603174,0.01036814182194617,0.012393604784909132,0.0,0.0,0.0,0.0,0.0036231884057971015,0.03223487462617897,0.0,0.0,0.010643115942028986,0.010582010582010581,0.0,0.008556547619047618,0.011904761904761904,0.016077898550724636,0.008680555555555554,0.023340450310559008,0.03751869105129974,0.02056159420289855,0.06929886991028295,0.1596068409247757,0.5086219662985968,2.0
0.0,0.0,0.0,0.0,0.0,0.0,0.0,0.0,0.0,0.0,0.002976190476190476,0.002976190476190476,0.002976190476190476,0.010416666666666666,0.0,0.0,0.0,0.0,0.010416666666666666,0.0,0.0,0.0,0.0,0.0,0.0,0.0,0.006944444444444444,0.0,0.00992063492063492,0.00992063492063492,0.0,0.0,0.0,0.0,0.0,0.0,0.020833333333333332,0.0,0.0,0.0,0.026785714285714284,0.0,0.0,0.002976190476190476,0.0,0.0,0.013392857142857142,0.025793650793650796,0.044642857142857144,0.04751984126984126,0.26160714285714287,0.4999007936507937,3.0
0.0,0.0,0.0,0.0,0.0,0.0,0.0,0.0,0.013888888888888888,0.013888888888888888,0.0,0.0,0.0,0.0,0.0,0.0,0.0,0.0,0.0,0.0,0.0,0.0,0.0,0.0,0.0,0.0,0.0,0.0,0.0,0.0,0.010732323232323232,0.0,0.0,0.0,0.0,0.0,0.013888888888888888,0.0,0.0,0.0,0.03472222222222222,0.0,0.0,0.003787878787878788,0.003787878787878788,0.0,0.003787878787878788,0.010732323232323232,0.0,0.014204545454545456,0.2626262626262626,0.530618686868687,4.0
0.0,0.0,0.0,0.0,0.0,0.0,0.0,0.041666666666666664,0.0,0.0,0.0,0.0,0.0,0.0,0.0,0.0,0.0,0.0,0.0,0.0,0.0,0.0,0.0,0.0,0.013888888888888888,0.008333333333333333,0.0,0.0,0.0,0.0,0.0,0.0,0.0,0.0,0.0,0.0,0.008333333333333333,0.0,0.0,0.0,0.020833333333333332,0.0,0.0,0.0,0.0,0.013888888888888888,0.0,0.01984126984126984,0.013888888888888888,0.1263888888888889,0.1775793650793651,0.47202380952380957,5.0
0.0,0.0,0.0,0.0,0.0,0.0,0.0,0.0,0.0,0.0,0.0,0.0,0.0,0.0,0.0,0.0,0.0,0.0,0.0,0.0,0.0,0.0,0.0,0.0,0.0,0.010416666666666666,0.0,0.0,0.0,0.0,0.0,0.0,0.0,0.0,0.0,0.0,0.020833333333333332,0.0,0.0,0.0,0.0,0.0,0.0,0.0,0.0,0.0,0.0,0.041666666666666664,0.0,0.07291666666666667,0.07291666666666667,0.6145833333333334,6.0
0.0,0.0,0.0,0.0,0.0,0.0,0.041666666666666664,0.0,0.0,0.0,0.0,0.0,0.0,0.0,0.0,0.0,0.0,0.0,0.0,0.0,0.0,0.0,0.0,0.0,0.0,0.041666666666666664,0.0,0.0,0.0,0.0,0.0,0.0,0.0,0.0,0.0,0.0,0.08333333333333333,0.0,0.0,0.0,0.041666666666666664,0.0,0.0,0.0,0.0,0.0,0.0,0.0,0.0,0.041666666666666664,0.03472222222222222,0.3819444444444445,7.0
0.0,0.0,0.0,0.0,0.010416666666666666,0.041666666666666664,0.0,0.0,0.0,0.0,0.0,0.0,0.0,0.0,0.0,0.0,0.0,0.0,0.0,0.0,0.0,0.0,0.0,0.0,0.0,0.0,0.0,0.0,0.0,0.0,0.0,0.0,0.0,0.0,0.0,0.0,0.010416666666666666,0.0,0.0,0.0,0.041666666666666664,0.0,0.0,0.0,0.0,0.0,0.0,0.0,0.0,0.0,0.13541666666666666,0.4270833333333333,8.0
0.0,0.0,0.0,0.0,0.0,0.0,0.0,0.0,0.0,0.0,0.0,0.0,0.0,0.0,0.0,0.0,0.0,0.0,0.0,0.0,0.0,0.0,0.0,0.0,0.0,0.0,0.0,0.0,0.0,0.0,0.0,0.0,0.0,0.0,0.0,0.0,0.0,0.0,0.0,0.0,0.0,0.0,0.0,0.0,0.0,0.0,0.0,0.0,0.0625,0.020833333333333332,0.20833333333333334,0.4583333333333333,9.0
0.0,0.013888888888888888,0.020833333333333332,0.020833333333333332,0.0,0.0,0.0,0.0,0.0,0.020833333333333332,0.0,0.0,0.0,0.0,0.0,0.0,0.0,0.0,0.0,0.0,0.0,0.0,0.0,0.0,0.0,0.0,0.0,0.0,0.0,0.0,0.0,0.0,0.0,0.0,0.0,0.0,0.0,0.0,0.0,0.0,0.041666666666666664,0.0,0.0,0.0,0.0,0.0,0.0,0.013888888888888888,0.0,0.020833333333333332,0.08055555555555556,0.35000000000000003,10.0
0.020833333333333332,0.0,0.0,0.0,0.0,0.0,0.0,0.0,0.0,0.0,0.0,0.0,0.0,0.0,0.0,0.0,0.0,0.0,0.0,0.0,0.0,0.0,0.0,0.0,0.0,0.0,0.0,0.0,0.0,0.0,0.0,0.0,0.0,0.0,0.0,0.0,0.027777777777777776,0.0,0.0,0.0,0.013888888888888888,0.0,0.0,0.0,0.0,0.0,0.0,0.0625,0.020833333333333332,0.125,0.020833333333333332,0.5416666666666666,11.0
0.0,0.0,0.0,0.0,0.0,0.0,0.0,0.0,0.0,0.041666666666666664,0.0,0.0,0.0,0.0,0.0,0.0,0.0,0.0,0.0,0.0,0.0,0.0,0.041666666666666664,0.0,0.0,0.0,0.0,0.0,0.0,0.0,0.0,0.0,0.0,0.0,0.0,0.0,0.0,0.0,0.0,0.0,0.0,0.0,0.0,0.0,0.0,0.0,0.0,0.041666666666666664,0.0,0.041666666666666664,0.020833333333333332,0.22916666666666666,12.0
0.0,0.0,0.0,0.0,0.0,0.0,0.0,0.0,0.0,0.0,0.0,0.0,0.0,0.0,0.0,0.0,0.0,0.0,0.0,0.0,0.0,0.0,0.0,0.0,0.0,0.0,0.0,0.0,0.0,0.0,0.0,0.0,0.0,0.0,0.0,0.0,0.020833333333333332,0.0,0.0,0.0,0.0,0.0,0.0,0.0,0.041666666666666664,0.0,0.0,0.0,0.0,0.125,0.10416666666666667,0.375,13.0
