jh,oc,hi,sh,oi,so,sc,cg,og,jg,eg,es,ig,gi,si,gg,sg,os,hs,cs,js,is,gs,ss,TimeFactor
0.0,0.0,0.0,0.0,0.0,0.0,0.0,0.0,0.0,0.0,0.0007861635220125786,0.0010683760683760683,0.0010964912280701754,0.0021929824561403508,0.002638015373864431,0.0060672514619883045,0.006392450142450143,0.009913405308142149,0.018243522437601384,0.03749624206892082,0.0496154733493363,0.08022828320122262,0.09704487206814666,0.687216471313728,1.0
0.0,0.0,0.0,0.0,0.0,0.0,0.0,0.0,0.0,0.0012626262626262627,0.0,0.012051066217732885,0.0,0.0,0.005201701892878364,0.0,0.004201680672268907,0.0186936474926671,0.03618408642918446,0.08408504395024002,0.039190221543162714,0.11802493303718796,0.07120165827273671,0.6099033342293146,2.0
0.0,0.0,0.0,0.0,0.0,0.0,0.0,0.0,0.0012254901960784314,0.0,0.0,0.007936507936507936,0.0,0.0,0.0,0.0,0.0,0.025038992869875223,0.018421257391845625,0.09164625113735021,0.051095620996936784,0.11660541077143244,0.043221448600705564,0.6448090200992679,3.0
0.0,0.0,0.0,0.0,0.0,0.0,0.0,0.003472222222222222,0.0,0.010416666666666666,0.0,0.011959876543209876,0.0,0.0,0.0,0.0,0.0,0.012962962962962963,0.016975308641975308,0.048533950617283945,0.05308641975308642,0.08823302469135802,0.062229938271604925,0.6921296296296297,4.0
0.0,0.0,0.0,0.0,0.0,0.001893939393939394,0.004629629629629629,0.0,0.0,0.0,0.0,0.004629629629629629,0.0,0.0,0.0,0.004629629629629629,0.0,0.06857864357864357,0.011574074074074075,0.029250841750841753,0.03947811447811448,0.13388949013949014,0.05761483886483886,0.6438311688311688,5.0
0.0,0.0,0.0,0.0016666666666666668,0.008333333333333333,0.0,0.0,0.0,0.0,0.013888888888888888,0.0,0.004629629629629629,0.0,0.0,0.0,0.0,0.0,0.030324074074074073,0.018313492063492063,0.07294642857142856,0.021064814814814814,0.08879960317460317,0.07296296296296297,0.6670701058201058,6.0
0.0,0.0,0.0,0.0,0.0,0.0,0.0,0.0,0.0,0.0,0.0,0.006944444444444444,0.0,0.0,0.0,0.0,0.0,0.016776315789473684,0.005665204678362572,0.07498781676413256,0.03633040935672515,0.09466374269005846,0.038291910331384016,0.6430068226120859,7.0
0.0,0.0,0.0018115942028985507,0.0,0.0,0.0,0.0,0.0,0.0,0.0,0.0,0.01875,0.0,0.0,0.013888888888888888,0.0,0.0,0.008333333333333333,0.004166666666666667,0.043629227053140096,0.02638888888888889,0.0778834541062802,0.09484450483091787,0.5436367753623189,8.0
0.0,0.0,0.0,0.0,0.0,0.0,0.0,0.0,0.0,0.0,0.0,0.0,0.0,0.0,0.0,0.0,0.001736111111111111,0.0511574074074074,0.02326388888888889,0.06527777777777778,0.005208333333333333,0.06215277777777777,0.07523148148148148,0.7159722222222222,9.0
0.0,0.010416666666666666,0.0,0.0,0.0,0.006944444444444444,0.0,0.0,0.0,0.0,0.0,0.0,0.0,0.0,0.0,0.0,0.013888888888888888,0.052777777777777785,0.005208333333333333,0.03333333333333333,0.05833333333333334,0.05625,0.07256944444444445,0.6069444444444445,10.0
0.006944444444444444,0.0,0.0,0.0,0.0,0.0,0.0,0.0,0.0,0.0,0.0,0.0,0.0,0.0,0.0,0.0,0.0,0.0,0.006944444444444444,0.04117063492063492,0.052083333333333336,0.04786706349206349,0.026785714285714284,0.5682043650793651,11.0
0.0,0.0,0.0,0.0,0.0,0.0,0.0,0.0,0.0,0.0,0.0,0.020833333333333332,0.0,0.0,0.0,0.0,0.0,0.041666666666666664,0.0,0.0859126984126984,0.041666666666666664,0.04662698412698413,0.06428571428571428,0.6990079365079365,12.0
0.0,0.0,0.0,0.0,0.0,0.0,0.0,0.0,0.0,0.006944444444444444,0.0,0.009837962962962963,0.0,0.0,0.0,0.0,0.0,0.03472222222222222,0.005208333333333333,0.07453703703703703,0.020833333333333332,0.1258101851851852,0.055671296296296295,0.6664351851851852,13.0
