ge,ce,ee,oe,je,hi,oc,jj,jg,jo,hh,hc,hg,oh,ig,ij,jc,sj,oj,og,sh,ji,cg,ei,gc,gj,cj,se,so,ci,oi,gi,sc,js,ii,es,si,gg,hs,os,cs,sg,ss,is,gs,TimeFactor
0.0,0.0,0.0,0.0,0.0,0.0,0.0,0.0,0.0,0.0,0.0,0.0,0.0,0.0,0.0,0.0,0.0,0.0,0.0,0.0,0.0,0.0010683760683760683,0.0014367816091954023,0.001893939393939394,0.001893939393939394,0.001893939393939394,0.001893939393939394,0.001937984496124031,0.0021367521367521365,0.002874331550802139,0.003854723707664884,0.004494057150991068,0.005224660397074189,0.005791939871377581,0.006249097656121572,0.007405457636010963,0.009445272086726129,0.013570923696897864,0.02062576125385692,0.02219895445830673,0.033014879020586835,0.0337804851696706,0.1362111030502373,0.16949292564703503,0.4282764424271017,1.0
0.0,0.0,0.0,0.0,0.0,0.0,0.0,0.0,0.0,0.0010288065843621398,0.001282051282051282,0.001282051282051282,0.001282051282051282,0.0016025641025641027,0.0025495337995337995,0.002564102564102564,0.0027534418022528164,0.003431372549019608,0.0035110722610722615,0.004166666666666667,0.029059829059829057,0.000980392156862745,0.0,0.0,0.0,0.0,0.001282051282051282,0.0,0.006806986296973781,0.0038461538461538464,0.003592909148464704,0.019955779514603044,0.004404420332316313,0.006889612445168,0.004524886877828055,0.002976190476190476,0.019926142921032366,0.007328088578088578,0.03178285767807392,0.010317136290575313,0.03396815120323673,0.022087472574192083,0.13608464686809144,0.15680280600927934,0.3885964389319277,2.0
0.0,0.0,0.0,0.0,0.0,0.0,0.0,0.0,0.008870214752567693,0.0,0.0,0.0,0.0013227513227513227,0.0,0.0036375661375661374,0.0013227513227513227,0.0,0.001572327044025157,0.0,0.0013227513227513227,0.0013227513227513227,0.0028744103773584904,0.0,0.0,0.0,0.0023148148148148147,0.0,0.0,0.0,0.0013227513227513227,0.0,0.011813109428871982,0.012229311385220024,0.004246727930938457,0.0023148148148148147,0.007982583454281567,0.011962886776690154,0.00958994708994709,0.04188895452991751,0.02122214603594941,0.04017762195571875,0.03110816249764263,0.14781696214408926,0.21722805090592803,0.331202297976568,3.0
0.0,0.0,0.0,0.0,0.0,0.0016025641025641027,0.002777777777777778,0.009259259259259259,0.017195767195767195,0.0,0.0,0.0,0.011243386243386243,0.0,0.002777777777777778,0.0,0.002777777777777778,0.0,0.001984126984126984,0.0,0.001984126984126984,0.004901960784313725,0.0,0.0,0.0,0.0,0.0,0.0,0.0,0.0,0.0,0.0016025641025641027,0.0,0.005570818070818071,0.0,0.01402116402116402,0.08969780219780221,0.0067460317460317455,0.05371896621896621,0.014728327228327226,0.013677907060260001,0.02261396011396011,0.14380608322733562,0.2031298775368984,0.2908486402556611,4.0
0.0,0.0,0.0,0.0,0.0,0.0,0.0,0.016666666666666666,0.011419753086419753,0.0,0.0,0.0,0.0,0.0,0.0,0.0,0.0,0.0026041666666666665,0.0,0.0,0.0,0.0,0.0,0.0,0.0,0.0,0.0,0.0,0.08333333333333333,0.0,0.0,0.0,0.0026041666666666665,0.005952380952380952,0.0,0.0,0.011863425925925925,0.0,0.03881399782135076,0.0328125,0.021875000000000002,0.048342832503371715,0.27223848228750186,0.15567970065519085,0.21246026010119146,5.0
0.0,0.0,0.0,0.0,0.004166666666666667,0.0,0.0,0.0,0.05439814814814815,0.0,0.0,0.0,0.0,0.0,0.0,0.0,0.0,0.0,0.0,0.0,0.0,0.0,0.0,0.0,0.0,0.0,0.0,0.0,0.0,0.0,0.0,0.0,0.0,0.003472222222222222,0.0,0.01875,0.0,0.006944444444444444,0.015277777777777779,0.018518518518518517,0.0,0.05092592592592593,0.26471815221815226,0.18694037444037445,0.2925544363044363,6.0
0.0,0.0,0.0,0.0,0.0,0.0,0.0,0.009259259259259259,0.017857142857142856,0.0,0.0,0.0,0.0,0.0,0.0,0.0,0.0,0.0,0.0,0.0,0.018055555555555557,0.013888888888888888,0.0,0.0,0.0,0.0,0.0,0.0,0.004166666666666667,0.0,0.0,0.0,0.0,0.005952380952380952,0.0,0.03425925925925925,0.009259259259259259,0.0,0.04298941798941799,0.013425925925925924,0.004166666666666667,0.05509259259259259,0.3031746031746032,0.15853174603174605,0.22658730158730156,7.0
0.0,0.0,0.0,0.0,0.0,0.0,0.0,0.016666666666666666,0.02840909090909091,0.0,0.0,0.0,0.0,0.0,0.0,0.0,0.0,0.0,0.0,0.0,0.0,0.0,0.0,0.0,0.0,0.0,0.0,0.0,0.016666666666666666,0.0,0.0,0.0,0.0,0.0,0.0,0.041666666666666664,0.0,0.0,0.04157647907647908,0.031186868686868683,0.02857142857142857,0.06746031746031746,0.17963564213564212,0.2027777777777778,0.262049062049062,8.0
0.0,0.0,0.0,0.0,0.0,0.0,0.0,0.0,0.006410256410256411,0.0,0.0,0.0,0.009259259259259259,0.0,0.0,0.0,0.0,0.0,0.0,0.0,0.0,0.0,0.0,0.0,0.0,0.0,0.0,0.0,0.0,0.0,0.0,0.0,0.041666666666666664,0.0,0.0,0.0419973544973545,0.0,0.011904761904761904,0.023809523809523808,0.023076923076923078,0.0664021164021164,0.020833333333333332,0.15468559218559216,0.2680962555962556,0.24852462352462354,9.0
0.0,0.0,0.0,0.0,0.0,0.0,0.0,0.0,0.046052631578947366,0.0,0.0,0.0,0.0,0.0,0.0,0.0,0.0,0.0,0.0,0.0,0.016666666666666666,0.0,0.0,0.0,0.0,0.0,0.0,0.0,0.0,0.0,0.0,0.0,0.0,0.0,0.0,0.08425925925925926,0.0,0.025925925925925925,0.038864522417154,0.027534113060428852,0.0,0.01364522417153996,0.18494152046783627,0.21242690058479533,0.2663499025341131,10.0
0.0,0.002976190476190476,0.005952380952380952,0.005952380952380952,0.0,0.0,0.0,0.0,0.05555555555555555,0.0,0.0,0.0,0.0,0.0,0.0,0.0,0.0,0.005952380952380952,0.002976190476190476,0.0,0.0,0.0,0.0,0.0,0.0,0.0,0.0,0.017857142857142856,0.002976190476190476,0.0,0.0,0.0,0.016666666666666666,0.013392857142857142,0.0,0.038690476190476185,0.0,0.0,0.031135531135531136,0.005952380952380952,0.030555555555555558,0.04807692307692307,0.3425442612942613,0.09282661782661783,0.27996031746031746,11.0
0.048611111111111105,0.0,0.0,0.0,0.0,0.0,0.0,0.0,0.0,0.0,0.0,0.0,0.0,0.0,0.0,0.0,0.0,0.0,0.0,0.0,0.016666666666666666,0.0,0.0,0.0,0.0,0.0,0.0,0.0,0.0,0.0,0.0,0.0,0.0,0.0,0.0,0.011904761904761904,0.011904761904761904,0.0,0.011904761904761904,0.02023809523809524,0.011904761904761904,0.085515873015873,0.2976190476190476,0.22182539682539681,0.17857142857142858,12.0
0.0,0.0,0.0,0.0,0.0,0.0,0.0,0.0,0.041666666666666664,0.0,0.0,0.0,0.0,0.0,0.020833333333333332,0.0,0.0,0.0,0.0,0.0,0.0,0.007575757575757576,0.0,0.0,0.0,0.0,0.0,0.0,0.0,0.0,0.0,0.0,0.0,0.0,0.0,0.0625,0.0,0.041666666666666664,0.04107744107744108,0.007575757575757576,0.0,0.04507575757575758,0.1457070707070707,0.22967171717171717,0.27331649831649835,13.0
