shs,hsg,csg,gig,ies,eie,jss,ieg,egs,sie,sgc,ccc,gcc,iih,sig,ihs,scs,csc,css,sei,eii,ggs,sge,shh,ehs,esg,gee,ses,eee,ssh,hgs,igi,oss,ggi,sgi,gse,iig,igs,isi,gis,gsi,iis,ess,hss,isg,gii,gsg,sii,iii,sis,ssi,sgs,sgg,ssg,ggg,gss,iss,sss,TimeFactor
0.0,0.0,0.0,0.0,0.0,0.0,0.0,0.0,0.0,0.0,0.0,0.0,0.0,0.0013020833333333333,0.0013020833333333333,0.0013020833333333333,0.001388888888888889,0.001388888888888889,0.001388888888888889,0.0021929824561403508,0.0021929824561403508,0.0021929824561403508,0.0028735632183908046,0.0028735632183908046,0.0028735632183908046,0.0028735632183908046,0.0028735632183908046,0.0028735632183908046,0.0028735632183908046,0.0028735632183908046,0.0028735632183908046,0.003616898148148148,0.003616898148148148,0.0045077972709551654,0.004629629629629629,0.005066545674531155,0.00577485380116959,0.00577485380116959,0.0058098806042884985,0.005931712962962962,0.006186038011695906,0.006394675925925926,0.006410256410256411,0.007049209770114942,0.007320601851851852,0.008124695419103314,0.009137426900584795,0.011313657407407406,0.014982334307992203,0.015577789961013645,0.01619761208576998,0.01695601851851852,0.033779229263292326,0.03853069125159642,0.040182885074275726,0.05291975933423302,0.05535878579350675,0.23500199633791966,1.0
0.0,0.0,0.0,0.0,0.0,0.0,0.0,0.0021929824561403508,0.0021929824561403508,0.0021929824561403508,0.007575757575757576,0.007575757575757576,0.007575757575757576,0.0,0.0,0.0,0.0,0.0,0.0021929824561403508,0.0,0.0,0.0021929824561403508,0.0,0.0,0.0,0.0,0.0,0.0,0.0,0.0,0.0021929824561403508,0.0,0.03009259259259259,0.0,0.0,0.0,0.0,0.0,0.0,0.0,0.0021929824561403508,0.0,0.0021929824561403508,0.0,0.0021929824561403508,0.0,0.0,0.0043859649122807015,0.0043859649122807015,0.0043859649122807015,0.006578947368421052,0.0043859649122807015,0.0,0.009768740031897927,0.0021929824561403508,0.04759768740031898,0.03782894736842105,0.47259879496721596,2.0
0.0,0.0,0.0,0.005555555555555556,0.010416666666666666,0.010416666666666666,0.020833333333333332,0.0,0.0,0.0,0.0,0.0,0.0,0.0,0.0,0.0,0.010416666666666666,0.010416666666666666,0.010416666666666666,0.0,0.0,0.0,0.0,0.0,0.0,0.0,0.0,0.0,0.0,0.0,0.0,0.0,0.005555555555555556,0.005555555555555556,0.0,0.0,0.0,0.005555555555555556,0.0,0.0,0.0,0.0,0.010416666666666666,0.009178743961352657,0.0036231884057971015,0.0,0.0036231884057971015,0.0036231884057971015,0.010869565217391304,0.0,0.0036231884057971015,0.007246376811594203,0.009178743961352657,0.009178743961352657,0.009178743961352657,0.035123360938578325,0.014039855072463768,0.2759575569358178,3.0
0.0,0.009259259259259259,0.009259259259259259,0.0,0.0,0.0,0.0,0.0,0.0,0.0,0.0,0.0,0.0,0.0,0.0,0.0,0.0,0.0,0.010416666666666666,0.0,0.0,0.009259259259259259,0.0,0.0,0.0,0.0,0.0,0.0,0.0,0.0,0.0,0.0,0.0,0.0,0.0,0.0,0.0,0.0,0.0,0.0,0.0,0.0,0.0,0.01636904761904762,0.0,0.0,0.0,0.0,0.0,0.0,0.0,0.009259259259259259,0.009259259259259259,0.0,0.0,0.018518518518518517,0.0,0.1583994708994709,4.0
0.003968253968253968,0.0,0.0,0.0,0.0,0.0,0.0,0.0,0.0,0.0,0.0,0.0,0.0,0.0,0.0,0.0,0.0,0.0,0.0,0.0,0.0,0.0,0.0,0.0,0.0,0.0,0.0,0.0,0.0,0.003968253968253968,0.005208333333333333,0.0,0.006944444444444444,0.0,0.0,0.0,0.0,0.0,0.0,0.0,0.003968253968253968,0.003968253968253968,0.0,0.003968253968253968,0.0,0.0,0.003968253968253968,0.003968253968253968,0.003968253968253968,0.003968253968253968,0.003968253968253968,0.003968253968253968,0.0,0.0,0.0,0.05133928571428572,0.0496031746031746,0.3432539682539682,5.0
0.0,0.0,0.0,0.0,0.0,0.0,0.0,0.0,0.0,0.0,0.0,0.0,0.0,0.0,0.0,0.0,0.0,0.0,0.0,0.0,0.0,0.0,0.0,0.0,0.0,0.0,0.0,0.0,0.0,0.0,0.0,0.0,0.0,0.0,0.0,0.0,0.0,0.0,0.0,0.0,0.0,0.0,0.0,0.0,0.0,0.0,0.0,0.0,0.0,0.0,0.0,0.016666666666666666,0.0,0.0,0.0,0.0375,0.0,0.19583333333333333,6.0
0.0,0.0,0.0,0.0,0.0,0.0,0.0,0.0,0.0,0.0,0.0,0.0,0.0,0.0,0.0,0.0,0.0,0.0,0.020833333333333332,0.0,0.0,0.0,0.0,0.0,0.0,0.0,0.0,0.0,0.0,0.0,0.0,0.0,0.0,0.0,0.0,0.0,0.0,0.0,0.0,0.0,0.0,0.0,0.0,0.009259259259259259,0.0,0.0,0.0,0.0,0.0,0.0,0.0,0.0,0.0,0.0,0.0,0.009259259259259259,0.0,0.3773148148148148,7.0
0.0,0.0,0.0,0.0,0.0,0.0,0.0,0.0,0.0,0.0,0.0,0.0,0.0,0.0,0.0,0.0,0.0,0.0,0.009259259259259259,0.0,0.0,0.006944444444444444,0.0,0.0,0.0,0.0,0.0,0.0,0.0,0.0,0.0,0.0,0.0,0.0,0.0,0.0,0.0,0.0,0.0,0.0,0.006944444444444444,0.0,0.0,0.0,0.0,0.0,0.0,0.0,0.0,0.006944444444444444,0.0,0.0,0.0,0.0,0.0,0.02361111111111111,0.027777777777777776,0.2518518518518518,8.0
0.0,0.0,0.0,0.0,0.0,0.0,0.0,0.0,0.0,0.0,0.0,0.0,0.0,0.0,0.0,0.0,0.0,0.0,0.020833333333333332,0.0,0.0,0.0,0.0,0.0,0.0,0.0,0.0,0.0,0.0,0.0,0.0,0.0,0.016666666666666666,0.0,0.0,0.0,0.0,0.0,0.0,0.0,0.0,0.0,0.0,0.0,0.0,0.0,0.0,0.0,0.0,0.0,0.0,0.0,0.0,0.0,0.0,0.020833333333333332,0.0,0.19166666666666665,9.0
0.0,0.0,0.005952380952380952,0.0,0.0,0.0,0.0,0.0,0.0,0.0,0.0,0.0,0.0,0.0,0.0,0.0,0.0,0.0,0.0,0.0,0.0,0.0,0.0,0.0,0.0,0.0,0.0,0.0,0.0,0.0,0.0,0.0,0.0,0.0,0.0,0.0,0.0,0.0,0.0,0.0,0.0,0.0,0.0,0.008333333333333333,0.0,0.0,0.016666666666666666,0.0,0.0,0.0,0.0,0.05178571428571429,0.0,0.008333333333333333,0.0,0.04345238095238096,0.020833333333333332,0.17797619047619048,10.0
0.0,0.0,0.0,0.0,0.0,0.0,0.006944444444444444,0.0,0.0,0.0,0.0,0.0,0.0,0.0,0.0,0.0,0.0,0.0,0.0,0.0,0.0,0.0,0.0,0.0,0.0,0.0,0.0,0.0,0.0,0.0,0.0,0.0,0.03472222222222222,0.0,0.0,0.0,0.0,0.0,0.0,0.0,0.0,0.0,0.0,0.0,0.0,0.0,0.0,0.0,0.0,0.0,0.0,0.0,0.0,0.0,0.0,0.006944444444444444,0.0,0.20138888888888892,11.0
0.0,0.0,0.0,0.0,0.0,0.0,0.0,0.0,0.0,0.0,0.0,0.0,0.0,0.0,0.0,0.0,0.0,0.0,0.0,0.0,0.0,0.0,0.0,0.0,0.0,0.0,0.0,0.0,0.0,0.0,0.0,0.0,0.0,0.0,0.0,0.0,0.0,0.0,0.0,0.0,0.0,0.0,0.0,0.0,0.0,0.0,0.0,0.0,0.0,0.0,0.0,0.0,0.0,0.0,0.0,0.0,0.0,0.08333333333333333,12.0
0.0,0.0,0.0,0.0,0.0,0.0,0.003472222222222222,0.0,0.0,0.0,0.0,0.0,0.0,0.0,0.0,0.0,0.0,0.0,0.0,0.0,0.0,0.0,0.0,0.0,0.0,0.0,0.0,0.0,0.0,0.0,0.0,0.0,0.020833333333333332,0.0,0.0,0.0,0.0,0.0,0.0,0.0,0.0,0.0,0.0,0.0,0.0,0.0,0.0,0.0,0.0,0.0,0.0,0.0,0.0,0.0,0.0,0.0,0.024305555555555556,0.28472222222222227,13.0
