shs,ois,sos,jgs,ghs,ses,ess,scs,jhs,sis,sgs,oss,jss,hss,css,iss,gss,sss,TimeFactor
0.0,0.0,0.0,0.0,0.0,0.0,0.0,0.0,0.0,0.001736111111111111,0.008763227513227513,0.017778822055137842,0.024276837928153716,0.026073999100314885,0.08342062421009788,0.12429915154695859,0.16074806853315626,0.5529031580018423,1.0
0.0,0.0,0.0,0.0,0.0,0.0021367521367521365,0.0032051282051282055,0.0036231884057971015,0.013888888888888888,0.0036231884057971015,0.005809294871794872,0.026681364080251846,0.12207418331817978,0.023400286307895004,0.09439435603016239,0.21063322882553162,0.12453272430206201,0.365997416221759,2.0
0.0,0.0,0.0,0.0,0.0,0.0,0.017857142857142856,0.0,0.0,0.01388888888888889,0.009176587301587302,0.010982925129430506,0.13934210080043416,0.019444444444444445,0.10219553196703735,0.14967252605021422,0.16886226701414875,0.3685775855466716,3.0
0.0,0.0,0.0,0.0033333333333333335,0.027777777777777776,0.0,0.008888888888888889,0.0,0.0,0.0,0.0,0.0,0.10515782921355676,0.021978557504873292,0.09552289629302015,0.1560671695578816,0.1497881345520664,0.4314854128786018,4.0
0.0,0.0,0.006410256410256411,0.0,0.0,0.0,0.0,0.0,0.0,0.0,0.006410256410256411,0.028329197684036394,0.10084953129307968,0.026709401709401708,0.07760619756587499,0.21174278230729845,0.24323895190830677,0.29870342471148925,5.0
0.0,0.0,0.0,0.0,0.0,0.0,0.019242424242424245,0.0,0.0,0.0,0.0,0.02800925925925926,0.20053451178451176,0.02016835016835017,0.04703703703703704,0.10789983164983165,0.08598484848484848,0.4911237373737373,6.0
0.0,0.0,0.008333333333333333,0.0,0.0,0.0,0.008333333333333333,0.0,0.0,0.0,0.0,0.014901960784313726,0.09192810457516339,0.03333333333333333,0.1177777777777778,0.190359477124183,0.1481372549019608,0.3868954248366014,7.0
0.0,0.0,0.0,0.0,0.0,0.0,0.016666666666666666,0.0,0.0,0.0,0.027777777777777776,0.022727272727272724,0.17693371443371442,0.034039489921842865,0.10330271580271581,0.1866405109052168,0.11176669191375073,0.3201451598510422,8.0
0.0,0.006410256410256411,0.0,0.006944444444444444,0.0,0.0,0.0,0.0,0.0,0.0,0.0,0.025446428571428575,0.10446992685963274,0.0,0.0642051222198281,0.10703194953194954,0.13695394610835784,0.465204592520769,9.0
0.0,0.0,0.0,0.0,0.0,0.0,0.0,0.0,0.0,0.0,0.006410256410256411,0.015151515151515152,0.11346882284382283,0.056490384615384616,0.08103146853146853,0.11905594405594405,0.14826146076146074,0.46013014763014776,10.0
0.0,0.0,0.0,0.0,0.0,0.0,0.0,0.0,0.0,0.0,0.006410256410256411,0.03229166666666667,0.06679778554778554,0.06537490287490288,0.12310606060606061,0.0990669053169053,0.09060730935730933,0.5163451132201132,11.0
0.0,0.0,0.0,0.0,0.0,0.0,0.006944444444444444,0.0,0.0,0.0,0.0,0.0,0.1340707671957672,0.01984126984126984,0.08509589947089946,0.07931216931216929,0.156276455026455,0.43512566137566133,12.0
0.041666666666666664,0.0,0.0,0.0,0.0,0.0,0.023809523809523808,0.0,0.0,0.0,0.0,0.0,0.061799311799311786,0.017857142857142856,0.047258297258297256,0.09222374847374847,0.19477397602397603,0.520611333111333,13.0
