oc,sj,cc,gg,ii,jj,si,ch,sc,se,es,sg,ge,eo,so,jc,os,hg,hs,js,cs,is,gs,ss,TimeFactor
0.0,0.0,0.0,0.0,0.0,0.0,0.0,0.0,0.0,0.0,0.0,0.0,0.0,0.0,0.0,0.0,0.0,0.0,0.005555555555555556,0.009259259259259259,0.032407407407407406,0.05608465608465609,0.14272486772486773,0.6706349206349206,1.0
0.0,0.0,0.0,0.0,0.0,0.0,0.0,0.0,0.0,0.0,0.0,0.0,0.0,0.0,0.0,0.0,0.0,0.006944444444444444,0.0,0.0,0.0,0.07870370370370369,0.05555555555555555,0.5254629629629629,2.0
0.0,0.0,0.0,0.0,0.0,0.0,0.0,0.0,0.0,0.0,0.0,0.0,0.0,0.0,0.027777777777777776,0.027777777777777776,0.027777777777777776,0.0,0.0,0.0,0.027777777777777776,0.013888888888888888,0.08333333333333333,0.37499999999999994,3.0
0.0,0.0,0.0,0.0,0.0,0.0,0.0,0.0,0.006944444444444444,0.009259259259259259,0.009259259259259259,0.009259259259259259,0.027777777777777776,0.027777777777777776,0.0,0.0,0.027777777777777776,0.0,0.013888888888888888,0.0,0.016203703703703703,0.07638888888888888,0.06481481481481481,0.5439814814814815,4.0
0.0,0.0,0.0,0.0,0.0,0.009259259259259259,0.013888888888888888,0.027777777777777776,0.041666666666666664,0.0,0.0,0.0,0.0,0.0,0.0,0.0,0.013888888888888888,0.0,0.0,0.009259259259259259,0.013888888888888888,0.013888888888888888,0.06018518518518518,0.462962962962963,5.0
0.0,0.0,0.0,0.0,0.0,0.0,0.0,0.0,0.0,0.0,0.0,0.0,0.0,0.0,0.0,0.0,0.0,0.0,0.0,0.0,0.027777777777777776,0.027777777777777776,0.06481481481481481,0.2962962962962962,6.0
0.0,0.0,0.0,0.027777777777777776,0.027777777777777776,0.0,0.027777777777777776,0.0,0.009259259259259259,0.0,0.0,0.0,0.0,0.0,0.0,0.0,0.027777777777777776,0.0,0.0,0.027777777777777776,0.0787037037037037,0.032407407407407406,0.05555555555555555,0.4351851851851852,7.0
0.0,0.0,0.013888888888888888,0.0,0.0,0.0,0.0,0.0,0.013888888888888888,0.0,0.0,0.0,0.0,0.0,0.0,0.013888888888888888,0.009259259259259259,0.0,0.0,0.0,0.02314814814814815,0.013888888888888888,0.037037037037037035,0.2916666666666667,8.0
0.0,0.013888888888888888,0.0,0.0,0.0,0.0,0.0,0.0,0.0,0.0,0.027777777777777776,0.027777777777777776,0.0,0.0,0.0,0.0,0.0,0.0,0.027777777777777776,0.013888888888888888,0.0,0.05555555555555555,0.027777777777777776,0.47222222222222227,9.0
0.0,0.0,0.0,0.0,0.0,0.0,0.0,0.0,0.0,0.0,0.0,0.0,0.0,0.0,0.0,0.0,0.0,0.0,0.016666666666666666,0.0,0.027777777777777776,0.0,0.06111111111111111,0.3944444444444444,10.0
0.0,0.013888888888888888,0.0,0.0,0.009259259259259259,0.013888888888888888,0.009259259259259259,0.0,0.0,0.0,0.0,0.0,0.0,0.0,0.0,0.0,0.0,0.0,0.0,0.0,0.0,0.0,0.06944444444444443,0.38425925925925924,11.0
0.0,0.0,0.0,0.013888888888888888,0.0,0.0,0.0,0.0,0.0,0.0,0.0,0.013888888888888888,0.0,0.0,0.0,0.0,0.0,0.0,0.0,0.0,0.028703703703703703,0.014814814814814814,0.10277777777777776,0.575925925925926,12.0
0.009259259259259259,0.0,0.0,0.0,0.0,0.0,0.0,0.0,0.0,0.0,0.0,0.0,0.0,0.0,0.0,0.0,0.0,0.0,0.013888888888888888,0.0,0.032407407407407406,0.009259259259259259,0.0,0.35185185185185186,13.0
