ji,gj,sj,ie,ih,ei,es,sc,os,hs,cs,ej,sh,se,js,ii,gi,ig,si,is,sg,gs,gg,ss,TimeFactor
0.0,0.0,0.0,0.0,0.0,0.0,0.0,0.0,0.001488095238095238,0.0015151515151515152,0.0015151515151515152,0.0018115942028985507,0.0018115942028985507,0.0018115942028985507,0.0036231884057971015,0.005208333333333333,0.0073175465838509314,0.0076410455486542435,0.012876435159043853,0.01347284961415396,0.05361613024656503,0.0541413749294184,0.07002458592132506,0.17879199604743082,1.0
0.0,0.0,0.0,0.0007716049382716049,0.0007716049382716049,0.0015432098765432098,0.0023148148148148147,0.002777777777777778,0.016666666666666666,0.003900916982426937,0.024415204678362574,0.0,0.0021929824561403508,0.0023148148148148147,0.0,0.022530864197530864,0.0046816479400749065,0.0028089887640449437,0.017368457556709082,0.022855476706748146,0.07512612158778136,0.0777772302166152,0.03624635871826883,0.26626858970146966,2.0
0.0,0.0,0.0008012820512820514,0.0,0.0,0.0,0.0,0.0,0.0,0.0,0.0,0.0,0.0,0.0,0.0008012820512820514,0.0032051282051282055,0.0008012820512820514,0.0030535343035343037,0.012214137214137215,0.011564449064449067,0.017325017325017327,0.03034043659043659,0.02117983367983368,0.14871361746361747,3.0
0.003968253968253968,0.003968253968253968,0.0,0.0,0.0,0.0,0.0,0.0,0.016666666666666666,0.0,0.0,0.0,0.0,0.0,0.013888888888888888,0.0,0.0,0.0,0.0,0.015873015873015872,0.027777777777777776,0.03571428571428571,0.003968253968253968,0.37817460317460316,4.0
0.0,0.0,0.0,0.0,0.0,0.0,0.0,0.0,0.0,0.0,0.0,0.0,0.0,0.0,0.009157509157509158,0.0,0.0,0.0,0.0,0.0,0.0,0.0,0.0,0.3241758241758242,5.0
0.0,0.0,0.0,0.0,0.0,0.0,0.0,0.0,0.0,0.0,0.0,0.0,0.0,0.0,0.0,0.0,0.0,0.0,0.0,0.0,0.0,0.0,0.0,0.0,6.0
0.0,0.0,0.0,0.0,0.0,0.0,0.0,0.0,0.0,0.0,0.0,0.0,0.0,0.0,0.0,0.0,0.0,0.0,0.0,0.0,0.0,0.0,0.0,0.08333333333333333,7.0
0.0,0.0,0.0,0.0,0.0,0.0,0.0,0.0,0.0,0.0,0.0,0.0,0.0,0.0,0.0,0.0,0.0,0.0,0.0,0.0,0.0,0.0,0.0,0.16666666666666666,8.0
0.0,0.0,0.0,0.0,0.0,0.0,0.0,0.0,0.0,0.0,0.0,0.0,0.0,0.0,0.0,0.0,0.0,0.0,0.0,0.0,0.0,0.0,0.0,0.16666666666666666,9.0
0.0,0.0,0.0,0.0,0.0,0.0,0.0,0.0,0.0,0.0,0.0,0.0,0.0,0.0,0.0,0.0,0.0,0.0,0.016666666666666666,0.016666666666666666,0.0,0.0,0.0,0.13333333333333333,10.0
0.0,0.0,0.0,0.0,0.0,0.0,0.0,0.0,0.0,0.0,0.0,0.0,0.0,0.0,0.0,0.0,0.0,0.0,0.0,0.0,0.0,0.0,0.0,0.08333333333333333,11.0
0.0,0.0,0.0,0.0,0.0,0.0,0.0,0.0,0.0,0.0,0.0,0.0,0.0,0.0,0.0,0.0,0.0,0.0,0.0,0.0,0.0,0.006944444444444444,0.0,0.1597222222222222,12.0
0.0,0.0,0.0,0.0,0.0,0.0,0.0,0.0,0.0,0.0,0.0,0.0,0.0,0.0,0.0,0.0,0.0,0.0,0.0,0.0,0.0,0.0,0.0,0.0,13.0
