sc,sj,js,so,ih,ee,hh,ei,ie,gg,gi,ec,os,se,ig,ii,cs,ge,es,sh,hs,si,is,sg,gs,ss,TimeFactor
0.0,0.0,0.0,0.0,0.0,0.0,0.0,0.0,0.0,0.0,0.0,0.0,0.0,0.0,0.0,0.0,0.0,0.006944444444444444,0.006944444444444444,0.010416666666666666,0.010416666666666666,0.010416666666666666,0.020833333333333332,0.04424603174603175,0.0884920634920635,0.3846230158730159,1.0
0.0,0.0,0.0,0.0,0.0,0.0,0.0,0.004629629629629629,0.004629629629629629,0.004629629629629629,0.0048594693984764905,0.008333333333333333,0.008333333333333333,0.008333333333333333,0.014043209876543209,0.017205148410822168,0.017592592592592594,0.0,0.0,0.0,0.0015432098765432098,0.0128053585500394,0.02653664302600473,0.013501444707118464,0.06349159443131075,0.37286577357499345,2.0
0.0,0.0,0.0,0.0,0.0010040160642570282,0.0010040160642570282,0.004016064257028113,0.0,0.0010040160642570282,0.0020080321285140565,0.0010040160642570282,0.0,0.0,0.0020080321285140565,0.0,0.008220381526104418,0.005208333333333333,0.005208333333333333,0.010228413654618474,0.0020080321285140565,0.003012048192771084,0.013240461847389558,0.026397255689424363,0.017904953145917002,0.052651080512526295,0.3438725138649837,3.0
0.0,0.0,0.0,0.0,0.0,0.005376344086021505,0.0,0.0,0.0,0.0,0.0,0.0,0.0,0.008064516129032258,0.0,0.0,0.0,0.0,0.008064516129032258,0.0,0.007575757575757576,0.0026881720430107525,0.008064516129032258,0.0,0.019896546106223524,0.2736029651352232,4.0
0.0,0.0,0.0,0.0,0.0,0.0,0.0,0.0,0.0,0.0,0.0,0.0,0.0,0.0,0.0,0.0,0.004166666666666667,0.0,0.0,0.0,0.0,0.0,0.004166666666666667,0.0,0.0,0.15833333333333333,5.0
0.0,0.0,0.0,0.0,0.0,0.0,0.0,0.0,0.0,0.0,0.0,0.0,0.0,0.0,0.0,0.0,0.013888888888888888,0.0,0.0,0.0,0.0,0.0,0.0,0.0,0.0,0.1527777777777778,6.0
0.0,0.0,0.0,0.0,0.0,0.0,0.0,0.0,0.0,0.0,0.0,0.0,0.0,0.0,0.0,0.0,0.0,0.0,0.011904761904761904,0.0,0.0,0.0,0.0,0.011904761904761904,0.011904761904761904,0.2976190476190476,7.0
0.0,0.0,0.0,0.0,0.0,0.0,0.0,0.0,0.0,0.0,0.0,0.0,0.0,0.0,0.0,0.0,0.013888888888888888,0.0,0.0,0.006944444444444444,0.006944444444444444,0.020833333333333332,0.020833333333333332,0.0,0.0,0.2638888888888889,8.0
0.0,0.0,0.0,0.0028735632183908046,0.0,0.011494252873563218,0.0,0.0,0.0,0.0,0.0,0.0,0.0028735632183908046,0.0028735632183908046,0.0,0.0,0.0,0.0,0.0,0.0,0.0,0.0,0.005747126436781609,0.0,0.0028735632183908046,0.13793103448275862,9.0
0.0,0.005555555555555556,0.005555555555555556,0.0,0.0,0.0,0.0,0.0,0.0,0.0,0.0,0.0,0.0,0.0,0.0,0.0,0.0,0.0,0.0,0.0,0.0,0.005555555555555556,0.005555555555555556,0.005555555555555556,0.005555555555555556,0.13333333333333333,10.0
0.009575569358178054,0.0,0.0,0.0,0.0,0.005952380952380952,0.0,0.0,0.0,0.005208333333333333,0.005208333333333333,0.0,0.0,0.0,0.0,0.0,0.023464458247066944,0.011160714285714286,0.005208333333333333,0.0,0.0,0.005208333333333333,0.014039855072463768,0.04057755348516218,0.03304002760524499,0.17468944099378883,11.0
0.0,0.0,0.0,0.0,0.0,0.0,0.0,0.0,0.0,0.0,0.0,0.0,0.0,0.004901960784313725,0.0,0.0,0.0,0.0,0.01011029411764706,0.005208333333333333,0.005208333333333333,0.0,0.004901960784313725,0.0,0.01909722222222222,0.4505718954248366,12.0
0.005208333333333333,0.0,0.0,0.008333333333333333,0.0,0.010416666666666666,0.0,0.0,0.0,0.0,0.0,0.0,0.008333333333333333,0.005208333333333333,0.0,0.0,0.010416666666666666,0.008333333333333333,0.008333333333333333,0.0,0.0,0.011904761904761904,0.011904761904761904,0.0,0.005208333333333333,0.32306547619047615,13.0
