"cc","ci","cs","ee","eg","eh","ei","eo","es","gc","ge","gg","gi","gs","hg","hh","hj","hs","ic","ie","ig","ih","ii","is","jg","ji","jj","js","oc","os","sc","se","sg","sh","si","sj","so","ss","TimeFactor"
"1",0,0.00173611111111111,0.010570987654321,0.000793650793650794,0,0.000396825396825397,0.000315656565656566,0,0.00132275132275132,0,0.000396825396825397,0.0262392850661303,0.00598418394471026,0.0522397734413562,0.000396825396825397,0.00595238095238095,0,0.00375417710944027,0,0,0.00151823762291393,0.000182748538011696,0.0143225013290803,0.0466776726355354,0,0,0,0.00364583333333333,0.000868055555555556,0.00479734690261006,0.00158179012345679,0.000712481962481963,0.0204217533724503,0.00404265873015873,0.0176951838910497,0,0,0.578989857406933,2
"2",0.00213675213675214,0,0.00307971014492754,0,0.000301932367149758,0,0,0.00277777777777778,0.000301932367149758,0.00106837606837607,0,0.0243461697814291,0.000154320987654321,0.0590784806698232,0.00096330802852542,0,0.000603864734299517,0.00782126823793491,0,0.000301932367149758,0.000489017155683822,0,0.0109803826742233,0.0487314182060559,0,0,0,0.00901786585663397,0,0.0157553798858147,0,0,0.0271368665271221,0.00291867954911433,0.0174357236630787,0,0,0.611821063035546,4
"3",0.00441176470588235,0,0.0109066008882185,0,0,0,0.00138888888888889,0,0.00302287581699346,0,0,0.0123429281926014,0.00146604938271605,0.0304691718294659,0,0,0,0.0091142910587355,0.000534188034188034,0.00138888888888889,0.000771604938271605,0,0.00761316872427983,0.0299513478230798,0,0,0,0.00908264033264033,0,0.00954844900923332,0.00538875272331155,0.000816993464052288,0.0144706872648049,0,0.00943324860808521,0.000925925925925926,0.00277777777777778,0.542507089055292,6
"4",0,0,0.00763517528223411,0,0,0,0,0,0,0,0,0.00388867668279433,0,0.0316623475408972,0,0.00694444444444444,0,0.00578332343038225,0,0,0,0,0.00126262626262626,0.00740740740740741,0,0,0,0.00975415070242656,0,0.00280974708724069,0.00220588235294118,0,0.00825004244121891,0.00347222222222222,0.00126262626262626,0.00277777777777778,0.00138888888888889,0.459050216769427,8
"5",0,0,0.000408496732026144,0,0,0,0,0,0,0,0,0.000408496732026144,0,0.0261737565839733,0.000730994152046784,0,0,0.000555555555555556,0,0,0,0,0.00166666666666667,0.028253862150921,0,0.000408496732026144,0,0.0176293160361788,0,0.00302629469296136,0,0,0.000555555555555556,0.000555555555555556,0.00782407407407407,0,0,0.620136212113766,10
"6",0,0,0.00231481481481481,0,0,0,0,0,0.00231481481481481,0,0,0,0,0.0250721500721501,0,0,0,0.00138888888888889,0,0,0,0,0.000661375661375661,0.00343915343915344,0,0,0,0.0150252525252525,0,0.00192400192400192,0,0.00115740740740741,0.00925925925925926,0,0,0,0.00126262626262626,0.505624699374699,12
"7",0,0,0.00277777777777778,0,0,0,0,0,0,0,0,0,0,0.0164614898989899,0,0,0,0.00126262626262626,0,0,0,0,0,0.00608465608465609,0,0,0,0.024643759018759,0,0,0,0,0.00347222222222222,0,0.000992063492063492,0,0,0.499860960798461,14
"8",0,0.00277777777777778,0.00728114478114478,0,0,0,0,0,0,0,0,0.000925925925925926,0,0.0223274410774411,0,0,0,0,0,0,0,0,0,0.0111111111111111,0,0,0,0.0224673202614379,0,0.00601851851851852,0,0,0.00625,0,0.000925925925925926,0,0,0.558803723509606,16
"9",0,0,0.00509259259259259,0,0,0,0,0,0,0,0,0.000957854406130268,0,0.0184941520467836,0,0,0,0,0,0,0,0,0,0.00748456790123457,0.00277777777777778,0,0.00277777777777778,0.0176091569920971,0,0.00462962962962963,0,0,0.0039876991328897,0,0.000771604938271605,0,0,0.574306075693704,18
"10",0,0,0.000816993464052288,0,0,0,0,0,0,0,0,0,0.00106837606837607,0.0292455728730239,0,0,0,0.00188840155945419,0,0,0.00384615384615385,0,0,0.00833333333333333,0.00277777777777778,0,0,0.0191358024691358,0,0,0,0,0.012302036199095,0.000730994152046784,0,0,0,0.447632336035329,20
"11",0,0,0,0,0,0,0,0,0,0,0,0,0,0.0216486831070164,0,0,0,0,0,0,0,0,0,0,0,0,0.00277777777777778,0.0242724867724868,0,0.00476190476190476,0,0,0.00489969135802469,0,0,0,0,0.483306122889456,22
"12",0,0,0.00368265993265993,0,0,0,0,0,0,0,0,0,0,0.014767871017871,0,0,0,0,0,0,0,0,0,0.00787037037037037,0,0,0.00277777777777778,0.027239039555216,0,0.00787037037037037,0.00126262626262626,0,0,0,0.00231481481481481,0,0.00277777777777778,0.582214469898294,24
"13",0,0,0.00126262626262626,0,0,0,0,0,0,0.00126262626262626,0,0,0,0.0117485337243402,0,0,0,0,0,0,0,0,0,0.0122844827586207,0,0,0,0.0253845211610784,0,0.00289351851851852,0,0,0,0,0,0.00173611111111111,0,0.55453869131219,26
