jj,eg,gh,io,oc,ci,ge,ji,oi,oh,gc,hg,jc,ij,og,jh,se,oj,gg,ii,ig,cg,go,jg,gi,so,es,sh,sj,si,sc,js,os,hs,cs,sg,ss,is,gs,TimeFactor
0.0,0.0,0.0,0.0,0.0,0.0,0.0,0.0,0.0,0.0,0.0,0.0,0.0,0.0,0.0,0.0,0.0,0.0,0.0,0.0010288065843621398,0.0010288065843621398,0.0010288065843621398,0.0033333333333333335,0.0033333333333333335,0.0036601772712883825,0.005283499135958152,0.005322802197802197,0.005493936846395864,0.005875499727958745,0.007783882783882784,0.009197261072261072,0.020075024483039054,0.024246823135712026,0.026158627704699844,0.03175306573310873,0.03493087671488145,0.18096661568198083,0.1986994942726029,0.43079932681867494,1.0
0.0,0.0,0.0,0.0,0.0,0.0,0.0,0.0,0.0,0.0006459948320413437,0.0006459948320413437,0.0006459948320413437,0.0011111111111111111,0.001757105943152455,0.001937984496124031,0.0020325203252032522,0.0020833333333333333,0.0033341668750520963,0.007313495040426774,0.0011111111111111111,0.0017006802721088435,0.0026785151572445956,0.0,0.0020833333333333333,0.001757105943152455,0.0011111111111111111,0.00519644298397325,0.0031944444444444446,0.004812661498708011,0.017096406943693843,0.0,0.009150700805697526,0.0175342818804205,0.02920790416169101,0.045629139989368184,0.034618660131908986,0.18008681801328283,0.19817704507564446,0.42334593552257843,2.0
0.0,0.0,0.0,0.0,0.0,0.0,0.0,0.0,0.0008503401360544217,0.0,0.0,0.0,0.0,0.0,0.0017006802721088435,0.0,0.0017730496453900709,0.0,0.0,0.0,0.0008503401360544217,0.0,0.0,0.0,0.0,0.0,0.024721144366244896,0.0020325203252032522,0.007180650037792895,0.00935088366699309,0.013762792558294676,0.025958898496318477,0.01607760968711289,0.044779811665893565,0.027550825116229947,0.020486678298190755,0.14833948223657004,0.2586878254956447,0.39589646785990307,3.0
0.0,0.0,0.0,0.0,0.0,0.0,0.0,0.0032051282051282055,0.0,0.0,0.0,0.0,0.0,0.0,0.0010040160642570282,0.0,0.0023809523809523807,0.0,0.0028979554581964224,0.0,0.0,0.0,0.0,0.008886946386946386,0.0010040160642570282,0.0,0.00980392156862745,0.004901960784313725,0.0042091442693852335,0.005099067599067599,0.0061030836633246275,0.014204545454545456,0.02082104642345606,0.02736832474164154,0.037218650414079194,0.0139881097553894,0.19233002712594457,0.24453492168182198,0.40003818195866575,4.0
0.0,0.0,0.0,0.0,0.0,0.0,0.016666666666666666,0.003968253968253968,0.0,0.0,0.0,0.027777777777777776,0.0,0.0,0.0011904761904761904,0.0,0.0,0.0,0.0011904761904761904,0.009259259259259259,0.0,0.0,0.0,0.036111111111111115,0.0,0.0011904761904761904,0.016666666666666666,0.0,0.009818007662835249,0.034126984126984124,0.010016420361247946,0.013293650793650793,0.03371647509578544,0.04895864033795067,0.04224822112753148,0.04456987775953294,0.1524893688686792,0.22206942163838714,0.19133843487291766,5.0
0.0,0.0,0.0,0.0,0.0,0.001572327044025157,0.0,0.0,0.0,0.0,0.0023148148148148147,0.0,0.0,0.0,0.0,0.0,0.0,0.0,0.0,0.0,0.001572327044025157,0.0,0.0,0.00787037037037037,0.003144654088050314,0.0,0.016618623340321454,0.0023148148148148147,0.0,0.016507448700844928,0.0,0.024720475192173307,0.011661425576519916,0.058919722834817174,0.037431253233140026,0.016666666666666666,0.29747792389301825,0.20207788804486917,0.21579593100819516,6.0
0.0,0.0,0.0,0.0,0.0,0.0,0.0,0.0,0.0,0.0,0.0,0.0,0.0,0.0,0.0023809523809523807,0.0,0.0,0.0,0.003787878787878788,0.0,0.0,0.0,0.0,0.005952380952380952,0.0,0.01626984126984127,0.015692640692640692,0.0,0.005952380952380952,0.0021367521367521365,0.0,0.0,0.024755799755799755,0.013797313797313797,0.0214008214008214,0.008089133089133088,0.1393911643911644,0.4287129537129537,0.22834665334665338,7.0
0.0,0.0,0.0,0.0,0.0,0.0,0.0,0.0,0.0,0.0,0.011904761904761904,0.0,0.0,0.0,0.0,0.0,0.0,0.0,0.0,0.0,0.0,0.0,0.0,0.007575757575757576,0.0,0.0,0.0,0.0,0.004629629629629629,0.004629629629629629,0.0,0.0,0.008597883597883597,0.013528138528138528,0.06240981240981241,0.023809523809523808,0.26820586820586817,0.21265031265031265,0.21539201539201538,8.0
0.0,0.0,0.0,0.008333333333333333,0.08333333333333333,0.0,0.0,0.0,0.0,0.0,0.0,0.0,0.0,0.0,0.0,0.0,0.0,0.0,0.0,0.0,0.0,0.0,0.0,0.01987734487734488,0.0,0.0,0.0,0.0,0.0,0.0,0.0,0.012337662337662337,0.026623376623376622,0.012337662337662337,0.06600621600621599,0.0468975468975469,0.10417360417360418,0.16622821622821624,0.28718503718503713,9.0
0.0,0.0,0.0,0.0,0.0,0.0,0.0,0.0,0.0,0.0,0.0,0.0,0.0,0.0,0.0,0.0,0.0,0.0,0.0,0.0,0.0,0.0,0.0,0.0,0.0,0.0,0.027777777777777776,0.0,0.0,0.0,0.007575757575757576,0.0,0.048611111111111105,0.043981481481481476,0.043843035619351406,0.0,0.19879718234981392,0.1756877990430622,0.2037258550416445,10.0
0.0,0.0,0.0,0.0,0.0,0.0,0.0,0.041666666666666664,0.0,0.0,0.0,0.0,0.0,0.0,0.0,0.0,0.0,0.0,0.0,0.0,0.0,0.0,0.0,0.041666666666666664,0.0,0.002777777777777778,0.0,0.0,0.027777777777777776,0.0,0.005952380952380952,0.0,0.008730158730158729,0.012037037037037035,0.04953703703703704,0.002777777777777778,0.3488756613756614,0.23690476190476192,0.13796296296296298,11.0
0.0,0.0,0.006410256410256411,0.0,0.0,0.0,0.0,0.009259259259259259,0.0,0.0,0.0,0.0,0.0,0.0,0.0,0.0,0.0,0.0,0.0,0.0,0.0,0.0,0.0,0.011904761904761904,0.0,0.011904761904761904,0.0,0.0,0.0,0.0,0.0,0.009259259259259259,0.058833678398895785,0.046957671957671955,0.044944789510006904,0.0036231884057971015,0.3160504149634585,0.20638415529719878,0.19113446939533896,12.0
0.008333333333333333,0.010416666666666666,0.0,0.0,0.0,0.0,0.0,0.0,0.0,0.0,0.0,0.0,0.0,0.0,0.0,0.0,0.0,0.0,0.0,0.0,0.0,0.0,0.0,0.0,0.0,0.010416666666666666,0.029166666666666664,0.0,0.0,0.011309523809523811,0.0,0.01875,0.010416666666666666,0.033035714285714286,0.0,0.005952380952380952,0.07232142857142858,0.2636904761904762,0.27619047619047615,13.0
