oh,io,ho,oe,go,oo,cc,hh,he,ee,ei,hg,se,og,hi,ih,sc,jj,ij,ig,es,so,jg,jc,sh,gi,js,os,sj,si,ii,cs,hs,gg,sg,is,gs,ss,TimeFactor
0.0,0.0,0.0,0.0,0.0,0.0,0.0,0.0,0.0,0.0,0.0,0.0,0.0,0.0,0.0,0.0,0.0,0.0014619883040935672,0.0016339869281045752,0.0016339869281045752,0.0016339869281045752,0.0025252525252525255,0.003472222222222222,0.003472222222222222,0.003472222222222222,0.005555555555555556,0.006944444444444444,0.008373205741626795,0.008406432748538011,0.014909153454045095,0.018067239300469436,0.022985705003248858,0.02549803591470258,0.04756667552720184,0.0657772470143471,0.06737561806576255,0.15874269874527872,0.5304921202044525,1.0
0.0,0.0,0.0,0.0,0.0,0.0,0.0,0.0,0.0,0.0,0.0011574074074074073,0.0011574074074074073,0.0011574074074074073,0.0023148148148148147,0.0025252525252525255,0.005050505050505051,0.009259259259259259,0.0011574074074074073,0.0011574074074074073,0.003472222222222222,0.003968253968253968,0.0,0.0,0.0,0.0,0.007365319865319866,0.013503086419753086,0.029776936026936023,0.0011574074074074073,0.005401234567901234,0.008487654320987654,0.01273148148148148,0.01575276575276575,0.03279320987654321,0.042648709315375975,0.052970177970177966,0.1429673721340388,0.5187339666506333,2.0
0.0,0.0,0.0,0.0,0.0,0.0,0.001984126984126984,0.006944444444444444,0.006944444444444444,0.006944444444444444,0.0,0.001736111111111111,0.008928571428571428,0.0,0.0,0.0,0.015873015873015872,0.0,0.0,0.001736111111111111,0.015873015873015872,0.0,0.0,0.0,0.001984126984126984,0.008928571428571428,0.001736111111111111,0.010664682539682538,0.0,0.006944444444444444,0.005208333333333333,0.04398148148148148,0.005456349206349205,0.03819444444444444,0.021329365079365076,0.05613425925925925,0.1007771164021164,0.4650297619047619,3.0
0.0,0.0,0.0,0.0,0.0,0.003968253968253968,0.01736111111111111,0.0,0.0,0.0,0.0,0.0,0.0,0.0,0.0,0.0,0.013888888888888888,0.0,0.0,0.008101851851851851,0.0,0.007054673721340388,0.0,0.0,0.0,0.0,0.013888888888888888,0.009259259259259259,0.0,0.006944444444444444,0.012499999999999999,0.03521825396825397,0.0,0.011408730158730158,0.011408730158730158,0.08969356261022927,0.042427248677248675,0.466876102292769,4.0
0.0,0.0,0.0,0.0,0.0,0.0,0.0,0.0,0.0,0.0,0.0,0.0,0.0,0.0,0.0,0.0,0.0,0.0,0.0,0.003472222222222222,0.0,0.0,0.0,0.0,0.0,0.006944444444444444,0.011574074074074075,0.03472222222222222,0.011574074074074075,0.019675925925925927,0.0,0.027777777777777776,0.016203703703703703,0.010416666666666666,0.010416666666666666,0.041666666666666664,0.08912037037037036,0.4664351851851852,5.0
0.0,0.0,0.0,0.0,0.005555555555555556,0.0,0.0,0.0,0.0,0.0,0.0,0.0,0.0,0.0,0.0,0.0,0.0,0.0,0.0,0.005555555555555556,0.0,0.0,0.0,0.0,0.003968253968253968,0.0,0.006944444444444444,0.05740740740740741,0.0,0.003968253968253968,0.003968253968253968,0.0,0.007936507936507936,0.014880952380952378,0.021759259259259256,0.03664021164021163,0.06997354497354498,0.5947751322751321,6.0
0.0,0.0,0.0,0.005555555555555556,0.0,0.0,0.0,0.0,0.0,0.0,0.0,0.0,0.0,0.0,0.0,0.0,0.0,0.0,0.0,0.009259259259259259,0.005555555555555556,0.0,0.0,0.0,0.0,0.0,0.003968253968253968,0.003968253968253968,0.0,0.0,0.0,0.0,0.016203703703703703,0.0,0.0,0.07301587301587302,0.05469576719576719,0.5777777777777778,7.0
0.0,0.0,0.0,0.0,0.0,0.0,0.0,0.0,0.0,0.0,0.0,0.0,0.0,0.0,0.0,0.0,0.0,0.0,0.0,0.0,0.0,0.0,0.0,0.0,0.0,0.0,0.0,0.030092592592592587,0.0,0.009259259259259259,0.009259259259259259,0.006944444444444444,0.006944444444444444,0.0,0.0,0.043981481481481476,0.125,0.6018518518518519,8.0
0.002777777777777778,0.002777777777777778,0.002777777777777778,0.0,0.0,0.0,0.0,0.0,0.0,0.002777777777777778,0.0,0.0,0.002777777777777778,0.0,0.0,0.0,0.0,0.0,0.0,0.0,0.0,0.0,0.0,0.013888888888888888,0.0,0.0,0.0,0.04497354497354497,0.0,0.004629629629629629,0.0,0.016666666666666666,0.0,0.008597883597883597,0.008597883597883597,0.020634920634920634,0.10846560846560847,0.5096560846560846,9.0
0.0,0.0,0.0,0.0,0.0,0.0,0.0,0.0,0.0,0.0,0.0,0.0,0.027777777777777776,0.0,0.0,0.0,0.0,0.0,0.0,0.0,0.027777777777777776,0.0,0.0,0.0,0.0,0.004629629629629629,0.0,0.0,0.0,0.0,0.0,0.027777777777777776,0.009259259259259259,0.0,0.004629629629629629,0.05324074074074075,0.039351851851851846,0.6388888888888888,10.0
0.0,0.0,0.0,0.0,0.0,0.0,0.005555555555555556,0.0,0.0,0.0,0.0,0.0,0.0,0.0,0.0,0.0,0.005555555555555556,0.0,0.0,0.0,0.0,0.0,0.0,0.0,0.0,0.0,0.0,0.036111111111111115,0.0,0.0,0.0,0.041049382716049375,0.0,0.03333333333333333,0.03333333333333333,0.04845679012345679,0.08209876543209876,0.6311728395061728,11.0
0.0,0.0,0.0,0.009259259259259259,0.0,0.0,0.0,0.0,0.0,0.0,0.0,0.0,0.006944444444444444,0.0,0.0,0.0,0.0,0.009259259259259259,0.0,0.0,0.016203703703703703,0.027777777777777776,0.0,0.0,0.0,0.0,0.009259259259259259,0.05324074074074075,0.0,0.0,0.0,0.0,0.013888888888888888,0.0,0.020833333333333332,0.027777777777777776,0.07407407407407407,0.5648148148148148,12.0
0.0,0.0,0.0,0.0,0.0,0.0,0.0,0.0,0.0,0.0,0.0,0.0,0.0,0.0,0.0,0.0,0.0,0.0,0.0,0.0,0.0,0.0,0.0,0.004629629629629629,0.0,0.009259259259259259,0.009259259259259259,0.037037037037037035,0.0,0.037037037037037035,0.0,0.009259259259259259,0.0,0.0,0.0,0.06944444444444443,0.05092592592592593,0.5231481481481481,13.0
