go,ig,gi,so,og,gg,sj,ge,se,hg,ji,si,jg,ei,ie,es,sg,hs,os,js,cg,sc,cs,is,gs,ss,TimeFactor
0.0,0.0,0.0,0.0,0.0,0.0,0.0,0.0,0.0,0.0,0.0,0.0009057971014492754,0.0010964912280701754,0.001736111111111111,0.001736111111111111,0.001736111111111111,0.004378019323671497,0.0054066220443785735,0.006018884374717191,0.011318777067018218,0.013888888888888888,0.013888888888888888,0.023897523821536076,0.04529564066287131,0.16154521251711365,0.707150920748063,1.0
0.0,0.0,0.0,0.0,0.0,0.0,0.0,0.0007716049382716049,0.0007716049382716049,0.000925925925925926,0.0010683760683760683,0.002662037037037037,0.0,0.0,0.0,0.002639701104613385,0.002611585944919278,0.008764841969176334,0.006313861577019471,0.022537048934503076,0.0,0.0,0.019543899122634264,0.04748518817749651,0.09171178495785672,0.625525872637232,2.0
0.0,0.0,0.0,0.0,0.0,0.0,0.0,0.0,0.0,0.0,0.0,0.0025345622119815666,0.004629629629629629,0.0,0.0,0.0,0.0028637588773851286,0.056174562539839205,0.004856694052430486,0.036832421607157856,0.0,0.0,0.01581836718670496,0.0414491760106181,0.1280396592802415,0.6234678352706783,3.0
0.0,0.0,0.0012626262626262627,0.0012626262626262627,0.0012626262626262627,0.0012626262626262627,0.001572327044025157,0.0,0.0,0.0,0.0,0.0042639059703432625,0.0,0.0,0.0,0.015461215932914045,0.0012626262626262627,0.0020116537180910102,0.0028349533066514194,0.03356538356538357,0.0,0.0,0.03509096521027708,0.049696359699134406,0.12323211762723417,0.6426246532794814,4.0
0.0,0.0,0.0,0.0,0.0,0.00504454926624738,0.0,0.0,0.0,0.0,0.0,0.0,0.0,0.0,0.0,0.0016025641025641027,0.0035639412997903563,0.008534701533708486,0.0016025641025641027,0.07927944559026982,0.0,0.0,0.018605870020964362,0.03130299442364983,0.09010335769273208,0.5936933453008428,5.0
0.0,0.0,0.0,0.0,0.0010964912280701754,0.0,0.0,0.0,0.0,0.0,0.0,0.0,0.0,0.0,0.0,0.0010964912280701754,0.008547008547008546,0.005402046783625731,0.0054120879120879125,0.015854700854700855,0.0,0.0,0.008195488721804511,0.10369433198380568,0.08535786581839212,0.5153434869224344,6.0
0.0,0.0,0.0,0.0,0.0,0.0,0.0,0.0,0.0,0.0,0.0,0.0,0.0,0.0,0.0,0.0,0.001984126984126984,0.0011574074074074073,0.01355820105820106,0.029465632406808873,0.0,0.0,0.012423837056189997,0.03662764250999545,0.08431567071272955,0.5704674818645408,7.0
0.0,0.041666666666666664,0.0,0.0,0.0,0.041666666666666664,0.0,0.0,0.0,0.0,0.0,0.0,0.0,0.0,0.0,0.04811507936507936,0.0,0.011904761904761904,0.0625,0.03630050505050505,0.0,0.0,0.018172799422799424,0.03963744588744589,0.08680555555555557,0.5298971861471861,8.0
0.0,0.0,0.0,0.0,0.0,0.0,0.0,0.0,0.0,0.0,0.0,0.0,0.0,0.0,0.0,0.041666666666666664,0.0,0.015277777777777779,0.010732323232323232,0.040624999999999994,0.0,0.0,0.011805555555555555,0.04510732323232323,0.03680555555555556,0.6313131313131314,9.0
0.0,0.0,0.0,0.0,0.0,0.0,0.0,0.0,0.0,0.0,0.0,0.0,0.0,0.0,0.0,0.006944444444444444,0.0,0.011574074074074075,0.006944444444444444,0.010582010582010581,0.0,0.0,0.006944444444444444,0.06058201058201058,0.014285714285714285,0.5488095238095239,10.0
0.0,0.0,0.0,0.0,0.0,0.0,0.0,0.0,0.0,0.0,0.0,0.0,0.0,0.0,0.0,0.0,0.004629629629629629,0.0,0.017676767676767676,0.06613756613756613,0.0,0.0,0.00974025974025974,0.02988215488215488,0.021164021164021163,0.5174362674362675,11.0
0.0,0.0,0.0,0.0,0.0,0.0,0.0,0.0,0.0,0.0,0.0,0.0,0.0,0.0,0.0,0.002976190476190476,0.0,0.003472222222222222,0.041666666666666664,0.020337301587301584,0.0,0.0,0.05833333333333333,0.03859126984126984,0.021230158730158728,0.5633928571428571,12.0
0.005952380952380952,0.0,0.0,0.0,0.0,0.003787878787878788,0.0,0.0,0.0,0.0,0.0,0.0,0.0,0.0,0.0,0.020833333333333332,0.005952380952380952,0.013528138528138528,0.013212481962481962,0.02178030303030303,0.0,0.0,0.038825757575757576,0.046401515151515145,0.028363997113997116,0.634695165945166,13.0
