js,sj,gh,hs,si,ei,ge,is,cs,gg,sg,gs,ss,TimeFactor
0.0,0.0,0.0,0.0,0.0,0.008333333333333333,0.008333333333333333,0.008333333333333333,0.010416666666666666,0.03257575757575757,0.046464646464646465,0.05656565656565656,0.3289772727272728,1.0
0.0,0.0,0.0,0.0,0.013888888888888888,0.0,0.0,0.04722222222222222,0.0,0.024999999999999998,0.008333333333333333,0.030555555555555558,0.375,2.0
0.0,0.0,0.0,0.0,0.0,0.0,0.0,0.0,0.0,0.0,0.0,0.013888888888888888,0.06944444444444445,3.0
0.0,0.0,0.0,0.0,0.016666666666666666,0.0,0.0,0.016666666666666666,0.0,0.0,0.0,0.0,0.13333333333333333,4.0
0.0,0.0,0.0,0.0,0.0,0.0,0.0,0.0,0.0,0.0,0.0,0.0,0.16666666666666666,5.0
0.0,0.0,0.011904761904761904,0.011904761904761904,0.0,0.0,0.0,0.013888888888888888,0.0,0.0,0.0,0.0,0.37896825396825395,6.0
0.0,0.0,0.0,0.0,0.0,0.0,0.0,0.0,0.0,0.0,0.0,0.0,0.0,7.0
0.0,0.0,0.0,0.0,0.0,0.0,0.0,0.0,0.0,0.0,0.0,0.0,0.16666666666666666,8.0
0.0,0.0,0.0,0.0,0.0,0.0,0.0,0.0,0.0,0.0,0.0,0.0,0.0,9.0
0.0,0.0,0.0,0.0,0.0,0.0,0.0,0.0,0.0,0.0,0.0,0.016666666666666666,0.06666666666666667,10.0
0.0,0.0,0.0,0.0,0.0,0.0,0.0,0.0,0.0,0.0,0.0,0.0,0.08333333333333333,11.0
0.008333333333333333,0.008333333333333333,0.0,0.0,0.0,0.0,0.0,0.0,0.0,0.0,0.0,0.0,0.15,12.0
0.0,0.0,0.0,0.0,0.0,0.0,0.0,0.0,0.0,0.0,0.0,0.0,0.16666666666666666,13.0
