cg,es,ji,jo,sc,hs,ij,hg,jg,gi,sh,jj,cs,os,sj,ig,js,ii,si,sg,gg,is,gs,ss,TimeFactor
0.0,0.0,0.0,0.0,0.0,0.0,0.0014619883040935672,0.0014619883040935672,0.0014619883040935672,0.0016339869281045752,0.003095975232198142,0.003095975232198142,0.005430242272347535,0.007017543859649123,0.007064229200452111,0.008406432748538011,0.014180672268907563,0.016410511573050273,0.019334488181237407,0.030596712369158188,0.03979761495241372,0.04954686552983766,0.1321035431716546,0.49123257490130556,1.0
0.0,0.0,0.0,0.0,0.0015432098765432098,0.003988603988603988,0.0,0.0,0.0,0.010030864197530864,0.0,0.0013227513227513227,0.014153439153439154,0.008267195767195767,0.0026455026455026454,0.010493827160493829,0.008267195767195767,0.024933862433862433,0.02255291005291005,0.02314475647808981,0.028412020078686744,0.07702143535476869,0.10232838149504815,0.4942273775607109,2.0
0.0,0.0,0.0,0.0,0.0,0.0,0.0,0.0,0.0,0.0,0.0,0.0,0.016025641025641024,0.017806267806267807,0.0,0.0,0.0025252525252525255,0.009829059829059829,0.0202991452991453,0.015099715099715099,0.009544159544159544,0.08514633514633514,0.08524022274022273,0.6551508676508678,3.0
0.0,0.0,0.009259259259259259,0.009259259259259259,0.0,0.0,0.0,0.0,0.0,0.0,0.0,0.0,0.031746031746031744,0.03935185185185185,0.0,0.0,0.0,0.004298941798941799,0.006283068783068783,0.006283068783068783,0.004298941798941799,0.04497354497354497,0.06534391534391533,0.5289021164021165,4.0
0.0,0.0,0.0,0.0,0.0,0.0,0.0,0.0,0.0,0.0,0.0,0.0,0.0,0.0,0.0,0.0,0.0,0.0,0.0,0.009259259259259259,0.016203703703703703,0.027777777777777776,0.10185185185185185,0.42824074074074076,5.0
0.0,0.0,0.0,0.0,0.0,0.027777777777777776,0.0,0.0,0.0,0.0,0.0,0.013888888888888888,0.0,0.0,0.0,0.0,0.06944444444444443,0.0,0.0,0.013888888888888888,0.013888888888888888,0.013888888888888888,0.027777777777777776,0.3194444444444444,6.0
0.0,0.0,0.0,0.0,0.0,0.0,0.0,0.0,0.027777777777777776,0.0,0.0,0.027777777777777776,0.0,0.0,0.0,0.0,0.027777777777777776,0.0,0.0,0.0,0.0,0.027777777777777776,0.027777777777777776,0.2777777777777778,7.0
0.0,0.0,0.0,0.0,0.0,0.027777777777777776,0.0,0.0,0.0,0.0,0.0,0.0,0.0,0.0,0.0,0.0,0.0,0.0,0.0,0.0,0.0,0.0,0.027777777777777776,0.4444444444444445,8.0
0.013888888888888888,0.013888888888888888,0.0,0.0,0.005555555555555556,0.027777777777777776,0.0,0.0,0.005555555555555556,0.0,0.0,0.0,0.005555555555555556,0.0,0.0,0.0,0.0,0.0,0.0,0.027777777777777776,0.0,0.06481481481481481,0.062037037037037036,0.35648148148148145,9.0
0.0,0.0,0.0,0.009259259259259259,0.0,0.0,0.0,0.0,0.0,0.0,0.0,0.0,0.0,0.009259259259259259,0.0,0.0,0.0,0.0,0.0,0.009259259259259259,0.0,0.009259259259259259,0.018518518518518517,0.4444444444444444,10.0
0.0,0.0,0.0,0.0,0.0,0.0,0.0,0.0,0.0,0.0,0.0,0.0,0.0,0.027777777777777776,0.0,0.0,0.0,0.0,0.0,0.0,0.0,0.0,0.06944444444444443,0.40277777777777773,11.0
0.0,0.0,0.0,0.0,0.0,0.0,0.0,0.0,0.013888888888888888,0.0,0.0,0.0,0.0,0.0,0.0,0.0,0.041666666666666664,0.0,0.0,0.05092592592592593,0.041666666666666664,0.009259259259259259,0.05092592592592593,0.4583333333333333,12.0
0.0,0.0,0.0,0.0,0.0,0.0,0.0,0.0,0.0,0.0,0.0,0.0,0.0,0.0,0.0,0.0,0.0,0.0,0.0,0.009259259259259259,0.009259259259259259,0.09259259259259257,0.009259259259259259,0.2962962962962963,13.0
