iis,gsg,ses,gse,iii,gii,esg,scg,ssc,cgg,sch,isc,igs,scs,sgc,gcc,osg,chs,ihh,ogs,sie,sih,isi,igi,isg,gis,shh,shs,ssh,ggg,ssi,sgg,ssg,sis,sii,igg,gsi,ggs,hsg,ess,sgs,oss,hss,ige,gei,iig,egs,jss,css,iss,gss,sss,TimeFactor
0.0,0.0,0.0,0.0,0.0,0.0,0.0,0.0,0.0,0.0,0.0,0.0,0.0,0.0,0.0,0.0,0.0,0.0,0.0,0.0,0.0,0.0,0.0,0.0,0.0,0.0,0.0,0.0,0.0,0.0,0.0,0.0,0.0,0.0,0.0,0.0,0.0,0.0,0.004629629629629629,0.004629629629629629,0.004629629629629629,0.005555555555555556,0.005555555555555556,0.006944444444444444,0.006944444444444444,0.006944444444444444,0.006944444444444444,0.011111111111111112,0.011574074074074075,0.031018518518518515,0.06435185185185187,0.7458333333333332,1.0
0.0,0.0,0.0,0.0,0.0,0.0,0.0,0.0,0.0,0.0,0.0,0.0,0.0,0.0,0.0,0.0,0.0,0.0,0.0,0.0,0.0,0.0,0.0,0.0,0.0,0.0,0.0,0.0,0.0,0.0,0.0,0.0,0.0,0.0030864197530864196,0.005555555555555556,0.006944444444444444,0.012499999999999999,0.012499999999999999,0.0,0.0,0.0,0.0,0.013888888888888888,0.0,0.0,0.0,0.0,0.013888888888888888,0.010030864197530864,0.041049382716049375,0.08132716049382714,0.5492283950617284,2.0
0.0,0.0,0.0,0.0,0.0,0.0,0.0,0.0,0.0,0.0,0.0,0.0,0.0,0.0,0.0,0.0,0.0,0.0,0.0,0.0,0.0,0.0,0.0,0.0,0.0,0.0,0.0,0.0,0.0,0.0,0.005555555555555556,0.011574074074074075,0.011574074074074075,0.0,0.005555555555555556,0.0,0.0,0.0,0.0,0.0,0.0,0.0,0.004629629629629629,0.0,0.0,0.0,0.0,0.0,0.026157407407407404,0.06180555555555556,0.0861111111111111,0.537037037037037,3.0
0.0,0.0,0.0,0.0,0.0,0.0,0.0,0.0,0.0,0.0,0.0,0.0,0.0,0.0,0.0,0.0,0.0,0.0,0.0,0.0,0.0,0.0,0.0,0.0,0.0,0.0,0.0,0.0,0.0,0.0,0.0,0.0,0.005555555555555556,0.0,0.0,0.0,0.0,0.0,0.0,0.0030864197530864196,0.005555555555555556,0.0,0.0,0.0,0.0,0.0,0.0,0.012345679012345678,0.005555555555555556,0.05339506172839507,0.14722222222222223,0.6839506172839506,4.0
0.0,0.0,0.0,0.0,0.0,0.0,0.0,0.0,0.0,0.0,0.0,0.0,0.0,0.0,0.0,0.0,0.0,0.0,0.0,0.0,0.0,0.0,0.0,0.0,0.0,0.0,0.0,0.0,0.0,0.0,0.0,0.013888888888888888,0.0,0.0,0.0,0.0,0.0,0.013888888888888888,0.0,0.0,0.027777777777777776,0.0,0.027777777777777776,0.0,0.0,0.0,0.002777777777777778,0.018518518518518517,0.027777777777777776,0.030555555555555555,0.07037037037037037,0.6,5.0
0.0,0.0,0.0,0.0,0.0,0.0,0.0,0.0,0.0,0.0,0.0,0.0,0.0,0.0,0.0,0.0,0.0,0.0,0.0,0.0,0.0,0.0,0.0,0.0,0.0,0.0,0.0,0.003968253968253968,0.003968253968253968,0.006944444444444444,0.0,0.0,0.0,0.0,0.0,0.004629629629629629,0.0,0.011574074074074075,0.0,0.0,0.0,0.0,0.003968253968253968,0.0,0.0,0.0,0.0,0.0,0.005555555555555556,0.05443121693121692,0.085515873015873,0.6527777777777778,6.0
0.0,0.0,0.0,0.0,0.0,0.0,0.0,0.0,0.0,0.0,0.0,0.0,0.0,0.0,0.0,0.0,0.0,0.0,0.0,0.0,0.0,0.0,0.0,0.0,0.0,0.0,0.0,0.0,0.0,0.0,0.0,0.0,0.0,0.0,0.0,0.0,0.0,0.0,0.0,0.0,0.0,0.017857142857142856,0.0,0.0,0.0,0.0,0.0,0.0,0.031746031746031744,0.03201058201058201,0.05820105820105819,0.4435185185185185,7.0
0.0,0.0,0.0,0.0,0.0,0.0,0.0,0.0,0.0,0.0,0.0,0.0,0.0,0.0,0.0,0.0,0.0,0.0,0.002777777777777778,0.002777777777777778,0.002777777777777778,0.002777777777777778,0.002777777777777778,0.002777777777777778,0.002777777777777778,0.008333333333333333,0.009259259259259259,0.0,0.009259259259259259,0.0,0.0,0.0,0.0,0.0,0.0,0.0,0.002777777777777778,0.027777777777777776,0.0,0.0,0.027777777777777776,0.0,0.0,0.0,0.0,0.0,0.0,0.027777777777777776,0.0,0.005555555555555556,0.14351851851851852,0.4685185185185185,8.0
0.0,0.0,0.0,0.0,0.0,0.0,0.0,0.0,0.0,0.0,0.0,0.0,0.0,0.0,0.0,0.0,0.0,0.005555555555555556,0.0,0.0,0.0,0.0,0.0,0.0,0.004629629629629629,0.0,0.0,0.0,0.0,0.0,0.004629629629629629,0.004629629629629629,0.0,0.0,0.004629629629629629,0.0,0.0,0.004629629629629629,0.0,0.0,0.0,0.0,0.005555555555555556,0.0,0.0,0.0,0.0,0.0,0.006944444444444444,0.013888888888888888,0.041203703703703694,0.7370370370370369,9.0
0.0,0.0,0.0,0.0,0.0,0.0,0.0,0.0,0.0,0.0,0.0,0.0,0.0,0.004629629629629629,0.004629629629629629,0.004629629629629629,0.006944444444444444,0.0,0.0,0.0,0.0,0.0,0.0,0.0,0.0,0.0,0.0,0.0,0.0,0.006944444444444444,0.0,0.011574074074074075,0.011574074074074075,0.0,0.0,0.0,0.0,0.0,0.004629629629629629,0.0,0.006944444444444444,0.0,0.0,0.0,0.0,0.0,0.0,0.0,0.004629629629629629,0.04583333333333333,0.0625,0.6578703703703703,10.0
0.0,0.0,0.0,0.0,0.0,0.0,0.0,0.0,0.0,0.0,0.004629629629629629,0.004629629629629629,0.013888888888888888,0.0,0.0,0.0,0.0,0.004629629629629629,0.0,0.0,0.0,0.0,0.0,0.0,0.0,0.0,0.0,0.0,0.0,0.0,0.0,0.006944444444444444,0.006944444444444444,0.0,0.0,0.0,0.0,0.009259259259259259,0.0,0.004629629629629629,0.0,0.0,0.003968253968253968,0.0,0.0,0.0,0.0,0.0,0.0,0.026875901875901873,0.055790043290043285,0.6078102453102453,11.0
0.0,0.0,0.006944444444444444,0.006944444444444444,0.006944444444444444,0.006944444444444444,0.009259259259259259,0.009259259259259259,0.009259259259259259,0.009259259259259259,0.0,0.0,0.006944444444444444,0.0,0.0,0.0,0.0,0.0,0.0,0.0,0.0,0.0,0.0,0.0,0.0,0.0,0.0,0.0,0.0,0.0,0.0,0.0,0.0,0.0,0.0,0.0,0.0,0.009259259259259259,0.0,0.006944444444444444,0.009259259259259259,0.0,0.0,0.0,0.0,0.006944444444444444,0.0,0.0,0.0,0.005555555555555556,0.055555555555555546,0.501388888888889,12.0
0.003968253968253968,0.009259259259259259,0.0,0.0,0.0,0.0,0.0,0.0,0.0,0.0,0.0,0.0,0.003968253968253968,0.0,0.0,0.0,0.0,0.0,0.0,0.0,0.0,0.0,0.0,0.0,0.0,0.0,0.0,0.0,0.0,0.0,0.0,0.009259259259259259,0.0,0.0,0.0,0.0,0.0,0.003968253968253968,0.0,0.004629629629629629,0.009259259259259259,0.009259259259259259,0.0,0.0,0.0,0.0,0.0,0.0,0.0,0.012566137566137565,0.05357142857142857,0.546957671957672,13.0
