gjs,gcs,ish,shh,esi,jis,oos,cis,ssi,sso,sos,ssg,ics,osi,sii,scs,hgs,scc,jsc,jsg,ses,gsi,igs,ggs,osg,gsg,isi,sis,sjs,jgs,isg,shs,sgg,ess,sgs,oss,iis,jcs,jss,css,hss,iss,gss,sss,TimeFactor
0.0,0.0,0.0,0.0,0.0,0.0,0.0,0.0,0.0,0.0,0.0,0.0,0.0,0.0,0.0,0.0,0.0,0.0,0.0,0.0,0.0,0.0,0.0,0.0,0.0,0.0,0.0,0.0,0.0,0.0,0.006944444444444444,0.006944444444444444,0.006944444444444444,0.010416666666666666,0.010416666666666666,0.013888888888888888,0.020833333333333332,0.020833333333333332,0.03125,0.041666666666666664,0.04513888888888889,0.08333333333333333,0.17013888888888887,0.5312500000000001,1.0
0.0,0.0,0.0,0.0,0.0,0.0,0.0,0.0,0.0,0.0,0.0,0.0,0.0,0.0,0.0,0.0,0.0,0.0,0.0,0.0,0.0021929824561403508,0.0021929824561403508,0.0021929824561403508,0.004629629629629629,0.005208333333333333,0.005208333333333333,0.006578947368421052,0.008771929824561403,0.013888888888888888,0.024305555555555552,0.0,0.005208333333333333,0.010416666666666666,0.0021929824561403508,0.019675925925925927,0.02025462962962963,0.00682261208576998,0.010416666666666666,0.024305555555555552,0.08159722222222222,0.005208333333333333,0.10137061403508772,0.16197612085769977,0.4753837719298246,2.0
0.0,0.0,0.0,0.0,0.0,0.0,0.0,0.0,0.0,0.0,0.0,0.0,0.0020833333333333333,0.004166666666666667,0.004166666666666667,0.004166666666666667,0.004629629629629629,0.005952380952380952,0.005952380952380952,0.010416666666666666,0.0,0.0,0.008333333333333333,0.004629629629629629,0.0,0.0,0.0,0.0020833333333333333,0.0,0.005952380952380952,0.0,0.0,0.0,0.0,0.016666666666666666,0.0,0.0,0.013888888888888888,0.0,0.049305555555555554,0.012962962962962963,0.092989417989418,0.21015211640211637,0.45816798941798936,3.0
0.0,0.0,0.0,0.0,0.0,0.0,0.0,0.0024509803921568627,0.005208333333333333,0.010416666666666666,0.010416666666666666,0.01909722222222222,0.0,0.0,0.0,0.01286764705882353,0.0,0.0,0.0,0.0,0.0,0.0,0.0,0.004166666666666667,0.0,0.0,0.0,0.009375,0.0,0.0,0.0,0.0,0.01909722222222222,0.0,0.010416666666666666,0.0,0.013888888888888888,0.0,0.0,0.01286764705882353,0.0,0.0997549019607843,0.16548202614379084,0.4378267973856209,4.0
0.0,0.0,0.0,0.0,0.0,0.0,0.0026041666666666665,0.0,0.0,0.0,0.0,0.0,0.0,0.0,0.0,0.0,0.0,0.0,0.0,0.0,0.0,0.0,0.0,0.0,0.0,0.0,0.0,0.0,0.0,0.0,0.0,0.0,0.0,0.0,0.012152777777777776,0.0026041666666666665,0.0,0.0,0.0,0.008928571428571428,0.027777777777777776,0.04724702380952381,0.13286210317460317,0.5991567460317461,5.0
0.0,0.0,0.0,0.0,0.0,0.0,0.0,0.0,0.0,0.0,0.0,0.010416666666666666,0.0,0.0,0.0,0.0,0.0,0.0,0.0,0.0,0.0,0.0,0.004166666666666667,0.0,0.0,0.0,0.0,0.004166666666666667,0.0,0.010416666666666666,0.0,0.0,0.010416666666666666,0.0,0.0,0.0,0.0,0.0,0.0,0.03125,0.0,0.11875000000000001,0.19791666666666666,0.5291666666666667,6.0
0.0,0.0,0.0,0.0,0.0,0.006944444444444444,0.0,0.0,0.0,0.0,0.0,0.0,0.0,0.0,0.0,0.020833333333333332,0.0,0.0,0.0,0.0,0.0,0.0,0.0,0.0,0.0,0.0,0.0,0.0,0.0,0.0,0.0,0.0,0.0,0.0,0.07083333333333333,0.0,0.0,0.0,0.0,0.03472222222222222,0.0,0.03472222222222222,0.23611111111111116,0.5125,7.0
0.0,0.0,0.0,0.0,0.020833333333333332,0.0,0.0,0.0,0.03125,0.0,0.0,0.0,0.0,0.0,0.020833333333333332,0.0,0.0,0.0,0.0,0.0,0.0,0.0,0.0,0.0,0.0,0.0,0.0,0.03125,0.0,0.0,0.0,0.0,0.0,0.0,0.0,0.013888888888888888,0.0,0.0,0.0,0.041666666666666664,0.041666666666666664,0.03472222222222222,0.1013888888888889,0.6625,8.0
0.0,0.0,0.0,0.0,0.0,0.0,0.0,0.0,0.0,0.0,0.0,0.0,0.0,0.0,0.0,0.0,0.0,0.0,0.0,0.010416666666666666,0.0,0.0,0.0,0.0,0.0,0.0,0.0,0.0,0.008333333333333333,0.0,0.0,0.008333333333333333,0.010416666666666666,0.0,0.010416666666666666,0.0,0.0,0.0,0.008333333333333333,0.08333333333333333,0.008333333333333333,0.030555555555555558,0.049999999999999996,0.5215277777777778,9.0
0.0,0.0,0.013888888888888888,0.013888888888888888,0.0,0.0,0.0,0.0,0.0,0.0,0.0,0.0,0.0,0.0,0.0,0.0,0.0,0.0,0.0,0.0,0.0,0.0,0.0,0.0,0.0,0.0,0.0,0.0,0.0,0.013888888888888888,0.0,0.0,0.0,0.0,0.0,0.0,0.0,0.0,0.0,0.0,0.041666666666666664,0.041666666666666664,0.22916666666666666,0.4791666666666667,10.0
0.0,0.0,0.0,0.0,0.0,0.0,0.0,0.0,0.0,0.0,0.020833333333333332,0.03125,0.0,0.0,0.0,0.0,0.0,0.0,0.0,0.0,0.0,0.0,0.0,0.0,0.0,0.0,0.0,0.0,0.0,0.020833333333333332,0.0,0.0,0.03125,0.0,0.0,0.020833333333333332,0.0,0.0,0.0,0.0,0.0,0.020833333333333332,0.0625,0.375,11.0
0.0,0.0,0.0,0.0,0.0,0.0,0.0,0.0,0.0,0.0,0.0,0.0,0.0,0.0,0.0,0.0,0.0,0.0,0.0,0.0,0.0,0.0,0.0,0.0,0.0,0.020833333333333332,0.0,0.0,0.0,0.010416666666666666,0.0,0.0,0.020833333333333332,0.0,0.0,0.010416666666666666,0.0,0.0,0.010416666666666666,0.010416666666666666,0.0,0.020833333333333332,0.09375,0.3854166666666667,12.0
0.006944444444444444,0.008333333333333333,0.0,0.0,0.0,0.0,0.0,0.0,0.0,0.0,0.0,0.0,0.0,0.0,0.0,0.0,0.0,0.0,0.0,0.0,0.0,0.0,0.0,0.0,0.0,0.0,0.0,0.0,0.0,0.041666666666666664,0.0,0.0,0.0,0.0,0.0,0.0,0.0,0.0,0.006944444444444444,0.015277777777777779,0.0,0.027777777777777776,0.14583333333333334,0.4138888888888889,13.0
