oc,jh,je,eo,ij,eg,gc,jo,cg,jc,jj,jg,so,go,ci,cc,gi,hg,oi,ji,sj,ee,se,ii,og,os,sh,gg,ig,es,sc,js,si,hs,cs,sg,is,ss,gs,TimeFactor
0.0,0.0,0.0,0.0,0.0,0.0,0.0,0.0,0.0,0.0,0.0,0.0,0.0,0.0,0.0,0.0,0.0,0.0,0.0016025641025641027,0.0016339869281045752,0.0016339869281045752,0.0021929824561403508,0.0021929824561403508,0.003018064964391176,0.0030773347605030778,0.003854816354816355,0.0040302107133790305,0.004652051892495751,0.00467989886306718,0.007411858974358975,0.01043458255532737,0.015817636930452437,0.016864319912173374,0.01758062977189437,0.03852346740997382,0.04103432018171083,0.19504772282641147,0.20874855627134617,0.4159680247466447,1.0
0.0,0.0,0.0,0.0,0.0,0.0,0.0,0.0,0.0,0.0,0.0,0.0,0.0,0.0009578544061302681,0.001366120218579235,0.001388888888888889,0.0031569284802043427,0.004166666666666667,0.0011111111111111111,0.004166666666666667,0.004166666666666667,0.0,0.0022222222222222222,0.0011111111111111111,0.0009578544061302681,0.007874322174067793,0.004629629629629629,0.003514450815185694,0.0009578544061302681,0.017453703703703704,0.011346544396290015,0.008148527625986644,0.025132600037184368,0.03515205995983818,0.021188255042104493,0.021564592374349115,0.22849890579166277,0.12081649170525244,0.4689499714942374,2.0
0.0,0.0,0.0,0.0,0.0,0.0,0.0,0.001488095238095238,0.001893939393939394,0.003472222222222222,0.004166666666666667,0.0070289039039039035,0.007376126126126126,0.0,0.0,0.0,0.0010288065843621398,0.001893939393939394,0.0,0.0,0.0035457084068195176,0.0,0.001736111111111111,0.001893939393939394,0.0,0.008268983268983269,0.001736111111111111,0.001488095238095238,0.0,0.0070289039039039035,0.005974377154932711,0.005103398853398854,0.02867542867542867,0.017015342362564585,0.020263499430166098,0.022570297570297573,0.2460290647790648,0.1554202109757665,0.44490182823516156,3.0
0.0,0.0,0.0,0.0,0.0,0.0023148148148148147,0.0026881720430107525,0.0,0.0,0.0013227513227513227,0.0,0.014223936701117226,0.0,0.0023148148148148147,0.0,0.0,0.0,0.0,0.0,0.0015151515151515152,0.005002986857825568,0.0,0.008640552995391704,0.0,0.0,0.02150731586215457,0.0015151515151515152,0.005849753694581281,0.0023148148148148147,0.014273689273689272,0.011964472309299895,0.02065506093674647,0.03197409231891991,0.01985103765554266,0.01817054222504723,0.04007994693478564,0.2584473779792925,0.18290824939429595,0.3324653140208005,4.0
0.0,0.0,0.0,0.0,0.0,0.0,0.0,0.0,0.0,0.0,0.0,0.00933641975308642,0.007716049382716049,0.0,0.0,0.0,0.0018115942028985507,0.0,0.0,0.0,0.0038194444444444448,0.006410256410256411,0.0,0.0,0.0,0.008256172839506172,0.0,0.0,0.010416666666666666,0.03788244766505636,0.016047705314009664,0.01875,0.03365384615384615,0.03974784776415211,0.019135802469135803,0.022055717998700455,0.20179029051788397,0.20620439775426425,0.35696534066337643,5.0
0.0,0.0,0.0,0.0,0.0017006802721088435,0.0,0.0,0.0,0.0,0.0,0.0,0.0,0.005668934240362811,0.0,0.0,0.0,0.001851851851851852,0.0,0.0,0.0017006802721088435,0.003401360544217687,0.0,0.0017006802721088435,0.0017006802721088435,0.012820512820512822,0.010770975056689341,0.005323868677905945,0.0,0.0,0.016586151368760065,0.006086645184389544,0.012395118230358505,0.0036231884057971015,0.051430062920746145,0.03543282810200103,0.026967219636392568,0.19177365395492232,0.2155914584731191,0.39347344944353774,6.0
0.0,0.0,0.0,0.006944444444444444,0.0,0.0,0.0,0.0,0.0,0.0,0.013888888888888888,0.010449320794148379,0.0,0.004629629629629629,0.0,0.0,0.006944444444444444,0.0,0.0,0.0,0.0023809523809523807,0.0,0.0023809523809523807,0.0,0.010780885780885782,0.0023809523809523807,0.006944444444444444,0.0,0.0,0.014520202020202022,0.01048804137039431,0.0023809523809523807,0.0124777183600713,0.033068368413196,0.04028679653679654,0.014586339586339587,0.26969965932947676,0.22376973563586142,0.31099727079696654,7.0
0.0,0.0,0.0,0.0,0.0,0.0,0.0,0.0,0.0,0.0026041666666666665,0.0026041666666666665,0.010416666666666666,0.0,0.0,0.0,0.0,0.0,0.0036231884057971015,0.007575757575757576,0.0,0.007575757575757576,0.0,0.0,0.0,0.0,0.013888888888888888,0.0,0.0,0.0,0.0234375,0.002976190476190476,0.02045011148272018,0.010033444816053512,0.04327651515151515,0.05514726064997804,0.04403409090909091,0.2346413323994846,0.20710872008426354,0.31060624158450245,8.0
0.0,0.0,0.0025252525252525255,0.0,0.0,0.0,0.0,0.0,0.0,0.0,0.0,0.0,0.01736111111111111,0.0,0.0,0.0,0.0,0.0,0.0,0.0,0.0,0.0,0.0,0.0,0.0,0.0025252525252525255,0.0025252525252525255,0.0,0.0,0.003472222222222222,0.010858585858585859,0.0,0.0,0.05932971014492753,0.037398440931049624,0.023899711399711396,0.2868498651107346,0.2758897201831984,0.27736487546270155,9.0
0.0,0.0021929824561403508,0.0,0.0,0.0,0.0,0.0,0.0,0.0,0.0,0.0,0.0,0.009768740031897927,0.0,0.0,0.0,0.0,0.0,0.0,0.0,0.0021929824561403508,0.0,0.0021929824561403508,0.0,0.0,0.01608187134502924,0.0,0.0,0.008333333333333333,0.01948051948051948,0.018315018315018316,0.02167350193665983,0.037060892324050215,0.03763955342902712,0.01827485380116959,0.027447552447552443,0.26058977572135467,0.20732812509128296,0.31142731537468377,10.0
0.0,0.0,0.0,0.0,0.0,0.0,0.0,0.0,0.0,0.010416666666666666,0.005555555555555556,0.006944444444444444,0.017992424242424244,0.0,0.0,0.0,0.0,0.0,0.0,0.0,0.007575757575757576,0.0,0.0,0.0,0.0,0.029103535353535354,0.0,0.0,0.0,0.05199314574314575,0.027777777777777776,0.048484848484848485,0.009523809523809523,0.032672882672882674,0.007575757575757576,0.063997113997114,0.1824300699300699,0.2585747585747586,0.23938145188145188,11.0
0.0,0.005952380952380952,0.0,0.0,0.0,0.0,0.013888888888888888,0.0,0.0,0.0,0.0,0.011198945981554678,0.0,0.0,0.0,0.0,0.0,0.0,0.0,0.0,0.0,0.0,0.0,0.0,0.006410256410256411,0.005952380952380952,0.007575757575757576,0.0,0.0,0.013888888888888888,0.011198945981554678,0.030876068376068374,0.012500000000000002,0.010576923076923076,0.047084859584859584,0.017908902691511387,0.20680448778274862,0.2854198941155463,0.3127624187406796,12.0
0.006944444444444444,0.0,0.0,0.0,0.0,0.004901960784313725,0.0,0.0,0.0,0.0,0.0,0.006944444444444444,0.006944444444444444,0.0,0.0,0.0,0.0,0.0,0.0,0.0,0.0,0.0,0.0,0.0,0.0,0.01736111111111111,0.0,0.0,0.0,0.025438205585264412,0.0,0.004901960784313725,0.0,0.01680672268907563,0.01011029411764706,0.07551406926406927,0.24055868559545027,0.29731294032764627,0.28626071640777523,13.0
