se,ee,ie,ic,jg,ig,so,jj,ge,jc,js,sc,sh,es,sg,sj,cs,gg,ii,si,hs,os,is,gs,ss,TimeFactor
0.0,0.0,0.0,0.0,0.0,0.0,0.0,0.0,0.0,0.0,0.0,0.0,0.003968253968253968,0.005555555555555556,0.005555555555555556,0.006944444444444444,0.007716049382716049,0.008641975308641974,0.009259259259259259,0.013227513227513227,0.013492063492063491,0.0218694885361552,0.06638007054673721,0.10266754850088183,0.5680555555555556,1.0
0.0,0.0,0.0,0.0,0.0,0.0,0.0,0.003968253968253968,0.004629629629629629,0.006944444444444444,0.013492063492063491,0.027777777777777776,0.0,0.004629629629629629,0.03009259259259259,0.003968253968253968,0.0449074074074074,0.018518518518518517,0.0,0.003472222222222222,0.003968253968253968,0.009027777777777779,0.026455026455026454,0.08525132275132274,0.7128968253968253,2.0
0.0,0.0,0.0,0.0,0.0,0.0,0.0,0.0,0.0,0.0,0.0,0.0,0.0,0.0,0.0,0.0,0.006944444444444444,0.0,0.0,0.0,0.0,0.037037037037037035,0.03009259259259259,0.09259259259259257,0.5833333333333334,3.0
0.0,0.0,0.0,0.0,0.0,0.0,0.009259259259259259,0.0,0.0,0.0,0.037037037037037035,0.0,0.0,0.0,0.037037037037037035,0.0,0.0,0.013888888888888888,0.0,0.0,0.0,0.02314814814814815,0.006944444444444444,0.10185185185185185,0.4375,4.0
0.0,0.0,0.0,0.0,0.006944444444444444,0.009259259259259259,0.0,0.0,0.0,0.0,0.009259259259259259,0.0,0.0,0.0,0.016203703703703703,0.0,0.0,0.009259259259259259,0.0,0.006944444444444444,0.0,0.006944444444444444,0.020833333333333332,0.0787037037037037,0.5856481481481481,5.0
0.0,0.0,0.0,0.006944444444444444,0.0,0.0,0.0,0.0,0.0,0.0,0.0,0.0,0.0,0.0,0.020833333333333332,0.0,0.03472222222222222,0.013888888888888888,0.0,0.0,0.0,0.027777777777777776,0.06712962962962964,0.006944444444444444,0.32175925925925924,6.0
0.0,0.0,0.006944444444444444,0.0,0.0,0.0,0.0,0.0,0.0,0.0,0.0,0.0,0.0,0.020833333333333332,0.0,0.0,0.0,0.0,0.0,0.0,0.006944444444444444,0.013888888888888888,0.016203703703703703,0.06481481481481481,0.537037037037037,7.0
0.013888888888888888,0.013888888888888888,0.0,0.0,0.018518518518518517,0.0,0.0,0.0,0.0,0.0,0.0,0.0,0.0,0.0,0.0,0.0,0.0,0.009259259259259259,0.0,0.0,0.037962962962962955,0.0,0.019444444444444445,0.06481481481481481,0.4888888888888889,8.0
0.0,0.0,0.0,0.0,0.0,0.0,0.0,0.009259259259259259,0.0,0.0,0.018518518518518517,0.0,0.0,0.0,0.018518518518518517,0.0,0.013888888888888888,0.009259259259259259,0.0,0.0,0.0,0.0,0.027777777777777776,0.0925925925925926,0.47685185185185186,9.0
0.0,0.0,0.0,0.0,0.018518518518518517,0.0,0.0,0.0,0.0,0.0,0.027777777777777776,0.0,0.0,0.0,0.05555555555555555,0.0,0.0,0.027777777777777776,0.0,0.0,0.009259259259259259,0.0,0.027777777777777776,0.10185185185185185,0.5648148148148148,10.0
0.0,0.0,0.0,0.0,0.0,0.0,0.0,0.0,0.0,0.0,0.0,0.0,0.0,0.0,0.02314814814814815,0.0,0.0,0.037037037037037035,0.0,0.0,0.0,0.0,0.009259259259259259,0.1388888888888889,0.625,11.0
0.0,0.0,0.0,0.0,0.0,0.0,0.0,0.013888888888888888,0.0,0.0,0.013888888888888888,0.0,0.0,0.0,0.027777777777777776,0.0,0.0,0.027777777777777776,0.0,0.0,0.0,0.0,0.0,0.03472222222222222,0.548611111111111,12.0
0.0,0.0,0.0,0.0,0.005555555555555556,0.0,0.0,0.0,0.0,0.0,0.0,0.0,0.0,0.0,0.0,0.0,0.013888888888888888,0.0,0.0,0.0,0.003472222222222222,0.013888888888888888,0.016203703703703703,0.09189814814814813,0.6884259259259259,13.0
