igs,ies,ihs,jjs,ssh,ogj,ssj,ssc,ssi,isg,csi,osi,jgs,jos,soj,ssg,ios,esi,sjg,sis,jsj,cse,gsg,isi,sgg,cgs,sgs,ess,oss,hss,css,jss,iss,gss,sss,TimeFactor
0.0,0.0,0.0,0.0,0.0,0.0,0.0,0.0,0.0,0.0,0.0,0.0,0.0,0.0,0.0,0.0,0.0,0.0,0.0,0.0,0.0020325203252032522,0.0020325203252032522,0.002976190476190476,0.002976190476190476,0.005228442728442729,0.008531746031746031,0.009918216096377016,0.013077471410804745,0.022320011831506083,0.0253279333558957,0.03549052376696482,0.05930431278161825,0.11599989532929449,0.2126535759284575,0.48213044913610514,1.0
0.0,0.0,0.0,0.0,0.0,0.0,0.0,0.0,0.0,0.0,0.0,0.0,0.0,0.0011737089201877935,0.0016666666666666668,0.0017730496453900709,0.0024509803921568627,0.0030864197530864196,0.0036231884057971015,0.00534037558685446,0.0,0.0017730496453900709,0.0,0.0024509803921568627,0.0,0.0,0.008192802731809825,0.004753086419753087,0.008237763856583155,0.016983636753884045,0.04832807292707125,0.03771674193712157,0.07833867343649965,0.23794310352612047,0.4528343656701373,2.0
0.0,0.0,0.0,0.0,0.0,0.0,0.0,0.0,0.0,0.0,0.0030864197530864196,0.003968253968253968,0.003968253968253968,0.0,0.0,0.001736111111111111,0.0,0.0,0.0,0.004822530864197531,0.0,0.0,0.0,0.0,0.0,0.0,0.005070546737213404,0.014288470017636683,0.036213073192239854,0.05154729902713775,0.057458767959439994,0.11847314246211305,0.1276260673141603,0.17427413474120468,0.314133595550618,3.0
0.0,0.0,0.0,0.0,0.0,0.0,0.0,0.0,0.0023148148148148147,0.0023148148148148147,0.0,0.0,0.0,0.0,0.0,0.0,0.0,0.0,0.0,0.0,0.0,0.0,0.0,0.0,0.0,0.0,0.0,0.008333333333333333,0.0385807444630974,0.013986013986013986,0.1216709275532805,0.0589744898568428,0.09505537005537006,0.16409328835799422,0.4113428694311047,4.0
0.0,0.0,0.0,0.0,0.0,0.0,0.0,0.0,0.0,0.0,0.0,0.0,0.0,0.0,0.0,0.0,0.003472222222222222,0.0,0.0,0.005923202614379085,0.0,0.0,0.0,0.0,0.0,0.0,0.008403361344537815,0.009287925696594427,0.017662620603797075,0.01623237014103887,0.04394923173947942,0.18940140383638837,0.092979179976084,0.1110502973119072,0.41830485118023814,5.0
0.0,0.0,0.0,0.0,0.0,0.0,0.0,0.0021929824561403508,0.0,0.0,0.0,0.0,0.0,0.0,0.0,0.0,0.0,0.0,0.0,0.0,0.0,0.0,0.0,0.0,0.0,0.0,0.0,0.016290726817042606,0.02495189995189995,0.009665367121507472,0.0290425136916365,0.23267659890466907,0.031530847320321,0.0844224407820899,0.3192266229546931,6.0
0.0,0.0,0.0,0.0,0.0,0.0,0.0033333333333333335,0.0,0.0,0.0,0.0,0.0,0.009259259259259259,0.0,0.0,0.0,0.0,0.0,0.0,0.0,0.0,0.0,0.0,0.0,0.0,0.0,0.002976190476190476,0.0,0.006309523809523809,0.009259259259259259,0.04854497354497354,0.09046957671957671,0.12672949735449737,0.07863756613756613,0.6244808201058202,7.0
0.0,0.0,0.0,0.0,0.0,0.0,0.0,0.0,0.0,0.0,0.0,0.0,0.0,0.0,0.0,0.0,0.0,0.0,0.0,0.0,0.0,0.0,0.0,0.0,0.0,0.0,0.0,0.030864197530864196,0.010662177328843996,0.018518518518518517,0.08518518518518518,0.0478956228956229,0.09739057239057237,0.12716049382716052,0.3323232323232323,8.0
0.0,0.0,0.0,0.0,0.0,0.0,0.0,0.0,0.0,0.0,0.0,0.0,0.0,0.0,0.0,0.0,0.0,0.0,0.0,0.0,0.0,0.0,0.0,0.0,0.0,0.0,0.0,0.0036231884057971015,0.014492753623188406,0.007246376811594203,0.06642512077294686,0.1761473429951691,0.07899305555555554,0.10952596618357487,0.5435461956521738,9.0
0.0,0.0,0.0,0.002976190476190476,0.002976190476190476,0.002976190476190476,0.0,0.0,0.0,0.0,0.0,0.0,0.0,0.0,0.0,0.0,0.0,0.0,0.0,0.0,0.0,0.0,0.0,0.0,0.0,0.0,0.007575757575757576,0.018127705627705628,0.04031385281385281,0.010416666666666666,0.10579004329004328,0.11904761904761905,0.07434640522875817,0.19217251294457174,0.3399475320431202,10.0
0.0,0.003968253968253968,0.003968253968253968,0.0,0.0,0.0,0.0,0.0,0.0,0.0,0.0,0.0,0.009259259259259259,0.0,0.0,0.0,0.0,0.0,0.0,0.0,0.0,0.0,0.0,0.0,0.0,0.0,0.013227513227513227,0.003968253968253968,0.0,0.003968253968253968,0.007936507936507936,0.0892857142857143,0.05198412698412699,0.101984126984127,0.5437830687830688,11.0
0.0,0.0,0.0,0.0,0.0,0.0,0.0,0.0,0.0,0.0,0.0,0.0,0.0,0.0,0.0,0.0,0.0,0.0,0.0,0.0,0.0,0.0,0.0,0.0,0.0,0.0,0.005555555555555556,0.0,0.0,0.027430555555555555,0.1440972222222222,0.12708333333333333,0.021527777777777774,0.17048611111111112,0.3371527777777778,12.0
0.006944444444444444,0.0,0.0,0.0,0.0,0.0,0.0,0.0,0.0,0.006944444444444444,0.0,0.0,0.0,0.0,0.0,0.0,0.0,0.0,0.006410256410256411,0.0,0.0,0.0,0.0,0.0,0.0,0.0,0.0,0.0,0.013888888888888888,0.0,0.0625,0.026709401709401708,0.05833333333333334,0.04861111111111111,0.4363247863247864,13.0
