iis,ssc,sos,ssi,osg,gsi,shs,jso,jis,gsg,scs,jgs,isi,ojs,igs,isg,ggs,sis,sgs,ess,oss,hss,jss,css,iss,gss,sss,TimeFactor
0.0,0.0,0.0,0.0,0.0,0.0,0.0,0.0,0.0,0.0,0.0,0.0,0.0,0.0016025641025641027,0.0016025641025641027,0.0016025641025641027,0.0016025641025641027,0.0016339869281045752,0.00981549839908973,0.009986772486772487,0.016246319040436687,0.024508748618655738,0.0451594672956902,0.06528921242543534,0.14823378791645045,0.23217334573371726,0.4405426047453911,1.0
0.0,0.0,0.0,0.0,0.0,0.0,0.0,0.0,0.0,0.001893939393939394,0.001893939393939394,0.0026041666666666665,0.003472222222222222,0.0,0.0,0.0,0.0,0.0030303030303030303,0.015254446640316202,0.0043473351400180665,0.031793503816025456,0.013604625461730442,0.025531973900042523,0.052190964478982284,0.16332292714372681,0.2553579592555771,0.4257016934565104,2.0
0.0,0.0,0.0,0.0020833333333333333,0.0020833333333333333,0.0020833333333333333,0.0020833333333333333,0.0020833333333333333,0.0028735632183908046,0.0,0.0032051282051282055,0.0,0.0020833333333333333,0.0,0.0,0.0020833333333333333,0.0020833333333333333,0.008035714285714285,0.004166666666666667,0.006469298245614034,0.04059223822154856,0.012660256410256412,0.05972959418021428,0.07622797307272504,0.15940415851373202,0.20245813134122267,0.40751061097212044,3.0
0.0,0.0015432098765432098,0.0021929824561403508,0.0,0.0,0.0,0.0,0.0021929824561403508,0.0,0.0,0.0,0.0,0.0,0.0,0.0,0.0,0.0,0.0,0.018055555555555557,0.004901960784313725,0.040905694704714314,0.019784414740555093,0.0655934622652889,0.07118430546062125,0.1965658915865314,0.20624438073870477,0.37083515937489103,4.0
0.003472222222222222,0.0,0.001851851851851852,0.0,0.0,0.0,0.0,0.0,0.0,0.0,0.0,0.0,0.0,0.0,0.0,0.0,0.0,0.0,0.001851851851851852,0.0,0.03859427609427609,0.021464646464646464,0.07377946127946128,0.04837962962962963,0.19322691197691197,0.17417929292929293,0.4431998556998557,5.0
0.0,0.0,0.0,0.0,0.0,0.0,0.0,0.0,0.0,0.0,0.0,0.0,0.0,0.0,0.0,0.0,0.0,0.006410256410256411,0.0,0.0,0.0182346000993542,0.04193678589170393,0.046250971250971246,0.0589548657171608,0.16281520164716887,0.19401360251770086,0.304717049799017,6.0
0.0,0.0,0.0,0.0,0.0,0.0,0.0,0.0028735632183908046,0.0,0.0,0.0,0.016666666666666666,0.0,0.0,0.004901960784313725,0.0,0.0,0.0,0.0,0.0,0.06391846968672527,0.02472860791826309,0.12301587301587301,0.13252599890530922,0.08435692284576667,0.036401888341543516,0.4272767152838146,7.0
0.0,0.0,0.0,0.0,0.0,0.0,0.0,0.0,0.0,0.002976190476190476,0.0,0.0,0.0,0.0,0.0,0.0,0.0,0.0,0.0,0.016666666666666666,0.0625,0.029029304029304027,0.03214285714285714,0.09424603174603174,0.09606227106227105,0.10793650793650793,0.5584401709401711,8.0
0.0,0.0,0.0,0.0,0.0,0.0,0.0,0.0,0.0,0.0,0.0,0.0,0.0,0.0,0.0,0.0,0.0,0.0,0.0,0.013888888888888888,0.027777777777777776,0.06060606060606061,0.014204545454545456,0.0826118326118326,0.07336760461760461,0.09215367965367965,0.4687229437229437,9.0
0.0,0.0,0.0,0.0,0.0,0.0,0.0,0.0,0.0,0.020833333333333332,0.0,0.0,0.0,0.0,0.0,0.0,0.0,0.0,0.0,0.0,0.034361471861471864,0.006944444444444444,0.06388888888888888,0.054834054834054825,0.06468253968253967,0.10407647907647906,0.40037878787878783,10.0
0.0,0.0,0.0,0.0,0.0,0.0,0.0,0.0,0.0,0.0,0.0,0.0,0.0,0.0,0.0,0.0,0.0,0.0,0.0,0.0,0.08854166666666667,0.013888888888888888,0.029513888888888885,0.10902777777777778,0.08953373015873016,0.03968253968253968,0.46314484126984135,11.0
0.0,0.0,0.0,0.0,0.0,0.0,0.0,0.0,0.0,0.0,0.0,0.0,0.0,0.0,0.0,0.0,0.0,0.0,0.0,0.0,0.06481481481481481,0.027777777777777776,0.010416666666666666,0.053240740740740734,0.12361111111111112,0.1449074074074074,0.5752314814814815,12.0
0.0,0.0,0.0,0.0,0.0,0.0,0.0,0.0,0.0,0.0,0.0,0.0,0.0,0.0,0.0,0.0,0.0,0.0,0.0,0.0,0.08333333333333333,0.018315018315018316,0.018315018315018316,0.027777777777777776,0.08173076923076922,0.12393162393162394,0.3965964590964591,13.0
