scs,gsc,ses,jsi,sos,jgs,shh,ssh,ggi,ies,goo,sgo,hsh,shs,csi,ggs,esi,isi,sii,ssi,ois,ggg,isg,osg,sis,gge,jos,ihs,ish,gis,ess,iii,ges,iis,sig,igg,gig,oss,ssg,gsi,sgs,jss,hss,css,gsg,igs,sgg,iss,gss,sss,TimeFactor
0.0,0.0,0.0,0.0,0.0,0.0,0.0,0.0,0.0,0.0,0.0,0.0,0.0,0.0,0.0,0.0,0.0,0.0,0.0,0.0,0.0025252525252525255,0.0025252525252525255,0.0025252525252525255,0.0025252525252525255,0.0025252525252525255,0.003472222222222222,0.003472222222222222,0.003968253968253968,0.003968253968253968,0.003968253968253968,0.003968253968253968,0.003968253968253968,0.003968253968253968,0.003968253968253968,0.005555555555555556,0.005555555555555556,0.006944444444444444,0.006944444444444444,0.007936507936507936,0.00808080808080808,0.009018759018759018,0.009027777777777779,0.01091269841269841,0.013888888888888888,0.015467171717171718,0.016414141414141412,0.016910173160173157,0.06556637806637806,0.09258658008658006,0.6618416305916307,1.0
0.0,0.0,0.0,0.0,0.0,0.0,0.0,0.0,0.0,0.0,0.001984126984126984,0.001984126984126984,0.001984126984126984,0.001984126984126984,0.003968253968253968,0.005952380952380952,0.006944444444444444,0.008928571428571428,0.017857142857142856,0.02017195767195767,0.0,0.0,0.0,0.006944444444444444,0.028108465608465607,0.0,0.0,0.0,0.0,0.0,0.0,0.003968253968253968,0.006944444444444444,0.006944444444444444,0.0,0.001984126984126984,0.0,0.013227513227513227,0.001984126984126984,0.003968253968253968,0.01091269841269841,0.027777777777777776,0.00992063492063492,0.027777777777777776,0.001984126984126984,0.0,0.0,0.028108465608465607,0.09953703703703703,0.48148148148148145,2.0
0.0,0.0,0.0,0.0,0.0,0.0,0.0,0.0,0.0025252525252525255,0.003968253968253968,0.0,0.0,0.0,0.0,0.0025252525252525255,0.011574074074074075,0.0,0.0,0.004629629629629629,0.009259259259259259,0.0,0.0,0.004629629629629629,0.0,0.004629629629629629,0.0,0.0,0.0,0.0,0.0025252525252525255,0.007936507936507936,0.0,0.0,0.0,0.0025252525252525255,0.0025252525252525255,0.0,0.014099326599326598,0.0,0.0,0.004629629629629629,0.01878306878306878,0.013888888888888888,0.02407407407407407,0.006944444444444444,0.0,0.006944444444444444,0.03216690716690716,0.0757215007215007,0.6601611351611353,3.0
0.0,0.0,0.0,0.0,0.0,0.0,0.005555555555555556,0.005555555555555556,0.003472222222222222,0.0,0.0,0.0,0.0,0.0,0.0,0.0,0.0,0.027777777777777776,0.027777777777777776,0.013888888888888888,0.0,0.0,0.0,0.0,0.013888888888888888,0.0,0.0,0.0,0.0,0.01736111111111111,0.0,0.0,0.0,0.003472222222222222,0.0,0.0,0.0,0.023842592592592592,0.009027777777777779,0.0,0.0,0.061111111111111116,0.005555555555555556,0.014814814814814814,0.0,0.0,0.009027777777777779,0.028935185185185185,0.05277777777777778,0.4261574074074075,4.0
0.0,0.0,0.0,0.0,0.0030864197530864196,0.013888888888888888,0.0,0.0,0.0,0.0,0.0,0.0,0.0,0.0,0.0,0.003472222222222222,0.0,0.0,0.003472222222222222,0.0,0.0,0.0,0.0,0.0,0.0,0.0,0.0,0.0,0.0,0.0,0.0,0.003472222222222222,0.0,0.0,0.0,0.0,0.0,0.008641975308641974,0.0,0.003472222222222222,0.0,0.015432098765432098,0.0,0.041666666666666664,0.0,0.0,0.0,0.03425925925925926,0.061651234567901225,0.5574845679012346,5.0
0.0,0.0,0.0,0.0,0.0,0.0,0.0,0.0,0.0,0.0,0.0,0.0,0.0,0.0,0.0,0.0,0.0,0.0,0.0,0.0,0.0,0.0,0.003968253968253968,0.0,0.003968253968253968,0.0,0.0,0.0,0.0,0.0,0.0,0.0,0.0,0.0,0.0,0.0,0.0,0.041005291005291,0.0,0.0,0.003968253968253968,0.003968253968253968,0.0,0.023015873015873017,0.0,0.0,0.0,0.028703703703703703,0.04060846560846561,0.6841269841269842,6.0
0.0,0.0,0.0,0.0,0.0,0.0,0.0,0.0,0.0,0.0,0.0,0.0,0.0,0.0,0.0,0.0,0.0,0.006944444444444444,0.006944444444444444,0.0,0.0,0.0,0.0,0.0,0.0,0.0,0.0,0.0,0.0,0.0,0.013888888888888888,0.0,0.0,0.006944444444444444,0.0,0.0,0.0,0.04398148148148148,0.0,0.0,0.0,0.0,0.009259259259259259,0.06944444444444443,0.0,0.0,0.0,0.013888888888888888,0.05555555555555555,0.6898148148148149,7.0
0.0,0.0,0.0,0.0,0.0,0.0,0.0,0.0,0.0,0.0,0.0,0.0,0.0,0.0,0.0,0.0,0.0,0.0,0.0,0.0,0.0,0.0,0.0,0.0,0.0,0.0,0.0,0.0,0.0,0.0,0.0,0.0,0.0,0.0,0.0,0.0,0.0,0.02314814814814815,0.0,0.0,0.0,0.013888888888888888,0.0,0.037037037037037035,0.0,0.0,0.0,0.0,0.02314814814814815,0.5694444444444444,8.0
0.003472222222222222,0.003472222222222222,0.004629629629629629,0.009259259259259259,0.0,0.0,0.0,0.0,0.0,0.0,0.0,0.0,0.0,0.0,0.0,0.0,0.0,0.0,0.009259259259259259,0.0,0.0,0.0,0.0,0.0,0.0,0.0,0.0,0.0,0.0,0.0,0.004629629629629629,0.009259259259259259,0.0,0.0,0.0,0.0,0.0,0.032407407407407406,0.0,0.0,0.008101851851851851,0.0,0.0,0.003472222222222222,0.0,0.0,0.0,0.04050925925925926,0.03587962962962963,0.585648148148148,9.0
0.0,0.0,0.0,0.0,0.02314814814814815,0.0,0.0,0.0,0.0,0.0,0.0,0.0,0.0,0.0,0.0,0.0,0.0,0.0,0.0,0.013888888888888888,0.0,0.0,0.0,0.0,0.013888888888888888,0.0,0.0,0.0,0.0,0.0,0.0,0.0,0.0,0.0,0.0,0.0,0.0,0.02314814814814815,0.0,0.0,0.0,0.0,0.0,0.009259259259259259,0.0,0.0,0.0,0.024999999999999998,0.04814814814814814,0.5101851851851852,10.0
0.0,0.0,0.0,0.0,0.0,0.0,0.0,0.0,0.0,0.0,0.0,0.0,0.0,0.0,0.0,0.0,0.0,0.0,0.0,0.0,0.0,0.0,0.0,0.0,0.0,0.0,0.0,0.0,0.0,0.0,0.0,0.0,0.0,0.0,0.0,0.0,0.0,0.027777777777777776,0.005555555555555556,0.0,0.005555555555555556,0.005555555555555556,0.0,0.037037037037037035,0.0,0.0,0.0,0.03333333333333333,0.03888888888888888,0.5962962962962962,11.0
0.0,0.0,0.0,0.0,0.0,0.0,0.0,0.0,0.0,0.0,0.0,0.0,0.0,0.0,0.0,0.0,0.0,0.0,0.013888888888888888,0.013888888888888888,0.0,0.0,0.0,0.013888888888888888,0.0,0.0,0.0,0.0,0.0,0.0,0.0,0.0,0.0,0.0,0.0,0.0,0.0,0.032407407407407406,0.0,0.0,0.027777777777777776,0.0,0.0,0.031746031746031744,0.0,0.0,0.0,0.003968253968253968,0.03571428571428571,0.41005291005291006,12.0
0.0,0.0,0.0,0.0,0.0,0.0,0.0,0.005555555555555556,0.0,0.0,0.0,0.0,0.0,0.005555555555555556,0.0,0.013888888888888888,0.0,0.0,0.0,0.0,0.0,0.0,0.0,0.0,0.0,0.0,0.0,0.0,0.0,0.0,0.0,0.0,0.0,0.0,0.0,0.0,0.0,0.027777777777777776,0.0,0.0,0.0,0.0,0.005555555555555556,0.005555555555555556,0.0,0.0,0.0,0.037037037037037035,0.07638888888888888,0.5726851851851852,13.0
