csg,shs,ish,ggg,hss,iig,gii,jos,jjo,jss,sso,sgg,gsi,sis,ois,css,osg,sig,cis,isi,iis,igs,sos,oss,ggs,iii,sii,gsg,ssg,ssi,isg,sgs,sgi,gis,iss,gss,sss,TimeFactor
0.0,0.0,0.0,0.0,0.0,0.0,0.0,0.0,0.0,0.0,0.0,0.0,0.0,0.0,0.0,0.0,0.0036231884057971015,0.0036231884057971015,0.0036231884057971015,0.0036231884057971015,0.0036231884057971015,0.0036231884057971015,0.0036231884057971015,0.0036231884057971015,0.005208333333333333,0.005208333333333333,0.005208333333333333,0.005208333333333333,0.005208333333333333,0.005208333333333333,0.005208333333333333,0.008831521739130434,0.010416666666666666,0.010416666666666666,0.029664855072463765,0.0577445652173913,0.317481884057971,1.0
0.0,0.0,0.0,0.0,0.0,0.0,0.0,0.0,0.0,0.0,0.0033333333333333335,0.0033333333333333335,0.006666666666666667,0.01,0.016666666666666666,0.0375,0.0,0.0,0.0,0.0,0.0,0.0,0.0033333333333333335,0.0033333333333333335,0.0,0.0,0.0,0.0033333333333333335,0.0033333333333333335,0.0033333333333333335,0.006666666666666667,0.01,0.0,0.0,0.02,0.0033333333333333335,0.1991666666666667,2.0
0.0,0.0,0.0,0.0,0.0,0.0,0.0,0.0,0.0,0.009259259259259259,0.0,0.0,0.0,0.0,0.0,0.0,0.0,0.0,0.0,0.0,0.0,0.0,0.0,0.0,0.0,0.009259259259259259,0.009259259259259259,0.0,0.0,0.009259259259259259,0.0,0.0,0.0,0.0,0.0,0.009259259259259259,0.037037037037037035,3.0
0.0,0.0,0.0,0.0,0.0,0.0,0.0,0.0,0.0,0.0,0.0,0.0,0.0,0.0,0.0,0.0,0.0,0.0,0.0,0.0,0.0,0.0,0.0,0.0,0.0,0.0,0.0,0.0,0.0,0.0,0.0,0.0,0.0,0.0,0.010416666666666666,0.010416666666666666,0.14583333333333334,4.0
0.0,0.0,0.0,0.0,0.0,0.0,0.0,0.0,0.0,0.0,0.0,0.0,0.0,0.0,0.0,0.0,0.0,0.0,0.0,0.0,0.0,0.0,0.0,0.0,0.0,0.020833333333333332,0.020833333333333332,0.0,0.0,0.020833333333333332,0.0,0.0,0.0,0.0,0.016666666666666666,0.020833333333333332,0.06666666666666667,5.0
0.0,0.0,0.0,0.0,0.0,0.0,0.0,0.020833333333333332,0.020833333333333332,0.0,0.0,0.0,0.0,0.013888888888888888,0.0,0.0,0.0,0.0,0.0,0.0,0.0,0.0,0.0,0.020833333333333332,0.0,0.0,0.0,0.0,0.0,0.013888888888888888,0.0,0.0,0.0,0.0,0.027777777777777776,0.0,0.13194444444444445,6.0
0.0,0.0,0.0,0.0,0.0,0.010416666666666666,0.010416666666666666,0.0,0.0,0.0,0.0,0.0,0.010416666666666666,0.01875,0.0,0.008333333333333333,0.0,0.0,0.0,0.0,0.0,0.010416666666666666,0.0,0.0,0.0,0.0,0.0,0.0,0.0,0.008333333333333333,0.0,0.0,0.0,0.0,0.06041666666666667,0.03958333333333333,0.23958333333333334,7.0
0.0,0.0,0.0,0.020833333333333332,0.020833333333333332,0.0,0.0,0.0,0.0,0.0,0.0,0.020833333333333332,0.0,0.0,0.0,0.016666666666666666,0.0,0.0,0.0,0.0,0.0,0.0,0.0,0.0,0.0,0.0,0.0,0.0,0.020833333333333332,0.0,0.0,0.0,0.0,0.0,0.0,0.041666666666666664,0.27499999999999997,8.0
0.0,0.004901960784313725,0.004901960784313725,0.0,0.004901960784313725,0.0,0.004901960784313725,0.0,0.0,0.0,0.0,0.020833333333333332,0.0,0.0,0.0,0.004901960784313725,0.0,0.0,0.0,0.0,0.004901960784313725,0.0,0.0,0.0,0.020833333333333332,0.0,0.0,0.004901960784313725,0.020833333333333332,0.0,0.0,0.004901960784313725,0.0,0.0,0.014161220043572986,0.02573529411764706,0.2750544662309368,9.0
0.0,0.0,0.0,0.02620967741935484,0.0,0.0,0.0,0.0,0.0,0.0,0.0,0.05209293394777267,0.016666666666666666,0.016666666666666666,0.0,0.0,0.0,0.0,0.0,0.0,0.0,0.0,0.0,0.0,0.011904761904761904,0.0,0.0,0.0,0.040188172043010756,0.0,0.0,0.0,0.0,0.0,0.024731182795698924,0.03811443932411674,0.19009216589861752,10.0
0.0,0.0,0.0,0.027777777777777776,0.0,0.0,0.0,0.0,0.0,0.013888888888888888,0.0,0.020833333333333332,0.0,0.020833333333333332,0.0,0.0,0.0,0.0,0.0,0.0,0.0,0.0,0.0,0.0,0.006944444444444444,0.0,0.0,0.0,0.006944444444444444,0.020833333333333332,0.013888888888888888,0.0,0.0,0.0,0.024305555555555552,0.03819444444444444,0.2222222222222222,11.0
0.016666666666666666,0.0,0.0,0.0,0.0,0.0,0.0,0.0,0.0,0.0,0.0,0.0,0.0,0.0,0.0,0.0,0.0,0.0,0.0,0.0,0.0,0.0,0.0,0.0,0.0,0.0,0.0,0.006944444444444444,0.006944444444444444,0.0,0.0,0.030555555555555558,0.0,0.0,0.010416666666666666,0.07847222222222222,0.5166666666666666,12.0
0.0,0.0,0.0,0.0,0.0,0.0,0.0,0.0,0.0,0.0,0.0,0.0,0.0,0.0,0.0,0.0,0.0,0.0,0.0,0.0,0.0,0.0,0.0,0.0,0.0,0.0,0.0,0.0,0.0,0.0,0.0,0.020833333333333332,0.0,0.0,0.026709401709401708,0.03187321937321937,0.2539173789173789,13.0
