co,cg,cc,jg,ji,jo,oc,js,hh,sh,ci,oo,eg,ie,gh,ei,jc,se,hg,io,jj,es,hs,sj,sc,so,gi,ig,os,cs,gg,sg,ii,si,is,gs,ss,TimeFactor
0.0,0.0,0.0,0.0,0.0,0.0,0.0,0.0,0.0,0.0,0.0,0.0009578544061302681,0.0009578544061302681,0.0009578544061302681,0.0009578544061302681,0.0009578544061302681,0.0010288065843621398,0.0019157088122605363,0.002693965517241379,0.003472222222222222,0.003472222222222222,0.003472222222222222,0.0044300766283524905,0.004501028806584362,0.005555555555555556,0.006513409961685823,0.011291849115124977,0.013033028238966937,0.015264917695473251,0.023867869306087697,0.033219239696730116,0.03640005118692858,0.04735107644590403,0.05349065711853068,0.09697040533965821,0.14698579942832818,0.3969472825315737,1.0
0.0,0.0,0.0,0.0,0.0,0.0,0.001851851851851852,0.0023148148148148147,0.005555555555555556,0.005555555555555556,0.006944444444444444,0.0,0.0,0.0,0.0,0.0,0.0,0.0,0.001851851851851852,0.0,0.0,0.0,0.03888888888888889,0.0023148148148148147,0.0,0.0,0.0,0.0,0.012103174603174602,0.022685185185185183,0.035648148148148144,0.03796296296296296,0.012764550264550265,0.01554232804232804,0.1441137566137566,0.04722222222222222,0.6066798941798942,2.0
0.0,0.0,0.0,0.0,0.0030864197530864196,0.009259259259259259,0.0,0.0,0.0,0.0,0.0,0.0,0.0,0.0,0.0,0.0,0.0,0.0,0.0,0.0,0.0,0.0,0.0,0.0,0.012345679012345678,0.0,0.0,0.027777777777777776,0.011784511784511785,0.09820426487093153,0.00813692480359147,0.011784511784511785,0.0,0.009259259259259259,0.1398709315375982,0.07842312008978675,0.5900673400673401,3.0
0.0,0.0,0.0,0.013888888888888888,0.0,0.0,0.0,0.0,0.0,0.0,0.0,0.0,0.0,0.0,0.0,0.0,0.0,0.0,0.0,0.0,0.002777777777777778,0.006172839506172839,0.009259259259259259,0.002777777777777778,0.015432098765432098,0.0,0.0,0.0,0.027777777777777776,0.024382716049382715,0.009722222222222222,0.018672839506172836,0.0,0.0,0.048148148148148155,0.08719135802469136,0.4837962962962963,4.0
0.0,0.0,0.0,0.006944444444444444,0.0,0.0,0.0,0.0,0.0,0.0,0.0,0.0,0.0,0.0,0.0,0.0,0.0,0.0,0.0,0.0,0.0,0.03472222222222222,0.013888888888888888,0.0,0.0,0.0,0.0,0.0,0.02314814814814815,0.02546296296296296,0.0,0.004629629629629629,0.0,0.0,0.03968253968253968,0.06283068783068783,0.5386904761904762,5.0
0.0,0.0,0.013888888888888888,0.0,0.0,0.0,0.0,0.013888888888888888,0.0,0.0,0.0,0.0,0.0,0.0,0.0,0.0,0.013888888888888888,0.0,0.0,0.0,0.0,0.0,0.0,0.0,0.013888888888888888,0.0,0.0,0.0,0.022376543209876542,0.03009259259259259,0.0,0.0030864197530864196,0.0,0.0,0.033179012345679014,0.05555555555555556,0.5501543209876544,6.0
0.0,0.0,0.0,0.0,0.0,0.0,0.0,0.009259259259259259,0.0,0.0,0.009259259259259259,0.0,0.0,0.0,0.0,0.0,0.0,0.0,0.0,0.0,0.009259259259259259,0.0,0.0,0.0,0.0,0.0,0.0,0.0,0.043981481481481476,0.009027777777777779,0.0,0.0,0.0,0.0,0.02314814814814815,0.05162037037037037,0.3444444444444445,7.0
0.0,0.0,0.0,0.004629629629629629,0.0,0.0,0.0,0.0,0.0,0.0,0.0,0.0,0.0,0.0,0.0,0.0,0.027777777777777776,0.0,0.0,0.0,0.0,0.0,0.013888888888888888,0.0,0.0,0.0,0.0,0.0,0.004629629629629629,0.037037037037037035,0.004629629629629629,0.004629629629629629,0.0,0.003968253968253968,0.03571428571428571,0.07076719576719577,0.2923280423280423,8.0
0.0,0.0,0.0,0.006944444444444444,0.0,0.0,0.0,0.0,0.0,0.0,0.0,0.0,0.0,0.0,0.0,0.0,0.0,0.0,0.0,0.0,0.0,0.0,0.0,0.0,0.0,0.0,0.0,0.0,0.027777777777777776,0.006944444444444444,0.0,0.0,0.0,0.0,0.0,0.09722222222222221,0.3611111111111111,9.0
0.0,0.013888888888888888,0.0,0.0,0.0,0.0,0.0,0.0,0.0,0.0,0.0,0.0,0.0,0.0,0.0,0.0,0.0,0.0,0.0,0.0,0.0,0.0,0.0,0.0,0.0,0.0,0.0,0.0,0.0,0.0,0.0,0.013888888888888888,0.0,0.013888888888888888,0.08333333333333333,0.0787037037037037,0.3796296296296296,10.0
0.0,0.0,0.0,0.0,0.0,0.0,0.0,0.0,0.0,0.0,0.0,0.0,0.0,0.0,0.0,0.0,0.0,0.0,0.0,0.0,0.0,0.027777777777777776,0.0,0.0,0.013888888888888888,0.0,0.0,0.0,0.027777777777777776,0.013888888888888888,0.0,0.013888888888888888,0.0,0.0,0.013888888888888888,0.06481481481481481,0.4074074074074074,11.0
0.003472222222222222,0.0,0.0,0.0,0.0,0.0,0.0,0.0,0.0,0.0,0.0,0.0,0.0,0.0,0.0,0.0,0.0,0.0,0.0,0.0,0.0,0.006944444444444444,0.027777777777777776,0.0,0.0,0.0,0.0,0.0,0.03125,0.010416666666666666,0.0,0.003472222222222222,0.006944444444444444,0.006944444444444444,0.03125,0.09375,0.4444444444444445,12.0
0.0,0.0,0.0,0.0,0.0,0.0,0.0,0.0,0.0,0.0,0.0,0.0,0.0,0.0,0.0,0.0,0.0,0.0,0.0,0.0,0.0,0.013888888888888888,0.0,0.0,0.013888888888888888,0.0,0.0,0.0,0.0,0.027777777777777776,0.0,0.0,0.0,0.0,0.06481481481481481,0.09259259259259257,0.4537037037037037,13.0
