csg,egs,esg,ggs,hss,ess,osh,shh,ios,scs,iis,gii,isi,gsg,sii,sgs,css,gis,ggg,ssg,sgg,oss,jss,gss,iss,sss,TimeFactor
0.0,0.0,0.0,0.0,0.0,0.0,0.0,0.0,0.0,0.0,0.0,0.0,0.0,0.0,0.0,0.0,0.0,0.0,0.0,0.0,0.0,0.0,0.005555555555555556,0.04861111111111111,0.13518518518518519,0.810648148148148,1.0
0.0,0.0,0.0,0.0,0.0,0.0,0.0,0.0,0.0,0.0,0.0013227513227513227,0.0013227513227513227,0.0013227513227513227,0.0013227513227513227,0.0013227513227513227,0.0013227513227513227,0.0013227513227513227,0.0026455026455026454,0.009259259259259259,0.009259259259259259,0.010582010582010581,0.013888888888888888,0.009259259259259259,0.04034391534391534,0.02843915343915344,0.4503968253968254,2.0
0.0,0.0,0.0,0.0,0.0,0.0,0.0,0.0,0.0,0.027777777777777776,0.0,0.0,0.0,0.0,0.0,0.0,0.027777777777777776,0.0,0.0,0.0,0.0,0.0,0.007936507936507936,0.016203703703703703,0.0023148148148148147,0.41798941798941797,3.0
0.0,0.0,0.0,0.0,0.006944444444444444,0.006944444444444444,0.027777777777777776,0.027777777777777776,0.027777777777777776,0.0,0.0,0.0,0.0,0.0,0.0,0.0,0.006944444444444444,0.0,0.0,0.0,0.0,0.0,0.03487654320987654,0.06126543209876543,0.03487654320987654,0.6814814814814815,4.0
0.0,0.0,0.0,0.0,0.0,0.013888888888888888,0.0,0.0,0.0,0.0,0.0,0.0,0.0,0.0,0.0,0.012499999999999999,0.013888888888888888,0.0,0.0,0.0,0.0,0.027777777777777776,0.01736111111111111,0.07029320987654321,0.003472222222222222,0.6741512345679012,5.0
0.0,0.0,0.0,0.003968253968253968,0.0,0.009259259259259259,0.0,0.0,0.0,0.0,0.0,0.0,0.0,0.0,0.0,0.027777777777777776,0.009259259259259259,0.0,0.0,0.027777777777777776,0.0,0.0,0.003968253968253968,0.03835978835978836,0.0,0.6296296296296297,6.0
0.0,0.0,0.005555555555555556,0.0,0.0,0.005555555555555556,0.0,0.0,0.0,0.0,0.0,0.0,0.0,0.0,0.0,0.009523809523809523,0.016666666666666666,0.0,0.0,0.0,0.0,0.004629629629629629,0.017195767195767195,0.01878306878306878,0.0,0.6720899470899471,7.0
0.0,0.006944444444444444,0.0,0.0,0.0,0.0,0.0,0.0,0.0,0.0,0.0,0.0,0.0,0.0,0.0,0.0,0.0,0.0,0.0,0.0011111111111111111,0.0011111111111111111,0.020833333333333332,0.013888888888888888,0.05041887125220459,0.027777777777777776,0.6279144620811287,8.0
0.0,0.0,0.0,0.0,0.0,0.01273148148148148,0.0,0.0,0.0,0.0,0.0,0.0,0.0,0.0,0.0,0.0,0.0,0.0,0.0,0.0,0.0,0.013888888888888888,0.002777777777777778,0.011868686868686869,0.020138888888888887,0.5219276094276094,9.0
0.0,0.0,0.0,0.0,0.012433862433862434,0.013888888888888888,0.0,0.0,0.0,0.0,0.0,0.0,0.0,0.0,0.0,0.0,0.018518518518518517,0.0,0.0,0.0,0.0,0.009259259259259259,0.005555555555555556,0.020946156240273888,0.0,0.5860644257703082,10.0
0.0,0.0,0.0,0.0,0.0,0.009259259259259259,0.0,0.0,0.0,0.0,0.0,0.0,0.0,0.0,0.0,0.018518518518518517,0.009259259259259259,0.0,0.0,0.018518518518518517,0.0,0.0,0.007054673721340388,0.03359788359788359,0.016666666666666666,0.4704585537918871,11.0
0.003968253968253968,0.0,0.0,0.0,0.0,0.0,0.0,0.0,0.0,0.0,0.0,0.0,0.0,0.0,0.0,0.013227513227513227,0.0248015873015873,0.0,0.0,0.0,0.0,0.009259259259259259,0.0014619883040935672,0.03381718184349763,0.014689501531606794,0.565441381230855,12.0
0.0,0.0,0.0,0.0,0.0,0.0,0.0,0.0,0.0,0.0,0.0,0.0,0.0,0.0,0.0,0.0,0.006944444444444444,0.0,0.0,0.0,0.0,0.027777777777777776,0.004273504273504273,0.01752136752136752,0.005555555555555556,0.6879273504273504,13.0
