sh,hs,jo,jj,js,oi,cs,ci,ig,so,gg,os,si,gi,ii,sg,is,gs,ss,TimeFactor
0.0,0.0,0.0,0.0,0.0,0.0,0.0,0.002976190476190476,0.002976190476190476,0.002976190476190476,0.0043859649122807015,0.005952380952380952,0.0073621553884711775,0.008771929824561403,0.011748120300751877,0.01613408521303258,0.03577694235588972,0.05242272347535506,0.34851712614870506,1.0
0.0,0.0,0.0,0.0,0.0,0.013888888888888888,0.030555555555555558,0.0,0.0,0.002777777777777778,0.002777777777777778,0.002777777777777778,0.008333333333333333,0.0,0.0,0.011111111111111112,0.022222222222222223,0.013888888888888888,0.22499999999999998,2.0
0.0,0.0,0.0,0.0,0.007575757575757576,0.0,0.0,0.0,0.0,0.0,0.0,0.0,0.007575757575757576,0.0,0.015151515151515152,0.0,0.0,0.007575757575757576,0.04545454545454545,3.0
0.0,0.0,0.0,0.0,0.0,0.0,0.0,0.0,0.0,0.0,0.0,0.0,0.0,0.0,0.0,0.0,0.008333333333333333,0.008333333333333333,0.15,4.0
0.0,0.0,0.0,0.0,0.0,0.0,0.0,0.0,0.0,0.0,0.0,0.0,0.016666666666666666,0.0,0.03333333333333333,0.0,0.013888888888888888,0.016666666666666666,0.08611111111111112,5.0
0.0,0.0,0.016666666666666666,0.016666666666666666,0.0,0.0,0.0,0.0,0.0,0.0,0.0,0.016666666666666666,0.011904761904761904,0.0,0.0,0.0,0.023809523809523808,0.0,0.16428571428571428,6.0
0.0,0.0,0.0,0.0,0.0,0.0,0.006944444444444444,0.0,0.008333333333333333,0.0,0.0,0.0,0.015277777777777779,0.008333333333333333,0.008333333333333333,0.0,0.04861111111111111,0.04027777777777778,0.2805555555555555,7.0
0.0,0.016666666666666666,0.0,0.0,0.0,0.0,0.013888888888888888,0.0,0.0,0.0,0.03333333333333333,0.0,0.0,0.0,0.0,0.016666666666666666,0.0,0.03333333333333333,0.30277777777777776,8.0
0.003968253968253968,0.003968253968253968,0.0,0.0,0.0,0.0,0.003968253968253968,0.0,0.0,0.0,0.016666666666666666,0.0,0.0,0.003968253968253968,0.003968253968253968,0.020634920634920634,0.015512265512265512,0.024603174603174603,0.3194083694083694,9.0
0.0,0.0,0.0,0.0,0.0,0.0,0.0,0.0,0.0,0.0,0.06439564564564565,0.0,0.013888888888888888,0.0,0.0,0.04322447447447447,0.020645645645645645,0.04547672672672673,0.22903528528528527,10.0
0.0,0.0,0.0,0.0,0.011904761904761904,0.0,0.0,0.0,0.0,0.0,0.047619047619047616,0.0,0.017857142857142856,0.0,0.0,0.017857142857142856,0.03214285714285714,0.030952380952380953,0.25833333333333336,11.0
0.0,0.0,0.0,0.0,0.0,0.0,0.013888888888888888,0.0,0.0,0.0,0.0,0.0,0.0,0.0,0.0,0.025793650793650796,0.008333333333333333,0.07063492063492062,0.5480158730158731,12.0
0.0,0.0,0.0,0.0,0.0,0.0,0.0,0.0,0.0,0.0,0.0,0.0,0.0,0.0,0.0,0.016666666666666666,0.02178030303030303,0.02566287878787879,0.26922348484848485,13.0
