"cc","cg","ci","co","cs","ee","eh","es","gc","ge","gg","gh","gi","go","gs","hg","hh","hs","ic","ig","ih","ii","ij","is","jg","jh","jj","js","og","oo","os","sc","se","sg","sh","si","sj","so","ss","TimeFactor"
"1",0.00202546296296296,0,0.000496031746031746,0,0.0243055555555556,0,0.000248015873015873,0.000942460317460318,0,0.000694444444444444,0.00643187830687831,0,0.00531305114638448,0,0.0991182910453744,0.00173611111111111,0,0.00630924823633157,0,0.00440779320987654,0.000694444444444444,0.00595238095238095,0,0.0539172729276896,0,0,0,0.0210028108465608,0,0.000434027777777778,0.013723544973545,0.00173611111111111,0.000248015873015873,0.0141576980118647,0.00327932098765432,0.00685074955908289,0,0.000434027777777778,1.36443013969056,2
"2",0,0.00173611111111111,0.000192901234567901,0,0.0330960671953319,0,0,0.000887345679012346,0.000267094017094017,0,0.00553513808722142,0.00115740740740741,0.0024565230294397,0,0.109478424398768,0,0,0.0083912037037037,0.00173611111111111,0,0,0.00460440408357075,0.000868055555555556,0.0402859707240835,0.00347222222222222,0,0.00113514957264957,0.0194444444444444,0.000315656565656566,0,0.0104207135457135,0.000578703703703704,0,0.00600740887199221,0.00202546296296296,0.00457843660968661,0.000267094017094017,0,1.28272861681256,4
"3",0.000868055555555556,0,0,0,0.026860119047619,0,0,0.00185185185185185,0,0,0.0171875,0,0.00147306397306397,0,0.0843261483886484,0,0.00173611111111111,0.0120081018518519,0,0.00115740740740741,0,0.000315656565656566,0.000868055555555556,0.0429951799743466,0,0,0.000192901234567901,0.0588583002645503,0,0,0.0181037808641975,0.00260416666666667,0,0.00697074915824916,0.00217013888888889,0.00396825396825397,0.000192901234567901,0.000868055555555556,1.22831238977072,6
"4",0,0,0.00173611111111111,0,0.0349314458689459,0,0,0.00520833333333333,0,0,0.00777116402116402,0,0,0,0.0709054255929256,0,0,0.0115451388888889,0,0,0,0.00373931623931624,0,0.0496480082417582,0,0,0,0.043868746993747,0,0,0.0150173611111111,0.000267094017094017,0,0.00942714692714693,0.000434027777777778,0.00530181623931624,0,0.00173611111111111,1.28012941919192,8
"5",0,0,0,0,0.0319444444444444,0,0,0.00347222222222222,0,0,0.000694444444444444,0,0,0,0.0558140933140933,0,0,0.00330687830687831,0,0,0,0,0,0.0249699374699375,0.00173611111111111,0,0,0.069994212962963,0,0,0.0138599537037037,0,0,0.00187815656565657,0,0.00147306397306397,0,0,1.1380787037037,10
"6",0,0.000694444444444444,0,0,0.0247106481481481,0,0,0.00445601851851852,0,0,0,0,0,0,0.0347056878306878,0,0,0.00231481481481481,0,0,0,0,0,0.0281828703703704,0,0,0.00231481481481481,0.0731026785714286,0,0,0.00810185185185185,0,0,0.00347222222222222,0,0.000868055555555556,0,0,1.05318700396825,12
"7",0.00115740740740741,0,0,0.00173611111111111,0.0281828703703704,0,0,0.00347222222222222,0,0,0,0,0,0.000694444444444444,0.0306134259259259,0,0,0.00231481481481481,0,0,0,0,0,0.0134645061728395,0.00173611111111111,0,0.000694444444444444,0.0603395061728395,0,0,0.009375,0,0,0.000694444444444444,0,0.00173611111111111,0.000694444444444444,0,1.02364969135802,14
"8",0,0,0,0,0.00677083333333333,0,0,0.00347222222222222,0,0,0,0,0.00347222222222222,0,0.0186521715167549,0,0,0.00763888888888889,0,0,0,0,0,0.0337191358024691,0,0,0,0.0552039877560711,0,0,0.0134837962962963,0,0,0.00107473544973545,0.000694444444444444,0.00694444444444444,0,0,1.01553978428978,16
"9",0,0,0,0,0.0201388888888889,0.00347222222222222,0,0,0,0,0.00173611111111111,0,0,0,0.0350983796296296,0,0,0.00998263888888889,0,0.00347222222222222,0,0,0,0.0250578703703704,0.000868055555555556,0.00347222222222222,0,0.0621527777777778,0,0,0.00896990740740741,0,0.00347222222222222,0.000694444444444444,0.000434027777777778,0.00347222222222222,0,0,0.956394675925926,18
"10",0,0,0,0,0.0135223765432099,0,0,0.000868055555555556,0,0,0.000578703703703704,0,0,0,0.0361386684303351,0,0,0.00954861111111111,0,0,0,0,0,0.0106233465608466,0.00108024691358025,0,0.00115740740740741,0.0430472883597884,0,0,0.0134259259259259,0,0,0.000578703703703704,0,0,0,0,1.02220844356261,20
"11",0,0,0,0,0.0127452601410935,0,0,0,0,0,0.00115740740740741,0,0,0,0.0281718474426808,0,0,0.00694444444444444,0,0,0,0.00347222222222222,0,0.0226851851851852,0,0,0,0.0592509920634921,0,0,0.0118055555555556,0,0,0.00356867283950617,0,0.00231481481481481,0,0,1.08399470899471,22
"12",0,0.00347222222222222,0,0,0.0141493055555556,0,0,0,0,0,0,0,0,0,0.032093253968254,0,0,0.00202546296296296,0,0,0,0.00347222222222222,0,0.00578703703703704,0,0,0,0.0589409722222222,0,0,0.0134259259259259,0,0,0.0015625,0,0.00347222222222222,0,0.000694444444444444,1.0275710978836,24
"13",0,0,0,0,0.0216724537037037,0,0,0.00347222222222222,0,0,0,0,0,0,0.0390914351851852,0,0,0.00347222222222222,0,0,0,0,0,0.0091765873015873,0.000434027777777778,0,0,0.0539103835978836,0,0,0.00243055555555556,0,0,0.00217013888888889,0,0.00347222222222222,0,0,1.09680886243386,26
