jgs,scs,gis,soo,ooo,sso,ggs,css,ish,sis,sgg,ggg,ssg,hsi,cos,jso,sco,osh,sos,shs,isg,sii,ssi,oss,iss,iii,sjs,jss,hss,gsg,sgs,gss,sss,TimeFactor
0.0,0.0,0.0,0.0,0.0,0.0,0.0,0.0,0.0,0.0,0.0,0.0,0.0,0.0,0.0,0.0,0.0,0.0,0.0,0.0,0.005208333333333333,0.005208333333333333,0.005208333333333333,0.005208333333333333,0.005208333333333333,0.010416666666666666,0.013888888888888888,0.013888888888888888,0.016666666666666666,0.016666666666666666,0.03854166666666667,0.03854166666666667,0.2420138888888889,1.0
0.0,0.0,0.0,0.0,0.0,0.0,0.0,0.0,0.0,0.0,0.0,0.0,0.0,0.0032051282051282055,0.0032051282051282055,0.0032051282051282055,0.0032051282051282055,0.0032051282051282055,0.0032051282051282055,0.0032051282051282055,0.0,0.0032051282051282055,0.0032051282051282055,0.006410256410256411,0.03914835164835165,0.0,0.0,0.0,0.0,0.006410256410256411,0.027243589743589744,0.041666666666666664,0.4336080586080586,2.0
0.0,0.0,0.0,0.0,0.0,0.0,0.0,0.004629629629629629,0.016666666666666666,0.016666666666666666,0.016666666666666666,0.016666666666666666,0.03333333333333333,0.0,0.0,0.0,0.0,0.0,0.0,0.016666666666666666,0.0,0.0,0.0,0.0,0.0,0.0,0.0,0.020833333333333332,0.016666666666666666,0.004629629629629629,0.021296296296296296,0.05925925925925927,0.25601851851851853,3.0
0.0,0.0,0.0,0.0,0.0,0.0,0.0028735632183908046,0.020833333333333332,0.0,0.0,0.0,0.0,0.0,0.0,0.0,0.0,0.0,0.0,0.0,0.0,0.0,0.0,0.0,0.0,0.016666666666666666,0.0,0.0,0.016666666666666666,0.0,0.0,0.0,0.012691570881226055,0.4302681992337165,4.0
0.0,0.0,0.0,0.0,0.0,0.0,0.0,0.0,0.0,0.0,0.0,0.0,0.0,0.0,0.0,0.0,0.0,0.0,0.0,0.0,0.0,0.0,0.0,0.0,0.0,0.0,0.0,0.016666666666666666,0.0,0.0,0.0,0.022625448028673834,0.5440412186379928,5.0
0.0,0.0,0.0,0.0,0.0,0.0,0.0,0.0,0.0,0.0,0.0,0.0,0.0,0.0,0.0,0.0,0.0,0.0,0.0,0.0,0.0,0.0,0.0,0.0,0.0,0.0,0.0,0.003472222222222222,0.0,0.0,0.0026041666666666665,0.0453125,0.36527777777777776,6.0
0.0,0.0,0.0,0.0,0.0,0.0,0.0,0.0,0.0,0.0,0.004629629629629629,0.009259259259259259,0.004629629629629629,0.0,0.0,0.0,0.0,0.0,0.0,0.0,0.0,0.0,0.0,0.0,0.0,0.0,0.020833333333333332,0.020833333333333332,0.0,0.0,0.005952380952380952,0.03227513227513227,0.5682539682539682,7.0
0.0,0.0,0.0,0.0,0.0,0.0,0.0,0.0043859649122807015,0.0,0.0,0.0,0.0,0.0,0.0,0.0,0.0,0.0,0.0,0.0,0.0,0.0,0.0,0.0,0.0,0.0026041666666666665,0.0,0.0,0.0,0.0,0.0,0.008333333333333333,0.023135964912280704,0.6282072368421052,8.0
0.0,0.0,0.0,0.007575757575757576,0.007575757575757576,0.007575757575757576,0.0,0.0,0.0,0.007575757575757576,0.0,0.0,0.0,0.0,0.0,0.0,0.0,0.0,0.0,0.007575757575757576,0.0,0.0,0.007575757575757576,0.0,0.007575757575757576,0.0,0.0,0.0,0.007575757575757576,0.0,0.020833333333333332,0.029166666666666664,0.4727272727272727,9.0
0.0,0.008333333333333333,0.010416666666666666,0.0,0.0,0.0,0.0,0.008333333333333333,0.0,0.0,0.0,0.0,0.0,0.0,0.0,0.0,0.0,0.0,0.0,0.0,0.0,0.0,0.0,0.0,0.010416666666666666,0.0,0.0,0.030208333333333337,0.0,0.0,0.009259259259259259,0.03604497354497354,0.6369874338624338,10.0
0.0,0.0,0.0,0.0,0.0,0.008333333333333333,0.0,0.0,0.0,0.0,0.0,0.0,0.0,0.0,0.0,0.0,0.0,0.0,0.008333333333333333,0.0,0.0,0.0,0.0,0.008333333333333333,0.0,0.0,0.0,0.028174603174603175,0.0,0.0,0.0,0.01949404761904762,0.6773313492063493,11.0
0.0,0.0,0.0,0.0,0.0,0.0,0.0,0.0,0.0,0.007575757575757576,0.0,0.0,0.0,0.0,0.0,0.0,0.0,0.0,0.0,0.0,0.0,0.0,0.0,0.0,0.007575757575757576,0.0,0.0,0.008333333333333333,0.0,0.0,0.0,0.02840909090909091,0.28143939393939393,12.0
0.009259259259259259,0.0,0.0,0.0,0.0,0.0,0.0,0.0,0.0,0.0,0.0,0.0,0.0,0.0,0.0,0.0,0.0,0.0,0.0,0.0,0.0,0.0,0.0,0.0,0.0,0.0,0.0,0.016666666666666666,0.0,0.0,0.0,0.03009259259259259,0.4439814814814815,13.0
