sc,cs,sh,gg,sg,si,os,js,is,hs,gs,ss,TimeFactor
0.0,0.0,0.0,0.0,0.0,0.0,0.0,0.0,0.0,0.0,0.007246376811594203,0.32608695652173914,1.0
0.0,0.0,0.0,0.0,0.0,0.0,0.0,0.0,0.013888888888888888,0.016666666666666666,0.027777777777777776,0.44166666666666665,2.0
0.0,0.0,0.0,0.0,0.0,0.0,0.0,0.016666666666666666,0.0,0.013888888888888888,0.0,0.21944444444444444,3.0
0.0,0.0,0.0,0.0,0.0,0.0,0.0036231884057971015,0.0,0.013888888888888888,0.0,0.013888888888888888,0.21859903381642512,4.0
0.0,0.0,0.0,0.0,0.0,0.0,0.004629629629629629,0.037037037037037035,0.0,0.0,0.016666666666666666,0.525,5.0
0.0,0.0,0.0,0.0,0.0,0.0,0.0,0.016666666666666666,0.0,0.0,0.0,0.31666666666666665,6.0
0.0,0.0,0.0,0.0,0.0,0.005952380952380952,0.0,0.018849206349206348,0.005952380952380952,0.0,0.007575757575757576,0.3783369408369408,7.0
0.0,0.0,0.0,0.0,0.006944444444444444,0.0,0.0,0.013888888888888888,0.0,0.0,0.013888888888888888,0.2986111111111111,8.0
0.0,0.0,0.0,0.005747126436781609,0.0028735632183908046,0.0,0.0,0.016766053063693716,0.006944444444444444,0.0,0.0021929824561403508,0.46547583038054907,9.0
0.0,0.0,0.0043859649122807015,0.0,0.008333333333333333,0.0,0.0,0.0,0.0,0.0043859649122807015,0.03175381263616558,0.3678075908726064,10.0
0.0,0.0,0.0,0.0,0.0,0.0,0.0,0.032407407407407406,0.0,0.0,0.009259259259259259,0.375,11.0
0.007575757575757576,0.015151515151515152,0.0,0.0,0.0,0.0,0.0,0.005952380952380952,0.0,0.0,0.013888888888888888,0.6240981240981242,12.0
0.0,0.0,0.0,0.0,0.0,0.0,0.0,0.018481182795698926,0.0,0.0,0.009632616487455196,0.3885528673835125,13.0
