hi,js,hg,ie,ii,gi,sg,se,oi,gg,hs,ig,ee,si,os,es,is,gs,cs,ss,TimeFactor
0.0,0.0,0.001488095238095238,0.001488095238095238,0.001488095238095238,0.002976190476190476,0.004464285714285714,0.005952380952380952,0.006944444444444444,0.007440476190476189,0.008432539682539682,0.00992063492063492,0.010416666666666666,0.010416666666666666,0.011904761904761904,0.012896825396825398,0.0404265873015873,0.05704365079365079,0.05803571428571428,0.6649305555555556,1.0
0.010416666666666666,0.015625,0.0,0.0,0.0,0.006944444444444444,0.0,0.0,0.0,0.006944444444444444,0.0,0.0,0.0,0.0,0.010416666666666666,0.0,0.03993055555555555,0.03784722222222222,0.01875,0.5197916666666667,2.0
0.0,0.0,0.0,0.0,0.0,0.0,0.0,0.0,0.0,0.0,0.004166666666666667,0.0,0.0,0.0,0.0,0.004166666666666667,0.020833333333333332,0.01875,0.03194444444444444,0.5868055555555555,3.0
0.0,0.006944444444444444,0.0,0.0,0.0,0.0,0.0,0.0,0.0,0.0,0.0,0.0,0.0,0.0,0.013888888888888888,0.0,0.026041666666666668,0.0,0.005208333333333333,0.3645833333333333,4.0
0.0,0.0,0.0,0.0,0.0,0.0,0.0,0.0,0.0,0.0,0.01736111111111111,0.0,0.0,0.0,0.0,0.0,0.010416666666666666,0.020833333333333332,0.0,0.5347222222222222,5.0
0.0,0.010416666666666666,0.0,0.0,0.0,0.0,0.0,0.0,0.0,0.0,0.0,0.0,0.0,0.0,0.0,0.0,0.0,0.006944444444444444,0.0,0.5659722222222222,6.0
0.0,0.0,0.0,0.0,0.0,0.0,0.0,0.0,0.0,0.0,0.0,0.0,0.0,0.0,0.020833333333333332,0.0,0.0,0.020833333333333332,0.020833333333333332,0.3541666666666667,7.0
0.0,0.006944444444444444,0.0,0.0,0.0,0.0,0.0,0.0,0.0,0.0,0.0,0.0,0.0,0.0,0.006944444444444444,0.0,0.010416666666666666,0.020833333333333332,0.006944444444444444,0.53125,8.0
0.0,0.020833333333333332,0.0,0.0,0.0,0.0,0.0,0.0,0.0,0.0,0.0,0.0,0.0,0.0,0.03125,0.0,0.0,0.0,0.0,0.4479166666666667,9.0
0.0,0.003472222222222222,0.0,0.0,0.0,0.0,0.0,0.0,0.0,0.0,0.020833333333333332,0.0,0.0,0.0,0.0,0.0,0.0,0.020833333333333332,0.0,0.2881944444444445,10.0
0.0,0.0,0.0,0.0,0.0,0.0,0.0,0.0,0.0,0.0,0.0,0.0,0.0,0.0,0.010416666666666666,0.0,0.0,0.020833333333333332,0.0,0.46875,11.0
0.0,0.0,0.0,0.0,0.0,0.0,0.0,0.0,0.0,0.0,0.0,0.0,0.0,0.010416666666666666,0.03125,0.0,0.010416666666666666,0.0,0.0,0.4479166666666667,12.0
0.0,0.0,0.0,0.0,0.0,0.0,0.0,0.0,0.0,0.0,0.0,0.0,0.0,0.0,0.0,0.0,0.0,0.004166666666666667,0.004166666666666667,0.4083333333333334,13.0
