jhs,sso,ocs,his,shs,ois,sos,jsc,cgs,ogs,jgs,ssg,sis,ssi,egs,gsi,sgg,ess,igg,isi,ggs,gsg,ggi,sgs,oss,hss,css,jss,iss,gss,sss,TimeFactor
0.0,0.0,0.0,0.0,0.0,0.0,0.0,0.0,0.0,0.0,0.0,0.0,0.0,0.0,0.001572327044025157,0.001851851851851852,0.001851851851851852,0.0021367521367521365,0.0021929824561403508,0.0034241788958770092,0.003703703703703704,0.003988603988603988,0.0043859649122807015,0.006944444444444444,0.019826810616284298,0.03648704487520277,0.07499248413784164,0.0992309466986726,0.15703238750656826,0.17602881310366414,0.4043488517762351,1.0
0.0,0.0,0.0,0.0,0.0,0.0,0.0,0.0,0.0,0.0,0.0025252525252525255,0.002976190476190476,0.0037136066547831252,0.005427170868347338,0.0,0.0,0.0,0.02410213243546577,0.0,0.0012626262626262627,0.0,0.002976190476190476,0.0,0.0024509803921568627,0.0373872949853342,0.07236817285836893,0.16817008790048005,0.07838044308632543,0.23107363315696652,0.13445089315187356,0.23273532476963846,2.0
0.0,0.0,0.0,0.0,0.0,0.0,0.0,0.0,0.0,0.0024509803921568627,0.0,0.0,0.0,0.0,0.0,0.0,0.0,0.015873015873015872,0.0,0.0,0.0,0.0,0.0,0.0,0.05007798573975045,0.03684251478369125,0.18329250227470043,0.10219124199387357,0.23321082154286488,0.08399191680925426,0.29206902059069245,3.0
0.0,0.0,0.0,0.0,0.0,0.0,0.0,0.0,0.006944444444444444,0.0,0.020833333333333332,0.0,0.0,0.0,0.0,0.0,0.0,0.023919753086419752,0.0,0.0,0.0,0.0,0.0,0.0,0.025925925925925925,0.033950617283950615,0.09706790123456789,0.10617283950617284,0.17646604938271604,0.0966820987654321,0.412037037037037,4.0
0.0,0.0,0.0,0.0,0.0,0.0,0.003787878787878788,0.009259259259259259,0.0,0.0,0.0,0.0,0.0,0.0,0.0,0.0,0.0,0.009259259259259259,0.0,0.0,0.009259259259259259,0.0,0.0,0.0,0.13336940836940836,0.02314814814814815,0.058501683501683506,0.06969696969696969,0.2677789802789803,0.10597041847041845,0.30996873496873495,5.0
0.0,0.0,0.0,0.0,0.0033333333333333335,0.016666666666666666,0.0,0.0,0.0,0.0,0.027777777777777776,0.0,0.0,0.0,0.0,0.0,0.0,0.009259259259259259,0.0,0.0,0.0,0.0,0.0,0.0,0.060648148148148145,0.033293650793650785,0.14589285714285713,0.04212962962962963,0.16093253968253968,0.11814814814814815,0.3819179894179894,6.0
0.0,0.0,0.0,0.0,0.0,0.0,0.0,0.0,0.0,0.0,0.0,0.0,0.0,0.0,0.0,0.0,0.0,0.013888888888888888,0.0,0.0,0.0,0.0,0.0,0.0,0.03355263157894737,0.011330409356725144,0.14997563352826512,0.0726608187134503,0.18932748538011693,0.07658382066276803,0.3693469785575048,7.0
0.0,0.0,0.0,0.0036231884057971015,0.0,0.0,0.0,0.0,0.0,0.0,0.0,0.0,0.027777777777777776,0.0,0.0,0.0,0.0,0.0375,0.0,0.0,0.0,0.0,0.0,0.0,0.016666666666666666,0.008333333333333333,0.08725845410628019,0.05277777777777778,0.1243659420289855,0.18968900966183574,0.2853411835748792,8.0
0.0,0.0,0.0,0.0,0.0,0.0,0.0,0.0,0.0,0.0,0.0,0.0,0.0,0.0,0.0,0.0,0.0,0.0,0.0,0.0,0.0,0.0,0.0,0.003472222222222222,0.1023148148148148,0.04652777777777778,0.13055555555555556,0.010416666666666666,0.12430555555555554,0.14699074074074073,0.4354166666666666,9.0
0.0,0.013888888888888888,0.020833333333333332,0.0,0.0,0.0,0.0,0.0,0.0,0.0,0.0,0.0,0.0,0.0,0.0,0.0,0.0,0.0,0.0,0.0,0.0,0.0,0.0,0.027777777777777776,0.10555555555555557,0.010416666666666666,0.04583333333333334,0.11666666666666668,0.1125,0.11736111111111112,0.34583333333333327,10.0
0.013888888888888888,0.0,0.0,0.0,0.0,0.0,0.0,0.0,0.0,0.0,0.0,0.0,0.0,0.0,0.0,0.0,0.0,0.0,0.0,0.0,0.0,0.0,0.0,0.0,0.0,0.0,0.08234126984126984,0.10416666666666667,0.09573412698412698,0.05357142857142857,0.400297619047619,11.0
0.0,0.0,0.0,0.0,0.0,0.0,0.0,0.0,0.0,0.0,0.0,0.0,0.0,0.0,0.0,0.0,0.0,0.041666666666666664,0.0,0.0,0.0,0.0,0.0,0.0,0.08333333333333333,0.0,0.1718253968253968,0.08333333333333333,0.09325396825396826,0.12857142857142856,0.398015873015873,12.0
0.0,0.0,0.0,0.0,0.0,0.0,0.0,0.0,0.0,0.0,0.013888888888888888,0.0,0.0,0.0,0.0,0.0,0.0,0.019675925925925927,0.0,0.0,0.0,0.0,0.0,0.0,0.06944444444444443,0.010416666666666666,0.14907407407407405,0.041666666666666664,0.2516203703703704,0.09745370370370371,0.34675925925925927,13.0
