iis,ess,ses,see,sse,hss,jss,ssj,jsi,sii,oss,gcs,ssg,scs,gsg,sgg,jgs,sgs,css,iss,gss,sss,TimeFactor
0.0,0.0,0.0,0.0,0.0,0.0,0.0,0.0,0.0,0.0,0.0,0.0,0.0,0.0,0.004166666666666667,0.004166666666666667,0.020833333333333332,0.020833333333333332,0.049999999999999996,0.05347222222222222,0.13993055555555559,0.623263888888889,1.0
0.0,0.0,0.0,0.0,0.0,0.0,0.0,0.0,0.0,0.0,0.0,0.0,0.0,0.010416666666666666,0.0,0.0,0.0,0.0,0.01597222222222222,0.07916666666666666,0.09444444444444444,0.5499999999999999,2.0
0.0,0.0,0.0,0.0,0.0,0.0,0.0,0.0,0.0,0.0,0.0,0.005208333333333333,0.013888888888888888,0.0,0.0,0.013888888888888888,0.0,0.010416666666666666,0.010416666666666666,0.005208333333333333,0.16319444444444445,0.19444444444444442,3.0
0.0,0.0,0.0,0.0,0.0,0.0,0.0,0.0,0.0,0.0,0.013888888888888888,0.0,0.0,0.0,0.020833333333333332,0.0,0.013888888888888888,0.020833333333333332,0.0,0.0,0.1597222222222222,0.5208333333333334,4.0
0.0,0.0,0.0,0.0,0.0,0.0,0.0,0.0,0.041666666666666664,0.041666666666666664,0.0,0.0,0.041666666666666664,0.0,0.0,0.0,0.0,0.041666666666666664,0.013888888888888888,0.027777777777777776,0.10763888888888888,0.3506944444444444,5.0
0.0,0.0,0.0,0.0,0.0,0.0,0.0,0.0,0.0,0.0,0.0,0.0,0.0,0.0,0.0,0.0,0.0,0.0,0.0,0.020833333333333332,0.16666666666666666,0.4791666666666667,6.0
0.0,0.0,0.0,0.0,0.0,0.0,0.020833333333333332,0.041666666666666664,0.0,0.0,0.0625,0.0,0.020833333333333332,0.0,0.0,0.020833333333333332,0.0,0.020833333333333332,0.0,0.03125,0.13541666666666666,0.4791666666666667,7.0
0.0,0.0,0.0,0.013888888888888888,0.013888888888888888,0.041666666666666664,0.0,0.0,0.0,0.0,0.0,0.0,0.013888888888888888,0.0,0.0,0.013888888888888888,0.0,0.013888888888888888,0.0,0.016666666666666666,0.13333333333333333,0.4055555555555556,8.0
0.0,0.013888888888888888,0.013888888888888888,0.0,0.0,0.0,0.0,0.0,0.0,0.0,0.0,0.0,0.0,0.0,0.0,0.0,0.013888888888888888,0.0,0.0,0.013888888888888888,0.027777777777777776,0.5833333333333334,9.0
0.0,0.0,0.0,0.0,0.0,0.020833333333333332,0.0,0.0,0.0,0.0,0.0,0.0,0.020833333333333332,0.0,0.0,0.020833333333333332,0.0,0.010416666666666666,0.0,0.008333333333333333,0.11562499999999999,0.553125,10.0
0.0,0.0,0.0,0.0,0.0,0.0,0.0,0.0,0.0,0.0,0.0,0.0,0.013888888888888888,0.0,0.0,0.006944444444444444,0.0,0.04861111111111111,0.020833333333333332,0.027777777777777776,0.07638888888888888,0.47222222222222215,11.0
0.013888888888888888,0.0,0.0,0.0,0.0,0.0,0.0,0.0,0.0,0.0,0.0,0.0,0.0,0.0,0.0,0.0,0.0,0.020833333333333332,0.013888888888888888,0.07638888888888888,0.03125,0.59375,12.0
0.0,0.0,0.0,0.0,0.0,0.0,0.0,0.0,0.0,0.0,0.010416666666666666,0.0,0.052083333333333336,0.0,0.0,0.052083333333333336,0.0,0.010416666666666666,0.0,0.0,0.052083333333333336,0.4895833333333333,13.0
