ge,sc,jg,ee,jj,ij,se,ig,sj,cs,hh,es,sh,so,js,os,ii,gi,hs,si,sg,gg,is,gs,ss,TimeFactor
0.0,0.0,0.0,0.0,0.0,0.0,0.0,0.0015432098765432098,0.0015432098765432098,0.0015432098765432098,0.0023148148148148147,0.0023148148148148147,0.0023148148148148147,0.003472222222222222,0.005015432098765432,0.005015432098765432,0.006172839506172839,0.007716049382716049,0.013425925925925924,0.016203703703703703,0.01728395061728395,0.02291666666666667,0.05393518518518519,0.14297839506172838,0.5276234567901236,1.0
0.0,0.0,0.0,0.0,0.0,0.0023148148148148147,0.0023148148148148147,0.0,0.0,0.03009259259259259,0.0,0.0023148148148148147,0.003968253968253968,0.0,0.0023148148148148147,0.006944444444444444,0.006283068783068783,0.0,0.003968253968253968,0.006283068783068783,0.008597883597883597,0.008597883597883597,0.05324074074074075,0.06547619047619047,0.3806216931216931,2.0
0.0,0.0,0.0,0.0,0.003472222222222222,0.0,0.0,0.0,0.003472222222222222,0.041666666666666664,0.0,0.027777777777777776,0.006944444444444444,0.0,0.0,0.01736111111111111,0.0,0.0,0.006944444444444444,0.006944444444444444,0.0,0.003472222222222222,0.06597222222222222,0.08680555555555554,0.4791666666666666,3.0
0.0,0.0,0.0,0.009259259259259259,0.0,0.0,0.009259259259259259,0.0,0.0,0.0,0.0,0.0,0.0,0.0,0.027777777777777776,0.0,0.009259259259259259,0.0,0.0,0.009259259259259259,0.013888888888888888,0.0,0.05092592592592593,0.0787037037037037,0.5416666666666666,4.0
0.0,0.0,0.006944444444444444,0.0,0.0,0.0,0.0,0.0,0.0,0.013888888888888888,0.0,0.013888888888888888,0.0,0.0,0.0,0.013888888888888888,0.0,0.0,0.0,0.0,0.006944444444444444,0.0,0.0,0.07638888888888888,0.3680555555555556,5.0
0.0,0.0,0.0,0.0,0.0,0.0,0.0,0.0,0.0,0.0,0.0,0.0,0.0,0.0,0.0,0.05555555555555555,0.0,0.0,0.0,0.0,0.0,0.0,0.013888888888888888,0.0,0.2638888888888889,6.0
0.0,0.0,0.0,0.0,0.0,0.0,0.0,0.0,0.0,0.006944444444444444,0.0,0.0,0.0,0.0,0.0,0.006944444444444444,0.0,0.0,0.0,0.0,0.027777777777777776,0.0,0.041666666666666664,0.06944444444444443,0.34722222222222227,7.0
0.027777777777777776,0.027777777777777776,0.0,0.0,0.0,0.0,0.0,0.0,0.0,0.027777777777777776,0.0,0.027777777777777776,0.0,0.0,0.0,0.009259259259259259,0.0,0.0,0.0,0.0,0.0,0.0,0.0,0.0462962962962963,0.3333333333333333,8.0
0.0,0.0,0.0,0.0,0.0,0.0,0.0,0.0,0.0,0.0,0.0,0.0,0.0,0.0,0.0,0.0,0.0,0.0,0.0,0.0,0.013888888888888888,0.0,0.027777777777777776,0.027777777777777776,0.2638888888888889,9.0
0.0,0.0,0.0,0.0,0.0,0.0,0.0,0.0,0.0,0.0,0.0,0.0,0.0,0.0,0.0,0.0,0.0,0.0,0.0,0.0,0.0,0.0,0.0,0.05555555555555555,0.27777777777777773,10.0
0.0,0.0,0.0,0.0,0.0,0.0,0.0,0.0,0.0,0.0,0.0,0.0,0.0,0.0,0.0,0.0,0.0,0.0,0.0,0.0,0.0,0.0,0.027777777777777776,0.0,0.05555555555555555,11.0
0.0,0.0,0.0,0.0,0.0,0.0,0.0,0.0,0.0,0.0,0.0,0.0,0.0,0.0,0.0,0.0,0.0,0.0,0.0,0.0,0.0,0.0,0.0,0.027777777777777776,0.13888888888888887,12.0
0.0,0.0,0.0,0.0,0.0,0.0,0.0,0.0,0.0,0.0,0.0,0.0,0.0,0.0,0.0,0.0,0.0,0.0,0.027777777777777776,0.0,0.0,0.0,0.0,0.041666666666666664,0.34722222222222215,13.0
