co,oo,og,jg,so,eg,jh,oc,sh,gc,cc,gi,hj,ci,gh,hg,jj,ge,sc,js,jo,sj,ee,se,ig,hs,es,os,gg,ii,cs,si,sg,is,gs,ss,TimeFactor
0.0,0.0,0.0,0.0,0.0,0.0,0.0,0.0,0.0,0.0,0.0,0.0,0.0011574074074074073,0.0011574074074074073,0.0011574074074074073,0.0011574074074074073,0.0011574074074074073,0.001851851851851852,0.0030864197530864196,0.003968253968253968,0.003968253968253968,0.005125661375661375,0.005223171889838556,0.005223171889838556,0.005840455840455841,0.005864197530864197,0.007075023741690408,0.011904761904761904,0.018856837606837606,0.01917819834486501,0.028659611992945325,0.030144315560982234,0.04118589743589743,0.085399708316375,0.13991741283407952,0.5717397571564239,1.0
0.0,0.0,0.0,0.0,0.0,0.0,0.0,0.0023148148148148147,0.003472222222222222,0.005555555555555556,0.008641975308641974,0.010030864197530864,0.0,0.0,0.0,0.0,0.0,0.0030864197530864196,0.005070546737213404,0.0015432098765432098,0.0030864197530864196,0.0,0.0030864197530864196,0.0030864197530864196,0.0030864197530864196,0.01646825396825397,0.011574074074074072,0.016975308641975304,0.016644620811287477,0.0058421516754850085,0.03948412698412698,0.017030423280423278,0.0251873897707231,0.07892416225749559,0.10433201058201058,0.6154761904761905,2.0
0.0,0.0,0.0,0.0,0.0,0.0,0.004629629629629629,0.0,0.0,0.0,0.0,0.00939153439153439,0.0,0.0,0.0,0.0,0.005555555555555556,0.0,0.0,0.005555555555555556,0.0,0.0,0.0,0.0,0.001984126984126984,0.018518518518518517,0.013227513227513227,0.005952380952380952,0.018452380952380953,0.00939153439153439,0.01712962962962963,0.015343915343915342,0.02242063492063492,0.06494708994708993,0.11236772486772488,0.5917989417989418,3.0
0.0,0.0,0.0,0.0,0.0,0.017857142857142856,0.0,0.0,0.0,0.0,0.0,0.006944444444444444,0.0,0.0,0.0,0.0,0.0,0.0,0.0,0.013888888888888888,0.0,0.0,0.017857142857142856,0.017857142857142856,0.0,0.020833333333333332,0.003968253968253968,0.018518518518518517,0.02314814814814815,0.003968253968253968,0.003968253968253968,0.0,0.022486772486772486,0.055886243386243394,0.06349206349206347,0.4593253968253968,4.0
0.0,0.0,0.0,0.0,0.041666666666666664,0.0,0.0,0.0,0.0,0.0,0.0,0.0,0.0,0.0,0.0,0.0,0.0,0.0,0.0,0.0,0.0,0.0,0.0,0.0,0.013888888888888888,0.009259259259259259,0.0,0.08333333333333333,0.0,0.0,0.027777777777777776,0.013888888888888888,0.006944444444444444,0.027777777777777776,0.08101851851851852,0.611111111111111,5.0
0.0,0.0,0.0,0.0,0.0,0.0,0.0,0.0,0.0,0.0,0.0,0.0,0.0,0.0,0.0,0.0,0.0,0.0,0.009259259259259259,0.0,0.0,0.0,0.0,0.0,0.0,0.013888888888888888,0.0,0.0,0.027777777777777776,0.0,0.009259259259259259,0.0,0.06944444444444443,0.0,0.125,0.3287037037037037,6.0
0.0,0.0,0.0,0.006944444444444444,0.0,0.0,0.0,0.0,0.0,0.0,0.0,0.0,0.0,0.0,0.0,0.0,0.0,0.0,0.0,0.0,0.0,0.0,0.0,0.0,0.0,0.0,0.0,0.027777777777777776,0.006944444444444444,0.0,0.0,0.0,0.03009259259259259,0.0,0.05092592592592593,0.46064814814814814,7.0
0.0,0.0,0.009259259259259259,0.0,0.0,0.0,0.0,0.0,0.0,0.0,0.0,0.0,0.0,0.0,0.0,0.0,0.0,0.0,0.0,0.0,0.0,0.0,0.0,0.0,0.0,0.0,0.0,0.013888888888888888,0.0,0.0,0.0,0.0,0.027777777777777776,0.0,0.06481481481481481,0.300925925925926,8.0
0.0,0.0,0.0,0.0,0.0,0.0,0.0,0.0,0.0,0.0,0.0,0.0,0.0,0.0,0.0,0.0,0.0,0.0,0.0,0.027777777777777776,0.0,0.027777777777777776,0.0,0.0,0.0,0.0,0.0,0.0,0.0,0.0,0.0,0.0,0.0,0.0,0.0,0.36111111111111116,9.0
0.0,0.027777777777777776,0.0,0.027777777777777776,0.027777777777777776,0.0,0.0,0.0,0.0,0.0,0.0,0.0,0.0,0.0,0.0,0.0,0.0,0.0,0.0,0.041666666666666664,0.0,0.0,0.0,0.0,0.0,0.0,0.0,0.0,0.011111111111111112,0.005555555555555556,0.0,0.005555555555555556,0.03333333333333333,0.005555555555555556,0.0861111111111111,0.22777777777777777,10.0
0.0,0.0,0.0,0.0,0.0,0.0,0.0,0.005555555555555556,0.0,0.0,0.0,0.0,0.0,0.0,0.0,0.0,0.0,0.0,0.0,0.0,0.0,0.0,0.0,0.0,0.0,0.0,0.0,0.0,0.027777777777777776,0.0,0.019444444444444445,0.0,0.03333333333333333,0.027777777777777776,0.07037037037037036,0.4824074074074074,11.0
0.0,0.0,0.0,0.006944444444444444,0.0,0.0,0.0,0.0,0.0,0.0,0.0,0.0,0.0,0.0,0.0,0.0,0.0,0.0,0.0,0.009259259259259259,0.0,0.009259259259259259,0.0,0.0,0.0,0.0,0.027777777777777776,0.0,0.020833333333333332,0.0,0.027777777777777776,0.0,0.020833333333333332,0.009259259259259259,0.013888888888888888,0.3541666666666666,12.0
0.013888888888888888,0.0,0.0,0.0,0.027777777777777776,0.013888888888888888,0.0,0.0,0.0,0.0,0.0,0.0,0.0,0.0,0.0,0.0,0.0,0.0,0.0,0.0,0.0,0.0,0.0,0.0,0.0,0.0,0.0,0.041666666666666664,0.0,0.0,0.0,0.0,0.0,0.0,0.013888888888888888,0.2222222222222222,13.0
