ii,jg,co,si,gg,sg,sh,hs,os,cs,is,js,gs,ss,TimeFactor
0.0,0.0,0.0,0.0,0.0,0.0,0.0,0.0,0.0,0.011111111111111112,0.020833333333333332,0.03819444444444444,0.043750000000000004,0.8027777777777777,1.0
0.0,0.0,0.0,0.0,0.0,0.0,0.0,0.0,0.01736111111111111,0.006944444444444444,0.0,0.044097222222222225,0.0375,0.8107638888888887,2.0
0.0,0.0,0.0,0.0,0.0,0.0,0.0026041666666666665,0.0234375,0.010416666666666666,0.005208333333333333,0.005580357142857143,0.05203373015873016,0.036011904761904766,0.781374007936508,3.0
0.0,0.0,0.0,0.004166666666666667,0.010416666666666666,0.010416666666666666,0.0,0.006944444444444444,0.020833333333333332,0.011111111111111112,0.004166666666666667,0.03263888888888889,0.07708333333333334,0.6555555555555556,4.0
0.0,0.0,0.0,0.0,0.004166666666666667,0.009375,0.0,0.0,0.004166666666666667,0.027777777777777776,0.007291666666666666,0.02152777777777778,0.041666666666666664,0.7173611111111112,5.0
0.0,0.0,0.0,0.0,0.0,0.0,0.0,0.0,0.0,0.03125,0.0,0.034970238095238096,0.02172619047619048,0.6620535714285715,6.0
0.0,0.0,0.010416666666666666,0.0,0.0,0.0,0.0,0.0,0.010416666666666666,0.0,0.003472222222222222,0.022569444444444444,0.008680555555555554,0.6111111111111112,7.0
0.0,0.0,0.0,0.0,0.0,0.0,0.0,0.0,0.006944444444444444,0.010416666666666666,0.0023148148148148147,0.02488425925925926,0.012731481481481483,0.609375,8.0
0.0,0.005208333333333333,0.0,0.0,0.0,0.0,0.0026041666666666665,0.0026041666666666665,0.0,0.002777777777777778,0.03263888888888889,0.034374999999999996,0.03802083333333333,0.7151041666666668,9.0
0.0,0.0,0.0,0.0,0.0,0.0,0.0,0.0,0.0,0.0023148148148148147,0.003472222222222222,0.011574074074074075,0.021412037037037035,0.7945601851851852,10.0
0.020833333333333332,0.0,0.0,0.013888888888888888,0.006944444444444444,0.008680555555555554,0.0,0.0,0.029166666666666664,0.0,0.0076388888888888895,0.020833333333333332,0.04722222222222222,0.678125,11.0
0.0,0.0,0.0,0.0,0.0,0.009375,0.0,0.005208333333333333,0.0,0.0,0.006944444444444444,0.015625,0.02326388888888889,0.6895833333333333,12.0
0.0,0.0026041666666666665,0.0,0.0,0.0,0.0026041666666666665,0.0,0.0,0.0,0.0078125,0.0078125,0.014409722222222221,0.016493055555555556,0.8649305555555555,13.0
