ssi,sii,iii,oss,gjs,sis,iss,css,jss,gss,sss,TimeFactor
0.0,0.0,0.0,0.0,0.0,0.0,0.0,0.0,0.0,0.01566951566951567,0.150997150997151,1.0
0.0,0.0,0.0,0.0,0.0,0.0,0.0,0.0,0.004629629629629629,0.0,0.16203703703703703,2.0
0.0,0.0,0.0,0.0,0.0,0.016666666666666666,0.016666666666666666,0.016666666666666666,0.008333333333333333,0.0,0.35833333333333334,3.0
0.0,0.0,0.0,0.0,0.0,0.0,0.0,0.0,0.009259259259259259,0.009259259259259259,0.3148148148148148,4.0
0.0,0.0,0.0,0.0,0.020833333333333332,0.0,0.0,0.0,0.025219298245614034,0.0043859649122807015,0.11622807017543861,5.0
0.0,0.0,0.0,0.0,0.0,0.0,0.0,0.0,0.0,0.0,0.16666666666666666,6.0
0.0,0.0,0.0,0.0,0.0,0.0,0.0,0.0,0.016666666666666666,0.004629629629629629,0.39537037037037037,7.0
0.0,0.0,0.0,0.0,0.0,0.0,0.0,0.0,0.016666666666666666,0.020833333333333332,0.2125,8.0
0.0,0.0,0.0,0.0,0.0,0.0,0.0,0.0,0.011904761904761904,0.0,0.15476190476190477,9.0
0.0,0.0,0.0,0.016666666666666666,0.0,0.0,0.0,0.016666666666666666,0.0,0.0,0.13333333333333333,10.0
0.0,0.0,0.0,0.016666666666666666,0.0,0.0,0.0,0.0,0.0,0.0,0.31666666666666665,11.0
0.0,0.0,0.0,0.0,0.0,0.0,0.0,0.0,0.027083333333333334,0.0,0.30624999999999997,12.0
0.020833333333333332,0.020833333333333332,0.020833333333333332,0.0,0.0,0.0,0.020833333333333332,0.0,0.0,0.0,0.16666666666666666,13.0
