cs,os,js,es,is,gs,ss,TimeFactor
0.004166666666666667,0.006944444444444444,0.013888888888888888,0.01736111111111111,0.020833333333333332,0.056944444444444436,0.5465277777777778,1.0
0.020833333333333332,0.013888888888888888,0.0,0.0,0.027777777777777776,0.010416666666666666,0.59375,2.0
0.024999999999999998,0.0,0.006944444444444444,0.0,0.0,0.03819444444444444,0.4298611111111111,3.0
0.010416666666666666,0.010416666666666666,0.010416666666666666,0.0,0.0,0.0,0.3020833333333333,4.0
0.0,0.0,0.020833333333333332,0.0,0.0,0.010416666666666666,0.3020833333333333,5.0
0.0,0.0,0.0,0.0,0.0,0.0,0.25,6.0
0.0,0.010416666666666666,0.010416666666666666,0.0,0.020833333333333332,0.008333333333333333,0.5333333333333333,7.0
0.0,0.0,0.024305555555555556,0.0,0.0,0.010416666666666666,0.3819444444444445,8.0
0.0,0.0,0.010416666666666666,0.0,0.004166666666666667,0.013541666666666667,0.471875,9.0
0.0,0.0,0.041666666666666664,0.0,0.0,0.03125,0.34375,10.0
0.0,0.0,0.022569444444444444,0.0,0.0,0.013888888888888888,0.3802083333333333,11.0
0.0,0.0,0.020833333333333332,0.0,0.010416666666666666,0.020833333333333332,0.53125,12.0
0.005208333333333333,0.0,0.027083333333333334,0.0,0.020833333333333332,0.005208333333333333,0.35833333333333334,13.0
