sjs,sii,oss,jss,esg,isg,sis,ssi,sgs,css,ggg,sgg,ssg,iss,gss,sss,TimeFactor
0.0,0.0,0.0,0.0,0.009259259259259259,0.010416666666666666,0.010416666666666666,0.010416666666666666,0.019675925925925927,0.020833333333333332,0.025925925925925925,0.025925925925925925,0.025925925925925925,0.03009259259259259,0.07800925925925926,0.31643518518518515,1.0
0.0,0.0,0.0,0.0,0.0,0.0,0.0,0.0,0.0,0.0,0.0,0.0,0.0,0.0,0.0,0.08333333333333333,2.0
0.0,0.0,0.008333333333333333,0.018031189083820662,0.0,0.0,0.0,0.0,0.0,0.0,0.0,0.0,0.0,0.0,0.01,0.5469688109161793,3.0
0.0,0.0,0.006944444444444444,0.006944444444444444,0.0,0.0,0.0,0.0,0.0,0.020833333333333332,0.0,0.0,0.0,0.0,0.006944444444444444,0.2916666666666667,4.0
0.0,0.0,0.0,0.019540229885057474,0.0,0.0,0.0,0.0,0.0,0.0,0.0,0.0,0.0,0.0,0.016666666666666666,0.5471264367816092,5.0
0.0,0.0,0.0,0.0,0.0,0.0,0.0,0.0,0.0,0.0,0.0,0.0,0.0,0.0,0.005555555555555556,0.3277777777777778,6.0
0.0,0.0,0.005208333333333333,0.0,0.0,0.0,0.0,0.0,0.0,0.0,0.0,0.0,0.0,0.0,0.016666666666666666,0.39479166666666665,7.0
0.0,0.0043859649122807015,0.0043859649122807015,0.0,0.0,0.0,0.0,0.0043859649122807015,0.0,0.0,0.0,0.0,0.0,0.0,0.0,0.23684210526315788,8.0
0.0,0.0,0.0,0.0,0.0,0.0,0.0,0.0,0.006410256410256411,0.0,0.0,0.0,0.0,0.0,0.006410256410256411,0.4038461538461539,9.0
0.0,0.0,0.0,0.0,0.0,0.0,0.0,0.0,0.0,0.0,0.0,0.0,0.0,0.0,0.0,0.5,10.0
0.005208333333333333,0.0,0.0,0.005208333333333333,0.0,0.0,0.0,0.0,0.0,0.0,0.0,0.0,0.0,0.0,0.021875000000000002,0.46770833333333334,11.0
0.0,0.0,0.0,0.0,0.0,0.0,0.0,0.0,0.0,0.0,0.0,0.0,0.0,0.007575757575757576,0.016666666666666666,0.3090909090909091,12.0
0.0,0.0,0.0,0.016666666666666666,0.0,0.0,0.0,0.0,0.007575757575757576,0.0,0.0,0.0,0.0,0.0,0.007575757575757576,0.4681818181818182,13.0
