gc,og,ji,jg,so,cg,je,hg,ij,ce,sj,hi,gi,ig,ei,sh,es,gg,ii,si,sg,os,hs,js,cs,is,gs,ss,TimeFactor
0.0,0.0,0.0,0.0,0.0,0.0,0.0006127450980392157,0.0006127450980392157,0.0010162601626016261,0.0010964912280701754,0.0012626262626262627,0.0012626262626262627,0.0012626262626262627,0.0015090811965811964,0.0017092363261093913,0.001736111111111111,0.0023219814241486067,0.0031574226427167605,0.0032092426187419767,0.004501336464055762,0.013183786350388518,0.015361558910312654,0.020565147136338835,0.02457282545355804,0.03473549858676278,0.089585442000869,0.11157119201424054,0.6651540173894358,1.0
0.0,0.0,0.0,0.0,0.0,0.000641025641025641,0.0,0.0,0.0,0.0,0.0,0.0,0.0,0.0,0.0,0.0,0.0056591173054587685,0.0010683760683760683,0.0004789272030651341,0.0029670436617698277,0.003103448275862069,0.010621475208993142,0.019992327933504403,0.016806623388649806,0.047074744162262094,0.10302421613248804,0.14253825964544314,0.646024415373102,2.0
0.0,0.0,0.0,0.0,0.0023219814241486067,0.001488095238095238,0.0,0.0,0.0,0.0,0.0,0.0,0.0,0.0,0.0,0.0,0.016172442557218437,0.0,0.0,0.0,0.001893939393939394,0.013526232558067258,0.01205549439455416,0.04538939284194366,0.061112339065714345,0.09801833985102255,0.10557970371076104,0.6424420389645352,3.0
0.0,0.0,0.004166666666666667,0.014583333333333332,0.0,0.0,0.0,0.0,0.0,0.0,0.0,0.0,0.0,0.0,0.0,0.0011261261261261261,0.0023516163222045577,0.0011261261261261261,0.0,0.0012254901960784314,0.0008865248226950354,0.03022875816993464,0.005689121537056456,0.07346896282612299,0.0634482808841382,0.04980161941585495,0.09544291935158543,0.656454454222077,4.0
0.0,0.0,0.0,0.008333333333333333,0.0,0.0,0.0,0.0,0.0,0.0,0.0,0.0,0.0,0.0,0.0,0.0009057971014492754,0.003472222222222222,0.0009057971014492754,0.0,0.0010964912280701754,0.0018115942028985507,0.014117324561403508,0.005702946224256292,0.04706622383252818,0.03060481820493262,0.04663729447410797,0.11848382278159166,0.720862334731757,5.0
0.0,0.005952380952380952,0.0,0.0,0.0,0.0,0.0,0.0,0.0,0.0,0.0,0.0,0.0010683760683760683,0.0,0.0,0.0,0.004856254856254856,0.0,0.0,0.0010683760683760683,0.0021367521367521365,0.038825757575757576,0.004498106060606061,0.030976835664335668,0.045183635808635804,0.06394352175602175,0.07410124597624597,0.6440554237429237,6.0
0.0,0.0,0.0,0.0,0.0,0.0,0.0,0.0,0.0,0.0,0.0,0.0,0.0,0.0,0.0,0.0026041666666666665,0.0,0.0010416666666666667,0.0,0.0,0.0,0.006410256410256411,0.012344426406926406,0.07245254745254746,0.04559104090354091,0.1067923396048396,0.08059527278277277,0.5888349497724498,7.0
0.0,0.0,0.0,0.010416666666666666,0.0,0.0,0.0,0.0,0.0,0.0,0.0,0.0,0.0,0.0,0.0,0.0,0.0,0.0,0.0,0.0,0.0,0.06828703703703703,0.0,0.08956552706552706,0.006410256410256411,0.055422008547008544,0.05533297720797722,0.6312321937321937,8.0
0.0,0.0,0.0,0.0,0.0,0.0,0.0,0.0,0.0,0.0,0.0,0.0,0.0,0.0,0.0,0.0,0.0,0.0,0.0,0.0,0.0,0.041666666666666664,0.027777777777777776,0.06226851851851852,0.10416666666666667,0.05810185185185185,0.07361111111111111,0.549074074074074,9.0
0.0,0.0,0.0,0.0,0.0,0.0,0.0,0.0,0.0,0.0,0.0,0.0,0.0,0.0,0.0,0.0,0.0,0.0,0.0,0.005208333333333333,0.0,0.005208333333333333,0.02847222222222222,0.05803571428571428,0.02961309523809524,0.07777777777777777,0.06041666666666667,0.5686011904761905,10.0
0.0020833333333333333,0.0,0.0,0.0,0.0,0.0,0.0,0.0,0.0,0.0,0.0,0.0,0.0,0.0,0.0,0.0,0.008333333333333333,0.0,0.0,0.0023148148148148147,0.0,0.022222222222222223,0.043750000000000004,0.05590277777777778,0.04576210826210827,0.07222222222222222,0.051931980056980055,0.6121438746438747,11.0
0.0,0.0,0.0,0.004166666666666667,0.0,0.0,0.0,0.0,0.0,0.0,0.0,0.0,0.0,0.0,0.0,0.0,0.0,0.0,0.0,0.0,0.0,0.005208333333333333,0.04027777777777777,0.05482954545454546,0.07916666666666666,0.09681186868686868,0.03819444444444445,0.5146780303030303,12.0
0.0,0.0,0.0,0.0,0.0,0.0,0.0,0.0,0.0,0.0,0.0,0.0,0.0,0.0,0.0,0.0,0.004166666666666667,0.0,0.0,0.0,0.003472222222222222,0.013541666666666667,0.04583333333333334,0.043718434343434344,0.008996212121212122,0.038478535353535355,0.03611111111111111,0.5556818181818183,13.0
