ics,jjs,ocs,sjj,hso,ccs,gos,sso,isc,shg,chi,csc,ish,igs,osg,scc,isj,ssi,his,sis,csi,isg,jgs,sjs,ggg,gsi,scs,hss,sii,sos,cjs,jss,cgs,sgc,ssg,sgs,gsg,gsh,csg,shs,ggs,sgg,css,oss,iss,gss,sss,TimeFactor
0.0,0.0,0.0,0.0,0.0,0.0,0.0,0.0,0.0,0.0,0.0,0.0,0.0,0.0,0.0,0.0,0.0,0.0,0.0,0.0,0.0,0.0,0.0,0.0,0.0024509803921568627,0.0024509803921568627,0.0024509803921568627,0.0024509803921568627,0.0024509803921568627,0.004166666666666667,0.004629629629629629,0.004629629629629629,0.005208333333333333,0.005208333333333333,0.010416666666666666,0.010784313725490198,0.012561274509803924,0.013888888888888888,0.013888888888888888,0.016339869281045753,0.016918572984749455,0.018790849673202614,0.023651960784313725,0.02883986928104575,0.07145288671023965,0.18019471677559915,0.5461737472766884,1.0
0.0,0.0,0.0,0.0,0.0,0.0,0.0,0.0,0.0021929824561403508,0.0021929824561403508,0.0021929824561403508,0.0021929824561403508,0.0021929824561403508,0.0021929824561403508,0.0021929824561403508,0.0021929824561403508,0.0021929824561403508,0.0026041666666666665,0.0043859649122807015,0.006578947368421052,0.012152777777777776,0.013020833333333334,0.013888888888888888,0.013888888888888888,0.0,0.0,0.0021929824561403508,0.00954861111111111,0.014756944444444442,0.01608187134502924,0.0,0.01984126984126984,0.0,0.0,0.011619761208576997,0.018686038011695907,0.0021929824561403508,0.0,0.0,0.0,0.005208333333333333,0.024229410331384014,0.012609649122807017,0.0325749269005848,0.08304675039872408,0.18659555296068453,0.4745576061365535,2.0
0.0,0.0,0.0,0.0,0.0,0.0,0.005208333333333333,0.008333333333333333,0.0,0.0,0.0,0.0,0.0,0.0,0.0,0.0,0.0,0.005952380952380952,0.0,0.0,0.0,0.0,0.0,0.0,0.0,0.0,0.0,0.006944444444444444,0.005952380952380952,0.0,0.0,0.006944444444444444,0.0,0.0,0.013888888888888888,0.017857142857142856,0.008333333333333333,0.0,0.0,0.0,0.0,0.008333333333333333,0.006944444444444444,0.03298611111111111,0.08159722222222221,0.17698412698412702,0.6137400793650793,3.0
0.0,0.0,0.003472222222222222,0.003472222222222222,0.006944444444444444,0.010416666666666666,0.0,0.0,0.0,0.0,0.0,0.0,0.0,0.0,0.0,0.0,0.003472222222222222,0.0,0.0,0.020833333333333332,0.0,0.0,0.0,0.0,0.0,0.0,0.0,0.0,0.0,0.006944444444444444,0.0,0.0,0.0,0.0,0.0,0.006944444444444444,0.0,0.0,0.0,0.0,0.0,0.0,0.03472222222222222,0.03125,0.1326388888888889,0.15138888888888888,0.42083333333333334,4.0
0.0,0.0,0.0,0.0,0.0,0.0,0.0,0.0,0.0,0.0,0.0,0.0,0.0,0.0,0.0,0.0,0.0,0.0,0.0,0.0,0.0,0.0,0.0,0.0,0.0,0.0,0.0,0.006944444444444444,0.0,0.0,0.0,0.0,0.0,0.0,0.0,0.0,0.0,0.0,0.0,0.0,0.0,0.0,0.013888888888888888,0.06388888888888888,0.07777777777777778,0.06527777777777777,0.5222222222222223,5.0
0.006944444444444444,0.041666666666666664,0.0,0.0,0.0,0.0,0.0,0.0,0.0,0.0,0.0,0.0,0.0,0.0,0.0,0.0,0.0,0.0,0.0,0.041666666666666664,0.0,0.0,0.0,0.013888888888888888,0.0,0.0,0.0,0.006944444444444444,0.0,0.0,0.0,0.07638888888888888,0.0,0.0,0.0,0.013888888888888888,0.0,0.0,0.0,0.0,0.0,0.0,0.020833333333333332,0.0625,0.08333333333333333,0.013888888888888888,0.2847222222222222,6.0
0.0,0.0,0.0,0.0,0.0,0.0,0.0,0.0,0.0,0.0,0.0,0.0,0.0,0.0,0.0,0.0,0.0,0.0,0.0,0.0,0.0,0.0,0.0,0.0,0.0,0.0,0.0,0.020833333333333332,0.0,0.0,0.0,0.020833333333333332,0.0,0.0,0.0,0.0,0.0,0.0,0.0,0.0,0.0,0.0,0.0,0.0,0.06597222222222222,0.07291666666666667,0.40277777777777785,7.0
0.0,0.0,0.0,0.0,0.0,0.0,0.0,0.0,0.0,0.0,0.0,0.0,0.0,0.0,0.0,0.0,0.0,0.0,0.0,0.0,0.0,0.0,0.0,0.0,0.0,0.0,0.0,0.0,0.0,0.041666666666666664,0.0,0.013888888888888888,0.0,0.0,0.0,0.0,0.0,0.0,0.0,0.0,0.0,0.0,0.041666666666666664,0.08333333333333333,0.0,0.1597222222222222,0.40972222222222215,8.0
0.0,0.0,0.0,0.0,0.0,0.0,0.0,0.0,0.0,0.0,0.0,0.0,0.0,0.0,0.0,0.0,0.0,0.0,0.0,0.0,0.0,0.0,0.0,0.0,0.0,0.0,0.0,0.0,0.0,0.0,0.0,0.0,0.0,0.0,0.0,0.0,0.0,0.0,0.0,0.0,0.0,0.0,0.0,0.0,0.11805555555555554,0.05555555555555555,0.576388888888889,9.0
0.0,0.0,0.0,0.0,0.0,0.0,0.0,0.0,0.0,0.0,0.0,0.0,0.0,0.0,0.0,0.0,0.0,0.0,0.0,0.0,0.0,0.0,0.0,0.010416666666666666,0.0,0.0,0.0,0.0,0.0,0.0,0.0,0.010416666666666666,0.0,0.0,0.0,0.0,0.0,0.0,0.0,0.0,0.0,0.0,0.0,0.013888888888888888,0.024305555555555552,0.1284722222222222,0.22916666666666666,10.0
0.0,0.0,0.0,0.0,0.0,0.0,0.0,0.0,0.0,0.0,0.0,0.0,0.0,0.0,0.0,0.0,0.0,0.0,0.0,0.0,0.0,0.0,0.0,0.020833333333333332,0.0,0.0,0.0,0.0,0.0,0.020833333333333332,0.0,0.041666666666666664,0.0,0.0,0.0,0.020833333333333332,0.0,0.0,0.0,0.0,0.020833333333333332,0.0,0.041666666666666664,0.020833333333333332,0.041666666666666664,0.1388888888888889,0.3819444444444445,11.0
0.0,0.020833333333333332,0.0,0.0,0.0,0.0,0.0,0.0,0.0,0.0,0.0,0.0,0.0,0.0,0.0,0.0,0.0,0.0,0.0,0.010416666666666666,0.0,0.0,0.010416666666666666,0.0,0.0,0.0,0.0,0.008333333333333333,0.0,0.0,0.0,0.03472222222222222,0.0,0.0,0.0,0.0,0.0,0.0,0.0,0.0,0.0,0.0,0.020833333333333332,0.0,0.04930555555555555,0.12638888888888888,0.46875,12.0
0.0,0.0,0.0,0.0,0.0,0.0,0.0,0.0,0.0,0.0,0.0,0.0,0.0,0.0,0.0,0.0,0.0,0.0,0.0,0.0,0.0,0.0,0.013888888888888888,0.0,0.0,0.0,0.0,0.013888888888888888,0.0,0.0,0.0,0.05555555555555555,0.0,0.0,0.0,0.0,0.0,0.0,0.0,0.0,0.0,0.0,0.0,0.041666666666666664,0.020833333333333332,0.09027777777777778,0.34722222222222215,13.0
