hs,ee,se,jg,es,so,cs,gg,sg,os,js,is,gs,ss,TimeFactor
0.0,0.0,0.0,0.0,0.0,0.0,0.0,0.003472222222222222,0.003472222222222222,0.003472222222222222,0.010416666666666666,0.03125,0.03125,0.5,1.0
0.0,0.0,0.0,0.0,0.0,0.0,0.013888888888888888,0.0,0.0,0.0,0.010416666666666666,0.010416666666666666,0.05034722222222222,0.4982638888888889,2.0
0.0,0.0,0.0,0.0,0.0,0.0,0.0,0.0,0.0,0.006944444444444444,0.02638888888888889,0.006944444444444444,0.010416666666666666,0.44930555555555557,3.0
0.0,0.0,0.0,0.0,0.0,0.010416666666666666,0.0,0.001488095238095238,0.001488095238095238,0.010416666666666666,0.005952380952380952,0.014583333333333332,0.007142857142857143,0.4485119047619048,4.0
0.0,0.0,0.0,0.005208333333333333,0.020833333333333332,0.0,0.0,0.0,0.0,0.0026041666666666665,0.02690972222222222,0.020833333333333332,0.01736111111111111,0.40625,5.0
0.0,0.0,0.0,0.0,0.0,0.0,0.0,0.0,0.0,0.0,0.041666666666666664,0.0,0.0,0.2916666666666667,6.0
0.0,0.0,0.0,0.010416666666666666,0.0,0.0,0.020833333333333332,0.0,0.0,0.0,0.04722222222222222,0.0,0.010416666666666666,0.41111111111111115,7.0
0.0,0.0,0.0,0.0,0.0,0.0,0.0,0.0,0.002976190476190476,0.0,0.011160714285714286,0.005208333333333333,0.011160714285714286,0.2194940476190476,8.0
0.0,0.020833333333333332,0.020833333333333332,0.0,0.0,0.0,0.0,0.0,0.0,0.0,0.03125,0.0,0.006944444444444444,0.17013888888888887,9.0
0.005208333333333333,0.0,0.0,0.0,0.0,0.0,0.020833333333333332,0.0,0.0,0.0,0.0,0.01736111111111111,0.0,0.3732638888888889,10.0
0.006944444444444444,0.0,0.0,0.0,0.0,0.0,0.0,0.0,0.0,0.0,0.01736111111111111,0.010416666666666666,0.005208333333333333,0.4600694444444445,11.0
0.006944444444444444,0.0,0.0,0.0,0.0,0.0,0.0078125,0.0,0.0,0.0,0.051562500000000004,0.0,0.0,0.43368055555555557,12.0
0.0,0.0,0.0,0.0,0.0,0.0,0.0,0.0,0.0,0.0,0.006944444444444444,0.0,0.01736111111111111,0.4756944444444444,13.0
