se,eo,oo,sh,ig,sc,jj,si,so,hs,sj,gi,gg,ii,es,os,cs,js,sg,is,gs,ss,TimeFactor
0.0,0.0,0.0,0.0,0.0,0.0,0.0,0.0,0.0,0.0,0.0,0.0,0.0,0.0,0.0,0.004166666666666667,0.006448412698412699,0.0076388888888888895,0.01909722222222222,0.03993055555555555,0.06344246031746031,0.7759424603174603,1.0
0.0,0.0,0.0,0.0,0.0,0.0,0.0,0.0,0.0,0.0,0.0,0.004166666666666667,0.004166666666666667,0.004166666666666667,0.010416666666666666,0.004166666666666667,0.013715277777777778,0.04913194444444444,0.012500000000000002,0.01949404761904762,0.026264880952380953,0.5184771825396826,2.0
0.0,0.0,0.0,0.0,0.0,0.0,0.0,0.0,0.0,0.0,0.010416666666666666,0.0,0.0,0.0,0.0,0.0,0.026041666666666668,0.03819444444444444,0.0,0.04398148148148148,0.02314814814814815,0.6082175925925926,3.0
0.0,0.0,0.0,0.0,0.0,0.0,0.0,0.0,0.0,0.0,0.0,0.0,0.0,0.0,0.010416666666666666,0.0026041666666666665,0.02690972222222222,0.020833333333333332,0.0,0.03732638888888889,0.027777777777777776,0.5407986111111112,4.0
0.0,0.0,0.0,0.0,0.0,0.0,0.0,0.0,0.0,0.005208333333333333,0.0,0.0,0.0,0.0,0.0,0.010416666666666666,0.0,0.005208333333333333,0.0,0.020833333333333332,0.046875,0.328125,5.0
0.0,0.0,0.0,0.0,0.0,0.0,0.0,0.0,0.0,0.004166666666666667,0.0,0.0,0.0,0.0,0.0,0.0,0.008333333333333333,0.0076388888888888895,0.0,0.03958333333333333,0.011805555555555555,0.3451388888888889,6.0
0.0,0.0,0.0,0.0,0.0,0.0,0.0,0.0,0.0,0.0,0.0,0.0,0.0,0.0,0.020833333333333332,0.0,0.020833333333333332,0.03125,0.0,0.03125,0.05902777777777777,0.5868055555555556,7.0
0.0,0.0,0.0,0.0,0.0,0.0,0.0,0.0,0.020833333333333332,0.0,0.0,0.0,0.0,0.0,0.0,0.020833333333333332,0.005208333333333333,0.020833333333333332,0.0,0.026041666666666668,0.08680555555555554,0.48611111111111116,8.0
0.0,0.0,0.0,0.0,0.0,0.005208333333333333,0.005208333333333333,0.005208333333333333,0.0,0.0,0.005208333333333333,0.0,0.0023148148148148147,0.010416666666666666,0.0,0.0,0.005208333333333333,0.0,0.0023148148148148147,0.05555555555555555,0.012152777777777776,0.47453703703703703,9.0
0.0,0.0,0.0,0.0,0.0,0.0,0.0,0.0,0.0,0.0,0.0,0.0,0.006944444444444444,0.0,0.0,0.010416666666666666,0.003472222222222222,0.0,0.003472222222222222,0.025793650793650796,0.061507936507936505,0.7217261904761906,10.0
0.0,0.0,0.0,0.0,0.0,0.0,0.0,0.0,0.0,0.020833333333333332,0.0,0.0,0.0,0.0,0.0,0.005208333333333333,0.0,0.0,0.0,0.026041666666666668,0.020833333333333332,0.5104166666666666,11.0
0.0,0.0,0.0,0.0023148148148148147,0.004166666666666667,0.0,0.0023148148148148147,0.003472222222222222,0.0,0.0023148148148148147,0.0023148148148148147,0.003472222222222222,0.0,0.003472222222222222,0.010416666666666666,0.0,0.0023148148148148147,0.003472222222222222,0.0,0.02314814814814815,0.05694444444444444,0.5465277777777777,12.0
0.020833333333333332,0.020833333333333332,0.020833333333333332,0.0,0.0,0.0,0.0,0.0,0.0,0.0,0.0,0.0,0.0,0.0,0.0026041666666666665,0.0,0.0,0.014583333333333332,0.0026041666666666665,0.040625,0.013020833333333334,0.19739583333333333,13.0
