AripiprazoleLightDark_Individual:8;,0.03994,0.01198,0.00175,0.00199,0.00665,0.01729,0.00654,0.0,0.0,0.0,0.0,0.00339,0.00503
AripiprazoleLightDark_Individual:48,0.00482,0.0,0.00513,0.00455,0.0102,0.0122,0.00789,0.0,0.0,0.01044,0.0068,0.0,0.0
AripiprazoleLightDark_Individual:4;,0.02093,0.00485,0.00778,0.00651,0.00905,0.00847,0.02326,0.0,0.01224,0.01767,0.00833,0.00971,0.02092
AripiprazoleLightDark_Individual:40,0.00834,0.00473,0.01087,0.00536,0.05405,0.00901,0.00623,0.0,0.0068,0.01325,0.01449,0.00673,0.04082
AripiprazoleLightDark_Individual:41,0.00775,0.00526,0.00786,0.00704,0.01587,0.0,0.01094,0.02985,0.0,0.01031,0.0125,0.0,0.08696
AripiprazoleLightDark_Individual:42,0.0,0.0,0.00204,0.00498,0.0,0.00337,0.0114,0.00538,0.0,0.0081,0.0,0.01835,0.00476
AripiprazoleLightDark_Individual:43,0.00629,0.00306,0.00471,0.01935,0.02367,0.01734,0.01559,0.03438,0.00407,0.01304,0.03077,0.00804,0.0087
AripiprazoleLightDark_Individual:44,0.0,0.00775,0.02875,0.02174,0.00585,0.00433,0.02837,0.0254,0.0,0.00943,0.02466,0.00346,0.01124
AripiprazoleLightDark_Individual:45,0.00549,0.0,0.0026,0.00687,0.0,0.00476,0.006,0.01935,0.01604,0.0037,0.00192,0.01316,0.00851
AripiprazoleLightDark_Individual:46,0.00336,0.0,0.01636,0.0,0.00971,0.0061,0.0,0.02564,0.0,0.01,0.00545,0.0,0.01818
AripiprazoleLightDark_Individual:47,0.01004,0.00728,0.01377,0.00917,0.06579,0.01531,0.02377,0.02885,0.025,0.02092,0.04092,0.02661,0.09091
AripiprazoleLightDark_Individual:2;,0.0,0.0,0.00146,0.00429,0.00548,0.00321,0.00498,0.01146,0.00459,0.00338,0.00122,0.0,0.00937
AripiprazoleLightDark_Individual:28,0.00761,0.01481,0.00849,0.00336,0.01075,0.01515,0.01681,0.01159,0.02186,0.00403,0.02347,0.04516,0.02564
AripiprazoleLightDark_Individual:29,0.01209,0.00622,0.01689,0.03162,0.00758,0.01411,0.03596,0.02174,0.0123,0.02479,0.03363,0.02228,0.01572
AripiprazoleLightDark_Individual:26,0.0,0.00372,0.00154,0.0,0.0,0.00787,0.0,0.0,0.00562,0.00813,0.0,0.0,0.01087
AripiprazoleLightDark_Individual:6;,0.0049,0.0,0.00802,0.00795,0.00763,0.02174,0.0184,0.008,0.0,0.01563,0.00956,0.00475,0.0
AripiprazoleLightDark_Individual:24,0.04195,0.04496,0.02767,0.03922,0.05848,0.01863,0.02667,0.06752,0.0,0.00662,0.02514,0.03226,0.01429
AripiprazoleLightDark_Individual:25,0.01377,0.00283,0.02994,0.03448,0.03141,0.03491,0.01075,0.02405,0.0393,0.02643,0.02018,0.05085,0.0184
AripiprazoleLightDark_Individual:22,0.01163,0.01424,0.01132,0.01782,0.00535,0.02116,0.02895,0.02381,0.04054,0.00917,0.03155,0.01866,0.01099
AripiprazoleLightDark_Individual:23,0.00432,0.00172,0.0014,0.0,0.01948,0.00955,0.01148,0.00775,0.01646,0.0092,0.00579,0.0,0.01826
AripiprazoleLightDark_Individual:20,0.00343,0.00275,0.01158,0.02075,0.0,0.0,0.03004,0.02,0.0,0.00592,0.02217,0.00683,0.0
AripiprazoleLightDark_Individual:21,0.0058,0.0,0.00765,0.01075,0.01622,0.01818,0.02091,0.0404,0.01205,0.01685,0.00851,0.02083,0.01739
AripiprazoleLightDark_Individual:34,0.0,0.0,0.0,0.0,0.00323,0.0,0.0,0.0,0.0,0.0,0.0,0.25,0.0
AripiprazoleLightDark_Individual:38,0.0039,0.00452,0.00418,0.00227,0.0,0.0057,0.00229,0.00876,0.0,0.00803,0.0059,0.00226,0.02326
AripiprazoleLightDark_Individual:35,0.00141,0.00111,0.0,0.00366,0.0016,0.00186,0.00308,0.0,0.0,0.0,0.0,0.0,0.00245
AripiprazoleLightDark_Individual:27,0.0,0.0,0.0,0.00195,0.00512,0.00526,0.0,0.0016,0.00129,0.00377,0.00275,0.0,0.00298
AripiprazoleLightDark_Individual:11,0.02985,0.01926,0.02062,0.01961,0.05882,0.04783,0.01319,0.02778,0.0354,0.03266,0.00995,0.03529,0.02556
AripiprazoleLightDark_Individual:37,0.0,0.0,0.01282,0.0,0.11594,0.00467,0.00861,0.0,0.08475,0.01075,0.01458,0.0,0.01887
AripiprazoleLightDark_Individual:36,0.02276,0.01207,0.004,0.00604,0.00893,0.00531,0.00512,0.00778,0.00755,0.00592,0.00389,0.0,0.0
AripiprazoleLightDark_Individual:5;,0.01313,0.01574,0.02185,0.00712,0.00706,0.00941,0.01536,0.0202,0.01119,0.02178,0.01695,0.02108,0.01948
AripiprazoleLightDark_Individual:9;,0.02751,0.04418,0.02215,0.03909,0.01215,0.03731,0.01604,0.00877,0.00549,0.0,0.00469,0.0,0.0
AripiprazoleLightDark_Individual:31,0.00146,0.00264,0.0079,0.0022,0.0,0.00261,0.0,0.0,0.0,0.00279,0.00248,0.00514,0.0
AripiprazoleLightDark_Individual:30,0.00972,0.00578,0.02448,0.02576,0.03571,0.01374,0.02381,0.0,0.04673,0.01085,0.01238,0.0,0.05023
AripiprazoleLightDark_Individual:1;,0.00358,0.0,0.00561,0.0,0.00725,0.00922,0.01348,0.0,0.0,0.0,0.00957,0.01235,0.05882
AripiprazoleLightDark_Individual:19,0.01783,0.0096,0.02242,0.04152,0.02381,0.01681,0.01821,0.03261,0.0,0.05769,0.01989,0.02,0.06897
AripiprazoleLightDark_Individual:18,0.01528,0.01149,0.01435,0.01392,0.0,0.00288,0.01266,0.0,0.0,0.0028,0.00993,0.00389,0.00338
AripiprazoleLightDark_Individual:39,0.0042,0.00124,0.00269,0.00897,0.0,0.00598,0.00596,0.00956,0.0,0.00493,0.00344,0.00205,0.05882
AripiprazoleLightDark_Individual:33,0.01613,0.00735,0.03442,0.0309,0.03139,0.02667,0.05217,0.02899,0.05419,0.03774,0.01117,0.04688,0.01569
AripiprazoleLightDark_Individual:3;,0.01519,0.00987,0.01942,0.03757,0.0,0.00619,0.02669,0.02079,0.01075,0.01894,0.02707,0.01761,0.01724
AripiprazoleLightDark_Individual:32,0.0,0.00152,0.00199,0.0,0.0,0.0113,0.00303,0.0,0.0,0.0,0.0,0.0211,0.0
AripiprazoleLightDark_Individual:13,0.0,0.0,0.00573,0.00893,0.00733,0.01091,0.01435,0.01916,0.0,0.0,0.01736,0.01837,0.00407
AripiprazoleLightDark_Individual:12,0.01898,0.0089,0.00576,0.00985,0.0112,0.01119,0.0,0.0,0.0,0.00299,0.0,0.0,0.0
AripiprazoleLightDark_Individual:7;,0.00333,0.01116,0.0142,0.02151,0.01047,0.00538,0.0,0.01111,0.00338,0.0,0.00286,0.0,0.0307
AripiprazoleLightDark_Individual:10,0.01417,0.0108,0.03687,0.04378,0.01657,0.01835,0.02545,0.02899,0.0025,0.0,0.0,0.0,0.0
AripiprazoleLightDark_Individual:17,0.01042,0.01452,0.01848,0.03459,0.0,0.01587,0.01676,0.01136,0.0,0.00733,0.00708,0.00687,0.00391
AripiprazoleLightDark_Individual:16,0.0194,0.01821,0.01679,0.01027,0.00422,0.0119,0.02614,0.02353,0.00797,0.01714,0.00759,0.004,0.00578
AripiprazoleLightDark_Individual:15,0.00145,0.00346,0.01224,0.01038,0.03205,0.01105,0.00592,0.00575,0.02439,0.01724,0.00364,0.01222,0.02139
AripiprazoleLightDark_Individual:14,0.01986,0.00155,0.00943,0.01775,0.08,0.03125,0.00576,0.01176,0.02703,0.05556,0.01643,0.00794,0.1875
CariprazineLightDark_Individual:8;,0.01439,0.0,0.0184,0.0,0.0,0.03226,0.00985,0.0,0.0,0.03279,0.0339,0.01961,0.02899
CariprazineLightDark_Individual:48,0.0073,0.01186,0.05119,0.02222,0.05263,0.04762,0.06878,0.0,0.02128,0.07317,0.03333,0.02381,0.05263
CariprazineLightDark_Individual:4;,0.02682,0.03158,0.0099,0.0318,0.03774,0.03509,0.01464,0.0339,0.02128,0.01639,0.01894,0.0,0.02041
CariprazineLightDark_Individual:40,0.02592,0.00798,0.01146,0.04494,0.00917,0.02,0.00847,0.00847,0.01471,0.01422,0.02593,0.01596,0.0155
CariprazineLightDark_Individual:41,0.0,0.0,0.01027,0.0,0.04348,0.04348,0.01563,0.0,0.0,0.0,0.00946,0.02941,0.01449
CariprazineLightDark_Individual:42,0.0,0.0066,0.01357,0.01212,0.0,0.0,0.03734,0.0,0.0,0.03125,0.00741,0.02273,0.08
CariprazineLightDark_Individual:43,0.0026,0.00266,0.0078,0.02734,0.0,0.04,0.02784,0.0228,0.0,0.05769,0.0285,0.0,0.09677
CariprazineLightDark_Individual:44,0.0199,0.0152,0.01563,0.01307,0.01538,0.01887,0.03183,0.0,0.01333,0.02857,0.02571,0.03614,0.0
CariprazineLightDark_Individual:45,0.00526,0.00676,0.01574,0.01579,0.0,0.01613,0.03723,0.04255,0.0,0.01205,0.00853,0.01802,0.05172
CariprazineLightDark_Individual:46,0.0,0.0,0.03196,0.00926,0.0,0.5,0.03015,0.0,0.0,0.11111,0.0,0.0,0.22222
CariprazineLightDark_Individual:47,0.0,0.01299,0.00549,0.01825,0.01835,0.01099,0.02902,0.04587,0.01695,0.01739,0.0184,0.04412,0.01744
CariprazineLightDark_Individual:2;,0.01464,0.02431,0.03852,0.08647,0.04348,0.03279,0.05102,0.0,0.06667,0.09091,0.05205,0.03252,0.08108
CariprazineLightDark_Individual:28,0.04225,0.05513,0.01541,0.04651,0.02532,0.05581,0.03069,0.03763,0.024,0.0274,0.02817,0.08163,0.05042
CariprazineLightDark_Individual:29,0.02835,0.0,0.02516,0.04427,0.07813,0.05344,0.03962,0.0643,0.0,0.09091,0.07196,0.03249,0.07143
CariprazineLightDark_Individual:26,0.0,0.01299,0.03704,0.04902,0.0,0.0303,0.0359,0.03406,0.0,0.04938,0.0228,0.00809,0.0625
CariprazineLightDark_Individual:6;,0.0424,0.03495,0.02439,0.06907,0.04286,0.02941,0.05396,0.06596,0.06667,0.03191,0.03164,0.03499,0.06593
CariprazineLightDark_Individual:24,0.04071,0.04802,0.06488,0.07848,0.0,0.01481,0.03991,0.07797,0.06593,0.02,0.05215,0.05372,0.03846
CariprazineLightDark_Individual:25,0.02959,0.0,0.01468,0.00787,0.0122,0.0354,0.02381,0.01053,0.0,0.04762,0.0218,0.02083,0.01493
CariprazineLightDark_Individual:22,0.00358,0.0,0.00802,0.0119,0.0,0.01111,0.02096,0.0,0.0,0.01923,0.01961,0.0,0.0
CariprazineLightDark_Individual:23,0.00814,0.01327,0.03513,0.01587,0.0,0.00556,0.03084,0.03571,0.03659,0.08333,0.03341,0.01613,0.04
CariprazineLightDark_Individual:20,0.00155,0.0,0.00147,0.0,0.0,0.0098,0.00763,0.0,0.0,0.125,0.00536,0.0,0.01515
CariprazineLightDark_Individual:21,0.0,0.07692,0.02491,0.38378,0.0,0.00599,0.00722,0.0,0.26087,0.08738,0.01412,0.05263,0.08696
CariprazineLightDark_Individual:34,0.00646,0.00911,0.01135,0.01695,0.02131,0.01585,0.02625,0.01345,0.0198,0.00644,0.01105,0.01676,0.01278
CariprazineLightDark_Individual:38,0.01196,0.00186,0.0088,0.00887,0.0,0.05405,0.01152,0.01355,0.0,0.01887,0.01534,0.0,0.05882
CariprazineLightDark_Individual:35,0.00606,0.00824,0.00666,0.0,0.03042,0.01944,0.00173,0.00341,0.0237,0.00242,0.00265,0.0,0.04819
CariprazineLightDark_Individual:27,0.02128,0.0,0.00905,0.01471,0.0,0.11111,0.02653,0.08157,0.0,0.07143,0.04852,0.16814,0.08571
CariprazineLightDark_Individual:11,0.03297,0.04478,0.04157,0.01515,0.09091,0.06757,0.03533,0.0,0.0,0.04425,0.048,0.0,0.02381
CariprazineLightDark_Individual:37,0.0,0.00604,0.00299,0.0,0.0,0.0102,0.005,0.0,0.00585,0.04167,0.0026,0.0,0.01786
CariprazineLightDark_Individual:36,0.01044,0.00175,0.00209,0.0,0.0,0.0101,0.00258,0.0,0.0,0.0,0.00893,0.0,0.0
CariprazineLightDark_Individual:5;,0.01121,0.02461,0.01178,0.02662,0.01942,0.02027,0.02077,0.03303,0.02532,0.03279,0.01855,0.0175,0.02985
CariprazineLightDark_Individual:9;,0.0,0.0,0.00862,0.2,0.28571,0.22222,0.03846,0.14286,0.33333,0.06897,0.0,0.0,0.02222
CariprazineLightDark_Individual:31,0.06283,0.03448,0.03608,0.0,0.04545,0.0,0.04459,0.01639,0.07895,0.04918,0.05096,0.06,0.09091
CariprazineLightDark_Individual:30,0.05263,0.03448,0.06419,0.0,0.0,0.12821,0.10156,0.075,0.0,0.14706,0.11024,0.0,0.06667
CariprazineLightDark_Individual:1;,0.04167,0.0119,0.01362,0.05202,0.0,0.02941,0.01075,0.06618,0.0,0.07143,0.02813,0.13684,0.05556
CariprazineLightDark_Individual:19,0.01233,0.01154,0.02455,0.04225,0.02326,0.00833,0.04435,0.05724,0.0,0.05806,0.03333,0.05495,0.02817
CariprazineLightDark_Individual:18,0.01529,0.02484,0.02761,0.0208,0.03049,0.035,0.02923,0.03641,0.0,0.0315,0.01394,0.01084,0.00917
CariprazineLightDark_Individual:39,0.01064,0.00493,0.03145,0.03846,0.0,0.13043,0.033,0.03704,0.16667,0.17241,0.02346,0.02262,0.08571
CariprazineLightDark_Individual:33,0.00325,0.00386,0.0021,0.01351,0.01471,0.01667,0.00289,0.0,0.0,0.01818,0.02203,0.0,0.02439
CariprazineLightDark_Individual:3;,0.01662,0.00973,0.01444,0.02086,0.00826,0.01935,0.01773,0.01136,0.06667,0.01342,0.02287,0.02577,0.08824
CariprazineLightDark_Individual:32,0.03209,0.02952,0.02886,0.04264,0.0119,0.02174,0.01677,0.02174,0.0125,0.05738,0.00592,0.00372,0.02273
CariprazineLightDark_Individual:13,0.01114,0.00504,0.01567,0.01195,0.0,0.01852,0.02292,0.0211,0.01587,0.01527,0.02051,0.02266,0.02597
CariprazineLightDark_Individual:12,0.02488,0.00907,0.06144,0.05351,0.01176,0.06557,0.04752,0.00985,0.0,0.03846,0.04327,0.00515,0.02586
CariprazineLightDark_Individual:7;,0.01844,0.00489,0.03468,0.00966,0.04167,0.00804,0.01711,0.0,0.0199,0.02166,0.00873,0.01,0.02367
CariprazineLightDark_Individual:10,0.0221,0.01911,0.02073,0.0,0.0,0.0,0.02029,0.0,0.0,0.03571,0.0129,0.0,0.0
CariprazineLightDark_Individual:17,0.04714,0.05224,0.01958,0.02862,0.03738,0.03158,0.01748,0.03941,0.01818,0.01163,0.02332,0.05797,0.13889
CariprazineLightDark_Individual:16,0.0,0.0,0.06452,0.05882,0.0,0.04286,0.0299,0.0,0.0,0.02994,0.0166,0.0,0.06897
CariprazineLightDark_Individual:15,0.01735,0.03846,0.00645,0.02789,0.0,0.0,0.02957,0.03625,0.0,0.0283,0.01645,0.03581,0.03175
CariprazineLightDark_Individual:14,0.0,0.00211,0.01927,0.01479,0.0,0.0068,0.01163,0.0221,0.00461,0.0083,0.01273,0.01373,0.00926
ClozapineLightDark_Individual:8;,0.00759,0.00877,0.00137,0.01012,0.00623,0.00276,0.00488,0.01595,0.00815,0.00788,0.0099,0.00637,0.00503
ClozapineLightDark_Individual:48,0.0,0.0,0.0365,0.0,0.0,0.0,0.0,0.03704,0.0,0.0,0,0.0,0.0
ClozapineLightDark_Individual:4;,0.00413,0.00563,0.00547,0.0,0.0038,0.00588,0.00353,0.00602,0.00294,0.00978,0.00844,0.00217,0.01538
ClozapineLightDark_Individual:40,0.0,0.0,0.0202,0.0,0.0,0.0,0.01429,0.0,0.02174,0.01923,0.02353,0.0,0.01333
ClozapineLightDark_Individual:41,0.00473,0.00334,0.00848,0.00644,0.0,0.02008,0.01384,0.00683,0.03077,0.0375,0.01435,0.0146,0.06977
ClozapineLightDark_Individual:42,0.00586,0.01297,0.00575,0.00636,0.01852,0.02332,0.00751,0.0081,0.01284,0.01522,0.00526,0.00646,0.01829
ClozapineLightDark_Individual:43,0.0,0.02128,0.03297,0.0,0.0,0.14286,0.04938,0.0,0.0,0.0,0.0,0.0,0.0
ClozapineLightDark_Individual:44,0.00817,0.00181,0.00463,0.00427,0.00833,0.01134,0.00809,0.0,0.02232,0.01645,0.00568,0.0,0.00909
ClozapineLightDark_Individual:45,0.0037,0.0,0.00105,0.00448,0.01449,0.01878,0.00134,0.0098,0.04211,0.02116,0.0,0.00524,0.04688
ClozapineLightDark_Individual:46,0.0,0.0,0.0,0,0.0,0.0,0,0.0,0.0,0.0,0.0,0.0,0.0
ClozapineLightDark_Individual:47,0.01818,0.0137,0.08108,0.01538,0.0,0.0,0,0.25,0.05556,0.34783,0.0,0.18919,0.0
ClozapineLightDark_Individual:2;,0.00304,0.00358,0.00693,0.01438,0.00197,0.00972,0.02496,0.0224,0.00458,0.0128,0.02488,0.01518,0.00667
ClozapineLightDark_Individual:28,0.0,0.01222,0.01359,0.00758,0.0,0.00727,0.0155,0.00542,0.0073,0.02198,0.01648,0.00682,0.02778
ClozapineLightDark_Individual:29,0.01096,0.00144,0.00303,0.01025,0.00206,0.01294,0.01155,0.01242,0.00466,0.01541,0.01134,0.0,0.00529
ClozapineLightDark_Individual:26,0.00746,0.0,0.00117,0.00142,0.0,0.00415,0.00292,0.00165,0.0,0.00326,0.0,0.00324,0.01029
ClozapineLightDark_Individual:6;,0.0,0.0,0.0122,0.0,0.0,0.0084,0.0166,0.01961,0.00962,0.01869,0.00873,0.01976,0.0
ClozapineLightDark_Individual:24,0.01402,0.00309,0.00189,0.01368,0.02092,0.032,0.00833,0.00932,0.02685,0.01602,0.00752,0.00619,0.07547
ClozapineLightDark_Individual:25,0.00541,0.0,0.01006,0.00481,0.00296,0.00673,0.0013,0.0,0.0038,0.00273,0.0041,0.00727,0.0033
ClozapineLightDark_Individual:22,0.00398,0.00829,0.00473,0.0012,0.01894,0.01915,0.00745,0.01463,0.04779,0.03497,0.0121,0.01975,0.05691
ClozapineLightDark_Individual:23,0.054,0.05051,0.02277,0.01961,0.00595,0.00633,0.01987,0.01796,0.01087,0.03529,0.02857,0.02415,0.08
ClozapineLightDark_Individual:20,0.00998,0.00454,0.0051,0.01776,0.00435,0.00775,0.01099,0.0028,0.0,0.0,0.00172,0.0,0.00784
ClozapineLightDark_Individual:21,0.01508,0.0,0.00656,0.0,0.0,0.0,0.04124,0.0,0.0,0.0,0.0,0.0,0.0
ClozapineLightDark_Individual:34,0.0,0.0023,0.0,0.00268,0.00725,0.00134,0.00216,0.00134,0.0056,0.00607,0.0012,0.0,0.01128
ClozapineLightDark_Individual:38,0.02821,0.01741,0.00713,0.00927,0.00394,0.04289,0.01155,0.00535,0.01379,0.03864,0.01816,0.0207,0.06452
ClozapineLightDark_Individual:35,0.0,0.0,0.00446,0.01375,0.0,0.03871,0.00722,0.00587,0.01258,0.0125,0.00528,0.00799,0.01914
ClozapineLightDark_Individual:27,0.00926,0.00452,0.00402,0.00157,0.01117,0.0,0.00659,0.01373,0.0,0.00488,0.00342,0.00232,0.0081
ClozapineLightDark_Individual:11,0.00823,0.0,0.00578,0.0,0.0,0.03488,0.0,0.0,0.0051,0.00617,0.00562,0.00654,0.00794
ClozapineLightDark_Individual:37,0.02863,0.00654,0.00755,0.01066,0.0355,0.03614,0.00541,0.0,0.03974,0.03352,0.00683,0.00339,0.03125
ClozapineLightDark_Individual:36,0.01345,0.01176,0.01763,0.00299,0.01538,0.01235,0.00575,0.0,0.01299,0.01626,0.00564,0.004,0.02963
ClozapineLightDark_Individual:5;,0.00434,0.00181,0.00936,0.0198,0.01463,0.0,0.00829,0.00526,0.00441,0.00287,0.01044,0.01339,0.00525
ClozapineLightDark_Individual:9;,0.00485,0.00407,0.00439,0.0,0.00604,0.01973,0.0025,0.00361,0.00855,0.03063,0.01928,0.0155,0.01408
ClozapineLightDark_Individual:31,0.00943,0.0,0.0289,0.0,0.0,0.0,0.03371,0.0,0.0,0.01316,0.05941,0.01351,0.0202
ClozapineLightDark_Individual:30,0.0,0.0,0.0013,0.00202,0.00601,0.00168,0.00607,0.00386,0.0,0.00648,0.00503,0.00214,0.01202
ClozapineLightDark_Individual:1;,0.00441,0.01379,0.015,0.02653,0.02667,0.02033,0.01434,0.01033,0.01399,0.01422,0.01289,0.0,0.01608
ClozapineLightDark_Individual:19,0.0261,0.0479,0.04418,0.05368,0.10714,0.05782,0.0327,0.02446,0.07317,0.0663,0.01881,0.01846,0.02424
ClozapineLightDark_Individual:18,0.0,0.01728,0.00484,0.00952,0.0,0.01512,0.00932,0.00587,0.00478,0.02524,0.01157,0.01325,0.01307
ClozapineLightDark_Individual:39,0.00199,0.00528,0.00482,0.00987,0.0,0.00407,0.01064,0.0107,0.00565,0.00254,0.00576,0.00233,0.01667
ClozapineLightDark_Individual:33,0.0,0.0,0.01913,0.0,0.01538,0.0,0.01762,0.0,0.0,0.01563,0.03239,0.02857,0.01942
ClozapineLightDark_Individual:3;,0.00527,0.00211,0.00241,0.00189,0.00567,0.0052,0.0,0.00512,0.00209,0.00374,0.00286,0.0,0.00801
ClozapineLightDark_Individual:32,0.00186,0.00152,0.00127,0.00122,0.01026,0.00211,0.0,0.0023,0.00593,0.00516,0.0,0.00098,0.00683
ClozapineLightDark_Individual:13,0.01439,0.0,0.0,0.0,0.0,0.025,0.00575,0.02,0.01429,0.05172,0.00463,0.0,0.0
ClozapineLightDark_Individual:12,0.01351,0.0,0.00393,0.0,0.0,0.0,0.00216,0.02,0.0,0.0,0.00668,0.0,0.0
ClozapineLightDark_Individual:7;,0.02037,0.00787,0.00313,0.00456,0.00493,0.00785,0.00401,0.00569,0.00307,0.00317,0.00332,0.00122,0.0051
ClozapineLightDark_Individual:10,0.01578,0.00842,0.00267,0.00714,0.00214,0.00921,0.02029,0.02517,0.00642,0.02392,0.0288,0.04624,0.03147
ClozapineLightDark_Individual:17,0.01227,0.00478,0.00923,0.01075,0.0098,0.0,0.02685,0.04762,0.0,0.08333,0.05263,0.0,0.05882
ClozapineLightDark_Individual:16,0.00717,0.0,0.01081,0.0053,0.0073,0.01365,0.0065,0.0,0.01606,0.02609,0.01082,0.00231,0.0188
ClozapineLightDark_Individual:15,0.0274,0.0,0.0,0.0,0.01515,0.01149,0.01333,0.0,0.0,0.00699,0.02069,0.0,0.0
ClozapineLightDark_Individual:14,0.00361,0.01157,0.00465,0.00238,0.03646,0.0122,0.00521,0.00715,0.01198,0.01443,0.00339,0.01284,0.04839
CNOLightDark_Individual:8;,0.00932,0.00481,0.00243,0.00213,0.00549,0.0,0.00097,0.00127,0.00287,0.00373,0.00915,0.00489,0.02632
CNOLightDark_Individual:48,0.0,0.0,0.0,0.00392,0.0,0.00233,0.00132,0.00177,0.0,0.0,0.00449,0.00186,0.0
CNOLightDark_Individual:4;,0.0281,0.0,0.00726,0.01192,0.01613,0.01212,0.02155,0.01824,0.02174,0.02198,0.01372,0.00462,0.04386
CNOLightDark_Individual:40,0.02975,0.01203,0.0021,0.01126,0.0359,0.02431,0.0013,0.0133,0.01852,0.00656,0.00318,0.0098,0.01099
CNOLightDark_Individual:41,0.01372,0.00196,0.00117,0.00667,0.00928,0.00152,0.00456,0.00374,0.00687,0.00467,0.00212,0.00143,0.00303
CNOLightDark_Individual:42,0.06648,0.0264,0.02331,0.0566,0.01961,0.02439,0.01358,0.03287,0.01215,0.00637,0.01654,0.00851,0.0456
CNOLightDark_Individual:43,0.00437,0.0,0.00413,0.0,0.0,0.00114,0.00394,0.0,0.00613,0.00298,0.0013,0.00401,0.00298
CNOLightDark_Individual:44,0.00772,0.00829,0.00308,0.0,0.00549,0.00995,0.0,0.00402,0.0,0.00719,0.00395,0.0,0.0
CNOLightDark_Individual:45,0.00146,0.00277,0.00241,0.00131,0.0,0.0,0.0016,0.0,0.0,0.00257,0.00368,0.00157,0.0
CNOLightDark_Individual:46,0.0,0.0,0.00378,0.0,0.00132,0.00105,0.00253,0.0,0.0,0.00129,0.0,0.00154,0.0
CNOLightDark_Individual:47,0.00909,0.0,0.00793,0.00707,0.00238,0.00765,0.01182,0.00562,0.00339,0.00481,0.00498,0.00688,0.00847
CNOLightDark_Individual:2;,0.00607,0.00213,0.00126,0.00691,0.0,0.00414,0.00499,0.00274,0.00218,0.0,0.00121,0.0,0.0057
CNOLightDark_Individual:28,0.01681,0.01677,0.0077,0.00702,0.01229,0.01558,0.01006,0.01786,0.01235,0.00335,0.01053,0.00275,0.00484
CNOLightDark_Individual:29,0.00641,0.00721,0.01305,0.00459,0.0028,0.00814,0.00768,0.00292,0.0,0.0087,0.00703,0.05063,0.0
CNOLightDark_Individual:26,0.01504,0.00755,0.00926,0.0045,0.0274,0.01156,0.01322,0.01813,0.01504,0.01961,0.00364,0.01181,0.02326
CNOLightDark_Individual:6;,0.00215,0.01089,0.01083,0.01421,0.00552,0.01667,0.00749,0.01212,0.00851,0.00567,0.00317,0.00346,0.01709
CNOLightDark_Individual:24,0.0,0.0,0.0,0.00431,0.0,0.0,0.00233,0.0,0.0,0.0,0.00804,0.00389,0.0
CNOLightDark_Individual:25,0.0,0.0,0.00512,0.0,0.0,0.0,0.00548,0.00781,0.0,0.0098,0.01159,0.00382,0.0
CNOLightDark_Individual:22,0.00698,0.0,0.01326,0.00426,0.00313,0.00561,0.00574,0.00851,0.01375,0.0087,0.00716,0.00427,0.00353
CNOLightDark_Individual:23,0.01206,0.01019,0.00317,0.00115,0.00761,0.00449,0.00318,0.0,0.00317,0.00253,0.00252,0.0,0.01613
CNOLightDark_Individual:20,0.00741,0.0,0.01719,0.00344,0.0,0.0,0.01348,0.0,0.0,0.01333,0.01067,0.02632,0.02381
CNOLightDark_Individual:21,0.002,0.0,0.00225,0.00125,0.0098,0.00522,0.00277,0.00322,0.01108,0.01891,0.00735,0.00307,0.01496
CNOLightDark_Individual:34,0.02451,0.02582,0.00432,0.00569,0.01058,0.0131,0.00762,0.00427,0.00267,0.00257,0.01671,0.01129,0.01188
CNOLightDark_Individual:38,0.0348,0.03075,0.01861,0.01695,0.01493,0.01646,0.02655,0.03403,0.03922,0.03727,0.03371,0.02895,0.06548
CNOLightDark_Individual:35,0.02319,0.02348,0.00897,0.0158,0.02721,0.01308,0.01115,0.01081,0.0061,0.00984,0.00984,0.01902,0.02198
CNOLightDark_Individual:27,0.00165,0.00398,0.00146,0.00317,0.00188,0.00449,0.00385,0.0,0.00282,0.0,0.0,0.0,0.01193
CNOLightDark_Individual:11,0.00987,0.00918,0.00111,0.00315,0.00514,0.01289,0.00346,0.0069,0.00893,0.00224,0.00345,0.00397,0.00302
CNOLightDark_Individual:37,0.00705,0.00864,0.00347,0.0,0.00277,0.00183,0.00382,0.0069,0.0,0.00352,0.0,0.0,0.01266
CNOLightDark_Individual:36,0.0093,0.0,0.00352,0.0,0.0,0.0,0.00235,0.0021,0.0,0.0,0.00317,0.01435,0.0
CNOLightDark_Individual:5;,0.01774,0.01701,0.00193,0.00352,0.01031,0.00549,0.00308,0.0082,0.00687,0.00826,0.00342,0.01461,0.01679
CNOLightDark_Individual:9;,0.01991,0.00533,0.00269,0.00593,0.00776,0.00313,0.00645,0.00571,0.00629,0.00229,0.00396,0.00667,0.01484
CNOLightDark_Individual:31,0.01111,0.00746,0.00508,0.00198,0.00472,0.00332,0.00217,0.00615,0.02381,0.01111,0.00873,0.00621,0.04545
CNOLightDark_Individual:30,0.01534,0.01389,0.00608,0.00965,0.00775,0.00539,0.00323,0.00539,0.00351,0.025,0.02013,0.00946,0.00488
CNOLightDark_Individual:1;,0.00357,0.00621,0.00455,0.0,0.0,0.01818,0.00451,0.0,0.0,0.03297,0.01142,0.0033,0.00758
CNOLightDark_Individual:19,0.0,0.0,0.00403,0.0,0.0,0.0,0.00573,0.0,0.0,0.0,0.0,0.0,0.0
CNOLightDark_Individual:18,0.02187,0.00959,0.01484,0.00521,0.00998,0.00369,0.01095,0.01174,0.00815,0.00975,0.00762,0.00932,0.01425
CNOLightDark_Individual:39,0.00599,0.00298,0.00125,0.00131,0.01626,0.01036,0.00136,0.00297,0.00543,0.01109,0.00733,0.01279,0.02517
CNOLightDark_Individual:33,0.01745,0.00809,0.01297,0.00733,0.00909,0.01,0.00498,0.01196,0.0102,0.02226,0.01782,0.01535,0.00677
CNOLightDark_Individual:3;,0.0,0.0,0.0,0.0,0.01481,0.0,0.00195,0.0,0.0,0.008,0.00877,0.0,0.0
CNOLightDark_Individual:32,0.00496,0.0035,0.00171,0.00234,0.00243,0.00508,0.00376,0.00275,0.0,0.00193,0.00348,0.0,0.0057
CNOLightDark_Individual:13,0.02417,0.02151,0.01411,0.01337,0.02899,0.01952,0.01106,0.02218,0.02062,0.02024,0.00786,0.0107,0.05016
CNOLightDark_Individual:12,0.01632,0.01001,0.0009,0.00119,0.00397,0.00751,0.00096,0.00128,0.0049,0.00459,0.0,0.00161,0.00294
CNOLightDark_Individual:7;,0.00809,0.00346,0.00515,0.00855,0.0,0.01361,0.00712,0.00344,0.03571,0.00988,0.00415,0.00699,0.03546
CNOLightDark_Individual:10,0.00144,0.00222,0.00103,0.00114,0.0,0.0,0.0,0.00272,0.0,0.0,0.00619,0.0,0.0023
CNOLightDark_Individual:17,0.01338,0.00572,0.00428,0.00175,0.01955,0.00872,0.00406,0.02162,0.00597,0.01887,0.00627,0.00512,0.02834
CNOLightDark_Individual:16,0.00896,0.0,0.0,0.0,0.00256,0.00166,0.00617,0.0048,0.0,0.0,0.00183,0.0,0.0
CNOLightDark_Individual:15,0.01464,0.01099,0.00142,0.0024,0.00252,0.00249,0.00612,0.00316,0.0,0.00784,0.00377,0.00731,0.00391
CNOLightDark_Individual:14,0.00541,0.01202,0.01102,0.0099,0.0,0.00355,0.00935,0.0,0.0,0.0,0.00692,0.0,0.0
HaloperidolLightDark_Individual:8;,0.00225,0.007,0.00723,0.0,0.0031,0.00284,0.00124,0.00305,0.00264,0.00211,0.0,0.00234,0.0
HaloperidolLightDark_Individual:48,0.013,0.01977,0.00601,0.01979,0.02025,0.01557,0.00969,0.01977,0.0185,0.01302,0.00932,0.01534,0.02873
HaloperidolLightDark_Individual:4;,0.00146,0.00341,0.0,0.0,0.0104,0.00578,0.0,0.00161,0.0,0.00237,0.0045,0.0,0.00573
HaloperidolLightDark_Individual:40,0.0,0.0,0.01299,0.0,0.0,0.0086,0.0203,0.0,0.00524,0.00929,0.0123,0.0035,0.00483
HaloperidolLightDark_Individual:41,0.03677,0.02673,0.02909,0.0309,0.00958,0.0264,0.03621,0.01863,0.01447,0.02362,0.01613,0.02585,0.00569
HaloperidolLightDark_Individual:42,0.02653,0.0163,0.00505,0.03056,0.02804,0.02686,0.0059,0.02774,0.02048,0.02535,0.01062,0.01724,0.02504
HaloperidolLightDark_Individual:43,0.0,0.0,0.0,0.0,0.0,0.0,0.0,0.02759,0.0,0.0,0.00326,0.0,0.0099
HaloperidolLightDark_Individual:44,0.00504,0.00455,0.00622,0.0,0.0,0.00325,0.01215,0.00984,0.0,0.00339,0.01987,0.00488,0.00995
HaloperidolLightDark_Individual:45,0.02146,0.01587,0.00651,0.00952,0.00806,0.02469,0.01449,0.01205,0.00667,0.01227,0.02135,0.0146,0.00896
HaloperidolLightDark_Individual:46,0.00236,0.00439,0.00245,0.00114,0.00571,0.00144,0.00213,0.00592,0.01033,0.01673,0.01107,0.00321,0.0
HaloperidolLightDark_Individual:47,0.00537,0.00382,0.0012,0.01292,0.00225,0.0,0.00695,0.0,0.00588,0.00574,0.00603,0.0,0.00327
HaloperidolLightDark_Individual:2;,0.00786,0.00218,0.00302,0.00115,0.01301,0.00645,0.00279,0.01168,0.00482,0.00406,0.00232,0.00454,0.00295
HaloperidolLightDark_Individual:28,0.00564,0.00471,0.00417,0.00415,0.01504,0.01308,0.00328,0.00138,0.0118,0.00236,0.00211,0.00796,0.01441
HaloperidolLightDark_Individual:29,0.00495,0.0,0.00482,0.0,0.0,0.0,0.00243,0.0,0.0,0.00288,0.0,0.00437,0.0
HaloperidolLightDark_Individual:26,0.00432,0.0,0.00816,0.0,0.0,0.01025,0.00686,0.00429,0.01293,0.00222,0.01225,0.0,0.0
HaloperidolLightDark_Individual:6;,0.01926,0.00849,0.01349,0.02022,0.0155,0.00527,0.01653,0.01768,0.0084,0.0032,0.02358,0.01198,0.00628
HaloperidolLightDark_Individual:24,0.00518,0.0,0.00278,0.0057,0.01634,0.02208,0.00578,0.01023,0.02392,0.02098,0.01826,0.00667,0.0
HaloperidolLightDark_Individual:25,0.00482,0.0,0.0,0.00571,0.00694,0.01071,0.00942,0.0,0.0,0.0,0.00633,0.00446,0.0
HaloperidolLightDark_Individual:22,0.00774,0.00203,0.01208,0.01468,0.0157,0.00766,0.0101,0.00879,0.01299,0.00973,0.00977,0.01179,0.01114
HaloperidolLightDark_Individual:23,0.021,0.00955,0.02206,0.02118,0.01747,0.03416,0.03653,0.03931,0.00389,0.02332,0.04398,0.0403,0.04844
HaloperidolLightDark_Individual:20,0.00273,0.0,0.01411,0.01422,0.00562,0.0085,0.01455,0.02137,0.00709,0.00912,0.02273,0.02415,0.00952
HaloperidolLightDark_Individual:21,0.01383,0.02364,0.00776,0.00187,0.0,0.0,0.02109,0.0,0.03529,0.0,0.02479,0.0,0.0122
HaloperidolLightDark_Individual:34,0.00148,0.00193,0.00448,0.0,0.0034,0.0,0.0,0.0,0.0,0.0,0.0,0.00233,0.0
HaloperidolLightDark_Individual:38,0.01818,0.01146,0.00576,0.00936,0.02259,0.01499,0.01023,0.00702,0.01452,0.01194,0.00686,0.00749,0.00704
HaloperidolLightDark_Individual:35,0.01611,0.00732,0.00922,0.01254,0.0,0.0,0.00737,0.00412,0.00885,0.0,0.00613,0.0,0.0
HaloperidolLightDark_Individual:27,0.00917,0.00874,0.00866,0.00939,0.01193,0.01475,0.01956,0.03333,0.02489,0.02326,0.0217,0.02469,0.00391
HaloperidolLightDark_Individual:11,0.00441,0.0,0.00217,0.00126,0.0,0.00172,0.0048,0.0,0.00188,0.00464,0.0017,0.0,0.00696
HaloperidolLightDark_Individual:37,0.01173,0.0142,0.00278,0.00928,0.03444,0.01727,0.00396,0.0119,0.02381,0.0179,0.01043,0.01333,0.02847
HaloperidolLightDark_Individual:36,0.00399,0.0,0.0,0.0,0.0,0.00787,0.0,0.00769,0.0,0.0,0.0098,0.00833,0.01702
HaloperidolLightDark_Individual:5;,0.01457,0.0061,0.01232,0.0,0.0,0.00488,0.00762,0.00968,0.0,0.00306,0.00425,0.00294,0.0
HaloperidolLightDark_Individual:9;,0.02041,0.01307,0.00849,0.00786,0.00599,0.00647,0.00446,0.00217,0.00279,0.00306,0.00183,0.0,0.00785
HaloperidolLightDark_Individual:31,0.00159,0.0,0.00305,0.0,0.0,0.0,0.01337,0.0106,0.00364,0.01786,0.00699,0.0,0.0
HaloperidolLightDark_Individual:30,0.01521,0.0,0.01282,0.0,0.00483,0.0,0.01119,0.00592,0.0,0.0,0.00794,0.0,0.00917
HaloperidolLightDark_Individual:1;,0.00371,0.0083,0.00424,0.00639,0.01739,0.01012,0.0035,0.01082,0.00871,0.00806,0.00362,0.00607,0.02026
HaloperidolLightDark_Individual:19,0.00709,0.0,0.0,0.0,0.01053,0.00516,0.00974,0.00617,0.00949,0.00585,0.01,0.0,0.00711
HaloperidolLightDark_Individual:18,0.00382,0.00549,0.01111,0.00606,0.0,0.01176,0.00843,0.00794,0.0,0.00806,0.00576,0.008,0.00935
HaloperidolLightDark_Individual:39,0.00972,0.00104,0.00216,0.00137,0.00279,0.00452,0.00912,0.00369,0.00407,0.00363,0.00362,0.0,0.0
HaloperidolLightDark_Individual:33,0.03875,0.01949,0.01522,0.01263,0.01425,0.01587,0.00296,0.0056,0.0,0.00199,0.0058,0.00338,0.01096
HaloperidolLightDark_Individual:3;,0.00958,0.00667,0.00343,0.0,0.00563,0.00909,0.01779,0.0035,0.03704,0.03922,0.0149,0.02174,0.00613
HaloperidolLightDark_Individual:32,0.00158,0.0,0.0065,0.0,0.0,0.0,0.0,0.0,0.00303,0.0,0.0,0.0,0.0
HaloperidolLightDark_Individual:13,0.00873,0.00448,0.01113,0.01136,0.0,0.00452,0.01633,0.01518,0.0,0.0,0.00998,0.0142,0.00332
HaloperidolLightDark_Individual:12,0.0023,0.0,0.0,0.00153,0.0106,0.00562,0.02679,0.01325,0.01212,0.0101,0.01075,0.00896,0.00625
HaloperidolLightDark_Individual:7;,0.0,0.0,0.01111,0.01786,0.00676,0.02051,0.0,0.00342,0.0,0.00977,0.02242,0.0,0.01364
HaloperidolLightDark_Individual:10,0.01138,0.0031,0.0,0.00199,0.00621,0.01108,0.0,0.00507,0.01099,0.00421,0.00664,0.00578,0.00163
HaloperidolLightDark_Individual:17,0.01651,0.02722,0.01565,0.02046,0.02329,0.03425,0.00816,0.02697,0.01277,0.00916,0.05319,0.01633,0.00577
HaloperidolLightDark_Individual:16,0.01903,0.01567,0.01297,0.01329,0.01295,0.01386,0.02686,0.01404,0.01872,0.01739,0.0156,0.00606,0.01036
HaloperidolLightDark_Individual:15,0.01912,0.01327,0.00372,0.0077,0.02664,0.01318,0.00665,0.01928,0.01908,0.03301,0.02097,0.00411,0.01505
HaloperidolLightDark_Individual:14,0.00731,0.00966,0.00335,0.00479,0.00917,0.00803,0.00087,0.00542,0.00712,0.00709,0.00453,0.00716,0.0068
NDMCHighLightDark_Individual:8;,0.02128,0,0.09091,0.06195,0.0,0.01923,0.02778,0.02,0.0,0.0,0.0,0.0,0.0
NDMCHighLightDark_Individual:48,0.01401,0.01732,0.02421,0.0172,0.03061,0.03249,0.02372,0.02154,0.02994,0.06098,0.04235,0.02434,0.04274
NDMCHighLightDark_Individual:4;,0.01602,0.00117,0.01852,0.00455,0.00797,0.0178,0.04545,0.03472,0.03759,0.02652,0.03571,0.0,0.03306
NDMCHighLightDark_Individual:40,0.00173,0.0,0.00817,0.0,0.0,0.00926,0.0,0.00955,0.00699,0.00394,0.00717,0.00298,0.00287
NDMCHighLightDark_Individual:41,0.01367,0.00718,0.01394,0.00938,0.00802,0.00754,0.00723,0.01778,0.00316,0.0,0.00739,0.01258,0.00152
NDMCHighLightDark_Individual:42,0.01434,0.00814,0.01423,0.01455,0.0193,0.00365,0.00905,0.01724,0.00765,0.00916,0.00858,0.00649,0.01656
NDMCHighLightDark_Individual:43,0.01503,0.00865,0.01622,0.01427,0.02335,0.01639,0.0211,0.01682,0.02128,0.02044,0.02242,0.01736,0.02612
NDMCHighLightDark_Individual:44,0.00971,0.01884,0.00775,0.00367,0.01471,0.01024,0.00904,0.00987,0.0,0.0,0.04494,0.01026,0.15385
NDMCHighLightDark_Individual:45,0.01649,0.00659,0.02837,0.02145,0.02239,0.01734,0.05437,0.02475,0.01639,0.01604,0.02894,0.02658,0.02421
NDMCHighLightDark_Individual:46,0.01125,0.00262,0.00972,0.00286,0.01108,0.0045,0.0045,0.00289,0.01538,0.00434,0.00491,0.00157,0.06122
NDMCHighLightDark_Individual:47,0.00472,0.00322,0.00932,0.00365,0.00369,0.00341,0.00418,0.00089,0.01521,0.01304,0.0024,0.0,0.0355
NDMCHighLightDark_Individual:2;,0.0,0.00172,0.0,0.00522,0.0,0.0303,0.02513,0.00858,0.01639,0.01124,0.02346,0.0,0.04124
NDMCHighLightDark_Individual:28,0.00493,0.00468,0.01193,0.00926,0.0,0.0,0.00459,0.01149,0.0,0.03226,0.02601,0.00676,0.05405
NDMCHighLightDark_Individual:29,0.00971,0.01455,0.0,0.06757,0.03636,0.06283,0.05143,0.06186,0.05155,0.06742,0.02326,0.02469,0.03922
NDMCHighLightDark_Individual:26,0.01149,0.01429,0.01124,0.01471,0.03571,0.02688,0.01813,0.01368,0.0,0.03478,0.02187,0.02569,0.0239
NDMCHighLightDark_Individual:6;,0.00904,0.01374,0.03292,0.03612,0.0,0.04545,0.047,0.03524,0.02041,0.03727,0.05514,0.11927,0.03571
NDMCHighLightDark_Individual:24,0.01572,0.01594,0.01351,0.0184,0.04878,0.0273,0.02148,0.01515,0.02564,0.01938,0.03491,0.01136,0.02344
NDMCHighLightDark_Individual:25,0.00405,0.00684,0.01523,0.01915,0.01617,0.01937,0.02281,0.05263,0.0,0.0,0.03264,0.0,0.0
NDMCHighLightDark_Individual:22,0.005,0.00439,0.00131,0.00622,0.01839,0.00551,0.01211,0.00842,0.0,0.02609,0.01781,0.01566,0.02667
NDMCHighLightDark_Individual:23,0.0112,0.01027,0.00534,0.0,0.00444,0.00345,0.02,0.00303,0.01149,0.00719,0.00823,0.00234,0.00971
NDMCHighLightDark_Individual:20,0.00877,0.00404,0.00343,0.00384,0.00729,0.00782,0.00691,0.00679,0.00719,0.01282,0.00842,0.01779,0.06154
NDMCHighLightDark_Individual:21,0.00301,0.00606,0.00795,0.03774,0.0,0.01399,0.02166,0.0411,0.00813,0.03922,0.02593,0.02817,0.032
NDMCHighLightDark_Individual:34,0.02551,0.01677,0.00749,0.0,0.0,0.015,0.01984,0.0,0.03846,0.08571,0.0,0.0,0.01587
NDMCHighLightDark_Individual:38,0.00252,0.00192,0.00452,0.00292,0.00563,0.00305,0.01226,0.0022,0.00651,0.00467,0.00225,0.00253,0.01056
NDMCHighLightDark_Individual:35,0.01603,0.01843,0.01029,0.0,0.00592,0.04348,0.00538,0.0137,0.0,0.0,0.0,0.01709,0.0
NDMCHighLightDark_Individual:27,0.0248,0.01114,0.02823,0.0407,0.05076,0.02222,0.02867,0.05581,0.03448,0.06471,0.04485,0.09607,0.05584
NDMCHighLightDark_Individual:11,0.00478,0.00316,0.00265,0.0,0.06667,0.386,0.02381,0.00733,0.025,0.06383,0.01042,0.02083,0.0
NDMCHighLightDark_Individual:37,0.00477,0.00131,0.00593,0.01187,0.0355,0.00569,0.0,0.00847,0.01765,0.00358,0.008,0.00442,0.01319
NDMCHighLightDark_Individual:36,0.00312,0.0,0.02273,0.01754,0.01316,0.01163,0.08036,0.03896,0.05085,0.00901,0.06494,0.02778,0.0137
NDMCHighLightDark_Individual:5;,0.00576,0.00386,0.05141,0.02714,0.00639,0.01059,0.0534,0.02535,0.01333,0.03347,0.05177,0.05238,0.06557
NDMCHighLightDark_Individual:9;,0.01898,0.02222,0.05275,0.19492,0.19355,0.1,0.06494,0.09333,0.03125,0.02469,0.02597,0.04054,0.0
NDMCHighLightDark_Individual:31,0.01375,0.01442,0.0,0.01852,0.0,0.0,0.0,0.0,0.02778,0.02381,0.0,0.0102,0.0
NDMCHighLightDark_Individual:30,0.01453,0.00537,0.02154,0.02807,0.08571,0.0,0.01456,0.0,0.02542,0.02525,0.02353,0.0,0.04688
NDMCHighLightDark_Individual:1;,0.00777,0.00185,0.02466,0.01794,0.05952,0.05208,0.04494,0.02318,0.02564,0.02778,0.01548,0.03012,0.04717
NDMCHighLightDark_Individual:19,0.00113,0.0,0.00104,0.00248,0.00375,0.00322,0.00266,0.0,0.01923,0.04348,0.00539,0.00265,0.0202
NDMCHighLightDark_Individual:18,0.00927,0.00518,0.00506,0.00349,0.00494,0.00581,0.01689,0.00358,0.00746,0.00276,0.01024,0.00828,0.0
NDMCHighLightDark_Individual:39,0.00514,0.0017,0.02008,0.0,0.00955,0.00727,0.01772,0.00549,0.00694,0.0027,0.00515,0.00405,0.00725
NDMCHighLightDark_Individual:33,0.00702,0.00602,0.02326,0.0,0.0625,0.01681,0.0,0.01852,0.0,0.0,0.0,0.0,0.0
NDMCHighLightDark_Individual:3;,0.00911,0.01106,0.00704,0.00521,0.00476,0.0,0.00755,0.00166,0.00508,0.00901,0.01256,0.0,0.01747
NDMCHighLightDark_Individual:32,0.02206,0.01335,0.00719,0.0198,0.0129,0.04878,0.0093,0.02222,0.01124,0.0,0.008,0.0,0.00985
NDMCHighLightDark_Individual:13,0.00107,0.00089,0.00838,0.00741,0.01422,0.00297,0.00654,0.00569,0.00306,0.00221,0.00244,0.00562,0.00274
NDMCHighLightDark_Individual:12,0.01895,0.00648,0.01977,0.0,0.0,0.02857,0.01974,0.01136,0.02222,0.02,0.02649,0.04545,0.02222
NDMCHighLightDark_Individual:7;,0.02721,0.0,0.01266,0.0,0.06818,0.03333,0.02143,0.03125,0.01786,0.01515,0.01942,0.0,0.02381
NDMCHighLightDark_Individual:10,0.02059,0.01613,0.01887,0.04688,0.02,0.06731,0.0119,0.04167,0.0,0.00503,0.0137,0.01235,0.02128
NDMCHighLightDark_Individual:17,0.00795,0.00735,0.00949,0.00793,0.01887,0.00117,0.01691,0.00441,0.02098,0.01347,0.01246,0.02124,0.00687
NDMCHighLightDark_Individual:16,0.00858,0.00626,0.00224,0.00139,0.00207,0.00264,0.00885,0.0,0.01316,0.00958,0.00715,0.00141,0.0094
NDMCHighLightDark_Individual:15,0.00354,0.00364,0.00192,0.01027,0.0,0.0,0.01174,0.0,0.00649,0.0,0.00994,0.01463,0.06061
NDMCHighLightDark_Individual:14,0.00768,0.00737,0.00177,0.0114,0.00654,0.0,0.00775,0.00692,0.00685,0.0,0.01176,0.01014,0.01563
NDMCLightDark_Individual:8;,0.02603,0.02052,0.01961,0.02009,0.01542,0.01631,0.02292,0.01926,0.03315,0.03349,0.01997,0.01464,0.0113
NDMCLightDark_Individual:48,0.08411,0.03077,0.02187,0.01813,0.04255,0.0,0.02367,0.01065,0.02703,0.01882,0.01294,0.00922,0.0274
NDMCLightDark_Individual:4;,0.01103,0.01449,0.01657,0.01656,0.0,0.03891,0.01748,0.03209,0.0,0.02151,0.04009,0.02299,0.08621
NDMCLightDark_Individual:40,0.01647,0.01001,0.00222,0.00332,0.00595,0.00567,0.0009,0.0033,0.00719,0.00513,0.00486,0.00226,0.02016
NDMCLightDark_Individual:41,0.00317,0.00137,0.0,0.00763,0.00687,0.00482,0.01069,0.0031,0.00324,0.00857,0.00459,0.00169,0.00233
NDMCLightDark_Individual:42,0.00524,0.00792,0.00399,0.00212,0.00996,0.00686,0.01049,0.00982,0.02899,0.01546,0.00905,0.00602,0.01649
NDMCLightDark_Individual:43,0.033,0.01991,0.01902,0.01329,0.00879,0.01262,0.01209,0.02262,0.02899,0.0092,0.0181,0.00971,0.05036
NDMCLightDark_Individual:44,0.0197,0.01523,0.00253,0.00367,0.01997,0.01543,0.00904,0.00505,0.01695,0.01701,0.00522,0.00649,0.01538
NDMCLightDark_Individual:45,0.00262,0.00504,0.00284,0.0,0.00628,0.00615,0.00784,0.00507,0.00922,0.0,0.0052,0.00362,0.01969
NDMCLightDark_Individual:46,0.01126,0.01667,0.00118,0.00659,0.0298,0.01858,0.00889,0.00471,0.01061,0.01635,0.02319,0.01241,0.01948
NDMCLightDark_Individual:47,0.01894,0.00767,0.01073,0.00672,0.01134,0.01178,0.00683,0.01956,0.01422,0.03198,0.01082,0.0144,0.05128
NDMCLightDark_Individual:2;,0.00215,0.00334,0.00287,0.00146,0.00231,0.01518,0.00167,0.00524,0.00743,0.00931,0.0,0.0,0.0083
NDMCLightDark_Individual:28,0.01857,0.01236,0.01181,0.01467,0.01299,0.00743,0.01403,0.00663,0.01057,0.00405,0.0112,0.00871,0.01323
NDMCLightDark_Individual:29,0.00386,0.0,0.00694,0.00982,0.00312,0.01053,0.0124,0.01552,0.00621,0.0101,0.01072,0.00984,0.01028
NDMCLightDark_Individual:26,0.03636,0.01609,0.01128,0.01722,0.01538,0.02015,0.02142,0.02329,0.02034,0.00908,0.02572,0.01815,0.04412
NDMCLightDark_Individual:6;,0.01667,0.00486,0.0036,0.00593,0.01818,0.0102,0.00158,0.00168,0.0,0.00369,0.00615,0.0,0.0155
NDMCLightDark_Individual:24,0.03498,0.02228,0.00429,0.01068,0.03448,0.02011,0.00676,0.01211,0.01109,0.02655,0.01059,0.00592,0.02439
NDMCLightDark_Individual:25,0.01102,0.01027,0.00713,0.01983,0.02467,0.01293,0.01923,0.03012,0.00778,0.00984,0.01577,0.0081,0.01099
NDMCLightDark_Individual:22,0.00791,0.00681,0.0123,0.015,0.02044,0.0121,0.01453,0.01913,0.02222,0.02291,0.01082,0.0,0.08333
NDMCLightDark_Individual:23,0.0,0.0,0.00167,0.0,0.00147,0.001,0.00372,0.00196,0.0,0.00291,0.00389,0.00455,0.01055
NDMCLightDark_Individual:20,0.02105,0.01395,0.01333,0.0142,0.02283,0.0049,0.03328,0.01923,0.00429,0.01882,0.036,0.02303,0.02222
NDMCLightDark_Individual:21,0.01961,0.02305,0.02241,0.05859,0.00873,0.01908,0.0557,0.08408,0.0,0.01481,0.04814,0.06739,0.5
NDMCLightDark_Individual:34,0.00618,0.01521,0.00439,0.00128,0.01731,0.0098,0.01085,0.0027,0.0167,0.01859,0.01084,0.01343,0.0223
NDMCLightDark_Individual:38,0.0,0.00204,0.00094,0.00127,0.00154,0.00313,0.00583,0.0063,0.0,0.00551,0.00986,0.00903,0.00811
NDMCLightDark_Individual:35,0.00856,0.00693,0.00292,0.0097,0.01893,0.0315,0.01567,0.00945,0.0165,0.008,0.01672,0.0041,0.00676
NDMCLightDark_Individual:27,0.0068,0.00149,0.00883,0.00799,0.00589,0.00549,0.00338,0.01195,0.00935,0.00806,0.00668,0.00197,0.00548
NDMCLightDark_Individual:11,0.00472,0.00089,0.00476,0.00199,0.01136,0.00271,0.0018,0.0,0.0,0.01164,0.00512,0.00151,0.00958
NDMCLightDark_Individual:37,0.02595,0.01536,0.00126,0.00289,0.02963,0.00836,0.00255,0.02622,0.01429,0.01891,0.01948,0.0051,0.03704
NDMCLightDark_Individual:36,0.04134,0.02211,0.02619,0.03099,0.03571,0.05882,0.02683,0.03727,0.0,0.07317,0.04792,0.07104,0.01724
NDMCLightDark_Individual:5;,0.01168,0.01132,0.01032,0.00894,0.02121,0.01319,0.01435,0.0092,0.0,0.01027,0.00151,0.00775,0.02667
NDMCLightDark_Individual:9;,0.0161,0.00658,0.00585,0.00733,0.00264,0.00832,0.00504,0.00749,0.00467,0.00474,0.01427,0.0134,0.01695
NDMCLightDark_Individual:31,0.02174,0.01201,0.01416,0.00523,0.0,0.0092,0.01435,0.01379,0.00465,0.00906,0.0098,0.0,0.00806
NDMCLightDark_Individual:30,0.04527,0.03067,0.00941,0.02823,0.03193,0.01727,0.02053,0.03026,0.0159,0.01205,0.01451,0.01903,0.01623
NDMCLightDark_Individual:1;,0.06383,0.10811,0.04651,0.04,0.04762,0.28571,0.02564,0.03448,0.0,0.03226,0.02703,0.04651,0.0566
NDMCLightDark_Individual:19,0.00308,0.00928,0.0,0.00871,0.03295,0.03548,0.00711,0.01288,0.04153,0.03125,0.01381,0.01554,0.02974
NDMCLightDark_Individual:18,0.01069,0.00799,0.00376,0.00926,0.00356,0.00459,0.00803,0.00624,0.0061,0.00844,0.00798,0.00721,0.00452
NDMCLightDark_Individual:39,0.02398,0.00163,0.00386,0.00571,0.01084,0.01029,0.01973,0.01307,0.0099,0.02479,0.01839,0.02435,0.03333
NDMCLightDark_Individual:33,0.00699,0.00791,0.00249,0.00256,0.00571,0.00651,0.00596,0.0,0.00922,0.00643,0.01161,0.00254,0.00654
NDMCLightDark_Individual:3;,0.04736,0.02878,0.00854,0.02875,0.03393,0.02483,0.00473,0.01197,0.02338,0.00926,0.01082,0.00892,0.02174
NDMCLightDark_Individual:32,0.01639,0.0105,0.00475,0.00598,0.0989,0.06452,0.01314,0.01389,0.0,0.07576,0.00359,0.01111,0.06364
NDMCLightDark_Individual:13,0.02809,0.02644,0.00419,0.01746,0.01208,0.01346,0.01131,0.01757,0.02729,0.00945,0.01206,0.01818,0.01786
NDMCLightDark_Individual:12,0.01662,0.00726,0.00648,0.00451,0.00643,0.00758,0.00826,0.01957,0.0123,0.01548,0.01791,0.01403,0.01807
NDMCLightDark_Individual:7;,0.00733,0.00816,0.00434,0.00595,0.01634,0.00802,0.00799,0.01091,0.01465,0.00678,0.00762,0.01046,0.01408
NDMCLightDark_Individual:10,0.00444,0.01276,0.01256,0.01699,0.0,0.00837,0.0343,0.02312,0.0,0.00966,0.02235,0.00306,0.0396
NDMCLightDark_Individual:17,0.00591,0.00134,0.00206,0.0,0.0,0.00688,0.00325,0.0046,0.00426,0.00833,0.00268,0.00168,0.00909
NDMCLightDark_Individual:16,0.00963,0.0068,0.01818,0.00973,0.01555,0.00736,0.01684,0.01066,0.00868,0.01544,0.01055,0.00872,0.01843
NDMCLightDark_Individual:15,0.00137,0.00202,0.00093,0.00104,0.00132,0.00313,0.00427,0.00242,0.00546,0.00349,0.00449,0.00237,0.01043
NDMCLightDark_Individual:14,0.02766,0.01205,0.00885,0.00877,0.01216,0.01489,0.00121,0.00871,0.01571,0.01925,0.00971,0.0125,0.01471
OSU6162LightDark_Individual:8;,0.0057,0.00338,0.0106,0.01906,0.00962,0.0,0.00786,0.01227,0.0,0.00962,0.01415,0.01069,0.00333
OSU6162LightDark_Individual:48,0.00661,0.01216,0.01887,0.03431,0.00444,0.01422,0.04282,0.01915,0.00562,0.00359,0.0284,0.01782,0.00463
OSU6162LightDark_Individual:4;,0.00536,0.0,0.00913,0.01186,0.0,0.00316,0.00745,0.01176,0.0,0.00787,0.00488,0.00211,0.03659
OSU6162LightDark_Individual:40,0.00139,0.01243,0.00818,0.00299,0.00471,0.00509,0.02312,0.0074,0.00124,0.00251,0.01437,0.00445,0.01793
OSU6162LightDark_Individual:41,0.01264,0.00705,0.01505,0.00658,0.04348,0.06494,0.01713,0.00433,0.0,0.0,0.01496,0.01429,0.01852
OSU6162LightDark_Individual:42,0.00531,0.01044,0.01667,0.02548,0.01579,0.01047,0.02774,0.01331,0.00803,0.00721,0.02247,0.01205,0.05333
OSU6162LightDark_Individual:43,0.00446,0.00604,0.01163,0.0459,0.0,0.03704,0.03125,0.01675,0.0,0.04255,0.0234,0.01872,0.02817
OSU6162LightDark_Individual:44,0.00294,0.0,0.00259,0.00497,0.0,0.00412,0.00342,0.00211,0.0099,0.00645,0.00499,0.00391,0.00778
OSU6162LightDark_Individual:45,0.01991,0.00404,0.014,0.01856,0.04615,0.01546,0.02887,0.0303,0.00752,0.03194,0.01953,0.03455,0.01493
OSU6162LightDark_Individual:46,0.00687,0.0,0.00424,0.0,0.0,0.01587,0.01037,0.01374,0.0,0.01081,0.01792,0.00441,0.00268
OSU6162LightDark_Individual:47,0.00368,0.00562,0.0023,0.00746,0.04348,0.25,0.00565,0.01,0.0,0.08108,0.00839,0.00868,0.02857
OSU6162LightDark_Individual:2;,0.01145,0.0117,0.0149,0.02294,0.0,0.00637,0.04,0.02388,0.0,0.01667,0.0395,0.02229,0.0
OSU6162LightDark_Individual:28,0.00366,0.0,0.01362,0.00552,0.0,0.02632,0.01235,0.00694,0.00962,0.0,0.01237,0.01626,0.00877
OSU6162LightDark_Individual:29,0.00445,0.00112,0.01422,0.00368,0.0087,0.01695,0.01205,0.00619,0.01149,0.01325,0.00707,0.0051,0.01493
OSU6162LightDark_Individual:26,0.00187,0.00669,0.00179,0.01528,0.01852,0.0,0.01518,0.01215,0.03571,0.03846,0.00431,0.01418,0.01724
OSU6162LightDark_Individual:6;,0.00265,0.00159,0.01594,0.0,0.0,0.00552,0.00407,0.0,0.0,0.00391,0.00254,0.0,0.01124
OSU6162LightDark_Individual:24,0.00341,0.0,0.00674,0.0,0.0,0.0,0.0056,0.00365,0.07407,0.22222,0.00916,0.0,0.0
OSU6162LightDark_Individual:25,0.00886,0.00513,0.01937,0.01762,0.00909,0.01105,0.01313,0.01246,0.00817,0.0035,0.00868,0.00422,0.00326
OSU6162LightDark_Individual:22,0.01291,0.01687,0.03767,0.04982,0.02215,0.01301,0.05274,0.05038,0.01681,0.00481,0.03172,0.02687,0.02488
OSU6162LightDark_Individual:23,0.00499,0.0,0.00874,0.00405,0.01145,0.00271,0.01205,0.00845,0.0,0.00733,0.01227,0.0,0.01075
OSU6162LightDark_Individual:20,0.00129,0.00167,0.00723,0.0,0.0,0.01124,0.0113,0.00253,0.00606,0.00529,0.01205,0.00436,0.01053
OSU6162LightDark_Individual:21,0.00436,0.00243,0.00808,0.0,0.02347,0.00935,0.00404,0.0099,0.01212,0.00222,0.00803,0.0,0.00645
OSU6162LightDark_Individual:34,0.01174,0.00457,0.0127,0.02162,0.02242,0.00549,0.01301,0.01017,0.00508,0.01153,0.0126,0.01493,0.01422
OSU6162LightDark_Individual:38,0.0054,0.00181,0.01897,0.0202,0.0,0.00264,0.03241,0.02299,0.0,0.01667,0.02786,0.01657,0.01045
OSU6162LightDark_Individual:35,0.0,0.00654,0.00591,0.02797,0.01075,0.00962,0.02128,0.02488,0.0,0.02667,0.02439,0.02094,0.01869
OSU6162LightDark_Individual:27,0.00986,0.00855,0.01809,0.02519,0.0,0.03846,0.04587,0.01777,0.0,0.06667,0.02725,0.01838,0.03846
OSU6162LightDark_Individual:11,0.0033,0.00404,0.00256,0.01169,0.0,0.00792,0.0125,0.01881,0.0,0.00872,0.01871,0.01205,0.0
OSU6162LightDark_Individual:37,0.01176,0.00449,0.006,0.0102,0.02041,0.00982,0.00172,0.0,0.01064,0.0,0.00638,0.0,0.0
OSU6162LightDark_Individual:36,0.01104,0.00322,0.00325,0.01361,0.04724,0.0086,0.01322,0.01493,0.0,0.00171,0.0038,0.00266,0.00303
OSU6162LightDark_Individual:5;,0.00174,0.00705,0.00621,0.0042,0.0,0.00488,0.00303,0.01119,0.0,0.00623,0.00303,0.00209,0.0093
OSU6162LightDark_Individual:9;,0.01507,0.00786,0.00461,0.01418,0.02273,0.0053,0.0032,0.0121,0.00826,0.00239,0.0,0.0,0.01099
OSU6162LightDark_Individual:31,0.00825,0.01267,0.00611,0.03183,0.02128,0.01114,0.02727,0.06312,0.01258,0.01679,0.03247,0.04173,0.01462
OSU6162LightDark_Individual:30,0.01754,0.0068,0.00807,0.02027,0.01527,0.0229,0.03205,0.00862,0.04762,0.02885,0.00539,0.00844,0.01807
OSU6162LightDark_Individual:1;,0.0,0.00125,0.00344,0.00619,0.0,0.00124,0.01501,0.0,0.01587,0.00571,0.0051,0.00205,0.00905
OSU6162LightDark_Individual:19,0.0,0.00735,0.02137,0.00962,0.02239,0.0241,0.03659,0.025,0.00847,0.00654,0.02639,0.02,0.00395
OSU6162LightDark_Individual:18,0.00762,0.00495,0.01004,0.01698,0.01015,0.00273,0.01923,0.01471,0.0,0.00664,0.0019,0.01176,0.00889
OSU6162LightDark_Individual:39,0.01921,0.01378,0.01285,0.03452,0.02847,0.0099,0.0265,0.02418,0.00756,0.00428,0.02911,0.02992,0.0
OSU6162LightDark_Individual:33,0.00354,0.00469,0.0078,0.0,0.0,0.0,0.00223,0.0098,0.0,0.0,0.00214,0.01747,0.00641
OSU6162LightDark_Individual:3;,0.0,0.0,0.00395,0.0,0.0,0.00758,0.00744,0.0,0.0,0.0,0.0,0.0,0.04545
OSU6162LightDark_Individual:32,0.01477,0.02934,0.01132,0.02756,0.02083,0.0178,0.02038,0.01119,0.01554,0.00761,0.02069,0.00525,0.01606
OSU6162LightDark_Individual:13,0.0,0.0,0.00383,0.0,0.03846,0.02963,0.005,0.02,0.0,0.02299,0.00898,0.0,0.09524
OSU6162LightDark_Individual:12,0.00165,0.0,0.01609,0.00626,0.0,0.00806,0.00914,0.0,0.0,0.025,0.00472,0.0,0.0
OSU6162LightDark_Individual:7;,0.00138,0.00162,0.00729,0.00329,0.00949,0.00309,0.00279,0.0,0.03371,0.00619,0.0084,0.02899,0.02128
OSU6162LightDark_Individual:10,0.01163,0.00337,0.00721,0.00773,0.0084,0.00775,0.01078,0.01563,0.00658,0.00541,0.01863,0.0,0.00541
OSU6162LightDark_Individual:17,0.01619,0.00836,0.02254,0.02386,0.03756,0.01633,0.0122,0.03134,0.00633,0.0099,0.01441,0.03056,0.02597
OSU6162LightDark_Individual:16,0.0042,0.00472,0.00284,0.00153,0.0,0.01493,0.01511,0.00894,0.0,0.00995,0.00621,0.00524,0.01379
OSU6162LightDark_Individual:15,0.01277,0.03008,0.02,0.07514,0.0,0.02381,0.03652,0.03141,0.00909,0.04167,0.02878,0.00382,0.01235
OSU6162LightDark_Individual:14,0.00546,0.00251,0.00925,0.00483,0.00159,0.00414,0.00897,0.01574,0.00229,0.00409,0.02086,0.00664,0.00202
PCAP1LightDark_Individual:8;,0.0,0.00529,0.02222,0.01812,0.0,0.01172,0.04682,0.01036,0.0,0.01961,0.02618,0.01818,0.00581
PCAP1LightDark_Individual:48,0.00599,0.0209,0.01092,0.0123,0.00937,0.01847,0.0148,0.0198,0.01456,0.0146,0.01915,0.00838,0.02532
PCAP1LightDark_Individual:4;,0.0,0.01124,0.05263,0.00909,0.00741,0.01887,0.0317,0.06494,0.0,0.0,0.05039,0.07895,0.01075
PCAP1LightDark_Individual:40,0.01,0.03378,0.02577,0.04132,0.02778,0.05618,0.03831,0.00725,0.0,0.02041,0.01435,0.01274,0.01626
PCAP1LightDark_Individual:41,0.0101,0.03614,0.01212,0.00971,0.0202,0.00633,0.00732,0.00758,0.07407,0.01094,0.01262,0.01852,0.00424
PCAP1LightDark_Individual:42,0.0,0.0,0.00831,0.06202,0.0,0.02381,0.05013,0.07059,0.02381,0.0,0.03313,0.06522,0.0303
PCAP1LightDark_Individual:43,0.02811,0.0203,0.01106,0.0188,0.01508,0.01064,0.01286,0.01807,0.00781,0.00803,0.01255,0.01709,0.00712
PCAP1LightDark_Individual:44,0.00826,0.00855,0.0221,0.00735,0.05882,0.00769,0.0254,0.04211,0.0,0.33333,0.02314,0.0155,0.0
PCAP1LightDark_Individual:45,0.01695,0.01754,0.03106,0,0.04167,0.03448,0.03727,0.0,0.06667,0.0,0.06122,0.0,0.02128
PCAP1LightDark_Individual:46,0.00495,0.0,0.00433,0.0,0.01316,0.0,0.02201,0.00495,0.0,0.02857,0.01024,0.0,0.0
PCAP1LightDark_Individual:47,0.02239,0.00952,0.00964,0.01064,0.04348,0.02128,0.01081,0.0198,0.0,0.02439,0.00213,0.0,0.02062
PCAP1LightDark_Individual:2;,0.06135,0.02381,0.01869,0.00526,0.0082,0.01266,0.02766,0.0125,0.01681,0.03191,0.01348,0.01826,0.01818
PCAP1LightDark_Individual:28,0.02372,0.0,0.00896,0.0,0.00671,0.02239,0.00838,0.00352,0.04286,0.00592,0.00755,0.0,0.01
PCAP1LightDark_Individual:29,0.00526,0.00463,0.01734,0.0,0.00763,0.0061,0.00987,0.0,0.01515,0.00671,0.02069,0.05357,0.00943
PCAP1LightDark_Individual:26,0.0,0.0073,0.03309,0.0,0.0,0.0,0.04196,0.0,0.0,0.0,0.048,0.02041,0.0
PCAP1LightDark_Individual:6;,0.0303,0.0,0.03636,0.00763,0.01538,0.02151,0.02602,0.0,0.0101,0.0,0.02143,0.0,0.03509
PCAP1LightDark_Individual:24,0.02174,0.0082,0.02314,0.02055,0.01896,0.01778,0.01966,0.0,0.01961,0.01556,0.02251,0.0061,0.05357
PCAP1LightDark_Individual:25,0.04528,0.02079,0.03413,0.01235,0.025,0.04255,0.03951,0.01274,0.03409,0.01667,0.05096,0.0,0.02778
PCAP1LightDark_Individual:22,0.00629,0.01186,0.0094,0.0,0.02564,0.0119,0.00882,0.0,0.00595,0.00366,0.00929,0.0,0.0163
PCAP1LightDark_Individual:23,0.0,0.0,0.02247,0.0,0.01124,0.0069,0.0,0.0,0.07692,0.05,0.01626,0.07143,0.0303
PCAP1LightDark_Individual:20,0.0,0.00478,0.00281,0.01515,0.0,0.0,0.00775,0.02041,0.0,0.0098,0.01235,0.0,0.03846
PCAP1LightDark_Individual:21,0.0,0.0,0.03368,0.0,0.02128,0.0,0.04348,0.0,0.04762,0.0,0.03478,0.0,0.0
PCAP1LightDark_Individual:34,0.0524,0.05814,0.02041,0.0,0.03636,0.09375,0.02824,0.0,0.05814,0.03261,0.04058,0.00935,0.03846
PCAP1LightDark_Individual:38,0.00781,0.01014,0.03073,0.00971,0.0,0.01235,0.02034,0.04651,0.0,0.00862,0.04225,0.02667,0.01333
PCAP1LightDark_Individual:35,0.01515,0.00625,0.02174,0.0,0.00862,0.02312,0.01246,0.0,0.01899,0.00769,0.01091,0.0051,0.01653
PCAP1LightDark_Individual:27,0.00571,0.01261,0.00164,0.0,0.00599,0.0,0.01684,0.00847,0.02273,0.0,0.0092,0.0,0.02083
PCAP1LightDark_Individual:11,0.02712,0.02564,0.00601,0.0131,0.0122,0.01782,0.01671,0.02825,0.00741,0.03419,0.03874,0.00763,0.00769
PCAP1LightDark_Individual:37,0.025,0.01292,0.03093,0.01818,0.00515,0.01813,0.01163,0.024,0.01266,0.00773,0.01597,0.0,0.00327
PCAP1LightDark_Individual:36,0.01778,0.01553,0.01814,0.0,0.01316,0.01852,0.02484,0.01429,0.0,0.0,0.02053,0.0,0.03846
PCAP1LightDark_Individual:5;,0.0,0.0,0.00769,0.01493,0.01961,0.0,0.00448,0.0,0.0,0.0,0.00699,0.0,0.0
PCAP1LightDark_Individual:9;,0.0054,0.00551,0.0,0.01163,0.01274,0.0,0.01183,0.00995,0.00676,0.01081,0.01449,0.0,0.0107
PCAP1LightDark_Individual:31,0.0,0.0,0.01667,0.00549,0.0,0.0,0.03012,0.0,0.0,0.0,0.02174,0.00649,0.00752
PCAP1LightDark_Individual:30,0.05263,0.0,0.04472,0,0.0,0.05,0.04184,0.0,0.0,0.03226,0.03409,0.06667,0.04545
PCAP1LightDark_Individual:1;,0.0198,0.00617,0.01511,0.0,0.1,0.0404,0.02075,0.0,0.0,0.00515,0.01381,0.0,0.03226
PCAP1LightDark_Individual:19,0.01471,0.0,0.0043,0.0,0.00641,0.01266,0.00142,0.0,0.0102,0.00917,0.00197,0.0,0.01818
PCAP1LightDark_Individual:18,0.03344,0.01757,0.01307,0.01075,0.00336,0.02059,0.01018,0.01563,0.01163,0.01277,0.01843,0.02532,0.00844
PCAP1LightDark_Individual:39,0.00847,0.0,0.01754,0.02083,0.00813,0.0,0.01714,0.0,0.03333,0.01923,0.02326,0.0,0.0
PCAP1LightDark_Individual:33,0.00781,0.00183,0.00207,0.0,0.00476,0.0089,0.00615,0.0,0.00341,0.0,0.0,0.0,0.0
PCAP1LightDark_Individual:3;,0.05848,0.0,0.03981,0.0,0.03067,0.0,0.0806,0.01235,0.00893,0.04082,0.06186,0.00559,0.01527
PCAP1LightDark_Individual:32,0.0,0.01389,0.01724,0.0,0.0,0.00613,0.01266,0.0,0.0,0.0,0.00422,0.0,0.0
PCAP1LightDark_Individual:13,0.0549,0.01991,0.01567,0.01976,0.02308,0.00694,0.02278,0.01681,0.0102,0.03419,0.02727,0.02597,0.04651
PCAP1LightDark_Individual:12,0.0,0.0,0.02188,0.00651,0.01395,0.01622,0.021,0.00643,0.0,0.0,0.02529,0.00314,0.01183
PCAP1LightDark_Individual:7;,0.01183,0.01178,0.01152,0.0,0.01481,0.01297,0.0228,0.00495,0.02048,0.01633,0.0,0.0,0.00585
PCAP1LightDark_Individual:10,0.00552,0.0125,0.01829,0.0,0.01212,0.00585,0.00532,0.0,0.0,0.00488,0.00339,0.0,0.00722
PCAP1LightDark_Individual:17,0.04967,0.01214,0.04124,0.05696,0.00738,0.01222,0.03005,0.00588,0.01325,0.01493,0.03714,0.00493,0.02344
PCAP1LightDark_Individual:16,0.00645,0.00699,0.04481,0.016,0.0117,0.00862,0.04059,0.008,0.02113,0.00592,0.04749,0.02186,0.01449
PCAP1LightDark_Individual:15,0.02846,0.03647,0.01012,0.0411,0.0113,0.03,0.00843,0.0,0.03546,0.00922,0.00798,0.01702,0.02685
PCAP1LightDark_Individual:14,0.02597,0.01418,0.00935,0.04615,0.02252,0.00922,0.00806,0.02326,0.008,0.00356,0.0119,0.0,0.0203
PCAP2LightDark_Individual:8;,0.02646,0.01601,0.0167,0.02766,0.03601,0.0105,0.01521,0.01223,0.00847,0.01508,0.01555,0.02083,0.03333
PCAP2LightDark_Individual:48,0.02427,0.02008,0.01042,0.08696,0.07463,0.04651,0.02459,0.04183,0.0856,0.08333,0.02536,0.0,0.12
PCAP2LightDark_Individual:4;,0.02688,0.00375,0.01717,0.04753,0.03846,0.02667,0.02672,0.01786,0.02857,0.01471,0.03204,0.02326,0.03261
PCAP2LightDark_Individual:40,0.0,0.00676,0.05435,0.0,0.04878,0.04065,0.01136,0.03125,0.0,0.05455,0.02759,0.0,0.0
PCAP2LightDark_Individual:41,0.01835,0.0163,0.04262,0.02157,0.04276,0.04947,0.0112,0.00687,0.00763,0.02679,0.04145,0.0229,0.05797
PCAP2LightDark_Individual:42,0.00538,0.0,0.01652,0.00215,0.05479,0.0,0.00969,0.00606,0.01351,0.0,0.01116,0.00893,0.02469
PCAP2LightDark_Individual:43,0.04527,0.03259,0.05663,0.01882,0.06533,0.01307,0.04065,0.01429,0.01282,0.0531,0.04296,0.0,0.08333
PCAP2LightDark_Individual:44,0.01698,0.02638,0.03457,0.0,0.0,0.02155,0.05479,0.08333,0.0,0.06061,0.01418,0.0,0.0
PCAP2LightDark_Individual:45,0.01402,0.00923,0.02713,0.04027,0.0,0.07767,0.01493,0.05634,0.02273,0.04615,0.02817,0.075,0.00962
PCAP2LightDark_Individual:46,0.02747,0.01515,0.01734,0.0,0.03608,0.02083,0.05948,0.03125,0.02069,0.02703,0.01053,0.0,0.04878
PCAP2LightDark_Individual:47,0.0125,0.0,0.03468,0.02932,0.0303,0.0219,0.02597,0.0219,0.02326,0.03797,0.0,0.01905,0.03409
PCAP2LightDark_Individual:2;,0.01607,0.01232,0.00756,0.02024,0.0198,0.01389,0.02442,0.03265,0.00843,0.00844,0.00946,0.01945,0.01646
PCAP2LightDark_Individual:28,0.0,0.04348,0.03571,0.0,0.0,0.21429,0.01899,0.0,0.09375,0.11111,0.024,0.0,0.00578
PCAP2LightDark_Individual:29,0.0,0.0,0.0,0.25,0.0,0.0,0.00662,0.0,0.0,0.04444,0.00585,0,0.05556
PCAP2LightDark_Individual:26,0.0,0.0,0.01848,0.0142,0.0,0.03846,0.02857,0.0087,0.0101,0.04412,0.03363,0.01681,0.02128
PCAP2LightDark_Individual:6;,0.04082,0.03319,0.02232,0.04142,0.03145,0.0131,0.02891,0.04113,0.01714,0.03756,0.03099,0.04208,0.03247
PCAP2LightDark_Individual:24,0.02778,0.02609,0.02064,0.06061,0,0.24541,0.01361,0.0,0.0,0.0,0.00962,0.0,0.05263
PCAP2LightDark_Individual:25,0.0,0.00595,0.01295,0.02041,0.0,0.00546,0.00962,0.00985,0.0,0.00794,0.03155,0.02247,0.0
PCAP2LightDark_Individual:22,0.0183,0.01382,0.0532,0.05882,0.15385,0.0531,0.03191,0.0,0.05714,0.05224,0.0375,0.01429,0.13043
PCAP2LightDark_Individual:23,0.01554,0.0168,0.02087,0.022,0.0,0.01099,0.03383,0.00885,0.0,0.02727,0.03604,0.02586,0.04348
PCAP2LightDark_Individual:20,0.03048,0.03476,0.03567,0.04789,0.05278,0.02326,0.01798,0.00667,0.01569,0.03717,0.01274,0.0,0.06533
PCAP2LightDark_Individual:21,0.01876,0.0207,0.02492,0.04,0.0,0.02941,0.03516,0.01773,0.0,0.03448,0.02632,0.0514,0.025
PCAP2LightDark_Individual:34,0.02155,0.00566,0.00208,0.01361,0.0289,0.00549,0.02265,0.00957,0.0,0.00987,0.02,0.0,0.02299
PCAP2LightDark_Individual:38,0.03994,0.02688,0.01504,0.03083,0.04695,0.10738,0.07289,0.083,0.08824,0.0678,0.03458,0.02765,0.05769
PCAP2LightDark_Individual:35,0.02595,0.02397,0.01554,0.02924,0.14286,0.05155,0.0395,0.02804,0.05769,0.03587,0.025,0.02047,0.15517
PCAP2LightDark_Individual:27,0.00403,0.00261,0.00273,0.01121,0.00513,0.00175,0.01242,0.01465,0.0,0.00213,0.00876,0.01111,0.00744
PCAP2LightDark_Individual:11,0.00811,0.0,0.03189,0.02414,0.02778,0.01345,0.03981,0.02484,0.0,0.04167,0.03448,0.03614,0.03529
PCAP2LightDark_Individual:37,0.06913,0.04962,0.15088,0.16216,0.0303,0.1,0.14679,0.10811,0.075,0.05882,0.11039,0.04545,0.06667
PCAP2LightDark_Individual:36,0.00547,0.00336,0.0,0.0,0.01639,0.0,0.02653,0.0,0.0,0.0,0.03311,0.0,0.03333
PCAP2LightDark_Individual:5;,0.0,0.0,0.01014,0.00573,0.01149,0.00971,0.01333,0.02162,0.01124,0.02273,0.03358,0.01042,0.00952
PCAP2LightDark_Individual:9;,0.04072,0.01621,0.0185,0.01217,0.0,0.01327,0.01462,0.00719,0.0,0.03659,0.01051,0.00629,0.02963
PCAP2LightDark_Individual:31,0.01149,0.0,0.03873,0.04348,0.0,0.0,0.06593,0.03448,0.0,0.02174,0.05587,0.0,0.0
PCAP2LightDark_Individual:30,0.02222,0.01288,0.02153,0.06667,0.03061,0.0149,0.04386,0.00917,0.03,0.01796,0.05898,0.02817,0.07229
PCAP2LightDark_Individual:1;,0.00599,0.0023,0.01064,0.0,0.0,0.01176,0.01534,0.08772,0.0,0.0,0.00937,0.01408,0.03333
PCAP2LightDark_Individual:19,0.0186,0.0219,0.02643,0.05866,0.08197,0.04598,0.01718,0.0,0.01379,0.01626,0.0076,0.0,0.01587
PCAP2LightDark_Individual:18,0.01042,0.01064,0.00544,0.02656,0.0,0.0,0.00481,0.0123,0.02941,0.0,0.03704,0.0,0.0
PCAP2LightDark_Individual:39,0.00433,0.01316,0.01365,0.0,0.13636,0.04,0.02151,0.0,0.05263,0.04255,0.01786,0.0,0.03546
PCAP2LightDark_Individual:33,0.04762,0.0,0.01571,0.0,0.0,0.39896,0.0,0.0,0.0,0.08,0.0,0.0,0.01852
PCAP2LightDark_Individual:3;,0.01846,0.01432,0.03309,0.01986,0.00948,0.01117,0.07726,0.01384,0.0,0.0201,0.04337,0.09119,0.01515
PCAP2LightDark_Individual:32,0.00372,0.0,0.01449,0.00833,0.0,0,0.01031,0.08333,0.0,0.0,0.00631,0.0,0.0
PCAP2LightDark_Individual:13,0.0,0.0,0.00719,0.0,0.0,0.0102,0.0,0.0,0.0,0.02703,0.00541,0.0,0.03774
PCAP2LightDark_Individual:12,0.02171,0.01498,0.0175,0.02854,0.0339,0.02736,0.0412,0.03349,0.08871,0.03168,0.02597,0.02646,0.19355
PCAP2LightDark_Individual:7;,0.04014,0.03755,0.01291,0.00857,0.18919,0.1,0.03302,0.01826,0.06897,0.25,0.04492,0.03571,0.06
PCAP2LightDark_Individual:10,0.01568,0.01648,0.01484,0.01434,0.00988,0.02087,0.03908,0.04854,0.02308,0.02308,0.02517,0.03448,0.02841
PCAP2LightDark_Individual:17,0.01799,0.00839,0.00812,0.02717,0.03145,0.03017,0.01124,0.02564,0.16667,0.07143,0.03118,0.05856,0.0
PCAP2LightDark_Individual:16,0.04868,0.02941,0.02848,0.03492,0.02979,0.02597,0.05348,0.02881,0.01896,0.01563,0.02933,0.04333,0.01852
PCAP2LightDark_Individual:15,0.01139,0.00377,0.0,0.00783,0.03529,0.01435,0.01802,0.00905,0.0,0.01786,0.00471,0.02759,0.025
PCAP2LightDark_Individual:14,0.01558,0.01958,0.02754,0.00702,0.03743,0.00725,0.01256,0.02174,0.0,0.00885,0.00563,0.04396,0.03093
PCAP814LightDark_Individual:8;,0.00857,0.01274,0.00364,0.01961,0.00926,0.0,0.0,0.00634,0.01485,0.03046,0.02963,0.03046,0.10714
PCAP814LightDark_Individual:48,0.00575,0.00525,0.00719,0.00935,0.05283,0.0628,0.01042,0.01336,0.05128,0.09091,0.02372,0.02247,0.0
PCAP814LightDark_Individual:4;,0.04271,0.02604,0.02597,0.01266,0.09302,0.10526,0.02532,0.0,0.36954,0.0,0.025,0.0,0.0
PCAP814LightDark_Individual:40,0.00495,0.01049,0.00808,0.0024,0.01556,0.01485,0.00454,0.00602,0.0076,0.01096,0.00269,0.00258,0.00889
PCAP814LightDark_Individual:41,0.00538,0.00103,0.00314,0.00316,0.00564,0.00192,0.00344,0.00287,0.00276,0.00183,0.00199,0.0,0.00362
PCAP814LightDark_Individual:42,0.01271,0.0092,0.01499,0.01939,0.0,0.01361,0.01669,0.01914,0.0,0.03509,0.03049,0.02556,0.04
PCAP814LightDark_Individual:43,0.00208,0.00207,0.00416,0.0,0.0,0.0,0.00373,0.01316,0.0,0.02817,0.0,0.0,0.04615
PCAP814LightDark_Individual:44,0.01071,0.01062,0.00915,0.01215,0.01242,0.01481,0.00567,0.01765,0.01389,0.02158,0.00188,0.03247,0.02479
PCAP814LightDark_Individual:45,0.00321,0.00198,0.01253,0.01401,0.01085,0.00398,0.00681,0.00673,0.0,0.0073,0.00677,0.0,0.0
PCAP814LightDark_Individual:46,0.00977,0.00462,0.01085,0.00562,0.0,0.1194,0.03542,0.04615,0.0,0.1,0.0198,0.04869,0.10714
PCAP814LightDark_Individual:47,0.01649,0.01947,0.01797,0.00962,0.024,0.02027,0.01942,0.01766,0.02484,0.03409,0.02797,0.01524,0.02162
PCAP814LightDark_Individual:2;,0.0,0.00622,0.00671,0.01342,0.0,0.02041,0.02392,0.0,0.0,0.0,0.0,0.0,0.0
PCAP814LightDark_Individual:28,0.01192,0.00533,0.02357,0.00528,0.09091,0.0,0.01124,0.00719,0.0,0.08696,0.03196,0.0,0.0
PCAP814LightDark_Individual:29,0.00156,0.00112,0.00494,0.00984,0.0,0.0068,0.01347,0.0,0.0,0.14583,0.01056,0.0,0.08333
PCAP814LightDark_Individual:26,0.00889,0.00533,0.01382,0.0,0,0.0,0.00597,0.0,0.34196,0,0.03846,0.0,0
PCAP814LightDark_Individual:6;,0.00568,0.0,0.01051,0.00373,0.0,0.0,0.05405,0.38579,0.0,0.0,0.0,0.0,0.0
PCAP814LightDark_Individual:24,0.00963,0.00201,0.01923,0.00973,0.00913,0.00304,0.00528,0.0,0.0,0.02439,0.02108,0.02703,0.0
PCAP814LightDark_Individual:25,0.00433,0.0016,0.01,0.00348,0.0,0.08571,0.00461,0.0,0.0,0.09677,0.02811,0.0,0.05085
PCAP814LightDark_Individual:22,0.00649,0.00173,0.02117,0.01961,0.00935,0.02459,0.01062,0.01238,0.00893,0.02941,0.01509,0.00694,0.0
PCAP814LightDark_Individual:23,0.00467,0.0,0.01632,0.0,0.0,0.02985,0.02133,0.01639,0.03333,0.06329,0.02806,0.04124,0.0625
PCAP814LightDark_Individual:20,0.00632,0.00329,0.0,0.02077,0.00633,0.0381,0.04439,0.01183,0.0,0.01538,0.03293,0.02532,0.00862
PCAP814LightDark_Individual:21,0.01449,0.0,0.02799,0.0293,0.0,0.03846,0.04009,0.01449,0.01333,0.03333,0.06452,0.05102,0.02817
PCAP814LightDark_Individual:34,0.00486,0.01328,0.03992,0.04746,0.02985,0.07143,0.01695,0.01136,0.0,0.0069,0.0,0.2,0.0
PCAP814LightDark_Individual:38,0.00108,0.00402,0.00933,0.00563,0.00599,0.00859,0.00936,0.00677,0.0,0.01345,0.01563,0.00812,0.02994
PCAP814LightDark_Individual:35,0.02132,0.00376,0.02338,0.03493,0.13,0.11628,0.05,0.01852,0.08333,0.0303,0.00649,0.0,0.01796
PCAP814LightDark_Individual:27,0.02642,0.01566,0.02617,0.01786,0.0,0.0,0.06329,0.0,0.0,0.0,0.0,0.0,0.07692
PCAP814LightDark_Individual:11,0.00787,0.00617,0.04819,0.0,0.0,0.0,0.0,0.0,0.0,0.0,0.0,0.0,0.0
PCAP814LightDark_Individual:37,0.00547,0.00252,0.01388,0.00715,0.02206,0.01709,0.01031,0.00825,0.02374,0.00575,0.00702,0.00562,0.02703
PCAP814LightDark_Individual:36,0.01486,0.02093,0.02703,0.0,0.0,0.0,0.03738,0.0,0.0,0.01087,0.00885,0.01311,0.02717
PCAP814LightDark_Individual:5;,0.00579,0.00823,0.01921,0.0404,0.04878,0.04762,0.01471,0.0,0.0,0.0,0.04412,0.0,0.07317
PCAP814LightDark_Individual:9;,0.00905,0.00584,0.01788,0.0,0.39896,0.05,0.05512,0.0,0.0229,0.01361,0.00485,0.00889,0.0
PCAP814LightDark_Individual:31,0.00746,0.04,0.03415,0.00976,0.0,0.0,0.0,0.0,0.0,0.0,0.24444,0.0,0.0
PCAP814LightDark_Individual:30,0.01435,0.02516,0.01826,0.0,0.0,0.0,0.04885,0.0,0.0,0.0,0.0,0.39581,0.37191
PCAP814LightDark_Individual:1;,0.0,0.0,0.01271,0.00809,0.0,0.34563,0.01111,0.03226,0.0,0.0,0.0,0.0,0.0
PCAP814LightDark_Individual:19,0.00394,0.00299,0.01949,0.0,0.05195,0.02347,0.0245,0.0,0.0,0.08333,0.00698,0.00855,0.075
PCAP814LightDark_Individual:18,0.0,0.00885,0.02128,0.0,0.0,0.00943,0.02083,0.0,0.0,0.0177,0.01818,0.03261,0.00943
PCAP814LightDark_Individual:39,0.00995,0.00543,0.02564,0.01087,0.0339,0.0315,0.02069,0.01724,0.02778,0.03846,0.02927,0.03077,0.07895
PCAP814LightDark_Individual:33,0.00752,0.03367,0.1125,0.05882,0.15493,0.0625,0.01563,0.0,0.02299,0.01603,0.00446,0.09091,0.02597
PCAP814LightDark_Individual:3;,0.00258,0.0,0.01145,0.00673,0.01087,0.0,0.01055,0.01413,0.0,0.0274,0.00658,0.0,0.04
PCAP814LightDark_Individual:32,0.0065,0.00704,0.02833,0.0,0.02247,0.02222,0.0,0.0,0.00901,0.01299,0.0,0.0,0.03704
PCAP814LightDark_Individual:13,0.0,0.00124,0.0,0.00252,0.01073,0.00265,0.00644,0.00615,0.0,0.01149,0.00154,0.00302,0.00591
PCAP814LightDark_Individual:12,0.02827,0.02632,0.01858,0.02344,0.02632,0.01724,0.0,0.0,0.0,0.01923,0.02667,0.02041,0.04878
PCAP814LightDark_Individual:7;,0.01075,0.05056,0.03571,0.03571,0.03846,0.0,0.0,0.0,0.03937,0.03947,0.12,0.08824,0.06604
PCAP814LightDark_Individual:10,0,0.0,0.01895,0.03472,0.08247,0.0,0.0,0.0,0.0,0.07042,0.0597,0.025,0.02811
PCAP814LightDark_Individual:17,0.00225,0.00292,0.0,0.00227,0.0,0.00279,0.00152,0.00216,0.00364,0.0,0.00584,0.0,0.00328
PCAP814LightDark_Individual:16,0.00551,0.00126,0.0,0.00433,0.0,0.0073,0.00832,0.00679,0.0,0.00424,0.00926,0.00295,0.0036
PCAP814LightDark_Individual:15,0.00277,0.0,0.0039,0.0,0.00559,0.00658,0.00361,0.0,0.0,0.00749,0.0,0.01149,0.01942
PCAP814LightDark_Individual:14,0.00828,0.00428,0.00655,0.0026,0.01894,0.01592,0.00493,0.00256,0.01657,0.00984,0.01452,0.00314,0.06667
PCAP931LightDark_Individual:8;,0.01186,0.0,0.00423,0.01282,0.00199,0.01032,0.00325,0.00222,0.0,0.00294,0.01079,0.00318,0.0
PCAP931LightDark_Individual:48,0.00513,0.0,0.00935,0.0,0.02083,0.02128,0.02727,0.0,0.01087,0.02941,0.03896,0.0,0.02679
PCAP931LightDark_Individual:4;,0.00556,0.00394,0.01964,0.02649,0.0,0.00758,0.03064,0.01911,0.0,0.01316,0.0146,0.0,0.0
PCAP931LightDark_Individual:40,0.01212,0.0,0.01813,0.01075,0.09091,0.0,0.04701,0.0625,0,0.33333,0.05351,0.11111,0.1
PCAP931LightDark_Individual:41,0.01463,0.0,0.01114,0.0,0.0,0.0,0.00803,0.0,0.0,0.03704,0.00376,0.00769,0.0
PCAP931LightDark_Individual:42,0.01318,0.01068,0.00211,0.01085,0.00893,0.01899,0.00644,0.00543,0.0,0.0531,0.00693,0.00737,0.03448
PCAP931LightDark_Individual:43,0.01651,0.01447,0.00762,0.01452,0.0,0.03141,0.00645,0.02045,0.01389,0.01463,0.01786,0.01772,0.06452
PCAP931LightDark_Individual:44,0.02914,0.01818,0.00997,0.04127,0.0,0.01676,0.02642,0.02733,0.0,0.0202,0.01923,0.03266,0.0
PCAP931LightDark_Individual:45,0.02322,0.00683,0.00906,0.01171,0.02749,0.01626,0.00924,0.03488,0.0,0.01695,0.02033,0.02367,0.0124
PCAP931LightDark_Individual:46,0.00298,0.0,0.02158,0.0057,0.00309,0.0,0.01181,0.00625,0.00578,0.0,0.01961,0.0,0.0
PCAP931LightDark_Individual:47,0.0,0.0,0.01736,0.0,0.0,0.0,0.01976,0.0,0.0,0.1,0.03205,0.0,0.04
PCAP931LightDark_Individual:2;,0.02729,0.03534,0.0122,0.05119,0.00707,0.0358,0.0367,0.02013,0.0,0.02525,0.05405,0.03,0.08333
PCAP931LightDark_Individual:28,0.0068,0.03468,0.0348,0.02113,0.00602,0.02381,0.03236,0.01818,0.00806,0.03401,0.02174,0.02151,0.0625
PCAP931LightDark_Individual:29,0.00775,0.00714,0.01685,0.0,0.0,0.0,0.01493,0.0,0.0,0.02083,0.04074,0.02857,0.125
PCAP931LightDark_Individual:26,0.03529,0.03354,0.01198,0.00394,0.01294,0.02869,0.01008,0.0,0.0202,0.04054,0.04348,0.0,0.0
PCAP931LightDark_Individual:6;,0.01075,0.01201,0.01447,0.0199,0.025,0.03673,0.01928,0.0,0.0,0.01739,0.01442,0.01408,0.02128
PCAP931LightDark_Individual:24,0.00513,0.00697,0.01843,0.01675,0.00463,0.00741,0.01897,0.01732,0.0,0.01111,0.0179,0.01361,0.02878
PCAP931LightDark_Individual:25,0.01644,0.01875,0.02233,0.04889,0.05263,0.05405,0.03261,0.25,0.03448,0.04839,0.05147,0.01724,0.0
PCAP931LightDark_Individual:22,0.01486,0.00911,0.00543,0.02222,0.02051,0.01127,0.02128,0.01772,0.01724,0.01534,0.02707,0.02093,0.01657
PCAP931LightDark_Individual:23,0.00323,0.00787,0.0172,0.01624,0.0,0.03571,0.02417,0.00714,0.0,0.05825,0.0276,0.02532,0.0
PCAP931LightDark_Individual:20,0.00164,0.00213,0.02257,0.01254,0.0202,0.00431,0.02088,0.02927,0.00913,0.00855,0.00471,0.01961,0.0137
PCAP931LightDark_Individual:21,0.0,0.0,0.01757,0.01064,0.16667,0.22222,0.01136,0.0,0.0,0.0,0.03226,0.0,0.0
PCAP931LightDark_Individual:34,0.0031,0.00352,0.01434,0.0,0.0,0.02484,0.02607,0.02326,0.0087,0.02,0.01506,0.01835,0.0125
PCAP931LightDark_Individual:38,0.00631,0.01116,0.01654,0.01411,0.03659,0.02632,0.02163,0.01064,0.0,0.04587,0.0202,0.02366,0.16667
PCAP931LightDark_Individual:35,0.0076,0.00303,0.01518,0.0232,0.0045,0.01435,0.01268,0.01734,0.00565,0.03061,0.0202,0.00562,0.03077
PCAP931LightDark_Individual:27,0.0068,0.01082,0.00917,0.02439,0.0,0.01786,0.01765,0.0339,0.01852,0.02667,0.01896,0.01724,0.01316
PCAP931LightDark_Individual:11,0.0282,0.022,0.03495,0.01271,0.02101,0.03922,0.02427,0.02584,0.01807,0.01792,0.01923,0.04698,0.02222
PCAP931LightDark_Individual:37,0.00188,0.0,0.00893,0.0,0.0,0.02174,0.02439,0.0,0.05,0.0625,0.04776,0.0,0.05
PCAP931LightDark_Individual:36,0.00712,0.00154,0.01521,0.01484,0.02283,0.0019,0.01648,0.01449,0.00647,0.00179,0.01957,0.00669,0.01554
PCAP931LightDark_Individual:5;,0.0,0.00833,0.0098,0.02649,0.0,0.04094,0.03846,0.08772,0.02439,0.02041,0.05357,0.01887,0.0
PCAP931LightDark_Individual:9;,0.0,0.0,0.00654,0.02479,0.0,0.01471,0.02241,0.01099,0.02564,0.02857,0.01208,0.0,0.01923
PCAP931LightDark_Individual:31,0.02569,0.00942,0.00476,0.00625,0.00817,0.00487,0.00417,0.01489,0.0,0.00244,0.00873,0.01322,0.01575
PCAP931LightDark_Individual:30,0.0106,0.00998,0.01051,0.01961,0.0,0.0,0.03873,0.02778,0.0,0.0,0.03828,0.0,0.0
PCAP931LightDark_Individual:1;,0.01181,0.0129,0.03217,0.02952,0.01852,0.0,0.02174,0.01626,0.0,0.0,0.02985,0.02564,0.0
PCAP931LightDark_Individual:19,0.01327,0.0,0.03344,0.01923,0.01942,0.00971,0.04667,0.01449,0.0,0.02991,0.02183,0.02174,0.07143
PCAP931LightDark_Individual:18,0.01478,0.01145,0.01599,0.0146,0.00365,0.00685,0.04524,0.03241,0.0,0.00309,0.03647,0.00465,0.0107
PCAP931LightDark_Individual:39,0.0,0.00653,0.02018,0.02639,0.0,0.00294,0.02304,0.0,0.0,0.00291,0.02347,0.0,0.0
PCAP931LightDark_Individual:33,0.01596,0.01362,0.00899,0.00391,0.0,0.01167,0.00864,0.00917,0.0,0.00913,0.01556,0.01361,0.02857
PCAP931LightDark_Individual:3;,0.00965,0.03226,0.01942,0.0098,0.0339,0.05405,0.02256,0.2,0.0,0.07895,0.03704,0.0,0.01961
PCAP931LightDark_Individual:32,0.01034,0.0,0.01838,0.01222,0.0,0.00342,0.02646,0.02292,0.025,0.01333,0.01899,0.01571,0.04286
PCAP931LightDark_Individual:13,0.0,0,0.00183,0.02283,0.5,0.0,0.02651,0.01124,0.36296,0.0,0.0101,0.0,0.05882
PCAP931LightDark_Individual:12,0.00177,0.0,0.00845,0.0,0.01227,0.02222,0.01044,0.00346,0.00704,0.0061,0.00206,0.0029,0.01047
PCAP931LightDark_Individual:7;,0.0,0.0,0.00604,0.0,0.0,0.01198,0.00498,0.0,0.0102,0.00847,0.01829,0.00775,0.00917
PCAP931LightDark_Individual:10,0.0,0.0,0.03049,0.0,0.0,0.00735,0.03051,0.00893,0.00645,0.0202,0.02128,0.0125,0.02632
PCAP931LightDark_Individual:17,0.01145,0.00563,0.02824,0.0198,0.0,0.0,0.05306,0.0,0.16667,0,0.03788,0.02128,0
PCAP931LightDark_Individual:16,0.00538,0.00542,0.00151,0.01108,0.00238,0.0082,0.00498,0.00455,0.00464,0.00244,0.0108,0.00251,0.0
PCAP931LightDark_Individual:15,0.00707,0.02381,0.00688,0.03175,0.01481,0.02353,0.04567,0.05137,0.04819,0.02326,0.0418,0.039,0.05405
PCAP931LightDark_Individual:14,0.0,0.00686,0.01852,0.01876,0.0,0.02344,0.01154,0.00649,0.00313,0.00238,0.02027,0.00505,0.01154
