AripiprazoleLightDark_Individual:8;,0.02959,0.00449,0.01051,0.00199,0.0,0.00865,0.01307,0.00313,0.00254,0.0,0.0,0.00678,0.01005
AripiprazoleLightDark_Individual:48,0.00964,0.02439,0.00684,0.00909,0.0102,0.00813,0.01316,0.03465,0.0,0.00783,0.01587,0.02137,0.00833
AripiprazoleLightDark_Individual:4;,0.00465,0.0,0.00389,0.01954,0.01357,0.00282,0.00465,0.02976,0.00408,0.00707,0.0,0.01942,0.0
AripiprazoleLightDark_Individual:40,0.0,0.00947,0.00815,0.00268,0.0,0.01802,0.0,0.0,0.0,0.0,0.0,0.00673,0.02041
AripiprazoleLightDark_Individual:41,0.0031,0.0092,0.02044,0.03756,0.0,0.02113,0.00875,0.02985,0.0,0.0,0.00625,0.0,0.0
AripiprazoleLightDark_Individual:42,0.01282,0.00448,0.00612,0.00995,0.0125,0.0,0.0114,0.02151,0.0,0.00405,0.0,0.02752,0.01429
AripiprazoleLightDark_Individual:43,0.00314,0.00153,0.00235,0.00645,0.0,0.00578,0.0,0.00313,0.0,0.0,0.01099,0.00268,0.0087
AripiprazoleLightDark_Individual:44,0.01245,0.02326,0.0,0.02174,0.0,0.01299,0.02128,0.0254,0.02198,0.02358,0.01121,0.02768,0.01124
AripiprazoleLightDark_Individual:45,0.00549,0.00205,0.0,0.00687,0.03175,0.00952,0.0,0.02258,0.02139,0.00741,0.00385,0.00439,0.0
AripiprazoleLightDark_Individual:46,0.00504,0.0,0.02182,0.0303,0.00971,0.0061,0.00467,0.02564,0.0,0.0,0.00817,0.0,0.0
AripiprazoleLightDark_Individual:47,0.01004,0.00971,0.00964,0.0344,0.03947,0.00255,0.01743,0.00962,0.025,0.02092,0.01473,0.01552,0.0
AripiprazoleLightDark_Individual:2;,0.0,0.0,0.00731,0.01288,0.0,0.00321,0.00249,0.0086,0.0,0.01014,0.00367,0.00687,0.00625
AripiprazoleLightDark_Individual:28,0.00254,0.01481,0.0034,0.00671,0.01075,0.00505,0.00504,0.0058,0.0,0.01613,0.00469,0.00645,0.0
AripiprazoleLightDark_Individual:29,0.0,0.00156,0.00563,0.00593,0.00253,0.00202,0.00225,0.00932,0.0123,0.00207,0.00897,0.00836,0.00314
AripiprazoleLightDark_Individual:26,0.01255,0.01115,0.00308,0.0,0.03067,0.01969,0.0,0.01242,0.01124,0.03252,0.0,0.0021,0.02174
AripiprazoleLightDark_Individual:6;,0.00654,0.00589,0.00668,0.00795,0.0,0.03261,0.0,0.008,0.0,0.0,0.01147,0.00475,0.0
AripiprazoleLightDark_Individual:24,0.02181,0.01439,0.01186,0.02241,0.02924,0.01242,0.01333,0.01929,0.01351,0.00662,0.00559,0.01382,0.01429
AripiprazoleLightDark_Individual:25,0.0,0.00283,0.00898,0.00739,0.02618,0.00499,0.00538,0.00344,0.0131,0.00441,0.00448,0.02119,0.00613
AripiprazoleLightDark_Individual:22,0.01163,0.00316,0.00377,0.00396,0.0,0.01323,0.00263,0.01587,0.0,0.01835,0.0,0.00373,0.02198
AripiprazoleLightDark_Individual:23,0.00144,0.00862,0.0014,0.0,0.00325,0.0,0.00164,0.00258,0.00412,0.0023,0.00193,0.01031,0.0
AripiprazoleLightDark_Individual:20,0.01259,0.00964,0.00965,0.01452,0.0,0.00901,0.00858,0.01,0.0,0.00592,0.00887,0.01706,0.01053
AripiprazoleLightDark_Individual:21,0.01044,0.06178,0.00255,0.01075,0.01081,0.0,0.00348,0.0101,0.01807,0.01124,0.0,0.0,0.02609
AripiprazoleLightDark_Individual:34,0.00262,0.00621,0.00286,0.00341,0.0129,0.00844,0.00446,0.0,0.0087,0.0,0.0,0.0,0.0
AripiprazoleLightDark_Individual:38,0.01429,0.00678,0.00314,0.00113,0.016,0.0114,0.0,0.00876,0.0,0.00803,0.00295,0.0,0.01163
AripiprazoleLightDark_Individual:35,0.00706,0.00333,0.00786,0.00549,0.00319,0.00928,0.00154,0.00994,0.00879,0.0024,0.00625,0.00221,0.0098
AripiprazoleLightDark_Individual:27,0.0,0.0,0.00284,0.0039,0.00853,0.00263,0.00259,0.0016,0.00259,0.00377,0.00413,0.0,0.00595
AripiprazoleLightDark_Individual:11,0.00426,0.01576,0.00515,0.04575,0.02353,0.03043,0.01538,0.00926,0.01327,0.01256,0.02488,0.0,0.01917
AripiprazoleLightDark_Individual:37,0.00207,0.0035,0.00142,0.00704,0.05797,0.0,0.0,0.0,0.01695,0.02151,0.00208,0.00407,0.01887
AripiprazoleLightDark_Individual:36,0.00325,0.0,0.012,0.00402,0.01488,0.0,0.01279,0.01556,0.00755,0.02367,0.00778,0.02538,0.0
AripiprazoleLightDark_Individual:5;,0.01641,0.00735,0.01176,0.01282,0.00941,0.00706,0.01536,0.00722,0.01119,0.00396,0.00678,0.01405,0.01948
AripiprazoleLightDark_Individual:9;,0.0,0.01807,0.01533,0.0228,0.01619,0.00746,0.02139,0.00585,0.01923,0.00488,0.0,0.0,0.0
AripiprazoleLightDark_Individual:31,0.00146,0.00395,0.0079,0.02637,0.02091,0.00261,0.03484,0.02115,0.00331,0.0,0.00744,0.00771,0.01302
AripiprazoleLightDark_Individual:30,0.00324,0.00578,0.00699,0.01639,0.0119,0.01648,0.02083,0.0,0.02336,0.0,0.00929,0.0,0.01826
AripiprazoleLightDark_Individual:1;,0.0161,0.00943,0.01308,0.01351,0.01449,0.00922,0.02426,0.02247,0.0,0.01111,0.02153,0.01235,0.0
AripiprazoleLightDark_Individual:19,0.01945,0.01235,0.00747,0.00722,0.04762,0.02521,0.00546,0.00725,0.0,0.01923,0.00852,0.0,0.0
AripiprazoleLightDark_Individual:18,0.00437,0.01149,0.00319,0.0,0.0,0.00576,0.00506,0.0,0.00481,0.0,0.01241,0.0,0.00338
AripiprazoleLightDark_Individual:39,0.0014,0.00371,0.00134,0.00385,0.00937,0.00996,0.00447,0.01338,0.25,0.0197,0.00515,0.0,0.0
AripiprazoleLightDark_Individual:33,0.00293,0.0,0.0,0.00281,0.0,0.00667,0.0,0.0,0.00493,0.01415,0.00279,0.01042,0.01176
AripiprazoleLightDark_Individual:3;,0.00253,0.00329,0.00416,0.01968,0.01508,0.02167,0.00534,0.00693,0.00538,0.02273,0.00508,0.00978,0.01724
AripiprazoleLightDark_Individual:32,0.0,0.00152,0.0,0.00676,0.01087,0.00282,0.0,0.0,0.00298,0.0,0.00345,0.00422,0.01554
AripiprazoleLightDark_Individual:13,0.0,0.02924,0.0,0.00595,0.03663,0.00364,0.00319,0.00766,0.01471,0.00417,0.00347,0.00816,0.00407
AripiprazoleLightDark_Individual:12,0.00438,0.00742,0.01153,0.00739,0.0084,0.01306,0.01139,0.00701,0.00437,0.00898,0.00898,0.01201,0.00224
AripiprazoleLightDark_Individual:7;,0.00166,0.01276,0.01623,0.02419,0.01571,0.01613,0.01858,0.01111,0.00338,0.0,0.00286,0.00578,0.01754
AripiprazoleLightDark_Individual:10,0.01102,0.00675,0.00768,0.00922,0.00737,0.02064,0.00254,0.01812,0.0125,0.01504,0.02577,0.01005,0.0
AripiprazoleLightDark_Individual:17,0.01736,0.01815,0.01664,0.03774,0.02341,0.01587,0.01117,0.01705,0.05394,0.00978,0.01062,0.01375,0.04688
AripiprazoleLightDark_Individual:16,0.00353,0.01639,0.00933,0.00685,0.0,0.00397,0.02288,0.02745,0.00797,0.00286,0.01266,0.016,0.0
AripiprazoleLightDark_Individual:15,0.0,0.00692,0.00245,0.0346,0.00641,0.01105,0.00296,0.00766,0.00813,0.0,0.00121,0.00815,0.0107
AripiprazoleLightDark_Individual:14,0.01805,0.00773,0.00472,0.01381,0.02667,0.00781,0.01153,0.00588,0.0,0.0,0.00616,0.00794,0.0
CariprazineLightDark_Individual:8;,0.00719,0.05882,0.02454,0.0,0.0,0.06452,0.0197,0.0,0.0,0.0,0.0,0.01961,0.0
CariprazineLightDark_Individual:48,0.0146,0.01186,0.00683,0.0,0.01754,0.0,0.02116,0.0,0.02128,0.0,0.01111,0.02381,0.01316
CariprazineLightDark_Individual:4;,0.00958,0.01504,0.00707,0.02473,0.0566,0.03509,0.01255,0.0,0.02128,0.00703,0.00379,0.0,0.0068
CariprazineLightDark_Individual:40,0.01944,0.01397,0.00491,0.02247,0.0,0.02,0.00847,0.01695,0.0,0.01422,0.02222,0.00532,0.00775
CariprazineLightDark_Individual:41,0.0,0.0,0.00685,0.0,0.04348,0.01449,0.01563,0.0,0.0,0.01235,0.01262,0.05882,0.01449
CariprazineLightDark_Individual:42,0.00694,0.0132,0.00969,0.00606,0.0,0.0,0.01245,0.0,0.0,0.0,0.0037,0.0,0.0
CariprazineLightDark_Individual:43,0.02865,0.00798,0.0078,0.01172,0.0,0.0,0.01285,0.01303,0.0,0.01923,0.01188,0.02551,0.0
CariprazineLightDark_Individual:44,0.00995,0.02128,0.01302,0.03268,0.06154,0.01887,0.02918,0.04762,0.01333,0.17143,0.02,0.03614,0.02083
CariprazineLightDark_Individual:45,0.01053,0.0,0.0,0.02105,0.0,0.0,0.00532,0.01064,0.03704,0.01205,0.00426,0.00901,0.0
CariprazineLightDark_Individual:46,0.0,0.0,0.0137,0.02778,0.0,0.0,0.0,0.0,0.0,0.0,0.0,0.0,0.0
CariprazineLightDark_Individual:47,0.0339,0.03896,0.01648,0.0365,0.02752,0.02198,0.01319,0.02752,0.0339,0.01739,0.03067,0.0,0.02907
CariprazineLightDark_Individual:2;,0.00628,0.01042,0.00741,0.00752,0.0,0.01639,0.0051,0.01563,0.0,0.0,0.01096,0.0,0.0
CariprazineLightDark_Individual:28,0.0,0.00306,0.00578,0.01163,0.02532,0.0093,0.00181,0.00806,0.0,0.0137,0.00282,0.02041,0.01681
CariprazineLightDark_Individual:29,0.02835,0.01619,0.02044,0.03018,0.01563,0.03053,0.01132,0.01996,0.0,0.0,0.01737,0.0361,0.0
CariprazineLightDark_Individual:26,0.00474,0.02597,0.02924,0.01471,0.0,0.0303,0.01368,0.02786,0.0,0.01235,0.00489,0.01887,0.01563
CariprazineLightDark_Individual:6;,0.01754,0.01672,0.00636,0.01413,0.0,0.01765,0.01211,0.02375,0.01111,0.03191,0.02063,0.02332,0.01099
CariprazineLightDark_Individual:24,0.02478,0.02923,0.03132,0.03812,0.00806,0.00741,0.0,0.01356,0.0,0.01,0.02761,0.02066,0.01282
CariprazineLightDark_Individual:25,0.01775,0.00637,0.0,0.01575,0.0,0.00885,0.0119,0.03158,0.01786,0.01587,0.0,0.02083,0.02985
CariprazineLightDark_Individual:22,0.0,0.02128,0.01202,0.0,0.02597,0.0,0.01198,0.0,0.0,0.0,0.01961,0.02632,0.0
CariprazineLightDark_Individual:23,0.02117,0.02212,0.02576,0.02116,0.0198,0.01667,0.01982,0.03571,0.0122,0.0,0.00668,0.01613,0.0
CariprazineLightDark_Individual:20,0.02628,0.04,0.01327,0.00885,0.0,0.0098,0.00954,0.0122,0.01471,0.0,0.00804,0.04545,0.0
CariprazineLightDark_Individual:21,0.0,0.0,0.00712,0.20772,0.0,0.01796,0.01083,0.0,0.23913,0.1068,0.00565,0.0,0.0
CariprazineLightDark_Individual:34,0.00129,0.0,0.01418,0.00424,0.01599,0.01109,0.03819,0.04484,0.0165,0.00858,0.04144,0.02235,0.01917
CariprazineLightDark_Individual:38,0.00897,0.00186,0.00733,0.00665,0.0,0.0,0.0,0.00271,0.0,0.01887,0.01227,0.00885,0.0
CariprazineLightDark_Individual:35,0.03939,0.00659,0.00133,0.00163,0.01521,0.00864,0.00692,0.02389,0.03318,0.01695,0.01058,0.01053,0.01205
CariprazineLightDark_Individual:27,0.01418,0.03012,0.01357,0.02311,0.01887,0.0,0.01837,0.02417,0.0,0.0,0.01688,0.02655,0.0
CariprazineLightDark_Individual:11,0.0,0.0,0.00231,0.0,0.0,0.0,0.00815,0.0,0.03448,0.00885,0.02,0.0,0.0119
CariprazineLightDark_Individual:37,0.00709,0.01208,0.0209,0.02174,0.00971,0.02041,0.00167,0.0,0.01754,0.0,0.01039,0.01754,0.01786
CariprazineLightDark_Individual:36,0.01828,0.00175,0.00209,0.01695,0.01613,0.0,0.0,0.0,0.01176,0.0,0.0,0.03333,0.00258
CariprazineLightDark_Individual:5;,0.00374,0.01036,0.01702,0.02281,0.02913,0.02703,0.00297,0.02102,0.01266,0.02459,0.00337,0.015,0.0
CariprazineLightDark_Individual:9;,0.0,0.0,0.03448,0.2,0.14286,0.11111,0.0,0.0,0.0,0.06897,0.0,0.0,0.02222
CariprazineLightDark_Individual:31,0.02618,0.03448,0.01804,0.0,0.0,0.0,0.03185,0.01639,0.0,0.0,0.01911,0.02,0.01818
CariprazineLightDark_Individual:30,0.01754,0.0,0.02703,0.0,0.0,0.02564,0.01172,0.075,0.0,0.02941,0.0,0.0,0.0
CariprazineLightDark_Individual:1;,0.01389,0.0,0.00584,0.0,0.0,0.0,0.00179,0.01471,0.0,0.0,0.0,0.0,0.0
CariprazineLightDark_Individual:19,0.01695,0.01731,0.01309,0.01408,0.05814,0.04167,0.02419,0.01684,0.05263,0.02581,0.01026,0.03297,0.04225
CariprazineLightDark_Individual:18,0.00917,0.01553,0.00767,0.0104,0.02439,0.01,0.00418,0.0028,0.0,0.00787,0.00797,0.0,0.0
CariprazineLightDark_Individual:39,0.01064,0.00493,0.04403,0.01282,0.0,0.04348,0.0132,0.03175,0.0,0.0,0.02053,0.02262,0.0
CariprazineLightDark_Individual:33,0.00325,0.01544,0.0042,0.01351,0.0,0.0,0.0,0.0,0.01887,0.0,0.0,0.0,0.02439
CariprazineLightDark_Individual:3;,0.00277,0.00531,0.00333,0.00139,0.00826,0.00968,0.0,0.00682,0.0,0.01566,0.0,0.02577,0.01471
CariprazineLightDark_Individual:32,0.0,0.0,0.00509,0.01938,0.0119,0.00725,0.01677,0.0087,0.0,0.01639,0.01183,0.00743,0.01515
CariprazineLightDark_Individual:13,0.01253,0.01009,0.0094,0.01024,0.03448,0.0463,0.00833,0.01266,0.07937,0.01527,0.0,0.01416,0.02597
CariprazineLightDark_Individual:12,0.00498,0.00454,0.0,0.01003,0.0,0.0,0.00648,0.02463,0.0,0.0,0.00962,0.01546,0.01724
CariprazineLightDark_Individual:7;,0.00567,0.00489,0.00578,0.01449,0.01563,0.00322,0.00978,0.0219,0.01493,0.00361,0.02183,0.01,0.00592
CariprazineLightDark_Individual:10,0.03867,0.01911,0.01554,0.02222,0.0,0.0,0.01449,0.0,0.0,0.0,0.02581,0.0,0.0
CariprazineLightDark_Individual:17,0.01347,0.01306,0.00816,0.01347,0.0,0.01579,0.01748,0.00985,0.00909,0.01163,0.00518,0.02899,0.0
CariprazineLightDark_Individual:16,0.0,0.03738,0.02016,0.05882,0.0,0.01429,0.00997,0.0,0.0,0.01796,0.02905,0.0625,0.03448
CariprazineLightDark_Individual:15,0.02169,0.01282,0.00806,0.01793,0.01389,0.02273,0.01479,0.02115,0.0,0.01887,0.01645,0.01653,0.01587
CariprazineLightDark_Individual:14,0.0035,0.00844,0.04239,0.04734,0.02381,0.01361,0.02159,0.01657,0.00461,0.0,0.01818,0.04119,0.01852
ClozapineLightDark_Individual:8;,0.0,0.00329,0.00549,0.00337,0.0,0.0,0.0065,0.00159,0.0,0.00131,0.00424,0.0,0.00251
ClozapineLightDark_Individual:48,0.0,0.00592,0.0146,0.0,0.0,0.0,0.0,0.05291,0.07692,0.0,0,0.0,0.0
ClozapineLightDark_Individual:4;,0.0,0.0,0.0,0.0,0.0,0.0,0.00177,0.00402,0.00294,0.00391,0.00422,0.00217,0.0
ClozapineLightDark_Individual:40,0.0,0.0,0.0,0.0,0.01449,0.0,0.0,0.0,0.0,0.0,0.0,0.0,0.0
ClozapineLightDark_Individual:41,0.00592,0.00557,0.00106,0.0,0.01695,0.00402,0.00252,0.00683,0.0,0.0125,0.0012,0.0073,0.01163
ClozapineLightDark_Individual:42,0.00146,0.00778,0.00115,0.00127,0.00463,0.00549,0.0,0.00135,0.01468,0.0087,0.00263,0.00969,0.0122
ClozapineLightDark_Individual:43,0.01515,0.0,0.0,0.0,0.0,0.0,0.0,0.0,0.0,0.0,0.02439,0.0,0.01786
ClozapineLightDark_Individual:44,0.0,0.00542,0.0,0.00427,0.00417,0.00378,0.0,0.0,0.01339,0.00658,0.0,0.0,0.0
ClozapineLightDark_Individual:45,0.0,0.00105,0.0,0.0,0.0,0.0,0.0,0.01471,0.01579,0.00529,0.00274,0.01571,0.00521
ClozapineLightDark_Individual:46,0.0,0.0,0.0,0,0.0,0.2,0,0.0,0.0,0.0,0.0,0.0,0.0
ClozapineLightDark_Individual:47,0.0,0.0,0.04054,0.03077,0.0,0.0,0,0.0,0.0,0.17391,0.0,0.16216,0.0
ClozapineLightDark_Individual:2;,0.0,0.00119,0.0,0.0016,0.0,0.0,0.00312,0.0,0.0,0.0,0.0,0.0,0.00222
ClozapineLightDark_Individual:28,0.00356,0.00524,0.00815,0.02273,0.0,0.0,0.0031,0.00904,0.0073,0.01099,0.01099,0.00682,0.00794
ClozapineLightDark_Individual:29,0.0,0.00144,0.00152,0.01025,0.00206,0.00517,0.0,0.00932,0.00699,0.00616,0.00378,0.00244,0.00265
ClozapineLightDark_Individual:26,0.00249,0.0,0.00117,0.0,0.0,0.00207,0.00292,0.0,0.0,0.0,0.00319,0.0,0.00412
ClozapineLightDark_Individual:6;,0.00971,0.00515,0.02134,0.01869,0.02419,0.0084,0.0249,0.03922,0.02885,0.03738,0.01747,0.01186,0.03974
ClozapineLightDark_Individual:24,0.00312,0.00155,0.00283,0.00137,0.01255,0.01333,0.00139,0.00311,0.01007,0.01373,0.00752,0.00825,0.04717
ClozapineLightDark_Individual:25,0.01351,0.00279,0.00575,0.0016,0.00296,0.00897,0.0026,0.00489,0.0076,0.0082,0.00615,0.01455,0.0
ClozapineLightDark_Individual:22,0.001,0.00645,0.00284,0.0024,0.00568,0.00147,0.0,0.00244,0.0,0.01399,0.00605,0.0,0.00407
ClozapineLightDark_Individual:23,0.00559,0.0,0.00414,0.0098,0.0,0.01266,0.00662,0.0,0.01087,0.01176,0.01071,0.04348,0.0
ClozapineLightDark_Individual:20,0.00399,0.01362,0.00306,0.02309,0.03043,0.00517,0.0157,0.0084,0.00426,0.0088,0.00344,0.0,0.01176
ClozapineLightDark_Individual:21,0.0,0.0,0.0,0.0,0.0,0.0,0.01031,0.0,0.0,0.0,0.0,0.0,0.0
ClozapineLightDark_Individual:34,0.00549,0.0069,0.00423,0.00803,0.0,0.00134,0.00324,0.0067,0.0,0.00303,0.0,0.0028,0.00376
ClozapineLightDark_Individual:38,0.00141,0.00218,0.00204,0.00464,0.00787,0.01354,0.00462,0.00357,0.0,0.00455,0.00363,0.00796,0.0
ClozapineLightDark_Individual:35,0.00592,0.0,0.00594,0.00786,0.0,0.00323,0.01083,0.00587,0.0,0.0,0.01232,0.0016,0.00957
ClozapineLightDark_Individual:27,0.01111,0.00301,0.01606,0.03145,0.0,0.01835,0.00494,0.00784,0.00332,0.02439,0.00171,0.00696,0.00405
ClozapineLightDark_Individual:11,0.00412,0.01449,0.0,0.0,0.0,0.02326,0.0,0.0,0.0051,0.0,0.00281,0.0,0.00397
ClozapineLightDark_Individual:37,0.00763,0.0,0.00126,0.00213,0.01183,0.00803,0.00135,0.0,0.0,0.03352,0.00114,0.0,0.0
ClozapineLightDark_Individual:36,0.00448,0.0,0.00801,0.0,0.00769,0.0,0.00144,0.00348,0.01299,0.00542,0.00282,0.0,0.0
ClozapineLightDark_Individual:5;,0.01085,0.00362,0.00936,0.0198,0.00488,0.0,0.01657,0.02105,0.00881,0.00575,0.01044,0.01786,0.0
ClozapineLightDark_Individual:9;,0.00243,0.00407,0.0022,0.00873,0.00151,0.0111,0.00375,0.0024,0.00684,0.01598,0.01377,0.01395,0.00528
ClozapineLightDark_Individual:31,0.0,0.0,0.00578,0.0,0.0,0.0,0.00562,0.0,0.008,0.02632,0.0,0.0,0.0101
ClozapineLightDark_Individual:30,0.0,0.00481,0.0,0.00607,0.01802,0.00168,0.00303,0.00772,0.0,0.00486,0.0,0.01285,0.0
ClozapineLightDark_Individual:1;,0.00881,0.0069,0.00333,0.00663,0.02222,0.02033,0.00615,0.00826,0.03147,0.00474,0.00737,0.00358,0.01929
ClozapineLightDark_Individual:19,0.01305,0.00998,0.0261,0.01988,0.0119,0.0,0.01635,0.00815,0.0,0.0,0.01567,0.00308,0.0
ClozapineLightDark_Individual:18,0.0,0.00988,0.00605,0.00571,0.0,0.01134,0.00399,0.00587,0.0,0.00315,0.01157,0.00442,0.02614
ClozapineLightDark_Individual:39,0.0,0.00352,0.0,0.0,0.00541,0.00407,0.00177,0.0,0.00565,0.0,0.0,0.0,0.0
ClozapineLightDark_Individual:33,0.0,0.0,0.01093,0.03226,0.0,0.0,0.00441,0.0137,0.0,0.0,0.02429,0.04286,0.0
ClozapineLightDark_Individual:3;,0.00105,0.00316,0.0012,0.00189,0.00567,0.00087,0.0,0.00256,0.0,0.00187,0.0,0.00281,0.00321
ClozapineLightDark_Individual:32,0.0,0.00152,0.0,0.0,0.0,0.00423,0.00108,0.00115,0.0,0.00258,0.00097,0.0,0.0
ClozapineLightDark_Individual:13,0.0036,0.0,0.0,0.0,0.01587,0.0125,0.0,0.0,0.0,0.0,0.0,0.0,0.0
ClozapineLightDark_Individual:12,0.02703,0.0,0.00196,0.02151,0.0,0.0,0.00216,0.0,0.0,0.0,0.00223,0.0,0.0
ClozapineLightDark_Individual:7;,0.01833,0.00562,0.00104,0.00456,0.00822,0.00314,0.00668,0.00569,0.00461,0.00529,0.00554,0.00243,0.00638
ClozapineLightDark_Individual:10,0.0,0.00281,0.00401,0.00143,0.0,0.00132,0.00239,0.00979,0.0,0.00598,0.01178,0.01156,0.00699
ClozapineLightDark_Individual:17,0.02454,0.00957,0.00308,0.03226,0.01961,0.0,0.01342,0.0,0.0,0.0,0.01754,0.0,0.05882
ClozapineLightDark_Individual:16,0.0,0.00847,0.00324,0.00397,0.0,0.00683,0.00108,0.0,0.00803,0.0087,0.00361,0.00115,0.02256
ClozapineLightDark_Individual:15,0.00685,0.0241,0.0,0.02857,0.0303,0.01149,0.02667,0.0,0.04225,0.01399,0.03448,0.0,0.0
ClozapineLightDark_Individual:14,0.00361,0.00386,0.00279,0.00238,0.01563,0.00407,0.00521,0.00715,0.01198,0.00619,0.00113,0.00642,0.0
CNOLightDark_Individual:8;,0.00399,0.00577,0.0,0.0,0.00439,0.00252,0.00194,0.00127,0.00143,0.0,0.00229,0.00367,0.00376
CNOLightDark_Individual:48,0.05031,0.02299,0.01877,0.00784,0.05051,0.02098,0.00265,0.01062,0.04564,0.01333,0.00898,0.00743,0.05
CNOLightDark_Individual:4;,0.00331,0.0,0.00242,0.00149,0.01075,0.0,0.00431,0.00498,0.00621,0.0,0.00762,0.00154,0.01316
CNOLightDark_Individual:40,0.00165,0.00602,0.00105,0.0075,0.0,0.01042,0.0039,0.0,0.0,0.00328,0.00318,0.0,0.03297
CNOLightDark_Individual:41,0.00343,0.00196,0.00117,0.00267,0.00371,0.00152,0.0,0.0,0.0,0.00117,0.0,0.00713,0.00151
CNOLightDark_Individual:42,0.00277,0.0066,0.0035,0.00419,0.0,0.00244,0.00123,0.00519,0.00405,0.00159,0.00127,0.00142,0.00326
CNOLightDark_Individual:43,0.00655,0.0,0.00825,0.00316,0.0,0.00114,0.00788,0.00395,0.01534,0.00398,0.00261,0.00801,0.00893
CNOLightDark_Individual:44,0.05792,0.01657,0.00923,0.02985,0.01648,0.0398,0.0,0.0,0.02339,0.03597,0.02372,0.03968,0.04762
CNOLightDark_Individual:45,0.00146,0.00277,0.00362,0.00917,0.02506,0.00413,0.0032,0.00334,0.00815,0.00514,0.00184,0.00313,0.00211
CNOLightDark_Individual:46,0.00759,0.00319,0.0,0.00122,0.00265,0.00314,0.00253,0.00437,0.0038,0.01164,0.0,0.00308,0.00229
CNOLightDark_Individual:47,0.01091,0.00209,0.00264,0.01943,0.00238,0.00255,0.00169,0.00749,0.0,0.0,0.00498,0.00229,0.00282
CNOLightDark_Individual:2;,0.0085,0.00427,0.00377,0.00414,0.00971,0.00552,0.00375,0.00137,0.00436,0.00579,0.0085,0.00262,0.0057
CNOLightDark_Individual:28,0.01541,0.01982,0.01695,0.01404,0.01229,0.00425,0.00503,0.00974,0.01235,0.00503,0.00602,0.00138,0.00323
CNOLightDark_Individual:29,0.01282,0.00721,0.00979,0.03211,0.0084,0.01629,0.01229,0.01458,0.01845,0.01087,0.01874,0.02532,0.0
CNOLightDark_Individual:26,0.01128,0.00566,0.00154,0.0015,0.08219,0.0289,0.00441,0.0,0.0,0.01961,0.01455,0.00787,0.00775
CNOLightDark_Individual:6;,0.00215,0.00311,0.00241,0.00178,0.0221,0.00417,0.00125,0.01616,0.00851,0.0085,0.00317,0.00692,0.01709
CNOLightDark_Individual:24,0.05357,0.05195,0.0122,0.03017,0.0,0.03846,0.03721,0.04412,0.0,0.0,0.0134,0.01556,0.0
CNOLightDark_Individual:25,0.00833,0.0092,0.00767,0.00597,0.0102,0.04651,0.00274,0.01563,0.06849,0.02941,0.0029,0.01145,0.00862
CNOLightDark_Individual:22,0.0093,0.00194,0.00947,0.00851,0.00627,0.00374,0.00382,0.00851,0.0,0.00217,0.00179,0.00427,0.00353
CNOLightDark_Individual:23,0.0011,0.0051,0.0,0.0,0.01523,0.00449,0.00106,0.0,0.00952,0.00253,0.0,0.0012,0.00403
CNOLightDark_Individual:20,0.01481,0.00901,0.01433,0.00687,0.03261,0.00971,0.0027,0.01775,0.0,0.0,0.01067,0.0307,0.0
CNOLightDark_Individual:21,0.01202,0.0098,0.00225,0.00251,0.02206,0.00522,0.00139,0.00322,0.00554,0.00473,0.00735,0.00153,0.00249
CNOLightDark_Individual:34,0.0049,0.0,0.00216,0.00759,0.00529,0.00437,0.01143,0.02137,0.00267,0.00513,0.01193,0.01806,0.00713
CNOLightDark_Individual:38,0.0,0.00636,0.00372,0.00308,0.01119,0.01235,0.00885,0.0,0.01961,0.00311,0.00936,0.01842,0.0
CNOLightDark_Individual:35,0.0029,0.00967,0.01046,0.02011,0.0068,0.01017,0.00478,0.00541,0.0061,0.01967,0.00369,0.00815,0.01465
CNOLightDark_Individual:27,0.00165,0.00266,0.00146,0.00792,0.00375,0.0,0.00513,0.00548,0.0,0.0,0.00139,0.00196,0.0
CNOLightDark_Individual:11,0.0,0.0023,0.00111,0.0021,0.0,0.00184,0.0,0.0023,0.0,0.0,0.0023,0.00132,0.00302
CNOLightDark_Individual:37,0.00141,0.00691,0.00347,0.01046,0.00554,0.00366,0.00254,0.0069,0.00407,0.01056,0.01217,0.00398,0.00844
CNOLightDark_Individual:36,0.00465,0.01071,0.00352,0.00612,0.03604,0.02273,0.01176,0.01048,0.0,0.0,0.00635,0.01435,0.00752
CNOLightDark_Individual:5;,0.0,0.00907,0.0029,0.00469,0.00515,0.0096,0.00924,0.0041,0.0,0.00551,0.00228,0.0093,0.0024
CNOLightDark_Individual:9;,0.00234,0.00107,0.0,0.00296,0.00155,0.0,0.00092,0.0,0.00314,0.0,0.0,0.00334,0.00557
CNOLightDark_Individual:31,0.01111,0.01493,0.00508,0.0,0.01415,0.00332,0.0,0.00205,0.0,0.01667,0.01047,0.01035,0.03788
CNOLightDark_Individual:30,0.0092,0.00694,0.00152,0.0,0.00258,0.00809,0.00162,0.01078,0.00351,0.00833,0.00168,0.01182,0.00488
CNOLightDark_Individual:1;,0.025,0.00621,0.00227,0.00435,0.06154,0.01818,0.00451,0.00621,0.03125,0.01099,0.00685,0.0099,0.01515
CNOLightDark_Individual:19,0.00862,0.00524,0.03226,0.01705,0.0,0.02381,0.02006,0.01961,0.0,0.02083,0.00627,0.0,0.07143
CNOLightDark_Individual:18,0.00437,0.00685,0.00297,0.00781,0.00166,0.00246,0.00626,0.00469,0.01359,0.00139,0.00952,0.0,0.00285
CNOLightDark_Individual:39,0.00998,0.00893,0.0,0.00657,0.0061,0.01036,0.00136,0.00297,0.01087,0.00317,0.00244,0.00426,0.00458
CNOLightDark_Individual:33,0.00698,0.00674,0.00432,0.00183,0.00227,0.01,0.00332,0.00239,0.0051,0.02412,0.0198,0.0,0.00226
CNOLightDark_Individual:3;,0.01176,0.0075,0.02028,0.05076,0.03704,0.02459,0.00584,0.06383,0.02532,0.008,0.0117,0.02308,0.01667
CNOLightDark_Individual:32,0.00496,0.00583,0.00514,0.00351,0.00973,0.0,0.00501,0.00138,0.00794,0.00578,0.00232,0.00535,0.0019
CNOLightDark_Individual:13,0.00151,0.00672,0.01411,0.00243,0.00828,0.003,0.01422,0.00605,0.00515,0.00405,0.00524,0.01426,0.00313
CNOLightDark_Individual:12,0.00583,0.00364,0.0,0.00119,0.00265,0.0,0.00192,0.00383,0.00245,0.00275,0.00101,0.00645,0.0
CNOLightDark_Individual:7;,0.01078,0.0,0.00103,0.00285,0.0,0.0068,0.00534,0.00172,0.10714,0.00198,0.00138,0.0,0.00709
CNOLightDark_Individual:10,0.00722,0.00111,0.0,0.00456,0.00491,0.00402,0.00313,0.0068,0.00266,0.00558,0.00464,0.01101,0.0023
CNOLightDark_Individual:17,0.00382,0.00343,0.00107,0.0,0.01955,0.00436,0.00677,0.01351,0.00597,0.01415,0.00157,0.00256,0.01619
CNOLightDark_Individual:16,0.00448,0.00632,0.0,0.00295,0.00767,0.00499,0.00154,0.0048,0.0,0.00253,0.0,0.00311,0.01141
CNOLightDark_Individual:15,0.00732,0.03022,0.00569,0.00359,0.02267,0.01493,0.01988,0.00632,0.0082,0.00392,0.00754,0.00731,0.00391
CNOLightDark_Individual:14,0.00541,0.002,0.0,0.01485,0.00535,0.01064,0.0,0.00833,0.0,0.00437,0.00346,0.08571,0.0
HaloperidolLightDark_Individual:8;,0.01011,0.0084,0.02789,0.01374,0.01858,0.01705,0.00498,0.0,0.01055,0.02321,0.00482,0.00467,0.03314
HaloperidolLightDark_Individual:48,0.01733,0.01078,0.03351,0.03854,0.01012,0.00824,0.02906,0.01977,0.00925,0.0071,0.0176,0.01022,0.01077
HaloperidolLightDark_Individual:4;,0.00437,0.00341,0.00212,0.00252,0.00416,0.00289,0.0,0.0,0.00448,0.00711,0.00112,0.00342,0.0086
HaloperidolLightDark_Individual:40,0.0,0.0,0.00557,0.00593,0.00301,0.00287,0.00761,0.01262,0.00262,0.00619,0.0123,0.01399,0.00242
HaloperidolLightDark_Individual:41,0.01186,0.0158,0.01108,0.01264,0.01438,0.01155,0.01114,0.01553,0.00542,0.00787,0.01466,0.01616,0.00759
HaloperidolLightDark_Individual:42,0.00807,0.00582,0.01685,0.00489,0.00187,0.01106,0.0059,0.00121,0.0,0.00282,0.00772,0.00265,0.00167
HaloperidolLightDark_Individual:43,0.0,0.0,0.0,0.00704,0.0,0.0,0.0099,0.01379,0.0099,0.02198,0.01629,0.01852,0.0297
HaloperidolLightDark_Individual:44,0.01763,0.03182,0.00622,0.00885,0.01676,0.0,0.00868,0.01639,0.0,0.01356,0.00883,0.01463,0.0
HaloperidolLightDark_Individual:45,0.01288,0.0,0.00163,0.0,0.00403,0.00247,0.00362,0.00482,0.00667,0.00613,0.00534,0.0073,0.00299
HaloperidolLightDark_Individual:46,0.00825,0.02632,0.04406,0.04691,0.08,0.02305,0.00531,0.01893,0.02273,0.03089,0.02706,0.03426,0.04444
HaloperidolLightDark_Individual:47,0.00752,0.00892,0.0048,0.00258,0.01126,0.00182,0.00556,0.01975,0.0,0.01147,0.00302,0.01071,0.00164
HaloperidolLightDark_Individual:2;,0.00131,0.00546,0.00201,0.00231,0.00488,0.00387,0.00837,0.00584,0.00322,0.00541,0.00232,0.0068,0.00295
HaloperidolLightDark_Individual:28,0.00225,0.00824,0.00313,0.00104,0.0015,0.00476,0.0,0.0,0.00337,0.00471,0.00317,0.00228,0.00432
HaloperidolLightDark_Individual:29,0.00248,0.008,0.00723,0.01796,0.00621,0.00329,0.01217,0.0124,0.0,0.00288,0.008,0.02183,0.00297
HaloperidolLightDark_Individual:26,0.00288,0.00513,0.0,0.0,0.04046,0.00615,0.00229,0.00429,0.02155,0.0133,0.0049,0.0,0.00226
HaloperidolLightDark_Individual:6;,0.01376,0.01556,0.0045,0.01348,0.01034,0.01406,0.01488,0.01179,0.0021,0.008,0.02123,0.01397,0.00209
HaloperidolLightDark_Individual:24,0.01209,0.00703,0.00556,0.00855,0.01307,0.02208,0.02505,0.02302,0.00478,0.01399,0.01142,0.01,0.00529
HaloperidolLightDark_Individual:25,0.01926,0.00667,0.02139,0.01143,0.0,0.02143,0.01883,0.01672,0.03318,0.00615,0.01055,0.01786,0.01361
HaloperidolLightDark_Individual:22,0.00967,0.01016,0.00453,0.01258,0.0,0.00575,0.00505,0.01933,0.00186,0.0,0.00651,0.01375,0.00223
HaloperidolLightDark_Individual:23,0.0,0.00637,0.01103,0.01412,0.00873,0.00311,0.0137,0.00491,0.00778,0.01458,0.01157,0.01763,0.02422
HaloperidolLightDark_Individual:20,0.0082,0.01681,0.00882,0.01422,0.0,0.00567,0.00909,0.00214,0.02128,0.00608,0.01515,0.00966,0.00952
HaloperidolLightDark_Individual:21,0.00593,0.00834,0.00776,0.00746,0.00509,0.00268,0.00703,0.0,0.0,0.0,0.00275,0.01504,0.0061
HaloperidolLightDark_Individual:34,0.0192,0.00385,0.04709,0.0,0.0068,0.00238,0.01093,0.0026,0.00272,0.01211,0.00855,0.00233,0.01663
HaloperidolLightDark_Individual:38,0.00107,0.00382,0.0,0.0,0.0,0.00115,0.00455,0.00351,0.0,0.00109,0.00114,0.0,0.0
HaloperidolLightDark_Individual:35,0.00439,0.03171,0.02765,0.02821,0.01449,0.02198,0.0172,0.02469,0.04425,0.01282,0.01227,0.07843,0.02073
HaloperidolLightDark_Individual:27,0.00262,0.00874,0.04906,0.06416,0.02385,0.01639,0.04172,0.0614,0.02489,0.03305,0.04674,0.03086,0.03125
HaloperidolLightDark_Individual:11,0.00331,0.00227,0.02386,0.01508,0.03236,0.01375,0.0048,0.00308,0.00565,0.0116,0.0017,0.00956,0.02088
HaloperidolLightDark_Individual:37,0.00978,0.00913,0.01949,0.00348,0.00551,0.02332,0.03011,0.00794,0.00476,0.04893,0.01137,0.00533,0.01305
HaloperidolLightDark_Individual:36,0.01397,0.01524,0.01015,0.01695,0.04225,0.02362,0.02646,0.02308,0.01481,0.0,0.02451,0.0,0.0
HaloperidolLightDark_Individual:5;,0.00546,0.0122,0.00528,0.00696,0.0,0.00732,0.0,0.02258,0.0,0.0,0.00212,0.02647,0.00962
HaloperidolLightDark_Individual:9;,0.03454,0.01471,0.01911,0.00393,0.01048,0.00129,0.00893,0.00868,0.00279,0.01072,0.00731,0.00756,0.00942
HaloperidolLightDark_Individual:31,0.00476,0.00579,0.0061,0.00485,0.0,0.00426,0.02674,0.0424,0.01091,0.01786,0.02797,0.01274,0.01807
HaloperidolLightDark_Individual:30,0.0,0.01515,0.01709,0.0,0.00966,0.0,0.00373,0.01183,0.01117,0.0,0.01587,0.00943,0.0
HaloperidolLightDark_Individual:1;,0.00463,0.00277,0.0017,0.00426,0.0087,0.00368,0.00612,0.00197,0.00498,0.00461,0.00272,0.00101,0.00426
HaloperidolLightDark_Individual:19,0.01655,0.00776,0.00423,0.00193,0.00263,0.00344,0.00649,0.0,0.00949,0.0039,0.004,0.00235,0.00711
HaloperidolLightDark_Individual:18,0.0,0.00275,0.0,0.00909,0.0,0.01176,0.00281,0.01587,0.0,0.0,0.0,0.0,0.0
HaloperidolLightDark_Individual:39,0.01389,0.00415,0.00323,0.00275,0.00279,0.00679,0.01277,0.01476,0.0,0.00544,0.0,0.00521,0.0
HaloperidolLightDark_Individual:33,0.04428,0.02144,0.0413,0.0303,0.00713,0.00635,0.02071,0.0112,0.02045,0.0338,0.02319,0.01351,0.02851
HaloperidolLightDark_Individual:3;,0.00821,0.00333,0.03602,0.01651,0.0169,0.03636,0.02313,0.03497,0.01235,0.0,0.02815,0.02174,0.02454
HaloperidolLightDark_Individual:32,0.01585,0.00775,0.02114,0.02885,0.00993,0.00392,0.00249,0.00439,0.02727,0.0028,0.0,0.00575,0.01008
HaloperidolLightDark_Individual:13,0.00291,0.00598,0.00695,0.00947,0.0084,0.01357,0.00363,0.01735,0.0,0.00645,0.00599,0.00406,0.0
HaloperidolLightDark_Individual:12,0.03793,0.01595,0.02456,0.0291,0.03887,0.05056,0.05357,0.06623,0.06667,0.05051,0.03763,0.05672,0.04063
HaloperidolLightDark_Individual:7;,0.00721,0.00214,0.01111,0.00893,0.04054,0.01026,0.00448,0.03082,0.0146,0.02606,0.02242,0.0,0.01364
HaloperidolLightDark_Individual:10,0.06543,0.02012,0.02613,0.02783,0.02019,0.01424,0.01447,0.01351,0.02198,0.01262,0.01329,0.00867,0.0065
HaloperidolLightDark_Individual:17,0.00917,0.0043,0.00522,0.00819,0.00155,0.00685,0.01305,0.01348,0.0,0.00549,0.0133,0.0102,0.00192
HaloperidolLightDark_Individual:16,0.00634,0.01436,0.01441,0.00664,0.01295,0.00173,0.01033,0.00843,0.00535,0.0,0.01213,0.00152,0.00777
HaloperidolLightDark_Individual:15,0.00597,0.00442,0.00124,0.0033,0.00205,0.00439,0.00222,0.00551,0.0,0.01165,0.00806,0.00274,0.0086
HaloperidolLightDark_Individual:14,0.00731,0.00966,0.00503,0.00192,0.00393,0.00178,0.0,0.00813,0.00356,0.00304,0.00272,0.00102,0.00907
NDMCHighLightDark_Individual:8;,0.01741,0,0.09091,0.0531,0.0,0.03846,0.0,0.0,0.0,0.01075,0.0,0.01299,0.00403
NDMCHighLightDark_Individual:48,0.01078,0.02165,0.01695,0.01966,0.0051,0.00847,0.0224,0.01846,0.00599,0.02439,0.0114,0.01549,0.00855
NDMCHighLightDark_Individual:4;,0.0103,0.01055,0.01111,0.02273,0.00797,0.0089,0.00455,0.01389,0.0,0.00758,0.01339,0.04762,0.0124
NDMCHighLightDark_Individual:40,0.01557,0.01293,0.00654,0.00602,0.03488,0.0,0.01031,0.01592,0.00699,0.00787,0.00358,0.01786,0.00287
NDMCHighLightDark_Individual:41,0.00228,0.00513,0.00581,0.00188,0.002,0.0,0.0012,0.00222,0.0,0.00122,0.00123,0.0,0.0
NDMCHighLightDark_Individual:42,0.00597,0.01279,0.00259,0.00848,0.00877,0.04019,0.01056,0.02241,0.00765,0.00916,0.00143,0.01732,0.00414
NDMCHighLightDark_Individual:43,0.01156,0.02967,0.01738,0.00832,0.02335,0.0,0.00844,0.00612,0.01064,0.00629,0.00149,0.00694,0.01493
NDMCHighLightDark_Individual:44,0.01456,0.00856,0.0062,0.00611,0.01471,0.01024,0.00646,0.00329,0.0,0.0,0.0,0.00513,0.0
NDMCHighLightDark_Individual:45,0.00471,0.00329,0.00993,0.00165,0.01493,0.0,0.01165,0.01485,0.0,0.00267,0.00965,0.00332,0.00484
NDMCHighLightDark_Individual:46,0.00322,0.00131,0.00598,0.00429,0.00369,0.0018,0.00964,0.00072,0.00923,0.00217,0.00061,0.00551,0.02041
NDMCHighLightDark_Individual:47,0.00236,0.00966,0.00133,0.00456,0.01845,0.03754,0.00084,0.00355,0.01141,0.00745,0.00399,0.0,0.02367
NDMCHighLightDark_Individual:2;,0.00322,0.00343,0.00198,0.00522,0.0,0.0,0.00251,0.00429,0.0,0.01124,0.0,0.0,0.0
NDMCHighLightDark_Individual:28,0.01151,0.02108,0.01909,0.01543,0.0,0.25,0.00688,0.02299,0.0,0.0,0.00867,0.0,0.05405
NDMCHighLightDark_Individual:29,0.03883,0.01455,0.03704,0.10811,0.02727,0.04188,0.09143,0.07216,0.10309,0.06742,0.03488,0.04938,0.03922
NDMCHighLightDark_Individual:26,0.0166,0.01224,0.01873,0.03268,0.02041,0.00806,0.01964,0.03248,0.04762,0.0087,0.01719,0.01779,0.0757
NDMCHighLightDark_Individual:6;,0.00362,0.00962,0.0144,0.01354,0.0,0.0,0.02611,0.02203,0.0,0.02484,0.01504,0.00917,0.03571
NDMCHighLightDark_Individual:24,0.00982,0.01594,0.01182,0.01227,0.02439,0.01365,0.02387,0.01263,0.02564,0.00388,0.00249,0.01705,0.05469
NDMCHighLightDark_Individual:25,0.00676,0.01538,0.02538,0.00589,0.01078,0.00528,0.0057,0.0,0.0,0.0,0.00297,0.16667,0.0
NDMCHighLightDark_Individual:22,0.02375,0.03807,0.03277,0.01368,0.01149,0.01654,0.00726,0.01053,0.01914,0.0,0.01233,0.00895,0.00667
NDMCHighLightDark_Individual:23,0.01261,0.02055,0.02003,0.0,0.00444,0.0,0.00182,0.00303,0.03448,0.00719,0.00617,0.00234,0.0
NDMCHighLightDark_Individual:20,0.01128,0.01312,0.02746,0.02558,0.00546,0.00894,0.01498,0.0034,0.01439,0.02051,0.01684,0.01246,0.0
NDMCHighLightDark_Individual:21,0.01958,0.00202,0.01113,0.0283,0.02941,0.0,0.01805,0.0274,0.0,0.0098,0.01111,0.09859,0.008
NDMCHighLightDark_Individual:34,0.01361,0.02439,0.03533,0.01245,0.0,0.025,0.01587,0.0,0.01923,0.02857,0.0,0.0,0.0
NDMCHighLightDark_Individual:38,0.00126,0.00479,0.00113,0.00875,0.01408,0.00203,0.00701,0.0044,0.00326,0.0,0.00225,0.00759,0.00352
NDMCHighLightDark_Individual:35,0.02083,0.02458,0.04733,0.01504,0.01775,0.08696,0.00269,0.0,0.02083,0.0,0.0,0.0,0.02817
NDMCHighLightDark_Individual:27,0.00914,0.01393,0.01411,0.02035,0.0203,0.05185,0.02151,0.03256,0.01724,0.02941,0.0343,0.0131,0.05076
NDMCHighLightDark_Individual:11,0.01911,0.02532,0.01857,0.0119,0.13333,0.238,0.0119,0.02198,0.1,0.0,0.0,0.0,0.0
NDMCHighLightDark_Individual:37,0.00477,0.00914,0.0089,0.01484,0.04734,0.00427,0.0017,0.0113,0.04118,0.00119,0.00533,0.0177,0.01758
NDMCHighLightDark_Individual:36,0.02804,0.02146,0.03977,0.02339,0.01316,0.0,0.02679,0.03896,0.0,0.01802,0.0,0.00926,0.0137
NDMCHighLightDark_Individual:5;,0.00432,0.01544,0.01799,0.02088,0.01278,0.00424,0.02427,0.02074,0.00444,0.01255,0.0109,0.00476,0.04918
NDMCHighLightDark_Individual:9;,0.0038,0.03333,0.00659,0.02542,0.0,0.0,0.0,0.0,0.0625,0.0,0.01299,0.04054,0.01471
NDMCHighLightDark_Individual:31,0.00687,0.01442,0.0,0.01852,0.02041,0.0,0.0,0.04444,0.0,0.02381,0.0,0.0102,0.00709
NDMCHighLightDark_Individual:30,0.02616,0.01252,0.02462,0.01053,0.0,0.0,0.00485,0.0,0.0,0.00505,0.00588,0.0625,0.0
NDMCHighLightDark_Individual:1;,0.01425,0.00738,0.02466,0.03139,0.09524,0.08333,0.01873,0.04636,0.03419,0.01667,0.01548,0.03614,0.03774
NDMCHighLightDark_Individual:19,0.02948,0.04515,0.00939,0.00413,0.02622,0.01396,0.00355,0.00807,0.01923,0.0,0.01185,0.02653,0.0
NDMCHighLightDark_Individual:18,0.01325,0.00932,0.00759,0.00233,0.00659,0.00697,0.00845,0.00597,0.01119,0.00276,0.00256,0.00166,0.0
NDMCHighLightDark_Individual:39,0.00514,0.0,0.00201,0.00207,0.00955,0.00364,0.00759,0.00549,0.0,0.0,0.00258,0.01215,0.0
NDMCHighLightDark_Individual:33,0.02807,0.0241,0.04651,0.125,0.0,0.01681,0.0375,0.03704,0.0,0.0,0.02439,0.01429,0.01149
NDMCHighLightDark_Individual:3;,0.00709,0.0172,0.02582,0.01043,0.02857,0.02703,0.00453,0.00664,0.02538,0.0,0.00251,0.00952,0.0262
NDMCHighLightDark_Individual:32,0.04265,0.03071,0.03417,0.0297,0.02581,0.02439,0.01395,0.0,0.01124,0.0,0.008,0.00775,0.00985
NDMCHighLightDark_Individual:13,0.00321,0.00357,0.0,0.0037,0.01106,0.00099,0.00163,0.0038,0.00765,0.0,0.00122,0.00281,0.01094
NDMCHighLightDark_Individual:12,0.01458,0.01296,0.00824,0.00617,0.0,0.0,0.01316,0.0,0.02222,0.0,0.01987,0.0,0.0
NDMCHighLightDark_Individual:7;,0.01361,0.15625,0.03797,0.01709,0.04545,0.04444,0.0,0.01563,0.01786,0.01515,0.00971,0.0,0.0119
NDMCHighLightDark_Individual:10,0.01029,0.01411,0.01132,0.0625,0.09,0.04808,0.04762,0.05556,0.0963,0.01508,0.0137,0.0,0.02128
NDMCHighLightDark_Individual:17,0.00114,0.00105,0.0019,0.00264,0.0027,0.00117,0.0026,0.0,0.02098,0.01684,0.00312,0.00354,0.03436
NDMCHighLightDark_Individual:16,0.00368,0.0025,0.0,0.00417,0.01033,0.0,0.00126,0.00275,0.00263,0.0,0.0,0.00282,0.0
NDMCHighLightDark_Individual:15,0.00177,0.00364,0.00192,0.0,0.0,0.0,0.00783,0.00259,0.0,0.0,0.00795,0.0,0.0
NDMCHighLightDark_Individual:14,0.00384,0.0,0.00177,0.00285,0.01961,0.01042,0.00258,0.01038,0.0,0.01796,0.00588,0.00338,0.0
NDMCLightDark_Individual:8;,0.0,0.0041,0.00231,0.00574,0.00441,0.00251,0.00241,0.0,0.02762,0.00957,0.00143,0.0,0.00282
NDMCLightDark_Individual:48,0.00935,0.01538,0.01094,0.01036,0.00709,0.0,0.01923,0.01218,0.0,0.01647,0.00906,0.00461,0.00685
NDMCLightDark_Individual:4;,0.01471,0.01242,0.00184,0.00828,0.0,0.00778,0.00583,0.02139,0.01136,0.04301,0.00445,0.00575,0.03448
NDMCLightDark_Individual:40,0.00329,0.00501,0.00889,0.00332,0.00893,0.00378,0.0,0.0022,0.0,0.00923,0.00097,0.00226,0.00806
NDMCLightDark_Individual:41,0.0729,0.09153,0.02273,0.03511,0.01203,0.01286,0.00611,0.00155,0.02589,0.01429,0.00306,0.00506,0.0186
NDMCLightDark_Individual:42,0.00655,0.00452,0.01595,0.00847,0.00996,0.00686,0.01049,0.00613,0.0029,0.00773,0.00905,0.01205,0.01443
NDMCLightDark_Individual:43,0.0033,0.00766,0.00901,0.00242,0.00659,0.00561,0.00121,0.00226,0.01449,0.0,0.00151,0.00194,0.00719
NDMCLightDark_Individual:44,0.00164,0.00254,0.00127,0.00245,0.00166,0.00463,0.0,0.0,0.00242,0.0034,0.00261,0.0,0.00308
NDMCLightDark_Individual:45,0.00919,0.01009,0.00427,0.00498,0.00628,0.00615,0.0047,0.00169,0.0,0.00179,0.0,0.00723,0.0
NDMCLightDark_Individual:46,0.01001,0.01078,0.00588,0.01868,0.01192,0.01858,0.01333,0.01647,0.02918,0.0218,0.01774,0.01517,0.01299
NDMCLightDark_Individual:47,0.00406,0.00657,0.01659,0.00865,0.00189,0.01473,0.01024,0.00913,0.00474,0.00581,0.01082,0.00775,0.0
NDMCLightDark_Individual:2;,0.0043,0.00167,0.0043,0.01022,0.01157,0.00169,0.00334,0.0035,0.01115,0.00532,0.0,0.01948,0.0166
NDMCLightDark_Individual:28,0.00714,0.01112,0.01181,0.011,0.00487,0.00496,0.01543,0.01592,0.00396,0.00676,0.016,0.00697,0.00794
NDMCLightDark_Individual:29,0.00515,0.00214,0.00926,0.00589,0.00936,0.00117,0.00902,0.00517,0.00311,0.00449,0.00857,0.00394,0.0
NDMCLightDark_Individual:26,0.00661,0.00402,0.0141,0.00397,0.00559,0.00504,0.01153,0.00311,0.00469,0.0,0.00908,0.00303,0.00882
NDMCLightDark_Individual:6;,0.00278,0.00729,0.0012,0.00742,0.01818,0.0102,0.00158,0.00335,0.0,0.01476,0.00308,0.00421,0.00775
NDMCLightDark_Individual:24,0.00318,0.00495,0.00214,0.00237,0.00609,0.00268,0.0027,0.00173,0.00443,0.00442,0.00151,0.00296,0.0
NDMCLightDark_Individual:25,0.00472,0.00128,0.01544,0.00372,0.00329,0.00862,0.01346,0.01004,0.00778,0.00984,0.00676,0.01619,0.0
NDMCLightDark_Individual:22,0.0,0.00545,0.00307,0.00375,0.0017,0.00806,0.00335,0.01043,0.00556,0.00655,0.00618,0.02532,0.02083
NDMCLightDark_Individual:23,0.00496,0.0023,0.0025,0.00093,0.00589,0.003,0.00372,0.00489,0.00157,0.00194,0.00583,0.00568,0.00528
NDMCLightDark_Individual:20,0.00658,0.00233,0.01714,0.00426,0.00228,0.01634,0.00151,0.0074,0.00858,0.0,0.004,0.0096,0.0
NDMCLightDark_Individual:21,0.01961,0.01665,0.01724,0.02424,0.00873,0.02481,0.03038,0.03904,0.0,0.0,0.01751,0.01304,0.0
NDMCLightDark_Individual:34,0.00464,0.0076,0.00329,0.0064,0.00577,0.0042,0.00362,0.00809,0.00742,0.00531,0.01084,0.00896,0.00686
NDMCLightDark_Individual:38,0.003,0.0,0.00094,0.00253,0.00154,0.00417,0.00117,0.0,0.0,0.0,0.0,0.0,0.0
NDMCLightDark_Individual:35,0.00171,0.00462,0.0117,0.00242,0.00946,0.00394,0.0057,0.00945,0.033,0.008,0.00456,0.00683,0.01014
NDMCLightDark_Individual:27,0.0034,0.00299,0.00126,0.00319,0.00196,0.00275,0.00169,0.00512,0.00234,0.00323,0.01559,0.00197,0.00548
NDMCLightDark_Individual:11,0.00236,0.00089,0.00317,0.00199,0.00852,0.00541,0.0018,0.00489,0.0,0.00146,0.00205,0.00151,0.0
NDMCLightDark_Individual:37,0.01038,0.0064,0.00629,0.01013,0.01481,0.00167,0.00255,0.03745,0.01429,0.01418,0.00649,0.03571,0.0
NDMCLightDark_Individual:36,0.03359,0.04668,0.02143,0.0338,0.01786,0.0,0.06098,0.04037,0.0,0.0,0.02083,0.02459,0.0
NDMCLightDark_Individual:5;,0.00876,0.01132,0.00516,0.00894,0.02727,0.0,0.00287,0.01149,0.03409,0.00205,0.00151,0.00388,0.00667
NDMCLightDark_Individual:9;,0.00604,0.00164,0.00117,0.00122,0.00264,0.01663,0.00252,0.00449,0.00467,0.00474,0.00143,0.01173,0.0
NDMCLightDark_Individual:31,0.00435,0.00858,0.00177,0.00523,0.04494,0.01609,0.02392,0.01724,0.0093,0.01813,0.01961,0.01111,0.00269
NDMCLightDark_Individual:30,0.01065,0.00548,0.00824,0.00434,0.0,0.01099,0.00362,0.0,0.00994,0.00753,0.00871,0.00293,0.0
NDMCLightDark_Individual:1;,0.02128,0.02703,0.00775,0.0,0.0,0.0,0.01709,0.0,0.0,0.0,0.0,0.0,0.03774
NDMCLightDark_Individual:19,0.01538,0.03846,0.0124,0.00653,0.00887,0.00753,0.00406,0.00429,0.0016,0.00323,0.00197,0.019,0.00743
NDMCLightDark_Individual:18,0.00916,0.00799,0.00376,0.00529,0.02135,0.00917,0.00535,0.00312,0.00407,0.00281,0.0,0.0018,0.00679
NDMCLightDark_Individual:39,0.0,0.00163,0.00386,0.00143,0.0,0.00206,0.00455,0.0,0.00495,0.01653,0.00283,0.00162,0.0
NDMCLightDark_Individual:33,0.0,0.00339,0.00249,0.00256,0.0019,0.0,0.00149,0.0,0.0,0.0,0.0,0.0,0.00654
NDMCLightDark_Individual:3;,0.00541,0.00144,0.00366,0.0025,0.00798,0.00497,0.0,0.00133,0.0018,0.00154,0.0012,0.00297,0.00593
NDMCLightDark_Individual:32,0.01311,0.0,0.0,0.0,0.01099,0.01613,0.0,0.0,0.0,0.0,0.0,0.0,0.0
NDMCLightDark_Individual:13,0.00281,0.00345,0.00105,0.00125,0.00302,0.00122,0.00126,0.00405,0.0039,0.0027,0.00134,0.00455,0.00893
NDMCLightDark_Individual:12,0.00639,0.00363,0.00259,0.00789,0.01608,0.0,0.01377,0.02544,0.00879,0.00619,0.00597,0.00842,0.00602
NDMCLightDark_Individual:7;,0.00733,0.00583,0.00434,0.00425,0.00467,0.00344,0.00899,0.00455,0.00133,0.00113,0.00544,0.00418,0.00528
NDMCLightDark_Individual:10,0.01333,0.01276,0.02261,0.01911,0.0,0.01674,0.01847,0.01156,0.0177,0.00966,0.02235,0.03976,0.0
NDMCLightDark_Individual:17,0.01181,0.01074,0.00516,0.00234,0.01891,0.01147,0.00108,0.0092,0.01277,0.00833,0.00134,0.0084,0.01818
NDMCLightDark_Individual:16,0.00275,0.0034,0.00909,0.00649,0.00478,0.0021,0.00316,0.00592,0.01389,0.0,0.00422,0.00374,0.00461
NDMCLightDark_Individual:15,0.00274,0.0,0.00093,0.00104,0.00132,0.00104,0.0,0.00121,0.0,0.0,0.0,0.0,0.0
NDMCLightDark_Individual:14,0.00968,0.00361,0.00553,0.00439,0.00811,0.00344,0.00725,0.00746,0.00524,0.00602,0.00728,0.0075,0.01324
OSU6162LightDark_Individual:8;,0.00855,0.01353,0.0053,0.0208,0.02404,0.0289,0.00629,0.0092,0.0,0.00481,0.00157,0.00458,0.01333
OSU6162LightDark_Individual:48,0.00794,0.01892,0.00674,0.00817,0.00444,0.0237,0.01259,0.01489,0.00281,0.00359,0.00406,0.00792,0.0162
OSU6162LightDark_Individual:4;,0.0,0.00311,0.0,0.0,0.00388,0.00316,0.00372,0.00471,0.0,0.00394,0.00163,0.00211,0.0
OSU6162LightDark_Individual:40,0.00139,0.01599,0.00327,0.00598,0.00235,0.00254,0.01156,0.01331,0.00496,0.00251,0.00411,0.00593,0.00996
OSU6162LightDark_Individual:41,0.00632,0.01411,0.0043,0.00877,0.0,0.01299,0.00428,0.01732,0.0,0.0,0.00249,0.00714,0.0
OSU6162LightDark_Individual:42,0.00266,0.00261,0.00119,0.00255,0.00789,0.0,0.00292,0.0,0.01606,0.0,0.0,0.00201,0.01333
OSU6162LightDark_Individual:43,0.01786,0.01207,0.00581,0.01639,0.0,0.01852,0.0,0.01196,0.0,0.02128,0.00851,0.00535,0.0
OSU6162LightDark_Individual:44,0.0,0.00559,0.0013,0.0,0.01261,0.0,0.0,0.00211,0.0,0.0,0.0,0.0,0.00389
OSU6162LightDark_Individual:45,0.00569,0.00404,0.00622,0.01237,0.00769,0.0,0.01031,0.00758,0.03008,0.0,0.01367,0.00192,0.00373
OSU6162LightDark_Individual:46,0.00687,0.0,0.01271,0.00485,0.0094,0.00794,0.00622,0.00549,0.0,0.0,0.00358,0.00441,0.00268
OSU6162LightDark_Individual:47,0.01289,0.00936,0.0092,0.03358,0.0,0.0,0.00565,0.01,0.0,0.02703,0.0021,0.00868,0.0
OSU6162LightDark_Individual:2;,0.00191,0.0104,0.01325,0.00191,0.01333,0.01911,0.00696,0.01791,0.0,0.0,0.01247,0.00637,0.07692
OSU6162LightDark_Individual:28,0.01465,0.05769,0.00389,0.01289,0.04167,0.07895,0.00823,0.00694,0.04808,0.0,0.0106,0.01084,0.02632
OSU6162LightDark_Individual:29,0.01336,0.04837,0.02418,0.02026,0.0087,0.0113,0.01377,0.00929,0.0,0.00993,0.00283,0.03061,0.00746
OSU6162LightDark_Individual:26,0.01493,0.00167,0.00717,0.01092,0.0,0.0,0.00949,0.01215,0.0,0.0,0.0,0.0,0.0
OSU6162LightDark_Individual:6;,0.01587,0.01592,0.00398,0.00735,0.02395,0.01105,0.0122,0.0,0.0,0.00391,0.0,0.00926,0.02247
OSU6162LightDark_Individual:24,0.00171,0.0,0.00449,0.0,0.0303,0.05,0.00187,0.01095,0.11111,0.22222,0.00549,0.01294,0.00595
OSU6162LightDark_Individual:25,0.00886,0.00385,0.0149,0.02643,0.025,0.00552,0.00938,0.01246,0.0109,0.00525,0.00868,0.0211,0.01629
OSU6162LightDark_Individual:22,0.00287,0.00613,0.02055,0.01476,0.0,0.00558,0.01266,0.01008,0.0084,0.00962,0.00746,0.02388,0.0
OSU6162LightDark_Individual:23,0.00125,0.00547,0.00125,0.00135,0.00382,0.00271,0.00602,0.00563,0.0,0.0,0.00409,0.00185,0.00538
OSU6162LightDark_Individual:20,0.00129,0.00333,0.00482,0.00437,0.01075,0.00375,0.00188,0.01515,0.0,0.0,0.01205,0.0,0.0
OSU6162LightDark_Individual:21,0.00581,0.00728,0.00404,0.0,0.01878,0.00467,0.00404,0.0,0.01212,0.0,0.0,0.0,0.0
OSU6162LightDark_Individual:34,0.00235,0.00366,0.00794,0.01441,0.00448,0.00137,0.01138,0.01017,0.01523,0.0,0.00945,0.01244,0.0
OSU6162LightDark_Individual:38,0.0054,0.00181,0.00542,0.00673,0.00602,0.00264,0.00231,0.00383,0.0,0.00556,0.01858,0.00829,0.00697
OSU6162LightDark_Individual:35,0.01176,0.01961,0.00197,0.01049,0.01075,0.04808,0.00304,0.00498,0.0,0.00667,0.0,0.01047,0.00935
OSU6162LightDark_Individual:27,0.00197,0.00641,0.00517,0.01008,0.05556,0.07692,0.00917,0.0,0.0,0.0,0.01362,0.00735,0.0
OSU6162LightDark_Individual:11,0.0,0.00539,0.00128,0.00835,0.0037,0.00792,0.0,0.00313,0.0,0.00291,0.0,0.00241,0.0
OSU6162LightDark_Individual:37,0.0,0.00112,0.0024,0.00292,0.04082,0.00196,0.00172,0.0,0.01064,0.0,0.0,0.00971,0.0
OSU6162LightDark_Individual:36,0.00158,0.00161,0.00325,0.0068,0.00787,0.00287,0.0022,0.00299,0.0,0.00342,0.0038,0.0,0.00303
OSU6162LightDark_Individual:5;,0.00522,0.0,0.00248,0.0063,0.02083,0.0,0.0,0.00373,0.0,0.00312,0.0,0.0,0.01395
OSU6162LightDark_Individual:9;,0.00565,0.0173,0.01075,0.00946,0.01989,0.0053,0.0016,0.02419,0.02479,0.00239,0.00405,0.04673,0.00549
OSU6162LightDark_Individual:31,0.00619,0.03119,0.02531,0.03183,0.01596,0.01114,0.0026,0.00997,0.00629,0.0048,0.00519,0.00161,0.0
OSU6162LightDark_Individual:30,0.00627,0.00793,0.00923,0.01351,0.03817,0.00763,0.01068,0.02155,0.0,0.00481,0.0018,0.01266,0.01205
OSU6162LightDark_Individual:1;,0.00292,0.01248,0.00804,0.00155,0.0184,0.00743,0.00188,0.01754,0.03175,0.0,0.0,0.0041,0.0181
OSU6162LightDark_Individual:19,0.01376,0.02206,0.0,0.01923,0.0,0.01205,0.0,0.0,0.00847,0.01961,0.00293,0.02,0.00791
OSU6162LightDark_Individual:18,0.00979,0.00693,0.0043,0.00849,0.00508,0.0082,0.00577,0.00245,0.03226,0.00332,0.00571,0.0,0.00444
OSU6162LightDark_Individual:39,0.00512,0.00689,0.00749,0.01786,0.01601,0.00566,0.00558,0.00996,0.00252,0.00428,0.00437,0.0126,0.0
OSU6162LightDark_Individual:33,0.00531,0.00704,0.0,0.00784,0.01242,0.00336,0.00668,0.0,0.0,0.00439,0.0,0.02183,0.00641
OSU6162LightDark_Individual:3;,0.0,0.0,0.00791,0.00898,0.0,0.0,0.00496,0.01132,0.0,0.0,0.0098,0.01515,0.0
OSU6162LightDark_Individual:32,0.00537,0.00235,0.00943,0.00394,0.0119,0.00297,0.00136,0.00447,0.0,0.00457,0.0,0.00175,0.00229
OSU6162LightDark_Individual:13,0.0,0.0,0.00383,0.00957,0.01923,0.02963,0.01,0.06,0.0,0.01149,0.00898,0.02256,0.0
OSU6162LightDark_Individual:12,0.0,0.00204,0.01072,0.0,0.0,0.0,0.00183,0.0,0.0,0.0,0.00236,0.0,0.0
OSU6162LightDark_Individual:7;,0.01241,0.01618,0.00729,0.00658,0.03165,0.0,0.00838,0.00901,0.0,0.00619,0.0028,0.00725,0.0
OSU6162LightDark_Individual:10,0.0155,0.01515,0.0018,0.03093,0.04202,0.00775,0.0027,0.03906,0.01316,0.00541,0.00621,0.0,0.0
OSU6162LightDark_Individual:17,0.0,0.00279,0.00423,0.00596,0.00469,0.01224,0.00203,0.00285,0.00633,0.00495,0.0036,0.00278,0.0
OSU6162LightDark_Individual:16,0.0042,0.00825,0.0128,0.00766,0.00493,0.02488,0.00252,0.01073,0.01724,0.0199,0.00776,0.00349,0.02759
OSU6162LightDark_Individual:15,0.01064,0.02256,0.0,0.01734,0.0,0.02381,0.00562,0.02094,0.01818,0.0,0.02158,0.0229,0.0
OSU6162LightDark_Individual:14,0.00546,0.00418,0.00231,0.00483,0.00159,0.00621,0.00256,0.0,0.0,0.00954,0.00298,0.00498,0.0
PCAP1LightDark_Individual:8;,0.02732,0.02116,0.0101,0.01812,0.0102,0.00391,0.02676,0.01554,0.04636,0.00654,0.03665,0.00909,0.04651
PCAP1LightDark_Individual:48,0.0,0.0,0.0,0.0,0.00313,0.01319,0.00211,0.0,0.0,0.0,0.0,0.0,0.00422
PCAP1LightDark_Individual:4;,0.03333,0.06742,0.02047,0.00909,0.0,0.0,0.01441,0.01299,0.0,0.01149,0.01163,0.05263,0.02151
PCAP1LightDark_Individual:40,0.0,0.0,0.0,0.0,0.0,0.01124,0.0,0.0,0.0,0.0,0.0,0.0,0.0
PCAP1LightDark_Individual:41,0.00337,0.03614,0.00606,0.0,0.0,0.0,0.00732,0.01515,0.0,0.00875,0.00315,0.00463,0.0
PCAP1LightDark_Individual:42,0.0,0.0,0.00498,0.03101,0.0,0.0,0.01583,0.02353,0.0,0.0,0.02711,0.02174,0.0
PCAP1LightDark_Individual:43,0.03614,0.00508,0.00221,0.00752,0.01508,0.02128,0.00965,0.01807,0.0,0.01205,0.00209,0.0,0.0
PCAP1LightDark_Individual:44,0.00826,0.02564,0.01381,0.02206,0.0,0.01538,0.02222,0.04211,0.0,0.0,0.01285,0.01163,0.0
PCAP1LightDark_Individual:45,0.0,0.0,0.0,0,0.0,0.03448,0.0,0.0,0.0,0.0,0.02041,0.0,0.0
PCAP1LightDark_Individual:46,0.0198,0.0,0.00216,0.01558,0.0,0.0,0.00943,0.01485,0.0,0.02857,0.01365,0.00568,0.02128
PCAP1LightDark_Individual:47,0.0,0.00952,0.00482,0.01064,0.0,0.01064,0.00541,0.0,0.0,0.0061,0.00213,0.0,0.0
PCAP1LightDark_Individual:2;,0.02454,0.03571,0.0,0.01579,0.02459,0.0,0.01064,0.00625,0.0084,0.02128,0.00225,0.00913,0.00909
PCAP1LightDark_Individual:28,0.00791,0.01176,0.0,0.00279,0.0,0.01493,0.0,0.0,0.02857,0.00592,0.0,0.0,0.01
PCAP1LightDark_Individual:29,0.02105,0.00463,0.01156,0.01471,0.0,0.0061,0.01316,0.1,0.0,0.00671,0.01379,0.00893,0.0
PCAP1LightDark_Individual:26,0.0,0.0219,0.02574,0.03125,0.0,0.0,0.04895,0.13043,0.0,0.07547,0.048,0.10204,0.06061
PCAP1LightDark_Individual:6;,0.0,0.0102,0.0,0.0,0.0,0.0,0.0,0.0,0.0,0.0,0.00357,0.0,0.0
PCAP1LightDark_Individual:24,0.01739,0.0,0.00514,0.00685,0.00474,0.01778,0.01474,0.00621,0.0,0.0,0.00643,0.0061,0.01786
PCAP1LightDark_Individual:25,0.01509,0.01247,0.01024,0.0,0.0125,0.04255,0.0152,0.01274,0.0,0.01667,0.00637,0.0,0.04167
PCAP1LightDark_Individual:22,0.0,0.00395,0.0,0.00535,0.01709,0.0,0.00294,0.00503,0.00595,0.00733,0.00619,0.0,0.00543
PCAP1LightDark_Individual:23,0.0,0.03289,0.01124,0.25,0.01124,0.0069,0.03111,0.0,0.15385,0.0,0.0,0.07143,0.0303
PCAP1LightDark_Individual:20,0.0,0.0,0.0,0.01515,0.0,0.03226,0.01163,0.0,0.0,0.02941,0.01543,0.008,0.0
PCAP1LightDark_Individual:21,0.0,0.0,0.01554,0.0,0.0,0.0,0.02007,0.0,0.0,0.02128,0.01449,0.0,0.0
PCAP1LightDark_Individual:34,0.0393,0.00388,0.00765,0.01835,0.01818,0.02083,0.00471,0.0,0.02326,0.0,0.0087,0.01869,0.0
PCAP1LightDark_Individual:38,0.00781,0.00338,0.00559,0.01942,0.01449,0.01235,0.01695,0.0,0.0,0.0,0.00939,0.0,0.0
PCAP1LightDark_Individual:35,0.00758,0.0125,0.00362,0.0,0.02586,0.01734,0.00935,0.0,0.00633,0.00769,0.00727,0.0051,0.01653
PCAP1LightDark_Individual:27,0.00857,0.01261,0.0,0.0,0.00599,0.0087,0.01053,0.00847,0.03409,0.0,0.01609,0.0,0.04167
PCAP1LightDark_Individual:11,0.00339,0.00466,0.01201,0.0,0.0,0.00445,0.01393,0.01695,0.0,0.00427,0.01937,0.01145,0.00769
PCAP1LightDark_Individual:37,0.05,0.01107,0.00687,0.01818,0.00515,0.00259,0.01938,0.0,0.01899,0.01031,0.00958,0.00424,0.00327
PCAP1LightDark_Individual:36,0.03556,0.00932,0.01134,0.0381,0.0,0.0,0.01449,0.01429,0.02299,0.0,0.0,0.0,0.03846
PCAP1LightDark_Individual:5;,0.00952,0.00418,0.01154,0.01493,0.01961,0.06757,0.01794,0.09756,0.04444,0.02222,0.00699,0.02941,0.05
PCAP1LightDark_Individual:9;,0.0036,0.01377,0.00353,0.0,0.00637,0.01333,0.00296,0.00498,0.0,0.00541,0.00242,0.0,0.0107
PCAP1LightDark_Individual:31,0.01212,0.0,0.00952,0.01099,0.00704,0.0,0.00904,0.0,0.0,0.0,0.00362,0.00649,0.0
PCAP1LightDark_Individual:30,0.0,0.0,0.0,0,0.0,0.0,0.00837,0.0,0.09091,0.0,0.02652,0.05333,0.09091
PCAP1LightDark_Individual:1;,0.03465,0.0,0.01008,0.0,0.0,0.0101,0.0,0.0,0.0,0.00515,0.00552,0.0,0.03226
PCAP1LightDark_Individual:19,0.01471,0.0303,0.0,0.0,0.00641,0.03797,0.00142,0.0,0.04082,0.02752,0.0,0.0,0.00606
PCAP1LightDark_Individual:18,0.00334,0.00176,0.0,0.0,0.00336,0.0,0.0,0.00521,0.00581,0.00426,0.0023,0.0,0.0
PCAP1LightDark_Individual:39,0.0,0.0,0.0,0.02083,0.01626,0.0,0.02286,0.0,0.0,0.01923,0.01744,0.0,0.0
PCAP1LightDark_Individual:33,0.0026,0.0055,0.00207,0.00771,0.00952,0.01187,0.0,0.0,0.00341,0.0,0.01198,0.00495,0.00935
PCAP1LightDark_Individual:3;,0.03509,0.08537,0.02576,0.0,0.0,0.0,0.01791,0.00617,0.01786,0.0,0.01289,0.00559,0.0
PCAP1LightDark_Individual:32,0.00939,0.02778,0.00739,0.01493,0.0,0.0,0.00181,0.01231,0.0,0.0,0.00422,0.0,0.00369
PCAP1LightDark_Individual:13,0.02353,0.00885,0.0,0.0,0.00769,0.00694,0.01013,0.0,0.0102,0.00855,0.01364,0.01299,0.0
PCAP1LightDark_Individual:12,0.01087,0.01395,0.00438,0.0,0.0093,0.0,0.00262,0.0,0.02732,0.0,0.0046,0.00314,0.0
PCAP1LightDark_Individual:7;,0.04438,0.0101,0.00461,0.00366,0.01481,0.0081,0.00977,0.0,0.01365,0.0,0.0084,0.00599,0.0
PCAP1LightDark_Individual:10,0.00552,0.00417,0.00305,0.0,0.01212,0.01754,0.00798,0.0,0.0,0.0122,0.0,0.0,0.0
PCAP1LightDark_Individual:17,0.00331,0.00243,0.0,0.0,0.0,0.0,0.00546,0.0,0.0,0.00299,0.00265,0.0,0.00391
PCAP1LightDark_Individual:16,0.00645,0.0035,0.00708,0.008,0.00585,0.01724,0.01107,0.0,0.0,0.0,0.01397,0.01639,0.00725
PCAP1LightDark_Individual:15,0.00407,0.00608,0.0,0.00685,0.0113,0.0,0.00281,0.0,0.00709,0.00922,0.00532,0.0,0.0
PCAP1LightDark_Individual:14,0.01948,0.01418,0.00467,0.00769,0.0045,0.00922,0.0,0.02326,0.008,0.0,0.00893,0.00629,0.0
PCAP2LightDark_Individual:8;,0.00557,0.00616,0.00589,0.0083,0.03601,0.00787,0.0038,0.01835,0.01695,0.03015,0.00467,0.01563,0.01667
PCAP2LightDark_Individual:48,0.00255,0.00765,0.02917,0.0,0.02239,0.02326,0.01093,0.01141,0.03502,0.06667,0.00362,0.0,0.02
PCAP2LightDark_Individual:4;,0.01882,0.00936,0.00858,0.01097,0.03846,0.01333,0.00763,0.0051,0.0,0.0098,0.00229,0.00517,0.0
PCAP2LightDark_Individual:40,0.00851,0.0,0.01087,0.0,0.07317,0.0,0.03409,0.0,0.0,0.0,0.01379,0.0,0.0
PCAP2LightDark_Individual:41,0.01223,0.03125,0.02435,0.01015,0.02138,0.05654,0.01821,0.00687,0.0229,0.01786,0.03627,0.00763,0.0
PCAP2LightDark_Individual:42,0.02151,0.0,0.01051,0.00215,0.05479,0.0,0.00242,0.0,0.04054,0.0,0.00223,0.0,0.02469
PCAP2LightDark_Individual:43,0.03704,0.02037,0.00552,0.00941,0.02513,0.0,0.00813,0.00857,0.01282,0.0,0.00477,0.0,0.00758
PCAP2LightDark_Individual:44,0.00189,0.00426,0.04609,0.0,0.0,0.01724,0.0137,0.0,0.0,0.0303,0.02128,0.0,0.0
PCAP2LightDark_Individual:45,0.01402,0.02462,0.03101,0.02013,0.0,0.02913,0.01493,0.02817,0.02273,0.03077,0.01408,0.025,0.06731
PCAP2LightDark_Individual:46,0.00125,0.01347,0.03584,0.02941,0.01546,0.0,0.02602,0.0,0.01379,0.0,0.0,0.0,0.01951
PCAP2LightDark_Individual:47,0.0125,0.01812,0.01734,0.01629,0.07576,0.0219,0.03896,0.0292,0.04651,0.03165,0.01282,0.01905,0.0
PCAP2LightDark_Individual:2;,0.00124,0.01008,0.00504,0.0119,0.00707,0.01157,0.00444,0.01088,0.00843,0.00422,0.00355,0.00972,0.02881
PCAP2LightDark_Individual:28,0.0,0.0,0.0119,0.0,0.0,0.25,0.03165,0.04762,0.0,0.05556,0.0,0.07143,0.01156
PCAP2LightDark_Individual:29,0.02098,0.01282,0.0,0.0,0.05263,0.07692,0.01987,0.0,0.0,0.0,0.00585,0,0.0
PCAP2LightDark_Individual:26,0.11905,0.01282,0.0037,0.0142,0.02564,0.03846,0.02321,0.0087,0.0202,0.05882,0.00897,0.01681,0.0
PCAP2LightDark_Individual:6;,0.00583,0.00866,0.00697,0.00592,0.01258,0.00437,0.0102,0.01028,0.03429,0.01408,0.0062,0.00743,0.01948
PCAP2LightDark_Individual:24,0.01944,0.0313,0.03899,0.0303,0,0.24108,0.01361,0.25,0.0,0.0,0.03846,0.04762,0.0
PCAP2LightDark_Individual:25,0.0,0.0119,0.06736,0.09038,0.01031,0.04918,0.07692,0.07389,0.06186,0.02381,0.05047,0.05056,0.04435
PCAP2LightDark_Individual:22,0.00523,0.00395,0.01814,0.01471,0.0,0.00885,0.0,0.0,0.0,0.0,0.0125,0.0,0.02174
PCAP2LightDark_Individual:23,0.00259,0.00224,0.00363,0.00611,0.0,0.0,0.01057,0.0,0.0,0.0,0.01201,0.00862,0.0
PCAP2LightDark_Individual:20,0.01573,0.00267,0.00557,0.00383,0.025,0.01395,0.00674,0.0,0.00784,0.01487,0.00425,0.00412,0.0201
PCAP2LightDark_Individual:21,0.01524,0.00828,0.03987,0.08,0.0,0.0,0.02344,0.03546,0.0,0.0,0.00376,0.00935,0.0
PCAP2LightDark_Individual:34,0.01267,0.01244,0.00831,0.02041,0.04046,0.01374,0.02265,0.00957,0.00962,0.00987,0.03,0.00562,0.02299
PCAP2LightDark_Individual:38,0.00689,0.00448,0.00215,0.0037,0.01408,0.02013,0.00875,0.00791,0.0,0.05085,0.00288,0.02304,0.05769
PCAP2LightDark_Individual:35,0.01397,0.00171,0.00345,0.0,0.0,0.01031,0.0104,0.0,0.0,0.01345,0.00536,0.00877,0.0
PCAP2LightDark_Individual:27,0.00134,0.0,0.00273,0.00374,0.0,0.00175,0.00466,0.00733,0.00382,0.0,0.00175,0.0037,0.00496
PCAP2LightDark_Individual:11,0.0027,0.00613,0.01595,0.02759,0.04167,0.03587,0.01171,0.03106,0.0,0.0,0.01724,0.04819,0.02353
PCAP2LightDark_Individual:37,0.00482,0.01353,0.01754,0.05405,0.0,0.05,0.01835,0.02703,0.0,0.0,0.03247,0.04545,0.0
PCAP2LightDark_Individual:36,0.02737,0.01678,0.02621,0.02158,0.0,0.0,0.02387,0.01136,0.01754,0.01961,0.02318,0.0303,0.0
PCAP2LightDark_Individual:5;,0.0,0.0,0.00406,0.00191,0.02299,0.01942,0.00444,0.01622,0.0,0.0,0.01866,0.01042,0.0
PCAP2LightDark_Individual:9;,0.00302,0.00648,0.00247,0.00522,0.01471,0.03097,0.00585,0.0,0.0,0.02439,0.00601,0.00629,0.01481
PCAP2LightDark_Individual:31,0.04598,0.04082,0.0493,0.02899,0.0,0.0,0.00549,0.05172,0.0,0.02174,0.01117,0.0,0.0
PCAP2LightDark_Individual:30,0.00171,0.00644,0.0,0.0,0.02296,0.00828,0.02047,0.0,0.02,0.0,0.02145,0.02817,0.0241
PCAP2LightDark_Individual:1;,0.01497,0.0046,0.02837,0.03774,0.0,0.01176,0.01534,0.03509,0.01316,0.02222,0.00937,0.01408,0.0
PCAP2LightDark_Individual:19,0.02479,0.0292,0.02326,0.02514,0.09016,0.02299,0.01718,0.0,0.01379,0.03252,0.0,0.00694,0.02646
PCAP2LightDark_Individual:18,0.00744,0.00665,0.01497,0.01726,0.01852,0.0,0.00721,0.0041,0.05882,0.0,0.00823,0.01176,0.0
PCAP2LightDark_Individual:39,0.00433,0.01316,0.00683,0.0,0.13636,0.0,0.01613,0.0,0.01316,0.0,0.00595,0.0,0.01418
PCAP2LightDark_Individual:33,0.09524,0.0,0.02618,0.0,0.07143,0.20208,0.0,0.0,0.05,0.0,0.05263,0.0,0.03704
PCAP2LightDark_Individual:3;,0.00308,0.00521,0.00432,0.00542,0.01896,0.03352,0.02428,0.02076,0.0,0.00503,0.0241,0.00912,0.0303
PCAP2LightDark_Individual:32,0.02602,0.0,0.01449,0.025,0.01987,0,0.02062,0.0,0.0,0.0,0.0,0.0,0.0
PCAP2LightDark_Individual:13,0.0,0.0,0.08273,0.14286,0.01075,0.02041,0.12963,0.00971,0.0,0.0,0.01622,0.0,0.0
PCAP2LightDark_Individual:12,0.00766,0.00499,0.00583,0.01189,0.01059,0.00456,0.00557,0.00478,0.02419,0.00198,0.00779,0.0,0.0
PCAP2LightDark_Individual:7;,0.01396,0.00988,0.00574,0.01714,0.10811,0.0,0.00472,0.0,0.0,0.0,0.00709,0.01339,0.0
PCAP2LightDark_Individual:10,0.00603,0.00769,0.01632,0.00836,0.02569,0.01605,0.01839,0.02136,0.00769,0.00769,0.01373,0.02011,0.01136
PCAP2LightDark_Individual:17,0.03298,0.01678,0.00711,0.0163,0.03774,0.03017,0.00936,0.03077,0.16667,0.0,0.01559,0.00901,0.0625
PCAP2LightDark_Individual:16,0.00556,0.0098,0.0269,0.04127,0.02128,0.02165,0.02941,0.00823,0.00948,0.0,0.00587,0.02,0.01852
PCAP2LightDark_Individual:15,0.00569,0.00755,0.01744,0.00783,0.0,0.01435,0.00601,0.01357,0.00877,0.0119,0.01412,0.02759,0.0
PCAP2LightDark_Individual:14,0.00623,0.00367,0.0087,0.00702,0.01604,0.03623,0.0,0.0,0.0,0.0,0.00845,0.01099,0.0
PCAP814LightDark_Individual:8;,0.00857,0.01699,0.05818,0.05229,0.0463,0.0,0.01814,0.01268,0.01485,0.06091,0.1037,0.07107,0.16667
PCAP814LightDark_Individual:48,0.01006,0.0105,0.00958,0.01869,0.03019,0.01932,0.02431,0.03341,0.07692,0.09091,0.01186,0.02247,0.0
PCAP814LightDark_Individual:4;,0.01759,0.01432,0.00722,0.02954,0.02326,0.02632,0.03797,0.0,0.21406,0.0,0.025,0.0,0.0
PCAP814LightDark_Individual:40,0.00198,0.00477,0.0,0.0012,0.02,0.00248,0.00341,0.00602,0.01141,0.00274,0.0,0.01289,0.00667
PCAP814LightDark_Individual:41,0.00672,0.0,0.0,0.00474,0.00282,0.00096,0.00344,0.00287,0.00414,0.00458,0.00099,0.00803,0.00483
PCAP814LightDark_Individual:42,0.00889,0.01074,0.0109,0.01454,0.0,0.0068,0.01797,0.00957,0.0,0.00877,0.0122,0.00639,0.04
PCAP814LightDark_Individual:43,0.00624,0.0062,0.00416,0.01275,0.06944,0.00778,0.0056,0.0,0.025,0.04225,0.00495,0.02703,0.0
PCAP814LightDark_Individual:44,0.00238,0.00637,0.00686,0.0081,0.01242,0.0,0.00378,0.0,0.01389,0.00719,0.0,0.01299,0.00826
PCAP814LightDark_Individual:45,0.00214,0.00495,0.01044,0.02241,0.01735,0.00398,0.0109,0.01852,0.08772,0.0292,0.00903,0.02448,0.0
PCAP814LightDark_Individual:46,0.00195,0.00616,0.02386,0.01404,0.01423,0.01493,0.0327,0.03077,0.0,0.025,0.0198,0.02996,0.0
PCAP814LightDark_Individual:47,0.01499,0.00885,0.01471,0.025,0.02,0.03378,0.03398,0.02208,0.10559,0.03788,0.02564,0.05183,0.04324
PCAP814LightDark_Individual:2;,0.00145,0.00622,0.02181,0.06711,0.03571,0.0,0.01435,0.0,0.0,0.04,0.01282,0.0,0.0
PCAP814LightDark_Individual:28,0.00596,0.00667,0.01613,0.00528,0.0,0.0,0.00225,0.0,0.0,0.04348,0.00457,0.0,0.08333
PCAP814LightDark_Individual:29,0.00626,0.00112,0.0136,0.00328,0.0,0.0034,0.0101,0.0,0.125,0.0,0.00704,0.0,0.02778
PCAP814LightDark_Individual:26,0.0,0.0071,0.01382,0.0,0,0.0,0.0,0.0,0.24811,0,0.07692,0.0,0
PCAP814LightDark_Individual:6;,0.01705,0.0,0.01226,0.00746,0.01205,0.0,0.04054,0.24061,0.04255,0.0,0.0,0.0,0.0
PCAP814LightDark_Individual:24,0.00385,0.0,0.02115,0.0146,0.03653,0.02128,0.02375,0.0,0.0,0.04878,0.03614,0.01802,0.02857
PCAP814LightDark_Individual:25,0.01587,0.0032,0.00333,0.00116,0.05263,0.0,0.01382,0.0,0.0,0.0,0.00402,0.0,0.0678
PCAP814LightDark_Individual:22,0.01038,0.00867,0.01629,0.00327,0.02804,0.01639,0.0,0.01733,0.03571,0.01176,0.01698,0.01389,0.02041
PCAP814LightDark_Individual:23,0.00467,0.0,0.00932,0.0,0.0,0.02985,0.01185,0.02186,0.03333,0.0,0.02296,0.03093,0.03125
PCAP814LightDark_Individual:20,0.01263,0.01153,0.00329,0.02671,0.02532,0.00952,0.00522,0.01183,0.01124,0.0,0.01796,0.01899,0.0431
PCAP814LightDark_Individual:21,0.01159,0.01881,0.02425,0.01832,0.01333,0.01923,0.00943,0.00966,0.0,0.0,0.02016,0.02041,0.0
PCAP814LightDark_Individual:34,0.01459,0.01726,0.05589,0.05763,0.11194,0.03571,0.0,0.02273,0.01792,0.04828,0.0,0.4,0.16667
PCAP814LightDark_Individual:38,0.00215,0.00302,0.00311,0.00703,0.00898,0.00491,0.0078,0.00903,0.01685,0.01345,0.00694,0.00487,0.04192
PCAP814LightDark_Individual:35,0.02132,0.03759,0.02878,0.0524,0.1,0.06202,0.025,0.0,0.08333,0.0,0.00649,0.0,0.0479
PCAP814LightDark_Individual:27,0.00377,0.00895,0.02804,0.01786,0.0,0.0,0.00633,0.0,0.0,0.0,0.02941,0.0,0.07692
PCAP814LightDark_Individual:11,0.0315,0.01235,0.02711,0.03175,0.03371,0.0,0.00909,0.0,0.0,0.03409,0.01515,0.0,0.0
PCAP814LightDark_Individual:37,0.00274,0.00252,0.00297,0.00409,0.00551,0.0057,0.00442,0.00275,0.00297,0.0,0.00351,0.00562,0.03089
PCAP814LightDark_Individual:36,0.00637,0.00698,0.02378,0.06667,0.0,0.0,0.03738,0.0,0.00893,0.0,0.01327,0.0459,0.04348
PCAP814LightDark_Individual:5;,0.01505,0.0192,0.012,0.07407,0.0,0.04762,0.02206,0.0,0.02941,0.0,0.01471,0.0,0.0
PCAP814LightDark_Individual:9;,0.00905,0.01168,0.02265,0.04878,0.19585,0.0,0.03937,0.0,0.00763,0.0068,0.0,0.01778,0.05714
PCAP814LightDark_Individual:31,0.08209,0.08421,0.0878,0.07805,0.17742,0.08571,0.0,0.0,0.0,0.0,0.06667,0.0,0.0
PCAP814LightDark_Individual:30,0.01435,0.01887,0.02231,0.02817,0.2,0.07692,0.02299,0.02,0.0,0.0,0.02941,0.20837,0.21167
PCAP814LightDark_Individual:1;,0.0,0.0,0.00282,0.00647,0.0,0.23182,0.00556,0.03226,0.07143,0.0,0.01538,0.01333,0.0
PCAP814LightDark_Individual:19,0.00394,0.01045,0.01754,0.00898,0.1039,0.02817,0.02227,0.0,0.0,0.0,0.01395,0.03419,0.0
PCAP814LightDark_Individual:18,0.0,0.0,0.00532,0.00562,0.0073,0.01887,0.00694,0.0,0.03546,0.0,0.00606,0.0,0.00943
PCAP814LightDark_Individual:39,0.0,0.0,0.00855,0.01087,0.0,0.01575,0.01034,0.0,0.0,0.03846,0.00976,0.0,0.0
PCAP814LightDark_Individual:33,0.00501,0.01178,0.075,0.02941,0.04225,0.04167,0.0625,0.0219,0.01149,0.02885,0.04464,0.09091,0.01299
PCAP814LightDark_Individual:3;,0.02842,0.01064,0.01718,0.00897,0.02174,0.015,0.02111,0.00707,0.0,0.0274,0.00658,0.0,0.0
PCAP814LightDark_Individual:32,0.02439,0.0493,0.02667,0.05747,0.05618,0.04444,0.00532,0.0,0.0,0.09091,0.0,0.0,0.03704
PCAP814LightDark_Individual:13,0.0011,0.00618,0.00219,0.00252,0.00858,0.01722,0.00161,0.01538,0.01002,0.0023,0.00462,0.00603,0.00591
PCAP814LightDark_Individual:12,0.0,0.01053,0.01238,0.03516,0.04605,0.03448,0.0,0.0,0.0,0.03846,0.01333,0.02721,0.04878
PCAP814LightDark_Individual:7;,0.0,0.03371,0.01429,0.02679,0.03846,0.0,0.0,0.00422,0.04724,0.05263,0.16,0.0,0.07547
PCAP814LightDark_Individual:10,0,0.01282,0.02041,0.03125,0.08247,0.0,0.0,0.02381,0.13333,0.05634,0.07463,0.05833,0.04418
PCAP814LightDark_Individual:17,0.00112,0.00146,0.00288,0.01136,0.02183,0.0,0.00152,0.01078,0.01091,0.0029,0.00389,0.00549,0.00656
PCAP814LightDark_Individual:16,0.00551,0.00884,0.01406,0.01082,0.02941,0.00365,0.00166,0.02489,0.0,0.00847,0.0037,0.0118,0.02158
PCAP814LightDark_Individual:15,0.0,0.00375,0.0013,0.01863,0.0,0.00329,0.00361,0.0,0.0,0.00375,0.00539,0.0,0.00971
PCAP814LightDark_Individual:14,0.01656,0.00428,0.00655,0.0026,0.00379,0.01326,0.00658,0.00256,0.00552,0.01311,0.00726,0.00314,0.01333
PCAP931LightDark_Individual:8;,0.00264,0.00204,0.00141,0.00855,0.0,0.00295,0.00649,0.02,0.0,0.00587,0.0054,0.00318,0.0
PCAP931LightDark_Individual:48,0.00513,0.0,0.01402,0.0,0.0,0.02128,0.01364,0.0,0.0,0.0,0.00649,0.0,0.0
PCAP931LightDark_Individual:4;,0.00278,0.00263,0.00491,0.01545,0.04082,0.01894,0.02786,0.02548,0.01485,0.01754,0.0073,0.02198,0.0
PCAP931LightDark_Individual:40,0.01818,0.02597,0.02115,0.05376,0.0,0.04878,0.04701,0.0625,0,0.33333,0.0602,0.09524,0.05
PCAP931LightDark_Individual:41,0.01463,0.02222,0.00223,0.0087,0.0,0.04478,0.00402,0.0098,0.05319,0.01235,0.0,0.0,0.02143
PCAP931LightDark_Individual:42,0.0113,0.00356,0.00422,0.00542,0.01786,0.00633,0.00215,0.00815,0.0,0.0177,0.00462,0.00737,0.0
PCAP931LightDark_Individual:43,0.0055,0.00904,0.00305,0.00544,0.04348,0.01047,0.00323,0.025,0.03472,0.01951,0.00179,0.00591,0.03226
PCAP931LightDark_Individual:44,0.00364,0.00808,0.0,0.00952,0.0,0.00559,0.00189,0.00456,0.00847,0.0101,0.00192,0.00503,0.00633
PCAP931LightDark_Individual:45,0.00137,0.00273,0.00302,0.00167,0.00687,0.00271,0.00185,0.0,0.00617,0.00282,0.00813,0.00592,0.00826
PCAP931LightDark_Individual:46,0.0,0.0,0.01079,0.00285,0.0,0.0,0.01181,0.00625,0.0,0.0,0.01471,0.01266,0.0
PCAP931LightDark_Individual:47,0.0,0.01163,0.00347,0.00943,0.0,0.1,0.0,0.0438,0.0,0.0,0.01282,0.07018,0.0
PCAP931LightDark_Individual:2;,0.0,0.0,0.0,0.00171,0.01413,0.00955,0.01835,0.00671,0.0,0.0404,0.0,0.03,0.0
PCAP931LightDark_Individual:28,0.0068,0.01734,0.00696,0.01761,0.00602,0.00476,0.00647,0.02727,0.02419,0.02041,0.0163,0.05376,0.0
PCAP931LightDark_Individual:29,0.0,0.00357,0.01124,0.0,0.0,0.0,0.0,0.0,0.01282,0.02083,0.01852,0.02857,0.125
PCAP931LightDark_Individual:26,0.00588,0.00124,0.00599,0.01378,0.04207,0.01025,0.0121,0.01579,0.07071,0.03378,0.0,0.01818,0.0
PCAP931LightDark_Individual:6;,0.00768,0.01351,0.00181,0.0199,0.025,0.01224,0.01446,0.01923,0.00877,0.01739,0.0,0.02817,0.0
PCAP931LightDark_Individual:24,0.00128,0.01394,0.0067,0.01173,0.00463,0.0,0.00862,0.01299,0.0,0.0,0.00671,0.0068,0.02878
PCAP931LightDark_Individual:25,0.0,0.00625,0.01241,0.00444,0.0,0.02703,0.00543,0.125,0.03448,0.01613,0.00735,0.0,0.02222
PCAP931LightDark_Individual:22,0.00457,0.00391,0.00951,0.00593,0.01026,0.00423,0.03014,0.01772,0.0069,0.00307,0.00427,0.00233,0.02762
PCAP931LightDark_Individual:23,0.00323,0.00787,0.0172,0.00696,0.0,0.0,0.0,0.01429,0.0,0.00971,0.00849,0.00633,0.0
PCAP931LightDark_Individual:20,0.00491,0.00638,0.00226,0.01567,0.0101,0.00431,0.01253,0.01463,0.0,0.00427,0.00235,0.0,0.0137
PCAP931LightDark_Individual:21,0.0087,0.0,0.00703,0.01064,0.0,0.11111,0.00568,0.0,0.0,0.0,0.00538,0.0,0.0
PCAP931LightDark_Individual:34,0.00619,0.02113,0.0123,0.0211,0.0,0.01863,0.01185,0.0,0.0,0.02,0.00602,0.0367,0.025
PCAP931LightDark_Individual:38,0.0,0.0,0.00919,0.0,0.0,0.0,0.00333,0.0,0.0,0.01835,0.00337,0.0086,0.0
PCAP931LightDark_Individual:35,0.01141,0.0,0.01085,0.00696,0.0,0.00478,0.00423,0.01445,0.00565,0.0,0.01263,0.00281,0.0
PCAP931LightDark_Individual:27,0.0,0.00464,0.00459,0.0061,0.0,0.01786,0.01765,0.00847,0.0,0.00667,0.00948,0.05172,0.0
PCAP931LightDark_Individual:11,0.00376,0.002,0.00269,0.00424,0.03782,0.0049,0.0,0.00517,0.01807,0.00358,0.00275,0.00671,0.03333
PCAP931LightDark_Individual:37,0.00376,0.00225,0.00298,0.02,0.09091,0.02174,0.00407,0.09375,0.0,0.0625,0.00299,0.0,0.0
PCAP931LightDark_Individual:36,0.00534,0.00769,0.0076,0.01484,0.0274,0.00569,0.00366,0.01449,0.0,0.00358,0.0137,0.00669,0.00518
PCAP931LightDark_Individual:5;,0.02105,0.03056,0.02614,0.09272,0.01117,0.04094,0.11538,0.03509,0.0,0.07143,0.02381,0.03774,0.0597
PCAP931LightDark_Individual:9;,0.00481,0.0,0.00654,0.04132,0.0,0.0,0.0028,0.02747,0.05128,0.0,0.01208,0.0123,0.0
PCAP931LightDark_Individual:31,0.00367,0.00314,0.00159,0.0,0.0109,0.00243,0.00208,0.00248,0.0,0.00489,0.00437,0.00661,0.00262
PCAP931LightDark_Individual:30,0.0,0.01165,0.00701,0.02941,0.0,0.0,0.01056,0.0,0.0,0.0,0.00478,0.05556,0.0
PCAP931LightDark_Individual:1;,0.00197,0.0,0.0134,0.01476,0.01852,0.02703,0.01359,0.0,0.0,0.02941,0.02239,0.0,0.0
PCAP931LightDark_Individual:19,0.01106,0.02439,0.02007,0.05449,0.01942,0.02427,0.02,0.02415,0.0,0.00427,0.01092,0.04348,0.07143
PCAP931LightDark_Individual:18,0.0,0.00382,0.00178,0.01703,0.0073,0.0,0.01905,0.0463,0.00488,0.00309,0.0304,0.0186,0.02139
PCAP931LightDark_Individual:39,0.00168,0.00163,0.01345,0.01055,0.01132,0.00882,0.01152,0.01732,0.00332,0.00291,0.02347,0.00847,0.00469
PCAP931LightDark_Individual:33,0.01064,0.00817,0.01348,0.01172,0.01087,0.00389,0.00648,0.0,0.03226,0.0137,0.01333,0.01701,0.0
PCAP931LightDark_Individual:3;,0.00579,0.0,0.0,0.0,0.0,0.0,0.0,0.1,0.0,0.0,0.01058,0.0,0.0
PCAP931LightDark_Individual:32,0.00345,0.00316,0.00735,0.00611,0.01058,0.0,0.01323,0.02579,0.0,0.00444,0.00844,0.01832,0.0
PCAP931LightDark_Individual:13,0.00926,0,0.00917,0.04566,0.5,0.33333,0.01687,0.06742,0.21296,0.0,0.0303,0.02174,0.05882
PCAP931LightDark_Individual:12,0.01241,0.00319,0.00845,0.0059,0.0184,0.01481,0.00522,0.01038,0.01408,0.02134,0.0,0.0087,0.02094
PCAP931LightDark_Individual:7;,0.00362,0.01271,0.00201,0.0,0.01149,0.00599,0.00166,0.00518,0.03061,0.00847,0.00203,0.03101,0.00917
PCAP931LightDark_Individual:10,0.01429,0.01923,0.01829,0.01923,0.00741,0.01471,0.01356,0.03571,0.01935,0.0202,0.02553,0.0375,0.0
PCAP931LightDark_Individual:17,0.00763,0.01408,0.00471,0.0198,0.0,0.0,0.00816,0.02198,0.16667,0,0.01136,0.0,0
PCAP931LightDark_Individual:16,0.00269,0.00136,0.00452,0.00158,0.00475,0.0,0.00166,0.00227,0.00232,0.00732,0.00864,0.00503,0.01168
PCAP931LightDark_Individual:15,0.0,0.0,0.0,0.00794,0.0,0.0,0.0,0.02055,0.0241,0.0,0.00643,0.01114,0.01351
PCAP931LightDark_Individual:14,0.0,0.00458,0.00823,0.00563,0.0,0.02344,0.00577,0.00866,0.00313,0.00714,0.00225,0.01263,0.01154
