AripiprazoleLightDark_Individual:8;,0.03107,0.00449,0.01226,0.01992,0.0,0.00865,0.01634,0.00627,0.0,0.0,0.00266,0.0,0.0
AripiprazoleLightDark_Individual:48,0.03133,0.03659,0.01368,0.04091,0.02041,0.02439,0.04211,0.03465,0.0,0.02872,0.03175,0.01709,0.0
AripiprazoleLightDark_Individual:4;,0.03023,0.00808,0.00973,0.0228,0.0181,0.00847,0.02093,0.03571,0.01633,0.00707,0.01111,0.00971,0.01255
AripiprazoleLightDark_Individual:40,0.03576,0.02604,0.01902,0.04021,0.18919,0.03604,0.02492,0.0202,0.03401,0.00662,0.01159,0.05387,0.04082
AripiprazoleLightDark_Individual:41,0.03566,0.03154,0.01572,0.0446,0.07937,0.02817,0.03939,0.02985,0.02273,0.0,0.0375,0.05,0.08696
AripiprazoleLightDark_Individual:42,0.02564,0.01345,0.00816,0.01493,0.0375,0.00337,0.01425,0.01075,0.01339,0.0081,0.00651,0.0367,0.0
AripiprazoleLightDark_Individual:43,0.02987,0.0245,0.02118,0.01935,0.01775,0.0289,0.02924,0.03438,0.02846,0.01739,0.01099,0.03217,0.01739
AripiprazoleLightDark_Individual:44,0.04979,0.02713,0.02556,0.02174,0.0,0.02165,0.01064,0.02857,0.01099,0.01887,0.03139,0.0173,0.02247
AripiprazoleLightDark_Individual:45,0.04527,0.04303,0.00607,0.02749,0.01587,0.02381,0.00959,0.05806,0.02674,0.0037,0.02115,0.04167,0.01702
AripiprazoleLightDark_Individual:46,0.00336,0.0018,0.02182,0.0303,0.0,0.0061,0.00935,0.03419,0.0,0.0,0.01362,0.0122,0.0
AripiprazoleLightDark_Individual:47,0.05622,0.01699,0.02893,0.05963,0.0,0.03316,0.0317,0.05,0.06,0.02929,0.0311,0.03104,0.04545
AripiprazoleLightDark_Individual:2;,0.0094,0.01259,0.02047,0.02146,0.02466,0.03205,0.01494,0.06017,0.02752,0.01689,0.01958,0.02749,0.01563
AripiprazoleLightDark_Individual:28,0.04315,0.11111,0.00509,0.02349,0.02688,0.04545,0.01345,0.02319,0.02732,0.02823,0.02817,0.03226,0.01923
AripiprazoleLightDark_Individual:29,0.04318,0.02488,0.04128,0.05336,0.07828,0.03629,0.05393,0.04037,0.04918,0.02273,0.04709,0.06964,0.03459
AripiprazoleLightDark_Individual:26,0.03347,0.01487,0.00308,0.00256,0.06135,0.05118,0.0,0.01242,0.02247,0.04878,0.00328,0.0021,0.09783
AripiprazoleLightDark_Individual:6;,0.05882,0.05155,0.04144,0.02385,0.0229,0.02174,0.04294,0.01867,0.0,0.01563,0.02486,0.04038,0.09434
AripiprazoleLightDark_Individual:24,0.03691,0.03417,0.01383,0.01961,0.02924,0.04348,0.02133,0.05145,0.02703,0.05298,0.00838,0.04147,0.0
AripiprazoleLightDark_Individual:25,0.03581,0.02266,0.00898,0.01724,0.07853,0.02993,0.02957,0.0378,0.0524,0.06608,0.02915,0.02119,0.03681
AripiprazoleLightDark_Individual:22,0.03987,0.03481,0.02264,0.02574,0.02139,0.04497,0.02895,0.04762,0.05405,0.02752,0.0347,0.02239,0.02198
AripiprazoleLightDark_Individual:23,0.01585,0.02586,0.01685,0.02857,0.03247,0.02387,0.03115,0.05426,0.03292,0.02989,0.03282,0.03093,0.02283
AripiprazoleLightDark_Individual:20,0.04577,0.02342,0.03282,0.05602,0.02532,0.03604,0.02361,0.06333,0.0,0.01775,0.04435,0.06826,0.02105
AripiprazoleLightDark_Individual:21,0.04176,0.09266,0.02806,0.03226,0.06486,0.04242,0.03484,0.05051,0.01807,0.02809,0.04681,0.01042,0.04348
AripiprazoleLightDark_Individual:34,0.02618,0.01242,0.02286,0.02389,0.00968,0.02954,0.00893,0.00508,0.0,0.0,0.0,0.0,0.0
AripiprazoleLightDark_Individual:38,0.03117,0.02825,0.00732,0.01701,0.044,0.02564,0.00686,0.01576,0.0303,0.02008,0.0177,0.00903,0.0
AripiprazoleLightDark_Individual:35,0.01412,0.01,0.01048,0.02381,0.00958,0.02226,0.01231,0.02783,0.01319,0.01442,0.00417,0.00221,0.0098
AripiprazoleLightDark_Individual:27,0.00239,0.00314,0.00852,0.0117,0.00683,0.03679,0.01552,0.00319,0.01035,0.00881,0.01653,0.00486,0.00446
AripiprazoleLightDark_Individual:11,0.04904,0.04028,0.02405,0.06536,0.02353,0.02174,0.01758,0.01852,0.02655,0.01256,0.01493,0.0,0.00958
AripiprazoleLightDark_Individual:37,0.0166,0.01748,0.00855,0.02113,0.04348,0.03271,0.01033,0.03627,0.0678,0.05376,0.01458,0.0122,0.13208
AripiprazoleLightDark_Individual:36,0.0374,0.01357,0.022,0.02213,0.02976,0.03183,0.01279,0.03113,0.02264,0.0355,0.03502,0.01523,0.00346
AripiprazoleLightDark_Individual:5;,0.04486,0.02938,0.04202,0.02991,0.01176,0.02588,0.02151,0.01732,0.04851,0.0396,0.02712,0.03044,0.01299
AripiprazoleLightDark_Individual:9;,0.04854,0.01807,0.00511,0.00326,0.02024,0.01493,0.01337,0.00877,0.00549,0.0,0.00469,0.0,0.0
AripiprazoleLightDark_Individual:31,0.02911,0.00922,0.01738,0.02418,0.01742,0.00783,0.01394,0.01208,0.0,0.0,0.0,0.00771,0.0
AripiprazoleLightDark_Individual:30,0.01945,0.02312,0.02797,0.02576,0.04762,0.01923,0.02381,0.025,0.01402,0.02169,0.01238,0.0,0.03196
AripiprazoleLightDark_Individual:1;,0.0483,0.03459,0.0243,0.05405,0.05072,0.04608,0.03235,0.03371,0.02439,0.01111,0.03828,0.03704,0.0
AripiprazoleLightDark_Individual:19,0.04376,0.03018,0.03587,0.06859,0.0,0.05882,0.01821,0.03261,0.0,0.01923,0.01705,0.02,0.0
AripiprazoleLightDark_Individual:18,0.01965,0.01149,0.02073,0.04176,0.01389,0.01441,0.03544,0.0102,0.00481,0.01961,0.02978,0.01167,0.00338
AripiprazoleLightDark_Individual:39,0.01958,0.03094,0.01747,0.03333,0.03513,0.03586,0.02235,0.03824,0.0,0.01478,0.01718,0.04107,0.0
AripiprazoleLightDark_Individual:33,0.03812,0.03922,0.01812,0.01685,0.04933,0.03,0.02174,0.01449,0.0197,0.0566,0.00559,0.02083,0.02353
AripiprazoleLightDark_Individual:3;,0.06076,0.03783,0.03745,0.04472,0.03518,0.02786,0.0427,0.03695,0.03763,0.01894,0.02707,0.0274,0.01149
AripiprazoleLightDark_Individual:32,0.01148,0.0061,0.00596,0.02027,0.03261,0.00847,0.00606,0.01435,0.00298,0.0,0.0,0.00844,0.01036
AripiprazoleLightDark_Individual:13,0.01266,0.01754,0.01145,0.0253,0.04029,0.03273,0.01595,0.02299,0.01961,0.0125,0.03472,0.02041,0.02439
AripiprazoleLightDark_Individual:12,0.03358,0.04303,0.01873,0.02217,0.01961,0.02799,0.01898,0.00935,0.0131,0.00599,0.02395,0.00901,0.00447
AripiprazoleLightDark_Individual:7;,0.02329,0.01276,0.02231,0.04301,0.02094,0.01613,0.02167,0.03704,0.00338,0.0,0.01143,0.0,0.00439
AripiprazoleLightDark_Individual:10,0.03622,0.03239,0.02611,0.03687,0.03499,0.02982,0.03817,0.0471,0.0325,0.02256,0.02062,0.00503,0.01167
AripiprazoleLightDark_Individual:17,0.04688,0.03448,0.02033,0.05346,0.05351,0.04167,0.02421,0.01989,0.03734,0.01711,0.00885,0.01718,0.02734
AripiprazoleLightDark_Individual:16,0.03175,0.03461,0.04104,0.0274,0.01688,0.01984,0.03268,0.04706,0.01992,0.03143,0.03544,0.012,0.01156
AripiprazoleLightDark_Individual:15,0.02609,0.0346,0.01836,0.04844,0.05769,0.06077,0.02367,0.01916,0.04065,0.03017,0.00728,0.01222,0.05348
AripiprazoleLightDark_Individual:14,0.05776,0.04019,0.03302,0.03945,0.06667,0.07031,0.03458,0.02059,0.05405,0.05556,0.02053,0.02381,0.0
CariprazineLightDark_Individual:8;,0.04317,0.13725,0.03067,0.05,0.05714,0.03226,0.0197,0.0,0.02381,0.0,0.01695,0.01961,0.0
CariprazineLightDark_Individual:48,0.0365,0.11858,0.02389,0.08889,0.07018,0.02381,0.02116,0.07547,0.04255,0.0122,0.04444,0.04762,0.02632
CariprazineLightDark_Individual:4;,0.0613,0.03459,0.02829,0.06714,0.03774,0.05263,0.03347,0.05085,0.04255,0.04215,0.03409,0.08571,0.03401
CariprazineLightDark_Individual:40,0.03672,0.03393,0.00982,0.06742,0.09174,0.04667,0.01907,0.11864,0.04412,0.03318,0.00741,0.01596,0.05426
CariprazineLightDark_Individual:41,0.12069,0.16667,0.03767,0.0,0.0,0.10145,0.02865,0.01471,0.04,0.02469,0.05363,0.08824,0.04348
CariprazineLightDark_Individual:42,0.01389,0.0198,0.02132,0.00606,0.0,0.0,0.01245,0.05556,0.0,0.0,0.02222,0.02273,0.0
CariprazineLightDark_Individual:43,0.0599,0.03457,0.04094,0.04688,0.0,0.0,0.02141,0.03583,0.0,0.01923,0.03563,0.07653,0.0
CariprazineLightDark_Individual:44,0.0597,0.05775,0.02865,0.05882,0.06154,0.11321,0.07162,0.04762,0.04,0.11429,0.04,0.0241,0.04167
CariprazineLightDark_Individual:45,0.05789,0.06081,0.01144,0.03684,0.0,0.03226,0.0133,0.04255,0.05556,0.01205,0.0064,0.05405,0.0
CariprazineLightDark_Individual:46,0.0,0.0,0.0274,0.03704,0.0,0.0,0.00503,0.0,0.0,0.0,0.01515,0.0,0.0
CariprazineLightDark_Individual:47,0.04237,0.03896,0.04945,0.05839,0.06422,0.01099,0.04222,0.06422,0.0678,0.01739,0.04908,0.05882,0.04651
CariprazineLightDark_Individual:2;,0.05858,0.03993,0.03259,0.04511,0.0,0.18033,0.03316,0.0625,0.0,0.0303,0.03836,0.01626,0.02703
CariprazineLightDark_Individual:28,0.04695,0.04135,0.01541,0.03488,0.07595,0.05581,0.01805,0.03763,0.016,0.06849,0.02817,0.04082,0.05882
CariprazineLightDark_Individual:29,0.09021,0.03644,0.03931,0.06841,0.0,0.0458,0.04151,0.03104,0.0,0.0,0.067,0.06137,0.07143
CariprazineLightDark_Individual:26,0.04265,0.06494,0.04873,0.04902,0.0,0.04545,0.03419,0.05263,0.0,0.06173,0.02769,0.04582,0.0
CariprazineLightDark_Individual:6;,0.06287,0.06231,0.04454,0.05808,0.0,0.05882,0.04405,0.03958,0.06667,0.06915,0.03301,0.03207,0.03297
CariprazineLightDark_Individual:24,0.04071,0.06263,0.04474,0.0583,0.08871,0.05185,0.03104,0.07797,0.02198,0.04,0.03988,0.05785,0.10256
CariprazineLightDark_Individual:25,0.02959,0.01911,0.02385,0.02362,0.04878,0.00885,0.00992,0.02105,0.0,0.03175,0.01907,0.04167,0.01493
CariprazineLightDark_Individual:22,0.00717,0.04255,0.03006,0.02381,0.02597,0.03333,0.02096,0.00917,0.03125,0.01923,0.02696,0.01316,0.01923
CariprazineLightDark_Individual:23,0.05375,0.04425,0.0281,0.06878,0.08911,0.01667,0.03304,0.09286,0.0,0.08333,0.05122,0.04839,0.02
CariprazineLightDark_Individual:20,0.05255,0.065,0.0118,0.06195,0.0,0.02941,0.0229,0.02439,0.0,0.0,0.03485,0.02273,0.01515
CariprazineLightDark_Individual:21,0.00847,0.03846,0.03915,0.02473,0.01563,0.0,0.02166,0.0,0.02174,0.00971,0.03955,0.0,0.04348
CariprazineLightDark_Individual:34,0.05426,0.02164,0.0383,0.04802,0.03375,0.0523,0.05967,0.0583,0.033,0.03004,0.04144,0.05028,0.03195
CariprazineLightDark_Individual:38,0.03737,0.05195,0.01613,0.04656,0.07692,0.05405,0.02995,0.02981,0.0,0.0,0.03374,0.04867,0.0
CariprazineLightDark_Individual:35,0.11515,0.07743,0.02264,0.02941,0.13308,0.07343,0.02941,0.09215,0.09005,0.06295,0.03704,0.06316,0.12048
CariprazineLightDark_Individual:27,0.06738,0.09639,0.03017,0.07353,0.09434,0.05556,0.05306,0.04834,0.0,0.0,0.02532,0.04425,0.0
CariprazineLightDark_Individual:11,0.12088,0.08955,0.02309,0.0303,0.0,0.06757,0.0163,0.01667,0.10345,0.06195,0.008,0.05128,0.02381
CariprazineLightDark_Individual:37,0.02364,0.01208,0.04478,0.04348,0.02913,0.06122,0.01167,0.01869,0.03509,0.04167,0.01039,0.01754,0.03571
CariprazineLightDark_Individual:36,0.05483,0.01754,0.00628,0.0339,0.06452,0.0202,0.0,0.00463,0.01176,0.01786,0.01488,0.0,0.00775
CariprazineLightDark_Individual:5;,0.03861,0.05052,0.04058,0.07985,0.06796,0.00676,0.05045,0.07508,0.0,0.02459,0.02867,0.07,0.00746
CariprazineLightDark_Individual:9;,0.0,0.05172,0.00862,0.0,0.0,0.11111,0.05128,0.0,0.0,0.03448,0.01863,0.0,0.02222
CariprazineLightDark_Individual:31,0.04712,0.0,0.01804,0.0,0.04545,0.0,0.03822,0.01639,0.0,0.01639,0.01274,0.02,0.03636
CariprazineLightDark_Individual:30,0.0,0.03448,0.03041,0.0,0.0,0.02564,0.05078,0.05,0.0,0.05882,0.01575,0.0,0.03333
CariprazineLightDark_Individual:1;,0.04167,0.04762,0.00584,0.0289,0.05128,0.02941,0.01792,0.06618,0.0,0.02381,0.02302,0.01053,0.0
CariprazineLightDark_Individual:19,0.04468,0.04231,0.03928,0.05231,0.09302,0.14167,0.02621,0.05387,0.05263,0.12903,0.02308,0.03297,0.05634
CariprazineLightDark_Individual:18,0.03517,0.03571,0.0184,0.0312,0.06098,0.0575,0.01879,0.04762,0.10345,0.0,0.01793,0.03252,0.06422
CariprazineLightDark_Individual:39,0.0,0.02956,0.03774,0.03205,0.0,0.0,0.0297,0.08995,0.0,0.03448,0.03226,0.04072,0.0
CariprazineLightDark_Individual:33,0.02597,0.00772,0.0105,0.10811,0.04412,0.0,0.01156,0.5,0.0,0.05455,0.01322,0.04762,0.07317
CariprazineLightDark_Individual:3;,0.04294,0.0168,0.03111,0.0306,0.06612,0.03065,0.01668,0.02955,0.16667,0.03356,0.01271,0.07216,0.04412
CariprazineLightDark_Individual:32,0.04813,0.05166,0.01868,0.04651,0.04762,0.04348,0.02935,0.03478,0.025,0.0082,0.00888,0.02974,0.0303
CariprazineLightDark_Individual:13,0.02925,0.03909,0.04232,0.04778,0.06897,0.09259,0.03542,0.07806,0.04762,0.12977,0.02308,0.07082,0.05195
CariprazineLightDark_Individual:12,0.04478,0.05896,0.03602,0.04013,0.01176,0.06557,0.03672,0.03941,0.01754,0.01282,0.02404,0.04124,0.0431
CariprazineLightDark_Individual:7;,0.06241,0.03301,0.03324,0.0628,0.03125,0.02251,0.0489,0.0292,0.02985,0.04332,0.03057,0.01,0.02071
CariprazineLightDark_Individual:10,0.10497,0.06369,0.02591,0.02222,0.0,0.0,0.0087,0.0,0.0,0.03571,0.03871,0.0,0.04167
CariprazineLightDark_Individual:17,0.05387,0.05597,0.02773,0.04377,0.05607,0.02105,0.02622,0.02956,0.04545,0.02713,0.02073,0.05797,0.02778
CariprazineLightDark_Individual:16,0.05882,0.00935,0.04032,0.05882,0.0303,0.01429,0.01329,0.0,0.0,0.0479,0.02905,0.0,0.06897
CariprazineLightDark_Individual:15,0.05423,0.08974,0.02258,0.06972,0.04167,0.03409,0.03882,0.05438,0.0,0.00943,0.04112,0.04959,0.01587
CariprazineLightDark_Individual:14,0.02977,0.03376,0.03468,0.02367,0.02381,0.03401,0.01993,0.03315,0.00922,0.0,0.01091,0.02288,0.0
ClozapineLightDark_Individual:8;,0.03642,0.03399,0.0192,0.02361,0.02492,0.03315,0.03089,0.03668,0.02446,0.03285,0.03819,0.05096,0.02764
ClozapineLightDark_Individual:48,0.01695,0.0,0.0292,0.01515,0.0,0.0,0.0,0.0,0.0,0.0,0,0.0,0.0
ClozapineLightDark_Individual:4;,0.01653,0.01972,0.0073,0.01873,0.01901,0.00882,0.01413,0.03614,0.01471,0.03327,0.02954,0.02603,0.01923
ClozapineLightDark_Individual:40,0.0,0.02564,0.0404,0.0,0.01449,0.0,0.0,0.0,0.04348,0.0,0.0,0.0,0.0
ClozapineLightDark_Individual:41,0.03787,0.05345,0.02545,0.01288,0.01695,0.03815,0.0327,0.0273,0.06154,0.01607,0.02632,0.01825,0.01163
ClozapineLightDark_Individual:42,0.02489,0.03113,0.02301,0.02417,0.02315,0.01097,0.03004,0.02699,0.01101,0.02391,0.01577,0.00969,0.02236
ClozapineLightDark_Individual:43,0.07576,0.02128,0.00733,0.0,0.03571,0.0,0.01235,0.0,0.0,0.0,0.0,0.0,0.0
ClozapineLightDark_Individual:44,0.0218,0.01989,0.02086,0.01068,0.02083,0.01134,0.00809,0.00427,0.00893,0.00987,0.0,0.00893,0.01818
ClozapineLightDark_Individual:45,0.0148,0.01581,0.00734,0.01121,0.01812,0.02347,0.00535,0.0,0.02105,0.02116,0.0096,0.03141,0.02604
ClozapineLightDark_Individual:46,0.0,0.0,0.0,0,0.0,0.0,0,0.0,0.0,0.0,0.0,0.0,0.0
ClozapineLightDark_Individual:47,0.00909,0.0137,0.0,0.01538,0.0,0.0,0,0.0,0.0,0.0,0.0,0.0,0.0
ClozapineLightDark_Individual:2;,0.03799,0.02031,0.01108,0.02077,0.02559,0.02361,0.01092,0.03462,0.02288,0.03713,0.02022,0.02467,0.02667
ClozapineLightDark_Individual:28,0.03559,0.02443,0.01359,0.02652,0.07407,0.01818,0.0155,0.03074,0.0365,0.03022,0.01648,0.03182,0.01984
ClozapineLightDark_Individual:29,0.02851,0.02742,0.01364,0.02869,0.02268,0.0194,0.02475,0.06211,0.02797,0.04006,0.02457,0.04146,0.03439
ClozapineLightDark_Individual:26,0.03483,0.02614,0.01174,0.01277,0.03096,0.02282,0.01749,0.0346,0.02121,0.03263,0.02233,0.03079,0.03086
ClozapineLightDark_Individual:6;,0.01942,0.02062,0.02744,0.03738,0.04839,0.0084,0.0332,0.03268,0.03846,0.01869,0.0262,0.02372,0.02649
ClozapineLightDark_Individual:24,0.04517,0.034,0.01794,0.01915,0.07531,0.04533,0.02083,0.01553,0.03356,0.03204,0.0094,0.03093,0.04717
ClozapineLightDark_Individual:25,0.02432,0.0,0.01293,0.01763,0.0,0.02018,0.01302,0.01711,0.0076,0.0082,0.01025,0.01818,0.0099
ClozapineLightDark_Individual:22,0.03785,0.03959,0.03311,0.02998,0.0322,0.02946,0.02683,0.0439,0.05882,0.02564,0.02419,0.04444,0.04472
ClozapineLightDark_Individual:23,0.05214,0.03704,0.01863,0.03922,0.0,0.0,0.00993,0.02395,0.01087,0.0,0.025,0.00966,0.0
ClozapineLightDark_Individual:20,0.05988,0.04387,0.01735,0.02842,0.03043,0.01034,0.01099,0.01681,0.01277,0.00587,0.01031,0.0,0.00392
ClozapineLightDark_Individual:21,0.03015,0.03077,0.00328,0.0,0.0,0.0,0.0,0.0,0.0,0.0,0.0,0.0,0.0
ClozapineLightDark_Individual:34,0.03984,0.02874,0.01799,0.02276,0.02174,0.01747,0.0227,0.00938,0.01679,0.01112,0.01203,0.01401,0.02256
ClozapineLightDark_Individual:38,0.05078,0.02394,0.00713,0.04328,0.05118,0.04966,0.03233,0.02852,0.06897,0.02955,0.02179,0.04299,0.01613
ClozapineLightDark_Individual:35,0.01775,0.00877,0.01189,0.02554,0.0,0.01935,0.02166,0.01566,0.00629,0.01094,0.01056,0.01757,0.00957
ClozapineLightDark_Individual:27,0.04815,0.01355,0.02276,0.03145,0.02793,0.02752,0.02142,0.02941,0.01329,0.02439,0.0137,0.03248,0.02834
ClozapineLightDark_Individual:11,0.00412,0.01449,0.02312,0.0,0.0068,0.03488,0.0,0.01342,0.0102,0.01852,0.00562,0.01307,0.00397
ClozapineLightDark_Individual:37,0.03244,0.03922,0.0239,0.02559,0.0355,0.07229,0.01216,0.01542,0.03974,0.02793,0.00683,0.01017,0.02344
ClozapineLightDark_Individual:36,0.0583,0.04706,0.01442,0.02687,0.06154,0.02881,0.01006,0.01045,0.03463,0.01897,0.00846,0.016,0.04444
ClozapineLightDark_Individual:5;,0.05206,0.01808,0.02247,0.05941,0.01951,0.01832,0.02762,0.04737,0.01762,0.00575,0.03394,0.02679,0.00525
ClozapineLightDark_Individual:9;,0.0182,0.02749,0.00549,0.00582,0.02266,0.02589,0.01,0.01683,0.02564,0.02663,0.02204,0.01395,0.01585
ClozapineLightDark_Individual:31,0.00943,0.0,0.01734,0.0102,0.0073,0.0,0.0,0.0,0.008,0.0,0.0198,0.0,0.0202
ClozapineLightDark_Individual:30,0.02377,0.01282,0.00389,0.01822,0.02102,0.02189,0.01821,0.02317,0.03533,0.01783,0.01675,0.05996,0.01683
ClozapineLightDark_Individual:1;,0.05286,0.02414,0.02167,0.03814,0.02667,0.02846,0.01025,0.03719,0.01399,0.02607,0.02394,0.02683,0.03215
ClozapineLightDark_Individual:19,0.04405,0.01796,0.0261,0.0159,0.0119,0.02041,0.01907,0.00815,0.05691,0.01105,0.01254,0.01538,0.06061
ClozapineLightDark_Individual:18,0.03586,0.03704,0.02058,0.03619,0.01235,0.02268,0.01864,0.02544,0.01435,0.02208,0.01653,0.01325,0.01307
ClozapineLightDark_Individual:39,0.04183,0.04049,0.02169,0.02303,0.02703,0.03659,0.01241,0.02674,0.0452,0.02792,0.01007,0.00698,0.05556
ClozapineLightDark_Individual:33,0.01639,0.02041,0.03825,0.04516,0.03077,0.0,0.00881,0.05479,0.0,0.0,0.01619,0.07143,0.00971
ClozapineLightDark_Individual:3;,0.01475,0.00949,0.00482,0.01705,0.00992,0.00694,0.00488,0.01535,0.02505,0.00561,0.01286,0.03371,0.01122
ClozapineLightDark_Individual:32,0.02974,0.01218,0.00636,0.00852,0.02308,0.02537,0.00754,0.01264,0.03953,0.03484,0.00772,0.00295,0.03645
ClozapineLightDark_Individual:13,0.00719,0.00437,0.0,0.0,0.01587,0.0,0.01149,0.0,0.02857,0.01724,0.00463,0.01587,0.0
ClozapineLightDark_Individual:12,0.0,0.0,0.02554,0.08602,0.02041,0.0,0.01728,0.03,0.0,0.02128,0.01336,0.01042,0.0
ClozapineLightDark_Individual:7;,0.04684,0.02587,0.00626,0.00456,0.03289,0.0157,0.02273,0.01565,0.00461,0.00317,0.01218,0.01217,0.00893
ClozapineLightDark_Individual:10,0.05882,0.04628,0.0254,0.03,0.01071,0.01184,0.02864,0.05035,0.00513,0.02512,0.02749,0.04191,0.01573
ClozapineLightDark_Individual:17,0.07975,0.03828,0.02769,0.04301,0.0098,0.04,0.01342,0.0,0.125,0.0,0.0117,0.1,0.0
ClozapineLightDark_Individual:16,0.03943,0.02542,0.00432,0.00927,0.01825,0.02389,0.00433,0.00271,0.05221,0.02609,0.01082,0.00693,0.03759
ClozapineLightDark_Individual:15,0.05479,0.04819,0.0,0.05714,0.06061,0.03448,0.0,0.0,0.04225,0.00699,0.02069,0.0,0.01667
ClozapineLightDark_Individual:14,0.04332,0.02057,0.01116,0.00595,0.04688,0.03659,0.00938,0.0186,0.06587,0.02062,0.01016,0.02408,0.03226
CNOLightDark_Individual:8;,0.0213,0.02019,0.0182,0.01596,0.01427,0.00673,0.00582,0.01521,0.0086,0.00373,0.02174,0.01956,0.03759
CNOLightDark_Individual:48,0.06289,0.03257,0.02681,0.05882,0.08081,0.06294,0.02381,0.02655,0.06224,0.04762,0.01647,0.05019,0.05909
CNOLightDark_Individual:4;,0.0314,0.01569,0.0109,0.01341,0.02151,0.00606,0.02155,0.03483,0.04969,0.03297,0.0122,0.00923,0.04386
CNOLightDark_Individual:40,0.04132,0.02166,0.01782,0.03752,0.04103,0.04514,0.02211,0.03326,0.03086,0.02951,0.00954,0.03431,0.05495
CNOLightDark_Individual:41,0.04974,0.0411,0.00233,0.02533,0.02226,0.01522,0.01253,0.00748,0.03608,0.01634,0.00847,0.0214,0.01664
CNOLightDark_Individual:42,0.04709,0.033,0.00932,0.03774,0.07059,0.03659,0.01728,0.02595,0.06478,0.02229,0.02036,0.01702,0.06189
CNOLightDark_Individual:43,0.03057,0.01909,0.011,0.0237,0.01569,0.008,0.02497,0.00527,0.02147,0.01292,0.01434,0.01335,0.0119
CNOLightDark_Individual:44,0.04633,0.02486,0.00308,0.02239,0.03297,0.01493,0.0,0.0,0.02924,0.02158,0.01581,0.01587,0.02041
CNOLightDark_Individual:45,0.01603,0.02493,0.00724,0.01704,0.03645,0.04545,0.0176,0.01505,0.03533,0.03856,0.01287,0.0094,0.02114
CNOLightDark_Individual:46,0.03797,0.01277,0.02648,0.01832,0.01455,0.01151,0.02408,0.02041,0.03226,0.01552,0.01224,0.02308,0.03204
CNOLightDark_Individual:47,0.03636,0.02088,0.01849,0.0265,0.04048,0.03316,0.02365,0.04494,0.03051,0.04567,0.01163,0.01606,0.01695
CNOLightDark_Individual:2;,0.0182,0.01921,0.01131,0.00829,0.01456,0.01241,0.00999,0.01642,0.01743,0.0139,0.01456,0.00916,0.01994
CNOLightDark_Individual:28,0.02521,0.02896,0.0339,0.03933,0.06143,0.02975,0.01761,0.02922,0.02778,0.01005,0.03459,0.01515,0.01452
CNOLightDark_Individual:29,0.02564,0.01081,0.01794,0.0367,0.02241,0.02117,0.00614,0.01166,0.02952,0.00435,0.0281,0.03797,0.02
CNOLightDark_Individual:26,0.02256,0.00189,0.01698,0.00751,0.06849,0.04624,0.00441,0.02719,0.02256,0.01961,0.00727,0.00787,0.07752
CNOLightDark_Individual:6;,0.04086,0.01555,0.00842,0.01776,0.0442,0.03333,0.01124,0.02828,0.01277,0.03683,0.00951,0.0173,0.03419
CNOLightDark_Individual:24,0.05655,0.07143,0.01951,0.05603,0.0,0.02564,0.03023,0.04412,0.0,0.0,0.03217,0.02724,0.0
CNOLightDark_Individual:25,0.04444,0.02761,0.02558,0.02687,0.04082,0.13953,0.02466,0.03906,0.0411,0.06863,0.02319,0.04962,0.0431
CNOLightDark_Individual:22,0.04419,0.01942,0.01326,0.00638,0.02821,0.01869,0.00191,0.01702,0.02062,0.01739,0.01431,0.01923,0.01767
CNOLightDark_Individual:23,0.02412,0.02854,0.01795,0.00916,0.04569,0.01908,0.01271,0.01585,0.05397,0.04293,0.01635,0.00721,0.03629
CNOLightDark_Individual:20,0.01481,0.0,0.02006,0.01375,0.02174,0.01942,0.00539,0.00592,0.0,0.0,0.008,0.02193,0.0
CNOLightDark_Individual:21,0.0521,0.05882,0.00788,0.02005,0.06863,0.047,0.01108,0.03221,0.04709,0.03783,0.01654,0.01687,0.04738
CNOLightDark_Individual:34,0.03758,0.01722,0.00864,0.01518,0.01852,0.02183,0.01333,0.00641,0.01067,0.00257,0.01193,0.00903,0.02375
CNOLightDark_Individual:38,0.03177,0.01909,0.01365,0.02619,0.03358,0.03292,0.03245,0.03025,0.05882,0.04969,0.05431,0.02105,0.08929
CNOLightDark_Individual:35,0.03043,0.03729,0.01794,0.02586,0.04082,0.03488,0.01592,0.02162,0.03049,0.04262,0.01353,0.00951,0.05128
CNOLightDark_Individual:27,0.03636,0.01461,0.01611,0.02853,0.01876,0.01647,0.01538,0.04384,0.03662,0.01619,0.01113,0.03327,0.02864
CNOLightDark_Individual:11,0.03385,0.02411,0.01559,0.01994,0.02314,0.04052,0.01386,0.02071,0.02009,0.03132,0.01266,0.01987,0.06042
CNOLightDark_Individual:37,0.03949,0.02245,0.0185,0.06904,0.04155,0.02742,0.02545,0.07816,0.01626,0.03697,0.02261,0.03984,0.04641
CNOLightDark_Individual:36,0.01395,0.00714,0.0,0.0102,0.00901,0.0,0.00941,0.00839,0.01613,0.0177,0.00635,0.00478,0.00376
CNOLightDark_Individual:5;,0.03549,0.03515,0.01354,0.02931,0.0378,0.03429,0.01233,0.03552,0.04467,0.05372,0.01936,0.02656,0.02878
CNOLightDark_Individual:9;,0.03513,0.03412,0.00537,0.01581,0.04503,0.0334,0.01473,0.01903,0.06761,0.03657,0.02577,0.01891,0.07236
CNOLightDark_Individual:31,0.07778,0.0597,0.01356,0.02778,0.06132,0.05648,0.02603,0.02049,0.04762,0.03889,0.02967,0.01863,0.02273
CNOLightDark_Individual:30,0.02914,0.02951,0.01672,0.02124,0.03876,0.03504,0.03393,0.02156,0.04211,0.02083,0.02349,0.04255,0.0
CNOLightDark_Individual:1;,0.03214,0.04348,0.00909,0.01304,0.03077,0.00909,0.01354,0.01863,0.03125,0.03297,0.01826,0.0099,0.09091
CNOLightDark_Individual:19,0.00862,0.00785,0.02823,0.01136,0.0303,0.0,0.02006,0.01961,0.0,0.0,0.01567,0.0,0.0
CNOLightDark_Individual:18,0.02187,0.03014,0.01632,0.04167,0.02662,0.01843,0.02191,0.03286,0.01087,0.01532,0.00762,0.02795,0.0057
CNOLightDark_Individual:39,0.02994,0.02679,0.00753,0.01708,0.05894,0.04491,0.00813,0.02823,0.04348,0.02219,0.01222,0.03198,0.04348
CNOLightDark_Individual:33,0.06108,0.05391,0.01441,0.01832,0.04318,0.03833,0.01493,0.01435,0.03827,0.04453,0.01584,0.01279,0.02709
CNOLightDark_Individual:3;,0.04706,0.03565,0.02637,0.05838,0.01481,0.02869,0.01751,0.03546,0.00633,0.012,0.0117,0.06538,0.00833
CNOLightDark_Individual:32,0.03722,0.02914,0.00685,0.02222,0.02676,0.01142,0.02381,0.02204,0.01852,0.00385,0.0058,0.01471,0.02281
CNOLightDark_Individual:13,0.01057,0.03226,0.02419,0.01094,0.03727,0.01351,0.0079,0.02016,0.03608,0.02834,0.01442,0.02139,0.05643
CNOLightDark_Individual:12,0.02797,0.03822,0.01173,0.01912,0.03709,0.0385,0.00958,0.01148,0.02326,0.0303,0.00709,0.01129,0.04112
CNOLightDark_Individual:7;,0.04582,0.0358,0.02165,0.03989,0.09091,0.03061,0.04804,0.05508,0.0,0.03755,0.0249,0.02972,0.04255
CNOLightDark_Individual:10,0.02886,0.02109,0.01129,0.01025,0.02455,0.01475,0.0209,0.01497,0.00798,0.00976,0.02322,0.0173,0.01382
CNOLightDark_Individual:17,0.04207,0.01259,0.00535,0.03152,0.0419,0.02035,0.01759,0.04595,0.03284,0.0283,0.0094,0.02813,0.02834
CNOLightDark_Individual:16,0.02388,0.02276,0.00665,0.01031,0.01279,0.0183,0.0108,0.0176,0.0605,0.02278,0.01101,0.01553,0.01901
CNOLightDark_Individual:15,0.03221,0.03022,0.00427,0.01198,0.02267,0.02736,0.01529,0.01264,0.03279,0.00392,0.0201,0.01901,0.0
CNOLightDark_Individual:14,0.02162,0.02204,0.01928,0.01485,0.01604,0.04255,0.01402,0.05,0.01075,0.02183,0.02422,0.02857,0.0
HaloperidolLightDark_Individual:8;,0.05169,0.02521,0.01446,0.02748,0.02786,0.01705,0.01493,0.0122,0.01847,0.01055,0.00804,0.00701,0.03119
HaloperidolLightDark_Individual:48,0.02492,0.02066,0.03522,0.04063,0.03375,0.03022,0.03229,0.03226,0.02659,0.02959,0.01449,0.02352,0.01616
HaloperidolLightDark_Individual:4;,0.01601,0.02901,0.01059,0.01513,0.02703,0.00867,0.0048,0.01935,0.01345,0.01185,0.0135,0.02393,0.01433
HaloperidolLightDark_Individual:40,0.01744,0.0,0.02968,0.0089,0.00602,0.01433,0.01269,0.00631,0.00524,0.00929,0.01434,0.01049,0.00242
HaloperidolLightDark_Individual:41,0.04033,0.03038,0.01801,0.03933,0.02716,0.0495,0.03203,0.05124,0.01989,0.0252,0.01026,0.03554,0.02277
HaloperidolLightDark_Individual:42,0.03691,0.03492,0.01432,0.03912,0.03178,0.04897,0.02192,0.03016,0.02421,0.02676,0.01641,0.03581,0.03673
HaloperidolLightDark_Individual:43,0.0,0.0,0.0,0.0,0.0,0.0,0.00495,0.0,0.0,0.0,0.01303,0.02778,0.0
HaloperidolLightDark_Individual:44,0.03778,0.00909,0.02905,0.02655,0.00559,0.01948,0.01736,0.01967,0.00483,0.00678,0.01987,0.00976,0.00498
HaloperidolLightDark_Individual:45,0.0515,0.04762,0.00814,0.00635,0.03226,0.01975,0.00725,0.01928,0.0,0.03067,0.01601,0.0146,0.01194
HaloperidolLightDark_Individual:46,0.01179,0.03838,0.03672,0.03547,0.03429,0.02305,0.01063,0.01657,0.02893,0.00901,0.0123,0.02248,0.03704
HaloperidolLightDark_Individual:47,0.01396,0.03694,0.02038,0.00904,0.02027,0.01818,0.02503,0.02469,0.00588,0.0153,0.01659,0.01071,0.00818
HaloperidolLightDark_Individual:2;,0.03408,0.01638,0.0141,0.00693,0.02927,0.02452,0.03347,0.02336,0.02251,0.0203,0.01044,0.02494,0.01031
HaloperidolLightDark_Individual:28,0.03382,0.03529,0.00834,0.01454,0.03158,0.03805,0.02838,0.02897,0.0371,0.06125,0.01797,0.02275,0.04035
HaloperidolLightDark_Individual:29,0.0099,0.008,0.00723,0.01796,0.01242,0.0,0.00487,0.0124,0.0,0.0,0.01067,0.00437,0.00297
HaloperidolLightDark_Individual:26,0.01009,0.00385,0.02245,0.00299,0.02312,0.02049,0.00915,0.01288,0.00862,0.0,0.02451,0.0152,0.00226
HaloperidolLightDark_Individual:6;,0.02201,0.01414,0.01649,0.03371,0.00258,0.01054,0.02479,0.0334,0.0084,0.0208,0.03302,0.00998,0.01046
HaloperidolLightDark_Individual:24,0.02763,0.02342,0.01944,0.01709,0.03595,0.02524,0.00963,0.01535,0.01435,0.02098,0.02055,0.01333,0.02646
HaloperidolLightDark_Individual:25,0.02568,0.02667,0.01426,0.01143,0.02778,0.02857,0.02072,0.04013,0.0237,0.01538,0.02321,0.01786,0.01701
HaloperidolLightDark_Individual:22,0.03288,0.02236,0.03172,0.02935,0.01794,0.0249,0.02189,0.02636,0.0167,0.01167,0.01954,0.03143,0.00668
HaloperidolLightDark_Individual:23,0.03554,0.0414,0.02206,0.03059,0.0393,0.04969,0.02283,0.04423,0.00778,0.0379,0.04167,0.03526,0.0346
HaloperidolLightDark_Individual:20,0.03279,0.02941,0.03351,0.03081,0.02247,0.017,0.01636,0.02991,0.00709,0.02128,0.01705,0.03382,0.01429
HaloperidolLightDark_Individual:21,0.01779,0.02225,0.00998,0.00933,0.00763,0.0,0.02812,0.00326,0.02353,0.0,0.01377,0.00376,0.00305
HaloperidolLightDark_Individual:34,0.01477,0.01734,0.00897,0.0,0.0068,0.00713,0.01275,0.00779,0.00817,0.01211,0.01709,0.00466,0.0095
HaloperidolLightDark_Individual:38,0.0246,0.03056,0.0048,0.01738,0.02259,0.02076,0.01136,0.03684,0.03527,0.02606,0.01602,0.01946,0.01972
HaloperidolLightDark_Individual:35,0.01464,0.03659,0.01613,0.02508,0.01449,0.01099,0.01966,0.01235,0.0,0.01282,0.0,0.01961,0.02073
HaloperidolLightDark_Individual:27,0.0118,0.01498,0.04473,0.04695,0.03237,0.03279,0.03259,0.05263,0.02343,0.03305,0.05509,0.04475,0.03125
HaloperidolLightDark_Individual:11,0.01874,0.00794,0.02386,0.03266,0.01294,0.00515,0.02518,0.01387,0.00188,0.00232,0.0102,0.00382,0.00696
HaloperidolLightDark_Individual:37,0.04106,0.04361,0.01113,0.02668,0.03168,0.02591,0.01506,0.05556,0.05238,0.04654,0.03318,0.04,0.02728
HaloperidolLightDark_Individual:36,0.01397,0.0122,0.01015,0.0,0.00704,0.0,0.01058,0.00769,0.0,0.0,0.01471,0.00833,0.01702
HaloperidolLightDark_Individual:5;,0.01821,0.01829,0.00704,0.00928,0.0,0.01951,0.01524,0.01935,0.00602,0.00612,0.01274,0.0,0.02885
HaloperidolLightDark_Individual:9;,0.02983,0.03922,0.02972,0.04715,0.01647,0.01164,0.00893,0.01302,0.00139,0.00306,0.00914,0.01008,0.00314
HaloperidolLightDark_Individual:31,0.02063,0.00965,0.02134,0.02427,0.0,0.0,0.01604,0.00353,0.00727,0.0,0.01399,0.00637,0.01205
HaloperidolLightDark_Individual:30,0.02281,0.0303,0.01282,0.01481,0.00483,0.008,0.01119,0.0,0.02235,0.02273,0.02381,0.00943,0.00917
HaloperidolLightDark_Individual:1;,0.0241,0.01384,0.01272,0.01597,0.01913,0.02116,0.0175,0.01377,0.02736,0.01267,0.0163,0.01721,0.01279
HaloperidolLightDark_Individual:19,0.026,0.03882,0.02116,0.01741,0.02105,0.01549,0.00649,0.00823,0.01899,0.03119,0.024,0.00939,0.00711
HaloperidolLightDark_Individual:18,0.01145,0.01648,0.00444,0.0303,0.0,0.04706,0.00843,0.01587,0.0,0.04032,0.01729,0.008,0.02804
HaloperidolLightDark_Individual:39,0.01111,0.00519,0.01078,0.00962,0.00279,0.00679,0.00912,0.01292,0.01222,0.00907,0.01447,0.01736,0.0
HaloperidolLightDark_Individual:33,0.03875,0.03119,0.03043,0.0404,0.02375,0.03016,0.01775,0.0112,0.00818,0.01988,0.01739,0.01689,0.02193
HaloperidolLightDark_Individual:3;,0.02052,0.00667,0.04117,0.01651,0.00845,0.00909,0.01957,0.03497,0.01235,0.01961,0.0447,0.0163,0.0
HaloperidolLightDark_Individual:32,0.02377,0.0155,0.00813,0.00962,0.01987,0.01176,0.00499,0.00439,0.00303,0.0,0.00234,0.0,0.00336
HaloperidolLightDark_Individual:13,0.01892,0.01943,0.0153,0.01705,0.03782,0.00905,0.01633,0.02386,0.0,0.0129,0.01796,0.03043,0.00332
HaloperidolLightDark_Individual:12,0.01954,0.00638,0.02046,0.01378,0.0106,0.02247,0.01786,0.00662,0.01212,0.0101,0.01613,0.01791,0.00313
HaloperidolLightDark_Individual:7;,0.00721,0.0,0.0037,0.00893,0.00676,0.00513,0.0,0.0,0.0,0.00651,0.00897,0.0,0.0
HaloperidolLightDark_Individual:10,0.05548,0.04334,0.01394,0.02187,0.03882,0.02057,0.01447,0.02196,0.01758,0.01262,0.01993,0.01156,0.02114
HaloperidolLightDark_Individual:17,0.02202,0.03152,0.01695,0.02865,0.04348,0.03596,0.01142,0.02022,0.04197,0.02015,0.01862,0.01837,0.03269
HaloperidolLightDark_Individual:16,0.0296,0.0248,0.01585,0.01661,0.01554,0.00867,0.02066,0.02528,0.01604,0.02609,0.0208,0.00758,0.02332
HaloperidolLightDark_Individual:15,0.02031,0.01881,0.00991,0.011,0.05328,0.02343,0.01885,0.02342,0.04198,0.04078,0.02097,0.00959,0.03226
HaloperidolLightDark_Individual:14,0.03382,0.03512,0.01174,0.02107,0.03932,0.01784,0.01129,0.04472,0.02847,0.02935,0.00815,0.02352,0.03401
NDMCHighLightDark_Individual:8;,0.03288,0,0.0,0.0177,0.05556,0.03846,0.0,0.0,0.0,0.02151,0.0,0.00649,0.00806
NDMCHighLightDark_Individual:48,0.02263,0.02597,0.03632,0.04668,0.02551,0.02119,0.03426,0.02462,0.02395,0.02439,0.02932,0.03319,0.02564
NDMCHighLightDark_Individual:4;,0.0286,0.0129,0.01481,0.01818,0.04781,0.0089,0.00909,0.02083,0.03008,0.00758,0.01339,0.0,0.02066
NDMCHighLightDark_Individual:40,0.04325,0.00862,0.01634,0.01205,0.01163,0.01389,0.00344,0.03503,0.01399,0.01181,0.01254,0.02381,0.0
NDMCHighLightDark_Individual:41,0.02164,0.01026,0.02439,0.01501,0.02204,0.0181,0.01566,0.03333,0.01106,0.00972,0.00985,0.02096,0.02128
NDMCHighLightDark_Individual:42,0.0227,0.02674,0.02458,0.03758,0.03509,0.01462,0.02715,0.03103,0.03571,0.01465,0.01288,0.03247,0.0207
NDMCHighLightDark_Individual:43,0.03468,0.05315,0.04171,0.02378,0.04669,0.01639,0.05485,0.02446,0.02128,0.03302,0.03737,0.02604,0.02239
NDMCHighLightDark_Individual:44,0.01133,0.02055,0.01705,0.01834,0.02451,0.01024,0.0168,0.00329,0.0,0.0,0.02809,0.0,0.0
NDMCHighLightDark_Individual:45,0.0318,0.01976,0.02553,0.0264,0.01493,0.01734,0.02136,0.05941,0.01639,0.04011,0.01929,0.02658,0.01937
NDMCHighLightDark_Individual:46,0.01286,0.01245,0.0172,0.01358,0.03079,0.0054,0.01028,0.00868,0.03077,0.01629,0.01044,0.01259,0.04898
NDMCHighLightDark_Individual:47,0.03892,0.02899,0.01864,0.01277,0.07011,0.06143,0.01423,0.01241,0.07224,0.03724,0.01677,0.01041,0.05325
NDMCHighLightDark_Individual:2;,0.02415,0.00343,0.02772,0.02089,0.0,0.0,0.02764,0.01502,0.0,0.03371,0.00293,0.00269,0.02062
NDMCHighLightDark_Individual:28,0.00658,0.00468,0.01193,0.01543,0.0,0.0,0.00229,0.02299,0.0,0.0,0.00867,0.00676,0.0
NDMCHighLightDark_Individual:29,0.03883,0.02287,0.02222,0.02703,0.0,0.03665,0.02857,0.04124,0.0,0.02247,0.01163,0.02469,0.0
NDMCHighLightDark_Individual:26,0.03704,0.03776,0.01498,0.03431,0.04082,0.02957,0.02115,0.01368,0.0,0.0,0.02031,0.01581,0.01992
NDMCHighLightDark_Individual:6;,0.06148,0.02747,0.04733,0.03386,0.0,0.0,0.02611,0.11454,0.10204,0.04969,0.01754,0.05505,0.0
NDMCHighLightDark_Individual:24,0.02554,0.02988,0.02534,0.02863,0.01951,0.0273,0.01671,0.01515,0.03419,0.03101,0.01496,0.02273,0.02344
NDMCHighLightDark_Individual:25,0.02838,0.01538,0.07614,0.02209,0.02965,0.01408,0.02471,0.08772,0.0,0.0,0.0178,0.0,0.0
NDMCHighLightDark_Individual:22,0.02375,0.03514,0.02097,0.01741,0.01839,0.00919,0.01332,0.01474,0.01914,0.0,0.00959,0.00895,0.0
NDMCHighLightDark_Individual:23,0.02101,0.02397,0.02403,0.02128,0.02667,0.01724,0.00727,0.00303,0.05747,0.02878,0.00823,0.01402,0.00971
NDMCHighLightDark_Individual:20,0.02632,0.01413,0.03204,0.06138,0.05282,0.01676,0.01959,0.01868,0.02518,0.02308,0.01178,0.02847,0.03077
NDMCHighLightDark_Individual:21,0.04217,0.01616,0.00954,0.04717,0.02206,0.02098,0.02527,0.02055,0.0,0.0098,0.02963,0.04225,0.008
NDMCHighLightDark_Individual:34,0.02891,0.04573,0.02998,0.0166,0.0,0.035,0.01587,0.0,0.0,0.01429,0.0,0.0,0.00794
NDMCHighLightDark_Individual:38,0.02774,0.02013,0.01469,0.02624,0.0169,0.01117,0.02277,0.03736,0.00977,0.01555,0.01798,0.03797,0.00704
NDMCHighLightDark_Individual:35,0.04647,0.02919,0.02058,0.03008,0.01775,0.13043,0.00806,0.0137,0.0,0.0,0.0,0.0,0.01408
NDMCHighLightDark_Individual:27,0.03133,0.02368,0.03427,0.02616,0.01523,0.02963,0.04659,0.04186,0.04598,0.05882,0.02111,0.02183,0.04569
NDMCHighLightDark_Individual:11,0.03185,0.04747,0.02918,0.02381,0.06667,0.027,0.0,0.0293,0.0,0.0,0.0,0.0,0.0
NDMCHighLightDark_Individual:37,0.0358,0.02611,0.01632,0.03264,0.04142,0.02134,0.02385,0.0113,0.01176,0.00239,0.016,0.06195,0.0022
NDMCHighLightDark_Individual:36,0.00623,0.01288,0.03409,0.04094,0.01316,0.0,0.01786,0.01299,0.0,0.0,0.01299,0.01852,0.0
NDMCHighLightDark_Individual:5;,0.01585,0.01287,0.04627,0.03132,0.02236,0.01483,0.03883,0.02304,0.02222,0.02929,0.02997,0.02857,0.00546
NDMCHighLightDark_Individual:9;,0.03226,0.06667,0.03736,0.00847,0.03226,0.03333,0.02597,0.04,0.0,0.0,0.01299,0.04054,0.01471
NDMCHighLightDark_Individual:31,0.02234,0.04808,0.0,0.01852,0.02041,0.06061,0.0,0.0,0.0,0.0,0.0,0.0,0.0
NDMCHighLightDark_Individual:30,0.0189,0.01789,0.03692,0.02807,0.05714,0.09091,0.02913,0.0,0.0339,0.02525,0.02353,0.0,0.01563
NDMCHighLightDark_Individual:1;,0.0285,0.02214,0.03836,0.03139,0.02381,0.02083,0.01873,0.02649,0.02564,0.01667,0.02167,0.03012,0.0
NDMCHighLightDark_Individual:19,0.05329,0.06278,0.02505,0.01073,0.03745,0.0247,0.00798,0.0173,0.09615,0.0,0.01724,0.03183,0.0
NDMCHighLightDark_Individual:18,0.02781,0.02381,0.01899,0.02095,0.00659,0.0151,0.02872,0.00597,0.04104,0.01657,0.01665,0.03808,0.00135
NDMCHighLightDark_Individual:39,0.03253,0.00849,0.04016,0.0186,0.03819,0.03455,0.03797,0.02747,0.02778,0.02156,0.03351,0.02024,0.01449
NDMCHighLightDark_Individual:33,0.01754,0.01205,0.01163,0.03125,0.0,0.02521,0.025,0.0,0.0,0.0,0.0,0.0,0.0
NDMCHighLightDark_Individual:3;,0.03036,0.01351,0.05634,0.02086,0.08571,0.04054,0.01057,0.00997,0.03046,0.01802,0.01256,0.00952,0.0
NDMCHighLightDark_Individual:32,0.06176,0.05207,0.02698,0.0099,0.01935,0.0061,0.00465,0.0,0.0,0.0,0.008,0.00775,0.02463
NDMCHighLightDark_Individual:13,0.04385,0.01604,0.01676,0.00741,0.0158,0.00594,0.01797,0.01328,0.01988,0.01218,0.01589,0.01826,0.00547
NDMCHighLightDark_Individual:12,0.03207,0.01944,0.02471,0.01852,0.025,0.0,0.00658,0.04545,0.02222,0.06,0.01987,0.0,0.0
NDMCHighLightDark_Individual:7;,0.04762,0.0625,0.01582,0.00855,0.06818,0.05556,0.01429,0.0,0.0,0.01515,0.01942,0.0,0.02381
NDMCHighLightDark_Individual:10,0.04118,0.02419,0.01132,0.10938,0.08,0.06731,0.02381,0.01389,0.06667,0.0402,0.0274,0.01235,0.01418
NDMCHighLightDark_Individual:17,0.01476,0.01471,0.01708,0.03303,0.03235,0.01174,0.013,0.01468,0.01748,0.0303,0.02025,0.02124,0.02405
NDMCHighLightDark_Individual:16,0.03186,0.03129,0.0101,0.02639,0.03926,0.02639,0.0177,0.03719,0.03684,0.01278,0.01001,0.00563,0.01567
NDMCHighLightDark_Individual:15,0.02301,0.00364,0.00384,0.00821,0.0,0.0,0.00978,0.0,0.01299,0.08,0.00596,0.00488,0.0
NDMCHighLightDark_Individual:14,0.02495,0.01473,0.01416,0.01709,0.03922,0.03125,0.01034,0.02768,0.0,0.00599,0.02353,0.02365,0.00781
NDMCLightDark_Individual:8;,0.0245,0.02462,0.02537,0.02726,0.02863,0.01255,0.02292,0.01751,0.04972,0.03349,0.01712,0.01674,0.01977
NDMCLightDark_Individual:48,0.03738,0.03077,0.02795,0.04145,0.04255,0.33333,0.03846,0.02435,0.04054,0.04941,0.01682,0.01843,0.0137
NDMCLightDark_Individual:4;,0.0625,0.0352,0.00921,0.01863,0.07692,0.01556,0.01748,0.0508,0.09091,0.04301,0.02004,0.02874,0.03448
NDMCLightDark_Individual:40,0.03789,0.03504,0.02778,0.01883,0.0625,0.01323,0.01523,0.01538,0.04077,0.01231,0.0107,0.01584,0.04032
NDMCLightDark_Individual:41,0.02853,0.02596,0.02399,0.01985,0.04467,0.02894,0.02443,0.01395,0.02589,0.05143,0.01529,0.0118,0.03488
NDMCLightDark_Individual:42,0.02752,0.01018,0.01097,0.01377,0.02276,0.02469,0.00816,0.0135,0.02609,0.02628,0.00905,0.01205,0.02474
NDMCLightDark_Individual:43,0.05446,0.04594,0.02202,0.01449,0.05055,0.02525,0.02177,0.04072,0.02174,0.03908,0.02262,0.02718,0.06475
NDMCLightDark_Individual:44,0.0312,0.02919,0.01772,0.02693,0.02829,0.0216,0.02067,0.01768,0.03148,0.03231,0.02089,0.01948,0.04
NDMCLightDark_Individual:45,0.01706,0.0227,0.01849,0.01993,0.0157,0.01107,0.01724,0.03041,0.00922,0.02679,0.01386,0.01627,0.01575
NDMCLightDark_Individual:46,0.02253,0.03627,0.0329,0.03297,0.04768,0.03406,0.02556,0.03412,0.04244,0.02725,0.02456,0.01517,0.06169
NDMCLightDark_Individual:47,0.02842,0.02957,0.02927,0.0269,0.03214,0.03829,0.02275,0.0339,0.01896,0.05814,0.02273,0.02104,0.05128
NDMCLightDark_Individual:2;,0.03656,0.02671,0.00861,0.01168,0.03935,0.05228,0.01003,0.02273,0.05204,0.00798,0.02857,0.08442,0.04979
NDMCLightDark_Individual:28,0.04143,0.02967,0.02756,0.03056,0.03247,0.0223,0.03366,0.0305,0.02642,0.02027,0.0336,0.0331,0.00794
NDMCLightDark_Individual:29,0.05405,0.0385,0.03704,0.02456,0.05148,0.05263,0.0248,0.03881,0.06211,0.05499,0.03323,0.04921,0.03856
NDMCLightDark_Individual:26,0.02479,0.03753,0.00846,0.01325,0.04056,0.02267,0.00988,0.02174,0.03443,0.03372,0.01815,0.01664,0.03824
NDMCLightDark_Individual:6;,0.04167,0.03159,0.03001,0.03116,0.05091,0.05102,0.03155,0.02848,0.0614,0.02952,0.01231,0.02947,0.05426
NDMCLightDark_Individual:24,0.03975,0.01609,0.0075,0.00356,0.01826,0.02011,0.00676,0.00692,0.0133,0.0177,0.00303,0.00888,0.0122
NDMCLightDark_Individual:25,0.03465,0.03466,0.02138,0.0347,0.05592,0.03161,0.01923,0.04418,0.04669,0.01967,0.02027,0.04858,0.06593
NDMCLightDark_Individual:22,0.02108,0.03134,0.01844,0.01375,0.02215,0.02016,0.01676,0.02957,0.02778,0.02946,0.02009,0.01266,0.04167
NDMCLightDark_Individual:23,0.0397,0.031,0.00417,0.00934,0.02062,0.04204,0.01302,0.02348,0.03292,0.03198,0.0243,0.02727,0.04222
NDMCLightDark_Individual:20,0.03421,0.05233,0.03238,0.03835,0.06393,0.05229,0.03177,0.02811,0.03004,0.03294,0.028,0.05374,0.0
NDMCLightDark_Individual:21,0.05098,0.02945,0.03276,0.05253,0.0262,0.04008,0.02785,0.04204,0.0,0.01481,0.03063,0.04783,0.25
NDMCLightDark_Individual:34,0.02628,0.03549,0.01754,0.02305,0.03654,0.02521,0.01266,0.0283,0.03896,0.01726,0.0122,0.02687,0.04288
NDMCLightDark_Individual:38,0.0075,0.01733,0.00937,0.01899,0.01843,0.00834,0.02217,0.0189,0.00606,0.01653,0.02466,0.02888,0.00811
NDMCLightDark_Individual:35,0.04452,0.04965,0.02242,0.03515,0.03943,0.02625,0.03989,0.04858,0.0429,0.034,0.03799,0.03005,0.04392
NDMCLightDark_Individual:27,0.02891,0.02687,0.00757,0.03674,0.03143,0.01236,0.01351,0.02218,0.03738,0.01774,0.01336,0.03543,0.01644
NDMCLightDark_Individual:11,0.01887,0.0134,0.00793,0.01994,0.03409,0.01894,0.00541,0.02932,0.02381,0.01456,0.00615,0.00453,0.03514
NDMCLightDark_Individual:37,0.03633,0.03713,0.02013,0.0275,0.04074,0.03846,0.01403,0.07116,0.01429,0.03783,0.01948,0.04082,0.01852
NDMCLightDark_Individual:36,0.06202,0.0688,0.02857,0.06197,0.01786,0.05882,0.03902,0.04658,0.04,0.0,0.04583,0.0847,0.03448
NDMCLightDark_Individual:5;,0.04818,0.03522,0.0129,0.02235,0.05455,0.01715,0.01865,0.01839,0.04545,0.02875,0.01205,0.04651,0.03333
NDMCLightDark_Individual:9;,0.0503,0.03783,0.00937,0.02564,0.05013,0.05405,0.02393,0.01946,0.06075,0.03555,0.01997,0.02178,0.05085
NDMCLightDark_Individual:31,0.06522,0.03945,0.02124,0.02265,0.0618,0.04828,0.02392,0.05172,0.0186,0.06042,0.02288,0.00833,0.03226
NDMCLightDark_Individual:30,0.04527,0.03614,0.02235,0.02063,0.03048,0.02198,0.02053,0.03947,0.0497,0.03313,0.01016,0.01611,0.01948
NDMCLightDark_Individual:1;,0.04255,0.05405,0.0155,0.12,0.09524,0.0,0.03419,0.06897,0.075,0.03226,0.04324,0.09302,0.0566
NDMCLightDark_Individual:19,0.05077,0.05836,0.03721,0.02503,0.04689,0.04086,0.02335,0.03648,0.03994,0.03879,0.02367,0.03282,0.02974
NDMCLightDark_Individual:18,0.03817,0.03063,0.01757,0.02116,0.03203,0.02141,0.02008,0.02652,0.03252,0.02391,0.01198,0.01081,0.02262
NDMCLightDark_Individual:39,0.04317,0.02614,0.01285,0.01143,0.04878,0.03704,0.03035,0.01634,0.0198,0.04959,0.0297,0.02273,0.025
NDMCLightDark_Individual:33,0.04615,0.0339,0.01746,0.0243,0.03048,0.02344,0.01639,0.01807,0.05069,0.04502,0.01677,0.0203,0.03595
NDMCLightDark_Individual:3;,0.02571,0.0259,0.00976,0.025,0.03792,0.02318,0.00709,0.01729,0.03237,0.01389,0.01202,0.02377,0.01779
NDMCLightDark_Individual:32,0.03607,0.02625,0.00951,0.01793,0.03297,0.08065,0.01642,0.02083,0.0,0.0303,0.00539,0.07778,0.05455
NDMCLightDark_Individual:13,0.03792,0.04138,0.0199,0.03367,0.03172,0.03794,0.02638,0.03514,0.03509,0.03374,0.01475,0.04697,0.04464
NDMCLightDark_Individual:12,0.0422,0.0339,0.01943,0.02255,0.04019,0.01768,0.02066,0.00783,0.02812,0.04954,0.02388,0.03086,0.0512
NDMCLightDark_Individual:7;,0.04396,0.04545,0.02691,0.02721,0.03501,0.04582,0.02398,0.02909,0.03862,0.03729,0.02067,0.0136,0.02993
NDMCLightDark_Individual:10,0.04444,0.02296,0.03015,0.03185,0.00741,0.01674,0.02375,0.04335,0.0177,0.00966,0.02793,0.04893,0.0297
NDMCLightDark_Individual:17,0.0374,0.0255,0.00413,0.00938,0.04019,0.03211,0.00108,0.02454,0.04255,0.05833,0.0134,0.01176,0.02727
NDMCLightDark_Individual:16,0.03164,0.04082,0.02159,0.01514,0.03589,0.02524,0.01895,0.03081,0.06944,0.03308,0.01899,0.01993,0.04455
NDMCLightDark_Individual:15,0.01783,0.01213,0.00557,0.01148,0.01457,0.0094,0.01601,0.01332,0.01093,0.00698,0.01122,0.01303,0.02783
NDMCLightDark_Individual:14,0.04841,0.03253,0.0177,0.02851,0.03649,0.02635,0.03261,0.03234,0.03403,0.03129,0.0267,0.03,0.02941
OSU6162LightDark_Individual:8;,0.01852,0.01353,0.0212,0.02253,0.01923,0.04046,0.00943,0.00767,0.07368,0.05288,0.01887,0.00305,0.01
OSU6162LightDark_Individual:48,0.03175,0.02703,0.01078,0.01797,0.02667,0.05213,0.01259,0.01489,0.0309,0.04129,0.02231,0.02178,0.03241
OSU6162LightDark_Individual:4;,0.03083,0.02329,0.01674,0.04941,0.02326,0.02532,0.03911,0.03765,0.00826,0.01575,0.02114,0.05485,0.03659
OSU6162LightDark_Individual:40,0.03064,0.02131,0.03601,0.00747,0.01647,0.01018,0.02505,0.01627,0.0,0.01508,0.02259,0.00742,0.00797
OSU6162LightDark_Individual:41,0.01896,0.03704,0.0129,0.02193,0.02174,0.02597,0.01499,0.01299,0.01389,0.02632,0.0,0.01429,0.0
OSU6162LightDark_Individual:42,0.02125,0.03655,0.00714,0.03057,0.06316,0.03665,0.02482,0.02515,0.05221,0.04327,0.01445,0.03614,0.08
OSU6162LightDark_Individual:43,0.04241,0.03219,0.03779,0.03607,0.0,0.07407,0.01042,0.01914,0.0,0.0,0.0234,0.02941,0.0
OSU6162LightDark_Individual:44,0.06902,0.03771,0.01684,0.03808,0.05462,0.02058,0.01709,0.04228,0.0198,0.02581,0.0183,0.01761,0.01556
OSU6162LightDark_Individual:45,0.04836,0.03769,0.014,0.03505,0.00769,0.06186,0.01649,0.03788,0.05263,0.04668,0.02734,0.02495,0.02985
OSU6162LightDark_Individual:46,0.00344,0.03659,0.01059,0.03398,0.00627,0.01587,0.02697,0.0,0.03784,0.00541,0.01075,0.00441,0.0
OSU6162LightDark_Individual:47,0.02947,0.0206,0.02529,0.00746,0.0,0.125,0.01977,0.02,0.0,0.05405,0.02935,0.01518,0.02857
OSU6162LightDark_Individual:2;,0.02863,0.02601,0.02152,0.02868,0.02667,0.03185,0.02435,0.02687,0.01282,0.0,0.02911,0.01274,0.0
OSU6162LightDark_Individual:28,0.05861,0.04487,0.02335,0.02394,0.04167,0.07895,0.0144,0.02083,0.00962,0.01571,0.00707,0.01355,0.03509
OSU6162LightDark_Individual:29,0.03563,0.04049,0.02703,0.03131,0.05652,0.0565,0.01377,0.04334,0.02299,0.0596,0.01556,0.04082,0.01493
OSU6162LightDark_Individual:26,0.02612,0.01003,0.03405,0.0393,0.0,0.0,0.01708,0.03644,0.0,0.0,0.00862,0.02128,0.01724
OSU6162LightDark_Individual:6;,0.0172,0.01433,0.01992,0.02206,0.05389,0.03867,0.00407,0.01235,0.06667,0.03125,0.01018,0.02778,0.03371
OSU6162LightDark_Individual:24,0.00853,0.0051,0.00449,0.0458,0.09091,0.0,0.01119,0.0219,0.0,0.0,0.01832,0.01618,0.0119
OSU6162LightDark_Individual:25,0.03797,0.03718,0.0313,0.04185,0.04773,0.04788,0.0469,0.03738,0.06812,0.03152,0.01952,0.01266,0.03583
OSU6162LightDark_Individual:22,0.033,0.02454,0.03596,0.02214,0.03165,0.0316,0.02743,0.03526,0.02521,0.04808,0.01866,0.0209,0.02985
OSU6162LightDark_Individual:23,0.04744,0.05109,0.01998,0.03378,0.05344,0.04065,0.01606,0.0507,0.04396,0.03663,0.0184,0.01481,0.06452
OSU6162LightDark_Individual:20,0.02323,0.02167,0.0241,0.02183,0.03226,0.02247,0.02072,0.0404,0.00606,0.03175,0.01004,0.01961,0.02105
OSU6162LightDark_Individual:21,0.03198,0.03883,0.0101,0.01613,0.04225,0.02804,0.0101,0.0099,0.01212,0.02222,0.01406,0.01266,0.03871
OSU6162LightDark_Individual:34,0.0223,0.01189,0.02857,0.03243,0.04933,0.02881,0.02439,0.03898,0.01523,0.02305,0.02205,0.05721,0.0237
OSU6162LightDark_Individual:38,0.03597,0.0217,0.01626,0.0101,0.06627,0.04749,0.03704,0.03831,0.03015,0.02778,0.03096,0.02762,0.00697
OSU6162LightDark_Individual:35,0.03529,0.03268,0.00787,0.01748,0.02151,0.00962,0.0152,0.04478,0.01075,0.04,0.02439,0.02094,0.0
OSU6162LightDark_Individual:27,0.02564,0.03846,0.02326,0.03275,0.13889,0.07692,0.02064,0.03299,0.0,0.03333,0.02452,0.03676,0.07692
OSU6162LightDark_Individual:11,0.03465,0.02561,0.01538,0.01336,0.01852,0.01583,0.01964,0.01881,0.0,0.01744,0.00832,0.03855,0.01498
OSU6162LightDark_Individual:37,0.02521,0.01796,0.00959,0.01895,0.02041,0.02358,0.01549,0.0,0.02128,0.01695,0.01489,0.03883,0.0
OSU6162LightDark_Individual:36,0.03628,0.03376,0.02435,0.05442,0.0315,0.02579,0.02643,0.03582,0.02857,0.02564,0.02277,0.02394,0.02121
OSU6162LightDark_Individual:5;,0.02957,0.02116,0.01242,0.04412,0.07639,0.02439,0.01664,0.04478,0.0,0.02181,0.00758,0.01461,0.02326
OSU6162LightDark_Individual:9;,0.02072,0.03302,0.01843,0.04019,0.02841,0.0106,0.0272,0.03226,0.06612,0.01914,0.00607,0.06542,0.02198
OSU6162LightDark_Individual:31,0.03814,0.05458,0.0192,0.02848,0.05319,0.06685,0.02597,0.07641,0.06289,0.04317,0.03766,0.0321,0.02339
OSU6162LightDark_Individual:30,0.05388,0.04983,0.02768,0.05405,0.0916,0.0458,0.04701,0.07759,0.04762,0.03846,0.03411,0.01688,0.0241
OSU6162LightDark_Individual:1;,0.03509,0.0387,0.01607,0.01703,0.01534,0.02599,0.03002,0.03158,0.01587,0.02,0.0119,0.02254,0.02262
OSU6162LightDark_Individual:19,0.04128,0.04412,0.04274,0.10577,0.03731,0.04819,0.02439,0.0375,0.0339,0.01307,0.02933,0.065,0.00395
OSU6162LightDark_Individual:18,0.02067,0.01584,0.01578,0.01358,0.05076,0.03552,0.01731,0.0098,0.03226,0.01993,0.01524,0.03235,0.02222
OSU6162LightDark_Individual:39,0.03585,0.031,0.0182,0.04643,0.03737,0.00849,0.02232,0.03983,0.01008,0.01071,0.02183,0.04094,0.0
OSU6162LightDark_Individual:33,0.03009,0.0,0.00156,0.0098,0.03106,0.00336,0.00668,0.00654,0.0,0.01754,0.00427,0.02183,0.0
OSU6162LightDark_Individual:3;,0.00421,0.01149,0.01186,0.0,0.0625,0.04545,0.00744,0.03019,0.0,0.12963,0.01961,0.00758,0.09091
OSU6162LightDark_Individual:32,0.03624,0.02934,0.01887,0.03018,0.0625,0.0178,0.02582,0.02461,0.03627,0.01979,0.01931,0.01051,0.04128
OSU6162LightDark_Individual:13,0.13761,0.0625,0.01916,0.02871,0.03846,0.02963,0.0275,0.04,0.04651,0.03448,0.04491,0.06767,0.0
OSU6162LightDark_Individual:12,0.01488,0.02449,0.0134,0.02505,0.0,0.02419,0.0128,0.03659,0.0,0.01667,0.01887,0.02548,0.0
OSU6162LightDark_Individual:7;,0.02207,0.04045,0.03097,0.08882,0.04114,0.04321,0.03352,0.1036,0.03371,0.01548,0.02521,0.05072,0.0
OSU6162LightDark_Individual:10,0.07364,0.05724,0.01441,0.02835,0.03361,0.05168,0.02965,0.0625,0.01974,0.00541,0.02174,0.03774,0.02162
OSU6162LightDark_Individual:17,0.04318,0.05292,0.0169,0.02584,0.03756,0.02857,0.02033,0.04558,0.02532,0.00495,0.00721,0.01944,0.02597
OSU6162LightDark_Individual:16,0.02517,0.03538,0.01849,0.02603,0.01478,0.02488,0.02141,0.04651,0.01149,0.0199,0.02174,0.02967,0.03448
OSU6162LightDark_Individual:15,0.02128,0.03008,0.02,0.07514,0.0,0.04762,0.01124,0.02618,0.0,0.02083,0.03597,0.03435,0.01235
OSU6162LightDark_Individual:14,0.01911,0.02089,0.01503,0.02415,0.02381,0.03002,0.01538,0.02432,0.04358,0.01499,0.01341,0.01661,0.01417
PCAP1LightDark_Individual:8;,0.01093,0.00529,0.00606,0.02899,0.0,0.01172,0.01338,0.01554,0.00662,0.00654,0.0,0.0,0.00581
PCAP1LightDark_Individual:48,0.01796,0.01791,0.01747,0.02459,0.00937,0.01055,0.00846,0.0132,0.00728,0.01168,0.01489,0.00559,0.00844
PCAP1LightDark_Individual:4;,0.01333,0.01124,0.00292,0.00909,0.0,0.0,0.01729,0.03896,0.0,0.0,0.0155,0.0,0.0
PCAP1LightDark_Individual:40,0.0,0.02703,0.00773,0.0,0.0,0.0,0.02299,0.02174,0.03448,0.0,0.01196,0.01911,0.00813
PCAP1LightDark_Individual:41,0.0101,0.0,0.01616,0.04854,0.0202,0.0,0.00732,0.0303,0.03704,0.01313,0.01577,0.0,0.0
PCAP1LightDark_Individual:42,0.0,0.0,0.00997,0.03876,0.0,0.02381,0.01847,0.05882,0.04762,0.0,0.01506,0.0,0.0303
PCAP1LightDark_Individual:43,0.01205,0.01523,0.00664,0.00752,0.00503,0.02128,0.01286,0.00602,0.03125,0.01205,0.01464,0.02137,0.0
PCAP1LightDark_Individual:44,0.04132,0.00855,0.01381,0.01471,0.05882,0.01538,0.0254,0.02105,1.0,0.0,0.01028,0.0155,0.0
PCAP1LightDark_Individual:45,0.01695,0.0,0.02484,0,0.10417,0.0,0.01242,0.0,0.0,0.0,0.03401,0.0,0.06383
PCAP1LightDark_Individual:46,0.0099,0.03409,0.00216,0.00312,0.0,0.0,0.01258,0.01485,0.0,0.02857,0.01365,0.00568,0.04255
PCAP1LightDark_Individual:47,0.0,0.01905,0.0,0.02128,0.0,0.01064,0.01351,0.0099,0.0,0.0061,0.01066,0.0,0.0
PCAP1LightDark_Individual:2;,0.0184,0.02381,0.00935,0.00526,0.01639,0.02532,0.00638,0.03125,0.0084,0.02128,0.01573,0.00913,0.01818
PCAP1LightDark_Individual:28,0.00791,0.00588,0.00358,0.0,0.0,0.02239,0.00838,0.0,0.01429,0.00888,0.00377,0.0,0.005
PCAP1LightDark_Individual:29,0.01579,0.01389,0.0,0.00735,0.03053,0.0061,0.02303,0.0,0.0,0.0,0.0069,0.01786,0.0
PCAP1LightDark_Individual:26,0.0,0.0365,0.02574,0.0,0.0,0.0,0.02797,0.08696,0.0,0.0,0.04,0.06122,0.0
PCAP1LightDark_Individual:6;,0.0,0.03061,0.02424,0.03053,0.01538,0.0,0.01115,0.0,0.0,0.0,0.01786,0.0,0.0
PCAP1LightDark_Individual:24,0.01304,0.0082,0.01028,0.0137,0.01422,0.00889,0.01966,0.01863,0.01961,0.01167,0.00643,0.0061,0.02679
PCAP1LightDark_Individual:25,0.03396,0.02079,0.01365,0.0,0.0375,0.0,0.01824,0.00637,0.02273,0.05,0.02548,0.00806,0.01389
PCAP1LightDark_Individual:22,0.00629,0.00791,0.01316,0.0,0.00855,0.01984,0.00294,0.0,0.00595,0.01832,0.0,0.01899,0.01087
PCAP1LightDark_Individual:23,0.00613,0.00658,0.0,0.0,0.01124,0.0,0.0,0.0,0.0,0.0,0.00813,0.0,0.0303
PCAP1LightDark_Individual:20,0.00917,0.0,0.00281,0.0,0.0,0.0,0.00775,0.03401,0.0,0.01961,0.00926,0.016,0.0
PCAP1LightDark_Individual:21,0.01869,0.0,0.03368,0.03774,0.04255,0.0,0.02676,0.0,0.0,0.0,0.02319,0.0,0.0
PCAP1LightDark_Individual:34,0.02183,0.04651,0.00765,0.0,0.05455,0.03125,0.00706,0.0,0.02326,0.05435,0.01159,0.00935,0.01282
PCAP1LightDark_Individual:38,0.00781,0.02703,0.00559,0.00971,0.0,0.01235,0.01695,0.02326,0.01493,0.00862,0.03756,0.0,0.04
PCAP1LightDark_Individual:35,0.0303,0.0375,0.01087,0.02,0.00862,0.00578,0.01869,0.0,0.00633,0.00769,0.01455,0.0102,0.0
PCAP1LightDark_Individual:27,0.01143,0.0042,0.0,0.0,0.0,0.0,0.00421,0.00847,0.0,0.00649,0.0069,0.0,0.02083
PCAP1LightDark_Individual:11,0.0,0.00932,0.01802,0.00437,0.0061,0.01114,0.01114,0.00565,0.0,0.00427,0.01453,0.0,0.01538
PCAP1LightDark_Individual:37,0.02083,0.03506,0.03436,0.05455,0.0,0.01813,0.03101,0.016,0.00633,0.00773,0.01278,0.00847,0.00327
PCAP1LightDark_Individual:36,0.03556,0.02795,0.01587,0.02857,0.02632,0.03704,0.01656,0.02857,0.01149,0.02857,0.0,0.0,0.03846
PCAP1LightDark_Individual:5;,0.0,0.00837,0.01154,0.0,0.0,0.01351,0.00897,0.0,0.02222,0.02222,0.0,0.0,0.0375
PCAP1LightDark_Individual:9;,0.01978,0.02479,0.00118,0.00581,0.01274,0.02667,0.01183,0.00498,0.00676,0.03243,0.00242,0.0,0.00535
PCAP1LightDark_Individual:31,0.0303,0.0122,0.02381,0.01099,0.0,0.0,0.02108,0.0,0.0102,0.0,0.01812,0.01299,0.00752
PCAP1LightDark_Individual:30,0.0,0.0,0.02033,0,0.0,0.0,0.00837,0.0,0.0,0.0,0.01894,0.04,0.04545
PCAP1LightDark_Individual:1;,0.02475,0.01852,0.01008,0.0,0.0,0.0,0.0083,0.0,0.03125,0.0,0.01657,0.0,0.00645
PCAP1LightDark_Individual:19,0.0,0.0303,0.00215,0.00552,0.0,0.01266,0.00142,0.0,0.02041,0.0,0.00197,0.0,0.0303
PCAP1LightDark_Individual:18,0.01003,0.01582,0.01307,0.03226,0.01342,0.01144,0.01527,0.01563,0.02907,0.02553,0.00922,0.00422,0.01266
PCAP1LightDark_Individual:39,0.01695,0.0,0.01316,0.01042,0.0,0.0,0.02857,0.0,0.06667,0.03846,0.0,0.0,0.0
PCAP1LightDark_Individual:33,0.00521,0.0055,0.01245,0.00514,0.0,0.00297,0.00205,0.0,0.0,0.0,0.0,0.0,0.00467
PCAP1LightDark_Individual:3;,0.0117,0.0,0.01405,0.0,0.0,0.01351,0.03284,0.01235,0.00893,0.0,0.01804,0.0,0.00763
PCAP1LightDark_Individual:32,0.00235,0.01389,0.01724,0.0,0.0,0.0,0.00362,0.0,0.0,0.0,0.00211,0.0,0.00369
PCAP1LightDark_Individual:13,0.04314,0.02212,0.00313,0.00395,0.02308,0.04167,0.00759,0.0084,0.0102,0.01709,0.00455,0.0,0.01163
PCAP1LightDark_Individual:12,0.02174,0.01395,0.00219,0.00977,0.00465,0.00541,0.00262,0.00322,0.00546,0.0,0.0092,0.00629,0.0
PCAP1LightDark_Individual:7;,0.01183,0.01347,0.01843,0.0,0.00741,0.00648,0.00977,0.0,0.00341,0.02041,0.0084,0.0,0.0
PCAP1LightDark_Individual:10,0.00552,0.0125,0.0122,0.0,0.0,0.0,0.00532,0.00671,0.00325,0.0,0.00339,0.0,0.00361
PCAP1LightDark_Individual:17,0.00662,0.01699,0.00773,0.01266,0.02214,0.00978,0.02186,0.01765,0.00662,0.00597,0.01326,0.00493,0.0
PCAP1LightDark_Individual:16,0.01613,0.00699,0.00943,0.032,0.02339,0.01724,0.03321,0.024,0.00704,0.02367,0.03073,0.01093,0.00725
PCAP1LightDark_Individual:15,0.01626,0.02432,0.0081,0.02055,0.0226,0.03,0.00843,0.0,0.00709,0.02304,0.00266,0.01277,0.01342
PCAP1LightDark_Individual:14,0.01948,0.03546,0.01168,0.00769,0.0045,0.00922,0.01075,0.0,0.004,0.01068,0.02381,0.01258,0.00508
PCAP2LightDark_Individual:8;,0.04039,0.03695,0.01179,0.04426,0.06371,0.05249,0.01648,0.05199,0.00847,0.04523,0.01555,0.05208,0.025
PCAP2LightDark_Individual:48,0.0447,0.04876,0.02083,0.02899,0.03358,0.00465,0.01093,0.01901,0.01946,0.01667,0.01087,0.01282,0.02
PCAP2LightDark_Individual:4;,0.05645,0.09363,0.03004,0.05302,0.0,0.04,0.04771,0.06122,0.05714,0.06863,0.04805,0.04651,0.04348
PCAP2LightDark_Individual:40,0.0383,0.02703,0.01087,0.0,0.02439,0.01626,0.03409,0.03125,0.02,0.0,0.02759,0.0,0.02778
PCAP2LightDark_Individual:41,0.07187,0.01766,0.02588,0.02284,0.02613,0.01413,0.01261,0.02062,0.0916,0.07143,0.03627,0.00763,0.04348
PCAP2LightDark_Individual:42,0.01613,0.04545,0.02703,0.00645,0.05479,0.0,0.02663,0.0,0.0,0.02,0.0067,0.0,0.0
PCAP2LightDark_Individual:43,0.04527,0.05703,0.02624,0.00941,0.0,0.01307,0.01084,0.01429,0.0,0.0,0.01432,0.0,0.00758
PCAP2LightDark_Individual:44,0.03019,0.05277,0.02433,0.0,0.0,0.02586,0.0274,0.0,0.0,0.0303,0.0,0.0,0.0
PCAP2LightDark_Individual:45,0.02804,0.08615,0.02326,0.03356,0.0,0.03883,0.0,0.01408,0.0,0.01538,0.0,0.025,0.00962
PCAP2LightDark_Individual:46,0.04619,0.02694,0.03931,0.0,0.00515,0.01042,0.01487,0.0,0.02759,0.0,0.00526,0.0,0.00488
PCAP2LightDark_Individual:47,0.03125,0.01812,0.0289,0.0228,0.0303,0.0146,0.02597,0.0365,0.02326,0.03165,0.0,0.01905,0.01136
PCAP2LightDark_Individual:2;,0.03461,0.03471,0.01008,0.01667,0.04668,0.02778,0.00999,0.01769,0.02867,0.03938,0.013,0.02755,0.04938
PCAP2LightDark_Individual:28,0.0,0.04348,0.03571,0.0,0.0,0.0,0.01899,0.0,0.0,0.0,0.016,0.07143,0.0
PCAP2LightDark_Individual:29,0.03497,0.01282,0.03175,0.0,0.0,0.0,0.01987,0.0,0.01235,0.0,0.00585,0,0.0
PCAP2LightDark_Individual:26,0.0119,0.05128,0.00739,0.03043,0.05128,0.03846,0.01786,0.02609,0.0202,0.04412,0.03812,0.04202,0.02128
PCAP2LightDark_Individual:6;,0.05102,0.06205,0.02929,0.05917,0.03145,0.03057,0.02891,0.02828,0.05714,0.04695,0.03512,0.0297,0.01299
PCAP2LightDark_Individual:24,0.03472,0.04,0.02982,0.0,0,0.00108,0.0068,0.0,0.0,0.25,0.0,0.0,0.0
PCAP2LightDark_Individual:25,0.00909,0.00298,0.00777,0.03207,0.04124,0.01093,0.02885,0.0197,0.01375,0.01587,0.01893,0.05056,0.00403
PCAP2LightDark_Individual:22,0.04706,0.03356,0.04474,0.02941,0.05128,0.02655,0.00709,0.0,0.02857,0.02239,0.025,0.0,0.04348
PCAP2LightDark_Individual:23,0.01813,0.03247,0.01906,0.01589,0.0,0.01099,0.00846,0.0,0.02857,0.0,0.01201,0.00862,0.0
PCAP2LightDark_Individual:20,0.0354,0.03298,0.02787,0.0249,0.02222,0.01395,0.01124,0.00333,0.0,0.00372,0.00849,0.00412,0.01005
PCAP2LightDark_Individual:21,0.04689,0.03106,0.03821,0.06,0.0,0.0,0.00781,0.02837,0.0,0.0,0.00376,0.00935,0.0
PCAP2LightDark_Individual:34,0.04183,0.03394,0.0135,0.04252,0.00578,0.02198,0.04369,0.01914,0.00962,0.03289,0.045,0.00562,0.02299
PCAP2LightDark_Individual:38,0.06474,0.04703,0.02578,0.04069,0.07981,0.04027,0.02624,0.01976,0.0,0.0,0.02017,0.01382,0.0
PCAP2LightDark_Individual:35,0.03792,0.02911,0.01554,0.02632,0.14286,0.01031,0.01663,0.00623,0.0,0.00897,0.01964,0.00585,0.03448
PCAP2LightDark_Individual:27,0.02419,0.03922,0.03005,0.01869,0.0641,0.01923,0.03882,0.04396,0.04962,0.01279,0.02627,0.04074,0.02481
PCAP2LightDark_Individual:11,0.02973,0.03681,0.03417,0.03103,0.08333,0.02242,0.02576,0.03106,0.03175,0.0,0.01293,0.01205,0.0
PCAP2LightDark_Individual:37,0.03698,0.05113,0.01754,0.02703,0.0,0.0,0.01835,0.05405,0.0,0.0,0.03247,0.0,0.06667
PCAP2LightDark_Individual:36,0.06022,0.06879,0.0504,0.02158,0.03279,0.0,0.02653,0.03409,0.0,0.0,0.05629,0.0,0.0
PCAP2LightDark_Individual:5;,0.014,0.0,0.0,0.01145,0.08046,0.07767,0.01333,0.03243,0.01124,0.04545,0.01866,0.03646,0.02857
PCAP2LightDark_Individual:9;,0.08296,0.05511,0.01603,0.01391,0.0,0.02655,0.02778,0.00719,0.01266,0.01829,0.01952,0.03774,0.00741
PCAP2LightDark_Individual:31,0.01149,0.02041,0.04225,0.0,0.0,0.03448,0.01648,0.01724,0.01887,0.0,0.01676,0.0,0.0
PCAP2LightDark_Individual:30,0.06838,0.05314,0.01957,0.04444,0.06122,0.05132,0.04678,0.0367,0.0,0.07186,0.06166,0.07042,0.03614
PCAP2LightDark_Individual:1;,0.01198,0.0023,0.02128,0.07547,0.01333,0.03529,0.0092,0.01754,0.0,0.03333,0.03125,0.01408,0.03333
PCAP2LightDark_Individual:19,0.03306,0.03285,0.02854,0.03911,0.02459,0.01149,0.01375,0.0,0.02069,0.00813,0.0,0.00694,0.0
PCAP2LightDark_Individual:18,0.01935,0.01463,0.02313,0.02125,0.01852,0.0,0.01442,0.01639,0.0,0.0,0.00823,0.01176,0.0
PCAP2LightDark_Individual:39,0.03896,0.07895,0.00683,0.0,0.04545,0.02,0.01075,0.0,0.02632,0.04255,0.01786,0.0,0.04965
PCAP2LightDark_Individual:33,0.09524,0.0,0.01571,0.0,0.07143,0.00937,0.0,0.0,0.0,0.0,0.0,0.0,0.01852
PCAP2LightDark_Individual:3;,0.04769,0.02734,0.02878,0.04332,0.07109,0.09497,0.04194,0.03114,0.06536,0.03015,0.01687,0.0304,0.02273
PCAP2LightDark_Individual:32,0.02602,0.01299,0.00906,0.0125,0.03311,0,0.02062,0.0,0.0,0.0,0.0,0.0,0.02174
PCAP2LightDark_Individual:13,0.0,0.0,0.03957,0.0,0.00538,0.0,0.01852,0.01942,0.0,0.0,0.02162,0.0,0.03774
PCAP2LightDark_Individual:12,0.05364,0.03121,0.03,0.03805,0.04449,0.03191,0.03898,0.02711,0.00806,0.00792,0.02597,0.03175,0.0
PCAP2LightDark_Individual:7;,0.06283,0.0751,0.02439,0.03429,0.02703,0.03333,0.03538,0.03196,0.03448,0.125,0.04019,0.02232,0.04
PCAP2LightDark_Individual:10,0.03619,0.03077,0.02671,0.0227,0.07312,0.03692,0.02069,0.03107,0.02692,0.03462,0.02517,0.01724,0.03977
PCAP2LightDark_Individual:17,0.05997,0.05175,0.03046,0.04212,0.05031,0.04741,0.02809,0.02051,0.0,0.07143,0.02227,0.03153,0.0625
PCAP2LightDark_Individual:16,0.05007,0.03595,0.0443,0.03175,0.02979,0.01299,0.03476,0.03292,0.01896,0.0,0.0088,0.01333,0.0037
PCAP2LightDark_Individual:15,0.03795,0.03208,0.0407,0.0235,0.01176,0.03349,0.00901,0.0,0.02193,0.01786,0.02118,0.01379,0.05
PCAP2LightDark_Individual:14,0.04517,0.03305,0.01884,0.03509,0.03743,0.07246,0.01508,0.03261,0.0,0.04425,0.00563,0.04396,0.03093
PCAP814LightDark_Individual:8;,0.01285,0.01274,0.10545,0.03922,0.01852,0.0,0.0,0.0,0.01485,0.00508,0.00741,0.01015,0.0
PCAP814LightDark_Individual:48,0.01868,0.02493,0.03473,0.02991,0.03396,0.04348,0.01563,0.01782,0.0,0.0,0.01976,0.03371,0.0
PCAP814LightDark_Individual:4;,0.0603,0.03125,0.0202,0.03376,0.06977,0.05263,0.02532,0.03571,0.03408,0.0,0.075,0.0,0.0
PCAP814LightDark_Individual:40,0.02376,0.02574,0.01313,0.00719,0.05333,0.02723,0.01476,0.0241,0.04183,0.03562,0.01884,0.02577,0.03778
PCAP814LightDark_Individual:41,0.02419,0.01545,0.01778,0.03002,0.01269,0.00862,0.02635,0.0373,0.01657,0.01008,0.0139,0.00937,0.01208
PCAP814LightDark_Individual:42,0.02922,0.03221,0.02044,0.02262,0.0,0.02041,0.02311,0.02871,0.0,0.01754,0.02236,0.03514,0.0
PCAP814LightDark_Individual:43,0.00832,0.02893,0.01663,0.03461,0.09722,0.03502,0.01679,0.05263,0.0,0.07042,0.03465,0.02703,0.01538
PCAP814LightDark_Individual:44,0.00833,0.01911,0.03204,0.0081,0.04348,0.02222,0.00945,0.05294,0.04167,0.02878,0.00188,0.08442,0.02479
PCAP814LightDark_Individual:45,0.01923,0.00989,0.01879,0.02661,0.0282,0.02918,0.02589,0.0404,0.03509,0.0146,0.02032,0.02797,0.025
PCAP814LightDark_Individual:46,0.0293,0.02928,0.03254,0.01124,0.00356,0.04478,0.02725,0.01538,0.0,0.025,0.033,0.02622,0.03571
PCAP814LightDark_Individual:47,0.02099,0.01062,0.03105,0.02115,0.044,0.04392,0.02427,0.0287,0.08075,0.04545,0.01865,0.03659,0.04324
PCAP814LightDark_Individual:2;,0.01734,0.01452,0.01846,0.05369,0.0,0.02041,0.01435,0.0,0.0,0.0,0.01282,0.0,0.0
PCAP814LightDark_Individual:28,0.04471,0.02667,0.02109,0.01583,0.0,0.05263,0.03596,0.00719,0.0,0.0,0.01826,0.0,0.0
PCAP814LightDark_Individual:29,0.0313,0.00335,0.04944,0.0459,0.0,0.04762,0.02525,0.0,0.0,0.0,0.00704,0.02778,0.0
PCAP814LightDark_Individual:26,0.02222,0.01599,0.01382,0.0,0,0.0,0.0,0.0,0.00863,0,0.0,0.0,0
PCAP814LightDark_Individual:6;,0.02273,0.0315,0.02452,0.01866,0.04819,0.0,0.04054,0.02335,0.02128,0.0,0.0,0.0,0.0
PCAP814LightDark_Individual:24,0.03661,0.04819,0.01538,0.01946,0.0137,0.02432,0.03694,0.0,0.0,0.02439,0.04217,0.03303,0.02857
PCAP814LightDark_Individual:25,0.03319,0.0304,0.02444,0.00811,0.05263,0.0,0.03226,0.0,0.0,0.09677,0.04418,0.0,0.01695
PCAP814LightDark_Individual:22,0.02075,0.0104,0.01954,0.02288,0.04673,0.07377,0.01416,0.01485,0.02679,0.00588,0.02642,0.03819,0.0
PCAP814LightDark_Individual:23,0.03738,0.02899,0.01632,0.03529,0.0,0.01493,0.02133,0.05464,0.0,0.0,0.0102,0.02062,0.0
PCAP814LightDark_Individual:20,0.02737,0.02801,0.0148,0.05638,0.01266,0.02857,0.04439,0.01775,0.01124,0.0,0.03293,0.03165,0.03448
PCAP814LightDark_Individual:21,0.02029,0.05643,0.02612,0.01832,0.0,0.02885,0.02594,0.00966,0.0,0.0,0.02419,0.04082,0.0
PCAP814LightDark_Individual:34,0.05835,0.04117,0.07385,0.04068,0.02985,0.01786,0.00565,0.00568,0.01075,0.0069,0.0,0.0,0.03333
PCAP814LightDark_Individual:38,0.02258,0.0201,0.00829,0.0225,0.05389,0.01718,0.0312,0.02709,0.05056,0.04484,0.01389,0.02273,0.09581
PCAP814LightDark_Individual:35,0.04051,0.04511,0.03058,0.02183,0.01,0.04651,0.00833,0.0,0.0,0.0,0.0,0.0,0.00599
PCAP814LightDark_Individual:27,0.05283,0.04251,0.02617,0.01786,0.0,0.0,0.01899,0.0,0.0,0.0,0.05882,0.0,0.0
PCAP814LightDark_Individual:11,0.02362,0.03704,0.02108,0.01587,0.02247,0.0,0.0,0.0,0.0,0.0,0.0,0.09091,0.0
PCAP814LightDark_Individual:37,0.03146,0.02897,0.01784,0.02247,0.03125,0.02279,0.01325,0.02063,0.03561,0.02107,0.01871,0.02809,0.05019
PCAP814LightDark_Individual:36,0.0552,0.02674,0.0227,0.0,0.0,0.0,0.02804,0.0,0.00893,0.02174,0.01327,0.00328,0.00543
PCAP814LightDark_Individual:5;,0.02546,0.03567,0.01561,0.0303,0.0,0.0,0.00368,0.0,0.0,0.05882,0.02941,0.0,0.0
PCAP814LightDark_Individual:9;,0.03015,0.02453,0.0298,0.02439,0.01347,0.0,0.00787,0.0,0.00763,0.01361,0.0,0.00444,0.0
PCAP814LightDark_Individual:31,0.04104,0.03368,0.02683,0.02927,0.03226,0.0,0.0,0.0,0.0,0.0,0.0,0.0,0.0
PCAP814LightDark_Individual:30,0.07656,0.03774,0.02434,0.0,0.0,0.0,0.01437,0.04,0.0,0.0,0.0,0.02193,0.02077
PCAP814LightDark_Individual:1;,0.08,0.0,0.01695,0.01294,0.16667,0.02634,0.01111,0.0,0.0,0.0,0.03077,0.01333,0.0
PCAP814LightDark_Individual:19,0.02231,0.03284,0.02339,0.02695,0.02597,0.03756,0.01114,0.0,0.0,0.08333,0.02791,0.02564,0.0
PCAP814LightDark_Individual:18,0.0,0.00885,0.01064,0.00562,0.0073,0.0283,0.00694,0.00694,0.01418,0.0,0.01212,0.02174,0.0
PCAP814LightDark_Individual:39,0.0199,0.0163,0.0,0.01087,0.02542,0.03937,0.01724,0.0,0.0,0.03846,0.00976,0.03077,0.0
PCAP814LightDark_Individual:33,0.05263,0.0303,0.05,0.02941,0.01408,0.02083,0.0,0.0,0.0,0.00641,0.01786,0.0,0.0
PCAP814LightDark_Individual:3;,0.03618,0.00532,0.0229,0.01794,0.00543,0.01,0.01847,0.0106,0.00943,0.0,0.00658,0.02381,0.0
PCAP814LightDark_Individual:32,0.04065,0.03756,0.04167,0.03448,0.02247,0.0,0.0,0.0,0.0,0.0,0.0,0.0,0.0
PCAP814LightDark_Individual:13,0.01538,0.00618,0.01533,0.01259,0.01931,0.01457,0.01449,0.02,0.01603,0.02069,0.02615,0.01508,0.0192
PCAP814LightDark_Individual:12,0.0106,0.05263,0.01548,0.03906,0.01316,0.0,0.0,0.0,0.0,0.0,0.01333,0.0068,0.12195
PCAP814LightDark_Individual:7;,0.04301,0.04494,0.01429,0.05357,0.0,0.0,0.0,0.0,0.0,0.01316,0.0,0.02941,0.03774
PCAP814LightDark_Individual:10,0,0.03846,0.03207,0.03125,0.01031,0.0,0.0,0.0,0.0,0.02817,0.01493,0.00417,0.01205
PCAP814LightDark_Individual:17,0.02137,0.00438,0.01441,0.025,0.06987,0.02235,0.01522,0.05172,0.02909,0.01449,0.01556,0.03022,0.00984
PCAP814LightDark_Individual:16,0.00964,0.0202,0.01563,0.01732,0.02941,0.02555,0.0183,0.02489,0.00481,0.00847,0.01852,0.0118,0.01799
PCAP814LightDark_Individual:15,0.02632,0.02996,0.00519,0.04969,0.05028,0.02303,0.01083,0.0,0.01667,0.01498,0.01077,0.02299,0.00971
PCAP814LightDark_Individual:14,0.02692,0.0214,0.00655,0.00521,0.01894,0.01326,0.01151,0.00769,0.0221,0.01639,0.00363,0.00629,0.04
PCAP931LightDark_Individual:8;,0.01186,0.02245,0.00564,0.01282,0.00797,0.02507,0.02597,0.02889,0.01188,0.00734,0.01079,0.02548,0.01337
PCAP931LightDark_Individual:48,0.02051,0.0,0.01402,0.0,0.04167,0.0,0.02273,0.01316,0.02174,0.0,0.02597,0.02564,0.00893
PCAP931LightDark_Individual:4;,0.02503,0.01314,0.02782,0.03753,0.05102,0.06061,0.04178,0.05096,0.0297,0.03509,0.0365,0.08791,0.02198
PCAP931LightDark_Individual:40,0.0303,0.01299,0.01208,0.02151,0.0303,0.02439,0.03846,0.0,0,0.0,0.05017,0.03175,0.0
PCAP931LightDark_Individual:41,0.00488,0.02222,0.00223,0.05217,0.03125,0.01493,0.01205,0.0,0.04255,0.01235,0.0,0.0,0.01429
PCAP931LightDark_Individual:42,0.0452,0.01957,0.02743,0.02712,0.05357,0.05063,0.01931,0.01902,0.0,0.0354,0.01848,0.0172,0.0
PCAP931LightDark_Individual:43,0.04404,0.04702,0.03963,0.05808,0.17391,0.03665,0.02742,0.075,0.07639,0.03415,0.03571,0.05118,0.06452
PCAP931LightDark_Individual:44,0.02732,0.02222,0.01661,0.05079,0.07595,0.02793,0.03208,0.02506,0.01695,0.06566,0.02115,0.02261,0.03165
PCAP931LightDark_Individual:45,0.03142,0.02459,0.01813,0.02676,0.04124,0.04336,0.02403,0.02907,0.01852,0.03107,0.00813,0.01183,0.01653
PCAP931LightDark_Individual:46,0.00298,0.0,0.01079,0.0057,0.00309,0.00535,0.01181,0.0125,0.0,0.01754,0.0098,0.01266,0.004
PCAP931LightDark_Individual:47,0.00276,0.04651,0.02083,0.0566,0.0,0.0,0.01976,0.05109,0.0,0.0,0.04487,0.01754,0.04
PCAP931LightDark_Individual:2;,0.03547,0.02749,0.02033,0.04266,0.0318,0.05012,0.05046,0.02013,0.0,0.02525,0.04505,0.04,0.0
PCAP931LightDark_Individual:28,0.02494,0.06647,0.0348,0.03169,0.01205,0.04762,0.01942,0.02727,0.04839,0.04762,0.02174,0.07527,0.08333
PCAP931LightDark_Individual:29,0.03359,0.02143,0.03652,0.02381,0.0,0.125,0.03483,0.0,0.02564,0.02083,0.01481,0.02857,0.0
PCAP931LightDark_Individual:26,0.03137,0.01615,0.00399,0.03543,0.04854,0.02254,0.01815,0.02105,0.10101,0.0473,0.04348,0.01818,0.0
PCAP931LightDark_Individual:6;,0.02765,0.02252,0.01989,0.04478,0.03125,0.01224,0.01446,0.06731,0.00877,0.02609,0.01442,0.04225,0.01064
PCAP931LightDark_Individual:24,0.02308,0.03136,0.02178,0.0201,0.0463,0.02222,0.01897,0.03247,0.03922,0.01111,0.03356,0.0068,0.05036
PCAP931LightDark_Individual:25,0.03014,0.025,0.01985,0.04,0.0,0.0,0.01087,0.0,0.03448,0.03226,0.00735,0.0,0.0
PCAP931LightDark_Individual:22,0.03086,0.02344,0.02582,0.02667,0.07179,0.02817,0.0266,0.03797,0.02414,0.02761,0.01852,0.03023,0.0663
PCAP931LightDark_Individual:23,0.01935,0.00787,0.02703,0.03016,0.0303,0.01786,0.03323,0.03571,0.0,0.03883,0.03822,0.03165,0.02222
PCAP931LightDark_Individual:20,0.01964,0.03404,0.01129,0.02821,0.0202,0.03017,0.02088,0.03415,0.0137,0.02137,0.00941,0.03922,0.0
PCAP931LightDark_Individual:21,0.0087,0.02685,0.01406,0.0266,0.16667,0.0,0.01136,0.2,0.0,0.0,0.03226,0.0,0.0
PCAP931LightDark_Individual:34,0.02167,0.00704,0.0082,0.02532,0.04545,0.03727,0.04265,0.04651,0.0087,0.00667,0.03614,0.05505,0.025
PCAP931LightDark_Individual:38,0.02839,0.02392,0.00919,0.0094,0.04878,0.0614,0.01331,0.03191,0.05556,0.01835,0.01347,0.03011,0.10417
PCAP931LightDark_Individual:35,0.0076,0.01818,0.01085,0.02088,0.02252,0.01435,0.0148,0.02023,0.00565,0.0051,0.01768,0.00562,0.04615
PCAP931LightDark_Individual:27,0.01224,0.01391,0.00917,0.03049,0.0,0.01786,0.02059,0.02542,0.0,0.01333,0.01896,0.03448,0.01316
PCAP931LightDark_Individual:11,0.04887,0.034,0.00538,0.01695,0.04622,0.04167,0.01456,0.02842,0.04819,0.05376,0.02473,0.05369,0.07778
PCAP931LightDark_Individual:37,0.0282,0.04045,0.04464,0.02,0.09091,0.02174,0.04065,0.0,0.0,0.0625,0.03284,0.04,0.03333
PCAP931LightDark_Individual:36,0.02847,0.01538,0.03422,0.0178,0.07306,0.00759,0.02015,0.05797,0.03883,0.00717,0.03131,0.03344,0.02073
PCAP931LightDark_Individual:5;,0.03509,0.05556,0.04248,0.03974,0.01117,0.02924,0.02885,0.05263,0.02439,0.03061,0.02381,0.0,0.0
PCAP931LightDark_Individual:9;,0.05769,0.06061,0.01525,0.09917,0.02632,0.0,0.02801,0.05495,0.0,0.05714,0.04532,0.04098,0.01923
PCAP931LightDark_Individual:31,0.03853,0.02826,0.0127,0.0375,0.02452,0.02433,0.0125,0.04467,0.01416,0.02445,0.03057,0.01762,0.03675
PCAP931LightDark_Individual:30,0.02252,0.02496,0.02627,0.04902,0.0,0.0,0.04225,0.05556,0.0,0.0,0.01435,0.0,0.03175
PCAP931LightDark_Individual:1;,0.01378,0.0129,0.02145,0.02952,0.0,0.0,0.01087,0.0,0.0,0.0,0.01493,0.02564,0.0
PCAP931LightDark_Individual:19,0.05531,0.06829,0.02676,0.03846,0.05825,0.00971,0.02667,0.01932,0.0,0.02991,0.03057,0.05797,0.0
PCAP931LightDark_Individual:18,0.0197,0.01908,0.01421,0.03163,0.00365,0.02397,0.0119,0.0463,0.00976,0.00309,0.03951,0.02326,0.03743
PCAP931LightDark_Individual:39,0.01178,0.01794,0.02915,0.01583,0.02264,0.01765,0.00691,0.0303,0.00332,0.00872,0.04225,0.02966,0.01878
PCAP931LightDark_Individual:33,0.04078,0.0436,0.01124,0.05078,0.04348,0.04669,0.01944,0.04587,0.06452,0.05479,0.03556,0.02721,0.11429
PCAP931LightDark_Individual:3;,0.02317,0.05376,0.00728,0.0098,0.0,0.02703,0.02256,0.0,0.0,0.02632,0.02646,0.0,0.0
PCAP931LightDark_Individual:32,0.03793,0.03165,0.00735,0.01018,0.03704,0.03082,0.00794,0.03725,0.05,0.03111,0.00633,0.0288,0.02857
PCAP931LightDark_Individual:13,0.02469,0,0.02202,0.05479,0.0,0.0,0.04096,0.03371,0.01111,0.0,0.0404,0.04348,0.0
PCAP931LightDark_Individual:12,0.03723,0.04147,0.02535,0.03835,0.03681,0.01481,0.01567,0.02076,0.01408,0.03659,0.00412,0.02029,0.03665
PCAP931LightDark_Individual:7;,0.02899,0.0339,0.01408,0.01198,0.06897,0.04192,0.01661,0.00518,0.06122,0.02542,0.02236,0.02326,0.02752
PCAP931LightDark_Individual:10,0.00714,0.01923,0.02439,0.03846,0.01481,0.02206,0.01356,0.01786,0.0129,0.05051,0.02128,0.0125,0.01754
PCAP931LightDark_Individual:17,0.05916,0.05915,0.03294,0.06436,0.0,0.0,0.0449,0.06593,0.0,0,0.03788,0.02128,0
PCAP931LightDark_Individual:16,0.03763,0.02439,0.02866,0.01899,0.038,0.02254,0.02985,0.05682,0.01392,0.0122,0.01944,0.03518,0.00467
PCAP931LightDark_Individual:15,0.0212,0.04167,0.02064,0.04233,0.02963,0.03529,0.03125,0.04452,0.06024,0.0,0.04823,0.02786,0.02703
PCAP931LightDark_Individual:14,0.01058,0.01602,0.00823,0.03002,0.00813,0.03906,0.01538,0.02165,0.00937,0.02381,0.02027,0.01768,0.02308
