AripiprazoleLightDark_Individual:8;,0.06509,0.00299,0.01226,0.00996,0.0,0.00288,0.0098,0.0,0.0,0.00254,0.0,0.0,0.0
AripiprazoleLightDark_Individual:48,0.03373,0.04878,0.03419,0.09091,0.0,0.06911,0.05,0.0297,0.01087,0.0235,0.05669,0.01709,0.01111
AripiprazoleLightDark_Individual:4;,0.03721,0.01292,0.01751,0.08143,0.0181,0.0113,0.02791,0.02976,0.02041,0.02827,0.025,0.02913,0.0251
AripiprazoleLightDark_Individual:40,0.03814,0.02959,0.05299,0.05094,0.16216,0.01802,0.02181,0.0101,0.06803,0.01987,0.02029,0.0303,0.04082
AripiprazoleLightDark_Individual:41,0.05426,0.02497,0.04088,0.15258,0.03175,0.0493,0.0919,0.03731,0.0,0.0,0.05937,0.03,0.04348
AripiprazoleLightDark_Individual:42,0.01923,0.00448,0.02245,0.00995,0.025,0.00337,0.03704,0.02151,0.00446,0.0,0.00651,0.0367,0.02381
AripiprazoleLightDark_Individual:43,0.03302,0.01838,0.02118,0.03871,0.04734,0.0578,0.04094,0.04688,0.02033,0.02174,0.01978,0.02145,0.0087
AripiprazoleLightDark_Individual:44,0.03734,0.01938,0.02556,0.04891,0.00585,0.00866,0.02482,0.07619,0.02198,0.03774,0.04484,0.02768,0.00749
AripiprazoleLightDark_Individual:45,0.05213,0.02049,0.0026,0.03436,0.0873,0.05238,0.00839,0.07097,0.02674,0.01111,0.03462,0.06579,0.02128
AripiprazoleLightDark_Individual:46,0.01681,0.0036,0.04182,0.0303,0.00971,0.0,0.00467,0.02564,0.0,0.01,0.01635,0.0122,0.0
AripiprazoleLightDark_Individual:47,0.0743,0.04612,0.05372,0.12615,0.13158,0.05867,0.08716,0.06154,0.115,0.03766,0.06219,0.07761,0.04545
AripiprazoleLightDark_Individual:2;,0.02068,0.02519,0.00731,0.09013,0.01096,0.03526,0.02117,0.09169,0.05505,0.05743,0.01836,0.04811,0.03125
AripiprazoleLightDark_Individual:28,0.04822,0.07407,0.03735,0.05369,0.04301,0.08081,0.02185,0.04348,0.06557,0.03629,0.0446,0.03871,0.0641
AripiprazoleLightDark_Individual:29,0.05699,0.07776,0.07129,0.07905,0.11364,0.05645,0.09438,0.13354,0.05738,0.04339,0.0852,0.10864,0.05031
AripiprazoleLightDark_Individual:26,0.02929,0.01301,0.01077,0.0,0.08589,0.0748,0.00142,0.01449,0.02809,0.0813,0.00164,0.0,0.06522
AripiprazoleLightDark_Individual:6;,0.0719,0.06333,0.03877,0.05882,0.03817,0.02174,0.05317,0.072,0.01869,0.02344,0.05736,0.05701,0.03774
AripiprazoleLightDark_Individual:24,0.06208,0.07734,0.0336,0.05042,0.08187,0.06832,0.04533,0.05145,0.05405,0.0596,0.0419,0.06912,0.0
AripiprazoleLightDark_Individual:25,0.04132,0.04533,0.06886,0.05419,0.15183,0.10224,0.0672,0.11684,0.12227,0.11013,0.0583,0.10169,0.11043
AripiprazoleLightDark_Individual:22,0.10797,0.07595,0.05849,0.08317,0.06952,0.0873,0.04737,0.0873,0.06757,0.0367,0.09779,0.1194,0.08791
AripiprazoleLightDark_Individual:23,0.02882,0.04483,0.0309,0.03265,0.04221,0.03341,0.06393,0.07494,0.07407,0.03678,0.03282,0.07216,0.05023
AripiprazoleLightDark_Individual:20,0.07094,0.05923,0.11776,0.1556,0.01266,0.02703,0.06438,0.12667,0.02299,0.01775,0.07317,0.14334,0.06316
AripiprazoleLightDark_Individual:21,0.05452,0.07722,0.05867,0.08602,0.08108,0.04242,0.08014,0.0202,0.09036,0.0618,0.06383,0.05208,0.07826
AripiprazoleLightDark_Individual:34,0.01571,0.00621,0.03429,0.03072,0.0129,0.01266,0.01339,0.0,0.00435,0.0,0.0,0.0,0.0
AripiprazoleLightDark_Individual:38,0.05844,0.04633,0.01255,0.02608,0.072,0.05983,0.01487,0.06305,0.05051,0.0241,0.01917,0.00903,0.0814
AripiprazoleLightDark_Individual:35,0.01695,0.00889,0.01704,0.03114,0.01757,0.01484,0.00308,0.01988,0.0022,0.00721,0.00833,0.0,0.01961
AripiprazoleLightDark_Individual:27,0.00478,0.0,0.0142,0.0117,0.00683,0.0092,0.01294,0.00958,0.01423,0.00377,0.0124,0.00324,0.00744
AripiprazoleLightDark_Individual:11,0.07249,0.0648,0.06529,0.0915,0.08235,0.04348,0.04176,0.06481,0.0354,0.02513,0.00995,0.02353,0.03195
AripiprazoleLightDark_Individual:37,0.01867,0.0,0.01852,0.00704,0.02899,0.0257,0.01205,0.03109,0.13559,0.04301,0.01667,0.0122,0.16981
AripiprazoleLightDark_Individual:36,0.05691,0.04072,0.07,0.04628,0.04167,0.03979,0.02558,0.07393,0.02642,0.01775,0.02724,0.01015,0.0
AripiprazoleLightDark_Individual:5;,0.08096,0.06086,0.0958,0.0641,0.03765,0.04706,0.03379,0.06061,0.04851,0.0495,0.03559,0.08665,0.11039
AripiprazoleLightDark_Individual:9;,0.05663,0.04618,0.01533,0.01629,0.03239,0.02612,0.01604,0.01462,0.00275,0.00488,0.00939,0.01948,0.0
AripiprazoleLightDark_Individual:31,0.02766,0.01186,0.03476,0.05495,0.03136,0.02089,0.04181,0.01511,0.00662,0.0,0.00744,0.00771,0.0
AripiprazoleLightDark_Individual:30,0.01621,0.02697,0.02797,0.0281,0.04762,0.02473,0.02976,0.05,0.02804,0.01518,0.04025,0.0,0.0274
AripiprazoleLightDark_Individual:1;,0.0322,0.03616,0.04673,0.16216,0.04348,0.04147,0.0593,0.10112,0.0,0.07778,0.03828,0.01235,0.02941
AripiprazoleLightDark_Individual:19,0.05348,0.03704,0.06278,0.11372,0.02381,0.06723,0.03461,0.06159,0.0,0.01923,0.05682,0.05,0.06897
AripiprazoleLightDark_Individual:18,0.0262,0.02299,0.03828,0.06265,0.01389,0.02594,0.04051,0.01531,0.03365,0.01961,0.02233,0.00778,0.01351
AripiprazoleLightDark_Individual:39,0.04755,0.02228,0.01478,0.04744,0.03747,0.04582,0.05216,0.0631,0.0,0.02956,0.0189,0.05133,0.02941
AripiprazoleLightDark_Individual:33,0.04252,0.04902,0.03623,0.03652,0.10762,0.06,0.06087,0.01932,0.05911,0.0566,0.03631,0.03125,0.08235
AripiprazoleLightDark_Individual:3;,0.07089,0.04112,0.05825,0.07692,0.0603,0.06502,0.08363,0.07852,0.02151,0.05303,0.0643,0.06458,0.05747
AripiprazoleLightDark_Individual:32,0.01291,0.00762,0.00398,0.0473,0.03261,0.0226,0.00606,0.02871,0.00298,0.0,0.0,0.01266,0.0
AripiprazoleLightDark_Individual:13,0.01519,0.0117,0.01947,0.01786,0.05861,0.02909,0.02073,0.0249,0.03431,0.01667,0.0434,0.03265,0.02033
AripiprazoleLightDark_Individual:12,0.07153,0.06677,0.03458,0.02709,0.03361,0.03545,0.02657,0.0257,0.02402,0.01796,0.01198,0.00901,0.00224
AripiprazoleLightDark_Individual:7;,0.0183,0.02871,0.03854,0.07527,0.06283,0.0457,0.03096,0.05185,0.00338,0.00355,0.00571,0.00578,0.0
AripiprazoleLightDark_Individual:10,0.06457,0.04184,0.03994,0.05991,0.05525,0.0711,0.07634,0.0942,0.045,0.0188,0.04639,0.0201,0.01167
AripiprazoleLightDark_Individual:17,0.07986,0.02178,0.03327,0.06289,0.03679,0.05556,0.02793,0.05398,0.06639,0.05134,0.02301,0.0378,0.07422
AripiprazoleLightDark_Individual:16,0.03351,0.03643,0.04664,0.05137,0.02954,0.03571,0.05229,0.04314,0.0239,0.02857,0.04557,0.016,0.04046
AripiprazoleLightDark_Individual:15,0.03333,0.05536,0.03305,0.13149,0.17308,0.08287,0.03254,0.04598,0.0935,0.04957,0.00364,0.05092,0.18182
AripiprazoleLightDark_Individual:14,0.07762,0.04482,0.08019,0.10848,0.24,0.16406,0.0634,0.05294,0.2973,0.11111,0.04107,0.05159,0.0
