AripiprazoleLightDark_Individual:8;,0.1287,0.04192,0.11909,0.07769,0.02661,0.04611,0.10784,0.04702,0.03046,0.00763,0.00532,0.01356,0.00503
AripiprazoleLightDark_Individual:48,0.2,0.08537,0.13333,0.25,0.07143,0.13415,0.13947,0.09901,0.01087,0.10705,0.13605,0.07692,0.09444
AripiprazoleLightDark_Individual:4;,0.12558,0.08885,0.15759,0.21498,0.21719,0.12147,0.14651,0.25595,0.12653,0.10601,0.15556,0.20388,0.09623
AripiprazoleLightDark_Individual:40,0.17998,0.15858,0.13315,0.12064,0.13514,0.0991,0.18692,0.16162,0.16327,0.13907,0.14783,0.22222,0.14286
AripiprazoleLightDark_Individual:41,0.2186,0.15112,0.14937,0.14789,0.20635,0.16197,0.17724,0.18657,0.04545,0.13402,0.19687,0.08,0.08696
AripiprazoleLightDark_Individual:42,0.26923,0.13453,0.10408,0.1592,0.175,0.12121,0.11111,0.1828,0.0625,0.1498,0.13681,0.11927,0.12381
AripiprazoleLightDark_Individual:43,0.17767,0.17152,0.09647,0.2,0.23077,0.22543,0.15595,0.19687,0.15854,0.1087,0.13846,0.15818,0.16522
AripiprazoleLightDark_Individual:44,0.26556,0.14341,0.24601,0.23913,0.11696,0.16017,0.22695,0.27302,0.12088,0.19811,0.26906,0.2872,0.13483
AripiprazoleLightDark_Individual:45,0.21125,0.18033,0.08153,0.1134,0.22222,0.10952,0.15827,0.24516,0.13369,0.18519,0.15769,0.17763,0.14468
AripiprazoleLightDark_Individual:46,0.11429,0.0991,0.13818,0.18182,0.1068,0.09756,0.16822,0.19658,0.04348,0.02,0.15804,0.09756,0.12727
AripiprazoleLightDark_Individual:47,0.2008,0.22087,0.15565,0.25,0.09211,0.2398,0.22187,0.22115,0.18,0.16736,0.17185,0.1796,0.09091
AripiprazoleLightDark_Individual:2;,0.13534,0.16373,0.27924,0.18884,0.12603,0.19231,0.12453,0.20344,0.12844,0.16892,0.11383,0.15808,0.10312
AripiprazoleLightDark_Individual:28,0.21827,0.25185,0.06112,0.13423,0.19892,0.21212,0.08739,0.13623,0.15301,0.15323,0.12207,0.16129,0.1859
AripiprazoleLightDark_Individual:29,0.19344,0.19751,0.13884,0.17589,0.25253,0.21371,0.21348,0.25155,0.22541,0.18182,0.17937,0.21727,0.25157
AripiprazoleLightDark_Individual:26,0.25523,0.13755,0.03846,0.07161,0.16564,0.24803,0.03546,0.09317,0.2191,0.17886,0.05747,0.06303,0.16304
AripiprazoleLightDark_Individual:6;,0.22222,0.15317,0.17647,0.17806,0.22901,0.07609,0.24335,0.24533,0.08411,0.07813,0.18547,0.20428,0.11321
AripiprazoleLightDark_Individual:24,0.1594,0.14928,0.12055,0.15686,0.17544,0.15217,0.2,0.17685,0.12162,0.16556,0.13687,0.15668,0.04286
AripiprazoleLightDark_Individual:25,0.23691,0.17564,0.12575,0.12808,0.2356,0.1995,0.15591,0.17182,0.17904,0.21586,0.15471,0.19915,0.14724
AripiprazoleLightDark_Individual:22,0.10797,0.13608,0.09245,0.14059,0.06417,0.10847,0.11579,0.13492,0.14865,0.08257,0.13565,0.14179,0.0989
AripiprazoleLightDark_Individual:23,0.1513,0.13621,0.12219,0.15102,0.15584,0.1957,0.18033,0.22997,0.19342,0.23448,0.18147,0.2268,0.20548
AripiprazoleLightDark_Individual:20,0.21968,0.15427,0.21236,0.20954,0.08861,0.13063,0.19957,0.26,0.12069,0.14201,0.19069,0.24573,0.09474
AripiprazoleLightDark_Individual:21,0.18213,0.2471,0.19133,0.32258,0.24865,0.24848,0.20557,0.21212,0.18675,0.16854,0.2,0.27083,0.14783
AripiprazoleLightDark_Individual:34,0.15183,0.18634,0.11429,0.15358,0.12258,0.1308,0.14286,0.11168,0.02174,0.0,0.0,0.0,0.0
AripiprazoleLightDark_Individual:38,0.15974,0.14011,0.08473,0.15306,0.16,0.17949,0.06293,0.12785,0.13131,0.07631,0.11062,0.15801,0.09302
AripiprazoleLightDark_Individual:35,0.13983,0.08444,0.07864,0.14286,0.09904,0.17254,0.12,0.18091,0.15165,0.15144,0.10833,0.0596,0.05637
AripiprazoleLightDark_Individual:27,0.17464,0.09419,0.125,0.08577,0.15529,0.11958,0.07762,0.08626,0.08538,0.09308,0.07438,0.05835,0.0878
AripiprazoleLightDark_Individual:11,0.15778,0.18389,0.12027,0.18954,0.14118,0.21304,0.08571,0.15278,0.0885,0.12814,0.12438,0.08235,0.05112
AripiprazoleLightDark_Individual:37,0.19087,0.15734,0.11823,0.42958,0.21739,0.25701,0.12565,0.21244,0.15254,0.13978,0.12708,0.14634,0.09434
AripiprazoleLightDark_Individual:36,0.13984,0.14329,0.156,0.11871,0.16667,0.15119,0.10997,0.08949,0.09057,0.12426,0.12451,0.13706,0.07958
AripiprazoleLightDark_Individual:5;,0.14223,0.16264,0.12941,0.12536,0.11294,0.12,0.07373,0.15873,0.1306,0.13663,0.09661,0.12646,0.0974
AripiprazoleLightDark_Individual:9;,0.14239,0.11847,0.0971,0.05863,0.12955,0.12313,0.09893,0.07895,0.04121,0.01463,0.03756,0.04545,0.04
AripiprazoleLightDark_Individual:31,0.18341,0.08827,0.15798,0.16044,0.07317,0.05222,0.06969,0.06949,0.02649,0.02507,0.0273,0.03599,0.02083
AripiprazoleLightDark_Individual:30,0.16045,0.1657,0.12413,0.12646,0.20833,0.17582,0.11905,0.05,0.15888,0.11063,0.13622,0.0,0.09589
AripiprazoleLightDark_Individual:1;,0.20394,0.17925,0.16075,0.18919,0.19565,0.24194,0.16173,0.26966,0.12195,0.16667,0.1866,0.18519,0.17647
AripiprazoleLightDark_Individual:19,0.20259,0.20302,0.142,0.22744,0.11905,0.12605,0.19308,0.26449,0.0,0.05769,0.2358,0.265,0.17241
AripiprazoleLightDark_Individual:18,0.20742,0.14943,0.12281,0.15777,0.10648,0.08069,0.15949,0.11224,0.10096,0.08683,0.17618,0.10506,0.06757
AripiprazoleLightDark_Individual:39,0.15664,0.2005,0.125,0.11923,0.17564,0.13347,0.14009,0.17208,0.25,0.09852,0.19588,0.18686,0.14706
AripiprazoleLightDark_Individual:33,0.2434,0.19118,0.07609,0.10955,0.13453,0.15,0.06522,0.11594,0.12808,0.11321,0.05866,0.07813,0.11765
AripiprazoleLightDark_Individual:3;,0.22278,0.20066,0.18585,0.21109,0.17588,0.17028,0.23488,0.25866,0.1129,0.08712,0.16751,0.22114,0.13218
AripiprazoleLightDark_Individual:32,0.07461,0.04726,0.06362,0.23649,0.1413,0.09887,0.11515,0.11483,0.03274,0.01114,0.02759,0.03376,0.03627
AripiprazoleLightDark_Individual:13,0.18481,0.18713,0.11913,0.22321,0.15385,0.13455,0.21691,0.21648,0.17157,0.13333,0.17882,0.22041,0.16667
AripiprazoleLightDark_Individual:12,0.20438,0.19881,0.11816,0.12808,0.10084,0.14366,0.06831,0.07944,0.05459,0.05988,0.06587,0.07508,0.08054
AripiprazoleLightDark_Individual:7;,0.198,0.14833,0.12373,0.17742,0.16754,0.12634,0.16718,0.15185,0.03041,0.03191,0.05429,0.0289,0.03509
AripiprazoleLightDark_Individual:10,0.15748,0.12686,0.14132,0.1659,0.17311,0.18119,0.20102,0.17029,0.1425,0.08271,0.09278,0.1005,0.07004
AripiprazoleLightDark_Individual:17,0.18924,0.20327,0.16821,0.15409,0.23411,0.17063,0.14339,0.16761,0.14523,0.18582,0.1646,0.1512,0.11328
AripiprazoleLightDark_Individual:16,0.18519,0.16576,0.14366,0.25,0.10127,0.10714,0.21242,0.14902,0.09562,0.08857,0.1519,0.168,0.16763
AripiprazoleLightDark_Individual:15,0.17681,0.16609,0.12607,0.24221,0.16667,0.1326,0.14645,0.11494,0.11382,0.14009,0.0716,0.13849,0.14973
AripiprazoleLightDark_Individual:14,0.19856,0.19784,0.12893,0.1716,0.18667,0.17188,0.16427,0.26765,0.13514,0.0,0.15195,0.20437,0.0
