AripiprazoleLightDark_Individual:8;,0.03994,0.01198,0.00175,0.00199,0.00665,0.01729,0.00654,0.0,0.0,0.0,0.0,0.00339,0.00503
AripiprazoleLightDark_Individual:48,0.00482,0.0,0.00513,0.00455,0.0102,0.0122,0.00789,0.0,0.0,0.01044,0.0068,0.0,0.0
AripiprazoleLightDark_Individual:4;,0.02093,0.00485,0.00778,0.00651,0.00905,0.00847,0.02326,0.0,0.01224,0.01767,0.00833,0.00971,0.02092
AripiprazoleLightDark_Individual:40,0.00834,0.00473,0.01087,0.00536,0.05405,0.00901,0.00623,0.0,0.0068,0.01325,0.01449,0.00673,0.04082
AripiprazoleLightDark_Individual:41,0.00775,0.00526,0.00786,0.00704,0.01587,0.0,0.01094,0.02985,0.0,0.01031,0.0125,0.0,0.08696
AripiprazoleLightDark_Individual:42,0.0,0.0,0.00204,0.00498,0.0,0.00337,0.0114,0.00538,0.0,0.0081,0.0,0.01835,0.00476
AripiprazoleLightDark_Individual:43,0.00629,0.00306,0.00471,0.01935,0.02367,0.01734,0.01559,0.03438,0.00407,0.01304,0.03077,0.00804,0.0087
AripiprazoleLightDark_Individual:44,0.0,0.00775,0.02875,0.02174,0.00585,0.00433,0.02837,0.0254,0.0,0.00943,0.02466,0.00346,0.01124
AripiprazoleLightDark_Individual:45,0.00549,0.0,0.0026,0.00687,0.0,0.00476,0.006,0.01935,0.01604,0.0037,0.00192,0.01316,0.00851
AripiprazoleLightDark_Individual:46,0.00336,0.0,0.01636,0.0,0.00971,0.0061,0.0,0.02564,0.0,0.01,0.00545,0.0,0.01818
AripiprazoleLightDark_Individual:47,0.01004,0.00728,0.01377,0.00917,0.06579,0.01531,0.02377,0.02885,0.025,0.02092,0.04092,0.02661,0.09091
AripiprazoleLightDark_Individual:2;,0.0,0.0,0.00146,0.00429,0.00548,0.00321,0.00498,0.01146,0.00459,0.00338,0.00122,0.0,0.00937
AripiprazoleLightDark_Individual:28,0.00761,0.01481,0.00849,0.00336,0.01075,0.01515,0.01681,0.01159,0.02186,0.00403,0.02347,0.04516,0.02564
AripiprazoleLightDark_Individual:29,0.01209,0.00622,0.01689,0.03162,0.00758,0.01411,0.03596,0.02174,0.0123,0.02479,0.03363,0.02228,0.01572
AripiprazoleLightDark_Individual:26,0.0,0.00372,0.00154,0.0,0.0,0.00787,0.0,0.0,0.00562,0.00813,0.0,0.0,0.01087
AripiprazoleLightDark_Individual:6;,0.0049,0.0,0.00802,0.00795,0.00763,0.02174,0.0184,0.008,0.0,0.01563,0.00956,0.00475,0.0
AripiprazoleLightDark_Individual:24,0.04195,0.04496,0.02767,0.03922,0.05848,0.01863,0.02667,0.06752,0.0,0.00662,0.02514,0.03226,0.01429
AripiprazoleLightDark_Individual:25,0.01377,0.00283,0.02994,0.03448,0.03141,0.03491,0.01075,0.02405,0.0393,0.02643,0.02018,0.05085,0.0184
AripiprazoleLightDark_Individual:22,0.01163,0.01424,0.01132,0.01782,0.00535,0.02116,0.02895,0.02381,0.04054,0.00917,0.03155,0.01866,0.01099
AripiprazoleLightDark_Individual:23,0.00432,0.00172,0.0014,0.0,0.01948,0.00955,0.01148,0.00775,0.01646,0.0092,0.00579,0.0,0.01826
AripiprazoleLightDark_Individual:20,0.00343,0.00275,0.01158,0.02075,0.0,0.0,0.03004,0.02,0.0,0.00592,0.02217,0.00683,0.0
AripiprazoleLightDark_Individual:21,0.0058,0.0,0.00765,0.01075,0.01622,0.01818,0.02091,0.0404,0.01205,0.01685,0.00851,0.02083,0.01739
AripiprazoleLightDark_Individual:34,0.0,0.0,0.0,0.0,0.00323,0.0,0.0,0.0,0.0,0.0,0.0,0.25,0.0
AripiprazoleLightDark_Individual:38,0.0039,0.00452,0.00418,0.00227,0.0,0.0057,0.00229,0.00876,0.0,0.00803,0.0059,0.00226,0.02326
AripiprazoleLightDark_Individual:35,0.00141,0.00111,0.0,0.00366,0.0016,0.00186,0.00308,0.0,0.0,0.0,0.0,0.0,0.00245
AripiprazoleLightDark_Individual:27,0.0,0.0,0.0,0.00195,0.00512,0.00526,0.0,0.0016,0.00129,0.00377,0.00275,0.0,0.00298
AripiprazoleLightDark_Individual:11,0.02985,0.01926,0.02062,0.01961,0.05882,0.04783,0.01319,0.02778,0.0354,0.03266,0.00995,0.03529,0.02556
AripiprazoleLightDark_Individual:37,0.0,0.0,0.01282,0.0,0.11594,0.00467,0.00861,0.0,0.08475,0.01075,0.01458,0.0,0.01887
AripiprazoleLightDark_Individual:36,0.02276,0.01207,0.004,0.00604,0.00893,0.00531,0.00512,0.00778,0.00755,0.00592,0.00389,0.0,0.0
AripiprazoleLightDark_Individual:5;,0.01313,0.01574,0.02185,0.00712,0.00706,0.00941,0.01536,0.0202,0.01119,0.02178,0.01695,0.02108,0.01948
AripiprazoleLightDark_Individual:9;,0.02751,0.04418,0.02215,0.03909,0.01215,0.03731,0.01604,0.00877,0.00549,0.0,0.00469,0.0,0.0
AripiprazoleLightDark_Individual:31,0.00146,0.00264,0.0079,0.0022,0.0,0.00261,0.0,0.0,0.0,0.00279,0.00248,0.00514,0.0
AripiprazoleLightDark_Individual:30,0.00972,0.00578,0.02448,0.02576,0.03571,0.01374,0.02381,0.0,0.04673,0.01085,0.01238,0.0,0.05023
AripiprazoleLightDark_Individual:1;,0.00358,0.0,0.00561,0.0,0.00725,0.00922,0.01348,0.0,0.0,0.0,0.00957,0.01235,0.05882
AripiprazoleLightDark_Individual:19,0.01783,0.0096,0.02242,0.04152,0.02381,0.01681,0.01821,0.03261,0.0,0.05769,0.01989,0.02,0.06897
AripiprazoleLightDark_Individual:18,0.01528,0.01149,0.01435,0.01392,0.0,0.00288,0.01266,0.0,0.0,0.0028,0.00993,0.00389,0.00338
AripiprazoleLightDark_Individual:39,0.0042,0.00124,0.00269,0.00897,0.0,0.00598,0.00596,0.00956,0.0,0.00493,0.00344,0.00205,0.05882
AripiprazoleLightDark_Individual:33,0.01613,0.00735,0.03442,0.0309,0.03139,0.02667,0.05217,0.02899,0.05419,0.03774,0.01117,0.04688,0.01569
AripiprazoleLightDark_Individual:3;,0.01519,0.00987,0.01942,0.03757,0.0,0.00619,0.02669,0.02079,0.01075,0.01894,0.02707,0.01761,0.01724
AripiprazoleLightDark_Individual:32,0.0,0.00152,0.00199,0.0,0.0,0.0113,0.00303,0.0,0.0,0.0,0.0,0.0211,0.0
AripiprazoleLightDark_Individual:13,0.0,0.0,0.00573,0.00893,0.00733,0.01091,0.01435,0.01916,0.0,0.0,0.01736,0.01837,0.00407
AripiprazoleLightDark_Individual:12,0.01898,0.0089,0.00576,0.00985,0.0112,0.01119,0.0,0.0,0.0,0.00299,0.0,0.0,0.0
AripiprazoleLightDark_Individual:7;,0.00333,0.01116,0.0142,0.02151,0.01047,0.00538,0.0,0.01111,0.00338,0.0,0.00286,0.0,0.0307
AripiprazoleLightDark_Individual:10,0.01417,0.0108,0.03687,0.04378,0.01657,0.01835,0.02545,0.02899,0.0025,0.0,0.0,0.0,0.0
AripiprazoleLightDark_Individual:17,0.01042,0.01452,0.01848,0.03459,0.0,0.01587,0.01676,0.01136,0.0,0.00733,0.00708,0.00687,0.00391
AripiprazoleLightDark_Individual:16,0.0194,0.01821,0.01679,0.01027,0.00422,0.0119,0.02614,0.02353,0.00797,0.01714,0.00759,0.004,0.00578
AripiprazoleLightDark_Individual:15,0.00145,0.00346,0.01224,0.01038,0.03205,0.01105,0.00592,0.00575,0.02439,0.01724,0.00364,0.01222,0.02139
AripiprazoleLightDark_Individual:14,0.01986,0.00155,0.00943,0.01775,0.08,0.03125,0.00576,0.01176,0.02703,0.05556,0.01643,0.00794,0.1875
