AripiprazoleLightDark_Individual:8;,0.54586,0.63772,0.58844,0.63347,0.74058,0.74928,0.60784,0.70846,0.81726,0.85496,0.85638,0.89153,0.84925
AripiprazoleLightDark_Individual:48,0.44096,0.71951,0.52821,0.40909,0.81633,0.47967,0.48158,0.57426,0.92391,0.5718,0.4966,0.63248,0.68611
AripiprazoleLightDark_Individual:4;,0.60465,0.69628,0.52529,0.39414,0.51584,0.64407,0.44651,0.3631,0.61224,0.64311,0.51944,0.52427,0.61506
AripiprazoleLightDark_Individual:40,0.35876,0.4497,0.49185,0.53619,0.37838,0.54054,0.47975,0.54545,0.54422,0.62252,0.50725,0.46801,0.53061
AripiprazoleLightDark_Individual:41,0.45426,0.55059,0.52516,0.46479,0.4127,0.53521,0.42451,0.45522,0.68182,0.51546,0.41563,0.55,0.56522
AripiprazoleLightDark_Individual:42,0.39744,0.58296,0.46939,0.54726,0.375,0.63973,0.48433,0.47312,0.67857,0.62348,0.50489,0.43119,0.65238
AripiprazoleLightDark_Individual:43,0.40094,0.45176,0.55059,0.46452,0.46154,0.49133,0.423,0.34063,0.57724,0.64348,0.36923,0.44236,0.5913
AripiprazoleLightDark_Individual:44,0.38589,0.62016,0.33546,0.45109,0.67836,0.61472,0.39007,0.30794,0.58242,0.56132,0.29596,0.40484,0.61423
AripiprazoleLightDark_Individual:45,0.37037,0.53074,0.5065,0.50515,0.5,0.62857,0.46163,0.4,0.57754,0.63333,0.45769,0.40789,0.61702
AripiprazoleLightDark_Individual:46,0.58487,0.6,0.50545,0.45455,0.65049,0.64024,0.50467,0.5812,0.82609,0.75,0.58856,0.68293,0.6
AripiprazoleLightDark_Individual:47,0.39558,0.4466,0.4876,0.30734,0.46053,0.45918,0.37084,0.37885,0.43,0.5523,0.41244,0.44568,0.54545
AripiprazoleLightDark_Individual:2;,0.46053,0.4937,0.33626,0.41202,0.55342,0.58974,0.39975,0.38109,0.52752,0.50676,0.39535,0.48454,0.62813
AripiprazoleLightDark_Individual:28,0.45685,0.32593,0.61969,0.48322,0.45161,0.43939,0.50084,0.46957,0.51366,0.56452,0.42958,0.52903,0.51282
AripiprazoleLightDark_Individual:29,0.40587,0.43546,0.37899,0.37549,0.35859,0.40726,0.29213,0.32609,0.42623,0.53306,0.3296,0.34262,0.46855
AripiprazoleLightDark_Individual:26,0.43933,0.36431,0.50769,0.65473,0.46012,0.40551,0.50922,0.49482,0.47753,0.4065,0.56814,0.59664,0.3913
AripiprazoleLightDark_Individual:6;,0.36601,0.44772,0.41979,0.407,0.45802,0.57609,0.34151,0.38667,0.66355,0.64844,0.42065,0.40855,0.58491
AripiprazoleLightDark_Individual:24,0.40268,0.41906,0.4249,0.41457,0.45029,0.47826,0.424,0.42765,0.68919,0.46358,0.48045,0.39631,0.84286
AripiprazoleLightDark_Individual:25,0.39945,0.46176,0.36826,0.35961,0.25131,0.33416,0.35484,0.34364,0.40175,0.3304,0.43049,0.33898,0.46012
AripiprazoleLightDark_Individual:22,0.43189,0.41456,0.4434,0.42178,0.71123,0.48413,0.46053,0.40476,0.37838,0.74312,0.39432,0.38433,0.62637
AripiprazoleLightDark_Individual:23,0.63545,0.59483,0.56742,0.51837,0.57792,0.53222,0.45082,0.41344,0.45679,0.43908,0.45753,0.41237,0.46119
AripiprazoleLightDark_Individual:20,0.36613,0.45317,0.37066,0.34232,0.59494,0.57207,0.4206,0.3,0.63218,0.57988,0.35477,0.31399,0.52632
AripiprazoleLightDark_Individual:21,0.37007,0.28185,0.48469,0.29032,0.41622,0.47273,0.39373,0.38384,0.51807,0.50562,0.39149,0.42708,0.4
AripiprazoleLightDark_Individual:34,0.53665,0.4441,0.61714,0.47782,0.52581,0.46414,0.60268,0.58376,0.7,0.86364,1.0,0.5,0.8
AripiprazoleLightDark_Individual:38,0.46623,0.43164,0.53243,0.47166,0.5,0.51852,0.5778,0.51138,0.62626,0.68273,0.5295,0.65914,0.55814
AripiprazoleLightDark_Individual:35,0.46751,0.51667,0.60813,0.59341,0.56869,0.57885,0.62154,0.56461,0.64835,0.6274,0.5875,0.63355,0.67647
AripiprazoleLightDark_Individual:27,0.5311,0.53689,0.5483,0.57505,0.46075,0.44547,0.4696,0.47764,0.52911,0.48679,0.55234,0.56078,0.45833
AripiprazoleLightDark_Individual:11,0.41791,0.39054,0.44502,0.39216,0.52941,0.41304,0.4989,0.47222,0.58407,0.48744,0.52736,0.62353,0.69649
AripiprazoleLightDark_Individual:37,0.41494,0.43706,0.43305,0.3169,0.36232,0.34346,0.4475,0.34715,0.28814,0.44086,0.41667,0.43902,0.41509
AripiprazoleLightDark_Individual:36,0.42602,0.454,0.456,0.57948,0.50893,0.53581,0.60614,0.59922,0.62264,0.53254,0.64591,0.68528,0.66782
AripiprazoleLightDark_Individual:5;,0.43326,0.44701,0.45042,0.45726,0.67059,0.64471,0.54071,0.46898,0.64179,0.52475,0.5,0.43326,0.57792
AripiprazoleLightDark_Individual:9;,0.48544,0.4739,0.55537,0.59609,0.67206,0.58209,0.66578,0.63743,0.72253,0.77073,0.8169,0.75974,0.776
AripiprazoleLightDark_Individual:31,0.40029,0.47167,0.46919,0.53407,0.6446,0.60313,0.60627,0.64653,0.70199,0.68524,0.71216,0.77892,0.82813
AripiprazoleLightDark_Individual:30,0.47164,0.45472,0.46154,0.4637,0.44643,0.40934,0.4375,0.575,0.5,0.52711,0.4613,0.92308,0.54338
AripiprazoleLightDark_Individual:1;,0.50626,0.47327,0.51589,0.36486,0.5,0.45392,0.45822,0.39326,0.58537,0.51111,0.48086,0.49383,0.64706
AripiprazoleLightDark_Individual:19,0.33063,0.41015,0.3991,0.30505,0.52381,0.55462,0.42441,0.36957,0.76923,0.65385,0.3892,0.37,0.55172
AripiprazoleLightDark_Individual:18,0.43886,0.52874,0.54067,0.46404,0.56019,0.65994,0.43038,0.55102,0.67308,0.68627,0.48883,0.62646,0.73311
AripiprazoleLightDark_Individual:39,0.46294,0.46287,0.43414,0.41923,0.53864,0.57371,0.45455,0.40344,0.25,0.68473,0.3677,0.38604,0.47059
AripiprazoleLightDark_Individual:33,0.40176,0.44363,0.5779,0.56461,0.4843,0.5,0.56522,0.64734,0.56158,0.53302,0.6257,0.63542,0.58431
AripiprazoleLightDark_Individual:3;,0.42278,0.49342,0.43828,0.38998,0.42714,0.45201,0.37544,0.3649,0.67742,0.67045,0.41794,0.38552,0.58621
AripiprazoleLightDark_Individual:32,0.53659,0.60366,0.63419,0.36486,0.53986,0.57062,0.49091,0.55502,0.69643,0.72981,0.77241,0.72996,0.80829
AripiprazoleLightDark_Individual:13,0.47848,0.57895,0.49714,0.42857,0.52015,0.62182,0.43062,0.40613,0.57843,0.64583,0.42535,0.45714,0.5935
AripiprazoleLightDark_Individual:12,0.38686,0.41543,0.5072,0.58621,0.68347,0.53172,0.63188,0.70561,0.72926,0.75749,0.69162,0.71772,0.69799
AripiprazoleLightDark_Individual:7;,0.43261,0.41148,0.44219,0.45161,0.51832,0.59946,0.55728,0.63333,0.72635,0.69858,0.71714,0.75723,0.70175
AripiprazoleLightDark_Individual:10,0.36378,0.4197,0.43318,0.40553,0.43831,0.43349,0.4631,0.46739,0.5125,0.66165,0.70103,0.71357,0.68093
AripiprazoleLightDark_Individual:17,0.32292,0.38113,0.45287,0.42453,0.51839,0.4127,0.4432,0.43182,0.47718,0.511,0.44425,0.42268,0.62891
AripiprazoleLightDark_Individual:16,0.47972,0.5173,0.51679,0.48973,0.64979,0.65079,0.44118,0.57647,0.65339,0.70857,0.53418,0.644,0.6474
AripiprazoleLightDark_Individual:15,0.44783,0.44637,0.49816,0.40138,0.30128,0.46961,0.5074,0.57088,0.47561,0.54526,0.55947,0.58045,0.43316
AripiprazoleLightDark_Individual:14,0.32852,0.37713,0.48742,0.4142,0.26667,0.35156,0.36888,0.35,0.37838,0.38889,0.49487,0.375,0.6875
