CariprazineLightDark_Individual:8;,0.46763,0.35294,0.39877,0.6,0.34286,0.5,0.41379,0.57778,0.53571,0.59016,0.45763,0.52941,0.65217
CariprazineLightDark_Individual:48,0.44526,0.26482,0.40956,0.62222,0.52632,0.57143,0.37566,0.37736,0.6383,0.68293,0.29444,0.47619,0.65789
CariprazineLightDark_Individual:4;,0.33908,0.38647,0.40311,0.42049,0.45283,0.40351,0.41632,0.67797,0.44681,0.42155,0.40909,0.42857,0.44218
CariprazineLightDark_Individual:40,0.38877,0.43513,0.47791,0.27528,0.33028,0.42667,0.37924,0.27119,0.48529,0.52607,0.34074,0.36702,0.46512
CariprazineLightDark_Individual:41,0.36207,0.375,0.30137,0.60976,0.43478,0.34783,0.28906,0.26471,0.36,0.46914,0.30599,0.30882,0.4058
CariprazineLightDark_Individual:42,0.45833,0.44224,0.50581,0.50303,0.88889,0.83333,0.54772,0.77778,0.77778,0.65625,0.48519,0.65909,0.8
CariprazineLightDark_Individual:43,0.35938,0.49202,0.44834,0.38672,0.64286,0.76,0.41756,0.42671,0.8,0.57692,0.3943,0.37755,0.58065
CariprazineLightDark_Individual:44,0.35323,0.40122,0.41146,0.4183,0.44615,0.37736,0.35809,0.36905,0.44,0.34286,0.38,0.40964,0.4375
CariprazineLightDark_Individual:45,0.52632,0.70946,0.53934,0.47895,0.61842,0.79032,0.51862,0.41489,0.62963,0.63855,0.60341,0.52252,0.72414
CariprazineLightDark_Individual:46,0.67647,0.0,0.39269,0.4537,1.0,0.0,0.46231,0.73684,0.75,0.83333,0.4899,0.6,0.77778
CariprazineLightDark_Individual:47,0.40678,0.41558,0.37088,0.27372,0.42202,0.57143,0.32718,0.38532,0.38983,0.52174,0.34969,0.30882,0.52326
CariprazineLightDark_Individual:2;,0.42469,0.39236,0.38222,0.35714,0.56522,0.32787,0.41582,0.5,0.4,0.45455,0.42192,0.39837,0.48649
CariprazineLightDark_Individual:28,0.38498,0.40123,0.45472,0.375,0.34177,0.4,0.47112,0.39247,0.64,0.35616,0.44507,0.44898,0.47899
CariprazineLightDark_Individual:29,0.31701,0.51012,0.38365,0.32998,0.26563,0.49618,0.33585,0.38137,1.0,0.72727,0.34491,0.38267,0.71429
CariprazineLightDark_Individual:26,0.50237,0.50649,0.4152,0.37255,0.62617,0.56061,0.43932,0.36223,0.72549,0.49383,0.43485,0.43127,0.625
CariprazineLightDark_Individual:6;,0.3348,0.34498,0.46023,0.35636,0.42857,0.45294,0.44934,0.46702,0.47778,0.4734,0.46905,0.5277,0.54945
CariprazineLightDark_Individual:24,0.2885,0.34029,0.36689,0.34978,0.34677,0.48889,0.42129,0.33898,0.49451,0.51,0.3681,0.37603,0.4359
CariprazineLightDark_Individual:25,0.46746,0.59236,0.4844,0.66142,0.59756,0.72566,0.48214,0.68421,0.80357,0.71429,0.47684,0.72917,0.56716
CariprazineLightDark_Individual:22,0.37993,0.59574,0.51904,0.5,0.51948,0.54444,0.44311,0.6055,0.6875,0.625,0.44608,0.60526,0.71154
CariprazineLightDark_Individual:23,0.3013,0.33407,0.40047,0.33333,0.44554,0.46111,0.36344,0.28571,0.92683,0.41667,0.39198,0.37097,0.42
CariprazineLightDark_Individual:20,0.41577,0.45,0.4882,0.60177,0.63265,0.67647,0.51718,0.60976,0.88235,0.625,0.54155,0.59091,0.62121
CariprazineLightDark_Individual:21,0.59322,0.5,0.43772,0.04451,0.79688,0.65868,0.42599,0.77273,0.19565,0.38835,0.41243,0.68421,0.47826
CariprazineLightDark_Individual:34,0.36047,0.41686,0.39716,0.43079,0.40675,0.4374,0.37947,0.40807,0.44224,0.44635,0.4779,0.55307,0.49201
CariprazineLightDark_Individual:38,0.39013,0.40074,0.48387,0.44124,0.53846,0.67568,0.49309,0.46883,0.66667,0.66038,0.46626,0.4115,0.44118
CariprazineLightDark_Individual:35,0.29394,0.26524,0.41545,0.41993,0.20913,0.28078,0.37197,0.34471,0.23223,0.32203,0.34127,0.43158,0.36145
CariprazineLightDark_Individual:27,0.44681,0.46386,0.39668,0.36975,0.58491,0.66667,0.43061,0.35952,0.92,0.60714,0.38397,0.33628,0.62857
CariprazineLightDark_Individual:11,0.32967,0.40299,0.42263,0.40909,0.68182,0.54054,0.46467,0.61667,0.41379,0.50442,0.384,0.4359,0.42857
CariprazineLightDark_Individual:37,0.48936,0.4843,0.35522,0.47826,0.36893,0.39796,0.47167,0.52336,0.45614,0.5,0.48312,0.52632,0.51786
CariprazineLightDark_Individual:36,0.37076,0.52281,0.45188,0.5678,0.41935,0.51515,0.54522,0.625,0.58824,0.60714,0.55655,0.76667,0.63566
CariprazineLightDark_Individual:5;,0.45828,0.40803,0.39921,0.42205,0.46602,0.60135,0.47626,0.3994,0.94937,0.55738,0.49241,0.4125,0.90299
CariprazineLightDark_Individual:9;,0.57576,0.41379,0.39655,0.2,0.0,0.22222,0.35897,0.64286,0.16667,0.25862,0.34161,0.97959,0.35556
CariprazineLightDark_Individual:31,0.43979,0.55172,0.47423,0.82,0.77273,0.75385,0.35032,0.55738,0.73684,0.7541,0.59236,0.56,0.43636
CariprazineLightDark_Individual:30,0.54386,0.48276,0.35811,0.45714,1.0,0.5641,0.40234,0.45,0.625,0.58824,0.34646,0.71429,0.6
CariprazineLightDark_Individual:1;,0.34722,0.41667,0.4786,0.46532,0.64103,0.58824,0.50717,0.42647,0.92308,0.5,0.50895,0.49474,0.61111
CariprazineLightDark_Individual:19,0.34823,0.32115,0.3617,0.33602,0.38372,0.28333,0.3871,0.37037,0.52632,0.31613,0.40769,0.45055,0.3662
CariprazineLightDark_Individual:18,0.40673,0.36957,0.48466,0.50087,0.38415,0.4075,0.47808,0.42017,0.41379,0.5748,0.51594,0.44444,0.45872
CariprazineLightDark_Individual:39,0.55319,0.61576,0.37736,0.28846,0.93333,0.6087,0.38614,0.33862,0.66667,0.44828,0.41056,0.37104,0.54286
CariprazineLightDark_Individual:33,0.51948,0.55598,0.55042,0.47297,0.5,0.43333,0.50578,0.5,0.64151,0.4,0.5022,0.50794,0.43902
CariprazineLightDark_Individual:3;,0.41274,0.46684,0.41778,0.43533,0.33884,0.4371,0.42231,0.48182,0.38333,0.434,0.446,0.51546,0.47059
CariprazineLightDark_Individual:32,0.3262,0.49815,0.40577,0.35659,0.36905,0.4058,0.42558,0.44783,0.5625,0.48361,0.46746,0.49814,0.50758
CariprazineLightDark_Individual:13,0.28691,0.27995,0.36991,0.31058,0.32759,0.43519,0.34167,0.33333,0.50794,0.45038,0.32821,0.22663,0.44156
CariprazineLightDark_Individual:12,0.40299,0.47846,0.43008,0.40803,0.51765,0.39344,0.45788,0.37438,0.63158,0.69231,0.45913,0.46392,0.55172
CariprazineLightDark_Individual:7;,0.35603,0.34597,0.37139,0.33333,0.35417,0.42605,0.39609,0.42336,0.42289,0.36823,0.38865,0.58,0.47337
CariprazineLightDark_Individual:10,0.32597,0.42038,0.51813,0.73333,0.75,0.91667,0.50145,0.93548,0.41935,0.67857,0.58065,0.88889,0.45833
CariprazineLightDark_Individual:17,0.30471,0.33209,0.41925,0.46801,0.37383,0.58947,0.45979,0.42365,0.6,0.66667,0.45337,0.47826,0.61111
CariprazineLightDark_Individual:16,0.52353,0.48598,0.39516,0.20588,0.57576,0.58571,0.45847,0.63636,0.88889,0.58084,0.49378,0.3125,0.37931
CariprazineLightDark_Individual:15,0.33623,0.42308,0.48226,0.41235,0.51389,0.43182,0.40296,0.38973,0.66667,0.58491,0.46382,0.36639,0.61905
CariprazineLightDark_Individual:14,0.59895,0.58439,0.42197,0.40828,0.60952,0.58503,0.47841,0.48619,0.83871,0.90041,0.52364,0.50114,0.64352
