CariprazineLightDark_Individual:8;,0.01439,0.0,0.0184,0.0,0.0,0.03226,0.00985,0.0,0.0,0.03279,0.0339,0.01961,0.02899
CariprazineLightDark_Individual:48,0.0073,0.01186,0.05119,0.02222,0.05263,0.04762,0.06878,0.0,0.02128,0.07317,0.03333,0.02381,0.05263
CariprazineLightDark_Individual:4;,0.02682,0.03158,0.0099,0.0318,0.03774,0.03509,0.01464,0.0339,0.02128,0.01639,0.01894,0.0,0.02041
CariprazineLightDark_Individual:40,0.02592,0.00798,0.01146,0.04494,0.00917,0.02,0.00847,0.00847,0.01471,0.01422,0.02593,0.01596,0.0155
CariprazineLightDark_Individual:41,0.0,0.0,0.01027,0.0,0.04348,0.04348,0.01563,0.0,0.0,0.0,0.00946,0.02941,0.01449
CariprazineLightDark_Individual:42,0.0,0.0066,0.01357,0.01212,0.0,0.0,0.03734,0.0,0.0,0.03125,0.00741,0.02273,0.08
CariprazineLightDark_Individual:43,0.0026,0.00266,0.0078,0.02734,0.0,0.04,0.02784,0.0228,0.0,0.05769,0.0285,0.0,0.09677
CariprazineLightDark_Individual:44,0.0199,0.0152,0.01563,0.01307,0.01538,0.01887,0.03183,0.0,0.01333,0.02857,0.02571,0.03614,0.0
CariprazineLightDark_Individual:45,0.00526,0.00676,0.01574,0.01579,0.0,0.01613,0.03723,0.04255,0.0,0.01205,0.00853,0.01802,0.05172
CariprazineLightDark_Individual:46,0.0,0.0,0.03196,0.00926,0.0,0.5,0.03015,0.0,0.0,0.11111,0.0,0.0,0.22222
CariprazineLightDark_Individual:47,0.0,0.01299,0.00549,0.01825,0.01835,0.01099,0.02902,0.04587,0.01695,0.01739,0.0184,0.04412,0.01744
CariprazineLightDark_Individual:2;,0.01464,0.02431,0.03852,0.08647,0.04348,0.03279,0.05102,0.0,0.06667,0.09091,0.05205,0.03252,0.08108
CariprazineLightDark_Individual:28,0.04225,0.05513,0.01541,0.04651,0.02532,0.05581,0.03069,0.03763,0.024,0.0274,0.02817,0.08163,0.05042
CariprazineLightDark_Individual:29,0.02835,0.0,0.02516,0.04427,0.07813,0.05344,0.03962,0.0643,0.0,0.09091,0.07196,0.03249,0.07143
CariprazineLightDark_Individual:26,0.0,0.01299,0.03704,0.04902,0.0,0.0303,0.0359,0.03406,0.0,0.04938,0.0228,0.00809,0.0625
CariprazineLightDark_Individual:6;,0.0424,0.03495,0.02439,0.06907,0.04286,0.02941,0.05396,0.06596,0.06667,0.03191,0.03164,0.03499,0.06593
CariprazineLightDark_Individual:24,0.04071,0.04802,0.06488,0.07848,0.0,0.01481,0.03991,0.07797,0.06593,0.02,0.05215,0.05372,0.03846
CariprazineLightDark_Individual:25,0.02959,0.0,0.01468,0.00787,0.0122,0.0354,0.02381,0.01053,0.0,0.04762,0.0218,0.02083,0.01493
CariprazineLightDark_Individual:22,0.00358,0.0,0.00802,0.0119,0.0,0.01111,0.02096,0.0,0.0,0.01923,0.01961,0.0,0.0
CariprazineLightDark_Individual:23,0.00814,0.01327,0.03513,0.01587,0.0,0.00556,0.03084,0.03571,0.03659,0.08333,0.03341,0.01613,0.04
CariprazineLightDark_Individual:20,0.00155,0.0,0.00147,0.0,0.0,0.0098,0.00763,0.0,0.0,0.125,0.00536,0.0,0.01515
CariprazineLightDark_Individual:21,0.0,0.07692,0.02491,0.38378,0.0,0.00599,0.00722,0.0,0.26087,0.08738,0.01412,0.05263,0.08696
CariprazineLightDark_Individual:34,0.00646,0.00911,0.01135,0.01695,0.02131,0.01585,0.02625,0.01345,0.0198,0.00644,0.01105,0.01676,0.01278
CariprazineLightDark_Individual:38,0.01196,0.00186,0.0088,0.00887,0.0,0.05405,0.01152,0.01355,0.0,0.01887,0.01534,0.0,0.05882
CariprazineLightDark_Individual:35,0.00606,0.00824,0.00666,0.0,0.03042,0.01944,0.00173,0.00341,0.0237,0.00242,0.00265,0.0,0.04819
CariprazineLightDark_Individual:27,0.02128,0.0,0.00905,0.01471,0.0,0.11111,0.02653,0.08157,0.0,0.07143,0.04852,0.16814,0.08571
CariprazineLightDark_Individual:11,0.03297,0.04478,0.04157,0.01515,0.09091,0.06757,0.03533,0.0,0.0,0.04425,0.048,0.0,0.02381
CariprazineLightDark_Individual:37,0.0,0.00604,0.00299,0.0,0.0,0.0102,0.005,0.0,0.00585,0.04167,0.0026,0.0,0.01786
CariprazineLightDark_Individual:36,0.01044,0.00175,0.00209,0.0,0.0,0.0101,0.00258,0.0,0.0,0.0,0.00893,0.0,0.0
CariprazineLightDark_Individual:5;,0.01121,0.02461,0.01178,0.02662,0.01942,0.02027,0.02077,0.03303,0.02532,0.03279,0.01855,0.0175,0.02985
CariprazineLightDark_Individual:9;,0.0,0.0,0.00862,0.2,0.28571,0.22222,0.03846,0.14286,0.33333,0.06897,0.0,0.0,0.02222
CariprazineLightDark_Individual:31,0.06283,0.03448,0.03608,0.0,0.04545,0.0,0.04459,0.01639,0.07895,0.04918,0.05096,0.06,0.09091
CariprazineLightDark_Individual:30,0.05263,0.03448,0.06419,0.0,0.0,0.12821,0.10156,0.075,0.0,0.14706,0.11024,0.0,0.06667
CariprazineLightDark_Individual:1;,0.04167,0.0119,0.01362,0.05202,0.0,0.02941,0.01075,0.06618,0.0,0.07143,0.02813,0.13684,0.05556
CariprazineLightDark_Individual:19,0.01233,0.01154,0.02455,0.04225,0.02326,0.00833,0.04435,0.05724,0.0,0.05806,0.03333,0.05495,0.02817
CariprazineLightDark_Individual:18,0.01529,0.02484,0.02761,0.0208,0.03049,0.035,0.02923,0.03641,0.0,0.0315,0.01394,0.01084,0.00917
CariprazineLightDark_Individual:39,0.01064,0.00493,0.03145,0.03846,0.0,0.13043,0.033,0.03704,0.16667,0.17241,0.02346,0.02262,0.08571
CariprazineLightDark_Individual:33,0.00325,0.00386,0.0021,0.01351,0.01471,0.01667,0.00289,0.0,0.0,0.01818,0.02203,0.0,0.02439
CariprazineLightDark_Individual:3;,0.01662,0.00973,0.01444,0.02086,0.00826,0.01935,0.01773,0.01136,0.06667,0.01342,0.02287,0.02577,0.08824
CariprazineLightDark_Individual:32,0.03209,0.02952,0.02886,0.04264,0.0119,0.02174,0.01677,0.02174,0.0125,0.05738,0.00592,0.00372,0.02273
CariprazineLightDark_Individual:13,0.01114,0.00504,0.01567,0.01195,0.0,0.01852,0.02292,0.0211,0.01587,0.01527,0.02051,0.02266,0.02597
CariprazineLightDark_Individual:12,0.02488,0.00907,0.06144,0.05351,0.01176,0.06557,0.04752,0.00985,0.0,0.03846,0.04327,0.00515,0.02586
CariprazineLightDark_Individual:7;,0.01844,0.00489,0.03468,0.00966,0.04167,0.00804,0.01711,0.0,0.0199,0.02166,0.00873,0.01,0.02367
CariprazineLightDark_Individual:10,0.0221,0.01911,0.02073,0.0,0.0,0.0,0.02029,0.0,0.0,0.03571,0.0129,0.0,0.0
CariprazineLightDark_Individual:17,0.04714,0.05224,0.01958,0.02862,0.03738,0.03158,0.01748,0.03941,0.01818,0.01163,0.02332,0.05797,0.13889
CariprazineLightDark_Individual:16,0.0,0.0,0.06452,0.05882,0.0,0.04286,0.0299,0.0,0.0,0.02994,0.0166,0.0,0.06897
CariprazineLightDark_Individual:15,0.01735,0.03846,0.00645,0.02789,0.0,0.0,0.02957,0.03625,0.0,0.0283,0.01645,0.03581,0.03175
CariprazineLightDark_Individual:14,0.0,0.00211,0.01927,0.01479,0.0,0.0068,0.01163,0.0221,0.00461,0.0083,0.01273,0.01373,0.00926
