CariprazineLightDark_Individual:8;,0.10072,0.01961,0.0184,0.08333,0.05714,0.04839,0.02463,0.13333,0.07143,0.09836,0.10169,0.05882,0.02899
CariprazineLightDark_Individual:48,0.0365,0.05534,0.04096,0.08889,0.0,0.02381,0.05291,0.0566,0.04255,0.02439,0.06667,0.02381,0.0
CariprazineLightDark_Individual:4;,0.04981,0.03158,0.02829,0.03534,0.01887,0.05263,0.05439,0.0339,0.04255,0.05855,0.04167,0.02857,0.04762
CariprazineLightDark_Individual:40,0.03024,0.04192,0.018,0.07303,0.04587,0.02667,0.03602,0.08475,0.01471,0.01422,0.11852,0.09043,0.02326
CariprazineLightDark_Individual:41,0.08621,0.0,0.06849,0.02439,0.04348,0.01449,0.08594,0.13235,0.04,0.07407,0.06625,0.11765,0.05797
CariprazineLightDark_Individual:42,0.03472,0.0198,0.02519,0.03636,0.0,0.0,0.04979,0.02778,0.11111,0.03125,0.00741,0.09091,0.0
CariprazineLightDark_Individual:43,0.03385,0.01862,0.04094,0.02734,0.0,0.0,0.02141,0.0456,0.0,0.0,0.05463,0.07143,0.0
CariprazineLightDark_Individual:44,0.02488,0.01824,0.02865,0.02614,0.06154,0.01887,0.03183,0.0,0.06667,0.0,0.05143,0.0241,0.0
CariprazineLightDark_Individual:45,0.04737,0.02027,0.01144,0.01053,0.01316,0.03226,0.02128,0.02128,0.0,0.0241,0.00853,0.06306,0.0
CariprazineLightDark_Individual:46,0.08824,0.0,0.06393,0.07407,0.0,0.0,0.05025,0.02632,0.25,0.0,0.0303,0.0,0.0
CariprazineLightDark_Individual:47,0.02542,0.06494,0.03846,0.07664,0.04587,0.07692,0.06596,0.04587,0.01695,0.03478,0.03681,0.07353,0.00581
CariprazineLightDark_Individual:2;,0.04393,0.03472,0.0163,0.0188,0.04348,0.03279,0.03827,0.03125,0.06667,0.0303,0.02192,0.04878,0.02703
CariprazineLightDark_Individual:28,0.04225,0.0291,0.04239,0.03779,0.0,0.0186,0.04332,0.05376,0.032,0.0137,0.04225,0.02041,0.01681
CariprazineLightDark_Individual:29,0.04381,0.02429,0.02516,0.04427,0.04688,0.01527,0.06226,0.05543,0.0,0.0,0.04715,0.07581,0.0
CariprazineLightDark_Individual:26,0.03318,0.1039,0.03704,0.03186,0.01869,0.06061,0.02051,0.02786,0.01961,0.01235,0.04235,0.02156,0.01563
CariprazineLightDark_Individual:6;,0.03655,0.04255,0.02333,0.05181,0.08571,0.04118,0.03634,0.03694,0.04444,0.04255,0.04127,0.04082,0.07692
CariprazineLightDark_Individual:24,0.1115,0.08768,0.07606,0.0852,0.05645,0.02963,0.0643,0.05085,0.01099,0.05,0.08282,0.10744,0.03846
CariprazineLightDark_Individual:25,0.0355,0.01274,0.01651,0.00787,0.02439,0.02655,0.01984,0.0,0.0,0.0,0.01907,0.0,0.0
CariprazineLightDark_Individual:22,0.09319,0.02128,0.03808,0.08333,0.09091,0.01111,0.07485,0.02752,0.0,0.03846,0.03676,0.03947,0.03846
CariprazineLightDark_Individual:23,0.05049,0.07522,0.09133,0.03704,0.0495,0.04444,0.05727,0.07143,0.02439,0.08333,0.05122,0.1129,0.1
CariprazineLightDark_Individual:20,0.08037,0.015,0.0236,0.00885,0.06122,0.0,0.01718,0.02439,0.0,0.0,0.02145,0.04545,0.0303
CariprazineLightDark_Individual:21,0.04237,0.03846,0.06762,0.02176,0.03125,0.05389,0.08303,0.13636,0.1087,0.19417,0.08475,0.10526,0.0
CariprazineLightDark_Individual:34,0.05039,0.03303,0.02979,0.0339,0.06394,0.04279,0.04773,0.06278,0.07261,0.05365,0.0221,0.03352,0.03834
CariprazineLightDark_Individual:38,0.05979,0.05937,0.04692,0.03991,0.0,0.0,0.053,0.0813,0.11111,0.03774,0.07055,0.0708,0.05882
CariprazineLightDark_Individual:35,0.05455,0.04119,0.01731,0.02614,0.04183,0.04752,0.05017,0.05119,0.04265,0.08717,0.04497,0.05263,0.0241
CariprazineLightDark_Individual:27,0.03901,0.01205,0.05882,0.05252,0.07547,0.05556,0.03469,0.06344,0.0,0.0,0.07595,0.0354,0.0
CariprazineLightDark_Individual:11,0.07692,0.04478,0.03926,0.01515,0.0,0.0,0.04076,0.05,0.03448,0.0354,0.052,0.02564,0.04762
CariprazineLightDark_Individual:37,0.01418,0.01449,0.04478,0.04348,0.12621,0.06122,0.02833,0.01869,0.07602,0.08333,0.01299,0.10526,0.0
CariprazineLightDark_Individual:36,0.04439,0.01228,0.01883,0.07627,0.04839,0.06397,0.00517,0.02778,0.07059,0.02976,0.03571,0.03333,0.0155
CariprazineLightDark_Individual:5;,0.02366,0.04275,0.02749,0.04563,0.03883,0.02703,0.03858,0.03303,0.0,0.04918,0.02192,0.0525,0.00746
CariprazineLightDark_Individual:9;,0.09091,0.08621,0.05172,0.2,0.28571,0.22222,0.15385,0.0,0.16667,0.05172,0.07453,0.0,0.08889
CariprazineLightDark_Individual:31,0.01047,0.0,0.00773,0.0,0.0,0.01538,0.02548,0.0,0.02632,0.0,0.0,0.0,0.0
CariprazineLightDark_Individual:30,0.0,0.06897,0.06419,0.05714,0.0,0.05128,0.03125,0.05,0.0,0.0,0.04724,0.0,0.0
CariprazineLightDark_Individual:1;,0.02778,0.0119,0.01556,0.0289,0.0,0.0,0.01075,0.02941,0.0,0.04762,0.01535,0.01053,0.0
CariprazineLightDark_Individual:19,0.06471,0.10577,0.0491,0.0503,0.01163,0.025,0.03629,0.0404,0.03509,0.03226,0.04103,0.03846,0.07042
CariprazineLightDark_Individual:18,0.06269,0.0823,0.04294,0.02946,0.09756,0.0425,0.05637,0.05322,0.08621,0.05512,0.06175,0.05149,0.05505
CariprazineLightDark_Individual:39,0.04255,0.02463,0.1761,0.11538,0.0,0.0,0.07261,0.08466,0.0,0.03448,0.09971,0.11312,0.05714
CariprazineLightDark_Individual:33,0.02922,0.01931,0.01681,0.0,0.07353,0.08333,0.02023,0.0,0.0,0.05455,0.02203,0.03968,0.0
CariprazineLightDark_Individual:3;,0.0277,0.01945,0.01667,0.01252,0.04132,0.03226,0.01147,0.02045,0.01667,0.04251,0.01525,0.01031,0.07353
CariprazineLightDark_Individual:32,0.03743,0.01845,0.02716,0.0814,0.03571,0.02174,0.02935,0.01739,0.0125,0.04098,0.02367,0.03717,0.06061
CariprazineLightDark_Individual:13,0.04039,0.06557,0.04859,0.03072,0.03448,0.0463,0.07708,0.07173,0.03175,0.00763,0.05641,0.10198,0.03896
CariprazineLightDark_Individual:12,0.0398,0.01587,0.02542,0.02007,0.04706,0.01639,0.03888,0.07389,0.03509,0.0,0.02644,0.04639,0.02586
CariprazineLightDark_Individual:7;,0.04823,0.04523,0.05636,0.01932,0.02604,0.03215,0.04401,0.05109,0.07463,0.04693,0.06114,0.03,0.02367
CariprazineLightDark_Individual:10,0.01105,0.03185,0.02073,0.02222,0.0,0.0,0.02319,0.0,0.0,0.03571,0.00645,0.0,0.02083
CariprazineLightDark_Individual:17,0.05892,0.06903,0.0522,0.04882,0.07477,0.08421,0.05769,0.0936,0.05455,0.0155,0.06995,0.02899,0.05556
CariprazineLightDark_Individual:16,0.05294,0.06542,0.08871,0.05882,0.0303,0.02857,0.0897,0.09091,0.0,0.06587,0.07469,0.0625,0.10345
CariprazineLightDark_Individual:15,0.10412,0.08974,0.03226,0.08566,0.04167,0.125,0.08133,0.06647,0.0,0.06604,0.04934,0.10468,0.07937
CariprazineLightDark_Individual:14,0.02102,0.03797,0.06936,0.13905,0.0619,0.01361,0.04153,0.09945,0.02304,0.00415,0.04364,0.07323,0.00463
