CariprazineLightDark_Individual:8;,0.00719,0.05882,0.02454,0.0,0.0,0.06452,0.0197,0.0,0.0,0.0,0.0,0.01961,0.0
CariprazineLightDark_Individual:48,0.0146,0.01186,0.00683,0.0,0.01754,0.0,0.02116,0.0,0.02128,0.0,0.01111,0.02381,0.01316
CariprazineLightDark_Individual:4;,0.00958,0.01504,0.00707,0.02473,0.0566,0.03509,0.01255,0.0,0.02128,0.00703,0.00379,0.0,0.0068
CariprazineLightDark_Individual:40,0.01944,0.01397,0.00491,0.02247,0.0,0.02,0.00847,0.01695,0.0,0.01422,0.02222,0.00532,0.00775
CariprazineLightDark_Individual:41,0.0,0.0,0.00685,0.0,0.04348,0.01449,0.01563,0.0,0.0,0.01235,0.01262,0.05882,0.01449
CariprazineLightDark_Individual:42,0.00694,0.0132,0.00969,0.00606,0.0,0.0,0.01245,0.0,0.0,0.0,0.0037,0.0,0.0
CariprazineLightDark_Individual:43,0.02865,0.00798,0.0078,0.01172,0.0,0.0,0.01285,0.01303,0.0,0.01923,0.01188,0.02551,0.0
CariprazineLightDark_Individual:44,0.00995,0.02128,0.01302,0.03268,0.06154,0.01887,0.02918,0.04762,0.01333,0.17143,0.02,0.03614,0.02083
CariprazineLightDark_Individual:45,0.01053,0.0,0.0,0.02105,0.0,0.0,0.00532,0.01064,0.03704,0.01205,0.00426,0.00901,0.0
CariprazineLightDark_Individual:46,0.0,0.0,0.0137,0.02778,0.0,0.0,0.0,0.0,0.0,0.0,0.0,0.0,0.0
CariprazineLightDark_Individual:47,0.0339,0.03896,0.01648,0.0365,0.02752,0.02198,0.01319,0.02752,0.0339,0.01739,0.03067,0.0,0.02907
CariprazineLightDark_Individual:2;,0.00628,0.01042,0.00741,0.00752,0.0,0.01639,0.0051,0.01563,0.0,0.0,0.01096,0.0,0.0
CariprazineLightDark_Individual:28,0.0,0.00306,0.00578,0.01163,0.02532,0.0093,0.00181,0.00806,0.0,0.0137,0.00282,0.02041,0.01681
CariprazineLightDark_Individual:29,0.02835,0.01619,0.02044,0.03018,0.01563,0.03053,0.01132,0.01996,0.0,0.0,0.01737,0.0361,0.0
CariprazineLightDark_Individual:26,0.00474,0.02597,0.02924,0.01471,0.0,0.0303,0.01368,0.02786,0.0,0.01235,0.00489,0.01887,0.01563
CariprazineLightDark_Individual:6;,0.01754,0.01672,0.00636,0.01413,0.0,0.01765,0.01211,0.02375,0.01111,0.03191,0.02063,0.02332,0.01099
CariprazineLightDark_Individual:24,0.02478,0.02923,0.03132,0.03812,0.00806,0.00741,0.0,0.01356,0.0,0.01,0.02761,0.02066,0.01282
CariprazineLightDark_Individual:25,0.01775,0.00637,0.0,0.01575,0.0,0.00885,0.0119,0.03158,0.01786,0.01587,0.0,0.02083,0.02985
CariprazineLightDark_Individual:22,0.0,0.02128,0.01202,0.0,0.02597,0.0,0.01198,0.0,0.0,0.0,0.01961,0.02632,0.0
CariprazineLightDark_Individual:23,0.02117,0.02212,0.02576,0.02116,0.0198,0.01667,0.01982,0.03571,0.0122,0.0,0.00668,0.01613,0.0
CariprazineLightDark_Individual:20,0.02628,0.04,0.01327,0.00885,0.0,0.0098,0.00954,0.0122,0.01471,0.0,0.00804,0.04545,0.0
CariprazineLightDark_Individual:21,0.0,0.0,0.00712,0.20772,0.0,0.01796,0.01083,0.0,0.23913,0.1068,0.00565,0.0,0.0
CariprazineLightDark_Individual:34,0.00129,0.0,0.01418,0.00424,0.01599,0.01109,0.03819,0.04484,0.0165,0.00858,0.04144,0.02235,0.01917
CariprazineLightDark_Individual:38,0.00897,0.00186,0.00733,0.00665,0.0,0.0,0.0,0.00271,0.0,0.01887,0.01227,0.00885,0.0
CariprazineLightDark_Individual:35,0.03939,0.00659,0.00133,0.00163,0.01521,0.00864,0.00692,0.02389,0.03318,0.01695,0.01058,0.01053,0.01205
CariprazineLightDark_Individual:27,0.01418,0.03012,0.01357,0.02311,0.01887,0.0,0.01837,0.02417,0.0,0.0,0.01688,0.02655,0.0
CariprazineLightDark_Individual:11,0.0,0.0,0.00231,0.0,0.0,0.0,0.00815,0.0,0.03448,0.00885,0.02,0.0,0.0119
CariprazineLightDark_Individual:37,0.00709,0.01208,0.0209,0.02174,0.00971,0.02041,0.00167,0.0,0.01754,0.0,0.01039,0.01754,0.01786
CariprazineLightDark_Individual:36,0.01828,0.00175,0.00209,0.01695,0.01613,0.0,0.0,0.0,0.01176,0.0,0.0,0.03333,0.00258
CariprazineLightDark_Individual:5;,0.00374,0.01036,0.01702,0.02281,0.02913,0.02703,0.00297,0.02102,0.01266,0.02459,0.00337,0.015,0.0
CariprazineLightDark_Individual:9;,0.0,0.0,0.03448,0.2,0.14286,0.11111,0.0,0.0,0.0,0.06897,0.0,0.0,0.02222
CariprazineLightDark_Individual:31,0.02618,0.03448,0.01804,0.0,0.0,0.0,0.03185,0.01639,0.0,0.0,0.01911,0.02,0.01818
CariprazineLightDark_Individual:30,0.01754,0.0,0.02703,0.0,0.0,0.02564,0.01172,0.075,0.0,0.02941,0.0,0.0,0.0
CariprazineLightDark_Individual:1;,0.01389,0.0,0.00584,0.0,0.0,0.0,0.00179,0.01471,0.0,0.0,0.0,0.0,0.0
CariprazineLightDark_Individual:19,0.01695,0.01731,0.01309,0.01408,0.05814,0.04167,0.02419,0.01684,0.05263,0.02581,0.01026,0.03297,0.04225
CariprazineLightDark_Individual:18,0.00917,0.01553,0.00767,0.0104,0.02439,0.01,0.00418,0.0028,0.0,0.00787,0.00797,0.0,0.0
CariprazineLightDark_Individual:39,0.01064,0.00493,0.04403,0.01282,0.0,0.04348,0.0132,0.03175,0.0,0.0,0.02053,0.02262,0.0
CariprazineLightDark_Individual:33,0.00325,0.01544,0.0042,0.01351,0.0,0.0,0.0,0.0,0.01887,0.0,0.0,0.0,0.02439
CariprazineLightDark_Individual:3;,0.00277,0.00531,0.00333,0.00139,0.00826,0.00968,0.0,0.00682,0.0,0.01566,0.0,0.02577,0.01471
CariprazineLightDark_Individual:32,0.0,0.0,0.00509,0.01938,0.0119,0.00725,0.01677,0.0087,0.0,0.01639,0.01183,0.00743,0.01515
CariprazineLightDark_Individual:13,0.01253,0.01009,0.0094,0.01024,0.03448,0.0463,0.00833,0.01266,0.07937,0.01527,0.0,0.01416,0.02597
CariprazineLightDark_Individual:12,0.00498,0.00454,0.0,0.01003,0.0,0.0,0.00648,0.02463,0.0,0.0,0.00962,0.01546,0.01724
CariprazineLightDark_Individual:7;,0.00567,0.00489,0.00578,0.01449,0.01563,0.00322,0.00978,0.0219,0.01493,0.00361,0.02183,0.01,0.00592
CariprazineLightDark_Individual:10,0.03867,0.01911,0.01554,0.02222,0.0,0.0,0.01449,0.0,0.0,0.0,0.02581,0.0,0.0
CariprazineLightDark_Individual:17,0.01347,0.01306,0.00816,0.01347,0.0,0.01579,0.01748,0.00985,0.00909,0.01163,0.00518,0.02899,0.0
CariprazineLightDark_Individual:16,0.0,0.03738,0.02016,0.05882,0.0,0.01429,0.00997,0.0,0.0,0.01796,0.02905,0.0625,0.03448
CariprazineLightDark_Individual:15,0.02169,0.01282,0.00806,0.01793,0.01389,0.02273,0.01479,0.02115,0.0,0.01887,0.01645,0.01653,0.01587
CariprazineLightDark_Individual:14,0.0035,0.00844,0.04239,0.04734,0.02381,0.01361,0.02159,0.01657,0.00461,0.0,0.01818,0.04119,0.01852
