ClozapineLightDark_Individual:8;,1183,1565,1351,1068,574,665,1116,1070,656,1271,1226,1050,674
ClozapineLightDark_Individual:48,99,294,233,109,64,105,87,359,22,3,0,12,51
ClozapineLightDark_Individual:4;,405,637,972,906,472,607,992,877,581,909,844,793,480
ClozapineLightDark_Individual:40,202,130,168,119,121,43,113,59,87,87,158,104,136
ClozapineLightDark_Individual:41,1374,1474,1574,1006,197,831,1364,485,111,935,1441,452,146
ClozapineLightDark_Individual:42,1147,1350,1488,1323,1107,1262,1376,1267,935,803,1319,1044,855
ClozapineLightDark_Individual:43,114,75,417,69,44,15,124,35,82,108,61,69,174
ClozapineLightDark_Individual:44,627,973,1433,757,420,855,973,377,389,518,302,192,197
ClozapineLightDark_Individual:45,1403,1595,1558,703,443,1067,1210,335,299,957,1164,311,310
ClozapineLightDark_Individual:46,34,13,3,0,52,11,0,3,9,11,5,15,5
ClozapineLightDark_Individual:47,195,121,130,109,97,63,0,7,37,46,3,66,117
ClozapineLightDark_Individual:2;,1161,1427,1226,1049,894,1259,1103,859,782,1344,1088,887,821
ClozapineLightDark_Individual:28,504,1034,1343,942,49,480,1145,978,485,648,656,787,454
ClozapineLightDark_Individual:29,809,1216,1172,855,865,1349,1081,560,770,1158,956,702,673
ClozapineLightDark_Individual:26,730,848,1461,1230,577,847,1210,1072,599,1096,1125,1086,870
ClozapineLightDark_Individual:6;,363,329,610,390,223,220,442,259,191,198,432,464,268
ClozapineLightDark_Individual:24,1145,1137,1738,1228,400,622,1221,1076,497,747,889,840,172
ClozapineLightDark_Individual:25,637,635,1242,1100,594,783,1341,740,914,640,888,507,542
ClozapineLightDark_Individual:22,1692,1833,1729,1398,884,1192,1134,710,467,750,842,696,406
ClozapineLightDark_Individual:23,952,521,847,176,270,252,502,260,158,152,481,347,40
ClozapineLightDark_Individual:20,873,1149,1651,963,386,662,1068,587,406,572,957,650,434
ClozapineLightDark_Individual:21,332,204,519,226,47,153,152,84,170,136,98,94,50
ClozapineLightDark_Individual:34,1247,1484,1573,1228,481,1270,1533,1246,941,1596,1424,611,902
ClozapineLightDark_Individual:38,1225,1562,1672,1123,439,788,1469,982,252,782,1426,1079,216
ClozapineLightDark_Individual:35,304,199,1227,916,87,535,997,862,267,1100,1030,1051,350
ClozapineLightDark_Individual:27,967,1177,1211,993,321,360,1052,883,481,361,1000,758,441
ClozapineLightDark_Individual:11,410,228,289,277,228,146,262,232,308,265,604,249,398
ClozapineLightDark_Individual:37,891,250,1403,771,274,419,1277,726,242,299,1450,960,220
ClozapineLightDark_Individual:36,407,157,1088,580,243,430,1199,465,418,670,1210,404,245
ClozapineLightDark_Individual:5;,815,982,960,345,352,494,666,323,404,611,703,388,678
ClozapineLightDark_Individual:9;,1424,1644,1522,1143,1122,1384,1288,1384,1031,1265,1219,1075,970
ClozapineLightDark_Individual:31,188,117,593,158,211,91,282,164,198,120,172,115,159
ClozapineLightDark_Individual:30,947,1051,1382,877,600,1023,1180,930,646,1071,1093,837,730
ClozapineLightDark_Individual:1;,415,515,1066,1069,386,435,881,853,507,752,983,993,545
ClozapineLightDark_Individual:19,1081,882,889,881,129,482,615,621,213,305,553,559,278
ClozapineLightDark_Individual:18,448,721,1424,920,148,905,1267,866,359,537,1037,778,276
ClozapineLightDark_Individual:39,865,984,1427,521,315,423,997,329,312,683,1201,744,311
ClozapineLightDark_Individual:33,204,153,650,260,108,53,377,123,151,109,428,125,172
ClozapineLightDark_Individual:3;,1607,1612,1427,883,1191,1824,1365,658,842,1727,1186,634,1048
ClozapineLightDark_Individual:32,946,1197,1415,1400,693,839,1623,1468,884,1358,1741,1675,773
ClozapineLightDark_Individual:13,473,409,658,146,108,139,313,82,119,104,359,107,106
ClozapineLightDark_Individual:12,129,62,908,165,81,97,835,175,66,80,805,165,80
ClozapineLightDark_Individual:7;,874,1546,1654,1125,1033,1081,1300,1189,1083,1578,1538,1344,1292
ClozapineLightDark_Individual:10,1219,1225,1282,1159,801,1328,1415,1196,1341,1450,1332,1181,1003
ClozapineLightDark_Individual:17,282,363,552,152,175,44,254,35,17,18,281,18,32
ClozapineLightDark_Individual:16,458,194,1541,1213,452,479,1478,1162,394,368,1361,1346,431
ClozapineLightDark_Individual:15,247,145,256,60,115,150,127,45,125,244,249,83,207
ClozapineLightDark_Individual:14,941,1306,1698,1361,314,837,1555,1148,268,814,1465,1034,297
