CNOLightDark_Individual:8;,0.56458,0.525,0.50364,0.53936,0.53348,0.55088,0.6033,0.50824,0.54728,0.55037,0.50458,0.49144,0.50752
CNOLightDark_Individual:48,0.31447,0.37931,0.37131,0.27843,0.44444,0.48718,0.37963,0.41947,0.53527,0.35048,0.36078,0.3197,0.50909
CNOLightDark_Individual:4;,0.46612,0.41569,0.51816,0.46647,0.48925,0.49091,0.45474,0.40796,0.51242,0.6044,0.45427,0.49538,0.39912
CNOLightDark_Individual:40,0.45124,0.39591,0.32075,0.46529,0.4359,0.48611,0.39402,0.35255,0.46296,0.48689,0.35771,0.4951,0.43956
CNOLightDark_Individual:41,0.39451,0.46771,0.50932,0.488,0.50649,0.48097,0.48178,0.54364,0.47766,0.47258,0.49576,0.50785,0.47352
CNOLightDark_Individual:42,0.37396,0.41254,0.56643,0.37526,0.35686,0.43659,0.4321,0.40657,0.34413,0.51433,0.46056,0.4766,0.37134
CNOLightDark_Individual:43,0.46943,0.52983,0.5227,0.50079,0.50196,0.47086,0.4113,0.4585,0.53681,0.50795,0.44198,0.47664,0.59524
CNOLightDark_Individual:44,0.40927,0.54696,0.62462,0.50746,0.7033,0.55224,0.58128,0.57831,0.59649,0.57554,0.55336,0.55556,0.59864
CNOLightDark_Individual:45,0.45044,0.45706,0.5187,0.46265,0.45786,0.58678,0.488,0.44482,0.52446,0.50386,0.45588,0.50313,0.56871
CNOLightDark_Individual:46,0.44051,0.41915,0.39849,0.44567,0.4828,0.41423,0.37136,0.43586,0.53131,0.45666,0.44308,0.42462,0.5881
CNOLightDark_Individual:47,0.46727,0.58873,0.46103,0.4364,0.60476,0.58929,0.41385,0.42135,0.52881,0.47596,0.40864,0.45872,0.63277
CNOLightDark_Individual:2;,0.55218,0.46958,0.54271,0.48895,0.57282,0.53793,0.5618,0.55677,0.56209,0.5701,0.56189,0.52487,0.62678
CNOLightDark_Individual:28,0.38375,0.40854,0.41294,0.42416,0.4226,0.42493,0.4239,0.40422,0.44444,0.44221,0.39248,0.4449,0.51452
CNOLightDark_Individual:29,0.47115,0.46486,0.41762,0.30275,0.53782,0.50326,0.48387,0.41691,0.47232,0.48478,0.4192,0.32911,0.64
CNOLightDark_Individual:26,0.41353,0.6283,0.58488,0.64264,0.34247,0.46243,0.54626,0.44411,0.49624,0.58824,0.48727,0.49606,0.35659
CNOLightDark_Individual:6;,0.44516,0.62519,0.53189,0.47602,0.40331,0.54583,0.55306,0.51515,0.54043,0.55241,0.6038,0.58824,0.51709
CNOLightDark_Individual:24,0.33333,0.37013,0.52439,0.39655,0.69231,0.4359,0.38837,0.44853,0.59259,0.65,0.41823,0.47471,0.7619
CNOLightDark_Individual:25,0.33056,0.31288,0.48849,0.43582,0.36735,0.32558,0.4411,0.375,0.43836,0.40196,0.42899,0.35878,0.42241
CNOLightDark_Individual:22,0.49767,0.47573,0.53598,0.52553,0.50157,0.51215,0.57935,0.47234,0.5189,0.46522,0.51699,0.53846,0.59364
CNOLightDark_Individual:23,0.41447,0.38838,0.45723,0.4685,0.39848,0.4321,0.53072,0.48415,0.42857,0.46717,0.50063,0.46514,0.39718
CNOLightDark_Individual:20,0.55926,0.56757,0.42693,0.42268,0.38043,0.46602,0.54178,0.39053,0.34848,0.32,0.49067,0.2807,0.28571
CNOLightDark_Individual:21,0.34269,0.3652,0.48311,0.46366,0.34069,0.40992,0.4723,0.43639,0.42105,0.45154,0.49081,0.53834,0.49377
CNOLightDark_Individual:34,0.44608,0.42755,0.43413,0.32068,0.56614,0.5,0.30857,0.35043,0.736,0.47754,0.36993,0.39503,0.60333
CNOLightDark_Individual:38,0.41604,0.39979,0.38089,0.39137,0.36567,0.51852,0.40118,0.42155,0.36863,0.41925,0.28464,0.41579,0.38095
CNOLightDark_Individual:35,0.38116,0.35773,0.38266,0.37644,0.39229,0.45349,0.43631,0.43423,0.45122,0.58033,0.41697,0.48777,0.41758
CNOLightDark_Individual:27,0.46942,0.57636,0.52269,0.47385,0.61538,0.50299,0.5359,0.48767,0.56901,0.65827,0.5605,0.58708,0.50835
CNOLightDark_Individual:11,0.4866,0.4822,0.55122,0.49528,0.52185,0.48987,0.54965,0.48101,0.59375,0.59955,0.52014,0.46225,0.53474
CNOLightDark_Individual:37,0.41044,0.31261,0.35145,0.28243,0.5928,0.47532,0.32316,0.30575,0.65041,0.56338,0.30783,0.23904,0.5654
CNOLightDark_Individual:36,0.61395,0.675,0.58979,0.53469,0.66667,0.875,0.54824,0.57023,0.70968,0.70796,0.54921,0.59809,0.75564
CNOLightDark_Individual:5;,0.37896,0.36054,0.46132,0.44431,0.33505,0.43896,0.45146,0.43033,0.49828,0.3843,0.48861,0.41301,0.53957
CNOLightDark_Individual:9;,0.41569,0.39659,0.48523,0.46937,0.36646,0.4499,0.49263,0.50809,0.33176,0.424,0.47374,0.51502,0.42486
CNOLightDark_Individual:31,0.33704,0.37313,0.42712,0.43056,0.33019,0.4186,0.45336,0.41598,0.47619,0.53889,0.4363,0.37474,0.44697
CNOLightDark_Individual:30,0.46012,0.44618,0.58663,0.55019,0.50646,0.48518,0.48627,0.45283,0.5614,0.52083,0.38423,0.40662,0.59024
CNOLightDark_Individual:1;,0.36429,0.45342,0.52045,0.42609,0.50769,0.52727,0.53273,0.45342,0.4375,0.42857,0.49087,0.45875,0.45455
CNOLightDark_Individual:19,0.55172,0.62042,0.51613,0.51705,0.66667,0.52381,0.61891,0.59804,0.625,0.54167,0.62069,0.54601,0.28571
CNOLightDark_Individual:18,0.42857,0.50274,0.4911,0.41927,0.5574,0.57248,0.5493,0.38732,0.5788,0.48886,0.43429,0.52174,0.55556
CNOLightDark_Individual:39,0.47505,0.52679,0.6123,0.44152,0.37805,0.41451,0.55556,0.4844,0.42391,0.58162,0.52078,0.39872,0.57895
CNOLightDark_Individual:33,0.39267,0.40162,0.49424,0.52381,0.39773,0.44833,0.47264,0.46411,0.57653,0.40816,0.48515,0.54476,0.59819
CNOLightDark_Individual:3;,0.44412,0.39212,0.36105,0.38832,0.47407,0.5,0.38716,0.41844,0.50633,0.592,0.39181,0.49231,0.45
CNOLightDark_Individual:32,0.3933,0.41492,0.47089,0.46082,0.47445,0.51523,0.4599,0.49725,0.56614,0.60694,0.50232,0.47594,0.62357
CNOLightDark_Individual:13,0.4713,0.38172,0.47984,0.44957,0.45135,0.42342,0.45814,0.47379,0.49485,0.45749,0.48362,0.40642,0.43574
CNOLightDark_Individual:12,0.42774,0.41583,0.51173,0.46834,0.47285,0.44695,0.52969,0.5574,0.51163,0.49403,0.55668,0.51774,0.45521
CNOLightDark_Individual:7;,0.39623,0.39492,0.43918,0.34758,0.63636,0.39116,0.31495,0.34423,0.39286,0.37945,0.37344,0.31818,0.3617
CNOLightDark_Individual:10,0.42857,0.37181,0.39938,0.47836,0.53028,0.39678,0.47022,0.52925,0.52394,0.53417,0.44737,0.52044,0.58756
CNOLightDark_Individual:17,0.413,0.5492,0.60278,0.50613,0.48045,0.48837,0.4682,0.48919,0.50448,0.62028,0.50784,0.43223,0.55466
CNOLightDark_Individual:16,0.44179,0.45006,0.54388,0.48012,0.46803,0.45591,0.49383,0.5088,0.40925,0.53924,0.43303,0.38509,0.56654
CNOLightDark_Individual:15,0.4246,0.40797,0.50498,0.50659,0.44584,0.49254,0.43119,0.50237,0.47951,0.54902,0.49121,0.55702,0.58594
CNOLightDark_Individual:14,0.55946,0.47896,0.55096,0.52475,0.64171,0.49291,0.59346,0.625,0.73118,0.75546,0.50519,0.42857,0.55
