CNOLightDark_Individual:8;,525,622,582,622,526,636,641,504,438,611,577,535,189
CNOLightDark_Individual:48,254,432,604,435,158,350,661,455,198,461,553,454,183
CNOLightDark_Individual:4;,485,211,661,517,131,118,393,466,253,115,546,518,188
CNOLightDark_Individual:40,444,609,642,356,139,190,573,344,121,442,481,131,63
CNOLightDark_Individual:41,468,404,648,541,416,517,651,539,456,644,655,514,500
CNOLightDark_Individual:42,256,234,605,363,207,312,649,484,206,477,636,571,254
CNOLightDark_Individual:43,325,318,562,450,173,519,565,522,213,500,589,509,211
CNOLightDark_Individual:44,203,252,245,83,123,142,293,172,116,100,181,74,108
CNOLightDark_Individual:45,529,575,591,548,347,370,476,468,296,307,422,447,380
CNOLightDark_Individual:46,585,642,615,575,502,610,613,537,382,554,604,478,336
CNOLightDark_Individual:47,394,338,581,423,304,279,461,412,229,317,471,312,257
CNOLightDark_Individual:2;,540,587,523,495,293,464,524,463,298,511,528,508,246
CNOLightDark_Individual:28,484,434,446,461,288,464,528,435,236,396,482,486,378
CNOLightDark_Individual:29,456,428,469,170,272,448,476,256,200,359,334,67,37
CNOLightDark_Individual:26,228,431,506,526,57,137,390,266,107,79,229,210,113
CNOLightDark_Individual:6;,350,460,554,405,133,170,538,351,163,245,438,191,194
CNOLightDark_Individual:24,281,122,307,189,10,64,356,111,20,11,295,214,37
CNOLightDark_Individual:25,305,267,289,251,82,41,294,203,58,81,271,217,85
CNOLightDark_Individual:22,344,408,409,344,261,411,403,361,241,379,443,359,233
CNOLightDark_Individual:23,665,694,652,607,284,671,669,502,199,289,581,593,383
CNOLightDark_Individual:20,211,175,293,232,82,81,296,139,55,66,303,199,36
CNOLightDark_Individual:21,412,342,676,581,341,283,588,483,277,323,430,508,301
CNOLightDark_Individual:34,466,527,389,431,306,363,452,368,251,463,346,347,319
CNOLightDark_Individual:38,518,608,583,474,209,169,526,400,211,256,472,306,129
CNOLightDark_Individual:35,548,592,513,500,343,520,461,407,120,238,579,467,209
CNOLightDark_Individual:27,459,548,489,463,375,514,583,255,282,400,560,367,332
CNOLightDark_Individual:11,539,632,653,662,299,426,607,608,322,329,624,542,250
CNOLightDark_Individual:37,562,506,681,406,252,419,701,376,164,421,531,221,170
CNOLightDark_Individual:36,145,204,409,369,79,54,315,369,138,85,243,158,197
CNOLightDark_Individual:5;,604,660,683,595,470,512,452,534,231,568,607,540,302
CNOLightDark_Individual:9;,642,722,683,637,512,669,701,653,507,632,652,558,421
CNOLightDark_Individual:31,199,104,488,390,175,227,348,368,116,126,450,374,92
CNOLightDark_Individual:30,490,448,488,389,306,286,474,308,226,205,500,346,154
CNOLightDark_Individual:1;,226,132,341,171,51,85,332,113,50,72,347,209,112
CNOLightDark_Individual:19,90,292,211,139,31,34,258,82,23,41,241,141,14
CNOLightDark_Individual:18,546,574,542,302,474,623,513,325,285,575,446,240,274
CNOLightDark_Individual:39,386,495,576,577,383,445,528,472,272,475,582,363,335
CNOLightDark_Individual:33,436,563,520,329,332,451,467,298,280,405,388,243,321
CNOLightDark_Individual:3;,265,420,390,294,109,185,406,105,125,176,267,182,97
CNOLightDark_Individual:32,620,650,452,618,281,559,579,502,274,366,613,520,384
CNOLightDark_Individual:13,544,557,363,553,359,529,480,371,148,196,552,444,231
CNOLightDark_Individual:12,621,729,675,561,497,652,627,499,525,695,623,407,508
CNOLightDark_Individual:7;,273,687,754,558,7,230,491,464,17,408,577,467,107
CNOLightDark_Individual:10,539,662,696,586,445,560,642,496,285,496,501,455,323
CNOLightDark_Individual:17,424,679,673,410,292,537,599,260,255,311,521,299,189
CNOLightDark_Individual:16,492,601,551,488,309,448,481,447,212,292,418,247,193
CNOLightDark_Individual:15,513,534,441,501,305,296,472,414,188,191,519,417,184
CNOLightDark_Individual:14,268,379,269,148,141,221,159,74,137,163,219,22,14
