NDMCLightDark_Individual:8;,0.32312,0.2777,0.32757,0.26255,0.19163,0.26223,0.30519,0.27496,0.13812,0.20574,0.36377,0.28243,0.14407
NDMCLightDark_Individual:48,0.19626,0.09231,0.28311,0.23446,0.09929,0.33333,0.24852,0.22374,0.22973,0.15294,0.28202,0.23041,0.13699
NDMCLightDark_Individual:4;,0.15809,0.26501,0.41805,0.32298,0.23077,0.18288,0.32427,0.18717,0.11364,0.08602,0.3118,0.21552,0.10345
NDMCLightDark_Individual:40,0.24712,0.29029,0.33556,0.31783,0.15774,0.32703,0.35125,0.2978,0.19185,0.33846,0.31031,0.27376,0.14516
NDMCLightDark_Individual:41,0.27575,0.25137,0.375,0.30382,0.2921,0.35531,0.44275,0.39535,0.18447,0.18286,0.43578,0.4199,0.20233
NDMCLightDark_Individual:42,0.24377,0.24095,0.28116,0.32415,0.2276,0.27023,0.28438,0.2908,0.22319,0.25502,0.28507,0.2253,0.19381
NDMCLightDark_Individual:43,0.18647,0.1853,0.27127,0.2971,0.19121,0.24544,0.32406,0.30995,0.17391,0.22989,0.30166,0.29126,0.08633
NDMCLightDark_Individual:44,0.2266,0.26904,0.36456,0.28764,0.24626,0.28858,0.31654,0.32955,0.2155,0.26701,0.37337,0.29221,0.17231
NDMCLightDark_Individual:45,0.30315,0.32535,0.33713,0.38704,0.3124,0.33579,0.36834,0.3277,0.21659,0.29643,0.34142,0.33996,0.24409
NDMCLightDark_Individual:46,0.29537,0.23824,0.2973,0.26813,0.22527,0.19505,0.30333,0.27882,0.1618,0.24251,0.27422,0.24138,0.16558
NDMCLightDark_Individual:47,0.26387,0.28258,0.28195,0.31508,0.26087,0.23564,0.3595,0.32334,0.11848,0.17733,0.34848,0.29679,0.21795
NDMCLightDark_Individual:2;,0.24946,0.35726,0.4878,0.45839,0.24074,0.2968,0.39799,0.40385,0.13755,0.37367,0.32,0.14286,0.12448
NDMCLightDark_Individual:28,0.25857,0.30037,0.29396,0.28851,0.23864,0.30855,0.2791,0.26127,0.3395,0.3027,0.2592,0.21603,0.18254
NDMCLightDark_Individual:29,0.25869,0.28128,0.31481,0.32809,0.19657,0.27018,0.31229,0.27555,0.19255,0.25028,0.33226,0.24016,0.21594
NDMCLightDark_Individual:26,0.27769,0.29357,0.3385,0.38808,0.25874,0.27708,0.36079,0.35714,0.26135,0.28016,0.31316,0.32224,0.18824
NDMCLightDark_Individual:6;,0.21667,0.226,0.35174,0.29228,0.11273,0.20204,0.29022,0.26968,0.07018,0.13284,0.28615,0.28,0.08527
NDMCLightDark_Individual:24,0.30366,0.29332,0.37406,0.38909,0.25963,0.2748,0.36351,0.30104,0.22838,0.30973,0.3056,0.22485,0.26585
NDMCLightDark_Individual:25,0.23307,0.27343,0.31829,0.30979,0.18092,0.21695,0.22692,0.16064,0.1751,0.22459,0.25676,0.16599,0.13187
NDMCLightDark_Individual:22,0.2859,0.2248,0.24898,0.20125,0.19932,0.26478,0.26034,0.22609,0.21111,0.21604,0.18702,0.16456,0.08333
NDMCLightDark_Individual:23,0.18362,0.21929,0.31193,0.29599,0.21944,0.26827,0.37674,0.2681,0.19906,0.29748,0.34597,0.34091,0.1504
NDMCLightDark_Individual:20,0.22632,0.25698,0.25524,0.2983,0.22146,0.22549,0.25567,0.25,0.13734,0.17882,0.296,0.23608,0.11111
NDMCLightDark_Individual:21,0.17255,0.23303,0.23448,0.16162,0.15284,0.19275,0.19747,0.09309,0.0,0.11111,0.20788,0.16522,0.0
NDMCLightDark_Individual:34,0.2813,0.27757,0.36952,0.30858,0.26923,0.30672,0.36709,0.3558,0.27087,0.30677,0.38482,0.32537,0.29503
NDMCLightDark_Individual:38,0.33133,0.31295,0.33552,0.30253,0.24424,0.317,0.32672,0.26457,0.20202,0.29339,0.38594,0.27617,0.1785
NDMCLightDark_Individual:35,0.25,0.27714,0.32066,0.24364,0.21767,0.23885,0.29202,0.22402,0.13531,0.168,0.28723,0.2623,0.13176
NDMCLightDark_Individual:27,0.34524,0.3209,0.34931,0.2492,0.21611,0.24588,0.36318,0.30546,0.24533,0.28226,0.35635,0.31102,0.16164
NDMCLightDark_Individual:11,0.27476,0.33601,0.30135,0.28913,0.1733,0.2774,0.34775,0.21336,0.14286,0.33624,0.28791,0.30211,0.1853
NDMCLightDark_Individual:37,0.22491,0.24072,0.36981,0.27786,0.11481,0.22742,0.41709,0.10487,0.12857,0.17021,0.33929,0.10714,0.09259
NDMCLightDark_Individual:36,0.18605,0.18428,0.22619,0.15493,0.05357,0.05882,0.16585,0.11491,0.08,0.02439,0.19167,0.10929,0.05172
NDMCLightDark_Individual:5;,0.24234,0.27673,0.38065,0.25484,0.14545,0.25726,0.34864,0.21839,0.09091,0.22177,0.2997,0.16279,0.09333
NDMCLightDark_Individual:9;,0.14688,0.21546,0.26464,0.24054,0.09763,0.13721,0.24811,0.23054,0.07944,0.0782,0.25963,0.22111,0.05085
NDMCLightDark_Individual:31,0.24783,0.30875,0.40177,0.37631,0.19101,0.2092,0.26794,0.26897,0.16744,0.1571,0.33333,0.29722,0.14247
NDMCLightDark_Individual:30,0.30493,0.28368,0.34824,0.34636,0.26705,0.30926,0.43478,0.31842,0.26441,0.31928,0.39768,0.42753,0.25649
NDMCLightDark_Individual:1;,0.17021,0.08108,0.33333,0.32,0.2381,0.21429,0.23504,0.0,0.075,0.12903,0.22162,0.16279,0.16038
NDMCLightDark_Individual:19,0.21692,0.22546,0.29676,0.29597,0.20913,0.24839,0.32589,0.26288,0.20128,0.23276,0.3146,0.23834,0.25836
NDMCLightDark_Individual:18,0.27786,0.29294,0.32622,0.27381,0.28292,0.27829,0.34137,0.27769,0.1687,0.33052,0.25948,0.27568,0.09955
NDMCLightDark_Individual:39,0.23261,0.30882,0.35733,0.33857,0.24932,0.23045,0.33687,0.30719,0.09406,0.12397,0.314,0.30844,0.14167
NDMCLightDark_Individual:33,0.25874,0.23616,0.3217,0.27621,0.25905,0.24609,0.29657,0.29116,0.04608,0.12219,0.27742,0.30076,0.10784
NDMCLightDark_Individual:3;,0.26658,0.29496,0.43171,0.31875,0.26946,0.28974,0.43381,0.32713,0.2518,0.23611,0.38582,0.29569,0.25494
NDMCLightDark_Individual:32,0.23934,0.31496,0.3851,0.3506,0.08791,0.1129,0.33662,0.30903,0.25,0.21212,0.33573,0.05556,0.18182
NDMCLightDark_Individual:13,0.25983,0.23678,0.26073,0.24564,0.24169,0.20808,0.28518,0.23108,0.22612,0.21457,0.2748,0.22121,0.14286
NDMCLightDark_Individual:12,0.21355,0.24939,0.30311,0.27057,0.2074,0.25631,0.26997,0.21526,0.22144,0.15789,0.26418,0.24404,0.13554
NDMCLightDark_Individual:7;,0.22344,0.23427,0.2717,0.2602,0.26138,0.23482,0.28372,0.29909,0.2743,0.30169,0.31882,0.29603,0.20775
NDMCLightDark_Individual:10,0.16444,0.25,0.32161,0.29512,0.28148,0.159,0.36412,0.23988,0.13274,0.18357,0.30168,0.19266,0.14851
NDMCLightDark_Individual:17,0.21654,0.31007,0.36326,0.35639,0.22459,0.24083,0.3308,0.21626,0.11915,0.20417,0.33378,0.27731,0.15
NDMCLightDark_Individual:16,0.2696,0.26077,0.35682,0.33838,0.25957,0.26919,0.33368,0.2654,0.20313,0.25799,0.34177,0.3076,0.22888
NDMCLightDark_Individual:15,0.30316,0.4277,0.37848,0.3737,0.33642,0.4232,0.3191,0.33051,0.30783,0.4,0.38833,0.38863,0.30783
NDMCLightDark_Individual:14,0.23928,0.30723,0.35288,0.3432,0.25676,0.25315,0.29952,0.26244,0.2199,0.24067,0.29854,0.2875,0.22941
