NDMCLightDark_Individual:8;,0.08116,0.06156,0.03345,0.05739,0.03524,0.03639,0.02895,0.03853,0.0663,0.05502,0.0271,0.02929,0.0339
NDMCLightDark_Individual:48,0.1215,0.16154,0.07776,0.07383,0.03546,0.33333,0.05178,0.06545,0.0,0.04471,0.04398,0.07834,0.0411
NDMCLightDark_Individual:4;,0.14338,0.06832,0.03499,0.08282,0.30769,0.09728,0.03689,0.08556,0.04545,0.1828,0.02673,0.07759,0.10345
NDMCLightDark_Individual:40,0.07414,0.04805,0.03222,0.02879,0.12798,0.03686,0.01613,0.02088,0.07674,0.03179,0.01556,0.0181,0.12903
NDMCLightDark_Individual:41,0.04596,0.03962,0.02778,0.03206,0.0378,0.03215,0.02595,0.01395,0.01618,0.02571,0.01376,0.00675,0.02326
NDMCLightDark_Individual:42,0.03539,0.04072,0.01496,0.01907,0.0569,0.04664,0.01865,0.02209,0.03478,0.04637,0.02112,0.03012,0.04536
NDMCLightDark_Individual:43,0.14686,0.11639,0.05606,0.04831,0.12088,0.07854,0.052,0.07692,0.1087,0.07586,0.03922,0.0466,0.08633
NDMCLightDark_Individual:44,0.08046,0.07107,0.03671,0.05508,0.05824,0.04475,0.03359,0.0202,0.0678,0.03401,0.01175,0.01623,0.07692
NDMCLightDark_Individual:45,0.03543,0.0227,0.03698,0.03821,0.02198,0.0369,0.03918,0.04899,0.0553,0.05714,0.04506,0.03797,0.05118
NDMCLightDark_Individual:46,0.07885,0.08529,0.05288,0.06154,0.08462,0.10217,0.03889,0.05294,0.1008,0.09128,0.03274,0.04276,0.08442
NDMCLightDark_Individual:47,0.0636,0.04929,0.06244,0.04419,0.08318,0.07658,0.04551,0.05867,0.08531,0.06395,0.03896,0.05094,0.01282
NDMCLightDark_Individual:2;,0.04946,0.02337,0.01291,0.02628,0.07407,0.06408,0.01171,0.02273,0.08922,0.02793,0.02286,0.04545,0.05394
NDMCLightDark_Individual:28,0.09429,0.07046,0.06562,0.06968,0.07305,0.05948,0.06311,0.07958,0.03567,0.02973,0.0576,0.04704,0.02381
NDMCLightDark_Individual:29,0.05405,0.05134,0.04051,0.03635,0.078,0.07135,0.03946,0.04787,0.07764,0.06397,0.04287,0.0689,0.07712
NDMCLightDark_Individual:26,0.05124,0.0496,0.02257,0.03179,0.04615,0.05164,0.02801,0.02174,0.05477,0.04929,0.02723,0.02572,0.05294
NDMCLightDark_Individual:6;,0.10417,0.0729,0.03241,0.07715,0.11273,0.07959,0.05521,0.05025,0.08772,0.04428,0.03846,0.05684,0.08527
NDMCLightDark_Individual:24,0.07949,0.0495,0.00857,0.00356,0.04462,0.03887,0.01081,0.01384,0.03326,0.01991,0.00756,0.02959,0.03659
NDMCLightDark_Individual:25,0.04724,0.05263,0.038,0.04957,0.08717,0.05891,0.05,0.07229,0.05058,0.02623,0.06081,0.05668,0.08791
NDMCLightDark_Individual:22,0.04216,0.07357,0.02561,0.03375,0.07496,0.04973,0.04246,0.04522,0.04444,0.05237,0.03864,0.05063,0.0625
NDMCLightDark_Individual:23,0.03474,0.04363,0.01835,0.02148,0.03829,0.04304,0.03814,0.02935,0.05643,0.0436,0.02818,0.03864,0.09499
NDMCLightDark_Individual:20,0.11447,0.0814,0.06667,0.03835,0.05251,0.05882,0.07262,0.04882,0.08584,0.04941,0.046,0.06526,0.06667
NDMCLightDark_Individual:21,0.12549,0.08579,0.06552,0.10101,0.05677,0.06107,0.07595,0.15015,0.0,0.04444,0.06346,0.09565,0.25
NDMCLightDark_Individual:34,0.0711,0.06844,0.0318,0.05378,0.06346,0.06022,0.03074,0.04043,0.06865,0.04914,0.02575,0.05373,0.06003
NDMCLightDark_Individual:38,0.01799,0.02141,0.0075,0.04051,0.01536,0.02815,0.03267,0.0315,0.01616,0.01515,0.01726,0.05776,0.02028
NDMCLightDark_Individual:35,0.0839,0.07506,0.04386,0.05576,0.05994,0.0643,0.05271,0.05938,0.05281,0.066,0.04103,0.04235,0.06081
NDMCLightDark_Individual:27,0.03061,0.0403,0.01892,0.05591,0.04912,0.03434,0.03378,0.04608,0.02336,0.01774,0.03786,0.03543,0.01918
NDMCLightDark_Individual:11,0.03184,0.02234,0.01269,0.02094,0.05114,0.02842,0.00541,0.0342,0.02381,0.01747,0.01025,0.02417,0.02556
NDMCLightDark_Individual:37,0.07439,0.09859,0.03648,0.07236,0.1037,0.07023,0.02296,0.11236,0.08571,0.07801,0.04383,0.11735,0.05556
NDMCLightDark_Individual:36,0.17829,0.16708,0.1119,0.1831,0.14286,0.11765,0.14878,0.17702,0.04,0.21951,0.10417,0.1694,0.01724
NDMCLightDark_Individual:5;,0.06277,0.03774,0.02968,0.05812,0.08485,0.04617,0.0373,0.03908,0.05682,0.04517,0.01807,0.05814,0.05333
NDMCLightDark_Individual:9;,0.14688,0.07237,0.0445,0.0464,0.07652,0.07069,0.03275,0.06587,0.07009,0.10427,0.04565,0.07035,0.0904
NDMCLightDark_Individual:31,0.06087,0.0669,0.0177,0.0453,0.07303,0.04828,0.06699,0.05862,0.01395,0.04834,0.04248,0.04167,0.04301
NDMCLightDark_Individual:30,0.08655,0.06791,0.05059,0.04126,0.07983,0.07064,0.02778,0.04079,0.06759,0.03765,0.03483,0.03221,0.06656
NDMCLightDark_Individual:1;,0.17021,0.10811,0.05426,0.0,0.09524,0.07143,0.08974,0.06897,0.125,0.19355,0.05946,0.13953,0.0566
NDMCLightDark_Individual:19,0.12615,0.10875,0.03912,0.06094,0.1166,0.12258,0.04975,0.0515,0.123,0.08836,0.04438,0.0829,0.0855
NDMCLightDark_Individual:18,0.06718,0.06924,0.03513,0.03439,0.04448,0.05352,0.02945,0.03588,0.04675,0.03938,0.04192,0.01802,0.04299
NDMCLightDark_Individual:39,0.1271,0.04902,0.03085,0.03143,0.06233,0.07613,0.03794,0.06373,0.0396,0.07025,0.05375,0.05844,0.09167
NDMCLightDark_Individual:33,0.05734,0.06893,0.02993,0.03197,0.05333,0.0599,0.02086,0.03414,0.06452,0.09325,0.01935,0.01142,0.05882
NDMCLightDark_Individual:3;,0.10284,0.07482,0.02317,0.06125,0.07585,0.06623,0.01182,0.02926,0.05396,0.02006,0.01322,0.03715,0.05336
NDMCLightDark_Individual:32,0.07213,0.03412,0.01585,0.00996,0.15385,0.06452,0.01642,0.04167,0.0,0.10606,0.00359,0.05556,0.06364
NDMCLightDark_Individual:13,0.10393,0.12069,0.06178,0.08354,0.10574,0.08201,0.07161,0.08919,0.13645,0.10526,0.07507,0.0803,0.11607
NDMCLightDark_Individual:12,0.08568,0.04843,0.02461,0.04284,0.09807,0.04545,0.0427,0.05479,0.06503,0.07121,0.05672,0.0547,0.06627
NDMCLightDark_Individual:7;,0.0928,0.09907,0.04514,0.05442,0.05718,0.06987,0.03696,0.03818,0.05593,0.08023,0.05441,0.04184,0.06338
NDMCLightDark_Individual:10,0.05333,0.04592,0.05779,0.07219,0.03704,0.03347,0.0343,0.07803,0.0177,0.03382,0.04469,0.04587,0.0099
NDMCLightDark_Individual:17,0.09252,0.04295,0.00516,0.01055,0.10165,0.04128,0.00651,0.05061,0.0766,0.06667,0.0134,0.0437,0.07273
NDMCLightDark_Individual:16,0.09629,0.08957,0.04886,0.06054,0.08971,0.06414,0.04947,0.07346,0.10417,0.06505,0.03692,0.05479,0.09985
NDMCLightDark_Individual:15,0.02058,0.01112,0.00186,0.00522,0.02781,0.0209,0.01708,0.01332,0.01639,0.01977,0.01122,0.01066,0.02261
NDMCLightDark_Individual:14,0.11342,0.08916,0.06748,0.06031,0.10676,0.09393,0.04589,0.07338,0.07461,0.07702,0.04612,0.06625,0.07647
