NDMCHighLightDark_Individual:8;,0.03288,0,0.0,0.0177,0.05556,0.03846,0.0,0.0,0.0,0.02151,0.0,0.00649,0.00806
NDMCHighLightDark_Individual:48,0.02263,0.02597,0.03632,0.04668,0.02551,0.02119,0.03426,0.02462,0.02395,0.02439,0.02932,0.03319,0.02564
NDMCHighLightDark_Individual:4;,0.0286,0.0129,0.01481,0.01818,0.04781,0.0089,0.00909,0.02083,0.03008,0.00758,0.01339,0.0,0.02066
NDMCHighLightDark_Individual:40,0.04325,0.00862,0.01634,0.01205,0.01163,0.01389,0.00344,0.03503,0.01399,0.01181,0.01254,0.02381,0.0
NDMCHighLightDark_Individual:41,0.02164,0.01026,0.02439,0.01501,0.02204,0.0181,0.01566,0.03333,0.01106,0.00972,0.00985,0.02096,0.02128
NDMCHighLightDark_Individual:42,0.0227,0.02674,0.02458,0.03758,0.03509,0.01462,0.02715,0.03103,0.03571,0.01465,0.01288,0.03247,0.0207
NDMCHighLightDark_Individual:43,0.03468,0.05315,0.04171,0.02378,0.04669,0.01639,0.05485,0.02446,0.02128,0.03302,0.03737,0.02604,0.02239
NDMCHighLightDark_Individual:44,0.01133,0.02055,0.01705,0.01834,0.02451,0.01024,0.0168,0.00329,0.0,0.0,0.02809,0.0,0.0
NDMCHighLightDark_Individual:45,0.0318,0.01976,0.02553,0.0264,0.01493,0.01734,0.02136,0.05941,0.01639,0.04011,0.01929,0.02658,0.01937
NDMCHighLightDark_Individual:46,0.01286,0.01245,0.0172,0.01358,0.03079,0.0054,0.01028,0.00868,0.03077,0.01629,0.01044,0.01259,0.04898
NDMCHighLightDark_Individual:47,0.03892,0.02899,0.01864,0.01277,0.07011,0.06143,0.01423,0.01241,0.07224,0.03724,0.01677,0.01041,0.05325
NDMCHighLightDark_Individual:2;,0.02415,0.00343,0.02772,0.02089,0.0,0.0,0.02764,0.01502,0.0,0.03371,0.00293,0.00269,0.02062
NDMCHighLightDark_Individual:28,0.00658,0.00468,0.01193,0.01543,0.0,0.0,0.00229,0.02299,0.0,0.0,0.00867,0.00676,0.0
NDMCHighLightDark_Individual:29,0.03883,0.02287,0.02222,0.02703,0.0,0.03665,0.02857,0.04124,0.0,0.02247,0.01163,0.02469,0.0
NDMCHighLightDark_Individual:26,0.03704,0.03776,0.01498,0.03431,0.04082,0.02957,0.02115,0.01368,0.0,0.0,0.02031,0.01581,0.01992
NDMCHighLightDark_Individual:6;,0.06148,0.02747,0.04733,0.03386,0.0,0.0,0.02611,0.11454,0.10204,0.04969,0.01754,0.05505,0.0
NDMCHighLightDark_Individual:24,0.02554,0.02988,0.02534,0.02863,0.01951,0.0273,0.01671,0.01515,0.03419,0.03101,0.01496,0.02273,0.02344
NDMCHighLightDark_Individual:25,0.02838,0.01538,0.07614,0.02209,0.02965,0.01408,0.02471,0.08772,0.0,0.0,0.0178,0.0,0.0
NDMCHighLightDark_Individual:22,0.02375,0.03514,0.02097,0.01741,0.01839,0.00919,0.01332,0.01474,0.01914,0.0,0.00959,0.00895,0.0
NDMCHighLightDark_Individual:23,0.02101,0.02397,0.02403,0.02128,0.02667,0.01724,0.00727,0.00303,0.05747,0.02878,0.00823,0.01402,0.00971
NDMCHighLightDark_Individual:20,0.02632,0.01413,0.03204,0.06138,0.05282,0.01676,0.01959,0.01868,0.02518,0.02308,0.01178,0.02847,0.03077
NDMCHighLightDark_Individual:21,0.04217,0.01616,0.00954,0.04717,0.02206,0.02098,0.02527,0.02055,0.0,0.0098,0.02963,0.04225,0.008
NDMCHighLightDark_Individual:34,0.02891,0.04573,0.02998,0.0166,0.0,0.035,0.01587,0.0,0.0,0.01429,0.0,0.0,0.00794
NDMCHighLightDark_Individual:38,0.02774,0.02013,0.01469,0.02624,0.0169,0.01117,0.02277,0.03736,0.00977,0.01555,0.01798,0.03797,0.00704
NDMCHighLightDark_Individual:35,0.04647,0.02919,0.02058,0.03008,0.01775,0.13043,0.00806,0.0137,0.0,0.0,0.0,0.0,0.01408
NDMCHighLightDark_Individual:27,0.03133,0.02368,0.03427,0.02616,0.01523,0.02963,0.04659,0.04186,0.04598,0.05882,0.02111,0.02183,0.04569
NDMCHighLightDark_Individual:11,0.03185,0.04747,0.02918,0.02381,0.06667,0.027,0.0,0.0293,0.0,0.0,0.0,0.0,0.0
NDMCHighLightDark_Individual:37,0.0358,0.02611,0.01632,0.03264,0.04142,0.02134,0.02385,0.0113,0.01176,0.00239,0.016,0.06195,0.0022
NDMCHighLightDark_Individual:36,0.00623,0.01288,0.03409,0.04094,0.01316,0.0,0.01786,0.01299,0.0,0.0,0.01299,0.01852,0.0
NDMCHighLightDark_Individual:5;,0.01585,0.01287,0.04627,0.03132,0.02236,0.01483,0.03883,0.02304,0.02222,0.02929,0.02997,0.02857,0.00546
NDMCHighLightDark_Individual:9;,0.03226,0.06667,0.03736,0.00847,0.03226,0.03333,0.02597,0.04,0.0,0.0,0.01299,0.04054,0.01471
NDMCHighLightDark_Individual:31,0.02234,0.04808,0.0,0.01852,0.02041,0.06061,0.0,0.0,0.0,0.0,0.0,0.0,0.0
NDMCHighLightDark_Individual:30,0.0189,0.01789,0.03692,0.02807,0.05714,0.09091,0.02913,0.0,0.0339,0.02525,0.02353,0.0,0.01563
NDMCHighLightDark_Individual:1;,0.0285,0.02214,0.03836,0.03139,0.02381,0.02083,0.01873,0.02649,0.02564,0.01667,0.02167,0.03012,0.0
NDMCHighLightDark_Individual:19,0.05329,0.06278,0.02505,0.01073,0.03745,0.0247,0.00798,0.0173,0.09615,0.0,0.01724,0.03183,0.0
NDMCHighLightDark_Individual:18,0.02781,0.02381,0.01899,0.02095,0.00659,0.0151,0.02872,0.00597,0.04104,0.01657,0.01665,0.03808,0.00135
NDMCHighLightDark_Individual:39,0.03253,0.00849,0.04016,0.0186,0.03819,0.03455,0.03797,0.02747,0.02778,0.02156,0.03351,0.02024,0.01449
NDMCHighLightDark_Individual:33,0.01754,0.01205,0.01163,0.03125,0.0,0.02521,0.025,0.0,0.0,0.0,0.0,0.0,0.0
NDMCHighLightDark_Individual:3;,0.03036,0.01351,0.05634,0.02086,0.08571,0.04054,0.01057,0.00997,0.03046,0.01802,0.01256,0.00952,0.0
NDMCHighLightDark_Individual:32,0.06176,0.05207,0.02698,0.0099,0.01935,0.0061,0.00465,0.0,0.0,0.0,0.008,0.00775,0.02463
NDMCHighLightDark_Individual:13,0.04385,0.01604,0.01676,0.00741,0.0158,0.00594,0.01797,0.01328,0.01988,0.01218,0.01589,0.01826,0.00547
NDMCHighLightDark_Individual:12,0.03207,0.01944,0.02471,0.01852,0.025,0.0,0.00658,0.04545,0.02222,0.06,0.01987,0.0,0.0
NDMCHighLightDark_Individual:7;,0.04762,0.0625,0.01582,0.00855,0.06818,0.05556,0.01429,0.0,0.0,0.01515,0.01942,0.0,0.02381
NDMCHighLightDark_Individual:10,0.04118,0.02419,0.01132,0.10938,0.08,0.06731,0.02381,0.01389,0.06667,0.0402,0.0274,0.01235,0.01418
NDMCHighLightDark_Individual:17,0.01476,0.01471,0.01708,0.03303,0.03235,0.01174,0.013,0.01468,0.01748,0.0303,0.02025,0.02124,0.02405
NDMCHighLightDark_Individual:16,0.03186,0.03129,0.0101,0.02639,0.03926,0.02639,0.0177,0.03719,0.03684,0.01278,0.01001,0.00563,0.01567
NDMCHighLightDark_Individual:15,0.02301,0.00364,0.00384,0.00821,0.0,0.0,0.00978,0.0,0.01299,0.08,0.00596,0.00488,0.0
NDMCHighLightDark_Individual:14,0.02495,0.01473,0.01416,0.01709,0.03922,0.03125,0.01034,0.02768,0.0,0.00599,0.02353,0.02365,0.00781
