OSU6162LightDark_Individual:8;,0.45014,0.50395,0.43993,0.44541,0.51683,0.38728,0.47013,0.53988,0.53684,0.44231,0.50629,0.56947,0.59667
OSU6162LightDark_Individual:48,0.41005,0.42568,0.4973,0.47712,0.44,0.44076,0.43829,0.48936,0.63764,0.65171,0.44016,0.45941,0.625
OSU6162LightDark_Individual:4;,0.37936,0.4146,0.44292,0.33597,0.46124,0.50633,0.41713,0.32471,0.46281,0.49213,0.43902,0.35232,0.40244
OSU6162LightDark_Individual:40,0.41922,0.43517,0.43044,0.49776,0.59059,0.6056,0.32563,0.39793,0.44362,0.5603,0.34702,0.49852,0.56574
OSU6162LightDark_Individual:41,0.4139,0.44974,0.42151,0.39912,0.41304,0.54545,0.50535,0.47186,0.76389,0.76316,0.49626,0.52857,0.74074
OSU6162LightDark_Individual:42,0.40637,0.35509,0.52738,0.46752,0.34737,0.363,0.43358,0.44083,0.43373,0.40144,0.4687,0.3996,0.26667
OSU6162LightDark_Individual:43,0.32143,0.44869,0.38663,0.35738,0.36667,0.5,0.45313,0.47847,0.66667,0.53191,0.44894,0.37166,0.56338
OSU6162LightDark_Individual:44,0.32159,0.39804,0.47798,0.43543,0.31513,0.40329,0.33162,0.39323,0.4901,0.47742,0.42928,0.48532,0.47082
OSU6162LightDark_Individual:45,0.41536,0.45491,0.41213,0.49072,0.48462,0.5,0.50928,0.32576,0.48872,0.49877,0.42773,0.42994,0.59701
OSU6162LightDark_Individual:46,0.52921,0.64634,0.41314,0.50485,0.58307,0.64286,0.42946,0.38736,0.66486,0.74595,0.43907,0.47137,0.64075
OSU6162LightDark_Individual:47,0.44015,0.44569,0.44368,0.41418,0.65217,0.125,0.4548,0.44,0.57576,0.48649,0.47799,0.50542,0.62857
OSU6162LightDark_Individual:2;,0.46183,0.48375,0.49172,0.42447,0.57333,0.6242,0.45217,0.47463,0.67949,0.61667,0.44283,0.56688,0.84615
OSU6162LightDark_Individual:28,0.49817,0.52564,0.51362,0.47882,0.45833,0.36842,0.55556,0.57639,0.63462,0.76963,0.5477,0.55014,0.66667
OSU6162LightDark_Individual:29,0.37082,0.33633,0.33428,0.38858,0.4,0.44068,0.50258,0.44582,0.51724,0.41722,0.55021,0.35714,0.60448
OSU6162LightDark_Individual:26,0.32649,0.33445,0.32437,0.33843,0.53704,0.625,0.42125,0.30769,0.82143,0.73077,0.46336,0.39362,0.91379
OSU6162LightDark_Individual:6;,0.39683,0.42675,0.46215,0.44118,0.39521,0.46961,0.45935,0.37654,0.48889,0.57813,0.49873,0.47685,0.46067
OSU6162LightDark_Individual:24,0.4215,0.4898,0.4764,0.55725,0.66667,0.3,0.46828,0.41971,0.62963,0.11111,0.42674,0.50809,0.66071
OSU6162LightDark_Individual:25,0.35316,0.3359,0.3532,0.28634,0.36136,0.33886,0.29268,0.25545,0.48501,0.38179,0.29284,0.35443,0.5342
OSU6162LightDark_Individual:22,0.43185,0.41871,0.46918,0.4428,0.52215,0.45725,0.40295,0.39295,0.42017,0.56731,0.48507,0.54328,0.58209
OSU6162LightDark_Individual:23,0.36829,0.36861,0.44195,0.43108,0.38168,0.50407,0.41566,0.36901,0.45055,0.5641,0.40286,0.53889,0.39785
OSU6162LightDark_Individual:20,0.42452,0.45167,0.48675,0.45852,0.34409,0.40824,0.51601,0.41162,0.61212,0.58201,0.52811,0.4488,0.65263
OSU6162LightDark_Individual:21,0.43459,0.38835,0.49495,0.66129,0.51643,0.59813,0.50505,0.59406,0.63636,0.70889,0.4498,0.60338,0.6
OSU6162LightDark_Individual:34,0.40141,0.52608,0.36984,0.35135,0.38565,0.37311,0.37236,0.37797,0.60406,0.63689,0.43622,0.34328,0.66825
OSU6162LightDark_Individual:38,0.41727,0.33454,0.46612,0.42761,0.53614,0.44591,0.45139,0.37931,0.61307,0.57222,0.34675,0.43094,0.66202
OSU6162LightDark_Individual:35,0.39216,0.65359,0.45472,0.46154,0.64516,0.59615,0.38906,0.29353,0.68817,0.62667,0.41463,0.34555,0.61682
OSU6162LightDark_Individual:27,0.31558,0.47863,0.38501,0.37783,0.5,0.5,0.43807,0.43401,0.57143,0.6,0.44959,0.42647,0.53846
OSU6162LightDark_Individual:11,0.37294,0.45957,0.47179,0.41402,0.52963,0.4934,0.51786,0.37304,0.80556,0.55814,0.43867,0.39759,0.72285
OSU6162LightDark_Individual:37,0.35294,0.43659,0.49281,0.49708,0.32653,0.43615,0.51291,0.52174,0.74468,0.62712,0.54681,0.52427,1.0
OSU6162LightDark_Individual:36,0.38013,0.41318,0.52435,0.31293,0.48031,0.62751,0.48899,0.37313,0.65714,0.58291,0.49146,0.42021,0.71818
OSU6162LightDark_Individual:5;,0.36696,0.39859,0.58634,0.35714,0.43056,0.63902,0.53555,0.45522,0.48485,0.7134,0.54545,0.47182,0.68837
OSU6162LightDark_Individual:9;,0.51789,0.53931,0.47773,0.46336,0.57102,0.62367,0.544,0.47581,0.52066,0.61005,0.58907,0.49533,0.60989
OSU6162LightDark_Individual:31,0.40309,0.39571,0.40838,0.44556,0.30319,0.42061,0.44026,0.3289,0.54088,0.53957,0.47143,0.46388,0.61696
OSU6162LightDark_Individual:30,0.40476,0.42016,0.51903,0.40315,0.35115,0.43511,0.4188,0.34052,0.57143,0.56731,0.43088,0.65823,0.55422
OSU6162LightDark_Individual:1;,0.42982,0.41698,0.49483,0.41641,0.56135,0.52351,0.24953,0.25965,0.54762,0.66,0.47619,0.57992,0.57466
OSU6162LightDark_Individual:19,0.44495,0.47059,0.41453,0.32692,0.39552,0.3494,0.22561,0.2375,0.44915,0.43791,0.32551,0.35,0.55336
OSU6162LightDark_Individual:18,0.52013,0.51089,0.49498,0.49745,0.40609,0.47541,0.54615,0.45098,0.40323,0.52492,0.51429,0.49706,0.60444
OSU6162LightDark_Individual:39,0.38156,0.40528,0.39615,0.42262,0.39858,0.53465,0.45188,0.4495,0.70529,0.63597,0.48617,0.49921,0.77056
OSU6162LightDark_Individual:33,0.34336,0.36854,0.48518,0.43922,0.41615,0.65436,0.42094,0.48693,0.50314,0.61404,0.41239,0.43231,0.46154
OSU6162LightDark_Individual:3;,0.35789,0.31226,0.43874,0.56886,0.21875,0.35606,0.49132,0.30943,0.34783,0.37037,0.43873,0.56818,0.36364
OSU6162LightDark_Individual:32,0.51544,0.46362,0.52264,0.49475,0.45833,0.58902,0.49457,0.51678,0.5285,0.621,0.58207,0.5937,0.66743
OSU6162LightDark_Individual:13,0.15596,0.3375,0.61494,0.44498,0.51923,0.38519,0.385,0.32,0.52326,0.58621,0.34731,0.44361,0.61905
OSU6162LightDark_Individual:12,0.32893,0.30816,0.51475,0.38205,0.625,0.25806,0.50457,0.40244,0.4,0.4,0.52358,0.33121,0.46667
OSU6162LightDark_Individual:7;,0.43724,0.44498,0.45355,0.35526,0.47468,0.44136,0.37151,0.4009,0.49438,0.50464,0.36415,0.46377,0.58511
OSU6162LightDark_Individual:10,0.26357,0.33333,0.43784,0.35052,0.31933,0.38501,0.4124,0.26563,0.57237,0.5027,0.43168,0.49057,0.58919
OSU6162LightDark_Individual:17,0.39946,0.4415,0.46479,0.45924,0.5446,0.6,0.5061,0.45014,0.67089,0.63366,0.51171,0.51389,0.51948
OSU6162LightDark_Individual:16,0.36364,0.40212,0.48933,0.47167,0.65025,0.52736,0.57053,0.45617,0.57471,0.57711,0.48447,0.45724,0.61379
OSU6162LightDark_Individual:15,0.3766,0.31579,0.44571,0.27746,0.58182,0.40476,0.39607,0.34555,0.64545,0.5625,0.31295,0.36641,0.72222
OSU6162LightDark_Individual:14,0.45587,0.47368,0.42543,0.39734,0.48095,0.51139,0.45256,0.45064,0.47936,0.56812,0.47094,0.43023,0.55263
