OSU6162LightDark_Individual:8;,0.33761,0.3292,0.31802,0.28943,0.22837,0.06936,0.32862,0.26534,0.11579,0.12981,0.28459,0.29924,0.14
OSU6162LightDark_Individual:48,0.2328,0.23243,0.31671,0.24183,0.25778,0.10427,0.29471,0.25957,0.14888,0.10413,0.18053,0.25149,0.125
OSU6162LightDark_Individual:4;,0.25201,0.24224,0.27854,0.21739,0.23643,0.21835,0.23836,0.28941,0.19835,0.22441,0.28618,0.22996,0.15854
OSU6162LightDark_Individual:40,0.29387,0.30906,0.34043,0.36173,0.22824,0.23664,0.37187,0.41568,0.53532,0.27889,0.3306,0.32493,0.33267
OSU6162LightDark_Individual:41,0.31438,0.27513,0.32473,0.29605,0.19565,0.1039,0.30407,0.2381,0.125,0.09211,0.30923,0.25714,0.12963
OSU6162LightDark_Individual:42,0.23506,0.2611,0.28214,0.25987,0.18684,0.26178,0.26569,0.32249,0.15663,0.20673,0.30979,0.26104,0.13333
OSU6162LightDark_Individual:43,0.23214,0.19316,0.25872,0.24918,0.4,0.18519,0.34375,0.23206,0.21053,0.23404,0.26383,0.28342,0.25352
OSU6162LightDark_Individual:44,0.25404,0.2486,0.27979,0.19536,0.16807,0.19342,0.29915,0.23679,0.22277,0.22258,0.28952,0.24266,0.20623
OSU6162LightDark_Individual:45,0.2973,0.21534,0.36081,0.23918,0.23846,0.12887,0.23711,0.29293,0.21805,0.09337,0.22656,0.26679,0.15299
OSU6162LightDark_Individual:46,0.23024,0.15854,0.36864,0.24272,0.33542,0.20635,0.32988,0.31593,0.23243,0.13514,0.35484,0.28634,0.27346
OSU6162LightDark_Individual:47,0.29466,0.3427,0.35632,0.27985,0.21739,0.125,0.27684,0.31333,0.33333,0.10811,0.33753,0.27549,0.17143
OSU6162LightDark_Individual:2;,0.24237,0.23927,0.27318,0.30593,0.05333,0.15287,0.28174,0.22388,0.15385,0.18333,0.26195,0.20701,0.0
OSU6162LightDark_Individual:28,0.1978,0.13462,0.28599,0.28545,0.1875,0.15789,0.24897,0.22569,0.125,0.10471,0.25795,0.19241,0.11404
OSU6162LightDark_Individual:29,0.26949,0.23285,0.37269,0.24862,0.12609,0.20904,0.25473,0.29102,0.11494,0.19536,0.28571,0.20408,0.13433
OSU6162LightDark_Individual:26,0.29478,0.38127,0.40323,0.33188,0.2037,0.0,0.34725,0.26721,0.07143,0.19231,0.38793,0.33688,0.01724
OSU6162LightDark_Individual:6;,0.32804,0.31688,0.28287,0.22059,0.12575,0.14917,0.26829,0.25926,0.12222,0.19531,0.31552,0.15741,0.08989
OSU6162LightDark_Individual:24,0.32935,0.22959,0.40674,0.15267,0.06061,0.25,0.33582,0.28102,0.0,0.05556,0.30586,0.22977,0.17262
OSU6162LightDark_Individual:25,0.31646,0.3641,0.31297,0.18722,0.16818,0.26519,0.28518,0.23988,0.13896,0.22942,0.33623,0.23629,0.14007
OSU6162LightDark_Individual:22,0.25251,0.22393,0.22089,0.21402,0.16139,0.22305,0.22996,0.22922,0.20168,0.17308,0.23321,0.20299,0.12438
OSU6162LightDark_Individual:23,0.28714,0.25182,0.34457,0.25676,0.16412,0.13821,0.3012,0.2,0.14286,0.13553,0.29448,0.25741,0.1129
OSU6162LightDark_Individual:20,0.31871,0.30167,0.24337,0.27729,0.16129,0.19476,0.2693,0.2298,0.21212,0.08466,0.251,0.23747,0.14737
OSU6162LightDark_Individual:21,0.2936,0.31311,0.28283,0.19355,0.11737,0.19159,0.29293,0.23762,0.07879,0.13556,0.31325,0.24473,0.12258
OSU6162LightDark_Individual:34,0.34272,0.3193,0.35079,0.3045,0.16592,0.37449,0.30244,0.27627,0.08629,0.16715,0.28031,0.22637,0.1564
OSU6162LightDark_Individual:38,0.27518,0.29295,0.27642,0.28956,0.11446,0.19261,0.2338,0.22989,0.1809,0.11111,0.25077,0.21547,0.14634
OSU6162LightDark_Individual:35,0.22353,0.08497,0.40551,0.26224,0.13978,0.07692,0.33131,0.21891,0.16129,0.08667,0.29617,0.26178,0.19626
OSU6162LightDark_Individual:27,0.28797,0.21795,0.3385,0.27456,0.05556,0.07692,0.23624,0.31726,0.0,0.16667,0.26975,0.15809,0.11538
OSU6162LightDark_Individual:11,0.34653,0.2965,0.38333,0.36561,0.22222,0.24274,0.32321,0.26646,0.13889,0.22674,0.34927,0.29398,0.13858
OSU6162LightDark_Individual:37,0.29244,0.29293,0.32134,0.26093,0.16327,0.25737,0.30465,0.19565,0.06383,0.05085,0.29787,0.20388,0.0
OSU6162LightDark_Individual:36,0.27129,0.28939,0.28247,0.20408,0.12598,0.17192,0.26872,0.30448,0.12857,0.21538,0.31499,0.33777,0.12424
OSU6162LightDark_Individual:5;,0.2887,0.27337,0.32919,0.32353,0.07639,0.12195,0.32526,0.25373,0.07576,0.09657,0.34697,0.31106,0.11163
OSU6162LightDark_Individual:9;,0.24859,0.20912,0.29647,0.16785,0.15341,0.19965,0.2752,0.20565,0.06612,0.14115,0.27126,0.18692,0.07143
OSU6162LightDark_Individual:31,0.23814,0.16764,0.29494,0.17755,0.15426,0.15877,0.30909,0.09967,0.09434,0.1199,0.23506,0.16854,0.11404
OSU6162LightDark_Individual:30,0.24436,0.21744,0.20992,0.14865,0.12977,0.1145,0.19017,0.13793,0.14286,0.13942,0.21903,0.13924,0.1506
OSU6162LightDark_Individual:1;,0.2807,0.24719,0.30654,0.26161,0.18712,0.2599,0.29644,0.22807,0.10317,0.2,0.27041,0.23361,0.15837
OSU6162LightDark_Individual:19,0.1422,0.13971,0.30342,0.08654,0.29851,0.16867,0.20122,0.1,0.28814,0.1634,0.261,0.13,0.1581
OSU6162LightDark_Individual:18,0.26333,0.27822,0.30273,0.26146,0.13706,0.25956,0.25577,0.25245,0.14516,0.19934,0.26476,0.22941,0.15111
OSU6162LightDark_Individual:39,0.28809,0.32262,0.34368,0.22381,0.21886,0.31542,0.23291,0.21337,0.16121,0.197,0.26492,0.1937,0.14286
OSU6162LightDark_Individual:33,0.32389,0.33803,0.40718,0.36275,0.24224,0.16443,0.39421,0.32026,0.32704,0.15351,0.39744,0.36681,0.37179
OSU6162LightDark_Individual:3;,0.33263,0.3295,0.32411,0.28144,0.21875,0.22727,0.35236,0.27925,0.26087,0.12963,0.29167,0.14394,0.13636
OSU6162LightDark_Individual:32,0.19866,0.24883,0.25849,0.2769,0.09821,0.21217,0.28125,0.22819,0.14508,0.19178,0.23862,0.25569,0.11468
OSU6162LightDark_Individual:13,0.11927,0.1375,0.20115,0.16268,0.15385,0.17778,0.245,0.08,0.22093,0.16092,0.23952,0.18045,0.19048
OSU6162LightDark_Individual:12,0.35041,0.3551,0.28418,0.34864,0.375,0.29032,0.29068,0.26829,0.43333,0.20833,0.28066,0.35669,0.13333
OSU6162LightDark_Individual:7;,0.26621,0.25081,0.18215,0.22368,0.13924,0.21296,0.21229,0.12613,0.17978,0.17337,0.2437,0.08696,0.11702
OSU6162LightDark_Individual:10,0.18217,0.26599,0.28829,0.15206,0.11765,0.18863,0.24798,0.21094,0.21711,0.14054,0.2764,0.2327,0.15676
OSU6162LightDark_Individual:17,0.27935,0.21866,0.29577,0.26044,0.04695,0.09388,0.25813,0.18234,0.07595,0.07426,0.29369,0.23611,0.07792
OSU6162LightDark_Individual:16,0.35664,0.3125,0.266,0.25268,0.0936,0.10945,0.26448,0.20036,0.13793,0.10448,0.32298,0.28796,0.04138
OSU6162LightDark_Individual:15,0.32128,0.24812,0.32286,0.17919,0.18182,0.21429,0.27247,0.32461,0.19091,0.1875,0.23022,0.28244,0.12963
OSU6162LightDark_Individual:14,0.29845,0.28321,0.36301,0.36232,0.23175,0.31263,0.39103,0.32618,0.18349,0.25613,0.31744,0.34718,0.23077
