OSU6162LightDark_Individual:8;,0.03419,0.03269,0.0424,0.05546,0.04808,0.08671,0.02987,0.03681,0.04211,0.02885,0.02358,0.01679,0.02
OSU6162LightDark_Individual:48,0.05688,0.06757,0.02695,0.02941,0.07111,0.11374,0.02771,0.03404,0.02528,0.04129,0.06085,0.04356,0.04167
OSU6162LightDark_Individual:4;,0.04558,0.03882,0.03653,0.04941,0.02713,0.02532,0.03538,0.05176,0.01653,0.01969,0.03252,0.0443,0.0
OSU6162LightDark_Individual:40,0.0195,0.01599,0.02455,0.01046,0.00941,0.01527,0.04432,0.00592,0.00124,0.00251,0.05133,0.00593,0.00797
OSU6162LightDark_Individual:41,0.04265,0.04938,0.03226,0.05044,0.1087,0.03896,0.02141,0.03463,0.0,0.02632,0.02494,0.02857,0.01852
OSU6162LightDark_Individual:42,0.07835,0.0483,0.02738,0.03057,0.06316,0.03141,0.05547,0.03254,0.06024,0.04087,0.02729,0.06225,0.10667
OSU6162LightDark_Individual:43,0.07366,0.04628,0.03198,0.07213,0.0,0.03704,0.02604,0.05502,0.0,0.02128,0.02766,0.04011,0.02817
OSU6162LightDark_Individual:44,0.05433,0.05168,0.02202,0.06623,0.07143,0.03704,0.03761,0.04228,0.0198,0.03548,0.02662,0.01761,0.02724
OSU6162LightDark_Individual:45,0.05405,0.0646,0.02799,0.04742,0.03077,0.08247,0.0433,0.06818,0.01504,0.09091,0.05664,0.04798,0.0597
OSU6162LightDark_Individual:46,0.02062,0.02439,0.04449,0.01942,0.0,0.0,0.05602,0.0467,0.00541,0.01081,0.03943,0.02203,0.00804
OSU6162LightDark_Individual:47,0.02947,0.03184,0.03218,0.03731,0.0,0.125,0.0565,0.02667,0.0,0.10811,0.02516,0.03037,0.08571
OSU6162LightDark_Individual:2;,0.03435,0.04161,0.05464,0.05163,0.06667,0.03822,0.03652,0.04478,0.03846,0.03333,0.05821,0.03185,0.0
OSU6162LightDark_Individual:28,0.05861,0.01282,0.04475,0.04052,0.14583,0.0,0.01235,0.02778,0.02885,0.01047,0.03004,0.03523,0.02632
OSU6162LightDark_Individual:29,0.05902,0.06299,0.05548,0.06814,0.14348,0.05085,0.06368,0.05882,0.05747,0.09603,0.02405,0.04592,0.04478
OSU6162LightDark_Individual:26,0.05037,0.02174,0.04839,0.04803,0.07407,0.25,0.02846,0.06478,0.03571,0.03846,0.02371,0.04965,0.01724
OSU6162LightDark_Individual:6;,0.05026,0.04459,0.0259,0.02941,0.07784,0.02762,0.01626,0.03086,0.04444,0.03516,0.01781,0.02778,0.10112
OSU6162LightDark_Individual:24,0.01536,0.0051,0.00449,0.05344,0.0,0.05,0.02799,0.04745,0.03704,0.05556,0.02015,0.01294,0.00595
OSU6162LightDark_Individual:25,0.07089,0.06795,0.08942,0.11894,0.07955,0.08471,0.06942,0.08411,0.05177,0.0718,0.03037,0.05907,0.02932
OSU6162LightDark_Individual:22,0.0373,0.06442,0.06678,0.07011,0.06329,0.04089,0.07384,0.07053,0.08403,0.00962,0.06343,0.05075,0.02985
OSU6162LightDark_Individual:23,0.0387,0.03285,0.02122,0.03649,0.07634,0.03523,0.04819,0.03944,0.05495,0.01832,0.01636,0.01667,0.11828
OSU6162LightDark_Individual:20,0.02323,0.02667,0.0506,0.06332,0.06452,0.02622,0.0339,0.05556,0.01818,0.02646,0.03414,0.04793,0.01053
OSU6162LightDark_Individual:21,0.05378,0.03883,0.0303,0.00806,0.10329,0.01869,0.01212,0.0099,0.07273,0.01111,0.03213,0.0211,0.01935
OSU6162LightDark_Individual:34,0.0446,0.01372,0.03968,0.06847,0.08969,0.03292,0.05528,0.04237,0.04569,0.02017,0.02992,0.0597,0.03791
OSU6162LightDark_Individual:38,0.03417,0.03978,0.04065,0.05051,0.04819,0.03694,0.02778,0.04981,0.03015,0.03889,0.04644,0.04972,0.01742
OSU6162LightDark_Individual:35,0.02745,0.00654,0.00984,0.05594,0.03226,0.04808,0.06687,0.16418,0.01075,0.05333,0.03484,0.04188,0.01869
OSU6162LightDark_Individual:27,0.0355,0.0235,0.02842,0.05542,0.02778,0.15385,0.0344,0.03299,0.14286,0.06667,0.01635,0.04412,0.03846
OSU6162LightDark_Individual:11,0.0396,0.04043,0.02308,0.03506,0.03333,0.02902,0.01964,0.05643,0.02778,0.01744,0.02911,0.04337,0.00749
OSU6162LightDark_Individual:37,0.0437,0.04602,0.01679,0.02478,0.14286,0.04126,0.02238,0.02174,0.03191,0.10169,0.01702,0.00971,0.0
OSU6162LightDark_Individual:36,0.05678,0.04341,0.0276,0.08844,0.13386,0.02292,0.03524,0.04776,0.07143,0.03077,0.03416,0.0266,0.0303
OSU6162LightDark_Individual:5;,0.04174,0.04233,0.00497,0.06303,0.06944,0.02439,0.0121,0.08955,0.06061,0.01869,0.00303,0.0334,0.02326
OSU6162LightDark_Individual:9;,0.04896,0.04403,0.04455,0.04965,0.03693,0.01413,0.0192,0.04032,0.07438,0.03589,0.01417,0.05607,0.07143
OSU6162LightDark_Individual:31,0.06598,0.05361,0.02618,0.05025,0.14894,0.08635,0.03377,0.13289,0.03145,0.03837,0.04026,0.06421,0.06433
OSU6162LightDark_Individual:30,0.07895,0.07588,0.02768,0.06306,0.14504,0.1145,0.04487,0.09914,0.09524,0.0625,0.05206,0.02532,0.10241
OSU6162LightDark_Individual:1;,0.02193,0.05368,0.02641,0.05108,0.03374,0.03218,0.09756,0.07018,0.03968,0.01143,0.03571,0.02254,0.04525
OSU6162LightDark_Individual:19,0.02294,0.02941,0.04274,0.21154,0.00746,0.07229,0.10366,0.175,0.01695,0.05229,0.04106,0.095,0.02767
OSU6162LightDark_Individual:18,0.04461,0.0297,0.01291,0.03396,0.07614,0.01639,0.025,0.04902,0.06452,0.03987,0.0419,0.03235,0.04889
OSU6162LightDark_Individual:39,0.05378,0.05052,0.02784,0.0619,0.06762,0.03678,0.06974,0.06543,0.01259,0.0257,0.03348,0.05197,0.01299
OSU6162LightDark_Individual:33,0.03009,0.01878,0.00936,0.01765,0.01863,0.00671,0.00891,0.00654,0.0,0.00877,0.00427,0.0131,0.0
OSU6162LightDark_Individual:3;,0.00632,0.00958,0.03162,0.01198,0.09375,0.03788,0.02978,0.03396,0.0,0.09259,0.04167,0.02273,0.04545
OSU6162LightDark_Individual:32,0.06577,0.0716,0.04528,0.04462,0.1369,0.03858,0.04755,0.05145,0.06218,0.03653,0.03172,0.02802,0.0344
OSU6162LightDark_Individual:13,0.06422,0.0875,0.03448,0.06699,0.11538,0.05926,0.0525,0.12,0.01163,0.04598,0.08383,0.06767,0.0
OSU6162LightDark_Individual:12,0.02149,0.02245,0.03217,0.03967,0.0,0.04032,0.01828,0.03659,0.0,0.025,0.01887,0.03822,0.13333
OSU6162LightDark_Individual:7;,0.04966,0.02427,0.05829,0.0625,0.06329,0.03704,0.05028,0.08108,0.03371,0.02167,0.06162,0.08696,0.03191
OSU6162LightDark_Individual:10,0.1531,0.07239,0.03964,0.09536,0.15966,0.08527,0.07817,0.07813,0.01974,0.07568,0.04037,0.03774,0.02162
OSU6162LightDark_Individual:17,0.08232,0.06546,0.03521,0.03579,0.10798,0.06122,0.05894,0.04843,0.05063,0.0297,0.02703,0.05,0.09091
OSU6162LightDark_Individual:16,0.04895,0.04481,0.03841,0.04288,0.05419,0.11443,0.02771,0.06082,0.0977,0.08458,0.02484,0.03665,0.06207
OSU6162LightDark_Individual:15,0.02979,0.05263,0.02857,0.14451,0.05455,0.07143,0.04775,0.03141,0.02727,0.02083,0.06835,0.05344,0.00617
OSU6162LightDark_Individual:14,0.04459,0.05597,0.0289,0.02536,0.04921,0.01863,0.01923,0.05436,0.0344,0.01907,0.04173,0.03821,0.01417
