PCAP814LightDark_Individual:8;,0.24197,0.2845,0.13818,0.15033,0.11111,0.02162,0.01134,0.01268,0.14851,0.24365,0.17037,0.18274,0.10714
PCAP814LightDark_Individual:48,0.30891,0.28871,0.27305,0.21308,0.15094,0.15942,0.30208,0.27171,0.35897,0.0,0.2332,0.10112,0.0
PCAP814LightDark_Individual:4;,0.19598,0.26172,0.30736,0.24895,0.11628,0.02632,0.18987,0.39286,0.07348,0.05128,0.1,0.3,0.0
PCAP814LightDark_Individual:40,0.24356,0.24118,0.37475,0.31617,0.16667,0.24257,0.29739,0.24699,0.15779,0.23973,0.28668,0.17784,0.13556
PCAP814LightDark_Individual:41,0.25941,0.27909,0.27197,0.19589,0.23554,0.29789,0.2417,0.18795,0.18785,0.35564,0.26614,0.20884,0.20773
PCAP814LightDark_Individual:42,0.26302,0.23773,0.24796,0.25687,0.20339,0.21769,0.25674,0.20096,0.22222,0.15789,0.26626,0.2492,0.16
PCAP814LightDark_Individual:43,0.28067,0.23967,0.27651,0.20947,0.09722,0.15175,0.25933,0.18421,0.075,0.04225,0.21782,0.02703,0.01538
PCAP814LightDark_Individual:44,0.3631,0.36306,0.37071,0.20243,0.16149,0.13333,0.30246,0.14118,0.11111,0.17266,0.33583,0.09091,0.16529
PCAP814LightDark_Individual:45,0.28205,0.30465,0.24217,0.14986,0.15835,0.20557,0.23025,0.12121,0.12281,0.10219,0.11061,0.12587,0.1375
PCAP814LightDark_Individual:46,0.25586,0.24653,0.27766,0.23034,0.16014,0.14925,0.23978,0.20769,0.27778,0.1,0.19802,0.18727,0.19643
PCAP814LightDark_Individual:47,0.26987,0.32212,0.2451,0.18269,0.172,0.16892,0.23301,0.20309,0.12422,0.14394,0.24009,0.14939,0.0973
PCAP814LightDark_Individual:2;,0.30347,0.27593,0.32718,0.2349,0.10714,0.12245,0.26794,0.0625,0.07895,0.0,0.07692,0.0,0.0
PCAP814LightDark_Individual:28,0.231,0.25467,0.27667,0.19261,0.09091,0.07895,0.18652,0.09353,0.0,0.0,0.14612,0.125,0.0
PCAP814LightDark_Individual:29,0.18623,0.22346,0.21384,0.1377,0.0,0.15986,0.20707,0.0,0.125,0.0625,0.20775,0.02778,0.08333
PCAP814LightDark_Individual:26,0.26,0.30551,0.25346,0.0,0,0.0,0.00299,0.0,0.01942,0,0.0,0.0,0
PCAP814LightDark_Individual:6;,0.21023,0.22835,0.25394,0.1791,0.14458,0.0,0.14865,0.05584,0.08511,0.0,0.00662,0.0,0.0
PCAP814LightDark_Individual:24,0.2158,0.22088,0.18654,0.08273,0.19178,0.15805,0.08971,0.1875,0.10714,0.07317,0.09036,0.11712,0.15714
PCAP814LightDark_Individual:25,0.2684,0.2496,0.26889,0.25492,0.05263,0.02857,0.1106,0.18841,0.0,0.06452,0.04016,0.02857,0.08475
PCAP814LightDark_Individual:22,0.31518,0.33276,0.22476,0.14052,0.09346,0.13115,0.22832,0.2401,0.08929,0.13529,0.19434,0.13542,0.28571
PCAP814LightDark_Individual:23,0.14953,0.15942,0.1655,0.09412,0.08333,0.1194,0.19431,0.10929,0.03333,0.13924,0.17092,0.1134,0.09375
PCAP814LightDark_Individual:20,0.21474,0.2603,0.33882,0.16914,0.06962,0.11429,0.22193,0.10059,0.11236,0.12308,0.2006,0.15823,0.12069
PCAP814LightDark_Individual:21,0.22319,0.12853,0.21455,0.12088,0.10667,0.15385,0.26179,0.20773,0.21333,0.2,0.18952,0.16327,0.08451
PCAP814LightDark_Individual:34,0.23825,0.2085,0.14172,0.09153,0.11194,0.16071,0.0339,0.04545,0.14695,0.17241,0.32258,0.0,0.13333
PCAP814LightDark_Individual:38,0.25484,0.27337,0.30363,0.24754,0.12275,0.24049,0.19813,0.15124,0.05618,0.08969,0.23264,0.19481,0.05389
PCAP814LightDark_Individual:35,0.21748,0.16541,0.28777,0.1441,0.09,0.11628,0.11667,0.14815,0.11111,0.06061,0.05195,0.06061,0.08383
PCAP814LightDark_Individual:27,0.19245,0.19239,0.27103,0.05357,0.2,0.14286,0.12025,0.125,0.0,0.13333,0.02941,0.07143,0.07692
PCAP814LightDark_Individual:11,0.17323,0.19136,0.2259,0.09524,0.01124,0.00699,0.00909,0.03448,0.0,0.03409,0.06061,0.09091,0.0
PCAP814LightDark_Individual:37,0.25992,0.25063,0.3221,0.2809,0.24081,0.27493,0.29308,0.27923,0.16024,0.17816,0.28655,0.27107,0.13514
PCAP814LightDark_Individual:36,0.13163,0.19651,0.23568,0.06667,0.33333,0.01587,0.03738,0.00939,0.00893,0.06522,0.0354,0.07213,0.11413
PCAP814LightDark_Individual:5;,0.22801,0.23457,0.36255,0.10774,0.12195,0.09524,0.24265,0.0,0.11765,0.05882,0.11765,0.0,0.09756
PCAP814LightDark_Individual:9;,0.26633,0.32944,0.29201,0.07317,0.07876,0.15,0.12598,0.01389,0.01527,0.04082,0.00971,0.00444,0.12381
PCAP814LightDark_Individual:31,0.1306,0.12211,0.17805,0.17561,0.1129,0.05714,0.21333,0.0,0.04545,0.09091,0.0,0.0,0.0
PCAP814LightDark_Individual:30,0.11005,0.24214,0.26166,0.08451,0.06667,0.0,0.20402,0.08,0.0,0.0,0.11765,0.05184,0.04451
PCAP814LightDark_Individual:1;,0.12,0.0,0.33333,0.23786,0.16667,0.07587,0.21111,0.12903,0.14286,0.09091,0.21538,0.09333,0.13889
PCAP814LightDark_Individual:19,0.25984,0.28955,0.21442,0.13174,0.12987,0.13146,0.17149,0.0,0.0,0.08333,0.13023,0.11966,0.025
PCAP814LightDark_Individual:18,0.20779,0.23009,0.18085,0.16292,0.21168,0.13208,0.22222,0.02778,0.02128,0.17699,0.12727,0.22826,0.13208
PCAP814LightDark_Individual:39,0.14925,0.21196,0.24786,0.1413,0.19492,0.19685,0.25862,0.05172,0.08333,0.21154,0.2878,0.2,0.13158
PCAP814LightDark_Individual:33,0.14787,0.19192,0.025,0.08824,0.05634,0.0625,0.0625,0.05839,0.09195,0.12179,0.1875,0.0303,0.09091
PCAP814LightDark_Individual:3;,0.25065,0.23936,0.29198,0.29821,0.19565,0.205,0.27968,0.30389,0.08491,0.13699,0.30263,0.14286,0.0
PCAP814LightDark_Individual:32,0.23902,0.20892,0.205,0.09195,0.04494,0.02222,0.0266,0.0093,0.00901,0.18182,0.0,0.33333,0.03704
PCAP814LightDark_Individual:13,0.24505,0.2534,0.2782,0.18136,0.15665,0.2,0.23349,0.20154,0.14429,0.15402,0.19846,0.24284,0.17282
PCAP814LightDark_Individual:12,0.21201,0.14737,0.20743,0.125,0.07895,0.01724,0.0,0.0,0.02521,0.03846,0.14667,0.10884,0.17073
PCAP814LightDark_Individual:7;,0.25806,0.11236,0.175,0.08036,0.01923,0.02778,0.00746,0.02532,0.12598,0.15132,0.12,0.05882,0.14151
PCAP814LightDark_Individual:10,0,0.0641,0.28717,0.12153,0.08247,0.0,0.0,0.0,0.0,0.09859,0.13433,0.17917,0.18072
PCAP814LightDark_Individual:17,0.23622,0.21606,0.18876,0.17045,0.09607,0.17877,0.19939,0.15086,0.13818,0.15362,0.22763,0.20604,0.15082
PCAP814LightDark_Individual:16,0.22176,0.24369,0.29531,0.19048,0.10294,0.14964,0.30283,0.24208,0.11538,0.12712,0.20185,0.20059,0.13669
PCAP814LightDark_Individual:15,0.20914,0.15356,0.21169,0.1677,0.14525,0.16447,0.20939,0.10526,0.05,0.21348,0.21364,0.14943,0.17476
PCAP814LightDark_Individual:14,0.31263,0.24822,0.2464,0.1901,0.15152,0.15915,0.28947,0.19487,0.12155,0.16066,0.27586,0.1761,0.14667
