PCAP1LightDark_Individual:8;,0.01093,0.00529,0.00606,0.02899,0.0,0.01172,0.01338,0.01554,0.00662,0.00654,0.0,0.0,0.00581
PCAP1LightDark_Individual:48,0.01796,0.01791,0.01747,0.02459,0.00937,0.01055,0.00846,0.0132,0.00728,0.01168,0.01489,0.00559,0.00844
PCAP1LightDark_Individual:4;,0.01333,0.01124,0.00292,0.00909,0.0,0.0,0.01729,0.03896,0.0,0.0,0.0155,0.0,0.0
PCAP1LightDark_Individual:40,0.0,0.02703,0.00773,0.0,0.0,0.0,0.02299,0.02174,0.03448,0.0,0.01196,0.01911,0.00813
PCAP1LightDark_Individual:41,0.0101,0.0,0.01616,0.04854,0.0202,0.0,0.00732,0.0303,0.03704,0.01313,0.01577,0.0,0.0
PCAP1LightDark_Individual:42,0.0,0.0,0.00997,0.03876,0.0,0.02381,0.01847,0.05882,0.04762,0.0,0.01506,0.0,0.0303
PCAP1LightDark_Individual:43,0.01205,0.01523,0.00664,0.00752,0.00503,0.02128,0.01286,0.00602,0.03125,0.01205,0.01464,0.02137,0.0
PCAP1LightDark_Individual:44,0.04132,0.00855,0.01381,0.01471,0.05882,0.01538,0.0254,0.02105,1.0,0.0,0.01028,0.0155,0.0
PCAP1LightDark_Individual:45,0.01695,0.0,0.02484,0,0.10417,0.0,0.01242,0.0,0.0,0.0,0.03401,0.0,0.06383
PCAP1LightDark_Individual:46,0.0099,0.03409,0.00216,0.00312,0.0,0.0,0.01258,0.01485,0.0,0.02857,0.01365,0.00568,0.04255
PCAP1LightDark_Individual:47,0.0,0.01905,0.0,0.02128,0.0,0.01064,0.01351,0.0099,0.0,0.0061,0.01066,0.0,0.0
PCAP1LightDark_Individual:2;,0.0184,0.02381,0.00935,0.00526,0.01639,0.02532,0.00638,0.03125,0.0084,0.02128,0.01573,0.00913,0.01818
PCAP1LightDark_Individual:28,0.00791,0.00588,0.00358,0.0,0.0,0.02239,0.00838,0.0,0.01429,0.00888,0.00377,0.0,0.005
PCAP1LightDark_Individual:29,0.01579,0.01389,0.0,0.00735,0.03053,0.0061,0.02303,0.0,0.0,0.0,0.0069,0.01786,0.0
PCAP1LightDark_Individual:26,0.0,0.0365,0.02574,0.0,0.0,0.0,0.02797,0.08696,0.0,0.0,0.04,0.06122,0.0
PCAP1LightDark_Individual:6;,0.0,0.03061,0.02424,0.03053,0.01538,0.0,0.01115,0.0,0.0,0.0,0.01786,0.0,0.0
PCAP1LightDark_Individual:24,0.01304,0.0082,0.01028,0.0137,0.01422,0.00889,0.01966,0.01863,0.01961,0.01167,0.00643,0.0061,0.02679
PCAP1LightDark_Individual:25,0.03396,0.02079,0.01365,0.0,0.0375,0.0,0.01824,0.00637,0.02273,0.05,0.02548,0.00806,0.01389
PCAP1LightDark_Individual:22,0.00629,0.00791,0.01316,0.0,0.00855,0.01984,0.00294,0.0,0.00595,0.01832,0.0,0.01899,0.01087
PCAP1LightDark_Individual:23,0.00613,0.00658,0.0,0.0,0.01124,0.0,0.0,0.0,0.0,0.0,0.00813,0.0,0.0303
PCAP1LightDark_Individual:20,0.00917,0.0,0.00281,0.0,0.0,0.0,0.00775,0.03401,0.0,0.01961,0.00926,0.016,0.0
PCAP1LightDark_Individual:21,0.01869,0.0,0.03368,0.03774,0.04255,0.0,0.02676,0.0,0.0,0.0,0.02319,0.0,0.0
PCAP1LightDark_Individual:34,0.02183,0.04651,0.00765,0.0,0.05455,0.03125,0.00706,0.0,0.02326,0.05435,0.01159,0.00935,0.01282
PCAP1LightDark_Individual:38,0.00781,0.02703,0.00559,0.00971,0.0,0.01235,0.01695,0.02326,0.01493,0.00862,0.03756,0.0,0.04
PCAP1LightDark_Individual:35,0.0303,0.0375,0.01087,0.02,0.00862,0.00578,0.01869,0.0,0.00633,0.00769,0.01455,0.0102,0.0
PCAP1LightDark_Individual:27,0.01143,0.0042,0.0,0.0,0.0,0.0,0.00421,0.00847,0.0,0.00649,0.0069,0.0,0.02083
PCAP1LightDark_Individual:11,0.0,0.00932,0.01802,0.00437,0.0061,0.01114,0.01114,0.00565,0.0,0.00427,0.01453,0.0,0.01538
PCAP1LightDark_Individual:37,0.02083,0.03506,0.03436,0.05455,0.0,0.01813,0.03101,0.016,0.00633,0.00773,0.01278,0.00847,0.00327
PCAP1LightDark_Individual:36,0.03556,0.02795,0.01587,0.02857,0.02632,0.03704,0.01656,0.02857,0.01149,0.02857,0.0,0.0,0.03846
PCAP1LightDark_Individual:5;,0.0,0.00837,0.01154,0.0,0.0,0.01351,0.00897,0.0,0.02222,0.02222,0.0,0.0,0.0375
PCAP1LightDark_Individual:9;,0.01978,0.02479,0.00118,0.00581,0.01274,0.02667,0.01183,0.00498,0.00676,0.03243,0.00242,0.0,0.00535
PCAP1LightDark_Individual:31,0.0303,0.0122,0.02381,0.01099,0.0,0.0,0.02108,0.0,0.0102,0.0,0.01812,0.01299,0.00752
PCAP1LightDark_Individual:30,0.0,0.0,0.02033,0,0.0,0.0,0.00837,0.0,0.0,0.0,0.01894,0.04,0.04545
PCAP1LightDark_Individual:1;,0.02475,0.01852,0.01008,0.0,0.0,0.0,0.0083,0.0,0.03125,0.0,0.01657,0.0,0.00645
PCAP1LightDark_Individual:19,0.0,0.0303,0.00215,0.00552,0.0,0.01266,0.00142,0.0,0.02041,0.0,0.00197,0.0,0.0303
PCAP1LightDark_Individual:18,0.01003,0.01582,0.01307,0.03226,0.01342,0.01144,0.01527,0.01563,0.02907,0.02553,0.00922,0.00422,0.01266
PCAP1LightDark_Individual:39,0.01695,0.0,0.01316,0.01042,0.0,0.0,0.02857,0.0,0.06667,0.03846,0.0,0.0,0.0
PCAP1LightDark_Individual:33,0.00521,0.0055,0.01245,0.00514,0.0,0.00297,0.00205,0.0,0.0,0.0,0.0,0.0,0.00467
PCAP1LightDark_Individual:3;,0.0117,0.0,0.01405,0.0,0.0,0.01351,0.03284,0.01235,0.00893,0.0,0.01804,0.0,0.00763
PCAP1LightDark_Individual:32,0.00235,0.01389,0.01724,0.0,0.0,0.0,0.00362,0.0,0.0,0.0,0.00211,0.0,0.00369
PCAP1LightDark_Individual:13,0.04314,0.02212,0.00313,0.00395,0.02308,0.04167,0.00759,0.0084,0.0102,0.01709,0.00455,0.0,0.01163
PCAP1LightDark_Individual:12,0.02174,0.01395,0.00219,0.00977,0.00465,0.00541,0.00262,0.00322,0.00546,0.0,0.0092,0.00629,0.0
PCAP1LightDark_Individual:7;,0.01183,0.01347,0.01843,0.0,0.00741,0.00648,0.00977,0.0,0.00341,0.02041,0.0084,0.0,0.0
PCAP1LightDark_Individual:10,0.00552,0.0125,0.0122,0.0,0.0,0.0,0.00532,0.00671,0.00325,0.0,0.00339,0.0,0.00361
PCAP1LightDark_Individual:17,0.00662,0.01699,0.00773,0.01266,0.02214,0.00978,0.02186,0.01765,0.00662,0.00597,0.01326,0.00493,0.0
PCAP1LightDark_Individual:16,0.01613,0.00699,0.00943,0.032,0.02339,0.01724,0.03321,0.024,0.00704,0.02367,0.03073,0.01093,0.00725
PCAP1LightDark_Individual:15,0.01626,0.02432,0.0081,0.02055,0.0226,0.03,0.00843,0.0,0.00709,0.02304,0.00266,0.01277,0.01342
PCAP1LightDark_Individual:14,0.01948,0.03546,0.01168,0.00769,0.0045,0.00922,0.01075,0.0,0.004,0.01068,0.02381,0.01258,0.00508
