PCAP1LightDark_Individual:8;,0.0,0.00529,0.02222,0.01812,0.0,0.01172,0.04682,0.01036,0.0,0.01961,0.02618,0.01818,0.00581
PCAP1LightDark_Individual:48,0.00599,0.0209,0.01092,0.0123,0.00937,0.01847,0.0148,0.0198,0.01456,0.0146,0.01915,0.00838,0.02532
PCAP1LightDark_Individual:4;,0.0,0.01124,0.05263,0.00909,0.00741,0.01887,0.0317,0.06494,0.0,0.0,0.05039,0.07895,0.01075
PCAP1LightDark_Individual:40,0.01,0.03378,0.02577,0.04132,0.02778,0.05618,0.03831,0.00725,0.0,0.02041,0.01435,0.01274,0.01626
PCAP1LightDark_Individual:41,0.0101,0.03614,0.01212,0.00971,0.0202,0.00633,0.00732,0.00758,0.07407,0.01094,0.01262,0.01852,0.00424
PCAP1LightDark_Individual:42,0.0,0.0,0.00831,0.06202,0.0,0.02381,0.05013,0.07059,0.02381,0.0,0.03313,0.06522,0.0303
PCAP1LightDark_Individual:43,0.02811,0.0203,0.01106,0.0188,0.01508,0.01064,0.01286,0.01807,0.00781,0.00803,0.01255,0.01709,0.00712
PCAP1LightDark_Individual:44,0.00826,0.00855,0.0221,0.00735,0.05882,0.00769,0.0254,0.04211,0.0,0.33333,0.02314,0.0155,0.0
PCAP1LightDark_Individual:45,0.01695,0.01754,0.03106,0,0.04167,0.03448,0.03727,0.0,0.06667,0.0,0.06122,0.0,0.02128
PCAP1LightDark_Individual:46,0.00495,0.0,0.00433,0.0,0.01316,0.0,0.02201,0.00495,0.0,0.02857,0.01024,0.0,0.0
PCAP1LightDark_Individual:47,0.02239,0.00952,0.00964,0.01064,0.04348,0.02128,0.01081,0.0198,0.0,0.02439,0.00213,0.0,0.02062
PCAP1LightDark_Individual:2;,0.06135,0.02381,0.01869,0.00526,0.0082,0.01266,0.02766,0.0125,0.01681,0.03191,0.01348,0.01826,0.01818
PCAP1LightDark_Individual:28,0.02372,0.0,0.00896,0.0,0.00671,0.02239,0.00838,0.00352,0.04286,0.00592,0.00755,0.0,0.01
PCAP1LightDark_Individual:29,0.00526,0.00463,0.01734,0.0,0.00763,0.0061,0.00987,0.0,0.01515,0.00671,0.02069,0.05357,0.00943
PCAP1LightDark_Individual:26,0.0,0.0073,0.03309,0.0,0.0,0.0,0.04196,0.0,0.0,0.0,0.048,0.02041,0.0
PCAP1LightDark_Individual:6;,0.0303,0.0,0.03636,0.00763,0.01538,0.02151,0.02602,0.0,0.0101,0.0,0.02143,0.0,0.03509
PCAP1LightDark_Individual:24,0.02174,0.0082,0.02314,0.02055,0.01896,0.01778,0.01966,0.0,0.01961,0.01556,0.02251,0.0061,0.05357
PCAP1LightDark_Individual:25,0.04528,0.02079,0.03413,0.01235,0.025,0.04255,0.03951,0.01274,0.03409,0.01667,0.05096,0.0,0.02778
PCAP1LightDark_Individual:22,0.00629,0.01186,0.0094,0.0,0.02564,0.0119,0.00882,0.0,0.00595,0.00366,0.00929,0.0,0.0163
PCAP1LightDark_Individual:23,0.0,0.0,0.02247,0.0,0.01124,0.0069,0.0,0.0,0.07692,0.05,0.01626,0.07143,0.0303
PCAP1LightDark_Individual:20,0.0,0.00478,0.00281,0.01515,0.0,0.0,0.00775,0.02041,0.0,0.0098,0.01235,0.0,0.03846
PCAP1LightDark_Individual:21,0.0,0.0,0.03368,0.0,0.02128,0.0,0.04348,0.0,0.04762,0.0,0.03478,0.0,0.0
PCAP1LightDark_Individual:34,0.0524,0.05814,0.02041,0.0,0.03636,0.09375,0.02824,0.0,0.05814,0.03261,0.04058,0.00935,0.03846
PCAP1LightDark_Individual:38,0.00781,0.01014,0.03073,0.00971,0.0,0.01235,0.02034,0.04651,0.0,0.00862,0.04225,0.02667,0.01333
PCAP1LightDark_Individual:35,0.01515,0.00625,0.02174,0.0,0.00862,0.02312,0.01246,0.0,0.01899,0.00769,0.01091,0.0051,0.01653
PCAP1LightDark_Individual:27,0.00571,0.01261,0.00164,0.0,0.00599,0.0,0.01684,0.00847,0.02273,0.0,0.0092,0.0,0.02083
PCAP1LightDark_Individual:11,0.02712,0.02564,0.00601,0.0131,0.0122,0.01782,0.01671,0.02825,0.00741,0.03419,0.03874,0.00763,0.00769
PCAP1LightDark_Individual:37,0.025,0.01292,0.03093,0.01818,0.00515,0.01813,0.01163,0.024,0.01266,0.00773,0.01597,0.0,0.00327
PCAP1LightDark_Individual:36,0.01778,0.01553,0.01814,0.0,0.01316,0.01852,0.02484,0.01429,0.0,0.0,0.02053,0.0,0.03846
PCAP1LightDark_Individual:5;,0.0,0.0,0.00769,0.01493,0.01961,0.0,0.00448,0.0,0.0,0.0,0.00699,0.0,0.0
PCAP1LightDark_Individual:9;,0.0054,0.00551,0.0,0.01163,0.01274,0.0,0.01183,0.00995,0.00676,0.01081,0.01449,0.0,0.0107
PCAP1LightDark_Individual:31,0.0,0.0,0.01667,0.00549,0.0,0.0,0.03012,0.0,0.0,0.0,0.02174,0.00649,0.00752
PCAP1LightDark_Individual:30,0.05263,0.0,0.04472,0,0.0,0.05,0.04184,0.0,0.0,0.03226,0.03409,0.06667,0.04545
PCAP1LightDark_Individual:1;,0.0198,0.00617,0.01511,0.0,0.1,0.0404,0.02075,0.0,0.0,0.00515,0.01381,0.0,0.03226
PCAP1LightDark_Individual:19,0.01471,0.0,0.0043,0.0,0.00641,0.01266,0.00142,0.0,0.0102,0.00917,0.00197,0.0,0.01818
PCAP1LightDark_Individual:18,0.03344,0.01757,0.01307,0.01075,0.00336,0.02059,0.01018,0.01563,0.01163,0.01277,0.01843,0.02532,0.00844
PCAP1LightDark_Individual:39,0.00847,0.0,0.01754,0.02083,0.00813,0.0,0.01714,0.0,0.03333,0.01923,0.02326,0.0,0.0
PCAP1LightDark_Individual:33,0.00781,0.00183,0.00207,0.0,0.00476,0.0089,0.00615,0.0,0.00341,0.0,0.0,0.0,0.0
PCAP1LightDark_Individual:3;,0.05848,0.0,0.03981,0.0,0.03067,0.0,0.0806,0.01235,0.00893,0.04082,0.06186,0.00559,0.01527
PCAP1LightDark_Individual:32,0.0,0.01389,0.01724,0.0,0.0,0.00613,0.01266,0.0,0.0,0.0,0.00422,0.0,0.0
PCAP1LightDark_Individual:13,0.0549,0.01991,0.01567,0.01976,0.02308,0.00694,0.02278,0.01681,0.0102,0.03419,0.02727,0.02597,0.04651
PCAP1LightDark_Individual:12,0.0,0.0,0.02188,0.00651,0.01395,0.01622,0.021,0.00643,0.0,0.0,0.02529,0.00314,0.01183
PCAP1LightDark_Individual:7;,0.01183,0.01178,0.01152,0.0,0.01481,0.01297,0.0228,0.00495,0.02048,0.01633,0.0,0.0,0.00585
PCAP1LightDark_Individual:10,0.00552,0.0125,0.01829,0.0,0.01212,0.00585,0.00532,0.0,0.0,0.00488,0.00339,0.0,0.00722
PCAP1LightDark_Individual:17,0.04967,0.01214,0.04124,0.05696,0.00738,0.01222,0.03005,0.00588,0.01325,0.01493,0.03714,0.00493,0.02344
PCAP1LightDark_Individual:16,0.00645,0.00699,0.04481,0.016,0.0117,0.00862,0.04059,0.008,0.02113,0.00592,0.04749,0.02186,0.01449
PCAP1LightDark_Individual:15,0.02846,0.03647,0.01012,0.0411,0.0113,0.03,0.00843,0.0,0.03546,0.00922,0.00798,0.01702,0.02685
PCAP1LightDark_Individual:14,0.02597,0.01418,0.00935,0.04615,0.02252,0.00922,0.00806,0.02326,0.008,0.00356,0.0119,0.0,0.0203
