PCAP2LightDark_Individual:8;,0.14345,0.12069,0.1277,0.15768,0.19391,0.1706,0.13054,0.1896,0.11864,0.07538,0.12753,0.19271,0.1
PCAP2LightDark_Individual:48,0.18135,0.174,0.12917,0.11594,0.08955,0.06512,0.04372,0.07605,0.07004,0.16667,0.08696,0.05128,0.06
PCAP2LightDark_Individual:4;,0.17742,0.17978,0.12446,0.20658,0.26923,0.21333,0.20038,0.22194,0.11429,0.2402,0.17391,0.21705,0.16304
PCAP2LightDark_Individual:40,0.17021,0.27703,0.23913,0.0,0.14634,0.15447,0.18182,0.09375,0.0,0.09091,0.11034,0.26667,0.16667
PCAP2LightDark_Individual:41,0.20642,0.16984,0.13242,0.09518,0.14252,0.07774,0.10224,0.08935,0.22901,0.125,0.10881,0.14504,0.13043
PCAP2LightDark_Individual:42,0.05376,0.04545,0.10511,0.05161,0.10959,0.0,0.11864,0.0,0.12162,0.01,0.07813,0.00893,0.06173
PCAP2LightDark_Individual:43,0.09053,0.19552,0.12569,0.04471,0.05025,0.03922,0.06233,0.06286,0.03205,0.0177,0.08115,0.0,0.0303
PCAP2LightDark_Individual:44,0.11132,0.18213,0.15109,0.0,0.0,0.06466,0.09589,0.0,0.0,0.0,0.02837,0.0,0.0625
PCAP2LightDark_Individual:45,0.13084,0.16308,0.12403,0.20805,0.0,0.14563,0.13433,0.09859,0.07955,0.07692,0.11268,0.05,0.03846
PCAP2LightDark_Individual:46,0.12734,0.14057,0.16532,0.02941,0.0567,0.05208,0.1487,0.03125,0.05517,0.0,0.01053,0.09091,0.07317
PCAP2LightDark_Individual:47,0.15937,0.17754,0.11561,0.12052,0.14394,0.14599,0.07792,0.08029,0.10465,0.05063,0.17949,0.06667,0.05682
PCAP2LightDark_Individual:2;,0.17553,0.14894,0.15546,0.15595,0.16124,0.11111,0.11876,0.13333,0.12479,0.11111,0.08392,0.15883,0.1358
PCAP2LightDark_Individual:28,0.12069,0.26087,0.16667,0.33333,0.0,0.0,0.12025,0.04762,0.03125,0.0,0.168,0.28571,0.09827
PCAP2LightDark_Individual:29,0.12587,0.22222,0.07937,0.0,0.15789,0.07692,0.09272,0.0,0.01235,0.02222,0.12281,0,0.0
PCAP2LightDark_Individual:26,0.29762,0.08974,0.10906,0.19675,0.08974,0.11538,0.15893,0.14348,0.13131,0.07353,0.16143,0.11485,0.12766
PCAP2LightDark_Individual:6;,0.22449,0.19913,0.11437,0.20513,0.15094,0.1441,0.13265,0.14139,0.13143,0.14085,0.1405,0.13614,0.12987
PCAP2LightDark_Individual:24,0.11944,0.13913,0.14679,0.09091,0,0.00757,0.05442,0.125,0.0,0.0,0.07692,0.0,0.05263
PCAP2LightDark_Individual:25,0.11515,0.0744,0.16321,0.08746,0.09278,0.04918,0.10337,0.133,0.0756,0.0754,0.15457,0.09551,0.10081
PCAP2LightDark_Individual:22,0.19346,0.15005,0.12696,0.11765,0.02564,0.07965,0.08156,0.01695,0.04286,0.11194,0.04375,0.0,0.02174
PCAP2LightDark_Individual:23,0.12435,0.1355,0.11615,0.11369,0.01299,0.05495,0.04228,0.0354,0.07143,0.06364,0.11411,0.10345,0.01449
PCAP2LightDark_Individual:20,0.15929,0.14617,0.13378,0.13793,0.07222,0.04651,0.09213,0.05,0.01569,0.04833,0.04671,0.03704,0.07035
PCAP2LightDark_Individual:21,0.1864,0.16253,0.12126,0.06,0.04545,0.0,0.07422,0.09574,0.02273,0.0,0.03759,0.09346,0.0
PCAP2LightDark_Individual:34,0.13054,0.12104,0.12253,0.18537,0.07514,0.0989,0.12783,0.07177,0.03846,0.09539,0.175,0.10674,0.05747
PCAP2LightDark_Individual:38,0.20248,0.18589,0.10741,0.1307,0.11737,0.18792,0.12828,0.11462,0.02941,0.0339,0.07205,0.10138,0.03846
PCAP2LightDark_Individual:35,0.18563,0.16267,0.08463,0.10234,0.28571,0.01031,0.10603,0.11838,0.01923,0.02691,0.10357,0.12573,0.08621
PCAP2LightDark_Individual:27,0.14247,0.1098,0.13661,0.12897,0.17436,0.14685,0.13199,0.20147,0.10687,0.10448,0.16112,0.15926,0.067
PCAP2LightDark_Individual:11,0.18108,0.15746,0.13895,0.18621,0.23611,0.10762,0.13817,0.19876,0.11111,0.02083,0.14224,0.19277,0.03529
PCAP2LightDark_Individual:37,0.16399,0.16692,0.14386,0.16216,0.21212,0.0,0.11009,0.13514,0.15,0.05882,0.18182,0.13636,0.33333
PCAP2LightDark_Individual:36,0.22445,0.20302,0.16734,0.19424,0.04918,0.0,0.17241,0.05682,0.01754,0.03922,0.17881,0.01515,0.03333
PCAP2LightDark_Individual:5;,0.09,0.15108,0.08114,0.10687,0.32184,0.19417,0.10444,0.2,0.21348,0.26136,0.10448,0.09375,0.26667
PCAP2LightDark_Individual:9;,0.12066,0.1637,0.09988,0.13043,0.13235,0.11947,0.1038,0.10791,0.01266,0.06707,0.08709,0.11321,0.05926
PCAP2LightDark_Individual:31,0.1954,0.16327,0.13028,0.13043,0.04545,0.03448,0.15934,0.05172,0.07547,0.0,0.15084,0.15152,0.1
PCAP2LightDark_Individual:30,0.19829,0.18196,0.12916,0.21481,0.14541,0.16722,0.17251,0.19266,0.17,0.15569,0.18231,0.16901,0.08434
PCAP2LightDark_Individual:1;,0.17665,0.14253,0.10638,0.28302,0.16,0.14118,0.17791,0.12281,0.09211,0.11111,0.15313,0.21127,0.08333
PCAP2LightDark_Individual:19,0.08884,0.13139,0.17019,0.13966,0.13115,0.04598,0.10653,0.00592,0.04138,0.0813,0.06464,0.00694,0.03175
PCAP2LightDark_Individual:18,0.14137,0.11835,0.13333,0.14077,0.07407,0.0,0.07933,0.11885,0.0,0.0,0.09877,0.11765,0.0
PCAP2LightDark_Individual:39,0.21645,0.19737,0.16041,0.14286,0.09091,0.04,0.13978,0.0,0.09211,0.08511,0.125,0.08333,0.12766
PCAP2LightDark_Individual:33,0.14286,0.0,0.10995,0.33333,0.07143,0.03958,0.02632,0.0,0.0,0.0,0.10526,0.0,0.18519
PCAP2LightDark_Individual:3;,0.14923,0.13932,0.13094,0.15884,0.17062,0.12849,0.13907,0.10035,0.17647,0.12563,0.0988,0.15805,0.13636
PCAP2LightDark_Individual:32,0.15613,0.0974,0.06703,0.09583,0.17219,0,0.08247,0.08333,0.0,0.0,0.06309,0.04762,0.06522
PCAP2LightDark_Individual:13,0.02941,0.5,0.11871,0.14286,0.04301,0.05102,0.21296,0.13592,0.0,0.05405,0.12432,0.02679,0.09434
PCAP2LightDark_Individual:12,0.19413,0.18352,0.14833,0.1415,0.17161,0.16109,0.13808,0.18501,0.08871,0.08713,0.16623,0.18519,0.06452
PCAP2LightDark_Individual:7;,0.20419,0.19763,0.14347,0.1,0.05405,0.0,0.26415,0.12785,0.03448,0.125,0.18913,0.11607,0.0
PCAP2LightDark_Individual:10,0.17129,0.18352,0.14095,0.10633,0.18775,0.15249,0.12644,0.12816,0.06538,0.16346,0.13501,0.16667,0.13068
PCAP2LightDark_Individual:17,0.1904,0.14825,0.14619,0.12364,0.09434,0.07328,0.08801,0.13846,0.0,0.0,0.15145,0.08559,0.0625
PCAP2LightDark_Individual:16,0.15994,0.15523,0.13766,0.22222,0.1617,0.12121,0.1016,0.12346,0.03791,0.03646,0.09971,0.10667,0.04074
PCAP2LightDark_Individual:15,0.21252,0.25472,0.13953,0.10966,0.07059,0.16268,0.12613,0.09502,0.16228,0.04762,0.12471,0.15172,0.075
PCAP2LightDark_Individual:14,0.18224,0.153,0.09275,0.12281,0.14973,0.07971,0.08543,0.18478,0.13514,0.0885,0.06197,0.07692,0.03093
