PCAP1LightDark_Individual:8;,0.62295,0.69312,0.52929,0.51812,0.68367,0.65625,0.52843,0.52332,0.55629,0.67974,0.52356,0.78182,0.59302
PCAP1LightDark_Individual:48,0.50299,0.57313,0.58515,0.71721,0.775,0.60422,0.73573,0.63696,0.64078,0.59124,0.56383,0.7514,0.78903
PCAP1LightDark_Individual:4;,0.7,0.41573,0.55556,0.55455,0.75556,0.58491,0.49856,0.45455,0.52174,0.8046,0.47287,0.60526,0.84946
PCAP1LightDark_Individual:40,0.37,0.54054,0.65206,0.61157,0.65278,0.65169,0.50192,0.7971,0.68966,0.7551,0.58373,0.79618,0.66667
PCAP1LightDark_Individual:41,0.6229,0.53012,0.47071,0.51456,0.56566,0.68987,0.52927,0.65909,0.2963,0.67615,0.56151,0.77315,0.72458
PCAP1LightDark_Individual:42,0.72,0.76563,0.52326,0.4186,0.67742,0.57143,0.40369,0.50588,0.69048,0.78947,0.43675,0.46739,0.69697
PCAP1LightDark_Individual:43,0.40562,0.54315,0.56637,0.66165,0.57789,0.49468,0.51768,0.53614,0.49219,0.62651,0.50418,0.59829,0.68683
PCAP1LightDark_Individual:44,0.4876,0.52991,0.49171,0.55147,0.23529,0.66154,0.44127,0.55789,0.0,0.0,0.52956,0.54264,0.53846
PCAP1LightDark_Individual:45,0.44068,0.54386,0.31056,0,0.3125,0.51724,0.2795,0.38095,0.23333,0.75,0.34694,1.0,0.3617
PCAP1LightDark_Individual:46,0.59406,0.52273,0.46753,0.49844,0.63158,0.0,0.50314,0.5495,0.33333,0.48571,0.6041,0.6875,0.65957
PCAP1LightDark_Individual:47,0.51493,0.52381,0.54458,0.64894,0.63768,0.68085,0.47838,0.76238,0.71739,0.76829,0.46908,0.0,0.81443
PCAP1LightDark_Individual:2;,0.3681,0.30952,0.57944,0.69474,0.45902,0.4557,0.49362,0.55,0.47899,0.62766,0.51461,0.55708,0.49091
PCAP1LightDark_Individual:28,0.72332,0.63529,0.67025,0.82173,0.65772,0.47015,0.69849,0.89437,0.68571,0.82544,0.69057,0.80488,0.75
PCAP1LightDark_Individual:29,0.67895,0.72685,0.42775,0.67647,0.76336,0.7378,0.43421,0.2,0.71212,0.81208,0.45862,0.58929,0.64151
PCAP1LightDark_Individual:26,0.48,0.48905,0.35662,0.5625,0.4375,0.78125,0.36364,0.34783,0.62069,0.75472,0.392,0.32653,0.57576
PCAP1LightDark_Individual:6;,0.48485,0.53061,0.57879,0.77099,0.50769,0.54839,0.51673,0.70803,0.64646,0.67164,0.56429,0.78333,0.63158
PCAP1LightDark_Individual:24,0.53478,0.48361,0.56812,0.5137,0.68246,0.58667,0.53808,0.70807,0.56863,0.64591,0.5209,0.69512,0.66071
PCAP1LightDark_Individual:25,0.5283,0.48857,0.51536,0.79012,0.6125,0.40426,0.6383,0.75159,0.625,0.63333,0.55732,0.77419,0.70833
PCAP1LightDark_Individual:22,0.74843,0.6166,0.66917,0.80214,0.64957,0.63889,0.70882,0.74372,0.77976,0.6337,0.6935,0.6962,0.76087
PCAP1LightDark_Individual:23,0.59509,0.72368,0.60674,0.25,0.79213,0.69655,0.55556,0.5,0.76923,0.65,0.52033,0.5,0.66667
PCAP1LightDark_Individual:20,0.62385,0.63636,0.55056,0.57576,0.6875,0.6129,0.54264,0.53741,0.97143,0.61765,0.5463,0.496,0.76923
PCAP1LightDark_Individual:21,0.3271,0.91111,0.42228,0.41509,0.40426,0.80769,0.42809,0.5625,0.57143,0.85106,0.47536,0.96296,0.7551
PCAP1LightDark_Individual:34,0.38865,0.37209,0.40306,0.74312,0.61818,0.51042,0.36,0.67424,0.67442,0.67391,0.48986,0.6729,0.73077
PCAP1LightDark_Individual:38,0.52344,0.63176,0.48045,0.58252,0.55072,0.69136,0.47119,0.44186,0.62687,0.78448,0.4507,0.42667,0.6
PCAP1LightDark_Individual:35,0.38636,0.525,0.50725,0.59333,0.63793,0.5896,0.46729,0.62893,0.73418,0.53077,0.56727,0.78061,0.73554
PCAP1LightDark_Individual:27,0.58571,0.7437,0.56579,0.79503,0.73653,0.84348,0.48,0.58475,0.61364,0.87013,0.53563,0.70142,0.66667
PCAP1LightDark_Individual:11,0.66441,0.66434,0.56456,0.72489,0.75,0.63252,0.60167,0.61582,0.72593,0.70513,0.61259,0.75573,0.8
PCAP1LightDark_Individual:37,0.45417,0.46863,0.4433,0.53939,0.59794,0.52332,0.42636,0.536,0.63291,0.57216,0.45367,0.63136,0.65686
PCAP1LightDark_Individual:36,0.51111,0.64286,0.59637,0.57143,0.67105,0.74074,0.57557,0.71429,0.72414,0.74286,0.71554,0.85246,0.73077
PCAP1LightDark_Individual:5;,0.65714,0.69874,0.45385,0.70149,0.64706,0.56757,0.3722,0.82927,0.42222,0.67778,0.3986,0.76471,0.5125
PCAP1LightDark_Individual:9;,0.4964,0.39945,0.82332,0.68023,0.52866,0.47333,0.61243,0.79104,0.60135,0.62162,0.7971,0.94715,0.72727
PCAP1LightDark_Individual:31,0.55758,0.73171,0.55714,0.68132,0.73239,0.85567,0.58735,0.81707,0.71429,0.91667,0.55072,0.74026,0.8797
PCAP1LightDark_Individual:30,0.78947,0.61111,0.46341,0,0.6,0.8,0.49791,0.40741,0.72727,0.90323,0.44318,0.4,0.63636
PCAP1LightDark_Individual:1;,0.4604,0.64815,0.43829,0.55263,0.2,0.57576,0.43154,0.66667,0.8125,0.66495,0.54972,0.88,0.54839
PCAP1LightDark_Individual:19,0.53676,0.60606,0.54194,0.69613,0.75,0.64557,0.49716,0.50989,0.53061,0.66972,0.54134,0.58922,0.69697
PCAP1LightDark_Individual:18,0.53846,0.50791,0.64706,0.66667,0.61074,0.49886,0.59033,0.57813,0.59302,0.55106,0.65438,0.64557,0.68776
PCAP1LightDark_Individual:39,0.55932,0.78571,0.63596,0.54167,0.62602,0.80488,0.57714,0.71429,0.53333,0.65385,0.71512,0.84615,0.96429
PCAP1LightDark_Individual:33,0.74219,0.79266,0.72407,0.82776,0.85238,0.77448,0.73566,0.80797,0.86007,0.86792,0.77246,0.85644,0.78972
PCAP1LightDark_Individual:3;,0.42105,0.45122,0.56674,0.81143,0.76687,0.66216,0.49552,0.76543,0.66964,0.69388,0.50773,0.76536,0.73282
PCAP1LightDark_Individual:32,0.68545,0.52778,0.51478,0.79602,0.80833,0.8773,0.60579,0.74769,0.78472,0.90066,0.66245,0.87903,0.76015
PCAP1LightDark_Individual:13,0.28235,0.49115,0.62539,0.63636,0.65385,0.54167,0.52152,0.44538,0.46939,0.50427,0.48182,0.72727,0.65116
PCAP1LightDark_Individual:12,0.69565,0.64186,0.6849,0.84691,0.73488,0.74054,0.69291,0.85531,0.82514,0.90952,0.66897,0.76101,0.84615
PCAP1LightDark_Individual:7;,0.5858,0.61785,0.66129,0.83516,0.67407,0.52188,0.60912,0.86634,0.69283,0.66939,0.67647,0.85629,0.80117
PCAP1LightDark_Individual:10,0.68508,0.6125,0.58232,0.71774,0.67273,0.70175,0.63298,0.62416,0.77273,0.74878,0.52712,0.71959,0.81949
PCAP1LightDark_Individual:17,0.50331,0.5,0.53093,0.6962,0.66052,0.62836,0.56011,0.67647,0.62252,0.70448,0.61538,0.78818,0.81641
PCAP1LightDark_Individual:16,0.57419,0.65734,0.55425,0.528,0.5731,0.62069,0.46125,0.488,0.66901,0.74556,0.52514,0.63934,0.65217
PCAP1LightDark_Individual:15,0.44715,0.45897,0.58704,0.57534,0.49153,0.39,0.48596,0.41026,0.46099,0.52535,0.52128,0.79574,0.61074
PCAP1LightDark_Individual:14,0.3961,0.43262,0.54439,0.63077,0.71171,0.51613,0.49731,0.54651,0.58,0.71174,0.4881,0.8239,0.75635
