jcs,hgs,iis,jes,jsg,ssj,see,igi,gse,sos,ses,scc,ssc,gig,igg,csi,shs,gis,jso,jis,csg,sii,osg,ssi,scs,jgs,isi,ojs,sig,gsi,isg,igs,sgg,ssg,sis,ggg,gsg,ggs,ess,oss,sgs,hss,jss,css,iss,gss,sss
0.0,0.0,0.0,0.0,0.0,0.0,0.0,0.0,0.0,0.0,0.0,0.0,0.0,0.0,0.0,0.0,0.0,0.0,0.0,0.0,0.0,0.0,0.0,0.0,0.0,0.0,0.0,0.0008090614886731391,0.0008090614886731391,0.0008090614886731391,0.0008090614886731391,0.0008090614886731391,0.0008090614886731391,0.0008090614886731391,0.001572327044025157,0.0021929824561403508,0.003811105433486629,0.003811105433486629,0.01008973665223665,0.012800728261144206,0.015548931520293985,0.02200639726783128,0.03795028579562342,0.05451940134091923,0.12231731844960331,0.20963518914586252,0.49808106077863457
0.0,0.0,0.0,0.0,0.0,0.0,0.0,0.0,0.0,0.0,0.0,0.0,0.0,0.0,0.0,0.0,0.0,0.0,0.0,0.0,0.0008169934640522876,0.0008169934640522876,0.0008169934640522876,0.0008169934640522876,0.0008169934640522876,0.0014124293785310734,0.001984126984126984,0.0,0.0,0.0,0.0,0.0,0.0014124293785310734,0.0036418522211144346,0.002926698105402499,0.0,0.0008169934640522876,0.0016941864465084278,0.006119567710124986,0.0302458289185861,0.014325109813972175,0.01412834743016845,0.020971399657625126,0.04401677027830949,0.13583044224574317,0.20988798556781116,0.5065008650791313
0.0,0.0,0.0,0.0,0.0,0.0,0.0,0.0,0.0,0.0,0.0,0.0,0.0,0.0008012820512820514,0.0008012820512820514,0.0008012820512820514,0.0008012820512820514,0.0008012820512820514,0.0008012820512820514,0.001736111111111111,0.0,0.0,0.0008012820512820514,0.0016025641025641027,0.0020833333333333333,0.0,0.0008012820512820514,0.0,0.0,0.0008012820512820514,0.0016025641025641027,0.0016025641025641027,0.0,0.0,0.010187978325233228,0.0,0.0008012820512820514,0.0008012820512820514,0.006009615384615384,0.02767981399893842,0.004578754578754579,0.013606788869393913,0.028674608284173883,0.04974768414626213,0.14520114997336128,0.18432486926164637,0.5125474978613814
0.0,0.0,0.0,0.0,0.0,0.0007645259938837921,0.0007645259938837921,0.0007645259938837921,0.0007645259938837921,0.0016339869281045752,0.0017730496453900709,0.0028735632183908046,0.0036380892122745965,0.0,0.0,0.0,0.0,0.0007645259938837921,0.0016339869281045752,0.0,0.0,0.0,0.0007645259938837921,0.0,0.0007645259938837921,0.0028735632183908046,0.0,0.0,0.0007645259938837921,0.0007645259938837921,0.0,0.0007645259938837921,0.0007645259938837921,0.0007645259938837921,0.0007645259938837921,0.0,0.0,0.0007645259938837921,0.007149393731411577,0.037299037909303466,0.012669287898645696,0.01581090867279308,0.045928419199589204,0.04997370440920382,0.14893953895179787,0.17907628036649917,0.4780238257957275
0.0,0.0,0.001984126984126984,0.005208333333333333,0.007575757575757576,0.0,0.0,0.0,0.0,0.002861319966583124,0.0,0.0,0.0,0.0,0.0,0.0,0.0,0.0,0.0,0.0,0.0,0.0,0.0,0.0,0.0,0.0,0.0,0.0,0.0,0.0,0.0,0.0,0.007575757575757576,0.0,0.0,0.0,0.0,0.0,0.005208333333333333,0.0386171673613624,0.0008771929824561404,0.01510929730743972,0.056539212421565364,0.04343505544163439,0.1736728151879081,0.11673793397864603,0.5245976965500959
0.0,0.0014367816091954023,0.0,0.0,0.0,0.0,0.0,0.0,0.0,0.0,0.0,0.0,0.0,0.0,0.0,0.0,0.0,0.0009363295880149813,0.0,0.0,0.0,0.0009363295880149813,0.0,0.0009363295880149813,0.0,0.0,0.0,0.0,0.0,0.0014367816091954023,0.0,0.0,0.0,0.0,0.007847038019451814,0.0,0.0,0.0,0.0,0.0174913746978838,0.0,0.031425687283824805,0.04241728521647386,0.05499519835618475,0.13232871120446046,0.14115795607344425,0.3999875304991738
0.0,0.0,0.0,0.0,0.0,0.0,0.0,0.0,0.0,0.0,0.0,0.0,0.0,0.0,0.0,0.0,0.0,0.0,0.0016025641025641027,0.0,0.0,0.0,0.0,0.0,0.0,0.011904761904761904,0.0,0.0,0.0,0.0,0.0,0.005056980056980058,0.0016025641025641027,0.0016025641025641027,0.0,0.0016025641025641027,0.0,0.0,0.0,0.04122093557577428,0.004290736145574855,0.017004411359250068,0.09113329919781532,0.08612834298318169,0.05999891685375556,0.06320995312930797,0.5303080730500085
0.0,0.0,0.0,0.0,0.0,0.0,0.0,0.0,0.0,0.0,0.0,0.0,0.0,0.0,0.0,0.0,0.0,0.0,0.0,0.0,0.0,0.0,0.0,0.0,0.0,0.0,0.0,0.0,0.0,0.0,0.0,0.0,0.0,0.0,0.001851851851851852,0.0,0.001851851851851852,0.0,0.011904761904761904,0.055569695827048765,0.0,0.01908068783068783,0.03651420817369093,0.07211544653228223,0.064199621419449,0.10197561857044614,0.6349362560379296
0.0,0.0,0.0,0.0,0.0,0.0,0.0,0.0,0.0,0.0,0.0,0.0,0.0,0.0,0.0,0.0,0.006410256410256411,0.0,0.0,0.0,0.0,0.0,0.0,0.0,0.0,0.006944444444444444,0.0,0.0,0.0,0.0,0.0,0.0,0.0,0.0,0.0,0.0,0.0,0.0,0.006410256410256411,0.02349975605789559,0.006944444444444444,0.039909702700400375,0.022868442926582463,0.054185349534186744,0.05249192022447837,0.1294389073458841,0.484229852834504
0.006944444444444444,0.0,0.0,0.0,0.0,0.0,0.0,0.0,0.0,0.0,0.0,0.0,0.0,0.0,0.0,0.0,0.0,0.0,0.0,0.0,0.0,0.0,0.0,0.0,0.0,0.0,0.0,0.0,0.0,0.0,0.0,0.0,0.004629629629629629,0.004629629629629629,0.0,0.0,0.011904761904761904,0.0,0.0,0.03498677248677249,0.02857142857142857,0.012566137566137565,0.03287037037037037,0.043981481481481476,0.06805555555555555,0.10449735449735449,0.4796957671957672
0.0,0.0,0.0,0.0,0.0,0.0,0.0,0.0,0.0,0.0,0.0,0.0,0.0,0.0,0.0,0.0,0.0,0.0,0.0,0.0,0.0,0.0,0.0,0.0,0.0,0.0,0.0,0.0,0.0,0.0,0.0,0.006944444444444444,0.0,0.0,0.0,0.0,0.0,0.0,0.0,0.10527777777777779,0.0,0.03009259259259259,0.018333333333333333,0.08907407407407408,0.06731481481481483,0.0662037037037037,0.5334259259259259
0.0,0.0,0.0,0.0,0.0,0.0,0.0,0.0,0.0,0.0,0.0,0.0,0.0,0.0,0.0,0.0,0.0,0.0,0.0,0.0,0.0,0.0,0.0,0.0,0.0,0.0,0.0,0.0,0.0,0.0,0.0,0.0,0.0,0.0,0.008333333333333333,0.0,0.0,0.0,0.0,0.05859279609279611,0.0,0.016666666666666666,0.017965367965367966,0.04593739593739594,0.12323926073926073,0.09943667443667444,0.6298285048285048
0.0,0.0,0.0,0.0,0.0,0.0,0.0,0.0,0.0,0.0,0.0,0.0,0.0,0.0,0.0,0.0,0.0,0.0,0.0,0.0,0.0,0.0,0.0,0.0,0.0,0.0,0.0,0.0,0.0,0.0,0.0,0.0,0.0,0.0,0.0,0.0,0.0,0.0,0.0,0.023809523809523808,0.0,0.008333333333333333,0.013888888888888888,0.03873910675381264,0.06960784313725489,0.11825980392156861,0.4773615001556178
