egs,oee,joc,ogi,jse,jgs,cis,sse,csg,jgg,sos,gse,iso,ios,see,jcs,sjg,ssj,iis,ehs,gsj,gsh,osg,ggs,ies,gcs,ggg,eoe,sig,ecc,sih,jsg,gsg,ise,soo,sso,ssi,ses,gsi,his,shs,isg,sgg,gis,sis,scs,sjh,jsj,scc,ooi,jhh,ssc,sii,isi,jos,ess,sgs,hss,jss,oss,css,iss,gss,sss
0.0,0.0,0.0,0.0,0.0,0.0,0.0,0.0,0.0,0.0,0.0,0.0,0.0,0.0,0.0,0.0,0.0,0.0,0.0,0.0,0.0,0.0,0.0,0.0,0.0,0.0,0.0,0.0,0.0,0.0,0.0,0.0,0.0,0.0,0.0,0.0,0.0,0.0,0.0,0.0,0.0,0.0,0.0,0.0,0.0,0.0015151515151515152,0.001736111111111111,0.001736111111111111,0.001736111111111111,0.001736111111111111,0.001736111111111111,0.001736111111111111,0.001736111111111111,0.001736111111111111,0.001851851851851852,0.0023148148148148147,0.005399557165861514,0.019638462131668654,0.02681492722253592,0.027065524551937597,0.041530911469770164,0.11658687025534853,0.22805502292594682,0.5153380172062237
0.0,0.0,0.0,0.0,0.0,0.0,0.0,0.0,0.0,0.0,0.0,0.0,0.0,0.0,0.0,0.0,0.0,0.0,0.0,0.0,0.0,0.0,0.0,0.0,0.0,0.0,0.0,0.0,0.0,0.0,0.0,0.0,0.0,0.0010288065843621398,0.0010288065843621398,0.0010288065843621398,0.0010288065843621398,0.0010288065843621398,0.0010288065843621398,0.0014367816091954023,0.001937984496124031,0.0021929824561403508,0.0021929824561403508,0.0030864197530864196,0.0067495322106388665,0.0014367816091954023,0.0,0.0,0.0,0.0,0.0,0.0,0.0010288065843621398,0.0010288065843621398,0.0,0.0034097589653145203,0.0010288065843621398,0.018927715755796305,0.025884709014930923,0.03920335511973813,0.1647692048544098,0.1485540435232469,0.23656945912231198,0.3343890297944713
0.0,0.0,0.0,0.0,0.0,0.0,0.0,0.0,0.0,0.0,0.0,0.0,0.0,0.0,0.0,0.0,0.0,0.0,0.0,0.0,0.0,0.0,0.0,0.0,0.0,0.0,0.0009157509157509159,0.0009157509157509159,0.0009157509157509159,0.0009157509157509159,0.0009157509157509159,0.0009157509157509159,0.0009157509157509159,0.0,0.0,0.0,0.0,0.0,0.0,0.0,0.001282051282051282,0.0009157509157509159,0.0018315018315018317,0.0,0.0009157509157509159,0.0,0.0,0.0,0.0,0.0,0.0,0.0,0.0,0.0,0.0,0.006227355072463768,0.0009157509157509159,0.014826123453840845,0.03765096618357488,0.012193362193362194,0.1934895393455176,0.21284665666459143,0.1505522205250466,0.3599427142905404
0.0,0.0,0.0,0.0,0.0,0.0,0.0,0.0,0.0,0.0,0.0,0.0,0.0,0.0,0.0,0.0,0.0,0.0,0.0,0.0,0.0,0.0,0.0,0.0011737089201877935,0.0011737089201877935,0.0011737089201877935,0.0,0.0,0.0,0.0,0.0,0.0,0.0011737089201877935,0.0,0.0,0.0,0.0,0.0,0.0,0.0,0.0011737089201877935,0.0,0.0,0.0,0.002347417840375587,0.0,0.0,0.0,0.0,0.0,0.0,0.0,0.0,0.0,0.0,0.008420085731781995,0.007242660368576206,0.006734881822108925,0.15758522140416528,0.031067870249195412,0.15304416252283853,0.13795912432751758,0.08846202145745526,0.3179346763417129
0.0,0.0,0.0,0.0,0.0,0.0,0.0,0.0,0.0,0.0,0.0,0.0,0.0,0.0,0.0,0.0,0.001282051282051282,0.001282051282051282,0.001282051282051282,0.001282051282051282,0.001282051282051282,0.001282051282051282,0.006944444444444444,0.0,0.0,0.0,0.0,0.0,0.0,0.0,0.0,0.0,0.0,0.0,0.0,0.0,0.0,0.0,0.001282051282051282,0.0,0.002564102564102564,0.0020325203252032522,0.008976964769647697,0.0,0.0,0.0,0.0,0.0,0.0,0.0,0.0,0.001282051282051282,0.0,0.0,0.0,0.002564102564102564,0.001282051282051282,0.016452991452991454,0.08792995622263915,0.03985042735042735,0.07916927246195539,0.1327157598499062,0.09564571607254535,0.34694861371690644
0.0,0.0,0.0,0.0,0.0,0.0,0.0,0.0,0.0,0.0,0.0,0.0026881720430107525,0.0026881720430107525,0.0026881720430107525,0.0026881720430107525,0.006944444444444444,0.0,0.0,0.0,0.0,0.0,0.0,0.0,0.0,0.0,0.0,0.0,0.0,0.0,0.0,0.0,0.0,0.0,0.0,0.0,0.0,0.0,0.0,0.0,0.0,0.0,0.0,0.0,0.0,0.0,0.0,0.0,0.0,0.0,0.0,0.0,0.0,0.0,0.0,0.0,0.0026881720430107525,0.006410256410256411,0.033154121863799284,0.0906156156156156,0.03652644580063935,0.055419563484079615,0.030526494236171653,0.0990525264718813,0.46124300479139185
0.0,0.0,0.0,0.0,0.0,0.0,0.0,0.0032051282051282055,0.0032051282051282055,0.011904761904761904,0.011904761904761904,0.0,0.0,0.0,0.0032051282051282055,0.0,0.0,0.0,0.0,0.0,0.0,0.0,0.0,0.0,0.0,0.0,0.0,0.0,0.0,0.0,0.0,0.0,0.0032051282051282055,0.0,0.0,0.0,0.0,0.0032051282051282055,0.0,0.0,0.0,0.0,0.0,0.0,0.0,0.0,0.0,0.0,0.0,0.0,0.0,0.0,0.0,0.0,0.0,0.0,0.0,0.006828316610925307,0.09657190635451506,0.03898046398046398,0.037527207092424485,0.10843045843045841,0.11459235209235208,0.47390079727036255
0.0,0.0,0.0,0.0,0.0,0.0,0.013888888888888888,0.0,0.0,0.0,0.0,0.0,0.0,0.008333333333333333,0.0,0.0,0.0,0.0,0.0,0.0,0.0,0.0,0.0,0.0,0.0,0.0,0.0,0.0,0.0,0.0,0.0,0.0,0.0,0.0,0.0,0.0,0.0,0.0,0.0,0.0,0.0,0.0,0.0,0.0,0.0,0.0,0.0,0.0,0.0,0.0,0.0,0.0,0.0,0.0,0.0,0.008333333333333333,0.016290726817042606,0.0,0.016666666666666666,0.012962962962962963,0.11781189083820663,0.13178780284043443,0.03480924533556112,0.47244848231690334
0.0,0.0,0.0,0.0,0.006410256410256411,0.006410256410256411,0.0,0.0,0.006410256410256411,0.0,0.0,0.0,0.0,0.0,0.0,0.0,0.0,0.0,0.0,0.0,0.0,0.0,0.0,0.0,0.0,0.0,0.0,0.0,0.0,0.0,0.0,0.0,0.011904761904761904,0.0,0.0,0.0,0.0,0.0,0.0,0.0,0.0,0.0,0.011904761904761904,0.0,0.0,0.0,0.0,0.0,0.0,0.0,0.0,0.0,0.0,0.0,0.0,0.006410256410256411,0.0,0.006410256410256411,0.011904761904761904,0.054029304029304025,0.0405982905982906,0.10938135938135939,0.037952787952787954,0.44027269027269017
0.0,0.0,0.0,0.011904761904761904,0.0,0.0,0.0,0.0,0.0,0.0,0.0,0.0,0.0,0.0,0.0,0.0,0.0,0.0,0.0,0.0,0.0,0.0,0.0,0.0,0.0,0.0,0.0,0.0,0.0,0.0,0.0,0.0,0.0,0.0,0.0,0.0,0.0,0.0,0.0,0.0,0.0,0.0,0.0,0.0,0.0,0.0,0.0,0.0,0.0,0.0,0.0,0.0,0.0,0.0,0.0,0.023809523809523808,0.0,0.0,0.016534391534391533,0.010416666666666666,0.08333333333333333,0.07324735449735449,0.12962962962962962,0.4011243386243386
0.008333333333333333,0.020833333333333332,0.027777777777777776,0.0,0.0,0.0,0.0,0.0,0.0,0.0,0.0,0.0,0.0,0.0,0.0,0.0,0.0,0.0,0.0,0.0,0.0,0.0,0.0,0.0,0.0,0.0,0.0,0.0,0.0,0.0,0.0,0.0,0.0,0.0,0.0,0.0,0.0,0.0,0.0,0.0,0.0,0.0,0.0,0.0,0.0,0.0,0.0,0.0,0.0,0.0,0.0,0.0,0.0,0.0,0.0,0.0,0.004166666666666667,0.005952380952380952,0.005952380952380952,0.016666666666666666,0.1277116402116402,0.08241518829754123,0.06649159663865546,0.4670323685029567
0.0,0.0,0.0,0.0,0.0,0.0,0.0,0.007575757575757576,0.0,0.0,0.0,0.0,0.0,0.0,0.007575757575757576,0.0,0.0,0.0,0.0,0.0,0.0,0.0,0.0,0.0,0.0,0.0,0.0,0.0,0.0,0.0,0.0,0.0,0.0025252525252525255,0.0,0.0,0.0,0.0,0.0,0.0,0.0,0.0,0.0,0.010101010101010102,0.0,0.0,0.0,0.0,0.0,0.0,0.0,0.0,0.0,0.0,0.0,0.0,0.013888888888888888,0.0025252525252525255,0.04924242424242425,0.11994949494949496,0.016835016835016835,0.04766414141414141,0.026304713804713803,0.07039141414141414,0.45875420875420875
0.0,0.0,0.0,0.0,0.0,0.0,0.0,0.0,0.0,0.0,0.0,0.0,0.009259259259259259,0.0,0.0,0.0,0.0,0.0,0.0,0.0,0.0,0.0,0.0,0.0,0.0,0.0,0.0,0.0,0.0,0.0,0.0,0.0,0.0,0.0,0.0,0.0,0.0,0.0,0.0,0.0,0.0,0.0,0.0,0.0,0.009259259259259259,0.0,0.0,0.0,0.0,0.0,0.0,0.0,0.0,0.0,0.0,0.0,0.0,0.016666666666666666,0.062003968253968256,0.08958333333333333,0.022321428571428572,0.0462962962962963,0.08839285714285715,0.5728835978835979
