ish,sgh,hsc,jsi,jgs,cis,jos,sso,soo,cgs,ics,jsh,jsc,ces,ggi,jsj,ios,gsi,igs,shs,iis,jcs,sjj,ssj,sii,ssi,gjs,ois,jsg,isi,ggg,isg,ssg,scc,ssc,shh,hhh,ssh,sos,sjs,ggs,sis,scs,gsg,sgg,sgs,ess,oss,hss,css,jss,iss,gss,sss
0.0,0.0,0.0,0.0,0.0,0.0,0.0,0.0,0.0,0.0,0.0,0.0,0.0,0.0,0.0,0.0,0.0,0.0,0.0,0.0,0.0,0.0,0.0,0.0,0.0005827505827505828,0.0005827505827505828,0.000925925925925926,0.000925925925925926,0.000925925925925926,0.0009363295880149813,0.0009363295880149813,0.0015086765086765087,0.001519080170765564,0.0015432098765432098,0.0015432098765432098,0.0015432098765432098,0.0015432098765432098,0.0015432098765432098,0.001572327044025157,0.001984126984126984,0.002498252969951083,0.0025086566320401383,0.002637009860123824,0.004787997496330829,0.004798401158419885,0.005729861052305434,0.00753968253968254,0.012929370177753688,0.015157466155849661,0.018429369884024778,0.03546344181398744,0.0733186513642223,0.18747819374912952,0.6066074469365598
0.0,0.0,0.0,0.0,0.0,0.0,0.0,0.0,0.0,0.0,0.0,0.0,0.0,0.0,0.0,0.0006265664160401002,0.0006265664160401002,0.0006265664160401002,0.0010416666666666667,0.0010964912280701754,0.0018115942028985507,0.002131287297527707,0.003968253968253968,0.003968253968253968,0.0,0.0006265664160401002,0.0,0.0,0.0,0.0,0.0009057971014492754,0.0,0.004242263266862809,0.0,0.0,0.0,0.0,0.0010964912280701754,0.0006265664160401002,0.0,0.000925925925925926,0.006562412976886661,0.0009057971014492754,0.0,0.0015323635174893755,0.014581613244370682,0.012164732113581218,0.01743551732825188,0.009479821676954535,0.04082357294557793,0.0442996500023859,0.08559350386480552,0.1838873726699309,0.5584127856241365
0.0,0.0,0.0,0.0,0.0,0.0,0.0,0.0,0.0,0.0008417508417508418,0.0008417508417508418,0.0010288065843621398,0.0023809523809523807,0.0023809523809523807,0.0028735632183908046,0.0,0.0,0.0,0.0,0.0,0.0,0.0,0.0,0.0,0.0,0.0010288065843621398,0.0,0.0,0.0,0.0,0.0,0.0,0.0024757377698554173,0.0,0.0,0.0,0.0,0.0009689922480620155,0.0,0.0,0.0,0.005526057149954504,0.0010288065843621398,0.0009689922480620155,0.0008417508417508418,0.005163327957445605,0.0033499446290143967,0.010094836340047068,0.004558147613703169,0.07523090689789495,0.0738419193254658,0.0849466700293997,0.1570841424250804,0.4792098517740471
0.0,0.0,0.0,0.0,0.0,0.0010040160642570282,0.0010548523206751054,0.0032051282051282055,0.0032051282051282055,0.0,0.0,0.0,0.0,0.0,0.0,0.0,0.0,0.0,0.0,0.0,0.0,0.0,0.0033333333333333335,0.0033333333333333335,0.0,0.0,0.0,0.0,0.0,0.0,0.0,0.0,0.0,0.0,0.0,0.001366120218579235,0.001366120218579235,0.004452539971665655,0.0,0.0,0.0,0.002420972539254341,0.0,0.004791108822090604,0.0,0.009137491069316732,0.010293010696996693,0.016514189612198995,0.021965496134279283,0.04586509111716364,0.06789992310016886,0.0746741461577614,0.12183272494783341,0.6022852739322567
0.0,0.0,0.000946969696969697,0.002077001013171226,0.006944444444444444,0.0,0.0,0.0,0.0,0.0,0.0,0.0,0.0,0.0,0.0,0.0,0.0,0.0,0.0,0.0008865248226950354,0.0,0.0,0.0,0.0,0.004629629629629629,0.009087583023753237,0.0,0.0,0.0,0.0,0.0,0.0,0.0008865248226950354,0.0,0.0,0.0,0.0,0.0,0.000946969696969697,0.0,0.0,0.009730601352941778,0.0,0.0008865248226950354,0.0,0.004457953394123607,0.0,0.003820532915360502,0.008389717670715469,0.04313743238908316,0.03487255196604976,0.09526277441377405,0.14112821377930512,0.5485747168122902
0.0,0.005952380952380952,0.0,0.0,0.004901960784313725,0.0,0.0,0.0,0.0,0.0,0.0,0.0,0.0,0.0,0.0,0.0,0.0,0.0,0.0,0.0,0.0,0.0,0.0,0.0,0.0,0.0,0.0,0.0,0.0,0.0,0.0,0.0,0.0036231884057971015,0.0,0.0,0.0,0.0,0.0,0.0,0.0015432098765432098,0.0,0.0016666666666666668,0.0,0.0,0.0,0.0032098765432098768,0.00980392156862745,0.009139051332033788,0.0,0.038518648200020746,0.06646366674477232,0.05659061128477155,0.13740945411981217,0.6611773635210504
0.0,0.0,0.0,0.0,0.0,0.0,0.0,0.0,0.0,0.0,0.0,0.0,0.0,0.0,0.0,0.0,0.0,0.0,0.0,0.005555555555555556,0.0,0.0,0.0,0.0,0.0,0.004166666666666667,0.0,0.0,0.0,0.0,0.0,0.0,0.0,0.0,0.0,0.0,0.0,0.0,0.0,0.0,0.0,0.004166666666666667,0.0,0.0,0.0,0.0,0.0,0.03049242424242424,0.030194805194805194,0.048749999999999995,0.07935786435786435,0.05563762626262627,0.11076028138528138,0.5475847763347763
0.0,0.0,0.0,0.0,0.0,0.0,0.0,0.0,0.0,0.0,0.0,0.0,0.0,0.0,0.0,0.0,0.0,0.0,0.0,0.004901960784313725,0.0,0.0,0.0,0.0,0.0,0.0,0.0,0.0,0.0,0.0,0.0,0.0,0.0,0.0,0.0,0.0,0.0,0.0,0.0,0.0,0.0,0.0,0.0,0.0,0.0,0.005555555555555556,0.008333333333333333,0.005952380952380952,0.007575757575757576,0.02514005602240896,0.08192085692085692,0.06229309905780494,0.08253103106044284,0.6324626354038119
0.003472222222222222,0.0,0.0,0.0,0.0,0.0,0.0,0.0,0.0,0.0,0.0,0.0,0.0,0.0,0.0,0.0,0.0,0.0,0.0,0.0,0.0,0.0,0.0,0.0,0.0,0.0,0.0,0.0,0.0,0.0,0.0,0.0,0.0,0.0,0.0,0.0,0.0,0.0,0.0,0.0,0.0,0.0,0.0,0.0,0.0,0.007716049382716049,0.0,0.03298611111111111,0.009837962962962963,0.008294753086419753,0.038090574548907886,0.0411769943019943,0.10768340455840454,0.5840752611585943
0.0,0.0,0.0,0.0,0.023284313725490197,0.0,0.0,0.0,0.0,0.0,0.0,0.0,0.0,0.0,0.0,0.0,0.0,0.0,0.0,0.0,0.0,0.0,0.0,0.0,0.0,0.0,0.0,0.0,0.0,0.0,0.0,0.0,0.0,0.0,0.0,0.0,0.0,0.0,0.0,0.0,0.0,0.0,0.0,0.0,0.0,0.0,0.0,0.006410256410256411,0.0026881720430107525,0.01569818210685084,0.06321874156189546,0.08074371550602451,0.06252904230845407,0.6620942430046844
0.0,0.0,0.0,0.0,0.0,0.0,0.0,0.0,0.0,0.0,0.0,0.0,0.0,0.0,0.0,0.0,0.0,0.0,0.0,0.0,0.0,0.0,0.0,0.0,0.0,0.0,0.0,0.0,0.0,0.0,0.0,0.0,0.0,0.0,0.0,0.0,0.0,0.0,0.0,0.008333333333333333,0.0,0.0,0.0,0.0,0.0,0.0,0.0,0.008333333333333333,0.005952380952380952,0.018643951833607005,0.07164113664113664,0.05230034333482608,0.08635050454015973,0.6651116826978895
0.0,0.0,0.0,0.0,0.0,0.0,0.0,0.0,0.0,0.0,0.0,0.0,0.0,0.0,0.0,0.0,0.0,0.0,0.0,0.0,0.0,0.0,0.0,0.0,0.0,0.0,0.0,0.0,0.0,0.0,0.0,0.0,0.0,0.0,0.0,0.0,0.0,0.0,0.0,0.0028735632183908046,0.0,0.0,0.004901960784313725,0.0,0.0,0.0,0.0,0.03993055555555555,0.0,0.02850623007823819,0.03382479268846746,0.05148467432950191,0.10118947004088992,0.653955419971309
0.0,0.0,0.0,0.005208333333333333,0.0026041666666666665,0.0,0.0,0.0,0.0,0.0,0.0,0.0,0.0,0.0,0.0,0.0,0.0,0.0,0.0,0.0,0.0,0.0,0.0,0.0,0.0,0.0,0.0,0.0,0.0043859649122807015,0.0,0.0,0.0,0.0043859649122807015,0.0,0.0,0.0,0.0,0.0,0.0,0.0,0.008730158730158729,0.0026041666666666665,0.0,0.0,0.008771929824561403,0.0043859649122807015,0.004629629629629629,0.01207010582010582,0.0078125,0.02145772417153996,0.0283234126984127,0.022404100529100527,0.08413568643831802,0.5280901907546645
