jhs,ocs,jos,sso,his,isc,scs,sos,sii,jjg,jsg,hgs,ogs,isg,csh,shh,ois,shs,cis,ssi,sgi,egs,osg,gii,cgs,jcs,jgs,igg,csi,gig,igs,ssc,jsc,gsi,isi,ess,iis,sgg,ssg,scc,ggi,sis,ggs,iii,gsg,sgs,oss,hss,css,jss,iss,gss,sss
0.0,0.0,0.0,0.0,0.0,0.0,0.0,0.0,0.0,0.0,0.0,0.0,0.0,0.0,0.0,0.0,0.0,0.0,0.0,0.0,0.0006775067750677508,0.0006775067750677508,0.0006775067750677508,0.0006775067750677508,0.0006775067750677508,0.0009363295880149813,0.0009363295880149813,0.000980392156862745,0.0010683760683760683,0.0010683760683760683,0.0010683760683760683,0.0010964912280701754,0.0010964912280701754,0.001745882843443819,0.001745882843443819,0.0018726591760299626,0.001937984496124031,0.0021367521367521365,0.0021367521367521365,0.0021929824561403508,0.003006360564500099,0.0035936285936285935,0.0038826349801959563,0.003970504821327283,0.00430161943319838,0.007038712921065862,0.011753887394792023,0.02648762661217301,0.05068650579523674,0.08006001177275027,0.1143895344863869,0.16277557095409065,0.502645809712468
0.0,0.0,0.0,0.0,0.0,0.0,0.0,0.0,0.0,0.0,0.0,0.0,0.0,0.0,0.0005411255411255411,0.0005411255411255411,0.0005411255411255411,0.001366120218579235,0.0023809523809523807,0.0027785495971103086,0.0,0.0,0.0,0.0,0.0,0.0,0.0033783783783783786,0.0,0.0,0.0,0.0,0.0,0.0,0.0,0.0010822510822510823,0.014552033404492423,0.0,0.0014124293785310734,0.0052732300578924645,0.0,0.0,0.006834336213111019,0.001366120218579235,0.0,0.0014124293785310734,0.0024483713008303172,0.026627992503930265,0.04823017759853285,0.12090014582017113,0.06171226686812157,0.21875946892755285,0.12344012969177488,0.3544212403573008
0.0,0.0,0.0,0.0,0.0,0.0,0.0,0.0,0.0,0.0,0.0,0.0,0.0015432098765432098,0.001572327044025157,0.0,0.0,0.0,0.0021929824561403508,0.0,0.0,0.0,0.0,0.0,0.0,0.0,0.0,0.0,0.0,0.0,0.0,0.0,0.0,0.0,0.0,0.0,0.010585585585585587,0.0,0.0036231884057971015,0.0036231884057971015,0.0,0.0,0.0,0.0,0.0,0.0036231884057971015,0.007447767702074511,0.03529032695699363,0.04920511118070233,0.1328617414951482,0.07262392504969825,0.211075503580145,0.07277769446753227,0.39195425938802014
0.0,0.0,0.0,0.0,0.0,0.0,0.0,0.0,0.0,0.0023148148148148147,0.0023148148148148147,0.009259259259259259,0.0,0.0,0.0,0.0,0.0,0.0,0.0,0.0,0.0,0.0,0.0,0.0,0.0023148148148148147,0.0023148148148148147,0.014520202020202022,0.0,0.0,0.0,0.0,0.0,0.0,0.0,0.0,0.025341130604288498,0.0,0.0023148148148148147,0.0,0.0,0.0,0.0,0.0,0.0,0.0,0.0,0.02370857699805068,0.01952129254760834,0.06660306068200805,0.06351294903926484,0.1384246357930569,0.12504203885782833,0.5024927801243592
0.0,0.0,0.0,0.0,0.0,0.0,0.0,0.0020833333333333333,0.009259259259259259,0.0,0.0,0.0,0.0,0.0,0.0,0.0,0.0,0.0,0.0,0.009259259259259259,0.0,0.0,0.0,0.0,0.0,0.0,0.0,0.0,0.0,0.0,0.0,0.0,0.004629629629629629,0.0,0.0,0.005952380952380952,0.009259259259259259,0.0,0.0,0.0,0.0,0.0,0.005952380952380952,0.0,0.0,0.0,0.06782407407407408,0.024470899470899466,0.050462962962962966,0.06891534391534392,0.21871693121693123,0.1107473544973545,0.4124669312169313
0.0,0.0,0.0,0.0,0.0,0.0,0.016666666666666666,0.0,0.0,0.0,0.0,0.0,0.0,0.0,0.0,0.0,0.009259259259259259,0.0012077294685990338,0.0,0.0,0.0,0.0,0.0,0.0,0.0,0.0,0.006944444444444444,0.0,0.0,0.0,0.0,0.0,0.0,0.0,0.0,0.009259259259259259,0.004166666666666667,0.0,0.0,0.0,0.0,0.0,0.0,0.0,0.0,0.0,0.06597222222222222,0.025479243629819074,0.10274492043194089,0.045377178649237467,0.16255150610969024,0.10421817277635692,0.44615273041583786
0.0,0.0,0.0,0.0,0.0,0.0036231884057971015,0.0036231884057971015,0.0,0.0,0.0,0.0,0.0,0.0,0.0,0.0,0.0,0.0,0.0,0.0,0.0,0.0,0.0,0.0,0.0,0.0,0.0,0.0016339869281045752,0.0,0.0,0.0,0.0,0.0,0.0,0.0,0.0,0.007575757575757576,0.0,0.0,0.0,0.0,0.0,0.0,0.0,0.0,0.0,0.0036231884057971015,0.04224469761554161,0.015522875816993464,0.08159654946739345,0.048557828928672914,0.11390869479104775,0.06718398821979384,0.5275727221059702
0.0,0.0,0.0,0.0,0.001984126984126984,0.0,0.0,0.005208333333333333,0.0,0.0,0.0,0.0,0.0,0.0,0.0,0.0,0.0,0.0,0.0,0.0,0.0,0.0,0.0,0.0,0.0,0.0,0.0,0.0,0.0,0.0,0.0,0.0,0.0,0.0,0.0,0.024038461538461536,0.0,0.0,0.0,0.0,0.0,0.01361111111111111,0.0,0.0,0.0032051282051282055,0.0032051282051282055,0.024019383394383392,0.009176587301587302,0.11036706349206349,0.03993055555555555,0.10151785714285715,0.16108516483516486,0.5026510989010989
0.0,0.0,0.0,0.0,0.0,0.0,0.0,0.005952380952380952,0.0,0.0,0.0,0.0,0.0,0.0,0.0,0.0,0.0,0.0,0.0,0.0,0.0,0.0,0.0,0.0,0.0,0.0,0.0,0.0,0.0,0.0,0.0,0.0,0.0,0.0,0.0,0.0,0.0,0.0,0.0,0.0,0.0,0.0,0.0,0.0,0.0,0.0010822510822510823,0.06490700657367325,0.04106541606541606,0.11513949013949011,0.007575757575757576,0.0833654000320667,0.13582251082251082,0.5450897867564534
0.0,0.003472222222222222,0.005952380952380952,0.008333333333333333,0.0,0.0,0.013888888888888888,0.013888888888888888,0.0,0.0,0.003472222222222222,0.0,0.0,0.0,0.0,0.0,0.0,0.0,0.0,0.0,0.0,0.0,0.0,0.0,0.0,0.0,0.0,0.0,0.0,0.0,0.0,0.0,0.0,0.0,0.0,0.0,0.0,0.003472222222222222,0.0,0.0,0.0,0.0,0.0,0.0,0.0,0.013888888888888888,0.05998168498168497,0.010416666666666666,0.053169515669515666,0.09507275132275132,0.08650793650793649,0.08234126984126984,0.4628077940577941
0.004901960784313725,0.0,0.0,0.0,0.0,0.0,0.0,0.0,0.0,0.0,0.0,0.0,0.0,0.0,0.0,0.0,0.0,0.0,0.0,0.0,0.0,0.0,0.0,0.0,0.0,0.0,0.004901960784313725,0.0,0.0,0.0,0.0,0.0,0.0,0.0,0.0,0.0,0.0,0.0,0.0,0.0,0.0,0.0,0.0,0.0,0.0,0.041666666666666664,0.0,0.0,0.060466800356506235,0.08854166666666667,0.06923555407011289,0.10592134581105168,0.4576973781937017
0.0,0.0,0.0,0.001984126984126984,0.0,0.0,0.0,0.001984126984126984,0.0,0.0,0.0,0.0,0.0,0.0,0.0,0.0,0.0,0.0,0.0,0.0,0.0,0.0,0.0,0.0,0.0,0.0,0.0,0.0,0.0,0.0,0.0,0.0,0.0,0.0,0.0,0.027777777777777776,0.0,0.0,0.0,0.0,0.0,0.0,0.0,0.0,0.0,0.0,0.07142857142857142,0.0,0.14616402116402116,0.031746031746031744,0.09999999999999999,0.06507936507936507,0.5538359788359789
0.0,0.0,0.0,0.0,0.0,0.0,0.0,0.0,0.0,0.0,0.0,0.0,0.0,0.0,0.0,0.0,0.0,0.0,0.0,0.004166666666666667,0.0,0.0,0.0,0.0,0.0,0.004166666666666667,0.007575757575757576,0.0,0.0,0.0,0.0,0.0,0.0,0.0,0.0,0.014583333333333332,0.0,0.0,0.0,0.0,0.0,0.004166666666666667,0.0,0.0,0.0,0.0,0.02638888888888889,0.022321428571428572,0.11244588744588746,0.04178921568627451,0.15757575757575756,0.09669117647058822,0.5081285544520839
