oe,ic,gc,eg,oi,so,hj,og,gi,go,cc,gj,ig,hi,sj,jj,gg,jh,jg,ii,io,sh,cg,gh,je,sc,jc,ji,os,es,si,sg,js,hs,cs,is,gs,ss
0.0,0.0,0.0,0.0,0.0,0.0,0.0,0.0,0.0,0.0,0.0,0.0,0.0,0.0,0.0,0.0,0.0,0.0,0.0,0.0,0.000505050505050505,0.000505050505050505,0.0005144032921810699,0.0006666666666666666,0.0006666666666666666,0.0006666666666666666,0.0013333333333333333,0.002586138298718867,0.0036522950020097446,0.004573077715934858,0.005255303495661842,0.0075428883830945676,0.01202258571591811,0.014580026708474749,0.024487044593740123,0.10302904950648152,0.2239071730301506,0.5935065799141998
0.0,0.0,0.0,0.0,0.0,0.0,0.0,0.0,0.0,0.0,0.0,0.0,0.0,0.0005555555555555556,0.0005555555555555556,0.0005555555555555556,0.0010288065843621398,0.0011550759392486012,0.0017006802721088435,0.0017985611510791368,0.0,0.0,0.0,0.0,0.0,0.005700069573970453,0.00254396482813749,0.0010288065843621398,0.003850549190277408,0.009851049278079083,0.0036719109560836177,0.011025149190110828,0.034121239773534824,0.03654937255346399,0.024122959663050236,0.16265637756097215,0.1967441820835353,0.500784578150957
0.0,0.0,0.0,0.0,0.0,0.0,0.0,0.0,0.0,0.0,0.0,0.0007575757575757576,0.0012626262626262627,0.0,0.0,0.0,0.0012626262626262627,0.001282051282051282,0.003144654088050314,0.0,0.0,0.002544677544677545,0.0,0.0,0.0,0.0,0.0,0.001282051282051282,0.002797202797202797,0.006805176631713455,0.0022522522522522522,0.0041361894810170675,0.02197628696791813,0.023397829422069277,0.03886947036540834,0.13999603023879295,0.20307447081857513,0.5451588285453918
0.0,0.0,0.0,0.0,0.0,0.0,0.0,0.0,0.0,0.0,0.0033333333333333335,0.0,0.0,0.0,0.0,0.009137426900584795,0.0,0.0045588235294117645,0.0,0.0,0.0,0.004329734592892488,0.0,0.0,0.0,0.0033333333333333335,0.0033333333333333335,0.0012254901960784314,0.0031969985203973788,0.009586247086247085,0.007948460508701473,0.008547008547008546,0.042453958430604954,0.015090320797359476,0.045683293874977014,0.15244884797617397,0.1671329064166824,0.5186604826228801
0.0,0.0,0.0,0.0,0.0,0.0,0.0,0.0,0.0,0.001984126984126984,0.0033333333333333335,0.0,0.0,0.0,0.0,0.0,0.0,0.0,0.002777777777777778,0.0,0.0,0.0,0.0,0.0,0.0,0.0,0.0,0.0,0.009337068160597572,0.003875968992248062,0.010500075999392006,0.020774976657329598,0.04282462985194078,0.028854685813719427,0.027560733595763887,0.15692595255156325,0.12153809356723662,0.5697125767149706
0.0,0.0,0.0,0.0,0.0,0.0,0.0,0.0,0.0018115942028985507,0.0,0.0024509803921568627,0.0,0.0,0.0,0.0,0.0,0.0,0.001851851851851852,0.00563973063973064,0.0,0.0,0.0,0.0,0.0,0.0,0.0024509803921568627,0.0,0.0,0.01377331669093683,0.003787878787878788,0.0,0.012677077350990397,0.014890297906602255,0.024485362929298857,0.03856383619894859,0.1333737714347719,0.18233649368423507,0.5619068275375426
0.0,0.0,0.0,0.0,0.0,0.0,0.001937984496124031,0.005952380952380952,0.0,0.0,0.0,0.0,0.0,0.0,0.0017006802721088435,0.0,0.003787878787878788,0.001937984496124031,0.005555555555555556,0.0,0.0,0.0,0.0,0.0,0.0,0.0,0.0,0.003787878787878788,0.004273504273504273,0.016224053724053725,0.0,0.020961314202593274,0.027870542156256447,0.02314039319853273,0.05519857126999984,0.11803596574153052,0.10611488456172842,0.6035204275237498
0.0,0.0,0.0,0.0,0.0,0.009956709956709957,0.0,0.0,0.0,0.0,0.0,0.0,0.0,0.0,0.0,0.0,0.0036231884057971015,0.002976190476190476,0.0,0.0026881720430107525,0.002777777777777778,0.0,0.0,0.0,0.0,0.008230706075533662,0.0,0.0,0.0340930860327412,0.001984126984126984,0.010263929618768328,0.0,0.008730158730158729,0.028091177145682152,0.023947563992057875,0.12262255230738357,0.15336706180659734,0.5866475986474641
0.0,0.0,0.0,0.0043859649122807015,0.006944444444444444,0.0,0.0,0.0,0.0,0.0015432098765432098,0.0,0.0,0.0,0.0,0.0,0.0,0.009283819628647215,0.0,0.005929174788823911,0.0032051282051282055,0.0,0.0,0.0,0.0,0.0,0.0,0.0015432098765432098,0.0,0.005070546737213404,0.013354700854700854,0.004748338081671415,0.014234780757769261,0.020153313000437826,0.0406016667458315,0.023215377915044206,0.1186860758062848,0.13752110421354324,0.5895791441550925
0.0,0.0028735632183908046,0.003968253968253968,0.0,0.0,0.0,0.0,0.0,0.0,0.0,0.0,0.0,0.006944444444444444,0.0,0.0,0.0,0.008384014837819186,0.0,0.0216374269005848,0.0,0.0,0.0,0.005555555555555556,0.0,0.0021929824561403508,0.0,0.001893939393939394,0.002976190476190476,0.018676673567977916,0.005580357142857143,0.007710110255876847,0.01624185628762288,0.021830994675822262,0.032992787291419225,0.03576438419830868,0.10969601120919377,0.12653992107813716,0.5685405330414651
0.0,0.0,0.0,0.0,0.0,0.0,0.0,0.0,0.0,0.0,0.0,0.0,0.0,0.0,0.0,0.0,0.0,0.0,0.014973544973544974,0.0,0.0,0.0,0.0,0.0,0.009259259259259259,0.008333333333333333,0.0,0.0,0.010634920634920636,0.003968253968253968,0.01375,0.0043859649122807015,0.04219461488971471,0.012021432892576268,0.04143942231056569,0.14705183696789867,0.15115127377831553,0.5408361420793364
0.0022522522522522522,0.0,0.002777777777777778,0.0,0.0,0.0,0.0,0.0,0.0,0.0,0.0,0.0,0.0,0.0,0.0,0.0,0.003472222222222222,0.0,0.0,0.0,0.0,0.0,0.0,0.0,0.0,0.0023148148148148147,0.0,0.0,0.027534840034840035,0.0018115942028985507,0.0,0.010037651771061381,0.029261051218919035,0.017155243671261977,0.04412145978642142,0.10036786495428303,0.10123977237232722,0.6576534549209203
0.0,0.0,0.0,0.0,0.0,0.0033333333333333335,0.0,0.0,0.0,0.0023148148148148147,0.0,0.0,0.0,0.0,0.0,0.0,0.0,0.0,0.0,0.0,0.0,0.0,0.0,0.0,0.0,0.0021929824561403508,0.0021929824561403508,0.0,0.005952380952380952,0.004571248423707441,0.0023148148148148147,0.025708430913348942,0.02466083290809644,0.011003344207678572,0.02265658767261738,0.07024831150548046,0.13887229749678784,0.6839776380446582
