hj,ij,eg,gc,je,go,cg,og,gj,hg,io,co,cj,ci,jj,ji,ic,sj,eo,hi,jo,ih,cc,ei,ch,jh,ec,jg,oo,so,oh,he,oe,gh,se,sc,ii,jc,gi,sh,ig,ee,gg,js,es,os,si,sg,hs,cs,is,gs,ss
0.0,0.0,0.0,0.0,0.0,0.0,0.0,0.0,0.0,0.0,0.0,0.0,0.0,0.0,0.0,0.0,0.0,0.0,0.00024015369836695484,0.0003205128205128205,0.00034293552812071334,0.000445632798573975,0.000445632798573975,0.000445632798573975,0.000445632798573975,0.000445632798573975,0.000445632798573975,0.0007183908045977011,0.0008865248226950354,0.0008865248226950354,0.0009689922480620155,0.0009689922480620155,0.0009689922480620155,0.0009689922480620155,0.0010068000264078696,0.0012495758619789628,0.001309390198279087,0.0013321576212690105,0.0020381441886736513,0.0021132487023835782,0.002240801722342959,0.0023058906437839408,0.0030734549722140378,0.006269346567435528,0.006522173026948578,0.0067640636189452985,0.006779082155419989,0.010020540810399024,0.021768681853726265,0.029882212857481938,0.09594358026033163,0.2389042681431173,0.5505317784881812
0.0,0.0,0.0,0.0,0.0,0.0,0.0,0.0,0.0,0.0,0.00030303030303030303,0.00031446540880503143,0.0003875968992248062,0.0003875968992248062,0.0003875968992248062,0.0006174957118353345,0.0006887052341597796,0.0006906272022551091,0.0,0.0,0.0,0.0,0.0,0.0,0.0,0.0,0.0,0.0041094749955280325,0.0,0.0004553734061930783,0.0,0.0,0.0,0.0,0.0,0.0018461409483826955,0.0007751937984496124,0.001885515719978273,0.0,0.0007698388149981098,0.0007584037092233814,0.0,0.006289380015139449,0.018986202446102992,0.006351078084592833,0.0173981824320491,0.004778213250243988,0.011130798185739796,0.023174314808901014,0.030719662145449415,0.1014375141677466,0.21911513447534314,0.5462424640381784
0.0,0.0,0.0,0.0,0.0,0.0,0.00035014005602240897,0.0005307855626326964,0.0008843280902104432,0.002535476219686746,0.0,0.0005307855626326964,0.0,0.0,0.0005952380952380952,0.0023428182401435205,0.0005341880341880341,0.0005341880341880341,0.0,0.0,0.0,0.0,0.0,0.0,0.00034153005464480874,0.00034153005464480874,0.0005341880341880341,0.0068499055621332565,0.0,0.0,0.0,0.0,0.0,0.0,0.0005952380952380952,0.0009329121171226433,0.0,0.0005952380952380952,0.001526920450696449,0.0011801828662293778,0.0012744421717674522,0.0,0.00530572053060365,0.016540045719992128,0.0068789497030120285,0.01694747055164067,0.00299447416321205,0.012927106252169487,0.01398353412714283,0.019666225859323094,0.08232421233456587,0.18363786987658823,0.6157843554849043
0.0,0.0,0.0,0.0,0.0,0.0006127450980392157,0.0006459948320413437,0.0,0.0,0.0009122355136174884,0.0,0.0,0.0,0.0,0.0006127450980392157,0.001904734762121903,0.0,0.0,0.0,0.0,0.0006944444444444445,0.0,0.0,0.0,0.0,0.0012254901960784314,0.0,0.013187645418973624,0.0,0.0,0.0,0.0,0.0,0.0009578544061302681,0.0013020833333333333,0.0013664874551971324,0.0,0.0005787037037037037,0.0004363001745200698,0.0006459948320413437,0.0006127450980392157,0.0,0.008706399151079175,0.0213569572182381,0.011857516691117448,0.013314841424721871,0.000938283692328833,0.01920954670652632,0.016973227637768644,0.02095849749355039,0.07589574453707647,0.14512961541389777,0.6399631656673742
0.0,0.0,0.0,0.0,0.002777777777777778,0.0,0.0,0.0,0.0,0.0,0.0,0.0,0.0,0.0,0.002777777777777778,0.004784820031298905,0.0,0.001282051282051282,0.0,0.0,0.0,0.0,0.0,0.0,0.0,0.0,0.0,0.01246818228209839,0.0,0.0,0.0,0.0,0.0,0.0,0.0,0.0007246376811594203,0.0,0.0,0.0,0.0011737089201877935,0.004662232655190402,0.0,0.014352550690617132,0.009559887981065397,0.004375,0.013851056155367506,0.0019519015659955256,0.0257003714145113,0.005417869974916955,0.019478455208575027,0.05884839707796077,0.13605228598917132,0.6797610355342774
0.0,0.0,0.0,0.0,0.0,0.0,0.0,0.0,0.0,0.0,0.0,0.0,0.0,0.0,0.0,0.002564102564102564,0.0,0.0,0.0,0.0,0.0,0.0,0.0,0.0,0.0,0.0,0.0,0.0072561796541187025,0.0,0.0,0.0,0.0,0.0,0.0,0.0,0.013888888888888888,0.0,0.0,0.0023169323632732395,0.0,0.0017634430586792066,0.0,0.016305862785104885,0.020469862421491264,0.020599362803663878,0.018102501259998682,0.004505888376856119,0.029160557221355198,0.0042790865560578635,0.01662317089896383,0.06428185688484943,0.12353373407594677,0.571015236853316
0.0,0.0,0.0,0.0,0.0,0.0,0.0,0.0,0.0,0.0,0.0,0.0,0.0,0.0,0.0011904761904761904,0.0011904761904761904,0.0,0.00048449612403100775,0.0,0.0011261261261261261,0.0009057971014492754,0.0,0.0,0.0,0.0,0.0014367816091954023,0.0,0.012902696193151915,0.0,0.0,0.0,0.0,0.0,0.0,0.0,0.005692829457364341,0.0,0.0,0.0,0.00048449612403100775,0.0,0.0,0.015486104958050173,0.011064041092957942,0.005550000008128087,0.007259917298357381,0.006272686837470891,0.029164812714609606,0.010849667079828906,0.02020921935215444,0.06403712765344034,0.11732301944636005,0.6040358951090075
0.0,0.0,0.0,0.0,0.0,0.0,0.0,0.0,0.0,0.0026805627037227654,0.0,0.0,0.0,0.0,0.0,0.0017610670099406421,0.0,0.0,0.0,0.0,0.0,0.0,0.0,0.0,0.0,0.0,0.0,0.010861679182599825,0.0,0.0,0.0,0.0,0.0,0.0,0.0,0.0,0.0,0.0010548523206751054,0.0010548523206751054,0.0,0.0,0.0,0.01558381316102901,0.013544651310705457,0.010372612321764865,0.005619839018430164,0.0019499957837928999,0.024605615241765397,0.006380604553482129,0.019011618993835702,0.0767613421437431,0.07894337160352509,0.6464801889969795
0.0,0.0,0.0014124293785310734,0.0015151515151515152,0.0014124293785310734,0.0,0.0014124293785310734,0.0,0.0,0.0014124293785310734,0.0,0.0,0.0,0.0,0.0010040160642570282,0.0010288065843621398,0.0,0.0,0.0,0.0,0.0013020833333333333,0.0,0.0,0.0,0.0,0.0,0.0,0.009199434539928384,0.0,0.0010288065843621398,0.0,0.0,0.0,0.0,0.0,0.0,0.0,0.0,0.0012626262626262627,0.0009578544061302681,0.004966488488145738,0.0,0.013959834284539398,0.02578199856225144,0.017163232716139967,0.009452579434029341,0.00529694535718632,0.02552227011069426,0.01064830666996392,0.022123636258441725,0.04623880856712317,0.10662883111435435,0.6892685716328549
0.0,0.0,0.0,0.0,0.0,0.0,0.0020238095238095236,0.0,0.0,0.0,0.0,0.001141552511415525,0.0,0.0,0.0,0.0021153846153846158,0.0,0.0,0.0,0.0,0.0,0.0,0.0,0.0,0.0,0.0011904761904761904,0.0,0.0056077694235588975,0.0,0.0,0.0,0.0,0.0,0.0,0.0,0.0,0.0,0.0,0.0,0.0,0.007380952380952381,0.0,0.017445777906304222,0.014381687666655221,0.006811499903605166,0.012720499879836577,0.008712807660176082,0.027517913373176533,0.005231822971548999,0.008798187513039712,0.022026771794255575,0.11950523701244681,0.737387849673358
0.0,0.0,0.0,0.0,0.0,0.0,0.0,0.0016025641025641027,0.0,0.0,0.0,0.0,0.0,0.0,0.0,0.002470619658119658,0.0,0.0,0.0,0.0,0.0,0.0,0.0,0.0,0.0,0.0,0.0,0.010062062032170728,0.0,0.0,0.0,0.0,0.0,0.0,0.0,0.0,0.0,0.0,0.005570818070818071,0.0,0.0,0.0,0.009101164064047205,0.0,0.014058156677837531,0.033629896994258696,0.0028036576949620425,0.018587667112806138,0.025237753665649648,0.010498228396233072,0.024178322826372473,0.11238380565399793,0.7298152830501627
0.0,0.013888888888888888,0.0013440860215053762,0.0,0.0,0.0,0.0,0.0,0.0013440860215053762,0.0013440860215053762,0.0,0.0,0.0,0.0027329749103942647,0.0,0.0013440860215053762,0.0,0.0,0.0,0.0,0.0,0.0,0.0,0.0,0.0,0.0,0.0,0.0013440860215053762,0.0,0.0,0.0,0.0,0.0,0.0,0.001388888888888889,0.0,0.004077060931899641,0.0,0.001388888888888889,0.0,0.0013440860215053762,0.0,0.032912686429933315,0.008584729440686004,0.0027329749103942647,0.0021691685297562015,0.004121863799283154,0.025395684729763297,0.007415437837538044,0.009771629336846728,0.0367005765212014,0.058933530621421794,0.6963871658718497
0.000992063492063492,0.0,0.0,0.0,0.0,0.0,0.0,0.0,0.0,0.0,0.0,0.0,0.0,0.0,0.0,0.0,0.0,0.011904761904761904,0.0,0.0,0.0,0.0,0.0,0.0,0.0,0.0,0.0,0.0045442459493145,0.0,0.0,0.0,0.0,0.0,0.0,0.000992063492063492,0.0012077294685990338,0.0,0.0,0.0012077294685990338,0.0,0.0014367816091954023,0.0,0.014251089171421176,0.004972270032510996,0.003540229885057471,0.0028664596273291925,0.000992063492063492,0.029965110668625353,0.003769129201710591,0.014681827614409004,0.028625081595016266,0.07388588232342246,0.4668321476705038
