ih,jh,eg,go,hg,ch,gc,hc,hi,jc,ce,jo,gh,cc,og,ji,jj,cg,oi,ci,jg,ii,se,sj,sc,sh,gi,ig,so,es,gg,si,js,os,sg,hs,cs,is,gs,ss
0.0,0.0,0.0,0.0,0.0,0.0,0.0,0.0,0.0,0.0,0.0,0.0,0.0,0.0,0.0,0.0,0.0,0.0002768549280177187,0.000326797385620915,0.0005537098560354374,0.0008250825082508251,0.0010299003322259137,0.001129785247432306,0.0012131845160327,0.001969860363015,0.0020676276148232373,0.0021373200442967883,0.002264781881744946,0.002489774630956947,0.0031687691450939053,0.0038707895816285525,0.005800177804423298,0.008632535504327153,0.009938703540477685,0.012467455808090727,0.012546306365613435,0.020105568889650722,0.08806854353229132,0.2790441552007384,0.5400723153192121
0.0,0.0,0.0,0.0,0.0,0.0,0.0,0.0,0.0,0.0,0.00025100401606425706,0.00025100401606425706,0.0004187604690117253,0.0006313131313131314,0.000778816199376947,0.0008823171473773883,0.001501562163326869,0.0,0.0008012820512820514,0.0,0.0,0.000753012048192771,0.0006313131313131314,0.0,0.0026154401154401155,0.0006127450980392157,0.00025100401606425706,0.00025100401606425706,0.00025100401606425706,0.00618825538910647,0.0019247845653972675,0.006782234495979669,0.012616348742923625,0.007241168716078743,0.01722475468552813,0.020922868192407917,0.025274118438970473,0.0971252201581413,0.2899019359032588,0.5039167290772129
0.0,0.0,0.0,0.0,0.0,0.0,0.00027412280701754384,0.0007062146892655367,0.0007861635220125786,0.001254514963880289,0.0,0.0006944444444444445,0.0004930966469428008,0.00027412280701754384,0.0,0.0007062146892655367,0.0007507507507507507,0.00027412280701754384,0.0,0.0,0.000896057347670251,0.0005482456140350877,0.0020503007107709127,0.001254514963880289,0.0021796488324914176,0.0009803374962830806,0.00027412280701754384,0.00027412280701754384,0.0031237710071468816,0.0050804946437499115,0.00027412280701754384,0.006730674493691957,0.007507628948517202,0.01420580763283557,0.010965970377294796,0.020067981228092113,0.03175684005205217,0.11530647127205253,0.24041277655721616,0.5298963422735524
0.0,0.0,0.0,0.0,0.0,0.0008417508417508418,0.0,0.0015432098765432098,0.0,0.0,0.0,0.0,0.0,0.0,0.0,0.0023765432098765433,0.0,0.0,0.0,0.0,0.0006313131313131314,0.0,0.0006082725060827251,0.0008333333333333334,0.003999295278365046,0.0,0.0,0.0008417508417508418,0.002644076423146191,0.012495905903929442,0.00212342402123424,0.001282051282051282,0.01466772913743114,0.007326853094973956,0.00717969372613893,0.012278507955387943,0.020733894373061463,0.11914078157945,0.22272994607777585,0.565721667406404
0.0,0.0,0.0,0.0,0.0011111111111111111,0.0,0.0,0.0,0.0,0.0007122507122507123,0.0,0.0,0.0,0.0,0.0,0.001488095238095238,0.0,0.0,0.0,0.0,0.012431556470677953,0.0,0.0,0.0,0.004403538501060949,0.0,0.0063727468388485335,0.0,0.0,0.01322877831287661,0.0013440860215053762,0.0038817860339342408,0.017353574536835528,0.009467625603501046,0.006855029211178816,0.020289354380198413,0.04194649007032042,0.12487693820875495,0.14875562282521754,0.5021480825902992
0.0,0.0,0.0,0.0013227513227513227,0.0015151515151515152,0.0,0.0011737089201877935,0.0,0.0,0.0016666666666666668,0.0,0.0016666666666666668,0.0,0.0,0.0,0.0013227513227513227,0.004273504273504273,0.0,0.0,0.0,0.009743589743589744,0.0,0.009651868435132776,0.0021367521367521365,0.0035818322335176267,0.0021367521367521365,0.0,0.0,0.0,0.02088135425236982,0.0009363295880149813,0.003466810379365338,0.016577724970173482,0.007312788682651696,0.011718479901541193,0.019537414452853334,0.025176604988766175,0.11531200228738105,0.14250246069383013,0.5963860344296288
0.0,0.0,0.0009689922480620155,0.0,0.0,0.0,0.0011261261261261261,0.0,0.0,0.0,0.0,0.001366120218579235,0.0,0.0,0.0,0.009259259259259259,0.0023809523809523807,0.0010548523206751054,0.0,0.0,0.0012254901960784314,0.0022522522522522522,0.0,0.002492246344705361,0.004699453551912568,0.0012254901960784314,0.0,0.0,0.0,0.005725863284002819,0.0033333333333333335,0.006979300729300729,0.011380350969740506,0.012629394099982335,0.006269400284881072,0.01196890632688005,0.02805754219506784,0.11481255659090985,0.17325652436343142,0.5975355927277889
0.0,0.0,0.0,0.0,0.0024509803921568627,0.0024509803921568627,0.0,0.0026881720430107525,0.0,0.0026881720430107525,0.0,0.0,0.0,0.0,0.0,0.0,0.0,0.0,0.0,0.0,0.0026881720430107525,0.0,0.0024509803921568627,0.001736111111111111,0.001736111111111111,0.0008090614886731391,0.0,0.0,0.001736111111111111,0.015419260716392514,0.0020576131687242796,0.005459734889346539,0.026818632700441918,0.0031606193957866013,0.012159953994631413,0.01062130888998255,0.019041484144835225,0.0981712132166417,0.13522211962012873,0.6504332071355791
0.0,0.001937984496124031,0.0,0.0,0.0,0.0017730496453900709,0.0,0.0,0.0,0.0,0.0,0.0,0.0,0.0,0.0,0.0,0.001937984496124031,0.0,0.0,0.0,0.0,0.0,0.0,0.0,0.0,0.0,0.0,0.0,0.0,0.0,0.005537400145243283,0.0017006802721088435,0.007528537514177154,0.008774929800561595,0.011314060660992739,0.005860095976375046,0.02693874757137772,0.10663772467016476,0.14986160630366666,0.6701971984476941
0.0,0.0,0.0,0.0,0.0,0.0,0.0,0.0,0.0,0.0,0.0,0.0,0.0,0.001893939393939394,0.0,0.001893939393939394,0.0,0.0,0.0,0.0,0.0,0.0,0.0,0.0,0.003787878787878788,0.0,0.001893939393939394,0.0010964912280701754,0.001893939393939394,0.023486747170957695,0.0025252525252525255,0.008551207564365459,0.010680512016718914,0.005321994009413779,0.006802943225357019,0.03463773069036227,0.03651308587560856,0.0737371312516835,0.12042918673700843,0.6648540813415652
0.0,0.0025252525252525255,0.0,0.0,0.0,0.0,0.0,0.0013227513227513227,0.0,0.0,0.0,0.0,0.0,0.0,0.0,0.0025252525252525255,0.0,0.0030864197530864196,0.0,0.0,0.003384359054462147,0.0,0.0,0.006181318681318681,0.001366120218579235,0.0041005291005291,0.0,0.0013227513227513227,0.0025252525252525255,0.012468212570671586,0.0021818578519609447,0.001937984496124031,0.011529259548385231,0.003848003848003848,0.009092551682757868,0.012631831586749619,0.02606773174745598,0.08826012662462097,0.12967710586352774,0.6739653271505063
0.0,0.0,0.0,0.0,0.0,0.0,0.002777777777777778,0.0,0.0,0.001893939393939394,0.0,0.0,0.0,0.0,0.0,0.0026041666666666665,0.002777777777777778,0.0,0.0,0.0,0.0033307210031347963,0.0,0.0,0.0026041666666666665,0.005704365079365079,0.0,0.0,0.0,0.0,0.009407246342086768,0.0078125,0.003509160756501182,0.01597222222222222,0.007102272727272728,0.008549031986531985,0.01957835118028625,0.024134560556974344,0.11770232786144376,0.12220319785548145,0.6423362141458712
0.0014619883040935672,0.0,0.0,0.0,0.0,0.0,0.0,0.0,0.0,0.0,0.0,0.0,0.0,0.0,0.0,0.0013227513227513227,0.001937984496124031,0.0,0.0,0.0,0.006632519043866562,0.0,0.0,0.0,0.004467186484730344,0.0026881720430107525,0.0026881720430107525,0.0,0.0,0.005649018637638133,0.0015432098765432098,0.0013227513227513227,0.012294159756983947,0.0,0.01235838232786938,0.0043859649122807015,0.02029470400181499,0.06730900401211554,0.18727017889619146,0.5830405191848907
