gcs,ocs,jjs,sjj,gsj,ogs,jsg,hsh,ish,jsi,jis,jgs,sos,osh,osi,cgs,sig,hgs,jei,csh,shh,igg,hgi,shg,gig,igs,csj,ggg,cei,iij,scs,gis,iis,his,iii,gsi,shs,ess,isi,ggs,ssi,sgg,ssg,sii,isg,sis,sgs,gsg,oss,jss,hss,css,iss,gss,sss
0.0,0.0,0.0,0.0,0.0,0.0,0.0,0.0,0.0,0.0,0.0,0.0,0.0,0.0,0.0,0.0,0.0004432624113475177,0.0006265664160401002,0.0006265664160401002,0.0006265664160401002,0.0006265664160401002,0.0008865248226950354,0.0010683760683760683,0.0010683760683760683,0.0010683760683760683,0.0010683760683760683,0.0011904761904761904,0.0013297872340425532,0.001388888888888889,0.0014124293785310734,0.0016025641025641027,0.0016025641025641027,0.0016835016835016836,0.001851851851851852,0.0022541802202819153,0.002399616061430171,0.0025252525252525255,0.002642021720969089,0.002751877751877752,0.0031468298405588437,0.0033687830286137266,0.0036846293145285304,0.004504544230188127,0.004653796281712087,0.005456897940100628,0.007203828258459517,0.009408970755155364,0.010791931410632416,0.021622972803360212,0.030062042428640048,0.03159935635112488,0.05527536743342215,0.12831308374912923,0.16881122190249,0.4793511753879451
0.0,0.0,0.0,0.0,0.0,0.0,0.0,0.0,0.0,0.0,0.0,0.0,0.0,0.0012254901960784314,0.0020325203252032522,0.0020845967252880533,0.0006693440428380187,0.0,0.0,0.0,0.0,0.0,0.0,0.0,0.00033467202141900936,0.0010040160642570282,0.0,0.002784471218206158,0.0,0.0,0.0,0.00033467202141900936,0.0006693440428380187,0.0,0.00033467202141900936,0.0010040160642570282,0.0012254901960784314,0.008671802054154994,0.0024509803921568627,0.0011111111111111111,0.004230844948421135,0.006205880432298298,0.008075427586432076,0.0032268288841641075,0.0013386880856760374,0.007986926183932286,0.013555612311506848,0.0032018106791426876,0.017401580085457637,0.024603520346038337,0.03209289439330095,0.07317992904871437,0.1569655787770597,0.21032822864990977,0.4116690510912215
0.0,0.0,0.0,0.0,0.0,0.0,0.0,0.0,0.0,0.0,0.0,0.0,0.00408748501968841,0.0,0.0,0.0023809523809523807,0.0,0.0,0.0,0.0,0.0,0.0,0.0,0.0,0.0,0.0014124293785310734,0.0,0.0,0.0,0.0,0.0037272441933458877,0.0,0.0,0.0006775067750677508,0.0,0.0,0.0,0.017195257661359358,0.0,0.0,0.0,0.0006775067750677508,0.002767442928666575,0.0,0.0012626262626262627,0.0014124293785310734,0.005455011552572529,0.0,0.01666348182470547,0.06314484424240523,0.022077408815213695,0.09888812538075116,0.1971292815537521,0.16966607400929434,0.39137489186746904
0.0,0.0,0.0,0.0,0.0,0.0,0.0,0.0,0.0,0.006410256410256411,0.006410256410256411,0.034188034188034185,0.0,0.0,0.0,0.0,0.0,0.0,0.0,0.0,0.0,0.0,0.0,0.0,0.0,0.0,0.0,0.0008417508417508418,0.0,0.0,0.0,0.0008417508417508418,0.0,0.0,0.0,0.001488095238095238,0.0015151515151515152,0.012262506012506011,0.0,0.0015151515151515152,0.0,0.0008417508417508418,0.0031986531986531986,0.0,0.0016835016835016836,0.009386446886446886,0.008935508935508936,0.0008417508417508418,0.03630952380952381,0.1570237578958509,0.0067941317941317934,0.09299820549820549,0.08117956010397871,0.12508667043550764,0.41024758510223625
0.0,0.0,0.0,0.0,0.0,0.0,0.0,0.0007309941520467836,0.0007309941520467836,0.0,0.0007309941520467836,0.007575757575757576,0.0,0.0,0.0,0.0,0.0,0.0,0.0,0.0,0.0007309941520467836,0.0,0.0,0.0,0.0,0.0,0.0,0.0,0.0,0.0,0.0,0.0,0.0007309941520467836,0.0,0.0,0.0015151515151515152,0.0,0.0032051282051282055,0.0,0.0014619883040935672,0.0007309941520467836,0.0,0.0,0.0007309941520467836,0.0,0.0,0.002977139819245082,0.0,0.025222048066875655,0.0797162859322569,0.008150011915892133,0.042288778472989,0.09673951275584669,0.1751001653451744,0.5509310730272617
0.0,0.0,0.0,0.0,0.0,0.007575757575757576,0.007575757575757576,0.0,0.0,0.0,0.0,0.0,0.0,0.0,0.0,0.0,0.0,0.0,0.0,0.0,0.0,0.0,0.0,0.0,0.0,0.0,0.0,0.0,0.0,0.0,0.0,0.000980392156862745,0.000980392156862745,0.0,0.0,0.000980392156862745,0.0,0.0065904139433551195,0.0,0.0,0.0,0.007575757575757576,0.000980392156862745,0.0,0.0,0.00196078431372549,0.000980392156862745,0.0,0.07944043114321751,0.05971142288332957,0.011397058823529411,0.09428790008551403,0.11215423244221151,0.11021568932986676,0.49661283352366414
0.0,0.0,0.0,0.0013440860215053762,0.0013440860215053762,0.0,0.0,0.0,0.0,0.0,0.0,0.0036231884057971015,0.0,0.0,0.0,0.0,0.0,0.0,0.0,0.0021367521367521365,0.0,0.0,0.0,0.0,0.0,0.0,0.0,0.0,0.0,0.0,0.0,0.0,0.0,0.0,0.0,0.0,0.0,0.0,0.0,0.0013440860215053762,0.0,0.0,0.0,0.0,0.0,0.0,0.006899641577060932,0.0,0.016666666666666666,0.10974673215206175,0.03646812125072995,0.07472724408208278,0.1863851085800595,0.1453480795346153,0.3306328742163244
0.0,0.0,0.0,0.0,0.0,0.0,0.0,0.0,0.0,0.009259259259259259,0.0,0.020833333333333332,0.0,0.0,0.0,0.0,0.0,0.0,0.0,0.0,0.0,0.0,0.0,0.0,0.0,0.0,0.0,0.0,0.0,0.0,0.0,0.0,0.0,0.0,0.0,0.0,0.0,0.0,0.0,0.0,0.0,0.0,0.0,0.0,0.0,0.009259259259259259,0.0,0.0,0.12638888888888888,0.16246898812688285,0.008333333333333333,0.017348927875243666,0.099863769271664,0.07393562821194401,0.388975279106858
0.0,0.0,0.006410256410256411,0.0,0.0,0.0,0.0,0.0,0.0,0.0,0.0,0.0,0.0,0.0,0.0,0.0,0.0,0.0,0.0,0.0,0.0,0.0,0.0,0.0,0.0,0.0,0.0,0.0,0.0,0.0,0.0,0.0,0.0,0.0,0.0,0.0,0.0,0.0,0.0,0.0,0.0,0.0,0.0,0.0,0.0,0.0,0.0,0.0,0.08854166666666667,0.10057245994745995,0.05555555555555555,0.17902930402930403,0.07126322751322751,0.11147879897879896,0.30381539756539755
0.0,0.0036231884057971015,0.0,0.0,0.0,0.0,0.0,0.0,0.0,0.0,0.0,0.0,0.0,0.0,0.0,0.0,0.0,0.0,0.0,0.0,0.0,0.0,0.0,0.0,0.0,0.0,0.0,0.0,0.0,0.0,0.0,0.0,0.0,0.0,0.0,0.0,0.0,0.0,0.0,0.0,0.0,0.0,0.0,0.0,0.0,0.0036231884057971015,0.0,0.0,0.0036231884057971015,0.10423634336677816,0.05396825396825397,0.04799132027392897,0.1464896214896215,0.11146480331262941,0.35831342570473
0.0030864197530864196,0.0,0.0,0.0,0.0,0.0,0.0,0.0,0.0,0.0,0.0,0.0,0.0,0.0,0.0,0.0,0.0,0.0,0.0,0.0,0.0,0.0,0.0,0.0,0.0,0.0,0.0,0.0,0.0,0.0,0.0,0.0,0.0,0.0,0.0,0.0,0.0,0.011904761904761904,0.0,0.0,0.0,0.0043859649122807015,0.0043859649122807015,0.0,0.0,0.002777777777777778,0.0,0.0,0.0494047619047619,0.04436728395061729,0.026003086419753088,0.058331012716977625,0.16058085027383273,0.08596665274296854,0.46547212939756794
0.0,0.0,0.0,0.0,0.0,0.0,0.0,0.0,0.0,0.0,0.0,0.0043859649122807015,0.0,0.0,0.0,0.0,0.0,0.0,0.0,0.0,0.0,0.0,0.0,0.0,0.0,0.0,0.0,0.0,0.0,0.0,0.0,0.0,0.0,0.0,0.0,0.0,0.0,0.0,0.0,0.0,0.0,0.0,0.0,0.0,0.0,0.0,0.0,0.0,0.012820512820512822,0.08764411757832812,0.08159722222222222,0.11320358187134504,0.20129696692196694,0.054508065034380826,0.36121023530563007
0.0,0.0,0.0,0.0,0.0,0.0,0.0,0.0,0.0,0.0,0.0,0.0,0.0,0.0,0.0,0.0,0.0,0.0,0.0,0.0,0.0,0.0,0.0,0.0,0.0,0.0,0.0,0.0,0.0,0.0,0.0,0.0,0.0,0.0,0.0,0.0,0.0,0.005555555555555556,0.0,0.0,0.0,0.0,0.0,0.0,0.0,0.006944444444444444,0.004166666666666667,0.0,0.025631313131313133,0.06593499093499093,0.1013888888888889,0.017992424242424244,0.05681602348269015,0.04406457739791073,0.5048384485884486
