ocs,ies,jjs,sso,ogj,ooo,oso,jsi,ggs,ics,cso,sos,iii,his,jis,ihs,hgs,csi,osi,ses,jos,ggg,soj,sse,see,isg,isj,jso,soo,igs,sjj,esi,ios,sjg,hhh,shh,ssh,gsi,sii,ssi,sis,scc,jsj,cse,ssj,oos,sjs,ssc,jsg,ggc,gcs,jgs,gsg,isi,scs,cgs,ssg,ess,sgg,sgs,oss,hss,css,jss,iss,gss,sss
0.0,0.0,0.0,0.0,0.0,0.0,0.0,0.0,0.0,0.0,0.0,0.0,0.0,0.0,0.0,0.0,0.0,0.0,0.0,0.0,0.0,0.0,0.0,0.0,0.0,0.0,0.0,0.0,0.0,0.0,0.0,0.0,0.0,0.0,0.0008680555555555555,0.0008680555555555555,0.0008680555555555555,0.0008680555555555555,0.0008680555555555555,0.0008680555555555555,0.0008680555555555555,0.0009057971014492754,0.0009057971014492754,0.0009057971014492754,0.0009057971014492754,0.001366120218579235,0.0016025641025641027,0.0017738526570048308,0.0020325203252032522,0.0020325203252032522,0.0020325203252032522,0.0020325203252032522,0.0020325203252032522,0.0020325203252032522,0.0022341757741347907,0.00481029810298103,0.006102330348473406,0.00763461976320583,0.008845319174448392,0.009972968313205587,0.015414149772605681,0.01988720292983918,0.03186014373806472,0.04442424844731511,0.08652853070406173,0.17918498826631435,0.5564637884412966
0.0,0.0,0.0,0.0,0.0,0.0,0.0,0.0,0.0,0.0,0.0,0.0,0.0,0.0,0.0,0.0,0.0,0.0,0.0,0.0,0.0008169934640522876,0.0008333333333333334,0.0008333333333333334,0.0008333333333333334,0.0008333333333333334,0.0008333333333333334,0.0009057971014492754,0.0009057971014492754,0.0009057971014492754,0.0009057971014492754,0.0018115942028985507,0.001851851851851852,0.001937984496124031,0.0023809523809523807,0.0,0.0,0.0,0.0,0.0024509803921568627,0.003356777493606138,0.004037605380316378,0.0,0.0,0.0009057971014492754,0.0017391304347826088,0.0,0.0008333333333333334,0.0,0.0,0.0,0.0,0.0,0.0008333333333333334,0.001937984496124031,0.0,0.0,0.004160079051383399,0.0031818181818181815,0.0016666666666666668,0.009720855777705768,0.010181874111430872,0.010530320538577179,0.036225654623715325,0.029648928783010686,0.06108017333403833,0.20213302898869723,0.5154530931761782
0.0,0.0,0.0,0.0,0.0,0.0,0.0,0.0,0.0,0.0,0.0,0.0,0.0,0.0,0.0007861635220125786,0.0007861635220125786,0.001388888888888889,0.001388888888888889,0.0014367816091954023,0.0016339869281045752,0.0,0.0,0.0,0.0,0.0,0.0,0.0,0.0,0.0,0.0,0.0,0.0,0.0,0.0,0.0,0.0,0.0,0.0,0.0028256704980842914,0.0028256704980842914,0.00361183402009687,0.0,0.0,0.0,0.0,0.0,0.0,0.0,0.0,0.0,0.0,0.0014367816091954023,0.0,0.0,0.0,0.0,0.00361183402009687,0.01684762169763235,0.0028256704980842914,0.0044444444444444444,0.024074932169908855,0.03259474982371078,0.04511506682778237,0.08842262709241365,0.10133235688180521,0.13199759542116143,0.4472789378050626
0.0,0.0,0.0,0.0,0.0,0.0,0.0,0.0,0.0,0.0,0.0010548523206751054,0.0010548523206751054,0.0011737089201877935,0.0023809523809523807,0.0,0.0,0.0,0.0,0.0,0.0,0.0,0.0,0.0,0.0,0.0,0.002228561240862899,0.0,0.0,0.0,0.0,0.0,0.0,0.0,0.0,0.0,0.0,0.0,0.0023809523809523807,0.00460951362181528,0.0032834135615380042,0.006259604037728479,0.0,0.0,0.0,0.0,0.0,0.0023809523809523807,0.0,0.0,0.0,0.0,0.0,0.0,0.0,0.0,0.0011737089201877935,0.0011737089201877935,0.007984901277584203,0.0011737089201877935,0.0011737089201877935,0.023819529376889876,0.014130889579545211,0.08654603624371032,0.04953316075867653,0.08987711299948914,0.13459336025736843,0.47867947732631194
0.0,0.0,0.0,0.0,0.0,0.0,0.0,0.0,0.0,0.0,0.0,0.0,0.0,0.0,0.0,0.0,0.0,0.0,0.0,0.0,0.0,0.0,0.0,0.0,0.0,0.0,0.0,0.0,0.0,0.0014619883040935672,0.0,0.0,0.0015151515151515152,0.0,0.0,0.0,0.0,0.0,0.0015151515151515152,0.0015151515151515152,0.002977139819245082,0.0,0.0,0.0,0.0,0.0,0.0,0.0,0.0,0.0,0.0,0.0026041666666666665,0.0,0.0,0.0,0.0,0.0015151515151515152,0.015944809941520467,0.0015151515151515152,0.004667116509221772,0.007872244714349977,0.019231106977817502,0.030540539504355296,0.17664219971205267,0.06879793376987649,0.09584123253337651,0.48251043063833304
0.0,0.0,0.0,0.0,0.0,0.0,0.0,0.0,0.0,0.0,0.0,0.0,0.0,0.0,0.0,0.0,0.0,0.0,0.0,0.0,0.0,0.0,0.0,0.0,0.0,0.0,0.0,0.0,0.0,0.0022522522522522522,0.0,0.0,0.0,0.0,0.0,0.0,0.0,0.0,0.0,0.0,0.0,0.0,0.0,0.0,0.0,0.0,0.0,0.0013020833333333333,0.0,0.0,0.0,0.0,0.0,0.0,0.0,0.0,0.0,0.007694128787878788,0.0,0.004079861111111111,0.013860267892525957,0.005250336021505376,0.01327844982078853,0.10206136829120699,0.01887706071173813,0.06648282099390969,0.5148613707837498
0.0,0.0,0.0,0.0,0.0,0.0,0.0,0.0,0.0,0.0,0.0,0.0,0.0,0.0,0.0,0.0,0.0,0.0,0.0,0.0,0.0,0.0,0.0,0.0,0.0,0.0,0.0,0.0,0.0,0.0,0.001984126984126984,0.0,0.0,0.0,0.0,0.001984126984126984,0.001984126984126984,0.0,0.0,0.001736111111111111,0.0,0.0,0.0,0.0,0.003968253968253968,0.0,0.0,0.0,0.0,0.0,0.0,0.004901960784313725,0.0,0.0,0.0,0.0,0.0,0.0,0.0,0.008146367521367522,0.005704365079365079,0.004901960784313725,0.025983309990662933,0.05811263899499192,0.06945642184612774,0.09857799471770061,0.7125582342494106
0.0,0.0,0.0,0.0,0.0,0.0,0.0,0.0,0.0,0.005902777777777778,0.0,0.0,0.0,0.0,0.0,0.0,0.0,0.0,0.0,0.0,0.0,0.0,0.0,0.0,0.0,0.004629629629629629,0.0,0.0,0.0,0.0,0.0,0.0,0.0,0.0,0.0,0.0,0.0,0.0,0.0,0.0,0.004629629629629629,0.0,0.0,0.0,0.0,0.0,0.0,0.0,0.0,0.0,0.0,0.0,0.0,0.004629629629629629,0.0,0.0,0.001736111111111111,0.00636574074074074,0.0,0.001736111111111111,0.0061220760233918125,0.008796296296296297,0.05291666666666667,0.04143274853801169,0.09445419103313839,0.13607577972709553,0.5472392787524366
0.0,0.0,0.0,0.0,0.0,0.0,0.0,0.0,0.0,0.0,0.0,0.0,0.0,0.0,0.0,0.0,0.0,0.0,0.0,0.0,0.0,0.0,0.0,0.0,0.0,0.0,0.0,0.0021367521367521365,0.0021367521367521365,0.0,0.0,0.0,0.0,0.0,0.0,0.0,0.0,0.0,0.0,0.0,0.0,0.0,0.0,0.0,0.0,0.0,0.0,0.0,0.0,0.0,0.0,0.006410256410256411,0.0,0.0,0.0,0.0,0.0,0.005195515449822258,0.0,0.008547008547008546,0.012049248718649866,0.005281406224802451,0.021160682358385394,0.16131751190200738,0.042860373151595466,0.08840106434446056,0.6445034286195073
0.0,0.0,0.001572327044025157,0.001572327044025157,0.001572327044025157,0.001572327044025157,0.003144654088050314,0.003472222222222222,0.003472222222222222,0.0,0.0,0.0,0.0,0.0,0.0,0.0,0.0,0.0,0.0,0.0,0.0,0.0,0.0,0.003144654088050314,0.003144654088050314,0.0,0.0,0.0,0.0047169811320754715,0.0,0.0,0.0,0.0,0.0,0.0,0.0,0.001572327044025157,0.0,0.003472222222222222,0.0,0.0,0.0,0.0,0.0,0.0,0.0,0.0032051282051282055,0.0,0.0,0.0,0.0,0.0,0.0,0.0,0.0,0.0,0.0,0.008516771488469601,0.0,0.006944444444444444,0.025545274955652314,0.0035460992907801418,0.07399296196466008,0.09796810030150055,0.05861602936071022,0.13523038722506808,0.5540055574805675
0.0021929824561403508,0.0021929824561403508,0.0,0.0,0.0,0.0,0.0,0.0,0.005208333333333333,0.0,0.0,0.0,0.0,0.0,0.0,0.0021929824561403508,0.0,0.0,0.0,0.0,0.0,0.0,0.0,0.0,0.0,0.0,0.0,0.0,0.0,0.0,0.0,0.0,0.0,0.0,0.0,0.0,0.0,0.0,0.0,0.0,0.0,0.0,0.0,0.0,0.0,0.0,0.0,0.0,0.0,0.0,0.0,0.01008909853249476,0.0,0.0,0.0,0.0,0.0,0.001572327044025157,0.0,0.008818703855619359,0.0033333333333333335,0.0021929824561403508,0.0053376365441906645,0.06721028475899272,0.03858559091628691,0.07360231999194047,0.6108037751985552
0.0,0.0,0.0,0.0,0.0,0.0,0.0,0.0,0.0,0.0,0.0,0.0,0.0,0.0,0.0,0.0,0.0,0.0,0.0,0.0,0.0,0.0,0.0,0.0,0.0,0.0,0.0,0.0,0.0,0.0,0.0,0.0,0.0,0.0,0.0,0.0,0.0,0.0,0.0,0.0,0.0,0.0,0.0,0.0,0.0,0.0,0.0,0.0,0.0,0.0,0.0,0.005208333333333333,0.0,0.0,0.0,0.0,0.0,0.0,0.0,0.008662508662508664,0.0,0.03125103125103125,0.029933608058608053,0.05876171501171501,0.055805633930633924,0.12513457825957824,0.5185759248259248
0.0,0.0,0.0,0.0,0.0,0.0,0.0,0.0,0.0,0.0,0.0,0.0,0.0,0.0,0.0,0.0,0.0,0.0,0.0,0.0,0.0,0.0,0.0,0.0,0.0,0.0033333333333333335,0.0,0.0,0.0,0.0033333333333333335,0.0,0.0,0.0,0.002976190476190476,0.0,0.0,0.0,0.0,0.0,0.0,0.0,0.0,0.0,0.0,0.0,0.0,0.0,0.0,0.0,0.0,0.0,0.006666666666666667,0.0,0.0,0.0,0.0,0.0,0.0,0.0,0.0,0.004905660377358491,0.005208333333333333,0.04467243186582809,0.02888546798029557,0.03382089026241596,0.03306293955448152,0.5831347528167632
