ge,ce,oe,ee,je,hi,oc,ie,ih,oh,eg,oo,hh,jo,oj,gh,jg,hg,ij,og,gc,hj,ej,gj,hc,cj,ei,jc,cg,ji,jj,ci,se,oi,so,sc,sh,sj,ig,gi,ii,si,os,js,es,hs,gg,cs,sg,is,gs,ss
0.0,0.0,0.0,0.0,0.0,0.0,0.0,0.0,0.0,0.0,0.0,0.0,0.0,0.0,0.0,0.0,0.00019747235387045816,0.00019747235387045816,0.00019747235387045816,0.0002153316106804479,0.00025484199796126404,0.00025484199796126404,0.00025484199796126404,0.00025484199796126404,0.00025484199796126404,0.00025484199796126404,0.00025484199796126404,0.00025484199796126404,0.00030413625304136254,0.00045045045045045046,0.0004523143518317221,0.0007071563497929862,0.0008295546416394249,0.0008472590595726384,0.0009097760551248923,0.0010686622469251545,0.001298172898256343,0.0014124487982047006,0.0026112103936192354,0.003815846673850947,0.004313387516429339,0.007590225132302696,0.00881489039790556,0.009077312865236832,0.009363596332033033,0.013253815200575897,0.016950539977002462,0.02168997656243385,0.023030700636994084,0.12030365402853528,0.22624375777211073,0.5218146707501484
0.0,0.0,0.0,0.0,0.0,0.0,0.0,0.00017006802721088437,0.00017006802721088437,0.00018726591760299626,0.00018726591760299626,0.00035733394481388066,0.0004775711022416347,0.0006304731837486376,0.0006476391294525191,0.0007246376811594203,0.0,0.00017006802721088437,0.00034013605442176874,0.0005274019720247651,0.0,0.0,0.0,0.0,0.00017006802721088437,0.00017006802721088437,0.00034013605442176874,0.0010426849136526556,0.00018726591760299626,0.0006923164226535013,0.00017006802721088437,0.0006802721088435375,0.000510204081632653,0.000800541210959522,0.0024819904844398375,0.002037408420190527,0.00797227487833078,0.0012912230109435078,0.0031643260680286334,0.00685933142006958,0.008618235531701797,0.013126865720287732,0.01720253559547266,0.0182490151829991,0.0022645900465449336,0.019083675949696607,0.01294823489125538,0.041239830223667916,0.017577510160713666,0.07910521385673953,0.21714591974006003,0.5202782650427572
0.0,0.0,0.0,0.0,0.0,0.0,0.0,0.0,0.0,0.0,0.0,0.0,0.0,0.0,0.0,0.0,0.0022576832151300235,0.00026709401709401707,0.00026709401709401707,0.00026709401709401707,0.0,0.0,0.0,0.00020885547201336674,0.0,0.0,0.0,0.0,0.0,0.0010556193392014287,0.0,0.00026709401709401707,0.0,0.00026709401709401707,0.002292319611843812,0.0033862438035940907,0.00026709401709401707,0.0010587365850523746,0.0009518989782147676,0.003425766904650834,0.002205031810294968,0.007920183263887633,0.016038421349191475,0.013045229365185191,0.0037832263659084604,0.0291104728059802,0.00811464352045384,0.028449135483332316,0.017035209459799163,0.11109711590824539,0.18215369159973857,0.4814746177223847
0.0,0.0,0.0,0.0,0.0,0.0002844141069397042,0.0006082725060827251,0.0,0.0,0.0,0.0,0.0,0.0,0.0011904761904761904,0.0002805836139169472,0.0,0.004184995112414467,0.0012275533108866443,0.0,0.0,0.0,0.0,0.0,0.0002844141069397042,0.0,0.0,0.0,0.0006082725060827251,0.0,0.002665366487892085,0.000946969696969697,0.0,0.0,0.0,0.0,0.0,0.0002805836139169472,0.0,0.0006082725060827251,0.0002844141069397042,0.0008494118277963557,0.011529285615008442,0.015139030162626263,0.016340075190732304,0.003276815776815777,0.016499229033719528,0.003179257907642435,0.025443292575916706,0.008126773997081164,0.10710312836347198,0.1426261151330712,0.6364329965505776
0.0,0.0,0.0,0.0,0.0,0.0,0.0,0.0,0.0,0.0,0.0,0.0,0.0,0.0,0.0,0.0,0.004447162676422266,0.0,0.0,0.0,0.0,0.0,0.0,0.0,0.0,0.0,0.0,0.0,0.0,0.0,0.002824858757062147,0.0,0.0,0.0,0.027777777777777776,0.0004901960784313725,0.001388888888888889,0.0004901960784313725,0.0,0.0,0.0,0.0034663865546218486,0.010460758645472794,0.019344527205667785,0.001902625456962446,0.011026443745056201,0.0015192576168185925,0.048055838104562286,0.009996908346980082,0.06015406142457594,0.11085022561209373,0.6024705536968411
0.0,0.0,0.0,0.0,0.0016666666666666668,0.0,0.0,0.0,0.0,0.0,0.0,0.0,0.0,0.0,0.0,0.0,0.0046734093226793345,0.0,0.0,0.0,0.0,0.0,0.0,0.0,0.0,0.0,0.0,0.0,0.0,0.0,0.0008333333333333334,0.0,0.0,0.0,0.0,0.0,0.0,0.0,0.0,0.0,0.0,0.0,0.009246080858085808,0.029832662250905664,0.009016596045197741,0.012654919338087654,0.0022375118867818985,0.016400776444984784,0.003252729119065753,0.0656689381861915,0.14152605416995415,0.6196569890447324
0.0,0.0,0.0,0.0,0.0,0.0,0.0,0.0,0.0,0.0,0.0,0.0,0.0,0.0,0.0,0.0,0.014903846153846155,0.0,0.0,0.0,0.0,0.0,0.0,0.0,0.0,0.0,0.0,0.0,0.0,0.002976190476190476,0.004523201362281822,0.0,0.0,0.0,0.0006172839506172839,0.0,0.00359347442680776,0.0,0.0,0.0,0.0,0.0020833333333333333,0.006162196679438059,0.028351486879480952,0.01316689161321599,0.021445152579649,0.0,0.026096870336205464,0.01691431901655737,0.07481692933266808,0.10404980224601927,0.5969656882803557
0.0,0.0,0.0,0.0,0.0,0.0,0.0,0.0,0.0,0.0,0.0,0.0,0.0,0.0,0.0,0.0,0.007437745376085772,0.0,0.0,0.0,0.0,0.0,0.0,0.0,0.0,0.0,0.0,0.0,0.0,0.0,0.001282051282051282,0.0,0.0,0.0,0.004901960784313725,0.0,0.0,0.0,0.0,0.0,0.0,0.0,0.013136160171264536,0.019736051232209884,0.011301998389516323,0.016770324561606136,0.0,0.023978964328385435,0.010481276364842843,0.09142803744535688,0.0984791681310682,0.6177329285999656
0.0,0.0,0.0,0.0,0.0,0.0,0.0,0.0,0.0,0.0,0.0,0.0,0.0,0.0,0.0,0.0,0.0028735632183908046,0.001282051282051282,0.0,0.0,0.0,0.0,0.0,0.0,0.0,0.0,0.0,0.0,0.001282051282051282,0.0,0.0,0.0,0.0,0.0,0.0,0.004310344827586207,0.0,0.0,0.0,0.0,0.0,0.0,0.005437665782493369,0.011105681976825354,0.010339626566807094,0.009518678160919539,0.0026041666666666665,0.02070347038019452,0.005376344086021505,0.10076557130975826,0.11075238306838305,0.6303150680585178
0.0,0.0,0.0,0.0,0.0,0.0,0.0,0.0,0.0,0.0,0.0,0.0,0.0,0.002777777777777778,0.0,0.0,0.008394607843137255,0.0,0.0,0.0,0.0,0.0,0.0,0.0,0.0,0.0,0.0,0.0,0.0,0.0,0.0,0.0,0.0,0.0,0.0,0.0,0.0023148148148148147,0.0,0.0,0.0,0.0,0.003787878787878788,0.00897875816993464,0.007890795206971677,0.03252673796791444,0.015416666666666667,0.01085648148148148,0.017390819964349376,0.00375,0.09123044167161813,0.09943600925218572,0.6119148770619359
0.0,0.0015151515151515152,0.0030303030303030303,0.0030303030303030303,0.0,0.0,0.0,0.0,0.0,0.0,0.0,0.0,0.0,0.0,0.0015151515151515152,0.0,0.014358974358974359,0.0,0.0,0.0,0.0,0.0,0.0,0.0,0.0,0.0,0.0,0.0,0.0,0.0,0.0,0.0,0.010606060606060605,0.0,0.0015151515151515152,0.0043859649122807015,0.0,0.0030303030303030303,0.0,0.0,0.0,0.0,0.026290992957659628,0.032675865800865796,0.010774410774410775,0.01426976622012083,0.0033333333333333335,0.02091755831887411,0.004951468448808874,0.033465139404855716,0.1393396072772706,0.670994493950121
0.010858585858585859,0.0,0.0,0.0,0.0,0.0,0.0,0.0,0.0,0.0,0.0,0.0,0.0,0.0,0.0,0.0,0.001893939393939394,0.0,0.0,0.0,0.0,0.0,0.0,0.0,0.0,0.0,0.0,0.0,0.0,0.0,0.0,0.0,0.0,0.0,0.0,0.0,0.001388888888888889,0.0,0.0,0.0,0.0,0.0026041666666666665,0.008342352092352094,0.03299512987012987,0.0026041666666666665,0.005208333333333333,0.004419191919191919,0.014632936507936506,0.02463699494949495,0.06737012987012987,0.0733270202020202,0.6663848304473304
0.0,0.0,0.0,0.0,0.0,0.0,0.0,0.0,0.0,0.0,0.0023148148148148147,0.0,0.0,0.0,0.0,0.0,0.0032051282051282055,0.0,0.0,0.0,0.0,0.0,0.0,0.0,0.0,0.0,0.0,0.0,0.0,0.0012626262626262627,0.0,0.0,0.0,0.0,0.0,0.0,0.0012626262626262627,0.0,0.0023148148148148147,0.0,0.0,0.0,0.0012626262626262627,0.03202720706468832,0.011681884526712113,0.01456876456876457,0.004467754467754468,0.025974488474488477,0.012060257749912923,0.05767110339823983,0.11530331862041006,0.6312892511730593
