jis,iis,jso,ssg,gjs,jes,jgs,sos,scs,gsg,jcs,shs,ggs,hsh,ssh,shh,jsg,ssi,sis,ess,sgs,hss,css,oss,jss,iss,gss,sss
0.0,0.0,0.0,0.0,0.0,0.0,0.0,0.0,0.0,0.0,0.0,0.0010288065843621398,0.0010288065843621398,0.0010288065843621398,0.0010288065843621398,0.0010288065843621398,0.0010288065843621398,0.001388888888888889,0.002472285210380448,0.004787100025195262,0.004878917378917379,0.009268839239599473,0.012156812292568347,0.01822548956540851,0.03347967141617936,0.08894410504823948,0.2424467696142006,0.5757782818142494
0.0,0.0,0.0,0.0,0.0,0.0,0.0,0.0,0.0,0.0016666666666666668,0.0016666666666666668,0.0,0.0,0.0,0.0,0.0,0.0,0.0,0.013020833333333334,0.001488095238095238,0.0026041666666666665,0.027716091778591783,0.03524742340406898,0.017497372529018097,0.02995925810008088,0.11750873408705688,0.22773281292664202,0.5238918786031129
0.0,0.0,0.0,0.0,0.0,0.0,0.0,0.0,0.0,0.0,0.0,0.0,0.0,0.0,0.0,0.0,0.0030864197530864196,0.0,0.0,0.0,0.0,0.01935806933517341,0.06072423600322476,0.013177369676828024,0.04154115468374955,0.07168942556078813,0.14163580166577058,0.648787523321379
0.0,0.0,0.0,0.0,0.0,0.0,0.0,0.0,0.003472222222222222,0.0,0.0,0.0,0.0,0.0,0.0,0.0,0.0,0.0,0.0,0.013035394265232975,0.007896505376344086,0.009783582671030076,0.06680427547363031,0.018632148979273802,0.049862947750395153,0.07709215012949235,0.11913121396291103,0.634289559169468
0.0,0.0,0.0,0.0,0.0,0.0043859649122807015,0.004901960784313725,0.006410256410256411,0.0,0.0,0.0043859649122807015,0.0,0.0,0.0,0.0,0.0,0.0,0.0,0.0,0.014327485380116958,0.0,0.021164021164021163,0.05767282790309106,0.01680672268907563,0.07138941102756892,0.17563693831108687,0.07673772950475737,0.462847383667817
0.0,0.0,0.0,0.0,0.0,0.0,0.0,0.0,0.0,0.0,0.0,0.0,0.0,0.0,0.0,0.0,0.0,0.0,0.0,0.003472222222222222,0.0,0.034583333333333334,0.08348180076628352,0.017916666666666668,0.062298052362707544,0.157360312899106,0.14115341634738185,0.49973419540229885
0.0,0.0,0.0,0.0,0.0,0.0,0.007575757575757576,0.0,0.0,0.0,0.0,0.0,0.0,0.0,0.0,0.0,0.0,0.0,0.0,0.003968253968253968,0.0,0.012301587301587301,0.08136863136863136,0.010763888888888887,0.10935973748473748,0.1020160395160395,0.12944867632367632,0.4598640942390942
0.0,0.0,0.0,0.003472222222222222,0.004629629629629629,0.0,0.0,0.0,0.0,0.0,0.0,0.0,0.0,0.0,0.0,0.0,0.0,0.0,0.0,0.0,0.007858187134502924,0.014285714285714285,0.016863683272352003,0.018999518999519,0.05194409635199108,0.09733221571456864,0.047584582743251475,0.7370301496462487
0.0,0.0,0.0,0.0,0.0,0.0,0.0,0.0,0.0,0.0,0.0,0.0,0.0,0.0,0.0,0.0,0.0,0.0,0.0,0.0,0.011904761904761904,0.016290726817042606,0.024999999999999998,0.02670531223162802,0.047861239637555425,0.099052555631503,0.12471917702180858,0.6484662267557004
0.0,0.0,0.004901960784313725,0.0,0.0,0.0,0.0,0.0,0.0,0.0,0.0,0.0,0.0,0.0,0.0,0.0,0.0,0.0,0.0,0.004629629629629629,0.0,0.027777777777777776,0.021164021164021163,0.01827485380116959,0.027777777777777776,0.0931945877766311,0.0935549658459875,0.7087244254426915
0.0,0.0,0.0,0.0,0.0,0.0,0.0,0.0,0.0,0.0,0.0,0.0,0.0,0.0,0.0,0.0,0.0,0.0,0.007575757575757576,0.0,0.0,0.0,0.02840909090909091,0.018849206349206348,0.02571733821733822,0.08908221408221408,0.0918629981129981,0.6551700614200614
0.0,0.007575757575757576,0.0,0.0,0.0,0.0,0.009259259259259259,0.0,0.0,0.0,0.0,0.0,0.0,0.0,0.0,0.0,0.0,0.0,0.0,0.0026041666666666665,0.0021367521367521365,0.01047008547008547,0.036222400284900286,0.032171474358974356,0.038758984071484065,0.07470619658119658,0.10486758611758612,0.6812273374773374
0.005555555555555556,0.0,0.0,0.0,0.0,0.0,0.0,0.0,0.0,0.0,0.0,0.0,0.0,0.0,0.0,0.0,0.0,0.0,0.0,0.003472222222222222,0.0,0.011904761904761904,0.04640977443609023,0.0,0.028216374269005844,0.06783730158730157,0.1035735171261487,0.7330304928989139
