ih,ii,hg,gc,ij,hc,je,gi,jj,ji,jh,jg,gh,eo,ig,sc,hh,gj,jc,ci,og,so,se,sh,sj,es,gg,si,cs,os,hs,sg,js,is,gs,ss
0.0,0.0,0.0,0.0,0.0,0.0,0.0,0.0,0.0,0.0,0.0,0.0,0.0,0.0,0.0,0.0,0.0003949447077409163,0.0003949447077409163,0.0005868544600938967,0.0005995203836930456,0.000925925925925926,0.0009399618047266651,0.0013475724360667303,0.001349173531812929,0.0025030525030525033,0.0034539496199298726,0.0036491038491031674,0.004850688460258985,0.008728246776797925,0.0104853271654809,0.010531540499635414,0.011409644476482622,0.02164653094559135,0.0941167850075106,0.2324040179700063,0.5896822147683495
0.0,0.0,0.0,0.0,0.0,0.0,0.0,0.0,0.0,0.0,0.0005868544600938967,0.0006720430107526881,0.0006830601092896175,0.0008250825082508251,0.0008250825082508251,0.0014119369683447218,0.0,0.0,0.000641025641025641,0.0,0.0,0.0,0.0,0.0004901960784313725,0.002873156815287863,0.0046735063413358416,0.0013550135501355016,0.00655227971445745,0.01988445638153809,0.011025100511069983,0.01874356015875368,0.009228285373291489,0.02522016176097773,0.10000282240332704,0.21411276185606568,0.58019361384932
0.0,0.0,0.0,0.0,0.0,0.0,0.0,0.0,0.000946969696969697,0.0010822510822510823,0.0,0.0,0.0,0.0,0.0,0.0025235276259866425,0.0,0.0,0.0,0.0,0.0,0.0,0.0,0.0018334945196647322,0.0036900948432887384,0.0010964912280701754,0.0,0.0008865248226950354,0.030985231590342943,0.007496192009620681,0.017212798728886737,0.004516957080849854,0.023226327740374007,0.07875962171530815,0.13228003107839478,0.6934634862372967
0.0,0.0,0.0,0.0,0.0,0.0,0.0,0.0009578544061302681,0.0009578544061302681,0.001937984496124031,0.0,0.0,0.0,0.0,0.000896057347670251,0.0015432098765432098,0.0,0.0,0.000896057347670251,0.0,0.0,0.0,0.0,0.0,0.002393550012597631,0.006628414147350531,0.0008503401360544217,0.002895838902254299,0.028101190332795362,0.008163842026119557,0.02553116307793311,0.007554007265988833,0.027019620072342487,0.11275047085025158,0.15964833228152653,0.6112742130145175
0.0,0.0,0.0,0.0,0.0,0.0,0.0016666666666666668,0.0,0.0,0.0,0.0,0.0043859649122807015,0.0,0.0,0.0,0.0,0.0,0.0,0.0023809523809523807,0.0024509803921568627,0.0,0.0018115942028985507,0.0,0.0,0.0,0.010121787845573013,0.0,0.006359649122807017,0.028782063241577855,0.01415180931096492,0.01832176996608079,0.0024509803921568627,0.03369265822270938,0.1564450121626462,0.1046514844638214,0.528993293383374
0.0,0.0,0.0,0.0021367521367521365,0.0021367521367521365,0.004629629629629629,0.0,0.0,0.0,0.0,0.0,0.001572327044025157,0.0,0.0,0.0,0.0,0.0,0.0,0.0,0.0,0.0,0.0,0.0,0.0,0.0,0.001572327044025157,0.005223171889838556,0.0021367521367521365,0.03287733446249908,0.01763293210010011,0.015250138594177133,0.0,0.027047573067411155,0.11925393987576305,0.1128035710385804,0.6557267988436942
0.0,0.0,0.0,0.0,0.0,0.0,0.0,0.0,0.0,0.0022522522522522522,0.005169753086419753,0.007301587301587302,0.0,0.0,0.0,0.0,0.0,0.0,0.0014619883040935672,0.0,0.0,0.0,0.008662508662508664,0.0,0.0,0.0022522522522522522,0.0014619883040935672,0.007872244714349977,0.03177897427132433,0.006220506220506221,0.011198767981713717,0.0022522522522522522,0.05079140146587107,0.09514531405545278,0.10904634391476498,0.5737985316272239
0.0,0.0,0.0,0.0,0.0,0.0,0.0,0.0,0.0,0.0,0.0,0.0072310405643738985,0.0,0.0,0.0,0.0,0.0,0.001984126984126984,0.0,0.0,0.0,0.0015432098765432098,0.0,0.0036231884057971015,0.0,0.0037898363479758833,0.001851851851851852,0.0,0.012828637053443254,0.008289241622574954,0.00796244423695404,0.0049382716049382715,0.026408883967023497,0.07498281752876411,0.09547269943441555,0.7490937505212174
0.0,0.0,0.0,0.0,0.0,0.0,0.0,0.0,0.0,0.0,0.0,0.007575757575757576,0.0,0.0,0.0,0.005208333333333333,0.0,0.0,0.0,0.0,0.0,0.0,0.0,0.0,0.0,0.0,0.001572327044025157,0.01676672012891178,0.02651184317305742,0.01262281256588657,0.01830441854161019,0.00989068583408206,0.02345823993294546,0.11997240465100996,0.10739638094581976,0.6507200762735608
0.0,0.0,0.001984126984126984,0.0,0.0,0.0,0.0,0.0,0.0,0.0,0.0,0.0,0.0,0.0,0.0,0.0,0.0,0.0,0.008333333333333333,0.0,0.0,0.0018115942028985507,0.0,0.0,0.010144927536231885,0.001984126984126984,0.0,0.002777777777777778,0.014680799220272904,0.0102922033766587,0.012989203778677462,0.006944444444444444,0.013946097126875159,0.11175568238390865,0.1359127893141849,0.6664428935364822
0.0,0.0,0.0,0.0,0.0,0.0,0.0,0.0,0.0,0.0,0.0,0.0,0.0,0.0,0.0,0.0,0.0,0.0,0.0,0.0,0.0,0.008159722222222223,0.0,0.0,0.0,0.011904761904761904,0.0033333333333333335,0.013513257575757576,0.01553872053872054,0.010097706718346254,0.005937500000000001,0.005208333333333333,0.010337752525252526,0.08634425651867512,0.08767828478584294,0.7419463705437542
0.0,0.0026881720430107525,0.0,0.0,0.0,0.0,0.0,0.0,0.0,0.006410256410256411,0.0,0.0067237865610379165,0.0,0.0,0.0,0.0,0.0,0.0,0.0,0.0,0.0,0.0,0.0,0.0,0.010162258724096688,0.005109806479669493,0.0,0.005308219178082192,0.01630847888545627,0.02533573847466894,0.00968139882968967,0.0010548523206751054,0.01690881695087853,0.06208468035279987,0.08906134498126901,0.7431621898084092
0.002777777777777778,0.0,0.0,0.0,0.0,0.0,0.0,0.0,0.0,0.002777777777777778,0.0,0.0,0.0,0.0,0.0,0.0,0.0,0.0,0.0,0.0,0.0,0.0,0.0,0.0,0.0,0.004166666666666667,0.0,0.0,0.027436872842978837,0.0032158317872603586,0.012542974178918878,0.0015151515151515152,0.014512471655328797,0.08697871988482588,0.10318407910573808,0.7408916768075754
