jo,ii,io,ig,sj,jh,se,gi,og,eg,gc,gj,ci,so,sh,jj,cc,jc,ji,gg,co,si,jg,sc,es,hs,sg,os,js,cs,is,gs,ss
0.0,0.0,0.0,0.0,0.0,0.0,0.0,0.0,0.0,0.0,0.0,0.0,0.0,0.0,0.0,0.000380517503805175,0.0004873294346978557,0.0009746588693957114,0.0010964912280701754,0.0012483644423082058,0.0017006802721088435,0.002071150097465887,0.0020811977759140183,0.002112960747829169,0.003314135832932825,0.006967861537835739,0.007011931574095152,0.0226805417124966,0.027892145259085722,0.05617078693123565,0.08022574896197646,0.2147511305791954,0.5688323672395514
0.0,0.0,0.0,0.0,0.0,0.0,0.0,0.0,0.0,0.0,0.0,0.0,0.0,0.0,0.001388888888888889,0.0,0.0,0.0,0.0,0.001388888888888889,0.0,0.0,0.008663869819476226,0.0020833333333333333,0.050682261208576995,0.007407407407407407,0.005116959064327485,0.02740855795142107,0.023194126620900077,0.038478104805674256,0.11550362045443983,0.08381808144849162,0.6348659001081739
0.0,0.0,0.0,0.0,0.0,0.0,0.0,0.0,0.0,0.0,0.0,0.0,0.0,0.0008250825082508251,0.0,0.0,0.0,0.0,0.0,0.002763067004374856,0.0,0.013715277777777778,0.0023402340234023405,0.0,0.003968253968253968,0.02197571547483283,0.0030303030303030303,0.04718700014411378,0.045825082508250826,0.023985600383268458,0.08307453783720772,0.13802205754403313,0.6132877877959305
0.0,0.0,0.0,0.0,0.0,0.0,0.0,0.0,0.0,0.0,0.0,0.0,0.0033333333333333335,0.0,0.0016339869281045752,0.0,0.0,0.0,0.0,0.0038656267104542966,0.0,0.000992063492063492,0.0032862103174603175,0.0,0.0048115477145148355,0.006079877190520537,0.015621579091406677,0.025240083908866787,0.019265448920952735,0.04032031090090285,0.11087688618619441,0.10912934276773611,0.655543702537489
0.0,0.0,0.0,0.0,0.0,0.0,0.0,0.0,0.0,0.0,0.0,0.0013020833333333333,0.0,0.0,0.0,0.0,0.0,0.0,0.0,0.003968253968253968,0.0,0.003787878787878788,0.0,0.0,0.0033333333333333335,0.025962274679993475,0.0042592592592592595,0.05652987482255775,0.018109249628035496,0.02119501069397949,0.06805766348269936,0.07649393165219924,0.7170011863584765
0.0,0.0,0.0,0.0,0.0,0.0,0.0,0.0,0.0,0.0,0.0,0.0,0.0,0.0020833333333333333,0.0,0.0,0.0,0.0,0.0,0.0,0.0,0.004176493710691824,0.006273570081709617,0.0,0.01597222222222222,0.02532062170965853,0.010097706718346254,0.014323009754385283,0.018187156158854273,0.04913573567807439,0.08748900566473179,0.09064638030726103,0.5929614313273981
0.0,0.0,0.0,0.0,0.0,0.0,0.0,0.0,0.0,0.0,0.0,0.0,0.0,0.0,0.0,0.0,0.0,0.0,0.008333333333333333,0.0,0.0,0.016666666666666666,0.016736694677871148,0.0026041666666666665,0.0011111111111111111,0.005952380952380952,0.004415760869565217,0.014401958247066943,0.006713554987212276,0.061549280944261764,0.09259184734501175,0.11007214804998387,0.6588510961488683
0.0,0.0,0.0,0.0,0.0,0.0,0.0,0.0,0.0026041666666666665,0.003787878787878788,0.013888888888888888,0.0,0.0,0.0,0.0,0.0,0.0,0.0,0.0,0.0,0.0,0.0,0.0,0.0054777298850574715,0.004588293650793651,0.02491084834834835,0.008996212121212122,0.021021483305966066,0.011345050407550407,0.052898104245087,0.10158745077926112,0.1490584285304113,0.5998354643828782
0.0,0.0,0.0,0.0,0.0,0.0,0.0,0.007575757575757576,0.0,0.0,0.0,0.0,0.0,0.0,0.0,0.0,0.0,0.0,0.0014619883040935672,0.0,0.0,0.0026041666666666665,0.0028060743255989436,0.0014619883040935672,0.0014619883040935672,0.01049973418394471,0.007259528130671506,0.009037745879851143,0.020880353886508385,0.011160293206133612,0.117718369069206,0.12195554449525724,0.6841164676681236
0.0,0.0,0.0,0.0,0.0016025641025641027,0.0018115942028985507,0.0018115942028985507,0.0,0.0,0.0,0.0,0.0,0.0,0.0,0.0,0.0,0.0,0.0,0.0,0.0,0.0,0.009575569358178054,0.0016025641025641027,0.0016025641025641027,0.007054673721340388,0.015010351966873706,0.012433862433862434,0.021615612648221344,0.008725071225071225,0.028442159692159696,0.0811959578263926,0.13274982532228907,0.6747660350921221
0.0,0.0,0.0,0.0,0.003787878787878788,0.0,0.0,0.0,0.0,0.0,0.0,0.0,0.0,0.0,0.0,0.0,0.0,0.0,0.0,0.001141552511415525,0.0,0.029444444444444443,0.001141552511415525,0.0021367521367521365,0.0016666666666666668,0.011784418417439324,0.00228310502283105,0.027592525835135787,0.005259295499021526,0.012263041372630415,0.09046808594753798,0.13434642082262846,0.5933509266908691
0.0,0.0,0.0023809523809523807,0.0032051282051282055,0.0013020833333333333,0.0,0.0,0.0,0.0,0.0,0.0,0.0,0.0,0.0,0.0,0.0,0.0,0.0,0.0,0.005089962121212121,0.0,0.007712339743589744,0.0,0.006998509964611659,0.003787878787878788,0.0065023914997431945,0.019000906500906502,0.0047619047619047615,0.007170531230382925,0.010888356412023896,0.07661889970863543,0.09149887933382629,0.5864146093492041
0.0032051282051282055,0.009627329192546583,0.0,0.0,0.0,0.0,0.0036231884057971015,0.0,0.0,0.0,0.0,0.0,0.0,0.0020325203252032522,0.0,0.0,0.0,0.0,0.0,0.0,0.0,0.006004140786749482,0.0020325203252032522,0.0,0.005704365079365079,0.0040650406504065045,0.005504742547425474,0.003968253968253968,0.012115722529884328,0.015354343429635051,0.06551305323891131,0.10477785858248645,0.5064717927330039
