go,hg,gc,eo,jc,hc,eh,cc,je,ci,ec,ic,cg,ei,jh,gj,ho,ih,sh,hi,ge,eg,ee,ij,ji,se,so,jo,gi,sc,jg,ii,ig,jj,gg,es,sj,si,os,sg,hs,cs,js,is,gs,ss
0.0,0.0,0.0,0.0,0.0,0.0,0.0,0.0,0.0,0.0,0.0,0.0,0.0,0.0,0.0,0.0,0.0,0.0,0.0,0.0003912363067292645,0.0005175983436853001,0.0005446623093681918,0.0005592841163310962,0.0005592841163310962,0.0005592841163310962,0.0005592841163310962,0.0006613756613756613,0.0011811746635947778,0.0012077294685990338,0.0012206597777067575,0.0017329930365188896,0.0018593550734749252,0.002102493992874306,0.0029067019567066833,0.003421900161030596,0.005295429208472687,0.005856263133715762,0.007597967781254056,0.009878148910619463,0.009913658213783478,0.017349554979074252,0.028433396542224158,0.03406683134031247,0.11601266257659691,0.2154772687003329,0.5301338013966249
0.0,0.0,0.0,0.0,0.0,0.0,0.0,0.0,0.0,0.0,0.0,0.0,0.000591016548463357,0.0008090614886731391,0.0008090614886731391,0.0008090614886731391,0.0012626262626262627,0.0016181229773462782,0.006951782357037904,0.0008090614886731391,0.0,0.0,0.0,0.0008090614886731391,0.0008090614886731391,0.0023148148148148147,0.0017281756108571752,0.0,0.0,0.000992063492063492,0.0,0.0,0.0018656273853674087,0.0008090614886731391,0.0,0.013046344440593195,0.0,0.007376895899131794,0.013675933852727912,0.004498305721115658,0.026180171775656718,0.04641516435032111,0.027412403513718323,0.1305414326733159,0.1791869109075589,0.528678776996572
0.0,0.0,0.0,0.0,0.0,0.0,0.0,0.0,0.0,0.0,0.0010683760683760683,0.0032051282051282055,0.0,0.0,0.0,0.0010683760683760683,0.0,0.0,0.0010683760683760683,0.0,0.0,0.0,0.0,0.0,0.0010683760683760683,0.009081196581196582,0.0,0.0,0.0010683760683760683,0.00042301184433164127,0.006340992019019575,0.0,0.0,0.0010683760683760683,0.0006172839506172839,0.00703246402393113,0.0,0.003824372388549328,0.0067768704570245995,0.006179777795683041,0.020380244407618184,0.0370037693970844,0.06040360943641085,0.14905802601935794,0.13195593777737144,0.5513070592864194
0.0,0.0,0.0,0.0,0.0,0.0,0.0007861635220125786,0.0007861635220125786,0.0007861635220125786,0.000980392156862745,0.0,0.0,0.027777777777777776,0.0,0.0,0.0,0.0,0.0,0.0007122507122507123,0.0,0.0,0.0,0.0,0.0,0.0,0.0007861635220125786,0.006594603653427182,0.0,0.0,0.0,0.003145340736581613,0.0,0.0007861635220125786,0.0007861635220125786,0.002002708534178029,0.010160499193859284,0.001572327044025157,0.000980392156862745,0.011470702025360291,0.014794203385802743,0.006776871034018264,0.028820986896838412,0.05333912726640085,0.13609051073999878,0.1273677576930953,0.4793632345272513
0.0,0.0,0.0,0.0,0.0,0.003472222222222222,0.0,0.0,0.0,0.0,0.0,0.0,0.0,0.0,0.0,0.0,0.0,0.0,0.0,0.0,0.0,0.0,0.0,0.0,0.0016339869281045752,0.0,0.0,0.0,0.0,0.0,0.002049480310349876,0.0016339869281045752,0.0,0.0012077294685990338,0.002049480310349876,0.012634873888070818,0.0016339869281045752,0.0032679738562091504,0.01767765186882834,0.009314963359081005,0.02791681890147363,0.03790123405532613,0.05627505723413651,0.18686352626250322,0.06894226794802243,0.3988580928638474
0.0,0.0,0.0,0.0,0.0,0.0,0.0,0.0,0.0,0.001388888888888889,0.0,0.0,0.0,0.0,0.0,0.0,0.0,0.0,0.0,0.0,0.0,0.0,0.0,0.0,0.0,0.0,0.0,0.0,0.0,0.0,0.005996919014084508,0.0,0.0,0.016666666666666666,0.006125293427230047,0.01186971618357488,0.0047619047619047615,0.0,0.02311765039537927,0.014024456079913828,0.00998194025262687,0.024796881862099256,0.039984187783961976,0.10582253534593937,0.1624067848443997,0.57305617449333
0.0,0.0,0.0,0.0,0.0,0.0,0.0,0.0,0.0,0.0,0.0,0.0,0.0,0.0,0.0,0.004765795206971677,0.0,0.0,0.0,0.0,0.0,0.0,0.0,0.0023148148148148147,0.0,0.020833333333333332,0.0023148148148148147,0.0,0.0,0.002777777777777778,0.0032190032190032186,0.0,0.0,0.0023148148148148147,0.0032190032190032186,0.0072764257086290985,0.0,0.0,0.003907109839313229,0.014642220524573465,0.00386002886002886,0.03519457860185677,0.049970862470862465,0.08700887500114818,0.05987180261856234,0.5298420725078253
0.0,0.0,0.0,0.0,0.0011904761904761904,0.0,0.0,0.0,0.0,0.0,0.0,0.0032051282051282055,0.0,0.0,0.0032051282051282055,0.0,0.0,0.0,0.0,0.0,0.0,0.0,0.0,0.0,0.0,0.0,0.0,0.0016339869281045752,0.0,0.0,0.004487179487179488,0.0,0.0,0.0,0.0,0.0,0.0,0.0032051282051282055,0.002564102564102564,0.0023809523809523807,0.004487179487179488,0.012087912087912088,0.02445054945054945,0.09142246642246642,0.038461538461538464,0.39055160525748756
0.0,0.0,0.0,0.0,0.0,0.0,0.0,0.0,0.0,0.0,0.0,0.0,0.0,0.0,0.0,0.0,0.0,0.0,0.0,0.0,0.0,0.0,0.006410256410256411,0.0,0.0,0.006410256410256411,0.0,0.0,0.0,0.004901960784313725,0.0029292929292929295,0.0,0.006410256410256411,0.0,0.0016666666666666668,0.004901960784313725,0.0,0.0012626262626262627,0.0033333333333333335,0.008787878787878787,0.007962962962962963,0.014399881164587047,0.04205128205128206,0.05125378978320155,0.03833927510398098,0.38231165348812407
0.0,0.0,0.0,0.0,0.0,0.0,0.0,0.0,0.0,0.0,0.0,0.0,0.0,0.0,0.0,0.0,0.0,0.0,0.0,0.0,0.0,0.0,0.0,0.0,0.0,0.0,0.0,0.0,0.0,0.0,0.0014619883040935672,0.0,0.0,0.0,0.0,0.0,0.0,0.0014619883040935672,0.0011261261261261261,0.007309941520467836,0.0045045045045045045,0.013532248219181068,0.03723254504504505,0.044820356313663934,0.10153099771407394,0.703685970615417
0.0,0.0,0.002777777777777778,0.0036231884057971015,0.0,0.0,0.0,0.0,0.0021367521367521365,0.0,0.0,0.0,0.0,0.0,0.0,0.0,0.0,0.0,0.0,0.0,0.0,0.0,0.0,0.0,0.004273504273504273,0.0,0.004901960784313725,0.0,0.0,0.0,0.003512062371285672,0.0,0.0,0.0,0.0008090614886731391,0.010372046254399197,0.0,0.005759940542549237,0.027170859630882477,0.01047008547008547,0.027938954745748378,0.02561292537020692,0.020962519142130792,0.04550015298655827,0.06905145584571006,0.5684600861069586
0.0,0.0006944444444444445,0.0,0.0,0.0,0.0,0.0,0.0,0.0,0.0,0.0,0.0,0.0,0.0,0.0,0.0,0.0,0.0,0.0,0.0,0.0,0.0,0.0,0.0,0.0,0.0,0.01680672268907563,0.0,0.0,0.0006944444444444445,0.007250420548654244,0.002976190476190476,0.003472222222222222,0.0,0.006448412698412699,0.0006944444444444445,0.0,0.005923202614379085,0.019867895074696544,0.008698427287581698,0.010378592107132706,0.010799743357487922,0.046325257911135474,0.03698971209860756,0.05063726124507773,0.6880092730026792
0.0026881720430107525,0.0,0.0,0.0,0.0021367521367521365,0.0,0.0,0.0,0.0,0.0,0.0,0.0,0.0,0.0,0.0,0.0,0.0,0.0,0.0,0.0,0.0,0.0,0.0,0.0,0.0021367521367521365,0.0,0.0010416666666666667,0.0,0.0021367521367521365,0.0,0.00977760334903192,0.0,0.0021367521367521365,0.004273504273504273,0.0017006802721088435,0.0038374324088609802,0.0016666666666666668,0.0,0.02419653758939473,0.00950636664922379,0.013595630559916276,0.010194270015698587,0.015073369091226233,0.06274496336996337,0.13424930228501658,0.6969068262127017
