shs,ois,jis,ggs,sjs,sos,jsi,ggg,ssg,ssc,jgs,ghs,ses,jsc,gsg,ssi,sii,sgg,ess,jhs,ssj,sjj,sis,scs,sgs,jss,oss,hss,css,iss,gss,sss
0.0,0.0,0.0,0.0,0.0,0.0,0.0,0.0,0.0,0.0,0.0,0.0,0.0,0.0,0.0,0.0,0.0,0.0,0.0,0.0,0.0010288065843621398,0.0010288065843621398,0.0010288065843621398,0.003787878787878788,0.007995616389336196,0.019846933654521733,0.021750841750841753,0.024926128774367257,0.07506571443025727,0.11635371223557568,0.13908846873749078,0.5880982854866442
0.0,0.0,0.0,0.0,0.0,0.0,0.0,0.0,0.0,0.0,0.0,0.0,0.001282051282051282,0.0021929824561403508,0.0022522522522522522,0.0022522522522522522,0.0022522522522522522,0.0022522522522522522,0.004021558872305141,0.010416666666666666,0.0,0.0,0.0034096596596596596,0.006638217164532954,0.005688225538971807,0.1004702800225188,0.018057811724347467,0.027553566921202432,0.0730471679283541,0.18422819878829302,0.10581392169471511,0.44817068227123213
0.0,0.0,0.0,0.0,0.0,0.0,0.0,0.0,0.0,0.0,0.0,0.0,0.0,0.0,0.0,0.0,0.0,0.0,0.021275252525252527,0.0,0.0,0.0,0.009386446886446886,0.0,0.0066919191919191925,0.1022783364353132,0.008101851851851853,0.013392857142857142,0.0815643604887791,0.1409106773932355,0.13584419994303717,0.48055409814130745
0.0,0.0,0.0,0.0,0.0,0.0,0.0,0.0024509803921568627,0.0024509803921568627,0.0026041666666666665,0.0026881720430107525,0.027777777777777776,0.0,0.0,0.0,0.0,0.0,0.0024509803921568627,0.008243727598566309,0.0,0.0,0.0,0.0,0.0026041666666666665,0.0,0.09607566005201024,0.0,0.023284313725490193,0.07545587912076983,0.12923752935948166,0.12720734393371871,0.49746832187937057
0.0,0.0,0.0,0.0,0.0,0.006410256410256411,0.008333333333333333,0.0,0.004166666666666667,0.0,0.0,0.0,0.0,0.0,0.0,0.0,0.008333333333333333,0.0,0.0,0.0,0.0,0.0,0.0,0.0,0.004166666666666667,0.08714294517865946,0.026571980143408714,0.02486263736263736,0.055481397445683166,0.17841666100594675,0.20134082232296516,0.39477330013044304
0.0,0.0,0.0,0.0,0.002976190476190476,0.0,0.0,0.0,0.0,0.0,0.0,0.0,0.0,0.0,0.0,0.0,0.0,0.0,0.0169011544011544,0.0,0.0,0.0,0.0,0.0,0.006410256410256411,0.1522255522255522,0.017992424242424244,0.01590909090909091,0.028802910052910052,0.09699259074259074,0.09266358641358641,0.5691262441262441
0.0,0.0,0.0,0.0,0.0,0.005555555555555556,0.0,0.0,0.0,0.0,0.0,0.0,0.0,0.0,0.0,0.0,0.0,0.0,0.008611111111111111,0.0,0.0,0.0,0.0020325203252032522,0.0,0.0,0.0669634238002172,0.013036164844407066,0.025000000000000005,0.08727211135747721,0.18595332279011623,0.10478328390361945,0.5007925063122929
0.0,0.0,0.0036231884057971015,0.0036231884057971015,0.0,0.0,0.0,0.0,0.0,0.0,0.0,0.0,0.0,0.0,0.0,0.0,0.0,0.0,0.012820512820512822,0.0,0.0,0.0,0.0,0.0,0.027777777777777776,0.15045564788531537,0.013888888888888888,0.02152116402116402,0.07056599079616982,0.16647855649134422,0.10332455576061715,0.4259205287466157
0.0,0.0033333333333333335,0.0,0.0,0.0,0.0,0.0,0.0,0.0,0.0,0.009285714285714286,0.0,0.0,0.0,0.0,0.0,0.0,0.0,0.0,0.0,0.0,0.0,0.0,0.0,0.0,0.09460526315789475,0.019415204678362573,0.0,0.04445976051239209,0.12174046226677805,0.11685115566694515,0.5903091060985798
0.0,0.0,0.0,0.0,0.0,0.0,0.0,0.0,0.0,0.0,0.0,0.0,0.0,0.0,0.0,0.0,0.0,0.0,0.0,0.0,0.0,0.0,0.0,0.0,0.003472222222222222,0.09869758652653389,0.013528138528138528,0.03163764841396421,0.06061299811299811,0.11227244977244977,0.1370162853715485,0.5427626710521447
0.0,0.0,0.0,0.0,0.0,0.0,0.0,0.0,0.0,0.0,0.0,0.0,0.0,0.0,0.0,0.0,0.0,0.0,0.0,0.0,0.0,0.0,0.0,0.0,0.002976190476190476,0.04660053377284835,0.019036519036519036,0.032203982611591304,0.08506615312082065,0.07901429435157056,0.0722432875805638,0.6628590390498957
0.0,0.0,0.0,0.0,0.0,0.0,0.0,0.0,0.0,0.0,0.0,0.0,0.0,0.0,0.0,0.0,0.0,0.0,0.004901960784313725,0.0,0.0,0.0,0.0,0.0,0.0,0.11954870808585978,0.0,0.01569818210685084,0.06264207928294616,0.07126121298721919,0.11733871219939333,0.5252758112200836
0.016666666666666666,0.0,0.0,0.0,0.0,0.0,0.0,0.0,0.0,0.0,0.0066614420062695925,0.0,0.003787878787878788,0.0,0.0,0.0,0.0,0.0,0.015410515410515411,0.0,0.004629629629629629,0.004629629629629629,0.0,0.0,0.009837962962962963,0.037831093247935134,0.009259259259259259,0.01510989010989011,0.033384250491588593,0.06348656133138893,0.1370103153823717,0.6422949050840135
