oc,jo,hi,je,ii,ic,gj,hh,eh,oi,ig,ch,ji,ge,eo,gg,sj,gi,so,hg,sh,cc,ci,jg,jh,os,jj,jc,se,sc,si,sg,es,js,hs,cs,is,gs,ss
0.0,0.0,0.0,0.0,0.0,0.0,0.0,0.0,0.0,0.0,0.0,0.0,0.0,0.0,0.0,0.0,0.0,0.0,0.0,0.0,0.0,0.0,0.0,0.0,0.0,0.0005707762557077625,0.0006127450980392157,0.0011261261261261261,0.0011835213537469782,0.0013495497858204391,0.0025276073752523547,0.005762558121326571,0.00622919560485239,0.015781248790577157,0.018472297933137746,0.03452423861385789,0.08587602682905883,0.24380106184307407,0.5821830462694225
0.0,0.0,0.0,0.0,0.0,0.0,0.0,0.0,0.0,0.0,0.0,0.0,0.0,0.0,0.0,0.0,0.0,0.0,0.0,0.0007183908045977011,0.000859106529209622,0.000946969696969697,0.0016098572799603727,0.00210727969348659,0.002904040404040404,0.005340606603684237,0.004491341991341991,0.001388888888888889,0.0,0.0036044866974612386,0.0023837513061650993,0.00421455938697318,0.010064449905113746,0.02335282219729599,0.029783121560754997,0.04260338937971548,0.16035368670851802,0.21251841025856036,0.49075484070726233
0.0,0.0,0.0,0.0,0.0,0.0,0.0,0.0,0.0,0.0,0.0,0.0,0.0,0.0,0.0,0.0006944444444444445,0.0013440860215053762,0.002976190476190476,0.004967274427302478,0.0,0.0029320987654320985,0.0,0.0,0.0072702834799609,0.0,0.013780767783806588,0.0,0.0037808641975308637,0.0,0.0013440860215053762,0.008205299842747248,0.005800549012914605,0.015115167229758378,0.03362087348466319,0.04187363702513258,0.0528010790436354,0.15900385955765678,0.17408597529462375,0.47040346389118953
0.0,0.0,0.0,0.0,0.0,0.0,0.0,0.0,0.0,0.0,0.0,0.0,0.0020833333333333333,0.0023148148148148147,0.0023148148148148147,0.0,0.0,0.0,0.0,0.0,0.008322192513368984,0.0,0.0,0.0033333333333333335,0.0,0.0040154950869236575,0.001851851851851852,0.008123464373464374,0.001851851851851852,0.0010548523206751054,0.007790605290287474,0.007340410911839484,0.021775821932616356,0.03430947704820312,0.029976190416423857,0.04308330122874048,0.1723825978883752,0.12906514890313478,0.5190104420859472
0.0,0.0,0.0,0.0,0.0,0.0,0.0,0.0,0.0,0.0,0.0022522522522522522,0.0033333333333333335,0.0,0.0,0.0,0.0,0.0,0.0,0.0,0.0,0.0022522522522522522,0.0,0.0,0.0060307987032124965,0.0022522522522522522,0.009114351505655854,0.0014367816091954023,0.0,0.0,0.005858585858585859,0.007378067722895309,0.007882547559966915,0.008814849332090712,0.03051409359505312,0.022272538845784482,0.05178743040437193,0.13623273612911857,0.1292264820733651,0.5733606465706141
0.0,0.0,0.0,0.0,0.0,0.001937984496124031,0.001937984496124031,0.0030864197530864196,0.0030864197530864196,0.0033333333333333335,0.0,0.0,0.0020833333333333333,0.0,0.0,0.005648148148148148,0.0,0.0,0.0038871418588399716,0.0,0.0025252525252525255,0.0,0.0,0.0,0.0030864197530864196,0.010876274825550189,0.0,0.0030864197530864196,0.0,0.0,0.0017006802721088435,0.0065481619004190824,0.008866652189616523,0.03445769777676739,0.01613123755492331,0.04884159457952305,0.1625244506038261,0.11511308771802754,0.5612413053757368
0.0,0.0,0.0,0.0021367521367521365,0.002777777777777778,0.0,0.0,0.0,0.002777777777777778,0.0,0.0,0.0,0.002777777777777778,0.0,0.0,0.0025252525252525255,0.0,0.0,0.0,0.0,0.0,0.0,0.0,0.0,0.0,0.02544434731934732,0.0,0.007095410628019323,0.0025252525252525255,0.004261363636363636,0.002777777777777778,0.012947197729806424,0.009469696969696968,0.041579126283073656,0.04489697954413932,0.05624101749173405,0.12571585666686239,0.10109694772833405,0.5529536877042546
0.0,0.0,0.0,0.0,0.0,0.0,0.0,0.0,0.0,0.0,0.0,0.0,0.0,0.0,0.0,0.0,0.0,0.0,0.0021367521367521365,0.0,0.0012077294685990338,0.004262574595055414,0.0,0.0,0.0,0.017589495850365417,0.0032051282051282055,0.004262574595055414,0.0,0.004262574595055414,0.0016339869281045752,0.010215710215710215,0.009419665302018243,0.01804318159816881,0.025712276735294637,0.03648914787022204,0.10885111383832612,0.16165043869647452,0.5910576493696699
0.0,0.0,0.0,0.0,0.0,0.0,0.0,0.0,0.0,0.0,0.0,0.0,0.0,0.0,0.0,0.0021929824561403508,0.002777777777777778,0.0,0.0,0.0,0.0043859649122807015,0.005208333333333333,0.0,0.007060185185185186,0.0,0.02249611801242236,0.0,0.002777777777777778,0.005864197530864197,0.0,0.014958704899028855,0.0043859649122807015,0.020699860056744113,0.023312911909403138,0.03869274561676522,0.055153520642090205,0.12324061743944971,0.11324836427706093,0.5535439732613955
0.0,0.002777777777777778,0.005208333333333333,0.0,0.0,0.0,0.0,0.0,0.0,0.0,0.0,0.0030864197530864196,0.00503003003003003,0.0,0.0,0.0,0.0,0.0,0.005208333333333333,0.0,0.0,0.0,0.0,0.0022522522522522522,0.0,0.00539881574364333,0.0,0.00450755014649538,0.0,0.006944444444444444,0.00953049230444866,0.016381740873073838,0.014021468802574792,0.019140500022852964,0.02067479837963031,0.022723689241429545,0.09719859932546648,0.16262893659205077,0.5972858176440764
0.0,0.0,0.0,0.0,0.004629629629629629,0.0,0.0,0.0,0.0,0.0,0.0028735632183908046,0.0,0.0023809523809523807,0.0,0.0,0.0,0.0045045045045045045,0.0,0.0,0.0,0.0,0.0,0.0,0.0,0.0025252525252525255,0.011975250626566417,0.0022522522522522522,0.0025252525252525255,0.0,0.002777777777777778,0.01907565460197039,0.009373289545703338,0.02004719817219817,0.01783723938896353,0.01714958080089659,0.024456369248035913,0.13815295054897292,0.12637323772948394,0.5910900445231962
0.0,0.0,0.0,0.0,0.0,0.0,0.0,0.0,0.0,0.0,0.0,0.0,0.0,0.0,0.0,0.0024509803921568627,0.0021929824561403508,0.0,0.003787878787878788,0.0,0.0,0.0,0.0,0.0021929824561403508,0.0,0.00960404964981624,0.0,0.0,0.0,0.0,0.0037957211870255345,0.005613648968359274,0.018095716894343895,0.017637868934759257,0.031410019541413405,0.058402053786634954,0.10953771417380485,0.0976943558523888,0.6375840269191374
0.001937984496124031,0.0028735632183908046,0.0,0.0,0.0,0.0,0.0,0.0,0.0,0.0,0.0023148148148148147,0.0,0.0,0.0,0.0,0.0033333333333333335,0.0026881720430107525,0.0,0.0,0.0,0.0,0.0,0.0032051282051282055,0.007959489872468117,0.004626156539134784,0.012149304687282932,0.0,0.0026881720430107525,0.0,0.0,0.0,0.008599426502393624,0.024741897279875524,0.028948400294518072,0.028553099482604493,0.050587753566677184,0.12280464387893186,0.13552974187117098,0.5564589178711298
