ssh,jos,sjs,jic,igi,ehs,ssj,sjj,oes,ogs,gos,csc,scs,hsi,egs,cos,ico,gsi,csg,hgs,jis,eis,jgs,jhs,esg,ges,gcs,jcs,sos,igs,scg,sso,ees,soo,jsh,shh,sii,isi,sgi,gii,gsg,ggg,isg,gis,ggs,sis,sgg,ssi,ssg,ess,sgs,oss,hss,jss,iss,css,gss,sss
0.0,0.0,0.0,0.0,0.0,0.0,0.0,0.0,0.0,0.0,0.0,0.0,0.0,0.0,0.0,0.0,0.0,0.0,0.0,0.0,0.0,0.0,0.0,0.0008250825082508251,0.0008417508417508418,0.0008417508417508418,0.0008417508417508418,0.0008417508417508418,0.0008417508417508418,0.0008417508417508418,0.0010040160642570282,0.0010040160642570282,0.0010040160642570282,0.0010040160642570282,0.0010040160642570282,0.0010040160642570282,0.0010040160642570282,0.0013440860215053762,0.0016666666666666668,0.0016666666666666668,0.0016666666666666668,0.0018457669060078698,0.0021271658415841586,0.0021691685297562015,0.0036501854190957375,0.004270833333333334,0.004839941217146467,0.004976782128514057,0.004993617145349073,0.007300231920725279,0.010342443080236002,0.015700484461251267,0.024318100669762522,0.037877889308182124,0.05878718554016043,0.08136739285918644,0.18532889546628542,0.5308561301433631
0.0,0.0,0.0,0.0,0.0,0.0,0.0,0.0,0.0,0.0,0.0,0.0,0.0,0.0,0.0,0.0,0.0,0.0005668934240362812,0.0005668934240362812,0.0009157509157509159,0.0009157509157509159,0.0013440860215053762,0.0026881720430107525,0.0016025641025641027,0.0,0.0,0.0,0.0,0.0,0.0009157509157509159,0.0,0.0,0.0,0.0,0.0,0.0,0.0009157509157509159,0.0,0.0,0.0,0.0005668934240362812,0.0,0.0013440860215053762,0.0,0.002049537763823478,0.002587763500461913,0.0,0.002474707831850689,0.0,0.0009157509157509159,0.0022675736961451248,0.007925606139891855,0.007976416066533834,0.07204205733391601,0.04596560533964528,0.053215834629045076,0.12403622302735505,0.6662003316318826
0.0,0.0,0.0,0.0,0.0,0.0,0.0,0.0,0.0,0.0,0.0006720430107526881,0.0006720430107526881,0.0006720430107526881,0.0006720430107526881,0.000896057347670251,0.0018115942028985507,0.0018115942028985507,0.0,0.0,0.0,0.0006720430107526881,0.0,0.0,0.0,0.0,0.0,0.0,0.0,0.0,0.0006720430107526881,0.0,0.0,0.0,0.0,0.0,0.0,0.0,0.0,0.0,0.0,0.0,0.0,0.0,0.0,0.0,0.0006720430107526881,0.0,0.0,0.0,0.0006720430107526881,0.016263562075311547,0.02092977702560245,0.0028568416613957413,0.04842209141416586,0.04622613850373237,0.006214685370560107,0.0810876659064819,0.6847703148699278
0.0,0.0,0.0,0.0,0.0,0.0,0.0,0.0,0.0,0.0,0.0,0.0,0.0,0.0,0.0,0.0,0.0,0.0,0.0,0.0,0.0,0.0,0.0012254901960784314,0.0,0.0,0.0,0.0,0.0,0.0,0.0,0.0,0.0,0.0,0.0,0.0,0.0,0.0,0.0,0.0,0.0,0.0,0.0,0.0,0.0,0.0,0.0,0.0,0.0,0.0,0.0019382465629930133,0.004463499088245539,0.0210972850678733,0.00958433610563428,0.05276335619840339,0.05815410361556406,0.012406237178042455,0.07176442634265194,0.7666030196445136
0.0,0.0,0.0,0.0,0.0,0.0,0.0,0.0,0.0,0.0,0.0,0.0,0.0,0.0,0.0,0.0,0.0,0.0,0.0,0.0,0.0,0.0,0.0,0.0,0.0,0.0,0.0,0.0,0.0,0.0,0.0,0.0,0.0,0.0,0.0,0.0,0.0,0.0,0.0,0.0,0.0,0.0,0.0,0.0,0.0011574074074074073,0.0,0.0,0.0,0.0,0.0,0.0011574074074074073,0.0016025641025641027,0.004154002026342452,0.12773220836164098,0.027569560725589096,0.011874059746400172,0.06344813414848877,0.6779713227408264
0.0,0.0,0.0,0.0,0.0,0.0,0.0,0.0,0.0032051282051282055,0.0032051282051282055,0.0,0.0,0.0,0.0,0.0,0.0,0.0,0.0,0.0,0.0,0.0,0.0,0.0,0.0,0.0,0.0,0.0,0.0,0.0,0.0,0.0,0.0,0.0,0.0,0.0,0.0,0.0,0.0,0.0,0.0,0.0,0.0,0.0,0.0,0.043209876543209874,0.0,0.0014367816091954023,0.0,0.0014367816091954023,0.005730380730380731,0.005224660397074189,0.007863875002239782,0.0030091086532205596,0.03696970358723503,0.011688454298517191,0.01755063994647328,0.12223384415899598,0.5705689703873394
0.0,0.0,0.0,0.0,0.0,0.0,0.0014619883040935672,0.0014619883040935672,0.0,0.0,0.0,0.0,0.0,0.0,0.0,0.0,0.0,0.0,0.0,0.0,0.0,0.0,0.0013227513227513227,0.0,0.0,0.0,0.0,0.0,0.0,0.0,0.0,0.0,0.0,0.0,0.0,0.0,0.0,0.0,0.0,0.0,0.0,0.0,0.0,0.0,0.0,0.0,0.0036231884057971015,0.0,0.0036231884057971015,0.0,0.012429784814852527,0.02158840863543193,0.0,0.053611459203564464,0.023589317496640148,0.00864125249371151,0.0646162098343983,0.6373637961122017
0.0,0.0,0.0,0.0,0.0,0.0,0.0,0.0,0.0,0.0,0.0,0.0,0.0,0.0,0.0,0.0,0.0,0.0,0.0,0.0,0.0,0.0,0.0,0.0,0.0,0.0,0.0,0.0,0.0,0.0,0.0,0.0,0.0,0.0,0.0,0.0,0.001282051282051282,0.0,0.0,0.0,0.0,0.0,0.006944444444444444,0.0,0.0,0.0,0.0,0.001282051282051282,0.0,0.0,0.009615384615384614,0.006004273504273505,0.0035343035343035345,0.04785766535766536,0.013860398860398861,0.011574074074074075,0.08784801284801286,0.6435306735306735
0.0,0.0,0.0,0.0030864197530864196,0.0033333333333333335,0.027777777777777776,0.0,0.0,0.0,0.0,0.0,0.0,0.0,0.0,0.0,0.0,0.0,0.0,0.0,0.0,0.0,0.0,0.0,0.0,0.0,0.0,0.0,0.0,0.0,0.0021929824561403508,0.0,0.0,0.0,0.0,0.0,0.0,0.0,0.0,0.0,0.0,0.0,0.0,0.0,0.0,0.0030864197530864196,0.0,0.0,0.0,0.0,0.005648148148148148,0.03342592592592592,0.01714342001576044,0.041666666666666664,0.03969444494829487,0.0040878644602048856,0.0390095609393855,0.07584535159291315,0.7040016842292761
0.0,0.0,0.0,0.0,0.0,0.0,0.0,0.0,0.0,0.0,0.0,0.0,0.0,0.0,0.0,0.0,0.0,0.0,0.0,0.0,0.0,0.0,0.0,0.0,0.0,0.0,0.0,0.0,0.0,0.0,0.0,0.0,0.0,0.0,0.0,0.0,0.0,0.0,0.0,0.0,0.0,0.0,0.0,0.0,0.0,0.0,0.0,0.0,0.0,0.0,0.0,0.0054659498207885295,0.0,0.017393765238592825,0.02450666163901458,0.005376344086021505,0.0320164115803061,0.831907534301943
0.0,0.0,0.0030864197530864196,0.0,0.0,0.0,0.0,0.0,0.0,0.0,0.0,0.0,0.0,0.0,0.0,0.0,0.0,0.0,0.0,0.0,0.0,0.0,0.011618589743589744,0.0,0.0,0.0,0.0,0.0,0.0,0.0,0.0,0.0,0.0,0.0,0.0,0.0,0.0,0.0,0.0,0.0,0.0,0.0,0.0,0.0,0.0,0.0,0.006944444444444444,0.0,0.0,0.006410256410256411,0.004629629629629629,0.012827380952380951,0.006410256410256411,0.05218932302265635,0.023009259259259257,0.0033333333333333335,0.056256613756613755,0.6466178266178266
0.001488095238095238,0.006944444444444444,0.0,0.0,0.0,0.0,0.0,0.0,0.0,0.0,0.0,0.0,0.0,0.0,0.0,0.0,0.0,0.0,0.0,0.0,0.0,0.0,0.0,0.0,0.0,0.0,0.0,0.0,0.0018115942028985507,0.0,0.0,0.0,0.0,0.0,0.0,0.001488095238095238,0.0,0.0,0.0,0.0,0.0,0.0,0.0,0.0,0.0,0.0,0.0,0.0,0.0,0.0,0.010066526610644257,0.017830501765923757,0.0018115942028985507,0.03447981756805286,0.016675195719313366,0.009277950310559007,0.06613167061696473,0.6653278474154434
0.0,0.0,0.0,0.0,0.0,0.0,0.0,0.0,0.0,0.0,0.0,0.0,0.0,0.0,0.0,0.0,0.0,0.0,0.0,0.0,0.0,0.0,0.0,0.0,0.0,0.0,0.0,0.0,0.0,0.0,0.0,0.0,0.0,0.0,0.0,0.0,0.0,0.0,0.0,0.0,0.0,0.0,0.0,0.0,0.0,0.0,0.002777777777777778,0.0,0.002777777777777778,0.0,0.022189114580418928,0.004192546583850931,0.0,0.018295739348370924,0.0993645042558086,0.018015297906602255,0.08398464253727411,0.7484025992321186
