ogs,iis,shs,egs,gsc,ses,hgs,sse,see,ssj,sii,jsi,sis,gcs,ssi,scs,ggg,ssg,ggs,gsg,sgg,jcs,jgs,hss,ess,sgs,oss,jss,css,iss,gss,sss
0.0,0.0,0.0,0.0,0.0,0.0,0.0,0.0,0.0,0.0,0.0,0.0,0.0,0.0,0.0,0.0,0.0005952380952380952,0.0005952380952380952,0.0005952380952380952,0.0011904761904761904,0.0011904761904761904,0.0018115942028985507,0.0032051282051282055,0.005316885208189556,0.006993006993006993,0.01007824169147919,0.013455752671438947,0.02370526849693516,0.06567525731629342,0.07839054946650045,0.1917709000248613,0.5954307490566014
0.0,0.0,0.0,0.0,0.0,0.0,0.0,0.0,0.0,0.0,0.0,0.0,0.0,0.0,0.0012626262626262627,0.001736111111111111,0.0,0.0,0.001893939393939394,0.0,0.0,0.0,0.0,0.014957264957264958,0.001736111111111111,0.0012626262626262627,0.0033993783993783995,0.0354223322973323,0.09989388657151815,0.07315427627927627,0.10484422984422985,0.660437217509586
0.0,0.0,0.0,0.0,0.0,0.0,0.0,0.0,0.0,0.0,0.0,0.0,0.0,0.001984126984126984,0.0,0.0,0.0,0.002777777777777778,0.0,0.0,0.002777777777777778,0.0,0.0,0.0,0.0,0.04550264550264551,0.03425925925925926,0.032590557590557595,0.12116402116402118,0.11507936507936507,0.07969067969067968,0.5641737891737892
0.0,0.0,0.0,0.0,0.0,0.0,0.0,0.0,0.0,0.0,0.0,0.0,0.001572327044025157,0.0,0.0,0.0,0.0,0.0,0.0,0.0014619883040935672,0.0,0.0,0.006944444444444444,0.0030864197530864196,0.024610136452241718,0.00847953216374269,0.006944444444444444,0.011037557662271621,0.03770309224318658,0.046951219111720593,0.09991762359252428,0.7512912147842186
0.0,0.0,0.0,0.0,0.0,0.0,0.0,0.0,0.0,0.0,0.003472222222222222,0.003472222222222222,0.0,0.0,0.005208333333333333,0.0,0.0,0.008333333333333333,0.002357881136950904,0.0,0.0,0.0,0.0,0.01869918699186992,0.0,0.008333333333333333,0.010228251507321274,0.02427204598042658,0.08189699792960663,0.06006722091150807,0.0804005937000123,0.6932583773978599
0.0,0.0,0.0,0.0,0.0,0.0,0.0,0.0,0.0,0.0,0.0,0.0,0.0,0.0,0.0,0.0,0.0,0.0,0.0,0.0,0.0,0.0,0.0020325203252032522,0.0020325203252032522,0.016666666666666666,0.008380816714150047,0.020833333333333332,0.03498028841166096,0.0015432098765432098,0.09540131505986814,0.09476377593585579,0.7233655533515152
0.0,0.0,0.0,0.0,0.0,0.0,0.0,0.0,0.0,0.001851851851851852,0.0,0.0,0.0,0.0,0.0,0.0,0.0,0.003787878787878788,0.0,0.0,0.003787878787878788,0.0,0.001851851851851852,0.0033333333333333335,0.006410256410256411,0.005820399113082041,0.018181818181818184,0.03483142461403331,0.028366778149386845,0.048422161280061604,0.09341338956397281,0.7499409780745941
0.0,0.0,0.0,0.0,0.0,0.0,0.0,0.0026881720430107525,0.0026881720430107525,0.0,0.0,0.0,0.0026881720430107525,0.0,0.0,0.0,0.0,0.0023148148148148147,0.0,0.0,0.004451566951566952,0.0,0.0,0.013888888888888888,0.013888888888888888,0.0023148148148148147,0.025009600614439326,0.013478195937873355,0.043545351005028425,0.07470226905710776,0.15799733420701162,0.6403437586905328
0.0,0.0,0.0,0.0,0.0,0.0025252525252525255,0.002777777777777778,0.0,0.0,0.0,0.0,0.0,0.0,0.0,0.0,0.007575757575757576,0.0,0.0,0.0016025641025641027,0.0,0.0,0.002777777777777778,0.0025252525252525255,0.009259259259259259,0.012626262626262626,0.012205387205387205,0.0,0.03392903392903393,0.010353535353535353,0.0537101787101787,0.043282180782180775,0.7215164465164466
0.0,0.0,0.0,0.0,0.002976190476190476,0.0,0.0,0.0,0.0,0.0,0.0,0.0,0.0,0.0,0.0,0.002976190476190476,0.0014367816091954023,0.004412972085385878,0.0,0.0,0.004412972085385878,0.0,0.0,0.008333333333333333,0.010416666666666666,0.0014367816091954023,0.04071969696969697,0.011111111111111112,0.036357416529830315,0.07786803713527851,0.11547918078090491,0.6820626691316347
0.0,0.0,0.0,0.004166666666666667,0.0,0.0,0.0,0.0,0.0,0.0,0.0,0.0,0.0,0.0,0.0,0.0,0.0,0.004318936877076411,0.0,0.0,0.001937984496124031,0.0,0.001937984496124031,0.003472222222222222,0.003472222222222222,0.01530830280830281,0.0,0.011660206718346255,0.019848191214470283,0.024442208308487378,0.08403398926654741,0.7420677513700769
0.004629629629629629,0.004629629629629629,0.010416666666666666,0.0,0.0,0.0,0.0,0.0,0.0,0.0,0.0,0.0,0.0,0.0,0.0,0.0,0.0,0.0,0.0,0.0,0.0,0.0,0.004629629629629629,0.0182514245014245,0.0,0.012997623291740939,0.010416666666666666,0.010884866767219706,0.02708333333333333,0.04141814068284657,0.07325241479653245,0.7813899744046804
0.0,0.0,0.0,0.0023809523809523807,0.0,0.0,0.0,0.0,0.0,0.0,0.0,0.0,0.0,0.0,0.0,0.0,0.0,0.01091269841269841,0.002976190476190476,0.0,0.01091269841269841,0.0,0.007575757575757576,0.0,0.0,0.02023809523809524,0.018055555555555557,0.005952380952380952,0.023214285714285715,0.04381914381914381,0.07361712361712362,0.7803451178451178
