co,je,og,ho,jh,hj,cg,ec,ch,oi,oe,oh,cc,eo,se,jc,ce,gj,gc,oc,ge,ic,ij,ih,he,ei,jg,go,jo,eh,hg,ci,hh,gh,sc,so,sh,ie,jj,ji,hi,sj,gi,ig,ii,es,si,hs,os,gg,js,sg,cs,is,gs,ss
0.0,0.0,0.0,0.0,0.0,0.0,0.0,0.0,0.0,0.0,0.0,0.0,0.0,0.0,0.0,0.0,0.0,0.0,0.0,0.00028935185185185184,0.00028935185185185184,0.00028935185185185184,0.0003293807641633728,0.0003293807641633728,0.0003293807641633728,0.0003293807641633728,0.000380517503805175,0.0005482456140350877,0.0006187326160152247,0.0006587615283267456,0.0006587615283267456,0.0010264212916002511,0.0010401026026026026,0.0010632922726633153,0.0012485730593607305,0.0012863146052544503,0.0014037808641569692,0.0014095122790774965,0.001444633346939172,0.0016397086099492174,0.0017220538009900608,0.0030418732015158947,0.0037102697837712605,0.004940701259031778,0.0058607273281186326,0.008881798743179448,0.010074920920171893,0.013078366066203967,0.01315511796363574,0.013523016954925124,0.01871600594286224,0.019165332821477903,0.03248262300778165,0.10196410282599823,0.2325914343473882,0.5004787186986258
0.0,0.0,0.0,0.0,0.0,0.00022706630336058128,0.00022706630336058128,0.00035919540229885057,0.00035919540229885057,0.00045413260672116256,0.00045787545787545793,0.00045787545787545793,0.0005862617056594319,0.0007861635220125786,0.0008170708601743084,0.0008170708601743084,0.0010040160642570282,0.0011428172191114971,0.0011904761904761904,0.0,0.0010040160642570282,0.0011904761904761904,0.0,0.0,0.0,0.0,0.0011904761904761904,0.0,0.0007183908045977011,0.0,0.00045787545787545793,0.0008170708601743084,0.00022706630336058128,0.0,0.0018022757384459512,0.0009587157859918962,0.0011904761904761904,0.0,0.00045787545787545793,0.0007861635220125786,0.0,0.0034962883666679254,0.001489692565986844,0.0034755439863257205,0.0044122320324988746,0.01018065434947932,0.009132404413547271,0.011302637480044198,0.016655851445573543,0.008549104286691575,0.015229868838430353,0.016165796297968073,0.028266612286848545,0.10362696656322117,0.2090779089880427,0.5392512761769982
0.0,0.0,0.0,0.0003132832080200501,0.0005274261603375527,0.0,0.0,0.0,0.0,0.0,0.0,0.0,0.0,0.0,0.0003132832080200501,0.0006265664160401002,0.0,0.0006265664160401002,0.0,0.0,0.0,0.0,0.0,0.0,0.0,0.0005274261603375527,0.0,0.0016666666666666668,0.003703703703703704,0.0,0.0,0.0,0.0,0.0,0.0,0.0024071254084578535,0.0036097277571135278,0.0,0.0006265664160401002,0.0006082725060827251,0.0,0.008339668069074586,0.0011539925763776528,0.003744766761950708,0.0012531328320802004,0.003005844428229505,0.006372997487072288,0.016471068767714207,0.00865560602976535,0.006036889473793608,0.015452077265422632,0.015509740452338175,0.021433772606230004,0.054926319729835416,0.1757014171927678,0.5630527589671547
0.0,0.0,0.0,0.0,0.0,0.0,0.000505050505050505,0.0,0.0,0.0,0.0,0.0,0.0006775067750677508,0.0,0.0,0.000505050505050505,0.0,0.0,0.0,0.0,0.0,0.0,0.0,0.0,0.0,0.0,0.0,0.0,0.004340277777777777,0.0,0.0,0.0,0.0,0.0,0.002078614627788507,0.0,0.0,0.0,0.0,0.0008596604341285192,0.0,0.0,0.0,0.0014184397163120568,0.0,0.001928174051816016,0.0038769299030108916,0.006156750820342322,0.011697678388708914,0.002955606925508326,0.003423718896279872,0.0069226625191939825,0.006843954984453595,0.12430903415257438,0.18208859763889043,0.5560789580447123
0.0,0.0,0.00043177892918825565,0.0,0.0007062146892655367,0.0,0.0,0.0,0.0,0.0,0.0,0.0,0.0,0.0,0.0,0.0028735632183908046,0.0,0.00043177892918825565,0.0,0.0,0.0,0.0,0.0,0.0,0.0,0.0,0.0007062146892655367,0.00043177892918825565,0.0,0.0,0.0,0.0,0.0,0.0,0.0,0.0,0.001569772547642048,0.0,0.0,0.0,0.0,0.0,0.0,0.0,0.0,0.0007062146892655367,0.002824858757062147,0.024466530044408477,0.017030264202970224,0.003000309995128648,0.015179507659967834,0.0037065246843941847,0.02376254869443185,0.06170491568362855,0.1069847848026344,0.5668157721873127
0.0,0.0013020833333333333,0.0,0.0,0.0,0.0,0.0,0.0,0.0,0.0,0.0,0.0013020833333333333,0.0,0.0,0.0,0.0,0.0,0.0,0.00038580246913580245,0.0,0.0,0.0,0.0,0.0,0.0,0.00038580246913580245,0.0,0.0,0.0,0.0,0.0,0.0,0.0,0.0,0.0,0.0,0.0036341782812297553,0.0,0.0,0.0,0.0,0.002197396672034353,0.0,0.0013440860215053762,0.0,0.0,0.005147662783751493,0.005187365807836822,0.0028452932098765433,0.0007716049382716049,0.014916432912575972,0.006690872660294704,0.014927422788008625,0.04613526084926473,0.09855766169334686,0.6276023231103982
0.0004409171075837742,0.0,0.0,0.0,0.0,0.0,0.0,0.0,0.0,0.0,0.0,0.0,0.0,0.0,0.0,0.0004409171075837742,0.0,0.0,0.0,0.0,0.0,0.0,0.0,0.0,0.0,0.0,0.0,0.0,0.0017006802721088435,0.0,0.0,0.0,0.0,0.0004409171075837742,0.0,0.0022522522522522522,0.0,0.0,0.0,0.0,0.0,0.004478458049886621,0.0,0.0,0.0,0.017045940981952886,0.0046697130030463364,0.009780343113676447,0.010681638657829133,0.0004409171075837742,0.0031290891505945267,0.0031290891505945267,0.03287145418841848,0.07972081301070356,0.09962274595675132,0.5624874471151834
0.0,0.0,0.0,0.0,0.0,0.0,0.0,0.0,0.0,0.0,0.0,0.0,0.0,0.0,0.0,0.0,0.0,0.0,0.0,0.0,0.0,0.0,0.0,0.0,0.0,0.0,0.0016025641025641027,0.0,0.0,0.0,0.0,0.0,0.0,0.0,0.0,0.0,0.0,0.0,0.0,0.0,0.0,0.0006887052341597796,0.0016025641025641027,0.0,0.0,0.001851851851851852,0.0,0.004710743801652892,0.015144067944654456,0.0,0.0033333333333333335,0.0006887052341597796,0.011758348421027848,0.06504773711647957,0.1291834326936989,0.68105461283052
0.0,0.0,0.0,0.0,0.0013227513227513227,0.0,0.0,0.0,0.0,0.0,0.0,0.0,0.0,0.0,0.0,0.0,0.0,0.0,0.0026881720430107525,0.0,0.0,0.0,0.0,0.0,0.0,0.0,0.0031249999999999997,0.0,0.0,0.0,0.0,0.0,0.0,0.0,0.0010416666666666667,0.0,0.0,0.0,0.0,0.0,0.0010416666666666667,0.0,0.0,0.0,0.0,0.0,0.0,0.0023148148148148147,0.031563790718665295,0.0023644179894179895,0.005389001806684734,0.005787037037037038,0.014961204671570525,0.050225370145254626,0.16912027653168274,0.6257214962524434
0.0,0.0,0.003472222222222222,0.0,0.0,0.0,0.0,0.0,0.0,0.0,0.0,0.0,0.0,0.0,0.0020833333333333333,0.0020833333333333333,0.0,0.0,0.0,0.0,0.0,0.0,0.0,0.0,0.0,0.0,0.0,0.0,0.0,0.0,0.0,0.0,0.0,0.0,0.0,0.0,0.0,0.0,0.0,0.0,0.0,0.0,0.0,0.0,0.0,0.010416666666666666,0.013888888888888888,0.0016025641025641027,0.025929005205320998,0.0,0.021479982006297794,0.0020833333333333333,0.011276990553306344,0.07021520146520147,0.06304141764668082,0.6890937279095174
0.0,0.0,0.005555555555555556,0.0,0.0,0.0,0.0,0.0,0.0,0.0,0.0,0.0,0.0,0.0,0.001851851851851852,0.0,0.0,0.0,0.0,0.0,0.0,0.0,0.0,0.0,0.0,0.0,0.0,0.0,0.0,0.0,0.0,0.0,0.0,0.0,0.0,0.0,0.0,0.0,0.0,0.005555555555555556,0.0,0.0,0.0,0.0,0.0,0.003703703703703704,0.0,0.004629629629629629,0.03968253968253968,0.0028735632183908046,0.012037037037037039,0.020878251350515218,0.014774557165861513,0.06308894164029095,0.08600630240435338,0.6560291778713818
0.0,0.0,0.0,0.0,0.0,0.0,0.0,0.0,0.0,0.0,0.0,0.0,0.0,0.0,0.0,0.0,0.0,0.0,0.0,0.0,0.0,0.0,0.0,0.0,0.0,0.0,0.0026041666666666665,0.0,0.0,0.0,0.0,0.0,0.0,0.0,0.0,0.0,0.003472222222222222,0.0,0.0,0.0,0.0,0.0,0.0,0.0,0.0,0.009134134134134135,0.0,0.021010754543363236,0.01295827077077077,0.004629629629629629,0.025489921210029905,0.00992196833930705,0.01660351595835467,0.05445582284598765,0.08021004035993518,0.6761762199862655
0.0,0.0,0.0,0.0,0.0,0.0,0.0,0.0,0.0,0.0,0.0,0.0,0.0,0.0,0.0,0.0,0.0,0.0,0.0,0.0,0.0,0.0,0.0,0.0,0.0,0.0,0.0,0.0,0.0,0.0,0.0015432098765432098,0.0,0.0,0.0,0.0,0.0,0.0,0.0,0.0,0.0,0.0,0.003575730201746462,0.0,0.004748338081671415,0.0,0.0,0.0020325203252032522,0.0020325203252032522,0.0,0.0,0.006410256410256411,0.003787878787878788,0.020208957708957708,0.0457785589899411,0.04150308062909689,0.5350456153301681
