AripiprazoleLight_Individual:8;,725,352,460,479,455,344,294,277,307,346,338,284,386
AripiprazoleLight_Individual:48,281,184,187,160,122,183,631,187,217,245,413,255,221
AripiprazoleLight_Individual:4;,199,248,180,235,185,157,242,201,353,557,236,350,326
AripiprazoleLight_Individual:40,853,885,1030,918,642,488,451,405,364,461,321,358,414
AripiprazoleLight_Individual:41,355,342,358,292,254,286,232,169,182,186,162,200,242
AripiprazoleLight_Individual:42,1380,122,48,821,816,116,158,535,43,236,241,628,320
AripiprazoleLight_Individual:43,1202,933,791,547,320,670,455,640,467,430,484,528,543
AripiprazoleLight_Individual:44,1070,890,1007,785,526,650,516,597,337,399,348,258,342
AripiprazoleLight_Individual:45,1184,1317,897,341,925,709,238,252,456,707,253,338,408
AripiprazoleLight_Individual:46,837,1168,1107,857,608,829,1064,755,592,532,687,557,608
AripiprazoleLight_Individual:47,608,197,278,265,58,325,250,385,192,247,173,261,176
AripiprazoleLight_Individual:2;,1299,806,412,471,499,610,612,664,630,611,637,714,655
AripiprazoleLight_Individual:28,858,901,819,982,864,832,609,784,775,902,1063,1107,967
AripiprazoleLight_Individual:29,536,308,155,231,302,397,226,266,255,329,547,355,482
AripiprazoleLight_Individual:26,873,616,298,206,324,466,319,252,518,999,1128,1335,1212
AripiprazoleLight_Individual:6;,926,343,163,266,209,279,176,162,134,129,174,204,181
AripiprazoleLight_Individual:24,849,820,761,523,556,498,278,331,356,341,292,238,194
AripiprazoleLight_Individual:25,1017,719,364,362,475,586,475,402,350,346,330,220,453
AripiprazoleLight_Individual:22,1051,1047,840,611,877,539,485,523,642,517,297,375,384
AripiprazoleLight_Individual:23,462,707,637,652,282,166,137,274,217,103,112,204,171
AripiprazoleLight_Individual:20,1420,1066,496,307,428,345,374,431,453,567,527,426,831
AripiprazoleLight_Individual:21,340,277,406,125,187,201,116,288,58,204,160,124,210
AripiprazoleLight_Individual:34,905,1149,901,600,269,589,668,181,223,714,530,290,73
AripiprazoleLight_Individual:38,582,868,869,549,389,331,600,703,401,106,250,174,118
AripiprazoleLight_Individual:35,977,948,1162,529,574,576,321,287,318,380,922,595,324
AripiprazoleLight_Individual:27,1614,1420,1717,1710,1680,1653,1621,1638,1478,1635,1695,1683,1623
AripiprazoleLight_Individual:11,696,728,674,382,299,342,625,525,548,533,483,332,433
AripiprazoleLight_Individual:37,1360,1237,1175,971,1215,1197,1264,1238,486,483,402,481,462
AripiprazoleLight_Individual:36,1357,1599,1753,1831,1480,1677,1257,844,797,1293,1750,780,748
AripiprazoleLight_Individual:5;,1687,1699,1425,1675,1791,1661,1841,1780,1566,1837,1758,1815,1813
AripiprazoleLight_Individual:9;,1491,1577,1381,1388,941,1041,1214,1235,683,929,1286,692,861
AripiprazoleLight_Individual:31,328,161,111,100,105,76,50,109,110,65,75,39,122
AripiprazoleLight_Individual:30,398,438,621,412,285,261,773,230,161,198,501,608,751
AripiprazoleLight_Individual:1;,1076,1118,867,561,277,200,185,313,249,298,178,248,254
AripiprazoleLight_Individual:19,508,1018,659,444,593,433,593,834,405,500,392,545,454
AripiprazoleLight_Individual:18,1477,1266,1413,868,832,822,1080,1027,1024,1382,1653,1785,1856
AripiprazoleLight_Individual:39,538,448,272,266,435,305,356,278,395,395,342,235,308
AripiprazoleLight_Individual:33,1440,1229,1012,520,1012,959,399,396,390,338,453,405,492
AripiprazoleLight_Individual:3;,1313,1342,1263,1241,1117,1039,1044,957,946,1070,1013,1109,943
AripiprazoleLight_Individual:32,904,731,604,537,279,317,280,311,596,400,280,257,286
AripiprazoleLight_Individual:13,326,238,626,906,317,160,159,175,152,185,148,198,348
AripiprazoleLight_Individual:12,1210,1447,1668,1935,1556,1787,1845,1458,1388,1280,1703,1008,286
AripiprazoleLight_Individual:7;,1504,1252,1129,928,1268,372,209,184,156,473,537,199,218
AripiprazoleLight_Individual:10,602,332,457,488,462,451,458,438,414,499,512,411,586
AripiprazoleLight_Individual:17,904,727,663,596,361,360,456,350,391,389,408,338,319
AripiprazoleLight_Individual:16,419,146,82,78,126,222,194,141,124,172,98,134,161
AripiprazoleLight_Individual:15,1109,169,130,92,82,231,149,196,140,241,249,515,934
AripiprazoleLight_Individual:14,757,559,486,412,417,506,378,421,346,429,382,408,467
CariprazineLight_Individual:8;,855,518,568,744,724,782,904,893,820,1122,832,1049,891
CariprazineLight_Individual:48,995,238,132,55,74,47,161,59,441,219,64,231,72
CariprazineLight_Individual:4;,978,832,47,10,0,4,243,260,462,456,471,493,551
CariprazineLight_Individual:40,521,188,298,226,221,200,189,223,241,202,206,238,212
CariprazineLight_Individual:41,479,31,38,17,70,75,29,101,41,38,53,67,84
CariprazineLight_Individual:42,1308,1769,1659,1128,1156,568,123,299,595,158,103,97,273
CariprazineLight_Individual:43,1017,1052,590,602,221,291,364,309,330,243,249,248,196
CariprazineLight_Individual:44,1021,1169,1114,639,104,183,218,181,238,204,256,196,447
CariprazineLight_Individual:45,1536,1289,1461,804,351,571,242,682,216,549,402,175,229
CariprazineLight_Individual:46,262,727,445,84,349,85,536,58,443,208,296,16,246
CariprazineLight_Individual:47,319,821,404,209,142,136,192,158,340,289,134,202,158
CariprazineLight_Individual:2;,1229,1475,1237,1203,1087,1080,982,617,271,492,372,89,272
CariprazineLight_Individual:28,663,651,673,675,628,494,542,548,483,620,457,513,493
CariprazineLight_Individual:29,1015,466,258,246,367,277,264,328,355,239,206,131,247
CariprazineLight_Individual:26,971,984,824,861,807,756,724,712,746,872,843,719,754
CariprazineLight_Individual:6;,1113,687,141,90,57,160,62,209,90,38,205,166,151
CariprazineLight_Individual:24,224,264,25,213,139,70,202,34,76,97,134,60,108
CariprazineLight_Individual:25,986,928,515,224,249,201,239,262,256,240,168,253,349
CariprazineLight_Individual:22,1038,1390,931,242,447,418,232,259,286,257,271,304,349
CariprazineLight_Individual:23,428,27,169,796,106,19,171,321,2005,9,72,89,355
CariprazineLight_Individual:20,293,596,601,174,226,156,489,257,423,104,161,421,313
CariprazineLight_Individual:21,1035,1024,498,253,268,216,616,326,353,336,194,370,190
CariprazineLight_Individual:34,1046,1193,449,207,162,280,290,325,273,183,243,163,264
CariprazineLight_Individual:38,119,205,749,150,127,369,221,316,213,202,435,151,225
CariprazineLight_Individual:35,356,3,2048,57,236,133,130,119,100,104,109,137,130
CariprazineLight_Individual:27,903,908,94,101,108,110,93,91,137,130,216,241,195
CariprazineLight_Individual:11,875,952,345,262,309,264,329,279,302,260,345,281,394
CariprazineLight_Individual:37,139,143,167,180,163,89,41,40,81,41,42,88,188
CariprazineLight_Individual:36,816,891,311,138,165,207,163,219,210,174,141,149,172
CariprazineLight_Individual:5;,1002,810,782,650,759,722,689,684,604,572,684,412,540
CariprazineLight_Individual:9;,139,179,174,214,180,217,239,230,180,204,184,246,242
CariprazineLight_Individual:31,973,459,385,447,418,422,407,447,449,576,430,459,457
CariprazineLight_Individual:30,801,657,56,5,3,3,0,104,10,7,1915,8,49
CariprazineLight_Individual:1;,364,446,376,735,505,534,501,471,673,339,651,772,638
CariprazineLight_Individual:19,1082,1184,234,430,416,157,617,205,541,110,303,126,399
CariprazineLight_Individual:18,312,273,200,105,157,97,179,121,169,122,157,123,155
CariprazineLight_Individual:39,953,1513,606,211,238,73,110,81,114,81,59,51,242
CariprazineLight_Individual:33,958,716,326,204,213,229,201,197,149,173,231,203,182
CariprazineLight_Individual:3;,1207,1088,137,91,87,118,107,119,123,164,129,145,171
CariprazineLight_Individual:32,1303,419,280,258,228,102,105,70,44,27,221,95,143
CariprazineLight_Individual:13,417,185,163,165,164,177,142,812,448,124,168,119,170
CariprazineLight_Individual:12,770,199,181,217,185,187,254,231,267,232,166,180,238
CariprazineLight_Individual:7;,272,153,135,168,157,209,210,145,158,212,180,197,182
CariprazineLight_Individual:10,641,432,372,266,229,308,224,196,178,135,244,158,217
CariprazineLight_Individual:17,517,325,88,187,200,170,133,143,423,333,190,72,145
CariprazineLight_Individual:16,1535,1651,1574,610,0,0,45,34,39,61,49,10,36
CariprazineLight_Individual:15,846,782,147,36,47,52,23,49,30,45,45,41,85
CariprazineLight_Individual:14,521,150,541,295,80,65,87,73,50,88,71,444,98
ClozapineLight_Individual:8;,741,437,288,227,84,66,96,156,252,308,273,93,239
ClozapineLight_Individual:48,1251,523,154,129,211,228,324,218,201,214,182,105,188
ClozapineLight_Individual:4;,1007,927,642,401,239,45,23,176,478,668,821,795,279
ClozapineLight_Individual:40,884,917,1044,1019,1017,1016,1239,978,1277,1121,1011,1123,1159
ClozapineLight_Individual:41,946,773,1097,1200,1274,1293,1398,981,1315,1454,1422,1214,1314
ClozapineLight_Individual:42,716,694,140,100,152,185,166,182,235,228,214,374,265
ClozapineLight_Individual:43,1216,1176,629,838,579,367,252,244,345,260,257,219,164
ClozapineLight_Individual:44,1158,1369,1456,1253,1110,961,694,775,486,362,484,324,273
ClozapineLight_Individual:45,1235,1199,766,1184,754,425,685,725,229,168,193,797,691
ClozapineLight_Individual:46,1107,495,5,71,164,226,202,270,189,216,203,258,236
ClozapineLight_Individual:47,1282,1523,1499,1289,1025,791,653,705,550,353,602,202,150
ClozapineLight_Individual:2;,1097,1119,1232,1416,1315,1002,1065,761,301,425,424,978,417
ClozapineLight_Individual:28,1075,1224,1495,1639,1619,1545,1555,1194,1070,1072,994,996,836
ClozapineLight_Individual:29,496,284,151,114,102,119,89,114,97,86,101,71,91
ClozapineLight_Individual:26,96,153,0,5,24,70,36,96,17,5,4,29,13
ClozapineLight_Individual:6;,1137,1240,57,51,88,90,423,314,84,79,321,228,125
ClozapineLight_Individual:24,1217,1098,1118,126,28,15,11,45,234,387,95,16,108
ClozapineLight_Individual:25,1242,1328,1448,1410,1473,1434,1298,970,264,500,582,780,317
ClozapineLight_Individual:22,226,19,23,53,67,87,80,119,162,197,131,183,123
ClozapineLight_Individual:23,1299,1029,471,61,54,168,190,90,65,72,177,56,22
ClozapineLight_Individual:20,889,308,264,198,123,126,128,87,163,88,51,70,91
ClozapineLight_Individual:21,926,1055,555,184,114,122,150,140,106,78,94,51,88
ClozapineLight_Individual:34,654,286,275,213,256,146,191,206,385,443,877,521,543
ClozapineLight_Individual:38,512,876,828,666,490,368,258,261,257,292,315,190,294
ClozapineLight_Individual:35,927,886,340,81,135,182,348,410,375,375,366,290,314
ClozapineLight_Individual:27,1204,848,202,106,103,846,1013,760,523,85,121,231,889
ClozapineLight_Individual:11,1103,930,454,133,38,45,28,23,59,44,26,55,153
ClozapineLight_Individual:37,820,814,639,187,309,475,639,91,14,25,15,33,620
ClozapineLight_Individual:36,166,24,5,32,7,16,178,171,115,53,13,0,27
ClozapineLight_Individual:5;,1625,1469,1653,1437,1307,1363,1631,1499,1243,1293,1457,1209,1601
ClozapineLight_Individual:9;,156,60,12,3,56,58,25,80,30,50,31,22,47
ClozapineLight_Individual:31,117,0,89,32,53,20,0,13,7,5,1714,1459,1533
ClozapineLight_Individual:30,336,73,257,215,235,178,185,167,160,146,124,127,20
ClozapineLight_Individual:1;,1544,1650,1771,1741,1695,1313,652,434,424,460,615,1215,539
ClozapineLight_Individual:19,345,149,59,25,19,128,110,83,77,58,65,53,31
ClozapineLight_Individual:18,1059,1151,1108,1193,1017,1161,1201,1129,1131,1162,1199,1152,1157
ClozapineLight_Individual:39,1211,1144,1204,1199,1150,1091,1014,1046,1032,999,939,971,1174
ClozapineLight_Individual:33,1074,441,399,245,177,140,27,41,301,485,467,460,267
ClozapineLight_Individual:3;,1330,1447,1517,1452,1506,494,152,115,244,363,311,408,575
ClozapineLight_Individual:32,290,128,71,48,21,3,10,8,5,5,14,30,53
ClozapineLight_Individual:13,1113,1203,1133,1091,911,1140,1272,1305,1244,1296,1330,1349,1440
ClozapineLight_Individual:12,911,980,638,426,208,116,139,83,153,83,154,173,244
ClozapineLight_Individual:7;,1458,1387,1179,733,433,147,139,65,235,125,170,80,128
ClozapineLight_Individual:10,1183,1009,671,557,323,183,202,208,229,154,134,175,124
ClozapineLight_Individual:17,840,880,996,1029,1001,983,827,870,787,642,530,744,860
ClozapineLight_Individual:16,985,929,904,827,953,819,695,665,615,611,781,848,857
ClozapineLight_Individual:15,414,308,349,291,135,28,33,230,265,156,149,110,150
ClozapineLight_Individual:14,788,701,534,703,680,1000,947,989,1026,1039,860,949,706
CNOLight_Individual:8;,823,760,787,739,647,601,780,511,507,798,1019,989,997
CNOLight_Individual:48,1422,1501,1543,1664,1693,1775,1849,1725,1653,1837,1476,1978,1933
CNOLight_Individual:4;,744,243,158,486,579,244,374,306,378,386,316,455,493
CNOLight_Individual:40,1126,1179,1337,1484,1485,1595,1516,1311,1232,1319,1426,1234,811
CNOLight_Individual:41,364,540,592,605,402,332,249,250,249,254,286,270,338
CNOLight_Individual:42,877,1114,1106,903,379,465,625,212,337,443,828,676,382
CNOLight_Individual:43,483,214,94,105,166,141,88,114,122,57,31,175,251
CNOLight_Individual:44,704,911,947,1056,1054,869,862,940,963,558,410,490,568
CNOLight_Individual:45,1303,1228,1227,1087,456,211,750,832,1060,1345,1185,986,813
CNOLight_Individual:46,798,816,814,845,903,1007,603,819,846,859,665,407,592
CNOLight_Individual:47,1261,943,1450,1569,1542,1512,1487,1313,1363,1309,1340,1324,863
CNOLight_Individual:2;,803,784,740,766,768,758,279,142,261,472,444,278,243
CNOLight_Individual:28,1007,778,266,277,173,173,248,197,116,280,223,155,224
CNOLight_Individual:29,786,986,1118,1196,1174,1120,1003,1024,888,877,968,893,856
CNOLight_Individual:26,970,1110,1166,1053,918,878,967,763,783,506,201,153,9
CNOLight_Individual:6;,194,153,178,137,135,84,29,141,154,176,120,166,277
CNOLight_Individual:24,297,180,99,116,136,85,110,83,98,106,123,132,203
CNOLight_Individual:25,986,1214,1089,1387,1162,1189,1120,1176,1169,1041,1087,883,966
CNOLight_Individual:22,693,1127,1344,310,261,543,389,327,701,402,443,405,412
CNOLight_Individual:23,1142,996,1177,1259,1227,1223,1017,942,969,982,995,790,724
CNOLight_Individual:20,1167,1189,1308,1405,1263,1157,868,1018,939,631,1065,741,825
CNOLight_Individual:21,1041,1231,1199,956,1058,1001,1056,916,504,462,706,319,493
CNOLight_Individual:34,616,681,703,731,1109,544,307,566,604,438,377,697,802
CNOLight_Individual:38,543,236,257,152,73,123,193,294,467,277,331,192,220
CNOLight_Individual:35,81,155,177,191,218,279,232,180,341,326,213,61,55
CNOLight_Individual:27,1151,1164,1060,907,1004,1132,1097,1104,1092,988,856,904,789
CNOLight_Individual:11,883,1002,1128,1373,790,1237,1184,1179,1146,1228,1283,1102,1052
CNOLight_Individual:37,106,54,101,82,80,142,89,108,106,167,53,53,90
CNOLight_Individual:36,399,293,149,184,136,43,61,100,71,104,48,103,135
CNOLight_Individual:5;,1172,1288,1348,1335,1408,1373,1403,1184,1378,1224,1339,1351,1088
CNOLight_Individual:9;,973,1215,1232,1176,1109,979,560,299,376,494,430,741,434
CNOLight_Individual:31,545,531,515,320,250,378,376,338,342,435,420,469,342
CNOLight_Individual:30,975,379,0,1583,1786,1603,1711,1696,495,3,30,0,45
CNOLight_Individual:1;,999,1082,1237,1309,1110,900,971,899,753,380,424,472,602
CNOLight_Individual:19,794,559,402,253,102,486,317,64,272,104,81,224,318
CNOLight_Individual:18,531,144,68,11,23,254,355,313,259,196,173,187,123
CNOLight_Individual:39,847,1111,1058,938,435,492,587,602,333,539,685,670,808
CNOLight_Individual:33,1070,1174,1346,1388,1315,1237,1412,1492,1363,1372,764,242,343
CNOLight_Individual:3;,330,143,119,66,123,76,32,21,74,164,188,73,173
CNOLight_Individual:32,857,1112,1130,1277,1332,1266,1207,1229,1301,1258,1196,1226,1183
CNOLight_Individual:13,980,1497,1511,1750,1553,1605,1728,1736,1501,1515,1404,1495,1199
CNOLight_Individual:12,846,1192,1151,928,1166,647,286,294,345,356,388,433,509
CNOLight_Individual:7;,939,851,756,292,234,214,194,217,175,206,216,268,300
CNOLight_Individual:10,1249,1251,1273,1338,1250,1119,1022,1000,825,620,230,270,301
CNOLight_Individual:17,925,797,1006,1078,1063,1149,1206,1332,1179,1190,1389,1393,1417
CNOLight_Individual:16,1320,1445,1490,1611,1484,1873,1174,1604,1433,1413,1478,1100,1606
CNOLight_Individual:15,1356,1307,1388,1482,1398,1306,1380,1059,1348,1263,1152,1015,1204
CNOLight_Individual:14,949,1054,963,689,906,875,1180,964,1017,1076,1116,1075,930
HaloperidolLight_Individual:8;,742,656,795,1093,855,1004,1011,1021,1047,1056,1000,910,877
HaloperidolLight_Individual:48,1062,929,680,672,673,700,553,635,723,635,729,632,450
HaloperidolLight_Individual:4;,1049,1373,1403,1286,1366,1421,1288,1030,673,702,1049,1071,1230
HaloperidolLight_Individual:40,518,289,262,279,238,278,205,290,174,128,232,249,247
HaloperidolLight_Individual:41,376,241,261,211,171,236,137,168,248,170,168,324,171
HaloperidolLight_Individual:42,1503,1170,1021,1183,1005,1107,859,663,710,710,694,482,646
HaloperidolLight_Individual:43,454,36,489,531,575,327,339,614,133,1911,1967,493,7
HaloperidolLight_Individual:44,629,512,274,203,52,57,1945,212,65,453,328,405,334
HaloperidolLight_Individual:45,1070,960,714,920,889,745,952,728,326,397,399,583,261
HaloperidolLight_Individual:46,468,335,330,136,258,235,135,83,285,313,73,79,56
HaloperidolLight_Individual:47,1033,1138,932,886,1280,1107,1222,1065,1042,1036,962,917,1118
HaloperidolLight_Individual:2;,273,115,180,132,192,155,17,225,164,37,170,83,118
HaloperidolLight_Individual:28,1047,726,965,1016,766,710,613,516,422,447,248,377,376
HaloperidolLight_Individual:29,650,277,403,303,476,222,247,247,245,160,148,230,268
HaloperidolLight_Individual:26,1302,1191,1324,1252,1062,1232,1246,1276,1214,1309,1067,1220,1207
HaloperidolLight_Individual:6;,600,405,611,819,696,35,371,292,299,419,247,306,420
HaloperidolLight_Individual:24,1148,823,955,814,680,866,765,657,525,635,544,736,541
HaloperidolLight_Individual:25,1230,1272,1177,1032,606,576,655,559,696,815,755,660,691
HaloperidolLight_Individual:22,1031,803,400,490,622,375,489,300,385,435,361,296,552
HaloperidolLight_Individual:23,1009,578,519,484,520,378,338,502,461,1645,450,571,80
HaloperidolLight_Individual:20,1043,583,792,745,585,835,519,487,270,484,322,259,214
HaloperidolLight_Individual:21,463,364,562,646,541,635,1026,662,539,736,664,233,485
HaloperidolLight_Individual:34,1037,728,134,121,223,259,526,492,271,472,382,464,567
HaloperidolLight_Individual:38,432,394,296,299,410,305,306,228,284,238,262,378,340
HaloperidolLight_Individual:35,1403,969,573,530,516,346,548,340,566,960,1234,1258,1434
HaloperidolLight_Individual:27,1338,923,1012,1106,965,656,764,945,1134,1036,1159,1191,1143
HaloperidolLight_Individual:11,996,1030,911,1187,1340,1160,1147,775,929,975,962,981,834
HaloperidolLight_Individual:37,1355,1452,1170,1062,684,886,387,384,389,437,388,483,436
HaloperidolLight_Individual:36,1432,1127,1091,909,995,935,734,662,852,715,513,562,530
HaloperidolLight_Individual:5;,932,978,1169,503,695,869,270,814,592,383,449,653,371
HaloperidolLight_Individual:9;,976,709,753,777,616,715,831,620,1059,1243,1164,873,1040
HaloperidolLight_Individual:31,1135,1153,1005,845,544,1178,934,950,687,479,833,707,607
HaloperidolLight_Individual:30,1050,985,907,836,643,572,550,620,364,609,462,554,549
HaloperidolLight_Individual:1;,1221,1224,967,1101,1486,1278,1405,1377,1165,1209,1249,1255,962
HaloperidolLight_Individual:19,1364,1293,1278,1129,1052,1142,937,804,403,381,950,376,610
HaloperidolLight_Individual:18,706,730,772,691,551,553,471,197,563,599,649,706,503
HaloperidolLight_Individual:39,626,502,495,497,674,550,451,556,430,535,545,176,362
HaloperidolLight_Individual:33,726,483,466,383,274,350,317,214,31,83,272,167,165
HaloperidolLight_Individual:3;,695,379,163,179,226,176,411,292,437,246,400,359,337
HaloperidolLight_Individual:32,627,29,130,569,610,97,153,200,203,335,232,384,167
HaloperidolLight_Individual:13,1342,1496,1593,1638,1490,1186,1451,1197,1092,1160,1051,1196,872
HaloperidolLight_Individual:12,714,325,323,435,494,336,440,346,468,283,354,384,327
HaloperidolLight_Individual:7;,508,191,205,360,157,121,134,264,271,130,241,288,227
HaloperidolLight_Individual:10,369,323,318,711,452,481,522,489,478,495,416,345,399
HaloperidolLight_Individual:17,253,667,915,885,652,595,572,687,618,688,1031,862,713
HaloperidolLight_Individual:16,668,450,904,1129,1030,885,928,757,647,534,694,734,597
HaloperidolLight_Individual:15,1455,1179,1270,1207,1272,1096,1193,1157,924,829,902,882,594
HaloperidolLight_Individual:14,1113,960,1155,1125,1164,1124,964,986,1043,927,1021,832,536
NDMCHighLight_Individual:8;,962,1082,773,873,626,586,946,1045,429,10,21,52,283
NDMCHighLight_Individual:48,978,509,404,396,306,189,236,246,177,296,284,193,218
NDMCHighLight_Individual:4;,1516,1458,1397,1506,1671,1256,1526,2066,1817,1661,2005,2386,1392
NDMCHighLight_Individual:40,1193,643,688,785,412,258,236,42,53,33,119,97,459
NDMCHighLight_Individual:41,1596,701,491,152,141,104,54,265,225,260,161,188,542
NDMCHighLight_Individual:42,1310,948,714,741,369,191,396,180,247,235,211,177,173
NDMCHighLight_Individual:43,1203,25,6,0,7,129,128,260,184,456,148,323,274
NDMCHighLight_Individual:44,572,7,517,164,149,229,53,322,322,104,142,179,245
NDMCHighLight_Individual:45,1433,467,341,408,361,337,494,460,284,381,366,309,388
NDMCHighLight_Individual:46,505,96,135,340,137,424,245,401,494,332,435,300,226
NDMCHighLight_Individual:47,979,660,732,597,426,387,79,236,168,203,332,297,248
NDMCHighLight_Individual:2;,1373,1204,961,1215,1485,958,1259,1146,1185,582,1190,826,1078
NDMCHighLight_Individual:28,1043,1275,1139,890,421,372,696,693,456,380,352,381,406
NDMCHighLight_Individual:29,1196,1184,1458,1446,1408,641,1126,1246,983,1105,1083,702,901
NDMCHighLight_Individual:26,1396,1678,1753,1466,1731,1254,1421,1192,1266,1285,1525,1812,1699
NDMCHighLight_Individual:6;,1322,1249,951,512,450,321,301,283,247,239,354,339,989
NDMCHighLight_Individual:24,160,222,116,483,244,256,458,421,423,363,301,76,353
NDMCHighLight_Individual:25,1415,1096,1013,653,1058,719,693,676,61,1431,1877,9,1284
NDMCHighLight_Individual:22,1059,292,153,137,134,219,231,128,161,223,113,37,183
NDMCHighLight_Individual:23,242,120,171,311,20,55,11,24,5,25,20,3,3
NDMCHighLight_Individual:20,682,168,123,493,855,95,598,181,238,230,273,180,0
NDMCHighLight_Individual:21,1496,1179,530,135,242,453,530,290,577,572,812,457,568
NDMCHighLight_Individual:34,1445,1267,1438,1339,1540,1408,1299,1434,970,223,86,375,1229
NDMCHighLight_Individual:38,1264,1291,240,0,100,299,141,9,39,51,52,13,333
NDMCHighLight_Individual:35,1226,1259,1729,1314,790,489,551,380,368,369,284,321,740
NDMCHighLight_Individual:27,1469,1841,1551,1469,1669,1487,1801,1889,1927,1836,1065,514,1246
NDMCHighLight_Individual:11,1397,1446,1331,1101,1011,1049,1008,658,446,479,241,353,755
NDMCHighLight_Individual:37,1297,837,812,7,1369,1297,1337,1255,1607,45,288,1350,587
NDMCHighLight_Individual:36,1440,1617,1608,1237,447,423,426,403,355,306,391,362,810
NDMCHighLight_Individual:5;,1191,1320,1261,1760,1630,915,948,591,432,483,444,356,732
NDMCHighLight_Individual:9;,936,456,522,358,349,351,390,382,324,369,391,379,725
NDMCHighLight_Individual:31,1361,1549,1096,1279,669,341,484,617,437,404,409,215,946
NDMCHighLight_Individual:30,715,784,672,564,689,627,803,601,609,854,666,926,805
NDMCHighLight_Individual:1;,1607,1252,1119,937,779,1273,1165,939,639,560,489,399,1068
NDMCHighLight_Individual:19,1002,563,526,337,357,388,230,550,310,360,389,136,212
NDMCHighLight_Individual:18,546,253,521,205,378,289,358,298,212,342,321,323,330
NDMCHighLight_Individual:39,1615,1178,791,387,349,267,113,137,25,13,28,167,632
NDMCHighLight_Individual:33,1439,1607,1832,1916,1065,1433,1321,579,594,286,307,217,983
NDMCHighLight_Individual:3;,1206,926,1158,1229,584,753,582,617,533,789,866,727,1255
NDMCHighLight_Individual:32,923,1331,1521,1487,1054,865,973,557,0,1427,0,1361,594
NDMCHighLight_Individual:13,1387,1000,1002,967,773,239,326,493,221,93,5,66,412
NDMCHighLight_Individual:12,1977,1893,1629,1536,1400,1558,1304,1007,102,0,22,252,825
NDMCHighLight_Individual:7;,902,995,963,607,744,417,759,445,505,639,731,737,743
NDMCHighLight_Individual:10,1745,1477,1507,477,296,5,23,190,62,631,792,625,980
NDMCHighLight_Individual:17,1270,1337,799,1037,578,532,758,569,406,255,597,167,703
NDMCHighLight_Individual:16,1320,1026,640,163,624,230,49,59,156,347,11,81,64
NDMCHighLight_Individual:15,1098,899,453,349,309,207,189,198,41,119,117,3,199
NDMCHighLight_Individual:14,1302,863,496,158,544,95,30,0,1838,970,160,171,598
NDMCLight_Individual:8;,505,851,517,558,817,933,722,866,641,799,851,555,571
NDMCLight_Individual:48,589,309,870,939,164,37,90,118,158,105,76,170,117
NDMCLight_Individual:4;,502,632,370,369,352,402,295,377,263,393,313,202,266
NDMCLight_Individual:40,138,137,132,155,160,260,229,237,215,177,179,243,203
NDMCLight_Individual:41,1082,1132,1122,1140,1308,1395,1590,1588,1587,1380,1540,1384,1390
NDMCLight_Individual:42,339,152,373,215,219,339,420,311,345,221,402,403,415
NDMCLight_Individual:43,419,172,413,633,788,372,303,365,896,976,425,174,193
NDMCLight_Individual:44,295,143,38,33,52,84,259,672,849,229,52,679,756
NDMCLight_Individual:45,354,279,497,13,13,448,123,421,101,92,518,658,443
NDMCLight_Individual:46,34,46,114,33,502,354,39,31,39,50,23,209,280
NDMCLight_Individual:47,626,389,264,265,332,263,316,668,295,390,348,244,286
NDMCLight_Individual:2;,344,465,604,649,591,605,657,782,943,969,947,945,920
NDMCLight_Individual:28,0,0,165,31,1887,1767,13,7,1979,2187,1979,1991,1885
NDMCLight_Individual:29,963,1244,1102,1344,1478,1398,1466,1464,1436,1242,1269,1469,1366
NDMCLight_Individual:26,321,284,284,243,269,240,182,237,167,186,196,162,161
NDMCLight_Individual:6;,72,191,817,979,846,1120,888,1074,1208,1198,1366,1212,1343
NDMCLight_Individual:24,708,595,336,382,463,620,659,301,292,196,404,679,689
NDMCLight_Individual:25,124,317,666,788,842,360,165,176,178,341,167,225,213
NDMCLight_Individual:22,23,66,38,58,59,72,79,90,82,72,182,279,168
NDMCLight_Individual:23,464,934,1208,1102,1116,1101,962,870,991,933,885,712,749
NDMCLight_Individual:20,434,5,1930,274,67,21,137,266,19,11,289,136,52
NDMCLight_Individual:21,1096,1334,1279,1167,1211,1160,1083,1038,979,956,1093,1199,1167
NDMCLight_Individual:34,197,151,150,120,129,131,149,169,168,128,130,150,234
NDMCLight_Individual:38,755,589,388,491,568,658,606,629,748,930,891,899,1013
NDMCLight_Individual:35,834,548,217,275,370,437,422,652,690,629,753,659,771
NDMCLight_Individual:27,427,275,328,383,325,318,396,346,397,286,345,218,328
NDMCLight_Individual:11,509,318,270,405,315,383,303,262,352,395,408,401,355
NDMCLight_Individual:37,239,146,876,1180,1188,1122,551,558,325,267,197,314,153
NDMCLight_Individual:36,220,199,233,3,19,78,9,21,35,96,17,0,73
NDMCLight_Individual:5;,889,845,851,929,1107,978,836,1064,1021,1039,1036,988,1027
NDMCLight_Individual:9;,830,958,1032,929,1117,1046,1045,823,977,850,810,851,732
NDMCLight_Individual:31,129,7,54,29,166,722,377,170,418,458,297,185,321
NDMCLight_Individual:30,830,684,868,661,733,562,311,681,716,330,231,191,269
NDMCLight_Individual:1;,1506,1674,1734,1686,1190,1235,1164,1212,1192,1145,1263,921,1101
NDMCLight_Individual:19,106,55,101,38,193,51,51,61,73,468,398,81,90
NDMCLight_Individual:18,408,851,654,426,254,523,416,195,253,260,214,204,155
NDMCLight_Individual:39,396,112,87,132,126,104,150,260,129,212,309,180,171
NDMCLight_Individual:33,57,59,125,56,74,68,81,168,338,88,330,274,160
NDMCLight_Individual:3;,442,392,311,479,248,440,218,423,430,477,594,550,629
NDMCLight_Individual:32,458,393,282,648,563,150,228,170,240,407,763,421,253
NDMCLight_Individual:13,1014,1106,977,1243,1076,1121,957,856,943,912,643,418,812
NDMCLight_Individual:12,0,8,0,243,401,169,169,239,206,165,274,257,222
NDMCLight_Individual:7;,288,385,645,472,214,443,256,423,607,601,518,540,656
NDMCLight_Individual:10,857,692,105,106,245,522,337,360,551,187,466,318,134
NDMCLight_Individual:17,1010,1185,953,1129,977,1075,1103,951,1113,963,927,1195,1033
NDMCLight_Individual:16,590,385,236,240,154,407,454,485,404,568,424,434,385
NDMCLight_Individual:15,1184,1447,1392,1303,1362,1440,1559,1294,1323,1331,1241,1099,934
NDMCLight_Individual:14,493,411,694,694,445,522,469,535,778,828,855,573,545
OSU6162Light_Individual:8;,1334,1357,1205,1129,1186,1074,995,1189,1172,672,1256,1112,969
OSU6162Light_Individual:48,1266,892,1020,1413,959,941,888,712,761,545,948,1197,789
OSU6162Light_Individual:4;,1239,525,453,297,351,294,322,277,317,303,355,298,369
OSU6162Light_Individual:40,1725,1546,1773,1364,1060,1354,657,950,833,628,757,565,728
OSU6162Light_Individual:41,1224,1094,860,808,732,540,722,521,431,483,547,594,789
OSU6162Light_Individual:42,1167,1278,712,350,620,200,325,494,420,181,187,267,294
OSU6162Light_Individual:43,761,813,701,580,102,45,92,88,115,81,100,110,112
OSU6162Light_Individual:44,543,60,0,22,177,146,91,146,204,200,147,118,129
OSU6162Light_Individual:45,1358,1158,1116,804,645,770,517,644,753,1500,804,1068,1183
OSU6162Light_Individual:46,532,302,292,263,228,318,183,258,159,120,153,91,187
OSU6162Light_Individual:47,1015,1125,464,20,36,216,287,299,208,301,233,250,295
OSU6162Light_Individual:2;,540,136,416,589,627,548,569,553,510,256,938,545,449
OSU6162Light_Individual:28,1593,1313,1402,1467,1342,1170,1012,1028,1168,1162,1353,1047,527
OSU6162Light_Individual:29,528,249,356,285,393,169,416,422,145,58,33,56,158
OSU6162Light_Individual:26,80,110,252,174,176,331,104,78,174,147,31,52,37
OSU6162Light_Individual:6;,1179,1278,1383,1132,1045,437,190,453,942,873,823,962,594
OSU6162Light_Individual:24,1030,810,619,364,277,244,277,220,291,179,184,255,216
OSU6162Light_Individual:25,1094,1093,944,820,1130,884,756,734,793,865,911,912,807
OSU6162Light_Individual:22,1478,1518,1395,1239,1070,1179,739,1217,843,409,431,220,214
OSU6162Light_Individual:23,1399,1232,1163,1047,746,916,793,873,695,424,454,490,479
OSU6162Light_Individual:20,628,354,517,415,432,364,134,228,226,394,350,351,273
OSU6162Light_Individual:21,529,222,276,256,449,345,335,439,348,493,640,540,525
OSU6162Light_Individual:34,1151,1305,1172,404,310,322,276,255,274,296,297,205,287
OSU6162Light_Individual:38,1242,1236,1212,1294,1165,253,212,265,228,171,237,248,194
OSU6162Light_Individual:35,1075,1059,623,387,22,143,451,455,370,373,359,388,308
OSU6162Light_Individual:27,1191,1396,1073,1456,952,1027,941,1017,874,827,1016,886,309
OSU6162Light_Individual:11,1062,1218,1275,655,943,694,378,437,857,1319,743,405,1376
OSU6162Light_Individual:37,1515,1748,1601,1592,1628,1410,1607,1647,1654,1428,1536,1316,1170
OSU6162Light_Individual:36,648,540,460,480,448,618,398,641,704,516,711,541,501
OSU6162Light_Individual:5;,979,1018,927,864,949,948,720,573,419,260,261,332,334
OSU6162Light_Individual:9;,1151,1423,1395,1345,579,576,625,854,739,771,749,753,716
OSU6162Light_Individual:31,609,484,166,113,107,51,29,120,7,146,180,253,105
OSU6162Light_Individual:30,530,585,690,777,684,719,636,625,743,645,710,459,259
OSU6162Light_Individual:1;,1708,1466,1536,1441,1781,1334,1207,742,1223,1380,931,666,592
OSU6162Light_Individual:19,784,646,716,463,589,414,365,406,283,212,259,247,188
OSU6162Light_Individual:18,1378,391,135,315,677,560,574,452,421,411,455,275,235
OSU6162Light_Individual:39,1341,942,201,323,341,391,1310,1108,586,38,152,347,208
OSU6162Light_Individual:33,0,0,0,1899,1942,1987,2011,1935,745,1903,2007,1951,1929
OSU6162Light_Individual:3;,259,217,293,299,307,317,342,373,351,342,377,324,391
OSU6162Light_Individual:32,942,967,893,103,205,31,116,83,71,0,164,775,17
OSU6162Light_Individual:13,1614,1252,1485,1470,1062,540,342,569,647,1056,483,448,805
OSU6162Light_Individual:12,1342,1171,404,156,164,102,126,138,7,66,93,96,89
OSU6162Light_Individual:7;,962,1205,1008,973,856,280,367,232,135,124,460,203,103
OSU6162Light_Individual:10,625,680,1024,859,888,1021,905,942,851,846,769,668,652
OSU6162Light_Individual:17,1068,899,864,620,744,622,276,341,316,239,299,221,96
OSU6162Light_Individual:16,968,764,163,29,179,269,366,270,226,182,457,318,398
OSU6162Light_Individual:15,188,189,128,158,153,161,197,180,231,244,230,210,209
OSU6162Light_Individual:14,707,628,645,300,168,217,173,452,372,223,203,229,124
PCAP1Light_Individual:8;,1402,1771,1809,1958,2183,2013,1456,1434,1482,1236,1332,1428,1672
PCAP1Light_Individual:48,920,1323,1387,1514,1324,1166,1061,1001,937,315,250,337,273
PCAP1Light_Individual:4;,1102,567,246,495,1021,1208,1249,963,1294,1419,1053,1149,1183
PCAP1Light_Individual:40,1341,1603,1610,1588,1473,1455,307,159,36,40,53,101,211
PCAP1Light_Individual:41,1094,1065,1213,1235,1533,1449,1555,1556,1524,1415,1432,1258,802
PCAP1Light_Individual:42,577,510,500,473,686,288,312,273,146,179,223,480,297
PCAP1Light_Individual:43,654,1012,833,1028,801,568,316,380,370,241,232,203,268
PCAP1Light_Individual:44,468,330,461,373,311,339,292,303,287,322,265,247,311
PCAP1Light_Individual:45,2065,875,49,13,0,5,63,0,9,0,23,3,89
PCAP1Light_Individual:46,587,468,472,790,1000,976,428,207,211,179,145,104,184
PCAP1Light_Individual:47,1046,1305,897,1257,1282,1118,604,407,495,323,361,372,230
PCAP1Light_Individual:2;,1052,1069,769,337,289,524,529,527,611,798,588,999,1118
PCAP1Light_Individual:28,1296,1187,1052,1218,1241,1227,1287,1221,1112,1334,1497,1566,1176
PCAP1Light_Individual:29,1031,864,1021,935,1093,876,977,535,728,479,787,391,330
PCAP1Light_Individual:26,1438,1612,1684,1651,1644,1601,1524,1352,1132,844,1086,1013,1054
PCAP1Light_Individual:6;,1186,1438,994,1306,1127,911,711,1024,1376,1440,1091,1451,1447
PCAP1Light_Individual:24,713,718,564,515,383,473,325,125,274,115,63,147,134
PCAP1Light_Individual:25,514,805,180,281,403,357,846,979,608,384,486,502,502
PCAP1Light_Individual:22,1295,1140,1675,1242,1437,1221,1016,830,802,799,804,690,732
PCAP1Light_Individual:23,866,604,619,759,766,502,636,434,419,339,453,234,276
PCAP1Light_Individual:20,492,387,261,398,522,431,251,190,178,123,177,148,261
PCAP1Light_Individual:21,930,1210,1132,1164,940,744,643,413,426,469,340,292,388
PCAP1Light_Individual:34,225,137,245,148,230,201,235,204,209,184,215,223,188
PCAP1Light_Individual:38,1445,1685,1633,1523,1502,1567,1713,1726,1810,1838,1835,1756,1697
PCAP1Light_Individual:35,750,837,571,824,925,994,1015,935,988,995,1049,802,917
PCAP1Light_Individual:27,1446,1665,1752,1772,1768,1797,1813,1905,1882,1912,1837,1793,1345
PCAP1Light_Individual:11,909,823,844,663,361,316,452,568,793,683,522,431,380
PCAP1Light_Individual:37,463,702,593,672,547,475,283,257,202,289,273,476,483
PCAP1Light_Individual:36,183,103,0,23,54,393,759,301,413,550,362,535,146
PCAP1Light_Individual:5;,1562,1640,1066,1395,1091,1190,1557,1572,1513,1234,1339,1540,1516
PCAP1Light_Individual:9;,1264,1460,1546,1693,1752,1655,1762,1819,1724,1564,1376,1625,1436
PCAP1Light_Individual:31,382,41,149,413,174,202,141,196,190,214,226,253,376
PCAP1Light_Individual:30,1037,933,764,850,946,947,998,781,1002,790,570,597,730
PCAP1Light_Individual:1;,885,880,965,580,918,968,857,973,1062,799,845,943,768
PCAP1Light_Individual:19,610,554,364,68,104,310,241,299,109,137,94,154,269
PCAP1Light_Individual:18,1206,1108,1347,1289,1244,1335,1282,1272,1337,1361,1172,1077,1189
PCAP1Light_Individual:39,932,957,1126,1064,1064,1041,860,415,285,440,547,239,283
PCAP1Light_Individual:33,814,871,923,817,379,802,712,633,702,692,1016,868,885
PCAP1Light_Individual:3;,1235,1347,1303,1149,1087,1050,1131,1143,988,1100,1262,1315,925
PCAP1Light_Individual:32,1579,1682,1831,1386,1586,1572,1642,1450,1740,1597,1537,1577,1127
PCAP1Light_Individual:13,86,69,114,114,91,79,129,77,99,112,57,59,107
PCAP1Light_Individual:12,829,907,896,992,961,854,825,925,690,502,675,460,277
PCAP1Light_Individual:7;,512,465,442,499,577,360,594,812,745,713,316,607,737
PCAP1Light_Individual:10,656,558,497,548,654,461,624,713,563,442,830,969,765
PCAP1Light_Individual:17,1256,1391,1400,1578,1570,538,661,1232,649,132,159,354,392
PCAP1Light_Individual:16,1082,831,995,1002,653,683,1066,957,774,817,383,433,625
PCAP1Light_Individual:15,1379,1214,1385,1618,1430,1478,1528,1557,1503,1420,1419,1426,1404
PCAP1Light_Individual:14,386,234,320,230,232,174,324,286,305,217,181,190,197
PCAP2Light_Individual:8;,475,688,701,773,768,812,556,622,790,797,780,782,640
PCAP2Light_Individual:48,776,1404,1087,649,9,247,154,384,712,138,498,479,461
PCAP2Light_Individual:4;,661,397,349,82,3,0,3,307,362,89,91,151,246
PCAP2Light_Individual:40,1253,1471,1350,1116,1134,1133,1084,1014,917,867,839,699,377
PCAP2Light_Individual:41,785,830,437,655,610,479,578,555,450,429,451,487,470
PCAP2Light_Individual:42,669,288,234,427,218,330,316,245,265,231,276,492,643
PCAP2Light_Individual:43,1536,1596,231,1989,161,23,603,38,58,324,343,200,364
PCAP2Light_Individual:44,941,754,38,11,5,148,137,157,93,64,129,142,100
PCAP2Light_Individual:45,1055,696,489,269,579,589,799,661,300,195,289,338,327
PCAP2Light_Individual:46,492,311,80,206,263,149,80,128,81,112,63,176,174
PCAP2Light_Individual:47,1476,1596,1601,1269,611,449,227,255,222,329,240,211,327
PCAP2Light_Individual:2;,1138,1048,647,356,5,0,1819,1933,1921,1763,1657,61,0
PCAP2Light_Individual:28,852,714,573,250,32,94,159,236,55,80,59,193,295
PCAP2Light_Individual:29,1235,1115,576,7,283,289,136,207,102,197,217,152,166
PCAP2Light_Individual:26,1473,1188,427,35,511,602,524,367,307,518,217,257,158
PCAP2Light_Individual:6;,635,232,170,204,120,28,83,135,188,62,94,61,116
PCAP2Light_Individual:24,146,15,27,50,162,54,89,43,104,70,96,47,124
PCAP2Light_Individual:25,1175,684,65,36,11,2173,2029,11,0,65,127,38,158
PCAP2Light_Individual:22,13,0,1963,825,1653,2007,1893,1863,1927,1779,1993,1855,1783
PCAP2Light_Individual:23,769,866,757,162,73,3,193,322,1271,1260,639,835,170
PCAP2Light_Individual:20,265,58,103,82,34,166,74,150,113,61,75,69,167
PCAP2Light_Individual:21,888,224,205,254,62,41,55,206,137,35,171,142,141
PCAP2Light_Individual:34,1444,1099,1299,1432,1188,1257,1493,1637,1566,1658,1704,1613,1365
PCAP2Light_Individual:38,1292,1270,1321,1483,1282,1072,1229,1166,1289,1291,889,856,983
PCAP2Light_Individual:35,399,185,218,191,251,215,199,226,175,172,172,230,240
PCAP2Light_Individual:27,1232,1193,1036,0,1501,215,81,8,29,3,37,62,138
PCAP2Light_Individual:11,85,1973,31,0,2049,17,0,2003,0,2097,2089,2015,33
PCAP2Light_Individual:37,724,785,733,593,492,519,467,494,392,498,478,443,427
PCAP2Light_Individual:36,286,478,949,1210,1104,1042,702,743,687,727,777,602,641
PCAP2Light_Individual:5;,1039,1227,1434,480,133,136,119,185,234,56,145,52,95
PCAP2Light_Individual:9;,518,529,399,611,510,507,512,535,571,512,585,397,464
PCAP2Light_Individual:31,554,490,317,697,733,771,741,736,661,584,487,438,456
PCAP2Light_Individual:30,747,707,238,388,355,343,353,307,291,339,229,196,203
PCAP2Light_Individual:1;,1190,1105,378,205,308,291,173,120,107,154,84,89,173
PCAP2Light_Individual:19,1065,401,436,264,376,314,230,105,134,167,43,54,59
PCAP2Light_Individual:18,1570,1209,1279,1062,829,738,972,756,1142,987,874,529,564
PCAP2Light_Individual:39,1036,1474,1604,1670,1638,1796,1878,1783,1682,1585,1686,1697,1590
PCAP2Light_Individual:33,497,345,213,134,218,162,130,125,130,169,116,113,142
PCAP2Light_Individual:3;,982,823,425,356,237,191,24,162,193,138,159,159,105
PCAP2Light_Individual:32,334,228,163,59,33,21,126,59,104,104,44,120,82
PCAP2Light_Individual:13,461,699,1063,1012,595,201,106,169,465,862,740,959,615
PCAP2Light_Individual:12,835,457,95,351,488,569,581,425,584,532,580,530,383
PCAP2Light_Individual:7;,1013,1179,1444,1567,1638,1561,1367,1361,1622,1566,1447,1672,1757
PCAP2Light_Individual:10,1282,1351,1483,1515,1624,1575,1491,1476,1557,1591,1385,1282,1529
PCAP2Light_Individual:17,433,376,290,286,151,157,195,249,272,270,251,279,269
PCAP2Light_Individual:16,647,742,867,947,997,953,728,674,702,586,468,333,242
PCAP2Light_Individual:15,1095,1315,1065,1173,1171,991,1189,1191,553,435,1018,940,1031
PCAP2Light_Individual:14,426,157,71,111,99,66,102,49,0,170,116,51,67
PCAP814Light_Individual:8;,675,392,282,332,355,465,395,487,348,327,362,305,353
PCAP814Light_Individual:48,714,930,796,670,504,479,434,446,682,421,495,265,124
PCAP814Light_Individual:4;,578,465,328,127,134,187,193,185,169,236,216,193,238
PCAP814Light_Individual:40,287,250,226,183,214,191,179,101,116,177,187,272,331
PCAP814Light_Individual:41,763,477,101,44,2051,24,9,58,13,74,65,40,78
PCAP814Light_Individual:42,450,739,1005,1161,908,384,194,132,134,174,113,157,19
PCAP814Light_Individual:43,1084,1069,273,185,114,183,184,156,392,391,397,432,321
PCAP814Light_Individual:44,1035,1506,1305,362,36,2031,2069,1945,1953,2131,89,33,139
PCAP814Light_Individual:45,391,788,680,518,316,177,152,183,207,371,263,370,249
PCAP814Light_Individual:46,365,225,19,62,253,183,330,149,68,87,106,96,47
PCAP814Light_Individual:47,542,1387,1127,1084,834,568,373,557,410,346,327,414,732
PCAP814Light_Individual:2;,1681,2068,1859,1141,1418,1275,1228,1046,925,892,564,744,903
PCAP814Light_Individual:28,65,69,46,84,50,107,89,103,77,66,74,89,59
PCAP814Light_Individual:29,506,352,376,340,213,168,315,405,475,383,506,531,461
PCAP814Light_Individual:26,1615,1499,1282,472,900,1240,1009,1274,1203,1316,1395,1315,1324
PCAP814Light_Individual:6;,1479,1615,1456,1348,721,428,1003,1566,590,735,954,862,1114
PCAP814Light_Individual:24,1025,1057,1047,1023,789,607,420,418,325,380,378,413,202
PCAP814Light_Individual:25,713,663,859,362,307,381,703,723,423,564,546,678,978
PCAP814Light_Individual:22,998,1029,476,9,284,221,62,245,298,341,160,113,167
PCAP814Light_Individual:23,92,263,287,269,214,201,114,110,169,317,238,193,155
PCAP814Light_Individual:20,1464,1674,1661,1399,1094,747,522,507,423,465,427,460,448
PCAP814Light_Individual:21,1218,952,22,16,13,297,509,65,246,288,315,268,384
PCAP814Light_Individual:34,1096,1345,1069,513,440,572,802,726,876,1210,1147,1128,1145
PCAP814Light_Individual:38,1309,1137,1197,1005,760,502,208,33,126,123,139,171,161
PCAP814Light_Individual:35,1259,1275,1304,1027,1034,867,544,687,688,795,909,790,1073
PCAP814Light_Individual:27,3,0,0,79,42,80,60,17,1877,1931,1915,1917,12
PCAP814Light_Individual:11,374,164,17,98,87,82,70,71,75,114,231,134,98
PCAP814Light_Individual:37,345,326,328,260,197,238,205,252,243,291,231,229,243
PCAP814Light_Individual:36,855,720,289,220,246,148,294,307,432,649,756,743,858
PCAP814Light_Individual:5;,1452,1300,1301,444,181,1593,15,19,43,149,62,13,91
PCAP814Light_Individual:9;,1061,1004,1016,950,799,526,749,983,1032,1068,1154,1056,967
PCAP814Light_Individual:31,1031,1245,1014,981,888,812,978,848,1024,889,708,826,837
PCAP814Light_Individual:30,798,905,193,218,156,209,291,290,287,399,484,550,520
PCAP814Light_Individual:1;,1581,1506,1492,1314,1575,1370,1442,978,1004,1213,1268,977,751
PCAP814Light_Individual:19,454,1464,1168,59,191,297,158,82,334,179,180,289,312
PCAP814Light_Individual:18,766,1509,1110,679,524,77,73,66,34,26,19,11,12
PCAP814Light_Individual:39,1699,1846,1785,1578,1648,1384,483,32,35,5,37,24,52
PCAP814Light_Individual:33,1367,1395,1169,1405,1482,1272,1308,1299,1330,1204,1165,1178,752
PCAP814Light_Individual:3;,914,1158,1240,1110,1111,996,1028,887,797,814,755,566,708
PCAP814Light_Individual:32,627,547,437,385,298,231,269,193,219,261,271,182,247
PCAP814Light_Individual:13,1321,1455,1187,1256,763,315,49,7,20,0,45,22,16
PCAP814Light_Individual:12,1503,1393,539,237,427,470,638,123,216,181,432,1036,509
PCAP814Light_Individual:7;,1487,1452,926,932,477,309,267,147,168,254,326,943,956
PCAP814Light_Individual:10,1387,1623,1572,1214,731,842,637,526,613,851,915,1234,582
PCAP814Light_Individual:17,862,1129,1109,764,919,745,552,419,91,12,40,74,153
PCAP814Light_Individual:16,1358,1279,1103,1064,1099,1125,1019,1074,1161,937,925,874,766
PCAP814Light_Individual:15,709,617,510,200,126,128,110,47,29,96,70,66,102
PCAP814Light_Individual:14,1051,865,430,242,180,425,204,150,98,83,69,46,76
PCAP931Light_Individual:8;,1285,1178,800,872,727,779,645,511,419,506,477,443,385
PCAP931Light_Individual:48,1729,1846,1348,677,364,228,246,72,43,31,45,114,79
PCAP931Light_Individual:4;,1202,1085,1071,584,488,381,385,457,643,478,518,385,274
PCAP931Light_Individual:40,1885,2040,1845,1452,1621,577,322,202,1237,1441,1343,628,153
PCAP931Light_Individual:41,1752,1753,1613,1597,1557,1514,1282,1292,1124,1599,1063,320,176
PCAP931Light_Individual:42,1846,2049,1965,1813,1721,1794,1265,1070,1144,1371,1816,1312,474
PCAP931Light_Individual:43,1233,542,778,1152,985,441,390,516,286,385,504,284,187
PCAP931Light_Individual:44,1800,1931,1585,138,130,97,36,82,67,51,55,42,44
PCAP931Light_Individual:45,1435,1843,1499,554,42,196,339,478,610,488,284,312,200
PCAP931Light_Individual:46,1698,1726,1533,527,267,187,153,134,138,149,117,169,158
PCAP931Light_Individual:47,1375,1305,1273,997,346,338,98,238,139,272,284,107,143
PCAP931Light_Individual:2;,1504,1607,1645,1758,1743,1751,1578,1591,1575,1545,1596,1615,1440
PCAP931Light_Individual:28,901,601,322,455,357,414,335,444,461,437,503,365,470
PCAP931Light_Individual:29,609,622,738,1074,988,957,1088,1032,1083,1150,1040,1209,1205
PCAP931Light_Individual:26,1189,1417,1392,1309,1203,1467,1549,1464,1448,1457,1558,1236,1250
PCAP931Light_Individual:6;,1563,1816,1847,1665,1002,1196,1603,1379,1254,1398,1775,1584,1742
PCAP931Light_Individual:24,432,188,148,264,114,106,35,25,26,162,133,104,30
PCAP931Light_Individual:25,1404,1169,1053,776,840,645,437,451,749,647,607,559,337
PCAP931Light_Individual:22,431,82,224,448,1043,786,192,135,100,83,29,19,121
PCAP931Light_Individual:23,1729,1454,1253,858,508,379,333,194,177,302,121,188,127
PCAP931Light_Individual:20,1450,1270,1207,836,330,208,366,251,144,126,137,144,149
PCAP931Light_Individual:21,1531,1035,554,351,347,480,567,578,508,313,212,384,262
PCAP931Light_Individual:34,1419,1318,1221,1217,728,654,720,682,781,542,443,462,356
PCAP931Light_Individual:38,1845,1337,1292,1393,1502,1296,1435,993,1178,1301,859,1001,903
PCAP931Light_Individual:35,1670,1570,1446,1634,1693,1815,1653,1491,1750,1736,1913,1718,990
PCAP931Light_Individual:27,1169,454,706,813,852,1023,1251,1272,1336,1340,1373,1261,1328
PCAP931Light_Individual:11,882,867,501,175,197,193,270,233,259,228,276,258,321
PCAP931Light_Individual:37,1933,1656,1636,1365,1566,1174,662,751,1299,991,521,828,545
PCAP931Light_Individual:36,1883,1666,1692,1731,1560,1629,1485,1121,1510,1518,1499,1353,1491
PCAP931Light_Individual:5;,1780,1628,1244,1456,1506,1558,1664,1611,1563,1528,1500,1570,1600
PCAP931Light_Individual:9;,1234,1603,1424,1418,1205,1338,1380,1218,1614,1411,1005,1089,1304
PCAP931Light_Individual:31,1732,1816,1764,1770,1678,1641,1481,1623,1675,1637,1658,1647,1675
PCAP931Light_Individual:30,1345,1429,1323,952,1055,895,878,742,623,836,493,369,499
PCAP931Light_Individual:1;,1427,1613,1648,1597,1590,1555,1564,1647,718,715,648,705,733
PCAP931Light_Individual:19,1560,1678,1456,1129,1040,443,366,448,399,285,351,348,323
PCAP931Light_Individual:18,1753,1375,1591,1505,617,450,519,654,977,1205,391,131,140
PCAP931Light_Individual:39,1367,1518,1287,1243,1157,863,533,780,760,843,870,529,476
PCAP931Light_Individual:33,1468,1405,1418,1236,1129,1265,1497,1453,1470,1209,1518,1375,1664
PCAP931Light_Individual:3;,1690,1763,1845,1861,1768,1735,1682,1722,1557,1768,1398,1644,1690
PCAP931Light_Individual:32,1552,1800,1640,1548,1407,1464,1537,1351,1309,1383,1452,1417,1226
PCAP931Light_Individual:13,1857,1514,1417,1903,1344,1311,1100,1091,1269,1384,940,840,684
PCAP931Light_Individual:12,1695,1422,1287,1386,1486,1443,1444,1439,1303,1347,1448,1372,1173
PCAP931Light_Individual:7;,1734,1578,1428,1405,1277,1264,1129,1293,967,1093,1290,1419,1435
PCAP931Light_Individual:10,1725,1460,1566,1605,1546,1491,1482,1551,1339,1456,788,791,902
PCAP931Light_Individual:17,1615,1657,1273,1242,1421,1035,1095,1066,618,628,578,510,399
PCAP931Light_Individual:16,1589,1185,743,630,847,427,669,391,1028,226,32,48,117
PCAP931Light_Individual:15,1896,1809,1182,1094,1372,1037,863,822,1327,1143,1528,1102,1255
PCAP931Light_Individual:14,1525,1531,1427,1255,579,244,417,419,335,337,159,714,1024
