AripiprazoleLight_Individual:8;,0.0,0.0,0.00397,0.00738,0.00772,0.0201,0.0,0.00625,0.0117,0.00508,0.0107,0.0,0.00893
AripiprazoleLight_Individual:48,0.0,0.0202,0.0102,0.01176,0.0,0.01042,0.00845,0.00935,0.00833,0.01504,0.01304,0.00699,0.0082
AripiprazoleLight_Individual:4;,0.00971,0.04478,0.04808,0.02239,0.07692,0.04545,0.0438,0.06306,0.01515,0.00325,0.0,0.01546,0.01604
AripiprazoleLight_Individual:40,0.0,0.01323,0.00164,0.0,0.01075,0.00341,0.0,0.00433,0.0,0.01119,0.00543,0.005,0.00431
AripiprazoleLight_Individual:41,0.0,0.0,0.0,0.0,0.0,0.0,0.0,0.0,0.01942,0.00935,0.01053,0.0,0.0
AripiprazoleLight_Individual:42,0.0,0.0,0.03571,0.0,0.00428,0.0,0.0,0.00649,0.0,0.00763,0.00719,0.00278,0.01075
AripiprazoleLight_Individual:43,0.00867,0.02431,0.01042,0.01216,0.04891,0.00252,0.00741,0.02469,0.01812,0.01613,0.0,0.00669,0.00943
AripiprazoleLight_Individual:44,0.00315,0.02896,0.031,0.0167,0.01558,0.02813,0.03247,0.01355,0.02927,0.01674,0.04785,0.02649,0.02525
AripiprazoleLight_Individual:45,0.00888,0.00131,0.00393,0.02174,0.00555,0.01679,0.01408,0.0,0.00775,0.00744,0.04636,0.00524,0.00862
AripiprazoleLight_Individual:46,0.00647,0.00587,0.00464,0.00839,0.00885,0.00636,0.00817,0.0,0.00613,0.00337,0.00773,0.00324,0.01445
AripiprazoleLight_Individual:47,0.0,0.0,0.0,0.0,0.0,0.00532,0.0,0.00455,0.00901,0.00694,0.0,0.00662,0.0
AripiprazoleLight_Individual:2;,0.0052,0.01296,0.0081,0.00702,0.00352,0.00838,0.0,0.00263,0.0,0.0028,0.00542,0.0,0.00261
AripiprazoleLight_Individual:28,0.00216,0.00202,0.00862,0.0,0.00202,0.00211,0.0,0.00434,0.0,0.00188,0.0016,0.00301,0.00691
AripiprazoleLight_Individual:29,0.0,0.01136,0.02247,0.0,0.0,0.0,0.0155,0.00645,0.0068,0.00515,0.00324,0.00935,0.00351
AripiprazoleLight_Individual:26,0.00625,0.01441,0.00578,0.02479,0.0,0.00379,0.0,0.0,0.00671,0.00175,0.00152,0.0,0.00142
AripiprazoleLight_Individual:6;,0.00388,0.0,0.0,0.00658,0.00855,0.0,0.0,0.01099,0.01333,0.0,0.00971,0.0,0.0
AripiprazoleLight_Individual:24,0.00422,0.00659,0.00917,0.01347,0.01258,0.00356,0.0,0.01099,0.0,0.00524,0.01734,0.0,0.01887
AripiprazoleLight_Individual:25,0.00176,0.0,0.0,0.00495,0.00377,0.00912,0.00743,0.0,0.0,0.0,0.00538,0.0,0.00388
AripiprazoleLight_Individual:22,0.00506,0.01572,0.00388,0.04278,0.01338,0.02167,0.01042,0.02222,0.02073,0.01592,0.0,0.02667,0.00837
AripiprazoleLight_Individual:23,0.00377,0.00493,0.00545,0.00266,0.00629,0.0,0.0,0.00637,0.01681,0.0339,0.01639,0.0,0.02062
AripiprazoleLight_Individual:20,0.00501,0.00825,0.00699,0.0,0.00415,0.00505,0.00926,0.00417,0.00376,0.0,0.00987,0.0,0.00589
AripiprazoleLight_Individual:21,0.0,0.00645,0.00437,0.01429,0.02679,0.01667,0.0,0.00617,0.0,0.0354,0.01087,0.01408,0.00847
AripiprazoleLight_Individual:34,0.00394,0.00604,0.00192,0.00604,0.05263,0.00305,0.00783,0.01942,0.01587,0.01244,0.00658,0.0,0.0
AripiprazoleLight_Individual:38,0.0092,0.0,0.00202,0.02187,0.01835,0.02646,0.00581,0.01222,0.00847,0.0,0.02013,0.0303,0.03077
AripiprazoleLight_Individual:35,0.00549,0.00361,0.00143,0.01961,0.00304,0.01201,0.01081,0.0061,0.0,0.0,0.0,0.0,0.01058
AripiprazoleLight_Individual:27,0.00549,0.01337,0.0038,0.0019,0.00788,0.00285,0.00774,0.00471,0.00225,0.0,0.00286,0.00195,0.00098
AripiprazoleLight_Individual:11,0.0,0.0049,0.00267,0.0,0.0,0.00505,0.00287,0.00334,0.0,0.0,0.0,0.0,0.00408
AripiprazoleLight_Individual:37,0.00493,0.0041,0.0042,0.00868,0.0124,0.01389,0.02317,0.02222,0.00694,0.01034,0.00847,0.00341,0.00366
AripiprazoleLight_Individual:36,0.0037,0.00104,0.0,0.00518,0.01504,0.00851,0.00996,0.00206,0.00441,0.00129,0.00457,0.01104,0.01163
AripiprazoleLight_Individual:5;,0.0051,0.00496,0.0067,0.01144,0.00801,0.00856,0.0,0.00269,0.009,0.00337,0.00275,0.0,0.0
AripiprazoleLight_Individual:9;,0.00357,0.00217,0.00257,0.00379,0.00578,0.0035,0.00586,0.00559,0.00268,0.00369,0.00135,0.00758,0.00414
AripiprazoleLight_Individual:31,0.00562,0.0,0.01639,0.01786,0.01724,0.0,0.0,0.0,0.0,0.0,0.0,0.0,0.01493
AripiprazoleLight_Individual:30,0.0,0.00826,0.0,0.00909,0.01818,0.00667,0.0092,0.00781,0.0,0.06897,0.01736,0.00872,0.00465
AripiprazoleLight_Individual:1;,0.0,0.0,0.00206,0.0,0.01911,0.02655,0.00935,0.00543,0.00667,0.0,0.0099,0.0,0.00667
AripiprazoleLight_Individual:19,0.00707,0.0,0.0,0.0,0.0,0.0042,0.00581,0.00419,0.00885,0.00685,0.02262,0.00649,0.0
AripiprazoleLight_Individual:18,0.00357,0.0,0.00247,0.002,0.0,0.00208,0.00324,0.0,0.00172,0.0,0.00207,0.00188,0.00265
AripiprazoleLight_Individual:39,0.0,0.0,0.0,0.0,0.0,0.01724,0.005,0.01282,0.0,0.0,0.0101,0.0073,0.00568
AripiprazoleLight_Individual:33,0.00362,0.00873,0.01237,0.01034,0.01042,0.00559,0.02727,0.01843,0.00926,0.01075,0.0,0.00885,0.0
AripiprazoleLight_Individual:3;,0.00136,0.0,0.0,0.0,0.0,0.00497,0.0,0.00182,0.00187,0.00163,0.00345,0.0,0.00552
AripiprazoleLight_Individual:32,0.0,0.00976,0.00583,0.0,0.01852,0.01176,0.0,0.00578,0.00602,0.0181,0.01266,0.01399,0.0125
AripiprazoleLight_Individual:13,0.03867,0.08759,0.00531,0.01301,0.06486,0.07778,0.06452,0.07843,0.03448,0.05,0.06897,0.08772,0.02051
AripiprazoleLight_Individual:12,0.0121,0.00483,0.00699,0.00495,0.01088,0.00376,0.00265,0.00581,0.00122,0.00271,0.00097,0.00168,0.01258
AripiprazoleLight_Individual:7;,0.00476,0.00958,0.00922,0.01761,0.00515,0.02752,0.00847,0.02778,0.01136,0.01124,0.00341,0.0087,0.0
AripiprazoleLight_Individual:10,0.0,0.0,0.0,0.01068,0.0,0.0,0.0,0.0,0.0,0.00356,0.00355,0.0,0.0
AripiprazoleLight_Individual:17,0.00973,0.00713,0.01044,0.01729,0.01456,0.01471,0.00375,0.00985,0.00426,0.00435,0.00412,0.00505,0.01047
AripiprazoleLight_Individual:16,0.02917,0.0119,0.02128,0.01961,0.01266,0.01504,0.02542,0.0,0.01389,0.0099,0.01786,0.02532,0.07292
AripiprazoleLight_Individual:15,0.00159,0.03738,0.03614,0.01695,0.0566,0.05556,0.02222,0.00826,0.02326,0.02,0.0,0.0098,0.00741
AripiprazoleLight_Individual:14,0.0,0.00627,0.0,0.00862,0.0042,0.00341,0.00905,0.00412,0.0,0.00398,0.0,0.0,0.0073
