AripiprazoleLight_Individual:8;,725,352,460,479,455,344,294,277,307,346,338,284,386
AripiprazoleLight_Individual:48,281,184,187,160,122,183,631,187,217,245,413,255,221
AripiprazoleLight_Individual:4;,199,248,180,235,185,157,242,201,353,557,236,350,326
AripiprazoleLight_Individual:40,853,885,1030,918,642,488,451,405,364,461,321,358,414
AripiprazoleLight_Individual:41,355,342,358,292,254,286,232,169,182,186,162,200,242
AripiprazoleLight_Individual:42,1380,122,48,821,816,116,158,535,43,236,241,628,320
AripiprazoleLight_Individual:43,1202,933,791,547,320,670,455,640,467,430,484,528,543
AripiprazoleLight_Individual:44,1070,890,1007,785,526,650,516,597,337,399,348,258,342
AripiprazoleLight_Individual:45,1184,1317,897,341,925,709,238,252,456,707,253,338,408
AripiprazoleLight_Individual:46,837,1168,1107,857,608,829,1064,755,592,532,687,557,608
AripiprazoleLight_Individual:47,608,197,278,265,58,325,250,385,192,247,173,261,176
AripiprazoleLight_Individual:2;,1299,806,412,471,499,610,612,664,630,611,637,714,655
AripiprazoleLight_Individual:28,858,901,819,982,864,832,609,784,775,902,1063,1107,967
AripiprazoleLight_Individual:29,536,308,155,231,302,397,226,266,255,329,547,355,482
AripiprazoleLight_Individual:26,873,616,298,206,324,466,319,252,518,999,1128,1335,1212
AripiprazoleLight_Individual:6;,926,343,163,266,209,279,176,162,134,129,174,204,181
AripiprazoleLight_Individual:24,849,820,761,523,556,498,278,331,356,341,292,238,194
AripiprazoleLight_Individual:25,1017,719,364,362,475,586,475,402,350,346,330,220,453
AripiprazoleLight_Individual:22,1051,1047,840,611,877,539,485,523,642,517,297,375,384
AripiprazoleLight_Individual:23,462,707,637,652,282,166,137,274,217,103,112,204,171
AripiprazoleLight_Individual:20,1420,1066,496,307,428,345,374,431,453,567,527,426,831
AripiprazoleLight_Individual:21,340,277,406,125,187,201,116,288,58,204,160,124,210
AripiprazoleLight_Individual:34,905,1149,901,600,269,589,668,181,223,714,530,290,73
AripiprazoleLight_Individual:38,582,868,869,549,389,331,600,703,401,106,250,174,118
AripiprazoleLight_Individual:35,977,948,1162,529,574,576,321,287,318,380,922,595,324
AripiprazoleLight_Individual:27,1614,1420,1717,1710,1680,1653,1621,1638,1478,1635,1695,1683,1623
AripiprazoleLight_Individual:11,696,728,674,382,299,342,625,525,548,533,483,332,433
AripiprazoleLight_Individual:37,1360,1237,1175,971,1215,1197,1264,1238,486,483,402,481,462
AripiprazoleLight_Individual:36,1357,1599,1753,1831,1480,1677,1257,844,797,1293,1750,780,748
AripiprazoleLight_Individual:5;,1687,1699,1425,1675,1791,1661,1841,1780,1566,1837,1758,1815,1813
AripiprazoleLight_Individual:9;,1491,1577,1381,1388,941,1041,1214,1235,683,929,1286,692,861
AripiprazoleLight_Individual:31,328,161,111,100,105,76,50,109,110,65,75,39,122
AripiprazoleLight_Individual:30,398,438,621,412,285,261,773,230,161,198,501,608,751
AripiprazoleLight_Individual:1;,1076,1118,867,561,277,200,185,313,249,298,178,248,254
AripiprazoleLight_Individual:19,508,1018,659,444,593,433,593,834,405,500,392,545,454
AripiprazoleLight_Individual:18,1477,1266,1413,868,832,822,1080,1027,1024,1382,1653,1785,1856
AripiprazoleLight_Individual:39,538,448,272,266,435,305,356,278,395,395,342,235,308
AripiprazoleLight_Individual:33,1440,1229,1012,520,1012,959,399,396,390,338,453,405,492
AripiprazoleLight_Individual:3;,1313,1342,1263,1241,1117,1039,1044,957,946,1070,1013,1109,943
AripiprazoleLight_Individual:32,904,731,604,537,279,317,280,311,596,400,280,257,286
AripiprazoleLight_Individual:13,326,238,626,906,317,160,159,175,152,185,148,198,348
AripiprazoleLight_Individual:12,1210,1447,1668,1935,1556,1787,1845,1458,1388,1280,1703,1008,286
AripiprazoleLight_Individual:7;,1504,1252,1129,928,1268,372,209,184,156,473,537,199,218
AripiprazoleLight_Individual:10,602,332,457,488,462,451,458,438,414,499,512,411,586
AripiprazoleLight_Individual:17,904,727,663,596,361,360,456,350,391,389,408,338,319
AripiprazoleLight_Individual:16,419,146,82,78,126,222,194,141,124,172,98,134,161
AripiprazoleLight_Individual:15,1109,169,130,92,82,231,149,196,140,241,249,515,934
AripiprazoleLight_Individual:14,757,559,486,412,417,506,378,421,346,429,382,408,467
