AripiprazoleLight_Individual:8;,0.04523,0.03109,0.01587,0.02583,0.03861,0.04523,0.08982,0.05625,0.02924,0.03046,0.06417,0.03947,0.03125
AripiprazoleLight_Individual:48,0.0828,0.11111,0.15306,0.04706,0.06452,0.0625,0.05634,0.02804,0.05833,0.10526,0.08261,0.05594,0.07377
AripiprazoleLight_Individual:4;,0.13592,0.0597,0.04808,0.0597,0.06731,0.10227,0.0438,0.0991,0.0202,0.02922,0.07937,0.03608,0.05348
AripiprazoleLight_Individual:40,0.03782,0.05104,0.04426,0.03804,0.05108,0.05119,0.05426,0.04329,0.07619,0.02612,0.04348,0.065,0.05603
AripiprazoleLight_Individual:41,0.08081,0.0402,0.0202,0.04142,0.02158,0.04348,0.03053,0.03191,0.06796,0.05607,0.01053,0.04386,0.03571
AripiprazoleLight_Individual:42,0.01134,0.04286,0.07143,0.0148,0.02355,0.05882,0.03371,0.02597,0.16,0.0229,0.04317,0.00556,0.02688
AripiprazoleLight_Individual:43,0.03035,0.03125,0.03542,0.03647,0.05435,0.05793,0.08148,0.05185,0.05435,0.08065,0.05282,0.05686,0.04403
AripiprazoleLight_Individual:44,0.02205,0.05212,0.02284,0.04384,0.04673,0.07161,0.05844,0.0542,0.05366,0.05858,0.03828,0.03974,0.09091
AripiprazoleLight_Individual:45,0.02367,0.02756,0.06287,0.08152,0.061,0.06954,0.05634,0.05405,0.12403,0.11414,0.09934,0.12042,0.10776
AripiprazoleLight_Individual:46,0.07112,0.02937,0.0541,0.09853,0.0885,0.07627,0.06373,0.08216,0.08896,0.07744,0.10309,0.13592,0.11561
AripiprazoleLight_Individual:47,0.05187,0.12613,0.14286,0.12258,0.2,0.07447,0.1,0.06364,0.06306,0.05556,0.13265,0.06623,0.02041
AripiprazoleLight_Individual:2;,0.03251,0.05616,0.14575,0.14035,0.12676,0.0838,0.08883,0.06842,0.06684,0.10084,0.06233,0.05811,0.06527
AripiprazoleLight_Individual:28,0.12554,0.05859,0.04741,0.04456,0.03226,0.03594,0.02279,0.03471,0.01747,0.02444,0.01917,0.02707,0.00864
AripiprazoleLight_Individual:29,0.07458,0.09091,0.17978,0.11111,0.04624,0.08974,0.06977,0.15484,0.10884,0.10825,0.04531,0.09346,0.06667
AripiprazoleLight_Individual:26,0.03542,0.08357,0.12717,0.10744,0.08247,0.05682,0.05435,0.07895,0.01007,0.02281,0.01062,0.01024,0.00996
AripiprazoleLight_Individual:6;,0.04264,0.08466,0.03371,0.01974,0.01709,0.01227,0.11224,0.17582,0.06667,0.09211,0.03883,0.0431,0.06061
AripiprazoleLight_Individual:24,0.05485,0.04615,0.08945,0.06734,0.08176,0.06406,0.06918,0.05495,0.05076,0.04188,0.02312,0.03731,0.0566
AripiprazoleLight_Individual:25,0.04762,0.04,0.05825,0.03465,0.01132,0.0304,0.02974,0.00889,0.05392,0.02463,0.03763,0.00833,0.01938
AripiprazoleLight_Individual:22,0.03541,0.03459,0.01553,0.03743,0.02868,0.02786,0.03125,0.02222,0.04663,0.04459,0.0226,0.03556,0.02929
AripiprazoleLight_Individual:23,0.03774,0.03695,0.04632,0.03457,0.01887,0.03191,0.03896,0.0,0.07563,0.05085,0.0,0.04386,0.07216
AripiprazoleLight_Individual:20,0.05764,0.05116,0.07692,0.13295,0.11618,0.08081,0.125,0.07917,0.04511,0.03343,0.05263,0.04898,0.03733
AripiprazoleLight_Individual:21,0.04688,0.06452,0.06114,0.05714,0.08929,0.06667,0.04545,0.0679,0.03125,0.06195,0.1087,0.11268,0.04237
AripiprazoleLight_Individual:34,0.07874,0.05287,0.07486,0.09063,0.06579,0.09756,0.08355,0.19417,0.0873,0.08706,0.07566,0.10303,0.09302
AripiprazoleLight_Individual:38,0.04908,0.04665,0.03441,0.02813,0.02752,0.03704,0.05233,0.03667,0.05508,0.06667,0.0604,0.13131,0.04615
AripiprazoleLight_Individual:35,0.01648,0.00542,0.01148,0.01307,0.00304,0.01802,0.05946,0.02439,0.03279,0.04128,0.01273,0.02266,0.03704
AripiprazoleLight_Individual:27,0.02744,0.06075,0.02089,0.02662,0.0335,0.03897,0.03288,0.03107,0.04171,0.02123,0.02476,0.03505,0.03718
AripiprazoleLight_Individual:11,0.02564,0.02941,0.07754,0.07727,0.02339,0.04545,0.05444,0.04013,0.03774,0.02556,0.02857,0.08649,0.02041
AripiprazoleLight_Individual:37,0.01726,0.02736,0.01681,0.01736,0.02066,0.0125,0.01931,0.01961,0.02778,0.04483,0.02542,0.03754,0.03663
AripiprazoleLight_Individual:36,0.01603,0.01149,0.00832,0.00777,0.01504,0.01134,0.01868,0.02881,0.03084,0.00774,0.0064,0.03091,0.04651
AripiprazoleLight_Individual:5;,0.04281,0.04559,0.03125,0.02574,0.02493,0.0352,0.01442,0.01435,0.021,0.01599,0.01833,0.02066,0.02722
AripiprazoleLight_Individual:9;,0.04167,0.03913,0.0347,0.03788,0.04817,0.02622,0.03075,0.03077,0.06166,0.03875,0.03104,0.06566,0.04555
AripiprazoleLight_Individual:31,0.10674,0.06742,0.11475,0.03571,0.17241,0.025,0.03333,0.04762,0.05172,0.05714,0.09302,0.0,0.02985
AripiprazoleLight_Individual:30,0.08182,0.04545,0.02865,0.05455,0.09697,0.03333,0.05517,0.11719,0.12632,0.15517,0.04167,0.0407,0.02558
AripiprazoleLight_Individual:1;,0.05747,0.05901,0.0701,0.0381,0.15924,0.22124,0.19626,0.16848,0.11333,0.11446,0.12871,0.11888,0.09333
AripiprazoleLight_Individual:19,0.05654,0.03109,0.05851,0.04615,0.05105,0.07143,0.04942,0.07547,0.17699,0.09247,0.05882,0.06494,0.0566
AripiprazoleLight_Individual:18,0.04643,0.08089,0.05302,0.09419,0.09259,0.09375,0.05825,0.05299,0.06724,0.03238,0.02893,0.02814,0.02471
AripiprazoleLight_Individual:39,0.00685,0.01667,0.08333,0.04082,0.10121,0.05747,0.06,0.05128,0.03043,0.03846,0.08586,0.0292,0.03977
AripiprazoleLight_Individual:33,0.01086,0.0393,0.06537,0.04828,0.02257,0.0298,0.02727,0.07373,0.07407,0.04301,0.03937,0.0354,0.02899
AripiprazoleLight_Individual:3;,0.04366,0.03053,0.02493,0.04213,0.05918,0.04305,0.02975,0.03097,0.03738,0.04412,0.038,0.02404,0.04236
AripiprazoleLight_Individual:32,0.00992,0.03415,0.04373,0.02349,0.01235,0.02353,0.03247,0.03468,0.03614,0.04072,0.03797,0.01399,0.01875
AripiprazoleLight_Individual:13,0.07182,0.06569,0.04775,0.03903,0.04865,0.08889,0.09677,0.08824,0.16092,0.09,0.13793,0.12281,0.06154
AripiprazoleLight_Individual:12,0.03933,0.0314,0.03693,0.01568,0.0272,0.02723,0.01062,0.01279,0.02683,0.0122,0.01262,0.02189,0.09434
AripiprazoleLight_Individual:7;,0.02735,0.01094,0.03994,0.02289,0.03479,0.08716,0.11864,0.05556,0.07955,0.07116,0.08191,0.05217,0.09756
AripiprazoleLight_Individual:10,0.03003,0.02618,0.01923,0.02847,0.02344,0.01569,0.016,0.02439,0.02553,0.03203,0.01773,0.03463,0.03354
AripiprazoleLight_Individual:17,0.03113,0.04038,0.03133,0.03746,0.06796,0.10784,0.0824,0.10837,0.0766,0.07391,0.09465,0.06566,0.07853
AripiprazoleLight_Individual:16,0.0375,0.04762,0.0,0.01961,0.01266,0.08271,0.0339,0.04651,0.04167,0.05941,0.08929,0.03797,0.07292
AripiprazoleLight_Individual:15,0.03662,0.23364,0.20482,0.08475,0.18868,0.07639,0.15556,0.12397,0.09302,0.12667,0.11039,0.0719,0.06296
AripiprazoleLight_Individual:14,0.00227,0.00313,0.02158,0.00862,0.03782,0.0273,0.02262,0.04115,0.01508,0.04382,0.03687,0.01739,0.0438
