AripiprazoleLight_Individual:8;,0.0,0.0,0.0,0.0,0.0,0.0,0.00599,0.0,0.0,0.00508,0.0,0.0,0.00446
AripiprazoleLight_Individual:48,0.01274,0.0,0.0102,0.0,0.01613,0.02083,0.02817,0.02804,0.025,0.02256,0.01739,0.00699,0.03279
AripiprazoleLight_Individual:4;,0.0,0.0,0.0,0.0,0.0,0.0,0.0,0.00901,0.00505,0.00974,0.0,0.0,0.0107
AripiprazoleLight_Individual:40,0.02941,0.01701,0.01639,0.01087,0.00538,0.00683,0.00388,0.00433,0.0,0.00373,0.00543,0.0,0.01293
AripiprazoleLight_Individual:41,0.00505,0.0,0.00505,0.01183,0.00719,0.0,0.00763,0.0,0.0,0.02804,0.01053,0.0,0.0
AripiprazoleLight_Individual:42,0.0,0.0,0.0,0.00423,0.00857,0.0,0.02247,0.00974,0.0,0.03053,0.00719,0.00278,0.03226
AripiprazoleLight_Individual:43,0.00723,0.01042,0.00833,0.0152,0.03261,0.01511,0.00741,0.01235,0.01812,0.02823,0.01761,0.01003,0.01887
AripiprazoleLight_Individual:44,0.02205,0.03861,0.01958,0.00835,0.01869,0.0179,0.01299,0.00271,0.00976,0.0,0.01435,0.02649,0.0101
AripiprazoleLight_Individual:45,0.00444,0.0105,0.00196,0.00543,0.01109,0.00719,0.00704,0.01351,0.02326,0.00744,0.01325,0.00524,0.00862
AripiprazoleLight_Individual:46,0.02586,0.01322,0.01546,0.01258,0.0118,0.01695,0.00654,0.01878,0.01534,0.0101,0.01289,0.00647,0.01156
AripiprazoleLight_Individual:47,0.00288,0.0,0.0,0.0,0.0,0.0,0.01429,0.0,0.0,0.00694,0.0102,0.00662,0.0102
AripiprazoleLight_Individual:2;,0.0078,0.00216,0.00405,0.00702,0.0,0.00279,0.00287,0.0,0.00802,0.0056,0.0,0.00242,0.00261
AripiprazoleLight_Individual:28,0.01299,0.00808,0.01509,0.0107,0.01008,0.00634,0.0114,0.0,0.0,0.0,0.0016,0.0015,0.00173
AripiprazoleLight_Individual:29,0.00339,0.0,0.0,0.01481,0.0,0.0,0.0,0.0,0.0,0.00515,0.0,0.0,0.00702
AripiprazoleLight_Individual:26,0.01042,0.0,0.0,0.0,0.00515,0.00379,0.00543,0.0,0.00336,0.00526,0.0,0.0,0.00284
AripiprazoleLight_Individual:6;,0.00194,0.00529,0.0,0.0,0.00855,0.00613,0.0102,0.0,0.0,0.0,0.0,0.0,0.0101
AripiprazoleLight_Individual:24,0.01688,0.01978,0.01147,0.00337,0.00629,0.0,0.00629,0.01099,0.01015,0.01571,0.01156,0.02985,0.0283
AripiprazoleLight_Individual:25,0.00353,0.0025,0.00485,0.0,0.00377,0.0152,0.00743,0.00889,0.0,0.00985,0.02151,0.0,0.0155
AripiprazoleLight_Individual:22,0.0118,0.00314,0.00583,0.0,0.00956,0.00619,0.02083,0.01905,0.01295,0.02229,0.01695,0.03556,0.03347
AripiprazoleLight_Individual:23,0.02642,0.00739,0.0109,0.0133,0.01258,0.01064,0.01299,0.01274,0.03361,0.0339,0.03279,0.02632,0.04124
AripiprazoleLight_Individual:20,0.00501,0.0033,0.00699,0.0,0.00415,0.0,0.0,0.0,0.01128,0.00608,0.00658,0.0,0.00393
AripiprazoleLight_Individual:21,0.00521,0.0,0.00873,0.05714,0.00893,0.0,0.04545,0.02469,0.0625,0.0177,0.01087,0.02817,0.04237
AripiprazoleLight_Individual:34,0.00787,0.00151,0.0,0.0,0.0,0.0,0.00261,0.0,0.0,0.00746,0.00658,0.0,0.02326
AripiprazoleLight_Individual:38,0.01534,0.01014,0.00607,0.01563,0.00459,0.02646,0.02035,0.00733,0.01271,0.0,0.00671,0.0,0.07692
AripiprazoleLight_Individual:35,0.00733,0.0,0.00574,0.0098,0.00304,0.00901,0.00541,0.0,0.00546,0.00459,0.00182,0.00567,0.01058
AripiprazoleLight_Individual:27,0.00878,0.00486,0.0038,0.00285,0.00493,0.0038,0.00484,0.00188,0.00225,0.0,0.00095,0.00389,0.00098
AripiprazoleLight_Individual:11,0.00513,0.0049,0.00267,0.0,0.0,0.0101,0.00573,0.00334,0.0,0.01278,0.01071,0.0,0.00408
AripiprazoleLight_Individual:37,0.00493,0.01368,0.0042,0.00521,0.00551,0.00556,0.00129,0.00654,0.01389,0.0069,0.00424,0.00683,0.01099
AripiprazoleLight_Individual:36,0.01973,0.00522,0.00277,0.00173,0.00859,0.00378,0.00125,0.00617,0.00881,0.00258,0.00091,0.00221,0.00698
AripiprazoleLight_Individual:5;,0.01529,0.01189,0.01116,0.00572,0.00623,0.00761,0.00339,0.00269,0.003,0.00084,0.00275,0.00449,0.00544
AripiprazoleLight_Individual:9;,0.01667,0.0087,0.00514,0.00126,0.0,0.0,0.0,0.0,0.00268,0.0,0.00135,0.00253,0.00828
AripiprazoleLight_Individual:31,0.01124,0.0,0.0,0.0,0.0,0.0,0.0,0.0,0.01724,0.02857,0.0,0.0,0.0
AripiprazoleLight_Individual:30,0.01364,0.00826,0.0086,0.00455,0.01212,0.02,0.01149,0.03125,0.0,0.0,0.0,0.0,0.00698
AripiprazoleLight_Individual:1;,0.00821,0.00638,0.00206,0.0,0.00637,0.0,0.0,0.0,0.0,0.00602,0.0099,0.00699,0.02
AripiprazoleLight_Individual:19,0.00353,0.01209,0.00532,0.01923,0.01802,0.0,0.00291,0.0021,0.0,0.00342,0.0,0.00649,0.01132
AripiprazoleLight_Individual:18,0.00714,0.00697,0.0,0.0,0.00412,0.00833,0.00485,0.00684,0.0,0.00125,0.00103,0.00281,0.0053
AripiprazoleLight_Individual:39,0.0,0.0,0.0,0.0068,0.00405,0.00575,0.0,0.0,0.0,0.0,0.00505,0.0073,0.01705
AripiprazoleLight_Individual:33,0.01206,0.00437,0.00707,0.0,0.00347,0.00372,0.0,0.00461,0.0,0.0,0.0,0.0,0.0
AripiprazoleLight_Individual:3;,0.00955,0.00127,0.00139,0.0014,0.0,0.00166,0.00496,0.0,0.00187,0.0,0.00173,0.0016,0.00737
AripiprazoleLight_Individual:32,0.00198,0.02195,0.0,0.00671,0.00617,0.00588,0.0,0.0,0.00904,0.00905,0.0,0.00699,0.0125
AripiprazoleLight_Individual:13,0.01105,0.0073,0.02122,0.0223,0.02703,0.01111,0.01075,0.0,0.02299,0.01,0.02299,0.00877,0.01026
AripiprazoleLight_Individual:12,0.00756,0.00362,0.00399,0.00083,0.00871,0.0,0.0,0.00233,0.0,0.00271,0.0,0.0,0.00629
AripiprazoleLight_Individual:7;,0.00238,0.00137,0.00307,0.00352,0.00258,0.00459,0.0,0.00926,0.0,0.0,0.00341,0.0087,0.00813
AripiprazoleLight_Individual:10,0.0,0.00524,0.0,0.00356,0.00391,0.0,0.0,0.0,0.0,0.00356,0.00355,0.00866,0.00305
AripiprazoleLight_Individual:17,0.0,0.0,0.00261,0.0,0.0,0.0,0.0,0.0,0.0,0.0,0.00412,0.0,0.01047
AripiprazoleLight_Individual:16,0.0125,0.0,0.0,0.0,0.0,0.01504,0.0,0.0,0.01389,0.0099,0.0,0.01266,0.01042
AripiprazoleLight_Individual:15,0.01911,0.00935,0.0,0.0,0.01887,0.02083,0.01111,0.0,0.01163,0.0,0.00649,0.01961,0.00926
AripiprazoleLight_Individual:14,0.00227,0.0,0.0036,0.0,0.0084,0.00683,0.0,0.01646,0.01508,0.00797,0.0,0.0,0.0073
