CariprazineLight_Individual:8;,0.02917,0.01325,0.02769,0.01636,0.01679,0.01106,0.00935,0.00578,0.0148,0.00152,0.00204,0.00322,0.0038
CariprazineLight_Individual:48,0.03477,0.02083,0.02597,0.0,0.0,0.0,0.0202,0.0,0.02574,0.02344,0.0,0.03623,0.0
CariprazineLight_Individual:4;,0.04129,0.01684,0.15385,0.0,0,0.0,0.02098,0.02721,0.01923,0.01538,0.01444,0.00352,0.02564
CariprazineLight_Individual:40,0.03195,0.02419,0.01546,0.02797,0.01429,0.01587,0.0087,0.00741,0.0,0.00813,0.0,0.03571,0.0
CariprazineLight_Individual:41,0.05166,0.0,0.13043,0.0,0.07692,0.0,0.0,0.07018,0.04,0.0,0.0625,0.0,0.01961
CariprazineLight_Individual:42,0.03643,0.02496,0.02958,0.05449,0.05007,0.0581,0.11594,0.08333,0.03081,0.04301,0.03571,0.05556,0.01829
CariprazineLight_Individual:43,0.02128,0.02167,0.03047,0.01639,0.02797,0.01695,0.03125,0.01579,0.00488,0.0,0.01754,0.0,0.00813
CariprazineLight_Individual:44,0.03413,0.03084,0.02778,0.05738,0.0339,0.02941,0.0,0.0102,0.00741,0.02564,0.00704,0.01923,0.01984
CariprazineLight_Individual:45,0.04591,0.03125,0.03471,0.06339,0.03791,0.05672,0.06667,0.03133,0.03731,0.03812,0.02119,0.03704,0.07246
CariprazineLight_Individual:46,0.04225,0.04455,0.03065,0.09804,0.05419,0.0,0.02524,0.03226,0.05447,0.02609,0.02907,0.0,0.02649
CariprazineLight_Individual:47,0.0442,0.02428,0.02242,0.03478,0.0,0.0,0.06796,0.02439,0.01538,0.01852,0.02532,0.01818,0.02273
CariprazineLight_Individual:2;,0.02913,0.02004,0.01515,0.0226,0.02083,0.02648,0.02218,0.02228,0.03797,0.01761,0.02212,0.15686,0.00667
CariprazineLight_Individual:28,0.064,0.01042,0.02902,0.01768,0.02801,0.03971,0.01929,0.00631,0.02837,0.01681,0.01563,0.02397,0.01825
CariprazineLight_Individual:29,0.0088,0.01158,0.00671,0.00704,0.00463,0.01974,0.02532,0.0266,0.01456,0.00741,0.0087,0.02532,0.02857
CariprazineLight_Individual:26,0.05586,0.02827,0.01706,0.01423,0.00858,0.00688,0.00721,0.01699,0.00952,0.00811,0.01055,0.01481,0.01655
CariprazineLight_Individual:6;,0.01174,0.00794,0.03614,0.02,0.0303,0.0,0.0,0.04132,0.03846,0.04348,0.03252,0.03061,0.0
CariprazineLight_Individual:24,0.01667,0.02098,0.0,0.04274,0.03797,0.0,0.05217,0.0,0.0,0.02041,0.0,0.0,0.0
CariprazineLight_Individual:25,0.01111,0.01359,0.03509,0.02586,0.02174,0.0367,0.03731,0.02098,0.00676,0.04511,0.03191,0.05556,0.0303
CariprazineLight_Individual:22,0.04223,0.0323,0.04569,0.11111,0.03462,0.06939,0.02778,0.04667,0.01724,0.02667,0.03822,0.01639,0.01951
CariprazineLight_Individual:23,0.03463,0.07143,0.01053,0.03982,0.10526,0.0,0.03191,0.03243,0.02976,0.0,0.04878,0.03636,0.03941
CariprazineLight_Individual:20,0.02976,0.02959,0.02346,0.0098,0.00758,0.01136,0.02166,0.04196,0.01587,0.08929,0.0,0.00816,0.02874
CariprazineLight_Individual:21,0.04778,0.0416,0.04912,0.02098,0.03871,0.02439,0.02241,0.02222,0.0198,0.01596,0.0,0.00429,0.01869
CariprazineLight_Individual:34,0.03885,0.01702,0.04511,0.09322,0.07692,0.07595,0.07018,0.03226,0.03145,0.07619,0.0597,0.03409,0.04027
CariprazineLight_Individual:38,0.01493,0.04959,0.02358,0.0119,0.01333,0.01389,0.00787,0.02198,0.01515,0.01667,0.03265,0.02222,0.00752
CariprazineLight_Individual:35,0.02041,0.0,0.02734,0.0625,0.09023,0.03896,0.08219,0.09859,0.0,0.01667,0.01515,0.0,0.01389
CariprazineLight_Individual:27,0.01572,0.03495,0.11321,0.06667,0.07042,0.0597,0.01887,0.05357,0.03529,0.05128,0.03876,0.0137,0.01695
CariprazineLight_Individual:11,0.03469,0.03327,0.04478,0.04487,0.01685,0.03378,0.02073,0.04706,0.02959,0.02069,0.0203,0.01274,0.0262
CariprazineLight_Individual:37,0.05,0.06098,0.04,0.00901,0.05376,0.03704,0.03333,0.0,0.02128,0.0,0.0,0.09434,0.02703
CariprazineLight_Individual:36,0.03769,0.03232,0.0565,0.03947,0.0625,0.08943,0.0404,0.0303,0.02419,0.00943,0.03659,0.02222,0.0
CariprazineLight_Individual:5;,0.00703,0.0194,0.01139,0.01099,0.01147,0.01185,0.01558,0.00796,0.01198,0.00627,0.01504,0.02101,0.01307
CariprazineLight_Individual:9;,0.05063,0.02885,0.04167,0.02459,0.03922,0.02308,0.0365,0.00763,0.01,0.01739,0.0099,0.01399,0.00699
CariprazineLight_Individual:31,0.07222,0.07063,0.08716,0.04962,0.04082,0.02449,0.0535,0.04247,0.03731,0.02417,0.03614,0.0303,0.03475
CariprazineLight_Individual:30,0.03947,0.04521,0.0,0.0,0.0,0.0,0,0.0,0.0,0.0,0.02403,0.0,0.0
CariprazineLight_Individual:1;,0.01914,0.00752,0.00926,0.00226,0.00676,0.00311,0.00671,0.01455,0.01966,0.00508,0.00741,0.01299,0.01008
CariprazineLight_Individual:19,0.05348,0.04735,0.07692,0.04906,0.06557,0.01124,0.03476,0.04032,0.0216,0.04545,0.01081,0.01471,0.02459
CariprazineLight_Individual:18,0.02273,0.02564,0.02586,0.03125,0.08889,0.08197,0.0495,0.02941,0.02128,0.05634,0.02326,0.0,0.01205
CariprazineLight_Individual:39,0.02669,0.01464,0.03014,0.03333,0.04286,0.02326,0.02941,0.09615,0.0303,0.02041,0.12121,0.06897,0.02174
CariprazineLight_Individual:33,0.02792,0.00937,0.0495,0.03361,0.04839,0.03053,0.01709,0.00943,0.0119,0.00971,0.0292,0.01667,0.0367
CariprazineLight_Individual:3;,0.02309,0.03349,0.05333,0.07018,0.05455,0.0,0.03077,0.05882,0.01389,0.0396,0.01333,0.03448,0.02128
CariprazineLight_Individual:32,0.0103,0.00784,0.00595,0.01429,0.00746,0.0,0.0,0.0,0.07692,0.0,0.00735,0.0,0.03614
CariprazineLight_Individual:13,0.06466,0.07619,0.06452,0.07692,0.04301,0.0198,0.03797,0.05482,0.02281,0.08333,0.06186,0.0,0.06061
CariprazineLight_Individual:12,0.05116,0.08108,0.09804,0.048,0.0,0.04545,0.04828,0.03226,0.08609,0.02963,0.05319,0.02941,0.05882
CariprazineLight_Individual:7;,0.03947,0.08163,0.0122,0.04167,0.01163,0.01695,0.07563,0.0,0.0,0.02362,0.02941,0.01802,0.03
CariprazineLight_Individual:10,0.02133,0.03306,0.03196,0.05031,0.05185,0.0,0.01515,0.0431,0.01887,0.0375,0.04317,0.06452,0.05085
CariprazineLight_Individual:17,0.06529,0.05028,0.05455,0.0463,0.05505,0.03261,0.0,0.0,0.03252,0.03743,0.02752,0.0,0.01266
CariprazineLight_Individual:16,0.02905,0.01724,0.02882,0.06887,0,0,0.04,0.05,0.0,0.02778,0.0303,0.0,0.0
CariprazineLight_Individual:15,0.05274,0.03628,0.09877,0.1,0.0,0.0,0.15385,0.10345,0.0625,0.0,0.0,0.0,0.05882
CariprazineLight_Individual:14,0.05245,0.04396,0.02333,0.01212,0.0625,0.06061,0.04082,0.02439,0.0,0.02,0.02439,0.01163,0.01786
