CariprazineLight_Individual:8;,855,518,568,744,724,782,904,893,820,1122,832,1049,891
CariprazineLight_Individual:48,995,238,132,55,74,47,161,59,441,219,64,231,72
CariprazineLight_Individual:4;,978,832,47,10,0,4,243,260,462,456,471,493,551
CariprazineLight_Individual:40,521,188,298,226,221,200,189,223,241,202,206,238,212
CariprazineLight_Individual:41,479,31,38,17,70,75,29,101,41,38,53,67,84
CariprazineLight_Individual:42,1308,1769,1659,1128,1156,568,123,299,595,158,103,97,273
CariprazineLight_Individual:43,1017,1052,590,602,221,291,364,309,330,243,249,248,196
CariprazineLight_Individual:44,1021,1169,1114,639,104,183,218,181,238,204,256,196,447
CariprazineLight_Individual:45,1536,1289,1461,804,351,571,242,682,216,549,402,175,229
CariprazineLight_Individual:46,262,727,445,84,349,85,536,58,443,208,296,16,246
CariprazineLight_Individual:47,319,821,404,209,142,136,192,158,340,289,134,202,158
CariprazineLight_Individual:2;,1229,1475,1237,1203,1087,1080,982,617,271,492,372,89,272
CariprazineLight_Individual:28,663,651,673,675,628,494,542,548,483,620,457,513,493
CariprazineLight_Individual:29,1015,466,258,246,367,277,264,328,355,239,206,131,247
CariprazineLight_Individual:26,971,984,824,861,807,756,724,712,746,872,843,719,754
CariprazineLight_Individual:6;,1113,687,141,90,57,160,62,209,90,38,205,166,151
CariprazineLight_Individual:24,224,264,25,213,139,70,202,34,76,97,134,60,108
CariprazineLight_Individual:25,986,928,515,224,249,201,239,262,256,240,168,253,349
CariprazineLight_Individual:22,1038,1390,931,242,447,418,232,259,286,257,271,304,349
CariprazineLight_Individual:23,428,27,169,796,106,19,171,321,2005,9,72,89,355
CariprazineLight_Individual:20,293,596,601,174,226,156,489,257,423,104,161,421,313
CariprazineLight_Individual:21,1035,1024,498,253,268,216,616,326,353,336,194,370,190
CariprazineLight_Individual:34,1046,1193,449,207,162,280,290,325,273,183,243,163,264
CariprazineLight_Individual:38,119,205,749,150,127,369,221,316,213,202,435,151,225
CariprazineLight_Individual:35,356,3,2048,57,236,133,130,119,100,104,109,137,130
CariprazineLight_Individual:27,903,908,94,101,108,110,93,91,137,130,216,241,195
CariprazineLight_Individual:11,875,952,345,262,309,264,329,279,302,260,345,281,394
CariprazineLight_Individual:37,139,143,167,180,163,89,41,40,81,41,42,88,188
CariprazineLight_Individual:36,816,891,311,138,165,207,163,219,210,174,141,149,172
CariprazineLight_Individual:5;,1002,810,782,650,759,722,689,684,604,572,684,412,540
CariprazineLight_Individual:9;,139,179,174,214,180,217,239,230,180,204,184,246,242
CariprazineLight_Individual:31,973,459,385,447,418,422,407,447,449,576,430,459,457
CariprazineLight_Individual:30,801,657,56,5,3,3,0,104,10,7,1915,8,49
CariprazineLight_Individual:1;,364,446,376,735,505,534,501,471,673,339,651,772,638
CariprazineLight_Individual:19,1082,1184,234,430,416,157,617,205,541,110,303,126,399
CariprazineLight_Individual:18,312,273,200,105,157,97,179,121,169,122,157,123,155
CariprazineLight_Individual:39,953,1513,606,211,238,73,110,81,114,81,59,51,242
CariprazineLight_Individual:33,958,716,326,204,213,229,201,197,149,173,231,203,182
CariprazineLight_Individual:3;,1207,1088,137,91,87,118,107,119,123,164,129,145,171
CariprazineLight_Individual:32,1303,419,280,258,228,102,105,70,44,27,221,95,143
CariprazineLight_Individual:13,417,185,163,165,164,177,142,812,448,124,168,119,170
CariprazineLight_Individual:12,770,199,181,217,185,187,254,231,267,232,166,180,238
CariprazineLight_Individual:7;,272,153,135,168,157,209,210,145,158,212,180,197,182
CariprazineLight_Individual:10,641,432,372,266,229,308,224,196,178,135,244,158,217
CariprazineLight_Individual:17,517,325,88,187,200,170,133,143,423,333,190,72,145
CariprazineLight_Individual:16,1535,1651,1574,610,0,0,45,34,39,61,49,10,36
CariprazineLight_Individual:15,846,782,147,36,47,52,23,49,30,45,45,41,85
CariprazineLight_Individual:14,521,150,541,295,80,65,87,73,50,88,71,444,98
