CariprazineLight_Individual:8;,0.02083,0.00993,0.00923,0.00935,0.00719,0.01549,0.00374,0.00578,0.01903,0.00152,0.01629,0.00322,0.0019
CariprazineLight_Individual:48,0.0596,0.01389,0.03896,0.0,0.0,0.07692,0.0101,0.0,0.04412,0.07813,0.05128,0.05072,0.07143
CariprazineLight_Individual:4;,0.0395,0.02526,0.03846,0.0,0,0.0,0.04895,0.02721,0.00769,0.01538,0.01444,0.02817,0.02244
CariprazineLight_Individual:40,0.02875,0.03226,0.01031,0.03497,0.01429,0.00794,0.01739,0.00741,0.00676,0.00813,0.02419,0.01429,0.016
CariprazineLight_Individual:41,0.02952,0.11111,0.13043,0.11111,0.07692,0.13953,0.0,0.08772,0.12,0.1,0.0625,0.05128,0.03922
CariprazineLight_Individual:42,0.06658,0.0611,0.05057,0.11635,0.07806,0.11315,0.21739,0.07222,0.02801,0.13978,0.08929,0.05556,0.04268
CariprazineLight_Individual:43,0.03437,0.01548,0.07479,0.04918,0.03497,0.01695,0.03125,0.0,0.0,0.01935,0.0117,0.0,0.0
CariprazineLight_Individual:44,0.04266,0.04258,0.04938,0.05191,0.13559,0.01961,0.04098,0.06122,0.04444,0.04274,0.03521,0.07692,0.02778
CariprazineLight_Individual:45,0.08287,0.09115,0.0963,0.12474,0.19431,0.1194,0.1,0.08434,0.16418,0.08798,0.08898,0.12963,0.07246
CariprazineLight_Individual:46,0.0493,0.05693,0.07663,0.13725,0.09852,0.24,0.07571,0.12903,0.05837,0.12174,0.0407,0.11111,0.03974
CariprazineLight_Individual:47,0.04972,0.01325,0.02691,0.05217,0.02597,0.05128,0.03883,0.03659,0.00513,0.00617,0.02532,0.00909,0.01136
CariprazineLight_Individual:2;,0.0749,0.06236,0.08127,0.06073,0.03526,0.06698,0.07509,0.10864,0.08228,0.02113,0.03982,0.11765,0.04667
CariprazineLight_Individual:28,0.07733,0.01823,0.01847,0.02525,0.0056,0.01444,0.00643,0.00631,0.02837,0.0028,0.01563,0.00685,0.01095
CariprazineLight_Individual:29,0.01585,0.01158,0.00671,0.0,0.0,0.0,0.02532,0.01596,0.00971,0.02963,0.0087,0.02532,0.01429
CariprazineLight_Individual:26,0.05225,0.03534,0.01493,0.02033,0.00858,0.00459,0.02163,0.01214,0.0119,0.00811,0.01688,0.00247,0.01182
CariprazineLight_Individual:6;,0.00671,0.01058,0.01205,0.02,0.0,0.01111,0.05714,0.0,0.0,0.0,0.01626,0.0102,0.0
CariprazineLight_Individual:24,0.0,0.02797,0.0,0.03419,0.06329,0.05128,0.04348,0.0,0.04651,0.08163,0.0625,0.06452,0.08333
CariprazineLight_Individual:25,0.02407,0.01748,0.02456,0.0,0.01449,0.04587,0.02239,0.02098,0.02027,0.01504,0.03191,0.00694,0.0101
CariprazineLight_Individual:22,0.06081,0.04665,0.04399,0.09722,0.06154,0.03673,0.0625,0.04667,0.04598,0.02667,0.04459,0.02732,0.05366
CariprazineLight_Individual:23,0.00433,0.0,0.05263,0.0708,0.21053,0.0,0.07447,0.07568,0.17063,0.0,0.04878,0.05455,0.07882
CariprazineLight_Individual:20,0.06548,0.04438,0.02933,0.01961,0.05303,0.04545,0.0361,0.04196,0.02381,0.10714,0.02198,0.02449,0.06322
CariprazineLight_Individual:21,0.07167,0.04659,0.06667,0.05594,0.03226,0.04878,0.03361,0.03333,0.03465,0.03723,0.03448,0.00429,0.04673
CariprazineLight_Individual:34,0.05912,0.04965,0.08647,0.0678,0.05495,0.05696,0.03509,0.03763,0.03145,0.0381,0.03731,0.10227,0.04698
CariprazineLight_Individual:38,0.0,0.02479,0.01887,0.0119,0.04,0.00926,0.0315,0.03297,0.01515,0.025,0.03265,0.01111,0.06015
CariprazineLight_Individual:35,0.02041,0.0,0.14258,0.0625,0.01504,0.03896,0.0274,0.02817,0.0339,0.05,0.0,0.02564,0.02778
CariprazineLight_Individual:27,0.0275,0.00583,0.0566,0.01667,0.01408,0.04478,0.03774,0.01786,0.0,0.0,0.03101,0.00685,0.0
CariprazineLight_Individual:11,0.02245,0.02957,0.06965,0.03846,0.01685,0.05405,0.02591,0.02353,0.0,0.0069,0.0,0.00637,0.0131
CariprazineLight_Individual:37,0.125,0.08537,0.08,0.02703,0.04301,0.0,0.0,0.0,0.0,0.03571,0.03333,0.03774,0.03604
CariprazineLight_Individual:36,0.02882,0.02281,0.0678,0.18421,0.07292,0.03252,0.05051,0.02273,0.02419,0.06604,0.03659,0.04444,0.0
CariprazineLight_Individual:5;,0.01757,0.00431,0.00456,0.00549,0.00229,0.00948,0.01299,0.00531,0.00898,0.0094,0.01253,0.0084,0.0098
CariprazineLight_Individual:9;,0.03797,0.03846,0.04167,0.04918,0.01961,0.03077,0.0146,0.03817,0.04,0.04348,0.0396,0.01399,0.01399
CariprazineLight_Individual:31,0.07222,0.05576,0.03211,0.03053,0.00816,0.02041,0.02058,0.00772,0.02612,0.03323,0.01205,0.01515,0.03089
CariprazineLight_Individual:30,0.07237,0.03457,0.17857,0.0,0.0,0.0,0,0.11864,0.0,0.0,0.14943,0.0,0.03704
CariprazineLight_Individual:1;,0.00957,0.00376,0.02315,0.0,0.00676,0.00311,0.00336,0.01818,0.01474,0.01523,0.00988,0.01515,0.00252
CariprazineLight_Individual:19,0.06645,0.05014,0.07692,0.05283,0.15984,0.02247,0.04278,0.03226,0.02469,0.07576,0.03784,0.07353,0.0123
CariprazineLight_Individual:18,0.01705,0.04487,0.0431,0.01563,0.05556,0.01639,0.07921,0.02941,0.03191,0.07042,0.04651,0.01333,0.04819
CariprazineLight_Individual:39,0.01423,0.01464,0.03014,0.11667,0.05714,0.09302,0.04412,0.05769,0.06061,0.12245,0.12121,0.13793,0.03623
CariprazineLight_Individual:33,0.06806,0.01405,0.04455,0.05882,0.00806,0.01527,0.02564,0.01887,0.05952,0.00971,0.0365,0.00833,0.00917
CariprazineLight_Individual:3;,0.03319,0.0303,0.04,0.19298,0.05455,0.01449,0.03077,0.08824,0.01389,0.0396,0.02667,0.02299,0.01064
CariprazineLight_Individual:32,0.02059,0.00784,0.0119,0.02143,0.01493,0.03175,0.01563,0.0,0.07692,0.0,0.0,0.0,0.01205
CariprazineLight_Individual:13,0.04741,0.06667,0.06452,0.03297,0.04301,0.0297,0.03797,0.05044,0.03042,0.04167,0.03093,0.04615,0.0303
CariprazineLight_Individual:12,0.09535,0.02703,0.06863,0.048,0.05941,0.05455,0.02759,0.02419,0.03311,0.01481,0.02128,0.05882,0.02206
CariprazineLight_Individual:7;,0.05921,0.11224,0.03659,0.0625,0.0814,0.01695,0.06723,0.03659,0.04545,0.02362,0.07843,0.06306,0.04
CariprazineLight_Individual:10,0.02933,0.04132,0.0274,0.02516,0.02222,0.00541,0.0,0.03448,0.0,0.0,0.00719,0.02151,0.02542
CariprazineLight_Individual:17,0.03093,0.06145,0.12727,0.06481,0.05505,0.03261,0.05333,0.05618,0.04878,0.05882,0.07339,0.02564,0.07595
CariprazineLight_Individual:16,0.06257,0.05071,0.06937,0.13223,0,0,0.12,0.05,0.13636,0.08333,0.24242,0.0,0.26316
CariprazineLight_Individual:15,0.03165,0.06122,0.17284,0.05,0.0,0.0,0.07692,0.0,0.125,0.0,0.03333,0.0,0.03922
CariprazineLight_Individual:14,0.04196,0.10989,0.02667,0.01818,0.0625,0.09091,0.02041,0.0,0.03571,0.02,0.02439,0.02713,0.05357
