ClozapineLight_Individual:8;,0.34961,0.51293,0.3949,0.376,0.3617,0.13158,0.10526,0.2,0.24832,0.19886,0.2625,0.14035,0.14286
ClozapineLight_Individual:48,0.19772,0.19094,0.33333,0.17333,0.24,0.24265,0.22051,0.32558,0.26549,0.36364,0.28037,0.25,0.25893
ClozapineLight_Individual:4;,0.26306,0.25294,0.26738,0.24473,0.21769,0.30769,0.07143,0.30928,0.23381,0.22047,0.28989,0.3296,0.20833
ClozapineLight_Individual:40,0.21649,0.24551,0.26132,0.24334,0.21622,0.25965,0.26496,0.24457,0.24693,0.19614,0.28108,0.29011,0.2457
ClozapineLight_Individual:41,0.24665,0.23168,0.24434,0.22794,0.29944,0.25683,0.32187,0.29078,0.32105,0.33295,0.31479,0.27389,0.29551
ClozapineLight_Individual:42,0.33838,0.37565,0.2561,0.21818,0.18391,0.30476,0.27174,0.14953,0.18382,0.17969,0.19512,0.22488,0.21918
ClozapineLight_Individual:43,0.32544,0.25797,0.20231,0.26737,0.25392,0.20874,0.17483,0.20144,0.11707,0.16892,0.09524,0.168,0.12903
ClozapineLight_Individual:44,0.2846,0.24773,0.26594,0.18707,0.16952,0.17321,0.19298,0.17778,0.2,0.23902,0.21831,0.17949,0.22642
ClozapineLight_Individual:45,0.35286,0.35234,0.20682,0.31711,0.25694,0.14173,0.26448,0.20755,0.14493,0.17757,0.18018,0.35821,0.28678
ClozapineLight_Individual:46,0.29187,0.26545,1.0,0.2381,0.21649,0.22222,0.20513,0.10526,0.09259,0.10769,0.10833,0.13072,0.13043
ClozapineLight_Individual:47,0.3114,0.27327,0.21369,0.22657,0.25132,0.1957,0.2139,0.2725,0.2549,0.25359,0.27485,0.17355,0.27957
ClozapineLight_Individual:2;,0.21186,0.23217,0.14243,0.17935,0.2058,0.18459,0.19932,0.18269,0.18857,0.14706,0.15745,0.18315,0.20426
ClozapineLight_Individual:28,0.26609,0.30045,0.31949,0.30619,0.3102,0.28679,0.2848,0.24856,0.23301,0.21036,0.19113,0.23024,0.21224
ClozapineLight_Individual:29,0.24731,0.22981,0.18824,0.20896,0.16393,0.15278,0.16667,0.04225,0.07018,0.08696,0.30357,0.12195,0.2
ClozapineLight_Individual:26,0.18868,0.14773,0,0.0,0.25,0.10526,0.21053,0.03704,0.125,0.0,0.5,0.0,0.16667
ClozapineLight_Individual:6;,0.30537,0.31839,0.20588,0.25,0.125,0.22222,0.13944,0.13757,0.14,0.28889,0.16304,0.18939,0.17568
ClozapineLight_Individual:24,0.21622,0.21441,0.26418,0.24658,0.0,0.25,0.4,0.16,0.22695,0.20642,0.02128,0.25,0.13235
ClozapineLight_Individual:25,0.32412,0.28852,0.27518,0.34854,0.34211,0.30949,0.2875,0.20258,0.22078,0.11379,0.14242,0.21678,0.14773
ClozapineLight_Individual:22,0.23333,0.1,0.30769,0.1875,0.25714,0.16327,0.30952,0.15152,0.28736,0.17544,0.25641,0.19802,0.23881
ClozapineLight_Individual:23,0.26897,0.25439,0.18774,0.25,0.3,0.21212,0.28972,0.2037,0.16216,0.31707,0.22642,0.07895,0.5
ClozapineLight_Individual:20,0.3254,0.22159,0.10738,0.02521,0.15714,0.09722,0.10667,0.17021,0.18605,0.1,0.10345,0.15,0.2
ClozapineLight_Individual:21,0.24008,0.20504,0.20552,0.23684,0.19118,0.30137,0.20225,0.2,0.25397,0.06522,0.05769,0.13333,0.28302
ClozapineLight_Individual:34,0.26829,0.09677,0.1236,0.17266,0.17073,0.13861,0.20513,0.176,0.22458,0.26953,0.33399,0.30769,0.26316
ClozapineLight_Individual:38,0.27737,0.25309,0.30396,0.28767,0.21708,0.1619,0.16993,0.18121,0.21622,0.10526,0.15217,0.1,0.12048
ClozapineLight_Individual:35,0.2451,0.19682,0.1561,0.1087,0.0814,0.1405,0.12108,0.14844,0.14468,0.11297,0.15111,0.1164,0.1399
ClozapineLight_Individual:27,0.34609,0.25482,0.09649,0.09836,0.11111,0.25314,0.30245,0.24122,0.26351,0.19565,0.15493,0.13869,0.31102
ClozapineLight_Individual:11,0.34959,0.29808,0.31298,0.21053,0.13636,0.10345,0.13333,0.25,0.08571,0.24,0.13333,0.14706,0.13043
ClozapineLight_Individual:37,0.26598,0.33262,0.25069,0.28972,0.22283,0.22433,0.22281,0.26531,0.11111,0.14286,0.28571,0.22222,0.27762
ClozapineLight_Individual:36,0.23404,0.28571,0.5,0.05882,0.33333,0.2,0.23077,0.22449,0.11429,0.09375,0.0,0,0.05263
ClozapineLight_Individual:5;,0.08621,0.12943,0.06659,0.0766,0.09801,0.08223,0.09571,0.12817,0.09984,0.10217,0.11813,0.08278,0.05625
ClozapineLight_Individual:9;,0.12195,0.16667,0.16667,0.0,0.12121,0.14706,0.07143,0.32,0.27778,0.13793,0.22222,0.23077,0.35714
ClozapineLight_Individual:31,0.15068,0,0.12963,0.05,0.0,0.1,0,0.0,0.0,0.0,0.07118,0.06996,0.0705
ClozapineLight_Individual:30,0.3,0.26667,0.21795,0.24603,0.18705,0.16667,0.25664,0.19,0.22549,0.19149,0.24324,0.30263,0.25
ClozapineLight_Individual:1;,0.33143,0.375,0.40864,0.4024,0.32589,0.2893,0.22343,0.17573,0.17769,0.21094,0.26724,0.24336,0.24013
ClozapineLight_Individual:19,0.30208,0.2625,0.02941,0.07143,0.0,0.25,0.22034,0.15385,0.39024,0.21212,0.22222,0.27586,0.0
ClozapineLight_Individual:18,0.23304,0.23428,0.25944,0.22605,0.25269,0.30685,0.25959,0.29872,0.27937,0.26348,0.27893,0.28861,0.23006
ClozapineLight_Individual:39,0.26021,0.22061,0.27273,0.263,0.18931,0.184,0.17018,0.14721,0.19023,0.15183,0.17702,0.18116,0.22789
ClozapineLight_Individual:33,0.28475,0.09294,0.17355,0.15287,0.20909,0.10227,0.05882,0.08,0.15591,0.21502,0.1637,0.18681,0.16456
ClozapineLight_Individual:3;,0.27534,0.30123,0.34924,0.34272,0.35903,0.22414,0.18391,0.13433,0.17361,0.2037,0.15426,0.16529,0.18507
ClozapineLight_Individual:32,0.26316,0.16049,0.23404,0.06061,0.07692,1.0,0.2,0.25,0.5,0.0,0.42857,0.05,0.07895
ClozapineLight_Individual:13,0.24038,0.23581,0.23101,0.22456,0.20751,0.24534,0.24896,0.29891,0.24098,0.25172,0.24764,0.27128,0.28853
ClozapineLight_Individual:12,0.14038,0.17399,0.20313,0.10448,0.09375,0.15942,0.21591,0.19231,0.11429,0.18519,0.21875,0.15,0.12422
ClozapineLight_Individual:7;,0.40831,0.34601,0.22031,0.20186,0.15613,0.12088,0.10465,0.05128,0.15714,0.23684,0.09346,0.25532,0.12676
ClozapineLight_Individual:10,0.20827,0.23178,0.17631,0.15873,0.21311,0.15741,0.22523,0.35345,0.25564,0.23596,0.25926,0.16981,0.24
ClozapineLight_Individual:17,0.27609,0.28485,0.31835,0.32105,0.27883,0.30159,0.28662,0.26854,0.30067,0.17534,0.14563,0.2494,0.22353
ClozapineLight_Individual:16,0.23962,0.26559,0.25355,0.25664,0.22472,0.22609,0.21671,0.2108,0.20402,0.21053,0.24485,0.28814,0.26395
ClozapineLight_Individual:15,0.22511,0.20833,0.2451,0.23353,0.25641,0.23529,0.3,0.27941,0.26797,0.17978,0.17045,0.2,0.25581
ClozapineLight_Individual:14,0.23697,0.20844,0.23509,0.25575,0.26509,0.30319,0.3251,0.32679,0.33105,0.31197,0.30444,0.30443,0.29369
