ClozapineLight_Individual:8;,741,437,288,227,84,66,96,156,252,308,273,93,239
ClozapineLight_Individual:48,1251,523,154,129,211,228,324,218,201,214,182,105,188
ClozapineLight_Individual:4;,1007,927,642,401,239,45,23,176,478,668,821,795,279
ClozapineLight_Individual:40,884,917,1044,1019,1017,1016,1239,978,1277,1121,1011,1123,1159
ClozapineLight_Individual:41,946,773,1097,1200,1274,1293,1398,981,1315,1454,1422,1214,1314
ClozapineLight_Individual:42,716,694,140,100,152,185,166,182,235,228,214,374,265
ClozapineLight_Individual:43,1216,1176,629,838,579,367,252,244,345,260,257,219,164
ClozapineLight_Individual:44,1158,1369,1456,1253,1110,961,694,775,486,362,484,324,273
ClozapineLight_Individual:45,1235,1199,766,1184,754,425,685,725,229,168,193,797,691
ClozapineLight_Individual:46,1107,495,5,71,164,226,202,270,189,216,203,258,236
ClozapineLight_Individual:47,1282,1523,1499,1289,1025,791,653,705,550,353,602,202,150
ClozapineLight_Individual:2;,1097,1119,1232,1416,1315,1002,1065,761,301,425,424,978,417
ClozapineLight_Individual:28,1075,1224,1495,1639,1619,1545,1555,1194,1070,1072,994,996,836
ClozapineLight_Individual:29,496,284,151,114,102,119,89,114,97,86,101,71,91
ClozapineLight_Individual:26,96,153,0,5,24,70,36,96,17,5,4,29,13
ClozapineLight_Individual:6;,1137,1240,57,51,88,90,423,314,84,79,321,228,125
ClozapineLight_Individual:24,1217,1098,1118,126,28,15,11,45,234,387,95,16,108
ClozapineLight_Individual:25,1242,1328,1448,1410,1473,1434,1298,970,264,500,582,780,317
ClozapineLight_Individual:22,226,19,23,53,67,87,80,119,162,197,131,183,123
ClozapineLight_Individual:23,1299,1029,471,61,54,168,190,90,65,72,177,56,22
ClozapineLight_Individual:20,889,308,264,198,123,126,128,87,163,88,51,70,91
ClozapineLight_Individual:21,926,1055,555,184,114,122,150,140,106,78,94,51,88
ClozapineLight_Individual:34,654,286,275,213,256,146,191,206,385,443,877,521,543
ClozapineLight_Individual:38,512,876,828,666,490,368,258,261,257,292,315,190,294
ClozapineLight_Individual:35,927,886,340,81,135,182,348,410,375,375,366,290,314
ClozapineLight_Individual:27,1204,848,202,106,103,846,1013,760,523,85,121,231,889
ClozapineLight_Individual:11,1103,930,454,133,38,45,28,23,59,44,26,55,153
ClozapineLight_Individual:37,820,814,639,187,309,475,639,91,14,25,15,33,620
ClozapineLight_Individual:36,166,24,5,32,7,16,178,171,115,53,13,0,27
ClozapineLight_Individual:5;,1625,1469,1653,1437,1307,1363,1631,1499,1243,1293,1457,1209,1601
ClozapineLight_Individual:9;,156,60,12,3,56,58,25,80,30,50,31,22,47
ClozapineLight_Individual:31,117,0,89,32,53,20,0,13,7,5,1714,1459,1533
ClozapineLight_Individual:30,336,73,257,215,235,178,185,167,160,146,124,127,20
ClozapineLight_Individual:1;,1544,1650,1771,1741,1695,1313,652,434,424,460,615,1215,539
ClozapineLight_Individual:19,345,149,59,25,19,128,110,83,77,58,65,53,31
ClozapineLight_Individual:18,1059,1151,1108,1193,1017,1161,1201,1129,1131,1162,1199,1152,1157
ClozapineLight_Individual:39,1211,1144,1204,1199,1150,1091,1014,1046,1032,999,939,971,1174
ClozapineLight_Individual:33,1074,441,399,245,177,140,27,41,301,485,467,460,267
ClozapineLight_Individual:3;,1330,1447,1517,1452,1506,494,152,115,244,363,311,408,575
ClozapineLight_Individual:32,290,128,71,48,21,3,10,8,5,5,14,30,53
ClozapineLight_Individual:13,1113,1203,1133,1091,911,1140,1272,1305,1244,1296,1330,1349,1440
ClozapineLight_Individual:12,911,980,638,426,208,116,139,83,153,83,154,173,244
ClozapineLight_Individual:7;,1458,1387,1179,733,433,147,139,65,235,125,170,80,128
ClozapineLight_Individual:10,1183,1009,671,557,323,183,202,208,229,154,134,175,124
ClozapineLight_Individual:17,840,880,996,1029,1001,983,827,870,787,642,530,744,860
ClozapineLight_Individual:16,985,929,904,827,953,819,695,665,615,611,781,848,857
ClozapineLight_Individual:15,414,308,349,291,135,28,33,230,265,156,149,110,150
ClozapineLight_Individual:14,788,701,534,703,680,1000,947,989,1026,1039,860,949,706
