ClozapineLight_Individual:8;,0.0,0.00431,0.00637,0.0,0.0,0.0,0.01754,0.0,0.0,0.0,0.025,0.01754,0.03247
ClozapineLight_Individual:48,0.00284,0.01618,0.0,0.05333,0.04,0.02206,0.00513,0.0,0.0,0.00826,0.00935,0.0,0.0
ClozapineLight_Individual:4;,0.0,0.00196,0.00267,0.00844,0.0068,0.07692,0.0,0.01031,0.0,0.00262,0.0,0.00224,0.02976
ClozapineLight_Individual:40,0.00825,0.00599,0.01916,0.01066,0.00541,0.00351,0.00712,0.00725,0.00409,0.01447,0.00721,0.00648,0.00626
ClozapineLight_Individual:41,0.00191,0.00236,0.00162,0.00588,0.00141,0.00137,0.00123,0.00709,0.0,0.0,0.0,0.00428,0.00396
ClozapineLight_Individual:42,0.00758,0.01036,0.0,0.0,0.0,0.0,0.01087,0.0,0.00735,0.00781,0.0,0.00478,0.0
ClozapineLight_Individual:43,0.0,0.0,0.0,0.00632,0.00313,0.0,0.00699,0.0,0.0,0.0,0.0,0.0,0.01075
ClozapineLight_Individual:44,0.00622,0.0013,0.0,0.0,0.00622,0.00536,0.00501,0.00222,0.00702,0.0,0.00704,0.0,0.00629
ClozapineLight_Individual:45,0.00429,0.00877,0.00909,0.00442,0.00694,0.03543,0.01259,0.00472,0.01449,0.00935,0.01802,0.00426,0.00249
ClozapineLight_Individual:46,0.00498,0.00364,0.0,0.0,0.01031,0.01587,0.03419,0.02632,0.0,0.03077,0.04167,0.00654,0.02174
ClozapineLight_Individual:47,0.00146,0.00119,0.0024,0.0014,0.00703,0.00215,0.00802,0.0,0.00654,0.00478,0.0,0.0,0.01075
ClozapineLight_Individual:2;,0.00339,0.00498,0.00148,0.0,0.0,0.00179,0.0,0.0024,0.0,0.0042,0.0,0.0,0.0
ClozapineLight_Individual:28,0.00174,0.00747,0.00231,0.00206,0.00102,0.00215,0.00213,0.00144,0.0,0.0,0.00171,0.0,0.00408
ClozapineLight_Individual:29,0.00717,0.0,0.0,0.0,0.0,0.0,0.0,0.0,0.0,0.0,0.0,0.0,0.0
ClozapineLight_Individual:26,0.01887,0.0,0,0.0,0.08333,0.05263,0.0,0.03704,0.0,0.0,0.0,0.0,0.0
ClozapineLight_Individual:6;,0.01846,0.01794,0.0,0.0,0.0,0.0,0.01195,0.01058,0.0,0.0,0.02174,0.01515,0.01351
ClozapineLight_Individual:24,0.003,0.01005,0.00648,0.0137,0.0,0.0,0.0,0.04,0.02128,0.01376,0.2766,0.0,0.0
ClozapineLight_Individual:25,0.0,0.0028,0.0,0.00253,0.0012,0.00247,0.00278,0.00368,0.0,0.01034,0.0,0.00233,0.0
ClozapineLight_Individual:22,0.0,0.0,0.0,0.0,0.0,0.0,0.0,0.01515,0.0,0.0,0.0,0.0,0.0
ClozapineLight_Individual:23,0.00138,0.00351,0.0,0.0,0.0,0.0101,0.0,0.0,0.02703,0.0,0.00943,0.0,0.0
ClozapineLight_Individual:20,0.0,0.0,0.00671,0.0,0.0,0.01389,0.0,0.0,0.0,0.0,0.0,0.0,0.0
ClozapineLight_Individual:21,0.00198,0.00168,0.00613,0.0,0.01471,0.0,0.03371,0.01176,0.01587,0.0,0.03846,0.03333,0.03774
ClozapineLight_Individual:34,0.00813,0.01075,0.01685,0.05036,0.01829,0.0099,0.01709,0.0,0.00847,0.01953,0.00198,0.01923,0.00929
ClozapineLight_Individual:38,0.0,0.00412,0.00661,0.00822,0.02135,0.00952,0.01307,0.02685,0.00676,0.04678,0.0163,0.0,0.01205
ClozapineLight_Individual:35,0.00588,0.00398,0.0,0.0,0.01163,0.03306,0.01345,0.01563,0.00851,0.0,0.00889,0.00529,0.01554
ClozapineLight_Individual:27,0.00919,0.01285,0.00877,0.0,0.09259,0.00837,0.01923,0.00937,0.01351,0.0,0.0,0.0,0.00197
ClozapineLight_Individual:11,0.00488,0.00192,0.01145,0.02632,0.09091,0.0,0.0,0.0,0.0,0.0,0.0,0.0,0.01087
ClozapineLight_Individual:37,0.00412,0.00215,0.00551,0.0,0.00543,0.0038,0.01326,0.0,0.0,0.0,0.28571,0.0,0.01133
ClozapineLight_Individual:36,0.0,0.0,0.0,0.11765,0.0,0.0,0.0,0.0,0.0,0.0,0.0,0,0.05263
ClozapineLight_Individual:5;,0.22167,0.24387,0.26029,0.26323,0.24962,0.2511,0.25767,0.25768,0.24799,0.28173,0.26648,0.25,0.21875
ClozapineLight_Individual:9;,0.0,0.0,0.16667,0.0,0.06061,0.0,0.0,0.0,0.0,0.0,0.0,0.0,0.0
ClozapineLight_Individual:31,0.0274,0,0.0,0.0,0.0,0.0,0,0.0,0.0,0.0,0.22987,0.22222,0.23629
ClozapineLight_Individual:30,0.0,0.02222,0.00641,0.00794,0.04317,0.02941,0.0177,0.02,0.0098,0.0,0.0,0.0,0.16667
ClozapineLight_Individual:1;,0.0,0.00108,0.00098,0.004,0.00102,0.00264,0.00272,0.00418,0.00826,0.00391,0.0,0.0,0.0
ClozapineLight_Individual:19,0.0,0.0,0.0,0.0,0.0,0.0,0.0,0.0,0.0,0.0,0.0,0.0,0.0
ClozapineLight_Individual:18,0.0087,0.00314,0.00164,0.0015,0.00358,0.00312,0.00295,0.00319,0.0,0.00154,0.00445,0.00156,0.00613
ClozapineLight_Individual:39,0.00151,0.00161,0.00596,0.00149,0.00153,0.0032,0.00351,0.0,0.00524,0.00175,0.0,0.00181,0.0
ClozapineLight_Individual:33,0.0,0.01115,0.00826,0.00637,0.0,0.0,0.05882,0.04,0.0,0.0,0.00356,0.01099,0.0
ClozapineLight_Individual:3;,0.00822,0.00617,0.00698,0.00245,0.00806,0.02069,0.0,0.02985,0.00694,0.00463,0.00532,0.00826,0.00896
ClozapineLight_Individual:32,0.0117,0.01235,0.02128,0.0,0.0,0.0,0.0,0.0,0.0,0.0,0.14286,0.0,0.02632
ClozapineLight_Individual:13,0.00801,0.00582,0.00158,0.00162,0.00198,0.00155,0.00277,0.00408,0.0,0.0,0.00269,0.00266,0.00123
ClozapineLight_Individual:12,0.00385,0.00169,0.0026,0.01493,0.0625,0.08696,0.03409,0.0,0.0,0.0,0.01042,0.00833,0.01863
ClozapineLight_Individual:7;,0.0,0.0038,0.00429,0.00464,0.01487,0.04396,0.01163,0.02564,0.01429,0.01316,0.03738,0.0,0.0
ClozapineLight_Individual:10,0.00159,0.00374,0.01653,0.01587,0.03279,0.00926,0.01802,0.02586,0.0,0.0,0.0,0.0,0.01333
ClozapineLight_Individual:17,0.01304,0.01414,0.00719,0.00526,0.00861,0.00353,0.0,0.0,0.0,0.0,0.0,0.0,0.00196
ClozapineLight_Individual:16,0.00189,0.00402,0.00811,0.01327,0.00187,0.00217,0.00261,0.00514,0.00287,0.00292,0.0,0.00636,0.0
ClozapineLight_Individual:15,0.0,0.0119,0.0,0.00599,0.0,0.0,0.0,0.00735,0.00654,0.0,0.0,0.01667,0.01163
ClozapineLight_Individual:14,0.00474,0.01055,0.01053,0.00767,0.0,0.00355,0.0038,0.0,0.0,0.00169,0.0,0.0,0.00485
