CNOLight_Individual:8;,0.16009,0.13626,0.12613,0.13636,0.12601,0.13411,0.0943,0.1512,0.10764,0.05022,0.0595,0.05527,0.06014
CNOLight_Individual:48,0.12743,0.18212,0.172,0.16119,0.15706,0.11924,0.11856,0.13139,0.15048,0.1885,0.08252,0.10722,0.08013
CNOLight_Individual:4;,0.13022,0.08088,0.21839,0.24621,0.0538,0.26866,0.2029,0.31548,0.21739,0.25604,0.24294,0.21774,0.17407
CNOLight_Individual:40,0.16343,0.17183,0.13248,0.16989,0.18004,0.12151,0.11658,0.13699,0.13439,0.10526,0.12413,0.11902,0.14945
CNOLight_Individual:41,0.29167,0.11765,0.15692,0.1571,0.26786,0.16393,0.22917,0.18116,0.22695,0.15972,0.22152,0.18421,0.12766
CNOLight_Individual:42,0.16,0.12966,0.11093,0.11694,0.21845,0.20463,0.20115,0.14655,0.21081,0.18776,0.12445,0.17414,0.21226
CNOLight_Individual:43,0.16727,0.21552,0.3,0.26316,0.17021,0.15663,0.22917,0.30769,0.14706,0.09375,0.05882,0.2,0.10638
CNOLight_Individual:44,0.12953,0.114,0.05916,0.08725,0.06228,0.03758,0.05031,0.03565,0.06789,0.0347,0.07328,0.05185,0.02508
CNOLight_Individual:45,0.11702,0.12121,0.114,0.10368,0.14397,0.128,0.205,0.12148,0.1235,0.12648,0.13589,0.20182,0.2323
CNOLight_Individual:46,0.13708,0.15021,0.1645,0.13859,0.10874,0.12543,0.15976,0.13598,0.14664,0.1002,0.14211,0.15451,0.14724
CNOLight_Individual:47,0.07507,0.07486,0.04657,0.0647,0.07506,0.07944,0.06125,0.09017,0.06282,0.08632,0.0902,0.09827,0.14754
CNOLight_Individual:2;,0.2,0.14773,0.13539,0.14908,0.11233,0.14059,0.31169,0.21519,0.14765,0.20578,0.17442,0.225,0.1049
CNOLight_Individual:28,0.08813,0.06682,0.23333,0.21429,0.16832,0.13542,0.11034,0.18803,0.16176,0.12426,0.19048,0.18391,0.08594
CNOLight_Individual:29,0.18925,0.13544,0.11002,0.13344,0.10486,0.11576,0.07665,0.07815,0.09053,0.09563,0.08037,0.07307,0.04459
CNOLight_Individual:26,0.1875,0.15635,0.17885,0.11632,0.13197,0.10377,0.15693,0.10468,0.15247,0.18557,0.2069,0.24138,0.0
CNOLight_Individual:6;,0.10377,0.13095,0.04082,0.04054,0.10811,0.19608,0.125,0.09091,0.05682,0.0,0.0,0.05155,0.01923
CNOLight_Individual:24,0.23636,0.14563,0.18868,0.17647,0.225,0.20833,0.13333,0.24444,0.12281,0.15789,0.11765,0.125,0.07692
CNOLight_Individual:25,0.13469,0.15836,0.15824,0.15423,0.15361,0.1073,0.1458,0.14329,0.14114,0.1474,0.16933,0.10101,0.14312
CNOLight_Individual:22,0.10638,0.14739,0.08984,0.2924,0.17007,0.16611,0.18894,0.19444,0.10742,0.14537,0.20238,0.17467,0.15948
CNOLight_Individual:23,0.14354,0.125,0.08756,0.11925,0.14114,0.12794,0.11268,0.10496,0.12854,0.1171,0.1205,0.10092,0.07692
CNOLight_Individual:20,0.10923,0.09524,0.10055,0.08801,0.12931,0.09206,0.11667,0.09155,0.06589,0.09742,0.08007,0.08148,0.08929
CNOLight_Individual:21,0.1457,0.08516,0.06996,0.11599,0.13688,0.12042,0.14911,0.15283,0.19661,0.13688,0.11839,0.13736,0.13214
CNOLight_Individual:34,0.17836,0.12051,0.15404,0.18382,0.12336,0.18689,0.07514,0.05975,0.08902,0.04743,0.05769,0.04444,0.05088
CNOLight_Individual:38,0.16955,0.26429,0.32432,0.30864,0.25,0.26389,0.13761,0.0303,0.08949,0.1039,0.07222,0.27723,0.09244
CNOLight_Individual:35,0.09434,0.025,0.16667,0.15596,0.15574,0.15094,0.07407,0.23232,0.03175,0.07222,0.04202,0.05556,0.15625
CNOLight_Individual:27,0.15224,0.13924,0.15843,0.14519,0.14595,0.12203,0.12417,0.12033,0.12397,0.09672,0.15449,0.11134,0.17011
CNOLight_Individual:11,0.16667,0.11828,0.10866,0.1104,0.10934,0.1453,0.13154,0.15882,0.12,0.13714,0.11967,0.14911,0.14833
CNOLight_Individual:37,0.23636,0.19355,0.2,0.06122,0.125,0.04878,0.05882,0.10606,0.0,0.08,0.06061,0.0,0.05769
CNOLight_Individual:36,0.23451,0.28481,0.29268,0.25743,0.13699,0.0,0.14706,0.2069,0.43243,0.07273,0.03846,0.14815,0.17808
CNOLight_Individual:5;,0.19055,0.15235,0.11989,0.11436,0.12344,0.09632,0.12005,0.0981,0.08875,0.11877,0.11054,0.10227,0.12939
CNOLight_Individual:9;,0.15543,0.09271,0.1188,0.12131,0.15334,0.14835,0.24762,0.32143,0.25121,0.15771,0.17355,0.15686,0.16736
CNOLight_Individual:31,0.22896,0.11258,0.14527,0.17222,0.18841,0.21675,0.14151,0.16043,0.12169,0.10246,0.17467,0.16165,0.11892
CNOLight_Individual:30,0.18371,0.16585,0,0.07712,0.09183,0.0799,0.07251,0.0908,0.0,0.0,0.0,0,0.04167
CNOLight_Individual:1;,0.14917,0.1463,0.1259,0.11749,0.16054,0.15984,0.14525,0.16367,0.1851,0.16981,0.24891,0.18421,0.11045
CNOLight_Individual:19,0.11954,0.09603,0.07489,0.07246,0.04545,0.0738,0.0565,0.02778,0.10759,0.10345,0.13636,0.03226,0.10345
CNOLight_Individual:18,0.18729,0.18519,0.31579,0.0,0.0,0.19858,0.14213,0.10556,0.13793,0.04505,0.1383,0.09091,0.14286
CNOLight_Individual:39,0.25536,0.20358,0.20701,0.23077,0.2253,0.20702,0.19643,0.16761,0.15957,0.1521,0.12977,0.17241,0.12959
CNOLight_Individual:33,0.19007,0.11406,0.14286,0.13708,0.11234,0.09156,0.12082,0.1052,0.10743,0.13752,0.16822,0.1,0.19588
CNOLight_Individual:3;,0.15607,0.22368,0.14063,0.26316,0.17391,0.10256,0.05882,0.18182,0.19512,0.15909,0.11765,0.025,0.07865
CNOLight_Individual:32,0.10169,0.08972,0.06688,0.07542,0.07031,0.07163,0.09211,0.06742,0.08225,0.04508,0.07626,0.07293,0.0775
CNOLight_Individual:13,0.13578,0.11307,0.1124,0.08235,0.08099,0.0981,0.085,0.08023,0.08462,0.08163,0.06714,0.0473,0.05256
CNOLight_Individual:12,0.15011,0.12094,0.12112,0.06823,0.0581,0.09863,0.14474,0.17722,0.12887,0.14063,0.11215,0.10127,0.06093
CNOLight_Individual:7;,0.17591,0.20329,0.13964,0.12088,0.09859,0.11905,0.08547,0.10853,0.08571,0.10924,0.1626,0.16352,0.09605
CNOLight_Individual:10,0.13127,0.13411,0.16549,0.13816,0.13408,0.16242,0.15529,0.17626,0.16916,0.20556,0.11111,0.20915,0.22156
CNOLight_Individual:17,0.16863,0.10455,0.10018,0.10282,0.08291,0.09277,0.08657,0.08898,0.09545,0.07808,0.06726,0.06936,0.06905
CNOLight_Individual:16,0.09207,0.07973,0.082,0.08333,0.09934,0.0678,0.06525,0.08228,0.07143,0.08562,0.07267,0.08182,0.07374
CNOLight_Individual:15,0.09756,0.13592,0.10593,0.11854,0.11,0.09753,0.08944,0.1122,0.12091,0.10109,0.11976,0.23196,0.14941
CNOLight_Individual:14,0.22913,0.15478,0.18679,0.25648,0.17742,0.15822,0.12966,0.15285,0.11806,0.11842,0.15,0.14797,0.17115
