CNOLight_Individual:8;,366,326,342,320,273,257,323,219,218,339,413,409,414
CNOLight_Individual:48,597,605,635,658,616,667,684,628,602,653,554,662,709
CNOLight_Individual:4;,336,106,70,221,262,109,166,137,170,178,138,206,222
CNOLight_Individual:40,507,532,551,500,562,590,580,507,539,558,563,502,355
CNOLight_Individual:41,171,250,266,273,177,148,104,111,107,109,127,117,149
CNOLight_Individual:42,401,496,483,406,172,205,276,95,151,197,369,296,169
CNOLight_Individual:43,207,97,43,47,71,57,39,48,53,24,13,69,109
CNOLight_Individual:44,317,410,422,459,475,389,384,406,417,240,177,219,248
CNOLight_Individual:45,550,534,533,488,198,85,349,370,476,585,507,435,360
CNOLight_Individual:46,352,349,351,375,387,424,264,340,354,369,284,173,265
CNOLight_Individual:47,554,421,633,687,675,655,637,569,582,555,574,570,374
CNOLight_Individual:2;,357,343,318,329,313,316,124,62,111,194,185,117,99
CNOLight_Individual:28,450,343,115,122,71,76,102,79,47,110,96,67,95
CNOLight_Individual:29,357,446,508,543,515,497,441,460,401,395,432,413,384
CNOLight_Individual:26,441,495,522,433,379,347,418,313,336,214,84,65,4
CNOLight_Individual:6;,87,68,79,62,60,32,12,63,65,76,55,68,120
CNOLight_Individual:24,131,76,45,47,55,36,49,37,40,48,54,59,85
CNOLight_Individual:25,443,531,475,582,497,489,488,512,502,443,460,387,413
CNOLight_Individual:22,316,495,575,138,113,241,171,146,309,174,190,175,179
CNOLight_Individual:23,514,451,525,562,560,542,448,417,439,443,438,353,320
CNOLight_Individual:20,516,537,581,620,566,526,387,449,422,281,477,335,376
CNOLight_Individual:21,436,502,469,386,436,427,438,385,208,198,308,136,212
CNOLight_Individual:34,273,290,306,322,500,238,133,247,266,184,168,291,349
CNOLight_Individual:38,253,95,108,70,32,50,83,128,209,122,150,90,100
CNOLight_Individual:35,27,74,80,81,95,119,96,80,151,145,93,24,22
CNOLight_Individual:27,526,531,472,417,448,500,492,488,486,439,376,418,353
CNOLight_Individual:11,396,443,492,593,350,534,514,498,495,527,555,484,451
CNOLight_Individual:37,50,22,40,32,31,59,37,41,38,66,19,21,37
CNOLight_Individual:36,172,134,66,82,62,18,26,41,33,48,21,48,61
CNOLight_Individual:5;,536,565,588,582,605,583,619,500,577,541,560,558,461
CNOLight_Individual:9;,438,556,566,532,495,432,244,130,168,214,187,332,194
CNOLight_Individual:31,247,228,218,139,111,174,163,150,152,190,190,202,156
CNOLight_Individual:30,446,173,0,791,892,801,855,847,239,1,12,0,20
CNOLight_Individual:1;,455,500,545,576,511,411,433,397,336,167,194,205,266
CNOLight_Individual:19,358,256,174,114,35,214,139,27,113,45,36,99,143
CNOLight_Individual:18,231,62,29,5,10,112,157,132,113,84,78,76,52
CNOLight_Individual:39,380,496,458,404,181,206,250,249,144,229,291,292,344
CNOLight_Individual:33,485,533,610,621,593,537,633,664,608,622,335,91,148
CNOLight_Individual:3;,156,66,54,27,53,36,14,9,32,75,85,32,83
CNOLight_Individual:32,384,498,501,560,563,539,522,516,534,525,500,512,511
CNOLight_Individual:13,434,647,647,729,626,656,727,688,590,632,554,606,494
CNOLight_Individual:12,372,513,506,414,511,281,133,135,150,163,173,195,229
CNOLight_Individual:7;,415,363,311,109,91,87,76,87,69,86,92,108,122
CNOLight_Individual:10,570,564,565,577,533,490,435,443,357,259,94,116,133
CNOLight_Individual:17,414,356,436,474,471,512,535,578,518,523,600,599,605
CNOLight_Individual:16,537,566,611,650,567,692,468,570,550,536,555,439,615
CNOLight_Individual:15,576,585,594,629,597,536,574,443,553,530,483,432,527
CNOLight_Individual:14,433,478,432,302,409,381,508,420,440,467,475,459,409
