HaloperidolLight_Individual:8;,0.05437,0.01302,0.02537,0.00459,0.00591,0.00843,0.00838,0.0051,0.0099,0.00321,0.0017,0.01132,0.01179
HaloperidolLight_Individual:48,0.02534,0.02299,0.01913,0.01617,0.00505,0.01003,0.00896,0.00748,0.00436,0.00509,0.00922,0.00535,0.01563
HaloperidolLight_Individual:4;,0.05644,0.00926,0.01788,0.02041,0.01161,0.01949,0.0192,0.01495,0.03109,0.02308,0.01684,0.0161,0.00417
HaloperidolLight_Individual:40,0.0034,0.00621,0.00685,0.00602,0.0,0.00606,0.0,0.02312,0.0098,0.0,0.00763,0.01449,0.02837
HaloperidolLight_Individual:41,0.02817,0.00709,0.00654,0.0,0.01053,0.0,0.03704,0.02,0.0,0.01,0.0,0.0266,0.01961
HaloperidolLight_Individual:42,0.08803,0.08182,0.06283,0.0429,0.08793,0.0566,0.06996,0.08815,0.08629,0.09926,0.09136,0.06273,0.09537
HaloperidolLight_Individual:43,0.00373,0.05,0.0,0.0,0.0,0.0,0.0,0.01005,0.0,0.15393,0.16073,0.0,0.0
HaloperidolLight_Individual:44,0.02907,0.01724,0.0,0.0,0.0,0.0,0.15021,0.01626,0.0,0.00391,0.01042,0.00397,0.00493
HaloperidolLight_Individual:45,0.0437,0.02004,0.00744,0.01362,0.0202,0.01442,0.01089,0.00973,0.04396,0.01261,0.0,0.00556,0.00568
HaloperidolLight_Individual:46,0.00741,0.00513,0.0203,0.01351,0.00625,0.00704,0.0,0.06122,0.0,0.02105,0.0,0.02041,0.06667
HaloperidolLight_Individual:47,0.0569,0.0264,0.01484,0.01578,0.01995,0.02715,0.02603,0.0254,0.01461,0.01843,0.01709,0.01416,0.01182
HaloperidolLight_Individual:2;,0.01266,0.0,0.01,0.01282,0.0,0.02273,0.0,0.00787,0.01075,0.0,0.03093,0.06383,0.04545
HaloperidolLight_Individual:28,0.04887,0.07035,0.05303,0.0689,0.05909,0.06173,0.07514,0.08591,0.0766,0.04435,0.08333,0.06796,0.06763
HaloperidolLight_Individual:29,0.02579,0.01351,0.0,0.01198,0.0,0.0084,0.01471,0.02985,0.0146,0.0,0.025,0.01587,0.00671
HaloperidolLight_Individual:26,0.056,0.00876,0.02191,0.01372,0.01106,0.01337,0.00927,0.00639,0.01228,0.00728,0.01049,0.02282,0.0306
HaloperidolLight_Individual:6;,0.02096,0.0,0.01176,0.01325,0.01026,0.05,0.00483,0.00602,0.0,0.0,0.01481,0.0,0.00424
HaloperidolLight_Individual:24,0.05732,0.02461,0.03085,0.03024,0.03856,0.04684,0.0362,0.05108,0.06826,0.02747,0.02614,0.03837,0.01893
HaloperidolLight_Individual:25,0.03924,0.03497,0.02731,0.03158,0.02381,0.01553,0.01626,0.01623,0.01263,0.00858,0.00231,0.01613,0.01044
HaloperidolLight_Individual:22,0.01186,0.02299,0.01327,0.02491,0.0109,0.00873,0.00687,0.00559,0.01245,0.00373,0.00922,0.0,0.0
HaloperidolLight_Individual:23,0.04452,0.02187,0.0274,0.00725,0.01325,0.01357,0.02646,0.0068,0.00364,0.18491,0.02151,0.0088,0.0
HaloperidolLight_Individual:20,0.038,0.02761,0.0245,0.00962,0.03323,0.0249,0.01361,0.01799,0.02055,0.02166,0.01531,0.0,0.0
HaloperidolLight_Individual:21,0.01931,0.0,0.00637,0.00554,0.01274,0.00845,0.0034,0.00261,0.02279,0.00881,0.00941,0.0,0.0
HaloperidolLight_Individual:34,0.04795,0.04738,0.0,0.04167,0.01563,0.01911,0.02007,0.02128,0.01342,0.01087,0.03256,0.00385,0.01223
HaloperidolLight_Individual:38,0.02459,0.0,0.02395,0.0117,0.00833,0.01744,0.01087,0.02158,0.03681,0.02143,0.01351,0.00909,0.03125
HaloperidolLight_Individual:35,0.06406,0.05386,0.04294,0.01656,0.02215,0.00995,0.01254,0.01531,0.0061,0.00717,0.00955,0.00404,0.00357
HaloperidolLight_Individual:27,0.05297,0.03962,0.06316,0.03241,0.03499,0.03125,0.01587,0.02597,0.02839,0.02538,0.0411,0.02899,0.03511
HaloperidolLight_Individual:11,0.06303,0.06897,0.0275,0.02586,0.01654,0.01895,0.02232,0.02,0.00748,0.01377,0.01633,0.00683,0.02066
HaloperidolLight_Individual:37,0.00643,0.0,0.0015,0.00488,0.00493,0.01953,0.02679,0.04484,0.02242,0.00797,0.02203,0.0,0.00392
HaloperidolLight_Individual:36,0.02785,0.04134,0.02303,0.03929,0.04425,0.03288,0.02451,0.03804,0.02808,0.03202,0.04795,0.02108,0.03947
HaloperidolLight_Individual:5;,0.04615,0.0255,0.03261,0.03158,0.00787,0.01434,0.01307,0.04051,0.01502,0.02791,0.03101,0.04255,0.01351
HaloperidolLight_Individual:9;,0.041,0.02864,0.01364,0.01288,0.01648,0.01671,0.01212,0.02747,0.01459,0.02743,0.0073,0.01193,0.01329
HaloperidolLight_Individual:31,0.08882,0.04024,0.0217,0.03106,0.05079,0.00727,0.00364,0.02178,0.02256,0.06618,0.03151,0.01724,0.05935
HaloperidolLight_Individual:30,0.03156,0.01205,0.01705,0.00628,0.0133,0.00299,0.00312,0.01114,0.0,0.00829,0.00375,0.00623,0.00929
HaloperidolLight_Individual:1;,0.05202,0.03962,0.03646,0.02896,0.02517,0.02906,0.02945,0.02387,0.01506,0.02312,0.0277,0.01892,0.03041
HaloperidolLight_Individual:19,0.01897,0.00985,0.01269,0.01125,0.0035,0.01097,0.00383,0.00821,0.00806,0.00452,0.00173,0.0,0.00271
HaloperidolLight_Individual:18,0.0489,0.01628,0.01078,0.01003,0.00637,0.01538,0.01071,0.03419,0.02446,0.01662,0.00538,0.02619,0.01923
HaloperidolLight_Individual:39,0.02235,0.02098,0.01038,0.06429,0.01535,0.01282,0.0121,0.00631,0.0084,0.00633,0.00318,0.0,0.00476
HaloperidolLight_Individual:33,0.04762,0.05058,0.04016,0.03883,0.07692,0.03141,0.05085,0.03361,0.0,0.11364,0.07947,0.03261,0.04255
HaloperidolLight_Individual:3;,0.02128,0.02899,0.04396,0.01,0.0219,0.0,0.0131,0.01863,0.01646,0.00735,0.01339,0.00505,0.01587
HaloperidolLight_Individual:32,0.04651,0.0625,0.09589,0.00917,0.01108,0.03704,0.03297,0.0,0.01754,0.03209,0.01504,0.02715,0.04255
HaloperidolLight_Individual:13,0.06869,0.06897,0.03644,0.01364,0.03154,0.02086,0.02358,0.01289,0.02556,0.02406,0.02475,0.02155,0.02817
HaloperidolLight_Individual:12,0.02005,0.01695,0.02732,0.01271,0.0035,0.01099,0.004,0.0,0.00369,0.01987,0.01493,0.0,0.02128
HaloperidolLight_Individual:7;,0.0173,0.0,0.0,0.0,0.01136,0.01563,0.0,0.00633,0.00667,0.01299,0.02113,0.0,0.00719
HaloperidolLight_Individual:10,0.0,0.0,0.0,0.0,0.0,0.0,0.0,0.0,0.0,0.0,0.0,0.0,0.0
HaloperidolLight_Individual:17,0.07042,0.03217,0.0404,0.02828,0.01828,0.03904,0.02769,0.02046,0.03073,0.02078,0.03413,0.01667,0.00995
HaloperidolLight_Individual:16,0.06631,0.06641,0.02767,0.0349,0.02852,0.02191,0.02627,0.02315,0.0163,0.01608,0.01005,0.00238,0.01166
HaloperidolLight_Individual:15,0.0314,0.03671,0.02807,0.03112,0.03235,0.02492,0.02014,0.02074,0.02457,0.02505,0.00752,0.01354,0.02041
HaloperidolLight_Individual:14,0.0429,0.0412,0.02595,0.01059,0.03226,0.02381,0.01852,0.01389,0.01861,0.01673,0.03056,0.0279,0.0301
