HaloperidolLight_Individual:8;,0.02837,0.01042,0.01268,0.0,0.00197,0.00337,0.0,0.0068,0.0066,0.00161,0.0017,0.00566,0.00393
HaloperidolLight_Individual:48,0.02703,0.01149,0.03005,0.01078,0.01768,0.01003,0.00597,0.01995,0.01525,0.00254,0.01382,0.0107,0.01172
HaloperidolLight_Individual:4;,0.0388,0.00926,0.02427,0.02449,0.01161,0.01583,0.00549,0.01329,0.02591,0.02051,0.01515,0.00644,0.00556
HaloperidolLight_Individual:40,0.0068,0.01242,0.00685,0.0241,0.0137,0.01212,0.0,0.01734,0.0,0.0,0.0229,0.0,0.01418
HaloperidolLight_Individual:41,0.04225,0.00709,0.0,0.0,0.0,0.0068,0.01235,0.0,0.00662,0.02,0.0,0.01596,0.0
HaloperidolLight_Individual:42,0.03169,0.02424,0.01745,0.03107,0.01724,0.02516,0.0144,0.02479,0.0203,0.02233,0.02963,0.04059,0.01635
HaloperidolLight_Individual:43,0.00746,0.0,0.00373,0.00333,0.0088,0.0,0.00885,0.00754,0.0,0.02513,0.03052,0.0,0.0
HaloperidolLight_Individual:44,0.0436,0.03103,0.0,0.02679,0.0,0.0,0.02366,0.02439,0.0,0.0,0.01563,0.0,0.0
HaloperidolLight_Individual:45,0.02857,0.00911,0.01489,0.00778,0.00606,0.00481,0.01452,0.01217,0.02747,0.01261,0.0124,0.00278,0.0
HaloperidolLight_Individual:46,0.00741,0.01538,0.01015,0.0,0.0,0.00704,0.01136,0.04082,0.0,0.01053,0.0,0.0,0.06667
HaloperidolLight_Individual:47,0.03966,0.02019,0.01299,0.01578,0.00798,0.0181,0.01644,0.01111,0.02273,0.02513,0.01026,0.01593,0.00886
HaloperidolLight_Individual:2;,0.01266,0.01493,0.01,0.02564,0.0354,0.03409,0.0,0.03937,0.02151,0.0,0.02062,0.0,0.01515
HaloperidolLight_Individual:28,0.02792,0.03266,0.03409,0.0265,0.03864,0.04938,0.05202,0.05498,0.04681,0.0121,0.01515,0.01456,0.03382
HaloperidolLight_Individual:29,0.01433,0.05405,0.01887,0.00599,0.01145,0.03361,0.0,0.00746,0.0,0.0122,0.0125,0.04762,0.01342
HaloperidolLight_Individual:26,0.024,0.00292,0.01804,0.00823,0.00632,0.01471,0.00795,0.00384,0.00546,0.01214,0.0075,0.0255,0.01808
HaloperidolLight_Individual:6;,0.00599,0.0087,0.00882,0.01325,0.00513,0.0,0.01449,0.03012,0.0,0.0,0.0,0.01765,0.00847
HaloperidolLight_Individual:24,0.03025,0.02685,0.00907,0.01296,0.01028,0.01629,0.02036,0.01075,0.0273,0.01099,0.00327,0.01679,0.01577
HaloperidolLight_Individual:25,0.02762,0.00839,0.01062,0.02456,0.02381,0.01553,0.01355,0.00325,0.01263,0.01073,0.00924,0.01075,0.00783
HaloperidolLight_Individual:22,0.02373,0.01609,0.0177,0.01779,0.00545,0.00873,0.00344,0.0,0.0083,0.00373,0.00461,0.0,0.0
HaloperidolLight_Individual:23,0.02055,0.01563,0.02397,0.00725,0.01325,0.01357,0.0,0.01361,0.00364,0.03893,0.01434,0.00587,0.0
HaloperidolLight_Individual:20,0.01036,0.00613,0.03341,0.01923,0.02417,0.0249,0.02721,0.01079,0.00685,0.00722,0.01531,0.01786,0.02381
HaloperidolLight_Individual:21,0.01158,0.01471,0.01274,0.02216,0.02866,0.02817,0.0017,0.00261,0.00285,0.0,0.00235,0.0,0.0
HaloperidolLight_Individual:34,0.05308,0.04738,0.0274,0.08333,0.03125,0.01911,0.01003,0.01773,0.01342,0.03261,0.01395,0.01923,0.0
HaloperidolLight_Individual:38,0.02869,0.01762,0.01796,0.02339,0.02083,0.00581,0.0163,0.01439,0.0184,0.02857,0.02703,0.01364,0.01042
HaloperidolLight_Individual:35,0.02491,0.02154,0.02147,0.00993,0.00949,0.01493,0.00313,0.0102,0.0122,0.00896,0.0,0.00404,0.00238
HaloperidolLight_Individual:27,0.02713,0.01887,0.02632,0.02107,0.02026,0.03125,0.02721,0.02226,0.01262,0.01015,0.02892,0.01739,0.01527
HaloperidolLight_Individual:11,0.02555,0.02414,0.0275,0.01293,0.00509,0.00583,0.01488,0.01111,0.00374,0.00516,0.00907,0.01195,0.0124
HaloperidolLight_Individual:37,0.00643,0.0,0.006,0.00163,0.00985,0.0,0.02679,0.01345,0.00897,0.00398,0.01322,0.0,0.02745
HaloperidolLight_Individual:36,0.02025,0.01749,0.01974,0.01572,0.02478,0.02128,0.01961,0.02446,0.04104,0.03202,0.03767,0.02108,0.03947
HaloperidolLight_Individual:5;,0.02692,0.02186,0.01863,0.01754,0.00525,0.01025,0.02614,0.01493,0.02102,0.02791,0.03101,0.02926,0.01351
HaloperidolLight_Individual:9;,0.02317,0.01671,0.00909,0.00858,0.00549,0.02625,0.00808,0.01648,0.0081,0.01235,0.01314,0.00994,0.01163
HaloperidolLight_Individual:31,0.03063,0.01639,0.01169,0.02484,0.02222,0.00872,0.00727,0.0127,0.01504,0.03676,0.02101,0.01232,0.03264
HaloperidolLight_Individual:30,0.01163,0.00344,0.00947,0.00418,0.01064,0.00896,0.01246,0.00279,0.0,0.0,0.00375,0.0,0.00929
HaloperidolLight_Individual:1;,0.02457,0.02459,0.01736,0.01829,0.01602,0.0251,0.02454,0.01382,0.01657,0.01734,0.01662,0.01486,0.02862
HaloperidolLight_Individual:19,0.01491,0.00844,0.00423,0.00804,0.0035,0.0047,0.00958,0.00411,0.00403,0.00905,0.0,0.00901,0.00271
HaloperidolLight_Individual:18,0.03912,0.01628,0.03233,0.00752,0.00318,0.01231,0.00357,0.02564,0.02141,0.01939,0.00538,0.02381,0.03846
HaloperidolLight_Individual:39,0.02793,0.01748,0.0173,0.025,0.02813,0.01282,0.02823,0.01262,0.01681,0.00316,0.00318,0.01887,0.01905
HaloperidolLight_Individual:33,0.03258,0.02335,0.02008,0.00485,0.06294,0.03665,0.01695,0.04202,0.05882,0.02273,0.01325,0.02174,0.04255
HaloperidolLight_Individual:3;,0.01596,0.01449,0.04396,0.03,0.0219,0.0202,0.00873,0.03727,0.02058,0.02941,0.01339,0.01515,0.01587
HaloperidolLight_Individual:32,0.03488,0.0,0.0411,0.03364,0.00277,0.0,0.0,0.02586,0.0,0.03209,0.00752,0.04072,0.03191
HaloperidolLight_Individual:13,0.05548,0.04023,0.02036,0.01469,0.02453,0.0149,0.01533,0.01289,0.02077,0.02857,0.02145,0.02011,0.02213
HaloperidolLight_Individual:12,0.02256,0.0339,0.01093,0.00424,0.00699,0.0,0.004,0.00524,0.01107,0.01325,0.0,0.01357,0.00532
HaloperidolLight_Individual:7;,0.00692,0.0,0.0,0.00437,0.0,0.01563,0.0,0.0,0.0,0.0,0.0,0.00575,0.0
HaloperidolLight_Individual:10,0.00966,0.0,0.00543,0.00242,0.00391,0.0,0.00327,0.0,0.0,0.0,0.00844,0.005,0.0
HaloperidolLight_Individual:17,0.03521,0.00804,0.0303,0.02626,0.01567,0.01802,0.01231,0.0179,0.01117,0.0026,0.01195,0.01042,0.00995
HaloperidolLight_Individual:16,0.04509,0.07422,0.02964,0.01062,0.0151,0.0239,0.01689,0.0162,0.0163,0.01286,0.01256,0.0095,0.01749
HaloperidolLight_Individual:15,0.0186,0.01615,0.02273,0.01414,0.00943,0.0109,0.02302,0.00741,0.00756,0.01879,0.0094,0.01354,0.03499
HaloperidolLight_Individual:14,0.0363,0.0206,0.01679,0.00908,0.02199,0.01746,0.01481,0.00868,0.01523,0.00743,0.01019,0.01717,0.01003
