NDMCHighLight_Individual:8;,0.00388,0.00501,0.0,0.0101,0.0,0.0,0.00586,0.01391,0.00433,0.0,0.0,0.03333,0.03226
NDMCHighLight_Individual:48,0.00382,0.04762,0.0177,0.00943,0.01807,0.01,0.0,0.03053,0.0303,0.01765,0.01333,0.0,0.01587
NDMCHighLight_Individual:4;,0.01481,0.01366,0.00129,0.00356,0.00419,0.0,0.00235,0.00171,0.00097,0.0,0.00087,0.00292,0.00745
NDMCHighLight_Individual:40,0.00473,0.00275,0.00267,0.00693,0.0,0.0,0.0,0.0,0.07407,0.0,0.0,0.0,0.01195
NDMCHighLight_Individual:41,0.00114,0.0,0.00772,0.0,0.0,0.0,0.0,0.0,0.0,0.0,0.0,0.0,0.0
NDMCHighLight_Individual:42,0.00282,0.00949,0.00515,0.01176,0.02415,0.03,0.0274,0.0102,0.0,0.00763,0.0,0.03333,0.0
NDMCHighLight_Individual:43,0.00305,0.0,0.0,0,0.33333,0.0,0.0,0.00654,0.0,0.00366,0.01205,0.0,0.00617
NDMCHighLight_Individual:44,0.01299,0.0,0.00375,0.0,0.01282,0.0,0.0,0.0,0.01176,0.0,0.01333,0.02083,0.02439
NDMCHighLight_Individual:45,0.01481,0.00763,0.00559,0.0,0.0,0.0,0.0,0.0,0.0,0.0,0.0,0.0,0.0
NDMCHighLight_Individual:46,0.01365,0.0,0.0,0.0,0.0,0.00442,0.0,0.00472,0.0,0.0,0.0,0.0,0.0
NDMCHighLight_Individual:47,0.00363,0.01592,0.00514,0.01587,0.01299,0.01389,0.0,0.0,0.0,0.0,0.0,0.0,0.01325
NDMCHighLight_Individual:2;,0.00273,0.00153,0.0,0.00155,0.0,0.0,0.00149,0.0,0.00155,0.00313,0.0,0.0,0.00173
NDMCHighLight_Individual:28,0.00178,0.00562,0.00649,0.0,0.0,0.00515,0.00542,0.00272,0.00797,0.00508,0.0,0.0,0.00467
NDMCHighLight_Individual:29,0.00465,0.00306,0.00129,0.0,0.0,0.0,0.0,0.0015,0.0038,0.00167,0.0,0.0,0.00202
NDMCHighLight_Individual:26,0.00132,0.0021,0.00103,0.00121,0.0,0.00145,0.00127,0.0,0.0,0.0,0.0,0.0,0.00107
NDMCHighLight_Individual:6;,0.00283,0.00445,0.00574,0.0,0.0,0.0,0.0,0.0,0.0,0.0,0.0,0.0,0.01284
NDMCHighLight_Individual:24,0.0,0.00833,0.0,0.0,0.00746,0.0,0.0,0.0,0.0,0.0,0.0,0.0,0.0
NDMCHighLight_Individual:25,0.00129,0.0,0.0,0.00283,0.00882,0.0,0.0,0.0,0.0,0.35524,0.32481,0.0,0.00544
NDMCHighLight_Individual:22,0.01379,0.00592,0.0,0.0,0.0137,0.0,0.0,0.0,0.02381,0.0,0.01639,0.05263,0.0303
NDMCHighLight_Individual:23,0.00735,0.0,0.01075,0.00571,0.0,0.0,0.0,0.0,0.0,0.16667,0.09091,0.0,0.0
NDMCHighLight_Individual:20,0.0133,0.0,0.0,0.0,0.0,0.0,0.0,0.0,0.01527,0.00769,0.0,0.02062,0
NDMCHighLight_Individual:21,0.00364,0.00295,0.00704,0.0,0.0,0.00412,0.01423,0.0,0.00656,0.0,0.0,0.0,0.00649
NDMCHighLight_Individual:34,0.0,0.00271,0.0013,0.0,0.0,0.00256,0.00137,0.0,0.0,0.0,0.0,0.0,0.00579
NDMCHighLight_Individual:38,0.00289,0.00402,0.0,0,0.0,0.00613,0.0,0.0,0.0,0.0,0.0,0.0,0.00559
NDMCHighLight_Individual:35,0.0146,0.01519,0.01254,0.01944,0.00928,0.01124,0.01007,0.00971,0.0,0.0,0.0,0.02312,0.02457
NDMCHighLight_Individual:27,0.00378,0.00473,0.00574,0.00602,0.00209,0.00244,0.0039,0.00094,0.00347,0.00096,0.0,0.00346,0.01022
NDMCHighLight_Individual:11,0.01032,0.01244,0.01497,0.01647,0.00888,0.01411,0.01264,0.00541,0.0121,0.0,0.02308,0.03061,0.0198
NDMCHighLight_Individual:37,0.00845,0.01232,0.01522,0.0,0.36404,0.3858,0.35329,0.37002,0.38979,0.03704,0.01887,0.28116,0.02804
NDMCHighLight_Individual:36,0.00255,0.00536,0.00115,0.00298,0.0,0.0,0.0,0.0,0.0,0.0,0.0,0.0,0.01121
NDMCHighLight_Individual:5;,0.00159,0.00275,0.00145,0.00206,0.00439,0.00205,0.0,0.0,0.0,0.0,0.0,0.0,0.01008
NDMCHighLight_Individual:9;,0.002,0.00397,0.00356,0.0,0.0,0.0,0.00478,0.0,0.0,0.0,0.0,0.0,0.0
NDMCHighLight_Individual:31,0.00133,0.00116,0.00169,0.00423,0.00279,0.0,0.00389,0.0,0.0,0.0,0.0,0.00847,0.00584
NDMCHighLight_Individual:30,0.00531,0.00462,0.00275,0.00326,0.0,0.0,0.0,0.0,0.0,0.0,0.0,0.00202,0.00452
NDMCHighLight_Individual:1;,0.00228,0.00282,0.0,0.00393,0.00224,0.0014,0.0,0.00382,0.00279,0.00324,0.0,0.0,0.00671
NDMCHighLight_Individual:19,0.00719,0.00643,0.00355,0.01075,0.0,0.0,0.0,0.0,0.0,0.0,0.0,0.0,0.0177
NDMCHighLight_Individual:18,0.00637,0.00719,0.0,0.0,0.0,0.0,0.0,0.0,0.0,0.01099,0.0,0.01149,0.00568
NDMCHighLight_Individual:39,0.0034,0.01199,0.01136,0.0,0.01053,0.0,0.01639,0.01316,0.0,0.0,0.0,0.0,0.01989
NDMCHighLight_Individual:33,0.00253,0.00673,0.00288,0.00087,0.0,0.0,0.00269,0.0,0.00298,0.0,0.0,0.01739,0.00368
NDMCHighLight_Individual:3;,0.0078,0.00195,0.00324,0.00451,0.0031,0.0,0.0,0.0,0.0,0.0,0.00213,0.0,0.00144
NDMCHighLight_Individual:32,0.00992,0.01319,0.01091,0.00487,0.00868,0.01288,0.01504,0.01,0,0.38569,0,0.38971,0.01515
NDMCHighLight_Individual:13,0.00271,0.0053,0.00557,0.00742,0.00713,0.0,0.0,0.01075,0.01653,0.0,0.0,0.02778,0.01762
NDMCHighLight_Individual:12,0.00741,0.00366,0.00684,0.00946,0.00652,0.00588,0.00701,0.00181,0.01852,0,0.0,0.02174,0.01094
NDMCHighLight_Individual:7;,0.0,0.00169,0.0,0.0,0.0,0.0,0.0,0.0,0.0,0.0,0.0,0.00242,0.00489
NDMCHighLight_Individual:10,0.00312,0.00117,0.0,0.0,0.01205,0.0,0.0,0.0,0.0,0.0,0.00221,0.0,0.00909
NDMCHighLight_Individual:17,0.00288,0.00262,0.00226,0.00169,0.00926,0.01003,0.00475,0.01246,0.01266,0.00694,0.00909,0.01075,0.01263
NDMCHighLight_Individual:16,0.0,0.00513,0.0,0.0,0.01754,0.00833,0.0,0.13793,0.0,0.0,0.0,0.0,0.0
NDMCHighLight_Individual:15,0.01498,0.01912,0.00405,0.01531,0.03012,0.0,0.02041,0.0,0.0,0.0,0.0,0.0,0.01786
NDMCHighLight_Individual:14,0.00571,0.0,0.00369,0.0,0.00673,0.0,0.0,0,0.4037,0.0,0.0,0.0,0.01563
