NDMCLight_Individual:8;,0.04878,0.02287,0.02676,0.01881,0.02188,0.01708,0.01446,0.00815,0.01823,0.01109,0.0184,0.00937,0.01818
NDMCLight_Individual:48,0.03835,0.04819,0.04403,0.02718,0.01124,0.05556,0.03846,0.01493,0.02105,0.01818,0.02326,0.01087,0.0
NDMCLight_Individual:4;,0.0188,0.02639,0.04785,0.0198,0.0,0.0367,0.00606,0.02404,0.03497,0.02691,0.00546,0.02679,0.00671
NDMCLight_Individual:40,0.03947,0.06667,0.08,0.03614,0.01176,0.0069,0.00752,0.02273,0.04098,0.01031,0.0404,0.01515,0.0463
NDMCLight_Individual:41,0.0429,0.03906,0.04279,0.03106,0.04121,0.01788,0.02564,0.02293,0.01217,0.01546,0.01356,0.01242,0.01617
NDMCLight_Individual:42,0.02765,0.03371,0.01389,0.02143,0.00769,0.01493,0.0315,0.01111,0.01478,0.0,0.01575,0.00855,0.00833
NDMCLight_Individual:43,0.09881,0.08,0.05809,0.04775,0.02626,0.04651,0.03955,0.02752,0.02549,0.02941,0.0339,0.08247,0.03774
NDMCLight_Individual:44,0.0355,0.09756,0.04545,0.0,0.0,0.0,0.04516,0.02111,0.0251,0.03101,0.0,0.04011,0.02079
NDMCLight_Individual:45,0.05941,0.04294,0.02768,0.0,0.0,0.02326,0.0,0.0122,0.0,0.0,0.01342,0.00758,0.00797
NDMCLight_Individual:46,0.11111,0.0,0.04918,0.05556,0.03249,0.0,0.0,0.0,0.0,0.0303,0.07692,0.0339,0.01235
NDMCLight_Individual:47,0.10393,0.10573,0.06711,0.05195,0.06878,0.01961,0.02139,0.01828,0.02994,0.0177,0.02488,0.04255,0.05455
NDMCLight_Individual:2;,0.06667,0.03396,0.02736,0.01892,0.02065,0.00585,0.0,0.01351,0.0037,0.00358,0.00552,0.00368,0.0056
NDMCLight_Individual:28,0,0,0.0,0.0,0.15695,0.13416,0.0,0.0,0.16481,0.14364,0.16077,0.14573,0.138
NDMCLight_Individual:29,0.07037,0.01153,0.02138,0.00545,0.00363,0.01028,0.01095,0.00735,0.0062,0.01275,0.01565,0.0,0.01704
NDMCLight_Individual:26,0.06145,0.02907,0.04192,0.00662,0.02469,0.05556,0.04425,0.04138,0.01031,0.02703,0.04202,0.03191,0.02083
NDMCLight_Individual:6;,0.0,0.01739,0.01911,0.01989,0.01502,0.00792,0.01202,0.01142,0.01466,0.00896,0.02185,0.01601,0.01699
NDMCLight_Individual:24,0.08794,0.09851,0.07216,0.07623,0.05948,0.05128,0.02717,0.03448,0.05389,0.0463,0.02575,0.01535,0.02308
NDMCLight_Individual:25,0.17722,0.10651,0.05435,0.03037,0.03233,0.07656,0.1413,0.08163,0.11111,0.06486,0.04167,0.05833,0.02521
NDMCLight_Individual:22,0.0,0.02564,0.0,0.02857,0.0,0.02564,0.0,0.0,0.0,0.0,0.02,0.00641,0.02062
NDMCLight_Individual:23,0.02909,0.05085,0.0246,0.03476,0.03888,0.03185,0.02809,0.02893,0.03279,0.02852,0.02616,0.03778,0.02857
NDMCLight_Individual:20,0.02734,0.0,0.12008,0.03165,0.02778,0.1,0.0,0.02597,0.0,0.0,0.00602,0.02532,0.0
NDMCLight_Individual:21,0.11526,0.04738,0.07671,0.05311,0.03725,0.03077,0.04494,0.03754,0.03503,0.04364,0.02205,0.02332,0.02976
NDMCLight_Individual:34,0.01754,0.10843,0.03529,0.01449,0.05405,0.03797,0.02273,0.0495,0.03125,0.05714,0.01351,0.0,0.03676
NDMCLight_Individual:38,0.0778,0.06287,0.01299,0.01068,0.0216,0.01084,0.02601,0.0142,0.01168,0.01328,0.01969,0.0159,0.01015
NDMCLight_Individual:35,0.04077,0.06918,0.02419,0.03797,0.03153,0.0,0.02083,0.02466,0.00775,0.0112,0.01131,0.01567,0.0046
NDMCLight_Individual:27,0.02823,0.01961,0.0,0.02791,0.01639,0.01676,0.00917,0.0051,0.02655,0.01899,0.02174,0.01709,0.04918
NDMCLight_Individual:11,0.07432,0.04839,0.06579,0.04091,0.04891,0.05405,0.02299,0.03145,0.03922,0.01794,0.02609,0.02183,0.00971
NDMCLight_Individual:37,0.02721,0.09195,0.02918,0.02683,0.02471,0.02804,0.04545,0.04502,0.03371,0.0473,0.0463,0.03723,0.0241
NDMCLight_Individual:36,0.0,0.0087,0.032,0.0,0.0,0.02326,0.0,0.0,0.0,0.01818,0.0,0,0.14634
NDMCLight_Individual:5;,0.0875,0.03441,0.03178,0.0338,0.04785,0.02814,0.00871,0.00871,0.01471,0.01903,0.01579,0.01487,0.01957
NDMCLight_Individual:9;,0.04095,0.00723,0.00653,0.00898,0.00301,0.01449,0.01155,0.00208,0.00177,0.00789,0.0063,0.00604,0.00459
NDMCLight_Individual:31,0.08642,0.0,0.03333,0.07143,0.02128,0.03667,0.01786,0.07071,0.0166,0.0229,0.02367,0.01818,0.03226
NDMCLight_Individual:30,0.07923,0.05627,0.03055,0.024,0.06667,0.03927,0.02688,0.02273,0.02469,0.03704,0.04317,0.02752,0.03797
NDMCLight_Individual:1;,0.03542,0.03512,0.02473,0.02715,0.0062,0.01423,0.01258,0.00487,0.0025,0.00903,0.00353,0.01329,0.01717
NDMCLight_Individual:19,0.04839,0.1,0.04839,0.0,0.01739,0.03448,0.0,0.02778,0.02326,0.0412,0.0354,0.04255,0.01923
NDMCLight_Individual:18,0.07589,0.00426,0.00533,0.01717,0.02158,0.01701,0.00866,0.00893,0.0,0.01408,0.02564,0.00901,0.02469
NDMCLight_Individual:39,0.08019,0.11111,0.17391,0.08219,0.05556,0.08621,0.07059,0.02797,0.02597,0.04688,0.03429,0.05882,0.03158
NDMCLight_Individual:33,0.03125,0.0,0.05333,0.0,0.0,0.0,0.0,0.0,0.00526,0.0,0.0,0.02581,0.02247
NDMCLight_Individual:3;,0.0122,0.00448,0.01765,0.0223,0.04286,0.01702,0.0,0.00424,0.00412,0.0,0.00309,0.00658,0.01994
NDMCLight_Individual:32,0.02834,0.02315,0.00641,0.01385,0.00317,0.0122,0.01563,0.05376,0.01515,0.01299,0.00478,0.0,0.01408
NDMCLight_Individual:13,0.09807,0.08134,0.07624,0.04722,0.05186,0.02301,0.02355,0.06721,0.03743,0.03154,0.01828,0.028,0.0235
NDMCLight_Individual:12,0,0.0,0,0.05469,0.02691,0.06186,0.03226,0.05263,0.03419,0.02151,0.04575,0.05594,0.04
NDMCLight_Individual:7;,0.02424,0.03721,0.00275,0.0,0.00855,0.02381,0.03401,0.0125,0.0,0.0,0.00341,0.0,0.0
NDMCLight_Individual:10,0.09356,0.06091,0.01667,0.0,0.02222,0.01384,0.04762,0.01942,0.05096,0.00901,0.01838,0.0107,0.03797
NDMCLight_Individual:17,0.08484,0.0698,0.06579,0.03976,0.03757,0.03349,0.03797,0.03525,0.02191,0.03512,0.03202,0.02539,0.02636
NDMCLight_Individual:16,0.05706,0.02242,0.03546,0.00719,0.01124,0.01747,0.01205,0.01845,0.03571,0.00319,0.01271,0.02905,0.0093
NDMCLight_Individual:15,0.05638,0.03405,0.02808,0.02216,0.00986,0.01607,0.0085,0.02116,0.01667,0.00894,0.0203,0.0264,0.02355
NDMCLight_Individual:14,0.02473,0.01732,0.02067,0.02089,0.02381,0.01365,0.01455,0.0165,0.0137,0.0303,0.01629,0.01201,0.01274
