NDMCHighLight_Individual:8;,962,1082,773,873,626,586,946,1045,429,10,21,52,283
NDMCHighLight_Individual:48,978,509,404,396,306,189,236,246,177,296,284,193,218
NDMCHighLight_Individual:4;,1516,1458,1397,1506,1671,1256,1526,2066,1817,1661,2005,2386,1392
NDMCHighLight_Individual:40,1193,643,688,785,412,258,236,42,53,33,119,97,459
NDMCHighLight_Individual:41,1596,701,491,152,141,104,54,265,225,260,161,188,542
NDMCHighLight_Individual:42,1310,948,714,741,369,191,396,180,247,235,211,177,173
NDMCHighLight_Individual:43,1203,25,6,0,7,129,128,260,184,456,148,323,274
NDMCHighLight_Individual:44,572,7,517,164,149,229,53,322,322,104,142,179,245
NDMCHighLight_Individual:45,1433,467,341,408,361,337,494,460,284,381,366,309,388
NDMCHighLight_Individual:46,505,96,135,340,137,424,245,401,494,332,435,300,226
NDMCHighLight_Individual:47,979,660,732,597,426,387,79,236,168,203,332,297,248
NDMCHighLight_Individual:2;,1373,1204,961,1215,1485,958,1259,1146,1185,582,1190,826,1078
NDMCHighLight_Individual:28,1043,1275,1139,890,421,372,696,693,456,380,352,381,406
NDMCHighLight_Individual:29,1196,1184,1458,1446,1408,641,1126,1246,983,1105,1083,702,901
NDMCHighLight_Individual:26,1396,1678,1753,1466,1731,1254,1421,1192,1266,1285,1525,1812,1699
NDMCHighLight_Individual:6;,1322,1249,951,512,450,321,301,283,247,239,354,339,989
NDMCHighLight_Individual:24,160,222,116,483,244,256,458,421,423,363,301,76,353
NDMCHighLight_Individual:25,1415,1096,1013,653,1058,719,693,676,61,1431,1877,9,1284
NDMCHighLight_Individual:22,1059,292,153,137,134,219,231,128,161,223,113,37,183
NDMCHighLight_Individual:23,242,120,171,311,20,55,11,24,5,25,20,3,3
NDMCHighLight_Individual:20,682,168,123,493,855,95,598,181,238,230,273,180,0
NDMCHighLight_Individual:21,1496,1179,530,135,242,453,530,290,577,572,812,457,568
NDMCHighLight_Individual:34,1445,1267,1438,1339,1540,1408,1299,1434,970,223,86,375,1229
NDMCHighLight_Individual:38,1264,1291,240,0,100,299,141,9,39,51,52,13,333
NDMCHighLight_Individual:35,1226,1259,1729,1314,790,489,551,380,368,369,284,321,740
NDMCHighLight_Individual:27,1469,1841,1551,1469,1669,1487,1801,1889,1927,1836,1065,514,1246
NDMCHighLight_Individual:11,1397,1446,1331,1101,1011,1049,1008,658,446,479,241,353,755
NDMCHighLight_Individual:37,1297,837,812,7,1369,1297,1337,1255,1607,45,288,1350,587
NDMCHighLight_Individual:36,1440,1617,1608,1237,447,423,426,403,355,306,391,362,810
NDMCHighLight_Individual:5;,1191,1320,1261,1760,1630,915,948,591,432,483,444,356,732
NDMCHighLight_Individual:9;,936,456,522,358,349,351,390,382,324,369,391,379,725
NDMCHighLight_Individual:31,1361,1549,1096,1279,669,341,484,617,437,404,409,215,946
NDMCHighLight_Individual:30,715,784,672,564,689,627,803,601,609,854,666,926,805
NDMCHighLight_Individual:1;,1607,1252,1119,937,779,1273,1165,939,639,560,489,399,1068
NDMCHighLight_Individual:19,1002,563,526,337,357,388,230,550,310,360,389,136,212
NDMCHighLight_Individual:18,546,253,521,205,378,289,358,298,212,342,321,323,330
NDMCHighLight_Individual:39,1615,1178,791,387,349,267,113,137,25,13,28,167,632
NDMCHighLight_Individual:33,1439,1607,1832,1916,1065,1433,1321,579,594,286,307,217,983
NDMCHighLight_Individual:3;,1206,926,1158,1229,584,753,582,617,533,789,866,727,1255
NDMCHighLight_Individual:32,923,1331,1521,1487,1054,865,973,557,0,1427,0,1361,594
NDMCHighLight_Individual:13,1387,1000,1002,967,773,239,326,493,221,93,5,66,412
NDMCHighLight_Individual:12,1977,1893,1629,1536,1400,1558,1304,1007,102,0,22,252,825
NDMCHighLight_Individual:7;,902,995,963,607,744,417,759,445,505,639,731,737,743
NDMCHighLight_Individual:10,1745,1477,1507,477,296,5,23,190,62,631,792,625,980
NDMCHighLight_Individual:17,1270,1337,799,1037,578,532,758,569,406,255,597,167,703
NDMCHighLight_Individual:16,1320,1026,640,163,624,230,49,59,156,347,11,81,64
NDMCHighLight_Individual:15,1098,899,453,349,309,207,189,198,41,119,117,3,199
NDMCHighLight_Individual:14,1302,863,496,158,544,95,30,0,1838,970,160,171,598
