NDMCHighLight_Individual:8;,0.02524,0.03005,0.00467,0.00606,0.01429,0.01911,0.01367,0.01565,0.01732,0.0,0.0,0.0,0.0129
NDMCHighLight_Individual:48,0.01718,0.03061,0.00442,0.00472,0.00602,0.01,0.00775,0.0,0.0202,0.00588,0.00667,0.00952,0.0
NDMCHighLight_Individual:4;,0.01975,0.04472,0.02065,0.01188,0.00838,0.01154,0.01175,0.01194,0.01351,0.00835,0.00785,0.01314,0.00745
NDMCHighLight_Individual:40,0.02997,0.00824,0.01067,0.01386,0.02146,0.0,0.0,0.0,0.0,0.0,0.0,0.01887,0.00797
NDMCHighLight_Individual:41,0.00343,0.01763,0.01931,0.0,0.0,0.0,0.0,0.0,0.0,0.0,0.0,0.0,0.0
NDMCHighLight_Individual:42,0.01831,0.01898,0.00258,0.00471,0.00966,0.0,0.00913,0.0102,0.00735,0.0,0.0,0.0,0.0
NDMCHighLight_Individual:43,0.02287,0.0,0.0,0,0.0,0.0125,0.01299,0.01307,0.0,0.01832,0.0,0.03763,0.00617
NDMCHighLight_Individual:44,0.01299,0.0,0.0,0.01149,0.0,0.0,0.0,0.0,0.0,0.0,0.0,0.0,0.0
NDMCHighLight_Individual:45,0.02963,0.01908,0.0,0.0,0.0,0.0,0.00377,0.00741,0.0,0.00431,0.0,0.0,0.00877
NDMCHighLight_Individual:46,0.00683,0.0,0.0,0.01081,0.0,0.01327,0.0,0.00472,0.00369,0.0,0.00427,0.00592,0.00806
NDMCHighLight_Individual:47,0.01452,0.01326,0.00514,0.0254,0.00866,0.0,0.02326,0.0,0.0,0.0,0.0,0.0,0.0
NDMCHighLight_Individual:2;,0.02322,0.01985,0.00595,0.01085,0.00499,0.0,0.00149,0.0,0.00155,0.00627,0.00311,0.00449,0.00519
NDMCHighLight_Individual:28,0.01599,0.02388,0.01786,0.01895,0.00429,0.00515,0.01355,0.0327,0.01992,0.0203,0.02139,0.01471,0.0
NDMCHighLight_Individual:29,0.0093,0.01838,0.01289,0.01157,0.0105,0.0118,0.00824,0.01504,0.00949,0.00502,0.00521,0.0,0.01012
NDMCHighLight_Individual:26,0.02378,0.02623,0.01955,0.02179,0.01376,0.00872,0.01525,0.01546,0.02066,0.0156,0.00614,0.01107,0.00962
NDMCHighLight_Individual:6;,0.0297,0.02819,0.01912,0.00344,0.01181,0.01622,0.01765,0.0,0.0,0.00752,0.01554,0.00535,0.00917
NDMCHighLight_Individual:24,0.01124,0.0,0.0,0.0,0.01493,0.01471,0.00405,0.0,0.00851,0.0051,0.0,0.0,0.0
NDMCHighLight_Individual:25,0.01294,0.01629,0.02004,0.00283,0.01764,0.00506,0.008,0.01093,0.0,0.02517,0.00852,0.0,0.00136
NDMCHighLight_Individual:22,0.01897,0.01183,0.0,0.0,0.0274,0.0,0.0,0.0,0.0,0.0,0.01639,0.0,0.0
NDMCHighLight_Individual:23,0.0,0.0,0.0,0.00571,0.0,0.0,0.0,0.0,0.0,0.0,0.0,0.0,0.0
NDMCHighLight_Individual:20,0.01862,0.0,0.0,0.00758,0.00215,0.04,0.0,0.0,0.01527,0.0,0.0,0.01031,0
NDMCHighLight_Individual:21,0.01456,0.01473,0.0,0.01408,0.0,0.00412,0.0,0.00667,0.00656,0.00658,0.01124,0.00413,0.00325
NDMCHighLight_Individual:34,0.01643,0.00814,0.01169,0.00132,0.00579,0.00385,0.00549,0.00125,0.00722,0.00855,0.0,0.0,0.01013
NDMCHighLight_Individual:38,0.01299,0.0067,0.01575,0,0.01923,0.0,0.0,0.0,0.0,0.0,0.0,0.0,0.00559
NDMCHighLight_Individual:35,0.01314,0.01796,0.0094,0.00833,0.03248,0.01124,0.01007,0.01942,0.00498,0.0101,0.0,0.01156,0.02211
NDMCHighLight_Individual:27,0.01385,0.01989,0.01033,0.01444,0.0094,0.01218,0.00585,0.00935,0.00868,0.00383,0.00657,0.03114,0.01314
NDMCHighLight_Individual:11,0.01161,0.01617,0.01361,0.00988,0.01599,0.00705,0.00722,0.00541,0.03226,0.00758,0.03077,0.0102,0.0099
NDMCHighLight_Individual:37,0.00986,0.01437,0.01522,0.0,0.02339,0.01852,0.03892,0.01276,0.02242,0.03704,0.03145,0.02174,0.03115
NDMCHighLight_Individual:36,0.02296,0.01073,0.02067,0.01935,0.00395,0.0,0.0,0.00457,0.0,0.00595,0.00459,0.0051,0.02915
NDMCHighLight_Individual:5;,0.00638,0.0206,0.01159,0.00515,0.00549,0.01027,0.00576,0.00309,0.0,0.0,0.00837,0.00513,0.00504
NDMCHighLight_Individual:9;,0.022,0.05556,0.01779,0.0203,0.00538,0.00529,0.0,0.02439,0.01648,0.00971,0.0098,0.01,0.00249
NDMCHighLight_Individual:31,0.008,0.00927,0.00677,0.01551,0.01671,0.01622,0.01167,0.00592,0.02929,0.00917,0.00446,0.00847,0.01556
NDMCHighLight_Individual:30,0.01326,0.03002,0.01377,0.01954,0.00806,0.01852,0.00229,0.0,0.00592,0.00427,0.00581,0.00606,0.00452
NDMCHighLight_Individual:1;,0.01139,0.01972,0.0033,0.00589,0.00224,0.0,0.00155,0.00191,0.00279,0.0,0.0,0.00448,0.00503
NDMCHighLight_Individual:19,0.03237,0.03215,0.01773,0.00538,0.0,0.00478,0.0,0.00348,0.0,0.00518,0.0,0.0,0.0177
NDMCHighLight_Individual:18,0.0,0.0,0.0,0.00885,0.0049,0.01227,0.0101,0.01863,0.0,0.0,0.0,0.01149,0.01136
NDMCHighLight_Individual:39,0.03855,0.03748,0.02045,0.05479,0.01053,0.00662,0.01639,0.0,0.0,0.0,0.0,0.0,0.0142
NDMCHighLight_Individual:33,0.03413,0.03924,0.01441,0.04196,0.0189,0.03206,0.03096,0.01905,0.02083,0.03145,0.0,0.0,0.01471
NDMCHighLight_Individual:3;,0.00936,0.0214,0.01133,0.00752,0.00929,0.00473,0.00318,0.00286,0.00346,0.00688,0.01064,0.00758,0.00144
NDMCHighLight_Individual:32,0.0377,0.01583,0.01576,0.01703,0.02257,0.01502,0.00564,0.01,0,0.03366,0,0.03824,0.03333
NDMCHighLight_Individual:13,0.02977,0.0371,0.01113,0.01855,0.01188,0.01527,0.01639,0.03226,0.02479,0.0,0.0,0.0,0.01322
NDMCHighLight_Individual:12,0.02778,0.01465,0.01596,0.03783,0.02347,0.0141,0.02805,0.03617,0.0,0,0.0,0.03623,0.02845
NDMCHighLight_Individual:7;,0.00387,0.00845,0.00375,0.00299,0.0,0.0,0.0,0.00408,0.00341,0.0,0.0048,0.0,0.00489
NDMCHighLight_Individual:10,0.027,0.00932,0.00468,0.02344,0.01205,0.0,0.0,0.0,0.0,0.00836,0.00885,0.0085,0.00727
NDMCHighLight_Individual:17,0.01295,0.01835,0.01129,0.00508,0.01543,0.01003,0.019,0.02181,0.01688,0.02083,0.01515,0.02151,0.0303
NDMCHighLight_Individual:16,0.01958,0.04615,0.02899,0.02247,0.02047,0.0,0.0,0.10345,0.0,0.0,0.0,0.0,0.0
NDMCHighLight_Individual:15,0.04659,0.04207,0.01215,0.0051,0.00602,0.00909,0.02041,0.01887,0.0,0.03226,0.0,0.0,0.00893
NDMCHighLight_Individual:14,0.00713,0.01025,0.01476,0.02381,0.0101,0.0,0.0,0,0.02503,0.00204,0.0,0.0,0.00313
