NDMCHighLight_Individual:8;,0.55146,0.4975,0.68458,0.68687,0.78,0.74522,0.6582,0.63826,0.71861,0.8,0.92308,0.8,0.70323
NDMCHighLight_Individual:48,0.55344,0.53061,0.70354,0.88208,0.8494,0.73,0.7907,0.76336,0.65657,0.68824,0.77333,0.66667,0.80159
NDMCHighLight_Individual:4;,0.52593,0.42112,0.63355,0.63539,0.66911,0.71429,0.6933,0.70673,0.62355,0.68163,0.65911,0.62847,0.66335
NDMCHighLight_Individual:40,0.49527,0.49176,0.69333,0.64203,0.72532,0.85106,0.86131,1.0,0.40741,0.94737,0.96825,0.92453,0.62948
NDMCHighLight_Individual:41,0.57486,0.49118,0.65637,1.0,0.81818,0.96296,0.875,0.98639,0.80952,0.87413,0.90698,0.84466,0.98697
NDMCHighLight_Individual:42,0.58592,0.54649,0.67268,0.70353,0.7343,0.84,0.81735,0.7551,0.85294,0.80153,0.87611,0.72222,0.94737
NDMCHighLight_Individual:43,0.54421,0.71429,1.0,0,0.0,0.8625,0.81818,0.73203,0.82883,0.71062,0.80723,0.73656,0.80247
NDMCHighLight_Individual:44,0.69481,0.66667,0.83146,0.78161,0.80769,0.88889,0.77778,0.94643,0.9,0.82692,0.89333,0.8125,0.81301
NDMCHighLight_Individual:45,0.56543,0.59542,0.97765,0.98122,0.98477,0.96045,0.93208,0.82222,0.78212,0.89655,0.84018,0.86772,0.85088
NDMCHighLight_Individual:46,0.83276,1.0,0.95588,0.84324,0.77465,0.86726,0.96183,0.81604,0.77122,0.85549,0.85897,0.81657,0.85484
NDMCHighLight_Individual:47,0.66062,0.69496,0.79434,0.73016,0.74892,0.84722,0.74419,0.83704,0.80189,0.91736,0.88325,0.89326,0.91391
NDMCHighLight_Individual:2;,0.52049,0.56489,0.60913,0.63566,0.63591,0.68164,0.69001,0.65865,0.71053,0.73041,0.72516,0.68315,0.6436
NDMCHighLight_Individual:28,0.627,0.58427,0.68019,0.68,0.70386,0.7268,0.7019,0.61308,0.73307,0.74112,0.75401,0.80882,0.69626
NDMCHighLight_Individual:29,0.64341,0.56508,0.66366,0.66581,0.6916,0.74336,0.71829,0.6797,0.64326,0.72742,0.74306,0.74142,0.65992
NDMCHighLight_Individual:26,0.59181,0.56034,0.59362,0.57385,0.61058,0.6468,0.6709,0.67697,0.64325,0.66241,0.72727,0.71127,0.6485
NDMCHighLight_Individual:6;,0.55021,0.45104,0.61185,0.7457,0.77559,0.77297,0.77647,0.75,0.65942,0.81203,0.76166,0.79144,0.67156
NDMCHighLight_Individual:24,0.76404,0.83333,0.98333,0.94297,0.8209,0.90441,0.83401,0.84279,0.6766,0.77551,0.80503,0.85714,0.88776
NDMCHighLight_Individual:25,0.62484,0.53746,0.58106,0.60057,0.6067,0.66582,0.61067,0.69126,0.71429,0.03776,0.09159,0.75,0.6966
NDMCHighLight_Individual:22,0.58966,0.71598,0.75,0.7625,0.69863,0.87611,0.85246,0.87143,0.83333,0.94167,0.81967,0.63158,0.81818
NDMCHighLight_Individual:23,0.67647,0.83582,0.89247,0.81714,0.3,0.67857,0.8,0.58333,1.0,0.5,0.63636,0.0,1.0
NDMCHighLight_Individual:20,0.69681,0.8427,0.86364,0.78788,0.77634,0.76,0.7956,0.79208,0.74809,0.79231,0.86111,0.82474,0
NDMCHighLight_Individual:21,0.6335,0.69661,0.75,0.83099,0.76984,0.84362,0.84342,0.80667,0.75082,0.79276,0.83596,0.80579,0.80844
NDMCHighLight_Individual:34,0.61062,0.5848,0.67662,0.67371,0.66396,0.69744,0.72527,0.71286,0.68412,0.88034,0.86047,0.88293,0.65991
NDMCHighLight_Individual:38,0.63203,0.6059,0.72441,0,0.63462,0.7546,0.92105,1.0,1.0,1.0,1.0,0.66667,0.77654
NDMCHighLight_Individual:35,0.68467,0.60912,0.67294,0.61528,0.72158,0.74157,0.77852,0.66019,0.72637,0.85859,0.77707,0.87283,0.65111
NDMCHighLight_Individual:27,0.60202,0.54167,0.61653,0.54513,0.61546,0.62363,0.68976,0.66137,0.62066,0.68199,0.71757,0.73702,0.5854
NDMCHighLight_Individual:11,0.60774,0.53109,0.64082,0.61285,0.62167,0.67019,0.66787,0.64865,0.64516,0.77652,0.66154,0.78061,0.59158
NDMCHighLight_Individual:37,0.56901,0.54209,0.61957,1.0,0.04678,0.04784,0.04491,0.05582,0.04981,0.59259,0.83648,0.27246,0.61059
NDMCHighLight_Individual:36,0.53827,0.55043,0.58668,0.60417,0.69565,0.7906,0.81933,0.73973,0.76961,0.73214,0.8211,0.70408,0.60314
NDMCHighLight_Individual:5;,0.6874,0.60577,0.66377,0.64536,0.6674,0.7269,0.78503,0.71914,0.72951,0.74427,0.79498,0.72308,0.67758
NDMCHighLight_Individual:9;,0.61,0.61905,0.68327,0.73604,0.77957,0.77778,0.80383,0.81463,0.7967,0.83495,0.79902,0.835,0.69327
NDMCHighLight_Individual:31,0.604,0.58633,0.69036,0.64457,0.64903,0.75135,0.70039,0.77515,0.80753,0.75229,0.81696,0.83898,0.64397
NDMCHighLight_Individual:30,0.57294,0.51963,0.66942,0.61564,0.64785,0.70062,0.72311,0.72393,0.66568,0.72863,0.68605,0.73535,0.6629
NDMCHighLight_Individual:1;,0.53759,0.49437,0.63861,0.58939,0.69507,0.69522,0.66202,0.69025,0.60894,0.70227,0.81749,0.79821,0.64262
NDMCHighLight_Individual:19,0.57014,0.58521,0.70567,0.73118,0.87374,0.86603,0.91057,0.93031,0.81871,0.86528,0.93333,0.87143,0.88496
NDMCHighLight_Individual:18,0.75478,0.77698,0.97251,0.81416,0.84804,0.85276,0.90404,0.88199,0.91453,0.85714,0.94798,0.8908,0.82386
NDMCHighLight_Individual:39,0.56349,0.55322,0.65,0.55708,0.74211,0.78808,0.81967,0.92105,0.9375,0.83333,1.0,0.97059,0.72443
NDMCHighLight_Individual:33,0.55373,0.463,0.55043,0.52797,0.54646,0.5894,0.57335,0.69841,0.66964,0.66667,0.7561,0.73913,0.65441
NDMCHighLight_Individual:3;,0.61154,0.52335,0.64239,0.62707,0.67492,0.73522,0.77389,0.79143,0.72664,0.83028,0.81702,0.78283,0.70317
NDMCHighLight_Individual:32,0.58135,0.61346,0.66061,0.59002,0.60069,0.66094,0.64286,0.66667,0,0.04769,0,0.04559,0.69697
NDMCHighLight_Individual:13,0.55074,0.47173,0.66419,0.65121,0.64846,0.74046,0.78689,0.67742,0.70248,0.83019,1.0,0.80556,0.61233
NDMCHighLight_Individual:12,0.52315,0.54304,0.55986,0.54374,0.56063,0.60517,0.59748,0.58047,0.72222,0,1.0,0.68841,0.54923
NDMCHighLight_Individual:7;,0.72727,0.72804,0.7809,0.89552,0.88378,0.89823,0.88249,0.88571,0.83959,0.81564,0.88249,0.84019,0.77017
NDMCHighLight_Individual:10,0.55452,0.55711,0.67485,0.61328,0.66265,1.0,0.92857,0.74038,1.0,0.68524,0.70575,0.74788,0.68182
NDMCHighLight_Individual:17,0.60719,0.58978,0.77652,0.69831,0.69444,0.73244,0.69359,0.6947,0.62869,0.625,0.73636,0.63441,0.65909
NDMCHighLight_Individual:16,0.50629,0.41709,0.55362,0.70787,0.61988,0.75,0.80769,0.24138,0.96386,1.0,0.6,0.82927,0.78947
NDMCHighLight_Individual:15,0.56073,0.54111,0.70445,0.72959,0.71687,0.87273,0.71429,0.90566,0.90476,0.82258,1.0,1.0,0.77679
NDMCHighLight_Individual:14,0.60913,0.52459,0.7417,0.91667,0.75758,0.98039,1.0,0,0.04788,0.99182,0.91011,0.9596,0.70313
