NDMCLight_Individual:8;,0.0453,0.05821,0.07358,0.09404,0.00875,0.01518,0.04337,0.03666,0.02865,0.02217,0.0184,0.025,0.01818
NDMCLight_Individual:48,0.0708,0.16867,0.09853,0.06408,0.07865,0.27778,0.30769,0.1194,0.13684,0.21818,0.0,0.07609,0.125
NDMCLight_Individual:4;,0.03008,0.02346,0.07656,0.11386,0.07813,0.06422,0.07273,0.04327,0.06993,0.0583,0.10383,0.07143,0.07383
NDMCLight_Individual:40,0.22368,0.14667,0.10667,0.07229,0.04706,0.07586,0.02256,0.00758,0.08197,0.02062,0.0202,0.04545,0.0463
NDMCLight_Individual:41,0.033,0.0625,0.06498,0.04814,0.03571,0.02043,0.01895,0.01856,0.02765,0.02964,0.01808,0.02981,0.02114
NDMCLight_Individual:42,0.11982,0.1236,0.11111,0.17857,0.12308,0.0796,0.08268,0.07222,0.07389,0.0963,0.07874,0.05128,0.05417
NDMCLight_Individual:43,0.06324,0.13,0.02905,0.05305,0.02845,0.05116,0.02825,0.03211,0.02157,0.04044,0.04237,0.07216,0.08491
NDMCLight_Individual:44,0.01775,0.06098,0.13636,0.0,0.0,0.0,0.04516,0.0686,0.05439,0.03876,0.03333,0.08021,0.05312
NDMCLight_Individual:45,0.0396,0.00613,0.02422,0.0,0.28571,0.02326,0.04,0.01626,0.03571,0.0,0.02013,0.01263,0.01992
NDMCLight_Individual:46,0.05556,0.16,0.09836,0.05556,0.03971,0.00995,0.09091,0.05,0.03704,0.0,0.0,0.07627,0.01852
NDMCLight_Individual:47,0.05899,0.12335,0.14765,0.03896,0.06878,0.0915,0.04813,0.02089,0.06587,0.0708,0.0398,0.06383,0.04848
NDMCLight_Individual:2;,0.06154,0.0566,0.1003,0.08919,0.09735,0.06433,0.07902,0.04054,0.02773,0.02509,0.0221,0.01289,0.01306
NDMCLight_Individual:28,0,0,0.0,0.0,0.00636,0.03382,0.0,0.0,0.00506,0.06587,0.00607,0.00603,0.00318
NDMCLight_Individual:29,0.02778,0.03314,0.03289,0.02452,0.01332,0.03085,0.0146,0.03431,0.01117,0.02975,0.02134,0.01449,0.02228
NDMCLight_Individual:26,0.18994,0.1686,0.13772,0.11258,0.11111,0.11111,0.10619,0.15172,0.14433,0.07207,0.11765,0.09574,0.09375
NDMCLight_Individual:6;,0.18182,0.14783,0.04671,0.03797,0.04721,0.02377,0.04008,0.02936,0.03666,0.0403,0.02571,0.04367,0.02745
NDMCLight_Individual:24,0.09045,0.12537,0.13918,0.11659,0.06691,0.06838,0.0462,0.12069,0.13772,0.10185,0.06438,0.04348,0.04103
NDMCLight_Individual:25,0.05063,0.05325,0.06793,0.07944,0.06466,0.17225,0.13043,0.19388,0.11111,0.08649,0.09375,0.09167,0.12605
NDMCLight_Individual:22,0.09091,0.05128,0.0,0.05714,0.03226,0.07692,0.02222,0.02041,0.0,0.05,0.03,0.05128,0.03093
NDMCLight_Individual:23,0.13091,0.06215,0.05355,0.03318,0.02955,0.02548,0.02809,0.04752,0.03279,0.05323,0.05433,0.03023,0.03571
NDMCLight_Individual:20,0.02734,0.0,0.05487,0.07595,0.13889,0.3,0.0,0.07792,0.11111,0.2,0.04819,0.06329,0.0
NDMCLight_Individual:21,0.04517,0.05378,0.0589,0.05159,0.03868,0.04769,0.03692,0.03413,0.04203,0.02909,0.02205,0.01603,0.02083
NDMCLight_Individual:34,0.04386,0.06024,0.04706,0.07246,0.05405,0.08861,0.01136,0.07921,0.04167,0.04286,0.06757,0.02439,0.06618
NDMCLight_Individual:38,0.0389,0.05988,0.05628,0.03915,0.02778,0.01897,0.02601,0.01136,0.01636,0.01518,0.00984,0.00596,0.01015
NDMCLight_Individual:35,0.04077,0.06604,0.1129,0.0443,0.05856,0.03953,0.05833,0.0411,0.04134,0.03361,0.02941,0.04178,0.02299
NDMCLight_Individual:27,0.04839,0.02614,0.03191,0.03256,0.01639,0.03911,0.01835,0.03571,0.02655,0.03797,0.0163,0.04274,0.03825
NDMCLight_Individual:11,0.06419,0.10753,0.11842,0.06364,0.09239,0.05856,0.06322,0.08805,0.04902,0.03139,0.03043,0.04367,0.04369
NDMCLight_Individual:37,0.04762,0.03448,0.02529,0.03279,0.02907,0.02804,0.07143,0.04502,0.04494,0.06081,0.01852,0.04255,0.04819
NDMCLight_Individual:36,0.04918,0.08696,0.072,0.0,0.0,0.04651,0.2,0.16667,0.0,0.09091,0.11111,0,0.17073
NDMCLight_Individual:5;,0.07083,0.04301,0.03814,0.04374,0.04455,0.06004,0.061,0.04878,0.05331,0.05536,0.04912,0.05576,0.0427
NDMCLight_Individual:9;,0.06034,0.03255,0.02284,0.03411,0.02105,0.02254,0.02805,0.02911,0.01062,0.02959,0.03151,0.01207,0.02294
NDMCLight_Individual:31,0.03704,0.33333,0.06667,0.21429,0.04255,0.02689,0.06696,0.12121,0.04979,0.03435,0.08284,0.06364,0.02688
NDMCLight_Individual:30,0.04711,0.06394,0.05295,0.10933,0.05714,0.07251,0.06452,0.06061,0.05432,0.14815,0.10791,0.11927,0.08228
NDMCLight_Individual:1;,0.01979,0.03142,0.03269,0.02627,0.01611,0.01068,0.02138,0.01705,0.01125,0.0129,0.0188,0.02658,0.03147
NDMCLight_Individual:19,0.03226,0.23333,0.06452,0.0,0.13043,0.06897,0.14815,0.11111,0.13953,0.0824,0.04867,0.14894,0.09615
NDMCLight_Individual:18,0.08929,0.02766,0.01867,0.01717,0.02878,0.02381,0.04762,0.10714,0.05714,0.06338,0.12821,0.01802,0.07407
NDMCLight_Individual:39,0.09434,0.06349,0.1087,0.12329,0.125,0.12069,0.10588,0.02797,0.06494,0.04688,0.05714,0.09804,0.05263
NDMCLight_Individual:33,0.0,0.0,0.0,0.0,0.09524,0.0,0.0,0.06122,0.02105,0.0,0.01026,0.05161,0.06742
NDMCLight_Individual:3;,0.02846,0.04036,0.07059,0.03346,0.06429,0.0383,0.12295,0.07203,0.0535,0.06275,0.04321,0.03289,0.02849
NDMCLight_Individual:32,0.11741,0.07407,0.09615,0.01939,0.06032,0.13415,0.07813,0.08602,0.05303,0.03463,0.04067,0.05462,0.10563
NDMCLight_Individual:13,0.04729,0.06061,0.06206,0.0375,0.05673,0.04294,0.05254,0.04888,0.03922,0.0334,0.02611,0.072,0.02137
NDMCLight_Individual:12,0,0.25,0,0.03906,0.06726,0.14433,0.03226,0.07519,0.20513,0.17204,0.08497,0.11189,0.136
NDMCLight_Individual:7;,0.16364,0.08837,0.03846,0.05682,0.08547,0.02381,0.02721,0.075,0.04558,0.01488,0.01365,0.01303,0.01355
NDMCLight_Individual:10,0.09771,0.12944,0.18333,0.21311,0.11111,0.06574,0.06878,0.0534,0.09236,0.17117,0.07353,0.1016,0.11392
NDMCLight_Individual:17,0.07942,0.07284,0.07707,0.06881,0.05546,0.05263,0.05063,0.04082,0.03756,0.04621,0.05273,0.04372,0.04119
NDMCLight_Individual:16,0.06306,0.14798,0.19858,0.15827,0.17978,0.0655,0.07631,0.04797,0.05804,0.05751,0.08475,0.08714,0.06512
NDMCLight_Individual:15,0.04896,0.04086,0.03907,0.02347,0.03699,0.01607,0.01807,0.04233,0.02821,0.01916,0.03248,0.03882,0.0308
NDMCLight_Individual:14,0.13781,0.1342,0.05943,0.07572,0.11508,0.09215,0.10909,0.06271,0.04338,0.05195,0.04684,0.10811,0.07643
