NDMCLight_Individual:8;,0.0,0.0,0.0,0.0,0.0,0.0,0.00241,0.0,0.0,0.0,0.0,0.0,0.0
NDMCLight_Individual:48,0.0059,0.00602,0.0021,0.0,0.0,0.0,0.0,0.0,0.0,0.0,0.0,0.0,0.0
NDMCLight_Individual:4;,0.00376,0.0,0.00478,0.00495,0.0,0.0,0.0,0.00481,0.0,0.00448,0.0,0.0,0.0
NDMCLight_Individual:40,0.0,0.0,0.0,0.0,0.0,0.0,0.0,0.00758,0.0,0.01031,0.0,0.00758,0.0
NDMCLight_Individual:41,0.0066,0.00625,0.00317,0.00311,0.0,0.0,0.00111,0.00328,0.0,0.00387,0.00565,0.00994,0.00498
NDMCLight_Individual:42,0.00922,0.0,0.00463,0.0,0.0,0.0,0.00394,0.00556,0.00493,0.0,0.0,0.0,0.00833
NDMCLight_Individual:43,0.01581,0.02,0.01245,0.00265,0.00656,0.0093,0.0,0.00917,0.00196,0.00184,0.01271,0.03093,0.0
NDMCLight_Individual:44,0.01775,0.02439,0.0,0.0,0.0,0.0,0.0,0.00528,0.01046,0.00775,0.13333,0.00802,0.0
NDMCLight_Individual:45,0.0198,0.0184,0.00346,0.0,0.14286,0.00388,0.01333,0.00813,0.01786,0.0,0.0,0.0,0.01594
NDMCLight_Individual:46,0.0,0.12,0.0,0.0,0.0,0.0,0.0,0.0,0.0,0.0,0.0,0.01695,0.01235
NDMCLight_Individual:47,0.00843,0.02643,0.01342,0.01299,0.01587,0.01307,0.00535,0.00522,0.01796,0.0177,0.01493,0.00709,0.0
NDMCLight_Individual:2;,0.01026,0.00377,0.00304,0.00541,0.0236,0.0117,0.00272,0.00901,0.00185,0.00358,0.00737,0.00184,0.00373
NDMCLight_Individual:28,0,0,0.0,0.0,0.20997,0.21871,0.0,0.0,0.2275,0.17292,0.22042,0.22814,0.23567
NDMCLight_Individual:29,0.00185,0.00288,0.00164,0.00272,0.0,0.00129,0.00243,0.00368,0.00248,0.00992,0.00284,0.00121,0.00655
NDMCLight_Individual:26,0.01676,0.0,0.0,0.00662,0.01235,0.01389,0.0,0.0,0.0,0.0,0.0,0.01064,0.0
NDMCLight_Individual:6;,0.0,0.0087,0.00212,0.00181,0.00215,0.00158,0.002,0.00163,0.00147,0.00149,0.00129,0.00146,0.00261
NDMCLight_Individual:24,0.00754,0.01194,0.00515,0.00448,0.01115,0.00285,0.00272,0.0,0.00599,0.00926,0.0,0.0,0.00256
NDMCLight_Individual:25,0.10127,0.01183,0.00272,0.0,0.00216,0.00957,0.0,0.03061,0.0101,0.01081,0.01042,0.0,0.02521
NDMCLight_Individual:22,0.0,0.0,0.0,0.0,0.0,0.02564,0.02222,0.0,0.0,0.0,0.04,0.01923,0.01031
NDMCLight_Individual:23,0.01091,0.00942,0.00289,0.00632,0.0,0.0,0.00187,0.00207,0.00364,0.0,0.0,0.00252,0.01429
NDMCLight_Individual:20,0.00391,0.0,0.27433,0.01266,0.0,0.2,0.0,0.01948,0.11111,0.6,0.00602,0.02532,0.0
NDMCLight_Individual:21,0.00312,0.00128,0.00548,0.00455,0.0043,0.00308,0.01124,0.00171,0.01226,0.00182,0.00157,0.00437,0.00446
NDMCLight_Individual:34,0.0,0.01205,0.05882,0.01449,0.01351,0.03797,0.05682,0.0297,0.02083,0.01429,0.02703,0.0,0.02941
NDMCLight_Individual:38,0.00915,0.0,0.00433,0.0,0.0,0.0,0.0,0.0,0.0,0.0,0.00197,0.0,0.00169
NDMCLight_Individual:35,0.00429,0.00314,0.0,0.01266,0.0,0.0,0.00417,0.00274,0.0,0.0,0.00452,0.00522,0.0023
NDMCLight_Individual:27,0.00403,0.0,0.0,0.0,0.0,0.0,0.0,0.0051,0.00442,0.0,0.01087,0.0,0.00546
NDMCLight_Individual:11,0.01014,0.00538,0.01316,0.0,0.00543,0.01351,0.00575,0.0,0.01471,0.00897,0.01304,0.00437,0.00485
NDMCLight_Individual:37,0.06803,0.01149,0.01751,0.00298,0.00872,0.00156,0.0,0.0,0.01124,0.00676,0.0,0.00532,0.01205
NDMCLight_Individual:36,0.0,0.0087,0.016,0.0,0.0,0.0,0.0,0.0,0.0,0.01818,0.0,0,0.02439
NDMCLight_Individual:5;,0.0,0.0,0.0,0.0,0.0033,0.00563,0.00218,0.0,0.0,0.00346,0.0,0.0,0.00356
NDMCLight_Individual:9;,0.0,0.00181,0.00163,0.0,0.0,0.00161,0.0,0.0,0.0,0.0,0.0021,0.00201,0.0
NDMCLight_Individual:31,0.12346,0.0,0.0,0.0,0.0,0.0,0.0,0.0,0.00415,0.01145,0.00592,0.00909,0.01075
NDMCLight_Individual:30,0.00214,0.00512,0.0,0.00533,0.0,0.00302,0.0,0.0,0.0,0.00529,0.00719,0.00917,0.00633
NDMCLight_Individual:1;,0.01563,0.01017,0.00442,0.01839,0.03841,0.02491,0.01887,0.01949,0.01375,0.01032,0.0141,0.01495,0.00572
NDMCLight_Individual:19,0.06452,0.0,0.0,0.0,0.01739,0.0,0.0,0.0,0.0,0.00375,0.00442,0.0,0.0
NDMCLight_Individual:18,0.0,0.0,0.00267,0.00858,0.00719,0.0034,0.00433,0.0,0.00714,0.0,0.00855,0.0,0.0
NDMCLight_Individual:39,0.00943,0.01587,0.04348,0.0137,0.0,0.01724,0.0,0.00699,0.01299,0.01563,0.0,0.01961,0.0
NDMCLight_Individual:33,0.03125,0.0,0.01333,0.0,0.0,0.0,0.02128,0.0,0.0,0.0,0.00513,0.00645,0.01124
NDMCLight_Individual:3;,0.0,0.00897,0.0,0.00372,0.00714,0.00426,0.0,0.0,0.0,0.0,0.00309,0.0,0.0
NDMCLight_Individual:32,0.0,0.0,0.0,0.0,0.00317,0.0122,0.0,0.0,0.0,0.0,0.0,0.0,0.00704
NDMCLight_Individual:13,0.01226,0.03349,0.0195,0.01111,0.00648,0.0092,0.00181,0.01018,0.00178,0.00371,0.01305,0.012,0.00641
NDMCLight_Individual:12,0,0.0,0,0.00781,0.01345,0.01031,0.01075,0.01504,0.01709,0.01075,0.01961,0.01399,0.016
NDMCLight_Individual:7;,0.01212,0.0093,0.00275,0.0,0.00855,0.0,0.0068,0.0,0.0,0.0,0.0,0.00326,0.0
NDMCLight_Individual:10,0.00624,0.0,0.0,0.01639,0.0,0.00346,0.0,0.0,0.00637,0.0,0.00368,0.0,0.0
NDMCLight_Individual:17,0.00361,0.00455,0.00376,0.00459,0.01073,0.00957,0.0,0.00742,0.00156,0.00555,0.00377,0.00987,0.00329
NDMCLight_Individual:16,0.003,0.01794,0.01418,0.0,0.01124,0.01747,0.0,0.00369,0.0,0.00319,0.00847,0.00415,0.0093
NDMCLight_Individual:15,0.0,0.00341,0.00244,0.00261,0.00493,0.00574,0.00531,0.00794,0.00513,0.00128,0.00271,0.00621,0.00181
NDMCLight_Individual:14,0.0,0.0,0.0,0.0,0.0,0.0,0.0,0.0,0.01142,0.0,0.00407,0.0,0.00318
