OSU6162Light_Individual:8;,1334,1357,1205,1129,1186,1074,995,1189,1172,672,1256,1112,969
OSU6162Light_Individual:48,1266,892,1020,1413,959,941,888,712,761,545,948,1197,789
OSU6162Light_Individual:4;,1239,525,453,297,351,294,322,277,317,303,355,298,369
OSU6162Light_Individual:40,1725,1546,1773,1364,1060,1354,657,950,833,628,757,565,728
OSU6162Light_Individual:41,1224,1094,860,808,732,540,722,521,431,483,547,594,789
OSU6162Light_Individual:42,1167,1278,712,350,620,200,325,494,420,181,187,267,294
OSU6162Light_Individual:43,761,813,701,580,102,45,92,88,115,81,100,110,112
OSU6162Light_Individual:44,543,60,0,22,177,146,91,146,204,200,147,118,129
OSU6162Light_Individual:45,1358,1158,1116,804,645,770,517,644,753,1500,804,1068,1183
OSU6162Light_Individual:46,532,302,292,263,228,318,183,258,159,120,153,91,187
OSU6162Light_Individual:47,1015,1125,464,20,36,216,287,299,208,301,233,250,295
OSU6162Light_Individual:2;,540,136,416,589,627,548,569,553,510,256,938,545,449
OSU6162Light_Individual:28,1593,1313,1402,1467,1342,1170,1012,1028,1168,1162,1353,1047,527
OSU6162Light_Individual:29,528,249,356,285,393,169,416,422,145,58,33,56,158
OSU6162Light_Individual:26,80,110,252,174,176,331,104,78,174,147,31,52,37
OSU6162Light_Individual:6;,1179,1278,1383,1132,1045,437,190,453,942,873,823,962,594
OSU6162Light_Individual:24,1030,810,619,364,277,244,277,220,291,179,184,255,216
OSU6162Light_Individual:25,1094,1093,944,820,1130,884,756,734,793,865,911,912,807
OSU6162Light_Individual:22,1478,1518,1395,1239,1070,1179,739,1217,843,409,431,220,214
OSU6162Light_Individual:23,1399,1232,1163,1047,746,916,793,873,695,424,454,490,479
OSU6162Light_Individual:20,628,354,517,415,432,364,134,228,226,394,350,351,273
OSU6162Light_Individual:21,529,222,276,256,449,345,335,439,348,493,640,540,525
OSU6162Light_Individual:34,1151,1305,1172,404,310,322,276,255,274,296,297,205,287
OSU6162Light_Individual:38,1242,1236,1212,1294,1165,253,212,265,228,171,237,248,194
OSU6162Light_Individual:35,1075,1059,623,387,22,143,451,455,370,373,359,388,308
OSU6162Light_Individual:27,1191,1396,1073,1456,952,1027,941,1017,874,827,1016,886,309
OSU6162Light_Individual:11,1062,1218,1275,655,943,694,378,437,857,1319,743,405,1376
OSU6162Light_Individual:37,1515,1748,1601,1592,1628,1410,1607,1647,1654,1428,1536,1316,1170
OSU6162Light_Individual:36,648,540,460,480,448,618,398,641,704,516,711,541,501
OSU6162Light_Individual:5;,979,1018,927,864,949,948,720,573,419,260,261,332,334
OSU6162Light_Individual:9;,1151,1423,1395,1345,579,576,625,854,739,771,749,753,716
OSU6162Light_Individual:31,609,484,166,113,107,51,29,120,7,146,180,253,105
OSU6162Light_Individual:30,530,585,690,777,684,719,636,625,743,645,710,459,259
OSU6162Light_Individual:1;,1708,1466,1536,1441,1781,1334,1207,742,1223,1380,931,666,592
OSU6162Light_Individual:19,784,646,716,463,589,414,365,406,283,212,259,247,188
OSU6162Light_Individual:18,1378,391,135,315,677,560,574,452,421,411,455,275,235
OSU6162Light_Individual:39,1341,942,201,323,341,391,1310,1108,586,38,152,347,208
OSU6162Light_Individual:33,0,0,0,1899,1942,1987,2011,1935,745,1903,2007,1951,1929
OSU6162Light_Individual:3;,259,217,293,299,307,317,342,373,351,342,377,324,391
OSU6162Light_Individual:32,942,967,893,103,205,31,116,83,71,0,164,775,17
OSU6162Light_Individual:13,1614,1252,1485,1470,1062,540,342,569,647,1056,483,448,805
OSU6162Light_Individual:12,1342,1171,404,156,164,102,126,138,7,66,93,96,89
OSU6162Light_Individual:7;,962,1205,1008,973,856,280,367,232,135,124,460,203,103
OSU6162Light_Individual:10,625,680,1024,859,888,1021,905,942,851,846,769,668,652
OSU6162Light_Individual:17,1068,899,864,620,744,622,276,341,316,239,299,221,96
OSU6162Light_Individual:16,968,764,163,29,179,269,366,270,226,182,457,318,398
OSU6162Light_Individual:15,188,189,128,158,153,161,197,180,231,244,230,210,209
OSU6162Light_Individual:14,707,628,645,300,168,217,173,452,372,223,203,229,124
