OSU6162Light_Individual:8;,0.44501,0.46077,0.47511,0.57824,0.56662,0.50796,0.54152,0.57676,0.5183,0.52591,0.54336,0.54028,0.54514
OSU6162Light_Individual:48,0.45884,0.48419,0.5068,0.49629,0.42755,0.4797,0.5301,0.57855,0.55606,0.55591,0.57597,0.5543,0.53712
OSU6162Light_Individual:4;,0.53515,0.41414,0.54406,0.57669,0.5102,0.51807,0.63736,0.55128,0.54348,0.60234,0.62439,0.62573,0.63014
OSU6162Light_Individual:40,0.52446,0.54289,0.55452,0.54293,0.5264,0.5586,0.50529,0.69821,0.69428,0.75457,0.68519,0.70062,0.74353
OSU6162Light_Individual:41,0.38528,0.47812,0.62372,0.6732,0.64115,0.57413,0.45946,0.54455,0.59684,0.6129,0.54313,0.5727,0.63436
OSU6162Light_Individual:42,0.58939,0.47639,0.5,0.68,0.59538,0.66972,0.65405,0.67944,0.66809,0.62,0.72,0.66225,0.62424
OSU6162Light_Individual:43,0.41412,0.32909,0.35663,0.48837,0.57627,0.65217,0.78571,0.82692,0.83333,0.77083,0.78333,0.94203,0.80556
OSU6162Light_Individual:44,0.38535,0.75758,0,0.16667,0.68932,0.68132,0.34694,0.71111,0.49153,0.47059,0.53571,0.5,0.32394
OSU6162Light_Individual:45,0.43484,0.46726,0.57459,0.63825,0.56693,0.51345,0.56711,0.57766,0.58645,0.55172,0.53361,0.6951,0.67294
OSU6162Light_Individual:46,0.41748,0.51744,0.62428,0.54839,0.51111,0.65263,0.55046,0.71233,0.73118,0.60563,0.67045,0.49057,0.72642
OSU6162Light_Individual:47,0.59932,0.5,0.46715,0.75,0.6,0.64844,0.58282,0.75843,0.60484,0.89888,0.81752,0.86713,0.77907
OSU6162Light_Individual:2;,0.47756,0.32,0.61905,0.64095,0.63056,0.60127,0.57273,0.59385,0.54608,0.64238,0.46481,0.53398,0.56972
OSU6162Light_Individual:28,0.45197,0.41724,0.50441,0.51273,0.49144,0.50375,0.45936,0.49228,0.53743,0.53425,0.57471,0.56053,0.52117
OSU6162Light_Individual:29,0.59136,0.58865,0.47291,0.47799,0.48826,0.71429,0.5,0.57447,0.54878,0.8,0.61111,0.77419,0.56044
OSU6162Light_Individual:26,0.44681,0.66197,0.6755,0.53922,0.62136,0.53646,0.72308,0.48837,0.66667,0.60494,0.66667,0.75758,0.54545
OSU6162Light_Individual:6;,0.50498,0.4336,0.4727,0.37736,0.40238,0.39113,0.33636,0.39847,0.45656,0.44821,0.37939,0.5027,0.44606
OSU6162Light_Individual:24,0.46141,0.47495,0.52747,0.63761,0.6478,0.56164,0.61963,0.62698,0.64912,0.64356,0.70476,0.74675,0.66667
OSU6162Light_Individual:25,0.51643,0.46984,0.49548,0.34989,0.50076,0.51186,0.49074,0.43914,0.40899,0.4274,0.43385,0.46923,0.43584
OSU6162Light_Individual:22,0.44052,0.42841,0.47081,0.50563,0.49016,0.49702,0.47733,0.50072,0.44513,0.53478,0.65966,0.54331,0.57724
OSU6162Light_Individual:23,0.38918,0.43068,0.45156,0.47332,0.42439,0.4493,0.45538,0.43033,0.37401,0.43777,0.36179,0.44487,0.4943
OSU6162Light_Individual:20,0.54396,0.60784,0.78405,0.775,0.83465,0.83412,0.5679,0.66667,0.69173,0.81897,0.68116,0.72539,0.69872
OSU6162Light_Individual:21,0.45695,0.54472,0.7451,0.73649,0.69412,0.77114,0.67021,0.75,0.77273,0.77817,0.80488,0.8127,0.7377
OSU6162Light_Individual:34,0.45719,0.43989,0.6261,0.56962,0.60326,0.715,0.68182,0.61842,0.66082,0.73214,0.68889,0.66957,0.73563
OSU6162Light_Individual:38,0.50498,0.47893,0.50144,0.47263,0.4403,0.60976,0.61719,0.70625,0.57554,0.65,0.48529,0.71111,0.68421
OSU6162Light_Individual:35,0.46353,0.48748,0.43626,0.56481,0.41667,0.59756,0.64875,0.62278,0.6186,0.65741,0.56542,0.61712,0.56354
OSU6162Light_Individual:27,0.40826,0.3971,0.42593,0.47722,0.4729,0.52852,0.49338,0.46853,0.46138,0.46154,0.44991,0.43699,0.50549
OSU6162Light_Individual:11,0.50502,0.45148,0.42013,0.41645,0.39925,0.3643,0.40455,0.51301,0.48669,0.4404,0.36682,0.46444,0.40829
OSU6162Light_Individual:37,0.47787,0.50196,0.45928,0.45736,0.51199,0.52619,0.50159,0.49948,0.55399,0.51962,0.53923,0.53385,0.54599
OSU6162Light_Individual:36,0.75122,0.70206,0.78451,0.76316,0.787,0.75275,0.72845,0.62865,0.64183,0.50168,0.47573,0.45875,0.46392
OSU6162Light_Individual:5;,0.44942,0.48367,0.53169,0.49035,0.48635,0.48448,0.51584,0.6217,0.55285,0.61392,0.59091,0.7641,0.65306
OSU6162Light_Individual:9;,0.44961,0.5024,0.46429,0.5761,0.52,0.50725,0.53369,0.58801,0.56561,0.56959,0.5672,0.5573,0.54893
OSU6162Light_Individual:31,0.6513,0.64138,0.52041,0.69737,0.77612,0.7931,0.75,0.62121,1.0,0.78313,0.80198,0.89726,0.69492
OSU6162Light_Individual:30,0.48485,0.43333,0.38462,0.37701,0.44444,0.42424,0.5,0.41739,0.42788,0.43611,0.42821,0.39113,0.46259
OSU6162Light_Individual:1;,0.43465,0.47108,0.56489,0.53194,0.47805,0.41469,0.41944,0.50542,0.48615,0.55817,0.5239,0.57178,0.41765
OSU6162Light_Individual:19,0.48941,0.39628,0.44084,0.49466,0.58726,0.51807,0.58962,0.49378,0.60588,0.536,0.49342,0.62857,0.49057
OSU6162Light_Individual:18,0.41944,0.47679,0.54878,0.51381,0.65185,0.58879,0.59821,0.65441,0.60729,0.63855,0.60145,0.56886,0.43939
OSU6162Light_Individual:39,0.4691,0.42832,0.45299,0.58549,0.57868,0.59307,0.43857,0.4464,0.5467,0.63636,0.4881,0.58824,0.57983
OSU6162Light_Individual:33,0,0,0,0.04426,0.04634,0.04834,0.04577,0.05067,0.565,0.05994,0.05284,0.05026,0.04979
OSU6162Light_Individual:3;,0.40397,0.42969,0.57222,0.49425,0.58065,0.53886,0.58252,0.62385,0.58852,0.61353,0.61364,0.59893,0.67811
OSU6162Light_Individual:32,0.43327,0.55277,1.0,0.5082,0.45833,0.76471,0.5,0.56863,0.475,0,0.50526,0.45727,0.25
OSU6162Light_Individual:13,0.42446,0.4153,0.46056,0.52052,0.53333,0.59561,0.57711,0.62195,0.48387,0.46774,0.58478,0.59108,0.53319
OSU6162Light_Individual:12,0.48638,0.39783,0.32127,0.30769,0.37,0.31579,0.46753,0.44706,1.0,0.68293,0.38889,0.34545,0.23913
OSU6162Light_Individual:7;,0.43705,0.42816,0.46906,0.46207,0.42366,0.61446,0.58605,0.48872,0.4,0.48611,0.42803,0.38793,0.36842
OSU6162Light_Individual:10,0.44706,0.57623,0.66031,0.59959,0.61245,0.63841,0.6063,0.66102,0.64033,0.66183,0.65909,0.66327,0.65181
OSU6162Light_Individual:17,0.60297,0.65815,0.62994,0.64451,0.67542,0.57849,0.68831,0.75635,0.67614,0.76761,0.77528,0.6875,0.73077
OSU6162Light_Individual:16,0.38007,0.44601,0.49,0.41176,0.49038,0.48387,0.48815,0.6125,0.5748,0.54717,0.54789,0.53804,0.56444
OSU6162Light_Individual:15,0.5566,0.70536,0.62162,0.76042,0.64368,0.69663,0.70175,0.56436,0.68116,0.76712,0.74809,0.70833,0.74194
OSU6162Light_Individual:14,0.42,0.41429,0.38504,0.4497,0.50505,0.49587,0.53846,0.45283,0.48598,0.54615,0.64655,0.56618,0.47222
