OSU6162Light_Individual:8;,0.19343,0.15318,0.11807,0.11923,0.12903,0.17357,0.16782,0.12339,0.12884,0.14249,0.13957,0.17536,0.14583
OSU6162Light_Individual:48,0.1498,0.11265,0.12075,0.12624,0.15564,0.12177,0.09126,0.10474,0.13959,0.11502,0.11661,0.14669,0.12882
OSU6162Light_Individual:4;,0.05022,0.14478,0.10728,0.17791,0.14796,0.18675,0.15934,0.11538,0.18478,0.15789,0.12683,0.12865,0.13242
OSU6162Light_Individual:40,0.1135,0.09446,0.05778,0.08102,0.1056,0.05985,0.14286,0.05893,0.05128,0.05222,0.05787,0.05556,0.03765
OSU6162Light_Individual:41,0.17605,0.15073,0.09202,0.07843,0.09569,0.11672,0.18182,0.09901,0.09486,0.14337,0.17252,0.13353,0.10793
OSU6162Light_Individual:42,0.06515,0.12732,0.14433,0.07,0.06936,0.09174,0.06486,0.06272,0.06383,0.1,0.06,0.08609,0.06061
OSU6162Light_Individual:43,0.20941,0.22505,0.27711,0.18605,0.13559,0.13043,0.08929,0.03846,0.04167,0.0625,0.06667,0.02899,0.06944
OSU6162Light_Individual:44,0.25478,0.09091,0,0.33333,0.16505,0.0989,0.02041,0.1,0.14407,0.21849,0.17857,0.14706,0.25352
OSU6162Light_Individual:45,0.13886,0.14286,0.08419,0.12474,0.14698,0.17265,0.16779,0.13351,0.13785,0.07543,0.11765,0.09005,0.09986
OSU6162Light_Individual:46,0.12945,0.16279,0.12139,0.09032,0.24444,0.08421,0.17431,0.05479,0.10753,0.09859,0.13636,0.0566,0.06604
OSU6162Light_Individual:47,0.05433,0.06402,0.10219,0.0,0.15,0.09375,0.11043,0.0618,0.05645,0.02247,0.0219,0.0,0.06395
OSU6162Light_Individual:2;,0.13782,0.22667,0.1039,0.06528,0.11944,0.16456,0.08788,0.08615,0.11604,0.11258,0.12778,0.13592,0.13546
OSU6162Light_Individual:28,0.17031,0.17237,0.11223,0.12,0.12121,0.11844,0.11837,0.13894,0.09132,0.08676,0.09579,0.11111,0.13029
OSU6162Light_Individual:29,0.07973,0.04965,0.16749,0.09434,0.12207,0.11224,0.1,0.08936,0.08537,0.08571,0.22222,0.06452,0.14286
OSU6162Light_Individual:26,0.17021,0.11268,0.04636,0.16667,0.09709,0.17188,0.07692,0.16279,0.12121,0.09877,0.0,0.06061,0.0
OSU6162Light_Individual:6;,0.09957,0.16938,0.1402,0.22642,0.19015,0.2621,0.22727,0.25287,0.18115,0.19721,0.24123,0.18198,0.22449
OSU6162Light_Individual:24,0.14923,0.17647,0.1456,0.16514,0.13208,0.21233,0.12883,0.18254,0.11696,0.16832,0.06667,0.08442,0.14286
OSU6162Light_Individual:25,0.15649,0.13333,0.14286,0.20518,0.1583,0.13241,0.11574,0.14797,0.16854,0.1411,0.17121,0.18654,0.17035
OSU6162Light_Individual:22,0.13781,0.12702,0.08883,0.12817,0.12131,0.11905,0.15036,0.16595,0.15735,0.16957,0.09664,0.14961,0.12195
OSU6162Light_Individual:23,0.20103,0.14897,0.12812,0.09639,0.12927,0.14513,0.13501,0.14344,0.15385,0.16738,0.2439,0.1597,0.1673
OSU6162Light_Individual:20,0.14286,0.11275,0.05316,0.025,0.04724,0.04739,0.03704,0.0922,0.06767,0.04741,0.10145,0.05699,0.08974
OSU6162Light_Individual:21,0.15563,0.12195,0.05882,0.04054,0.05882,0.03483,0.10638,0.06349,0.07576,0.06338,0.05962,0.05079,0.07213
OSU6162Light_Individual:34,0.16514,0.17896,0.08358,0.12236,0.13587,0.08,0.0625,0.07895,0.09357,0.08333,0.11667,0.04348,0.08046
OSU6162Light_Individual:38,0.08535,0.08848,0.06772,0.11081,0.09851,0.09756,0.13281,0.05625,0.14388,0.1,0.15441,0.1037,0.10526
OSU6162Light_Individual:35,0.14587,0.16361,0.16714,0.10648,0.0,0.10976,0.09319,0.09964,0.09302,0.09722,0.15888,0.08108,0.0884
OSU6162Light_Individual:27,0.16972,0.17546,0.12458,0.15588,0.13271,0.08725,0.09074,0.09615,0.08977,0.08761,0.11599,0.1565,0.14835
OSU6162Light_Individual:11,0.10535,0.12518,0.08859,0.15119,0.14552,0.12714,0.14091,0.15613,0.14259,0.12923,0.13785,0.16736,0.13065
OSU6162Light_Individual:37,0.12486,0.12574,0.14658,0.15282,0.13034,0.11449,0.13786,0.11765,0.11403,0.1629,0.16796,0.17839,0.1562
OSU6162Light_Individual:36,0.02927,0.07965,0.0303,0.04276,0.08303,0.06868,0.07759,0.11406,0.09856,0.12121,0.12621,0.13531,0.1512
OSU6162Light_Individual:5;,0.16915,0.20218,0.15493,0.14672,0.14846,0.18448,0.17195,0.1261,0.13821,0.14557,0.14286,0.06154,0.07653
OSU6162Light_Individual:9;,0.16124,0.07074,0.04803,0.05535,0.1,0.10725,0.14286,0.14313,0.16063,0.17559,0.18223,0.15056,0.18138
OSU6162Light_Individual:31,0.0951,0.11034,0.09184,0.07895,0.0597,0.0,0.0625,0.12121,0.0,0.09639,0.0495,0.02055,0.08475
OSU6162Light_Individual:30,0.12458,0.13939,0.15915,0.17931,0.13757,0.14141,0.08939,0.11594,0.13221,0.16389,0.13333,0.11694,0.20408
OSU6162Light_Individual:1;,0.154,0.16506,0.12868,0.12079,0.09065,0.25654,0.18194,0.18004,0.14404,0.11386,0.15074,0.17032,0.25882
OSU6162Light_Individual:19,0.15254,0.18085,0.13225,0.10676,0.12188,0.1004,0.11321,0.09959,0.15294,0.168,0.21053,0.12857,0.16981
OSU6162Light_Individual:18,0.211,0.16456,0.21951,0.1768,0.13086,0.12773,0.1131,0.13971,0.11741,0.13253,0.11594,0.18563,0.22727
OSU6162Light_Individual:39,0.14502,0.17876,0.1453,0.09845,0.14721,0.1342,0.16093,0.16593,0.13187,0.04545,0.20238,0.12255,0.08403
OSU6162Light_Individual:33,0,0,0,0.08851,0.08239,0.07553,0.09552,0.07963,0.03,0.0673,0.09472,0.10462,0.09647
OSU6162Light_Individual:3;,0.12583,0.1875,0.08333,0.13218,0.12903,0.1399,0.13592,0.12844,0.16746,0.13043,0.10455,0.13904,0.11588
OSU6162Light_Individual:32,0.25411,0.20572,0.0,0.13115,0.30833,0.0,0.17188,0.09804,0.2,0,0.21053,0.21016,0.125
OSU6162Light_Individual:13,0.13772,0.12295,0.12993,0.11372,0.12698,0.10658,0.09453,0.09451,0.15054,0.1629,0.11765,0.07435,0.14561
OSU6162Light_Individual:12,0.13619,0.14551,0.17195,0.14286,0.1,0.19298,0.11688,0.15294,0.0,0.04878,0.12963,0.18182,0.23913
OSU6162Light_Individual:7;,0.16367,0.1611,0.16775,0.18276,0.19656,0.14458,0.15349,0.18045,0.09333,0.125,0.21591,0.18966,0.17544
OSU6162Light_Individual:10,0.17353,0.15762,0.11265,0.11826,0.11446,0.10208,0.12598,0.09793,0.08316,0.08921,0.13182,0.07653,0.09471
OSU6162Light_Individual:17,0.08072,0.09037,0.06237,0.09538,0.10501,0.12209,0.0974,0.04569,0.10795,0.05634,0.06742,0.0625,0.03846
OSU6162Light_Individual:16,0.16236,0.15258,0.18,0.29412,0.13462,0.1871,0.18483,0.13125,0.14961,0.14151,0.14559,0.13587,0.2
OSU6162Light_Individual:15,0.04717,0.00893,0.08108,0.02083,0.10345,0.04494,0.08772,0.06931,0.05072,0.0274,0.0687,0.04167,0.06452
OSU6162Light_Individual:14,0.21,0.22286,0.26316,0.23077,0.21212,0.18182,0.15385,0.23774,0.24299,0.10769,0.08621,0.16176,0.09722
