PCAP2Light_Individual:8;,0.0,0.00251,0.00244,0.0,0.0044,0.0,0.00627,0.01111,0.0,0.00216,0.00218,0.0,0.01374
PCAP2Light_Individual:48,0.06667,0.03571,0.03263,0.01882,0.0,0.02778,0.01075,0.02655,0.01432,0.02439,0.00685,0.00342,0.01418
PCAP2Light_Individual:4;,0.00514,0.0,0.0098,0.0,0.0,0,0.0,0.0,0.00957,0.03571,0.0,0.0,0.0
PCAP2Light_Individual:40,0.00831,0.00591,0.01139,0.01705,0.00768,0.00756,0.00469,0.00167,0.00187,0.00965,0.0041,0.00495,0.00459
PCAP2Light_Individual:41,0.00915,0.0064,0.0,0.0,0.0,0.0,0.0029,0.00602,0.00376,0.00405,0.00714,0.0,0.01465
PCAP2Light_Individual:42,0.015,0.04762,0.02326,0.01569,0.008,0.01587,0.0,0.00709,0.0,0.03053,0.00633,0.02365,0.02538
PCAP2Light_Individual:43,0.02529,0.01639,0.01449,0.37626,0.0303,0.15385,0.00274,0.04348,0.02941,0.0303,0.00488,0.0,0.00935
PCAP2Light_Individual:44,0.01275,0.00913,0.0,0.0,0.0,0.0,0.01163,0.0,0.0,0.0,0.0,0.0,0.03636
PCAP2Light_Individual:45,0.02703,0.00248,0.0,0.02381,0.00847,0.00284,0.00206,0.00252,0.00546,0.01681,0.01099,0.02985,0.0202
PCAP2Light_Individual:46,0.00368,0.0226,0.0,0.0,0.01274,0.0,0.0,0.02667,0.0,0.0,0.0,0.0,0.00943
PCAP2Light_Individual:47,0.02177,0.01366,0.01075,0.01267,0.00283,0.0,0.02326,0.02027,0.00775,0.0,0.0,0.01667,0.00521
PCAP2Light_Individual:2;,0.02041,0.01777,0.02532,0.03302,0.5,0,0.33553,0.36025,0.35729,0.33939,0.3442,0.20588,0
PCAP2Light_Individual:28,0.00399,0.01196,0.02,0.02649,0.0,0.05172,0.05102,0.0069,0.0,0.0,0.0,0.00855,0.02994
PCAP2Light_Individual:29,0.00427,0.00782,0.01205,0.0,0.01266,0.0,0.0,0.0,0.0,0.0,0.0,0.0,0.0101
PCAP2Light_Individual:26,0.03743,0.01654,0.02381,0.0,0.02265,0.0,0.01231,0.03256,0.02747,0.01262,0.04511,0.04636,0.05882
PCAP2Light_Individual:6;,0.00288,0.01493,0.0,0.0087,0.0,0.0,0.02174,0.0,0.0,0.0,0.0,0.02703,0.01316
PCAP2Light_Individual:24,0.0375,0.14286,0.0,0.0,0.02247,0.03125,0.0,0.03571,0.0,0.02564,0.01852,0.0,0.01299
PCAP2Light_Individual:25,0.02722,0.03632,0.02632,0.0,0.0,0.37145,0.37968,0.0,0,0.0,0.0,0.04545,0.00943
PCAP2Light_Individual:22,0.5,0,0.40469,0.28883,0.35835,0.3669,0.38795,0.43394,0.44133,0.39033,0.41165,0.35922,0.39731
PCAP2Light_Individual:23,0.01373,0.01029,0.01399,0.01087,0.0,0.0,0.06604,0.01099,0.37953,0.36076,0.016,0.00613,0.0101
PCAP2Light_Individual:20,0.01316,0.09091,0.01667,0.04,0.05556,0.0,0.02326,0.01124,0.0,0.02778,0.06977,0.0,0.0
PCAP2Light_Individual:21,0.02414,0.0,0.0087,0.0,0.0,0.0,0.0,0.0,0.0125,0.0,0.0,0.0,0.0
PCAP2Light_Individual:34,0.04074,0.00868,0.01576,0.00949,0.01037,0.01113,0.00828,0.01052,0.00329,0.00315,0.00406,0.00534,0.00125
PCAP2Light_Individual:38,0.03908,0.02194,0.01013,0.00557,0.00525,0.00593,0.00137,0.0015,0.00131,0.00267,0.00197,0.00196,0.00526
PCAP2Light_Individual:35,0.00885,0.0,0.0,0.0,0.0,0.0,0.0,0.0,0.0,0.00926,0.0,0.02256,0.00719
PCAP2Light_Individual:27,0.02143,0.01906,0.01351,0,0.16206,0.03101,0.01961,0.0,0.0625,0.0,0.0,0.0,0.01124
PCAP2Light_Individual:11,0.02128,0.39959,0.0,0,0.38281,0.11111,0,0.38961,0,0.42462,0.40613,0.36743,0.0
PCAP2Light_Individual:37,0.0,0.0,0.0,0.0,0.0,0.0,0.0,0.0,0.0,0.0,0.0,0.0,0.00837
PCAP2Light_Individual:36,0.01212,0.0,0.00562,0.00741,0.00315,0.0,0.0,0.0,0.0,0.0,0.0,0.0,0.00567
PCAP2Light_Individual:5;,0.06218,0.0428,0.03567,0.03793,0.06667,0.0625,0.01333,0.02564,0.06803,0.12121,0.04598,0.0625,0.08065
PCAP2Light_Individual:9;,0.0068,0.01338,0.0,0.0,0.0,0.0033,0.0,0.0,0.00601,0.00336,0.0,0.0087,0.00366
PCAP2Light_Individual:31,0.00649,0.00361,0.00578,0.00769,0.00243,0.0,0.0,0.00737,0.00822,0.00304,0.00746,0.01261,0.00797
PCAP2Light_Individual:30,0.01168,0.01456,0.00741,0.01695,0.00971,0.01471,0.0093,0.03571,0.0,0.02985,0.02273,0.00847,0.00826
PCAP2Light_Individual:1;,0.04197,0.0391,0.04889,0.0303,0.0098,0.00535,0.0,0.0,0.0,0.0,0.0,0.0,0.00909
PCAP2Light_Individual:19,0.01449,0.02632,0.01215,0.01333,0.02304,0.01149,0.00794,0.03333,0.01408,0.0,0.04348,0.0,0.0
PCAP2Light_Individual:18,0.02275,0.0065,0.00382,0.00311,0.01044,0.00699,0.0161,0.01602,0.0087,0.00321,0.01518,0.02273,0.02454
PCAP2Light_Individual:39,0.01176,0.01142,0.00518,0.00779,0.00616,0.00178,0.00254,0.00181,0.00287,0.00204,0.00288,0.00285,0.00207
PCAP2Light_Individual:33,0.00714,0.0051,0.0,0.0,0.0,0.0,0.0,0.0,0.01333,0.0,0.0,0.01563,0.0241
PCAP2Light_Individual:3;,0.01625,0.01474,0.00794,0.02844,0.01351,0.00833,0.0,0.0,0.0,0.0,0.02062,0.01923,0.0
PCAP2Light_Individual:32,0.0,0.0,0.0,0.0,0.0,0.0,0.0,0.0,0.01754,0.01587,0.0,0.02985,0.02083
PCAP2Light_Individual:13,0.0,0.00964,0.00813,0.00995,0.0,0.0,0.01613,0.01031,0.00743,0.00986,0.00452,0.00526,0.00275
PCAP2Light_Individual:12,0.01477,0.02734,0.03704,0.0051,0.00714,0.00312,0.01534,0.0,0.01829,0.00676,0.00303,0.01003,0.01345
PCAP2Light_Individual:7;,0.03584,0.01481,0.01722,0.01456,0.00952,0.00994,0.01241,0.02188,0.01745,0.01858,0.01376,0.00688,0.01021
PCAP2Light_Individual:10,0.02759,0.01702,0.00472,0.00341,0.00628,0.00216,0.0023,0.00341,0.0033,0.00421,0.00241,0.00263,0.0011
PCAP2Light_Individual:17,0.00862,0.0,0.00649,0.00637,0.01205,0.01075,0.0,0.00752,0.00685,0.0,0.0,0.0,0.0
PCAP2Light_Individual:16,0.0027,0.00704,0.00402,0.00368,0.00352,0.00184,0.00718,0.0,0.00248,0.00283,0.0,0.0,0.0
PCAP2Light_Individual:15,0.03257,0.03183,0.03231,0.0227,0.01299,0.03103,0.02813,0.01834,0.00912,0.016,0.01661,0.02297,0.02467
PCAP2Light_Individual:14,0.0082,0.0,0.02439,0.02941,0.0,0.0,0.0,0.07692,0,0.03529,0.0,0.0,0.025
