PCAP814Light_Individual:8;,0.00966,0.02203,0.0122,0.02632,0.03465,0.02264,0.02791,0.0292,0.01538,0.03226,0.02899,0.0,0.0099
PCAP814Light_Individual:48,0.00467,0.0053,0.01646,0.01442,0.04808,0.01736,0.03249,0.04286,0.05381,0.04545,0.02516,0.05714,0.0274
PCAP814Light_Individual:4;,0.0,0.0,0.0,0.0,0.0,0.0,0.0,0.0,0.0,0.0,0.0,0.0,0.0
PCAP814Light_Individual:40,0.00629,0.02143,0.02273,0.00952,0.01527,0.0087,0.00909,0.05357,0.02667,0.01869,0.00885,0.01227,0.0
PCAP814Light_Individual:41,0.0116,0.0,0.0,0.04348,0.25756,0.07692,0.0,0.0,0.0,0.0,0.0,0.0,0.0
PCAP814Light_Individual:42,0.03358,0.00463,0.00684,0.00145,0.00733,0.03493,0.10084,0.15385,0.10345,0.01852,0.01515,0.0,0.11111
PCAP814Light_Individual:43,0.01214,0.02344,0.01961,0.08257,0.0,0.0099,0.0198,0.02174,0.0,0.02193,0.04959,0.07317,0.03153
PCAP814Light_Individual:44,0.0118,0.00558,0.00659,0.00943,0.0,0.22365,0.19439,0.22325,0.22029,0.19531,0.12,0.05882,0.05814
PCAP814Light_Individual:45,0.02691,0.01096,0.01496,0.00662,0.02591,0.04673,0.07447,0.09091,0.03279,0.03097,0.03086,0.04641,0.07692
PCAP814Light_Individual:46,0.01905,0.02439,0.0,0.0,0.01316,0.00909,0.01531,0.07865,0.02381,0.0,0.01587,0.01923,0.10714
PCAP814Light_Individual:47,0.00639,0.00368,0.02715,0.03474,0.04545,0.03306,0.0614,0.05571,0.04563,0.02597,0.04717,0.05839,0.04403
PCAP814Light_Individual:2;,0.00404,0.00296,0.00724,0.00853,0.00234,0.00923,0.0055,0.00786,0.0018,0.00561,0.00592,0.00889,0.00185
PCAP814Light_Individual:28,0.0,0.04545,0.0,0.0,0.0,0.01449,0.03509,0.0303,0.06122,0.0,0.02,0.0,0.02857
PCAP814Light_Individual:29,0.0,0.01523,0.01382,0.00488,0.0,0.01042,0.01685,0.00426,0.00377,0.0,0.0,0.00656,0.01128
PCAP814Light_Individual:26,0.00105,0.00345,0.00661,0.0,0.00576,0.00706,0.00515,0.00407,0.00142,0.00133,0.0,0.0,0.00798
PCAP814Light_Individual:6;,0.00469,0.00488,0.00328,0.0,0.00489,0.00394,0.0,0.00207,0.0,0.00226,0.0,0.00202,0.00156
PCAP814Light_Individual:24,0.02488,0.032,0.02627,0.03151,0.08417,0.05808,0.09191,0.09506,0.07576,0.04255,0.08584,0.13765,0.10744
PCAP814Light_Individual:25,0.01636,0.01496,0.01692,0.0,0.0,0.0045,0.00482,0.00234,0.0,0.0031,0.0,0.00513,0.0069
PCAP814Light_Individual:22,0.04561,0.01827,0.01736,0.0,0.01156,0.02273,0.02778,0.04545,0.0,0.01005,0.0,0.03333,0.08257
PCAP814Light_Individual:23,0.05769,0.02721,0.02516,0.00641,0.06977,0.12605,0.09375,0.10938,0.06,0.02564,0.04054,0.08182,0.14773
PCAP814Light_Individual:20,0.01297,0.01791,0.01141,0.01449,0.02793,0.04225,0.06509,0.03468,0.05455,0.07358,0.05435,0.12787,0.12982
PCAP814Light_Individual:21,0.00141,0.00186,0.0,0.0,0.28571,0.03409,0.02548,0.0,0.00671,0.03933,0.05238,0.07059,0.08949
PCAP814Light_Individual:34,0.01184,0.00272,0.00345,0.00337,0.00407,0.0,0.00218,0.00249,0.00398,0.00149,0.00157,0.00155,0.00155
PCAP814Light_Individual:38,0.01252,0.00881,0.0072,0.0068,0.00438,0.00627,0.03175,0.11765,0.03947,0.0,0.03659,0.01053,0.01099
PCAP814Light_Individual:35,0.00701,0.0027,0.00128,0.00494,0.00325,0.00388,0.00635,0.0,0.00251,0.00215,0.0,0.00222,0.0
PCAP814Light_Individual:27,1.0,0,0,0.06818,0.08,0.0,0.0,0.0,0.22388,0.21451,0.21839,0.20981,0.0
PCAP814Light_Individual:11,0.01818,0.06667,0.11111,0.10526,0.09434,0.0625,0.07317,0.04651,0.04545,0.08696,0.03008,0.05195,0.0339
PCAP814Light_Individual:37,0.015,0.0,0.0102,0.0,0.0082,0.0,0.0,0.0,0.0,0.0,0.0,0.0,0.0
PCAP814Light_Individual:36,0.01068,0.00505,0.0,0.0155,0.0,0.03297,0.0117,0.01705,0.0,0.0082,0.00227,0.00466,0.002
PCAP814Light_Individual:5;,0.00935,0.0,0.00625,0.00743,0.0,0.24121,0.0,0.0,0.03846,0.01124,0.0,0.0,0.0
PCAP814Light_Individual:9;,0.01106,0.01167,0.00469,0.01173,0.00418,0.0,0.0,0.00343,0.00482,0.00155,0.00686,0.00157,0.00342
PCAP814Light_Individual:31,0.01155,0.0028,0.00172,0.0125,0.00598,0.06236,0.00916,0.00417,0.00334,0.0,0.0075,0.00638,0.00421
PCAP814Light_Individual:30,0.00465,0.00419,0.01905,0.00806,0.0,0.0,0.01212,0.0122,0.00645,0.00427,0.0,0.0,0.01038
PCAP814Light_Individual:1;,0.00778,0.00795,0.00115,0.0013,0.00311,0.00248,0.00457,0.00171,0.0,0.00563,0.00133,0.00344,0.0
PCAP814Light_Individual:19,0.00382,0.01029,0.01031,0.02564,0.0,0.0,0.01053,0.0,0.00493,0.0,0.0,0.00617,0.01648
PCAP814Light_Individual:18,0.03265,0.01505,0.01481,0.02326,0.01031,0.09091,0.02439,0.0,0.09524,0.0,0.08333,0.0,0.33333
PCAP814Light_Individual:39,0.01058,0.00535,0.00847,0.02186,0.01548,0.01247,0.01476,0.05556,0.0,0.0,0.0,0.0,0.0
PCAP814Light_Individual:33,0.02212,0.02769,0.03134,0.00463,0.00655,0.00771,0.00125,0.00128,0.0,0.0,0.00143,0.00137,0.0
PCAP814Light_Individual:3;,0.00379,0.00602,0.00136,0.0,0.00597,0.0,0.00328,0.00195,0.0043,0.0,0.00682,0.00309,0.00245
PCAP814Light_Individual:32,0.01023,0.00593,0.00766,0.0,0.00575,0.00758,0.0,0.0,0.0,0.0,0.00629,0.00962,0.0146
PCAP814Light_Individual:13,0.00274,0.00493,0.00456,0.0014,0.02304,0.05056,0.06897,0.0,0.0,0,0.04348,0.09091,0.0
PCAP814Light_Individual:12,0.03704,0.02854,0.00955,0.02778,0.01172,0.00699,0.00817,0.0,0.03279,0.0,0.00402,0.00836,0.01014
PCAP814Light_Individual:7;,0.00238,0.00487,0.00559,0.00731,0.01038,0.02162,0.01242,0.0,0.0,0.01282,0.01596,0.0,0.0018
PCAP814Light_Individual:10,0.00375,0.00307,0.00617,0.00842,0.0,0.00398,0.01053,0.0099,0.01084,0.0,0.00182,0.00266,0.00833
PCAP814Light_Individual:17,0.01027,0.00773,0.01858,0.02242,0.00374,0.01659,0.01929,0.012,0.0339,0.0,0.0,0.0,0.01111
PCAP814Light_Individual:16,0.00249,0.00525,0.00318,0.01493,0.016,0.00627,0.01347,0.00327,0.00755,0.00379,0.00569,0.02595,0.02771
PCAP814Light_Individual:15,0.00258,0.00592,0.00685,0.07207,0.01389,0.05333,0.02941,0.0,0.0,0.0,0.0,0.0,0.0
PCAP814Light_Individual:14,0.00647,0.00816,0.02058,0.01361,0.0367,0.00826,0.00833,0.02174,0.01724,0.04,0.02326,0.03571,0.0
