PCAP2Light_Individual:8;,0.04779,0.02513,0.03178,0.02537,0.02198,0.0235,0.02821,0.01111,0.0413,0.02808,0.02183,0.02371,0.03846
PCAP2Light_Individual:48,0.04598,0.03941,0.03589,0.03495,0.0,0.04167,0.02151,0.0531,0.01909,0.0122,0.01712,0.01027,0.0
PCAP2Light_Individual:4;,0.00771,0.01695,0.0049,0.02326,0.0,0,0.0,0.0,0.02871,0.01786,0.02083,0.0,0.00709
PCAP2Light_Individual:40,0.02355,0.0461,0.02405,0.02326,0.0169,0.01664,0.00937,0.01672,0.02247,0.01737,0.0123,0.03218,0.01376
PCAP2Light_Individual:41,0.08238,0.0533,0.01923,0.02067,0.02695,0.02076,0.01739,0.03012,0.03008,0.00405,0.00357,0.01792,0.01832
PCAP2Light_Individual:42,0.075,0.07738,0.06202,0.05882,0.008,0.01587,0.08242,0.05674,0.05229,0.06107,0.05063,0.04392,0.06599
PCAP2Light_Individual:43,0.04943,0.01844,0.02174,0.16901,0.0303,0.0,0.0137,0.0,0.0,0.02525,0.03415,0.0177,0.00467
PCAP2Light_Individual:44,0.04189,0.03881,0.04545,0.0,0.0,0.01136,0.0,0.0,0.0,0.0,0.01205,0.0122,0.03636
PCAP2Light_Individual:45,0.05912,0.0297,0.0,0.03571,0.01977,0.01989,0.02474,0.02519,0.00546,0.03361,0.01648,0.0597,0.0202
PCAP2Light_Individual:46,0.01103,0.0226,0.02174,0.0,0.01911,0.01176,0.02222,0.01333,0.0,0.0,0.0,0.02198,0.0
PCAP2Light_Individual:47,0.03265,0.03992,0.03421,0.04183,0.02833,0.01145,0.03101,0.02027,0.03101,0.01554,0.02069,0.025,0.00521
PCAP2Light_Individual:2;,0.06122,0.07916,0.07089,0.08962,0.0,0,0.13971,0.14389,0.14688,0.15891,0.15217,0.08824,0
PCAP2Light_Individual:28,0.06986,0.0622,0.08,0.07285,0.1,0.05172,0.05102,0.03448,0.0,0.0,0.0,0.00855,0.06587
PCAP2Light_Individual:29,0.04986,0.05634,0.06928,0.0,0.06962,0.01863,0.0,0.0431,0.0,0.0087,0.00769,0.02353,0.0
PCAP2Light_Individual:26,0.05731,0.05113,0.02778,0.05,0.04854,0.05714,0.04615,0.03721,0.07692,0.02524,0.03008,0.03974,0.02353
PCAP2Light_Individual:6;,0.04035,0.02985,0.06931,0.02609,0.01471,0.2,0.04348,0.0,0.0,0.02778,0.0,0.0,0.01316
PCAP2Light_Individual:24,0.0125,0.0,0.0,0.09677,0.07865,0.0625,0.05357,0.0,0.03226,0.02564,0.01852,0.0,0.03896
PCAP2Light_Individual:25,0.05874,0.06538,0.05263,0.0,0.0,0.09607,0.1568,0.0,0,0.0,0.0,0.0,0.01887
PCAP2Light_Individual:22,0.16667,0,0.16412,0.11893,0.1816,0.17348,0.17019,0.16327,0.14123,0.13723,0.15863,0.15426,0.16723
PCAP2Light_Individual:23,0.11899,0.07613,0.04196,0.05435,0.0,0.0,0.04717,0.04396,0.17008,0.17089,0.02667,0.02658,0.0202
PCAP2Light_Individual:20,0.03289,0.0303,0.06667,0.02,0.0,0.01031,0.0,0.07865,0.0303,0.0,0.0,0.02439,0.0102
PCAP2Light_Individual:21,0.09256,0.07576,0.06087,0.04828,0.025,0.0,0.0,0.0,0.0,0.0,0.0102,0.01205,0.01389
PCAP2Light_Individual:34,0.09259,0.07639,0.03438,0.02847,0.04,0.02225,0.02604,0.03049,0.03622,0.03673,0.06085,0.03202,0.03375
PCAP2Light_Individual:38,0.07143,0.03355,0.02658,0.02118,0.01837,0.00889,0.00686,0.01353,0.00788,0.01867,0.00592,0.01765,0.00526
PCAP2Light_Individual:35,0.01327,0.0,0.0146,0.0087,0.02649,0.0,0.0,0.01418,0.0,0.00926,0.0,0.00752,0.02878
PCAP2Light_Individual:27,0.04429,0.04692,0.03885,0,0.04922,0.03876,0.0,0.0,0.0625,0.0,0.0,0.0,0.0
PCAP2Light_Individual:11,0.0,0.17444,0.0,0,0.14746,0.0,0,0.11189,0,0.15076,0.1705,0.14796,0.0
PCAP2Light_Individual:37,0.01768,0.00667,0.00716,0.0,0.00351,0.00338,0.0037,0.00692,0.00862,0.00344,0.00347,0.00386,0.01674
PCAP2Light_Individual:36,0.07273,0.03717,0.00936,0.03556,0.01735,0.01171,0.0098,0.00952,0.00509,0.00239,0.00451,0.00294,0.01416
PCAP2Light_Individual:5;,0.09845,0.06562,0.04143,0.09655,0.02667,0.025,0.02667,0.05128,0.08163,0.09091,0.05747,0.0,0.03226
PCAP2Light_Individual:9;,0.04762,0.03679,0.05603,0.00847,0.00673,0.0264,0.0068,0.00955,0.00901,0.02685,0.02047,0.03043,0.01465
PCAP2Light_Individual:31,0.04221,0.03971,0.04046,0.0359,0.03163,0.03464,0.02387,0.0172,0.0137,0.02432,0.01866,0.01681,0.01594
PCAP2Light_Individual:30,0.03037,0.03883,0.07407,0.05085,0.03883,0.03431,0.01395,0.02041,0.00562,0.0398,0.0303,0.0,0.0
PCAP2Light_Individual:1;,0.15919,0.0782,0.07111,0.09091,0.02451,0.00535,0.0,0.0,0.0,0.0,0.0,0.0,0.0
PCAP2Light_Individual:19,0.04992,0.08333,0.04453,0.05333,0.02304,0.02299,0.02381,0.05,0.05634,0.02151,0.13043,0.10714,0.0
PCAP2Light_Individual:18,0.05584,0.03771,0.06107,0.03727,0.06263,0.08392,0.05188,0.05721,0.03478,0.02564,0.01708,0.03571,0.08282
PCAP2Light_Individual:39,0.06218,0.0468,0.02795,0.03116,0.03901,0.02043,0.01944,0.02087,0.00958,0.02045,0.01731,0.01332,0.01655
PCAP2Light_Individual:33,0.01786,0.0102,0.01626,0.02667,0.008,0.02128,0.01351,0.0274,0.04,0.01042,0.01538,0.03125,0.0
PCAP2Light_Individual:3;,0.02888,0.02105,0.03571,0.04265,0.0473,0.05,0.0,0.03,0.0531,0.01205,0.03093,0.04808,0.0
PCAP2Light_Individual:32,0.03061,0.00725,0.0,0.0,0.05263,0.0,0.01449,0.0,0.03509,0.04762,0.0,0.0,0.02083
PCAP2Light_Individual:13,0.02612,0.03133,0.02927,0.02156,0.03343,0.01667,0.06452,0.03093,0.03717,0.01775,0.00452,0.01404,0.01374
PCAP2Light_Individual:12,0.03376,0.0625,0.03704,0.05102,0.01429,0.01869,0.04294,0.04979,0.02744,0.02027,0.01515,0.02676,0.03587
PCAP2Light_Individual:7;,0.06314,0.05778,0.05781,0.06047,0.04127,0.05414,0.04218,0.03732,0.04415,0.03825,0.02752,0.03733,0.03064
PCAP2Light_Individual:10,0.04,0.05236,0.03188,0.02841,0.02513,0.01402,0.02647,0.01251,0.0231,0.01791,0.00483,0.01971,0.0132
PCAP2Light_Individual:17,0.01724,0.00488,0.00649,0.01274,0.0241,0.0,0.00926,0.0,0.0137,0.0,0.0,0.0,0.00714
PCAP2Light_Individual:16,0.03514,0.03756,0.02414,0.01289,0.02465,0.02026,0.01675,0.02362,0.02233,0.02833,0.01852,0.01571,0.04225
PCAP2Light_Individual:15,0.08795,0.04907,0.03716,0.02553,0.03608,0.02759,0.04782,0.02539,0.05471,0.048,0.03488,0.03357,0.02467
PCAP2Light_Individual:14,0.06557,0.0,0.04878,0.07353,0.01667,0.025,0.03226,0.0,0,0.0,0.02778,0.0,0.05
