PCAP1Light_Individual:8;,0.13814,0.08692,0.1036,0.06559,0.06978,0.06937,0.09031,0.09029,0.11521,0.08929,0.106,0.08205,0.08342
PCAP1Light_Individual:48,0.18077,0.13606,0.10701,0.0776,0.096,0.05279,0.05816,0.07867,0.04874,0.08,0.07042,0.05612,0.07547
PCAP1Light_Individual:4;,0.14125,0.26774,0.11348,0.15248,0.09622,0.1365,0.11175,0.11131,0.07473,0.10163,0.08347,0.07044,0.09256
PCAP1Light_Individual:40,0.06977,0.08574,0.05951,0.07392,0.09404,0.06534,0.11173,0.08791,0.0,0.0,0.0,0.0,0.02655
PCAP1Light_Individual:41,0.06856,0.09811,0.07727,0.05735,0.05239,0.03309,0.02667,0.02977,0.04057,0.04434,0.06393,0.06317,0.08621
PCAP1Light_Individual:42,0.05294,0.10164,0.04714,0.08711,0.13731,0.05294,0.10326,0.13415,0.07059,0.10377,0.16154,0.15299,0.14201
PCAP1Light_Individual:43,0.15922,0.13884,0.09129,0.12565,0.12308,0.05775,0.01639,0.0,0.05366,0.02206,0.05469,0.02727,0.01887
PCAP1Light_Individual:44,0.22097,0.12432,0.16475,0.1907,0.20787,0.26154,0.1369,0.15169,0.20497,0.16575,0.18121,0.17483,0.07735
PCAP1Light_Individual:45,0.05948,0.10714,0.0,0.0,0,0.0,0.02778,0,0.0,0,0.0,0.0,0.0
PCAP1Light_Individual:46,0.18069,0.18577,0.09363,0.19457,0.16991,0.18681,0.19835,0.15702,0.13675,0.13208,0.09302,0.12069,0.125
PCAP1Light_Individual:47,0.13073,0.08673,0.06897,0.12416,0.16986,0.17582,0.09884,0.12295,0.10915,0.14365,0.11483,0.14953,0.11029
PCAP1Light_Individual:2;,0.23894,0.21806,0.19385,0.25758,0.21212,0.18831,0.16447,0.17857,0.13158,0.14159,0.12275,0.1259,0.16478
PCAP1Light_Individual:28,0.20111,0.1448,0.13311,0.12391,0.14182,0.11412,0.10562,0.13709,0.07453,0.06562,0.08997,0.06416,0.08048
PCAP1Light_Individual:29,0.12544,0.1375,0.10297,0.05029,0.03922,0.16424,0.07832,0.05102,0.04715,0.08922,0.04577,0.07692,0.08743
PCAP1Light_Individual:26,0.1444,0.07979,0.1215,0.10449,0.12593,0.11099,0.10832,0.10519,0.13505,0.10901,0.1,0.09434,0.07618
PCAP1Light_Individual:6;,0.24517,0.14748,0.16726,0.17537,0.15324,0.12284,0.11028,0.15183,0.13232,0.15599,0.11216,0.11667,0.10748
PCAP1Light_Individual:24,0.1269,0.11735,0.12745,0.125,0.12136,0.12791,0.07429,0.08696,0.08784,0.04839,0.15152,0.04819,0.09211
PCAP1Light_Individual:25,0.08741,0.09865,0.12245,0.19737,0.1086,0.14646,0.07611,0.08939,0.07143,0.13333,0.11154,0.10357,0.07581
PCAP1Light_Individual:22,0.17527,0.1313,0.12395,0.09375,0.11098,0.12117,0.1358,0.12939,0.10222,0.1745,0.13407,0.13671,0.0907
PCAP1Light_Individual:23,0.11416,0.15106,0.07849,0.06161,0.06083,0.0855,0.07649,0.07113,0.0655,0.05348,0.01845,0.04511,0.01887
PCAP1Light_Individual:20,0.10676,0.07111,0.12162,0.11842,0.10368,0.096,0.08392,0.0531,0.12871,0.01471,0.03226,0.01205,0.00752
PCAP1Light_Individual:21,0.16444,0.12315,0.09221,0.08851,0.09559,0.10353,0.09804,0.13043,0.10121,0.08922,0.0303,0.07738,0.04206
PCAP1Light_Individual:34,0.22581,0.20513,0.18248,0.26829,0.25781,0.24779,0.23438,0.14783,0.22881,0.14141,0.12097,0.06154,0.15686
PCAP1Light_Individual:38,0.17353,0.18314,0.14685,0.15376,0.14665,0.19369,0.1996,0.17129,0.11802,0.13958,0.12511,0.11101,0.10335
PCAP1Light_Individual:35,0.23971,0.14191,0.12342,0.08764,0.11068,0.1009,0.13949,0.08478,0.1009,0.1326,0.0798,0.09556,0.05202
PCAP1Light_Individual:27,0.15035,0.17629,0.14781,0.1595,0.15723,0.17056,0.15431,0.16873,0.15847,0.14672,0.15271,0.16365,0.14216
PCAP1Light_Individual:11,0.18725,0.13129,0.13755,0.16667,0.08122,0.12429,0.15415,0.13376,0.09663,0.09019,0.11945,0.09465,0.07944
PCAP1Light_Individual:37,0.17778,0.17128,0.09118,0.09744,0.09355,0.07942,0.06748,0.08844,0.11504,0.08589,0.03205,0.0963,0.0742
PCAP1Light_Individual:36,0.27273,0.10714,0,0.07143,0.17241,0.14815,0.17564,0.17178,0.20179,0.16949,0.10769,0.20979,0.0122
PCAP1Light_Individual:5;,0.14836,0.1,0.09748,0.10559,0.10551,0.08477,0.08872,0.13774,0.11237,0.11373,0.11125,0.09211,0.11483
PCAP1Light_Individual:9;,0.1651,0.15176,0.13817,0.14898,0.13073,0.12887,0.102,0.09281,0.09902,0.10323,0.11273,0.12306,0.10583
PCAP1Light_Individual:31,0.12,0.22727,0.09639,0.15517,0.09474,0.09649,0.125,0.19643,0.1215,0.1157,0.14504,0.08844,0.12844
PCAP1Light_Individual:30,0.13277,0.11776,0.12558,0.11345,0.09761,0.10882,0.14669,0.12975,0.10592,0.13348,0.11838,0.1003,0.10758
PCAP1Light_Individual:1;,0.18416,0.19715,0.15556,0.18769,0.14118,0.15129,0.09485,0.13636,0.11409,0.13423,0.08861,0.08955,0.10849
PCAP1Light_Individual:19,0.16314,0.18937,0.12121,0.05405,0.05,0.1236,0.11024,0.11585,0.08475,0.03659,0.0,0.02381,0.11039
PCAP1Light_Individual:18,0.16422,0.14174,0.13181,0.10054,0.0765,0.06314,0.0972,0.06499,0.09363,0.08813,0.11299,0.0858,0.07224
PCAP1Light_Individual:39,0.21105,0.18644,0.15278,0.14901,0.11327,0.13029,0.11976,0.15021,0.1195,0.18577,0.18123,0.1203,0.12903
PCAP1Light_Individual:33,0.08715,0.11492,0.10131,0.11064,0.13426,0.10458,0.12319,0.11389,0.0963,0.09653,0.11785,0.0883,0.08465
PCAP1Light_Individual:3;,0.12968,0.10714,0.09537,0.10843,0.11254,0.06376,0.10345,0.09414,0.09821,0.12439,0.11457,0.11835,0.11385
PCAP1Light_Individual:32,0.19448,0.16356,0.14571,0.11925,0.1637,0.15968,0.13368,0.15215,0.12104,0.16219,0.12959,0.12234,0.17857
PCAP1Light_Individual:13,0.06122,0.05714,0.03175,0.01639,0.06122,0.1,0.02899,0.02326,0.03571,0.03175,0.0,0.06061,0.09836
PCAP1Light_Individual:12,0.15464,0.21236,0.17919,0.17957,0.20207,0.19724,0.14784,0.18532,0.13869,0.13861,0.19949,0.11524,0.0875
PCAP1Light_Individual:7;,0.15385,0.15636,0.12146,0.07914,0.07463,0.11848,0.16418,0.14255,0.14747,0.17122,0.11602,0.14759,0.14914
PCAP1Light_Individual:10,0.17027,0.13419,0.07368,0.12667,0.13747,0.12109,0.11816,0.13415,0.13057,0.12549,0.15484,0.15091,0.09906
PCAP1Light_Individual:17,0.1534,0.17546,0.12141,0.05481,0.0501,0.17647,0.13089,0.06474,0.05959,0.11842,0.15385,0.16244,0.13656
PCAP1Light_Individual:16,0.1042,0.1116,0.04071,0.04448,0.05769,0.09162,0.07215,0.08052,0.09404,0.02212,0.05797,0.04878,0.01944
PCAP1Light_Individual:15,0.22895,0.17515,0.10655,0.07824,0.09443,0.09836,0.08542,0.08541,0.10206,0.08124,0.09035,0.06763,0.06659
PCAP1Light_Individual:14,0.16143,0.21212,0.14917,0.15504,0.20769,0.12621,0.08889,0.12422,0.12644,0.032,0.03125,0.0,0.03571
