PCAP931Light_Individual:8;,0.28721,0.25346,0.23256,0.25192,0.25837,0.21552,0.23873,0.21739,0.20325,0.18531,0.16304,0.13281,0.13122
PCAP931Light_Individual:48,0.30748,0.32941,0.30806,0.16953,0.16742,0.16154,0.15972,0.14286,0.23077,0.125,0.16667,0.10938,0.06667
PCAP931Light_Individual:4;,0.33576,0.34761,0.32387,0.18841,0.275,0.16895,0.19731,0.19231,0.23873,0.17518,0.21523,0.17352,0.12418
PCAP931Light_Individual:40,0.32304,0.18741,0.28641,0.148,0.13428,0.20056,0.19171,0.30328,0.27682,0.24946,0.25878,0.22762,0.10227
PCAP931Light_Individual:41,0.35154,0.35885,0.40356,0.34724,0.38214,0.37351,0.30888,0.33291,0.26588,0.33401,0.26324,0.12042,0.11765
PCAP931Light_Individual:42,0.31893,0.29319,0.28066,0.31038,0.29362,0.25948,0.25936,0.24752,0.24096,0.27017,0.30699,0.24254,0.21642
PCAP931Light_Individual:43,0.31373,0.32895,0.29004,0.33333,0.26937,0.1581,0.13537,0.13916,0.12651,0.15138,0.08738,0.07317,0.07339
PCAP931Light_Individual:44,0.27273,0.28795,0.30887,0.15854,0.05195,0.03279,0.14286,0.04444,0.02703,0.06897,0.0,0.04545,0.04348
PCAP931Light_Individual:45,0.2698,0.30969,0.314,0.23333,0.16667,0.13559,0.13761,0.16549,0.20643,0.18118,0.15607,0.18333,0.07627
PCAP931Light_Individual:46,0.31553,0.38728,0.3517,0.24921,0.16071,0.36036,0.23711,0.32051,0.2439,0.19355,0.12857,0.16071,0.08571
PCAP931Light_Individual:47,0.2703,0.20905,0.22083,0.25581,0.16667,0.20526,0.12727,0.20863,0.11765,0.15663,0.21818,0.05263,0.14118
PCAP931Light_Individual:2;,0.22764,0.28773,0.29289,0.3258,0.32574,0.33522,0.26681,0.33972,0.3245,0.30022,0.2885,0.26109,0.2721
PCAP931Light_Individual:28,0.39796,0.32931,0.30899,0.36032,0.33673,0.37611,0.38068,0.36402,0.41129,0.32068,0.27076,0.315,0.38247
PCAP931Light_Individual:29,0.19885,0.22159,0.21853,0.21639,0.20646,0.19963,0.16972,0.20725,0.2065,0.22222,0.24448,0.2023,0.26263
PCAP931Light_Individual:26,0.23449,0.23975,0.24297,0.22238,0.23123,0.22965,0.24201,0.2461,0.24399,0.30255,0.24634,0.23155,0.27221
PCAP931Light_Individual:6;,0.30482,0.36127,0.38454,0.38365,0.25972,0.26362,0.33515,0.26684,0.24679,0.27273,0.27799,0.2961,0.29608
PCAP931Light_Individual:24,0.21138,0.08738,0.2439,0.13816,0.22951,0.18519,0.21053,0.21429,0.07143,0.09677,0.23944,0.06557,0.11111
PCAP931Light_Individual:25,0.27599,0.26546,0.2914,0.2973,0.35518,0.2623,0.22634,0.22868,0.30963,0.29752,0.29912,0.29688,0.19786
PCAP931Light_Individual:22,0.15417,0.0,0.024,0.19923,0.31811,0.23504,0.10811,0.12987,0.01818,0.02222,0.0,0.0,0.07692
PCAP931Light_Individual:23,0.20643,0.2704,0.27824,0.20958,0.20875,0.09417,0.12435,0.13889,0.21359,0.09836,0.11429,0.07207,0.10526
PCAP931Light_Individual:20,0.14731,0.17103,0.19373,0.14639,0.14646,0.15179,0.09633,0.10714,0.12346,0.08219,0.06173,0.11538,0.07143
PCAP931Light_Individual:21,0.22534,0.15101,0.08235,0.08716,0.09615,0.12329,0.15294,0.13056,0.12829,0.15676,0.05469,0.10788,0.11538
PCAP931Light_Individual:34,0.27851,0.27573,0.27077,0.28333,0.24879,0.25745,0.21728,0.25781,0.24605,0.19293,0.20165,0.22093,0.19212
PCAP931Light_Individual:38,0.29767,0.24739,0.22539,0.19593,0.21245,0.33293,0.2709,0.2711,0.31479,0.2544,0.17221,0.17355,0.20112
PCAP931Light_Individual:35,0.25953,0.2618,0.25093,0.25026,0.28731,0.24932,0.2219,0.20942,0.22202,0.23354,0.20281,0.22889,0.21922
PCAP931Light_Individual:27,0.22768,0.07115,0.15663,0.20382,0.17623,0.16382,0.24343,0.24966,0.25703,0.28736,0.30086,0.24835,0.26132
PCAP931Light_Individual:11,0.30894,0.28257,0.34576,0.23404,0.2243,0.13208,0.21795,0.21805,0.12081,0.15267,0.08387,0.11034,0.15344
PCAP931Light_Individual:37,0.38042,0.35312,0.32589,0.39125,0.37716,0.29942,0.29367,0.19144,0.27487,0.23469,0.25676,0.26569,0.22876
PCAP931Light_Individual:36,0.30009,0.32591,0.31494,0.32874,0.30827,0.26855,0.28408,0.2561,0.26447,0.25897,0.29739,0.27714,0.27696
PCAP931Light_Individual:5;,0.19126,0.2172,0.22958,0.25663,0.21323,0.24946,0.23666,0.21881,0.21199,0.20374,0.18313,0.19702,0.20961
PCAP931Light_Individual:9;,0.26346,0.25207,0.30529,0.27665,0.33383,0.30537,0.3198,0.30202,0.31276,0.27582,0.25301,0.25434,0.27582
PCAP931Light_Individual:31,0.36092,0.42171,0.361,0.31072,0.26015,0.24973,0.24428,0.25866,0.25155,0.28571,0.27696,0.27138,0.29772
PCAP931Light_Individual:30,0.31003,0.2689,0.27321,0.32314,0.33106,0.32582,0.34221,0.30993,0.26934,0.32181,0.22464,0.2619,0.30108
PCAP931Light_Individual:1;,0.18817,0.22188,0.26278,0.22704,0.20926,0.25052,0.25896,0.2763,0.17402,0.20844,0.192,0.2,0.18689
PCAP931Light_Individual:19,0.29834,0.32994,0.3156,0.26845,0.24873,0.16867,0.20874,0.15152,0.16372,0.10119,0.08824,0.04455,0.21143
PCAP931Light_Individual:18,0.33814,0.32999,0.29193,0.30876,0.19668,0.20677,0.22581,0.23333,0.2228,0.28632,0.21973,0.16456,0.12346
PCAP931Light_Individual:39,0.30519,0.32995,0.35278,0.34945,0.31737,0.23952,0.19799,0.19048,0.25116,0.26273,0.28872,0.21405,0.19203
PCAP931Light_Individual:33,0.24732,0.25124,0.23501,0.24213,0.18502,0.20053,0.16469,0.2378,0.23122,0.23133,0.20364,0.18663,0.205
PCAP931Light_Individual:3;,0.32798,0.36486,0.36182,0.3553,0.33618,0.37308,0.35176,0.34314,0.2779,0.34851,0.31446,0.3629,0.33103
PCAP931Light_Individual:32,0.30761,0.30431,0.28516,0.27226,0.2933,0.28132,0.27455,0.26233,0.25445,0.2503,0.29638,0.23516,0.18169
PCAP931Light_Individual:13,0.27465,0.25433,0.25285,0.29355,0.27834,0.26823,0.25846,0.25938,0.27103,0.21875,0.19161,0.22634,0.20918
PCAP931Light_Individual:12,0.27817,0.30806,0.24763,0.18946,0.20335,0.19328,0.20074,0.21403,0.21816,0.22407,0.18365,0.19975,0.2066
PCAP931Light_Individual:7;,0.27583,0.24452,0.28068,0.29253,0.25837,0.26876,0.26047,0.23957,0.21377,0.24295,0.22827,0.23536,0.22951
PCAP931Light_Individual:10,0.3112,0.32067,0.31381,0.29567,0.27352,0.30584,0.30046,0.30867,0.2675,0.23394,0.12043,0.17457,0.23764
PCAP931Light_Individual:17,0.23681,0.23745,0.27448,0.23876,0.2399,0.23103,0.18583,0.16313,0.15864,0.15625,0.13622,0.13495,0.14537
PCAP931Light_Individual:16,0.2392,0.29586,0.1844,0.14521,0.21941,0.10078,0.2141,0.08584,0.29915,0.15328,0.3125,0.07692,0.08824
PCAP931Light_Individual:15,0.30156,0.2975,0.28235,0.28165,0.2936,0.28007,0.21722,0.24795,0.25964,0.25369,0.29268,0.23511,0.24222
PCAP931Light_Individual:14,0.23929,0.2772,0.2819,0.23933,0.11538,0.1049,0.11245,0.12048,0.10145,0.05,0.14444,0.18795,0.22487
