PCAP2Light_Individual:8;,0.00735,0.01256,0.02934,0.01057,0.00659,0.01282,0.02194,0.01944,0.0087,0.01512,0.01092,0.01509,0.01099
PCAP2Light_Individual:48,0.0092,0.00616,0.01958,0.01344,0.0,0.00694,0.01075,0.00442,0.00477,0.03659,0.00685,0.00342,0.00355
PCAP2Light_Individual:4;,0.0,0.00424,0.0,0.0,0.0,0,0.0,0.0,0.01914,0.0,0.02083,0.0,0.00709
PCAP2Light_Individual:40,0.00831,0.00591,0.00886,0.02481,0.01075,0.00756,0.00469,0.00502,0.00562,0.00386,0.0,0.0099,0.01376
PCAP2Light_Individual:41,0.00229,0.00853,0.01154,0.00517,0.00809,0.0173,0.02029,0.00602,0.02256,0.01215,0.01071,0.01792,0.02564
PCAP2Light_Individual:42,0.0025,0.0119,0.0,0.01176,0.0,0.01587,0.01099,0.00709,0.0,0.00763,0.01266,0.01351,0.01777
PCAP2Light_Individual:43,0.0069,0.00512,0.0,0.22032,0.0101,0.0,0.00274,0.0,0.0,0.00505,0.00976,0.0,0.0
PCAP2Light_Individual:44,0.01457,0.00685,0.0,0.16667,0.0,0.01136,0.0,0.0,0.0,0.0,0.01205,0.02439,0.0
PCAP2Light_Individual:45,0.02534,0.02723,0.0,0.01786,0.00847,0.00568,0.0,0.00756,0.00546,0.0084,0.00549,0.00995,0.0
PCAP2Light_Individual:46,0.01471,0.02825,0.0,0.01724,0.01274,0.0,0.02222,0.0,0.0,0.0,0.0,0.01099,0.00943
PCAP2Light_Individual:47,0.00242,0.0063,0.00098,0.00127,0.0085,0.0,0.02326,0.01351,0.0155,0.01036,0.0069,0.0,0.00521
PCAP2Light_Individual:2;,0.02669,0.02262,0.01519,0.03774,0.0,0,0.26953,0.22878,0.24063,0.22474,0.24517,0.02941,0
PCAP2Light_Individual:28,0.02595,0.01435,0.01143,0.06623,0.05,0.05172,0.05102,0.02069,0.0,0.0,0.0,0.00855,0.03593
PCAP2Light_Individual:29,0.00142,0.00782,0.02711,0.0,0.00633,0.0,0.0,0.00862,0.0,0.0087,0.0,0.02353,0.0202
PCAP2Light_Individual:26,0.01053,0.02105,0.02381,0.0,0.01942,0.00571,0.02462,0.0093,0.00549,0.00946,0.02256,0.01987,0.03529
PCAP2Light_Individual:6;,0.00576,0.00746,0.0099,0.01739,0.0,0.06667,0.0,0.0,0.0,0.0,0.0,0.0,0.0
PCAP2Light_Individual:24,0.0,0.0,0.0,0.03226,0.02247,0.0,0.01786,0.0,0.08065,0.02564,0.05556,0.0,0.0
PCAP2Light_Individual:25,0.02865,0.04843,0.0,0.0,0.0,0.20403,0.21006,0.0,0,0.0,0.0,0.09091,0.00943
PCAP2Light_Individual:22,0.0,0,0.20693,0.25243,0.2385,0.21436,0.19979,0.16971,0.17861,0.20922,0.20683,0.22546,0.20426
PCAP2Light_Individual:23,0.01373,0.0144,0.00466,0.01087,0.0,0.0,0.01887,0.0,0.2063,0.24525,0.00533,0.00409,0.0101
PCAP2Light_Individual:20,0.0,0.09091,0.0,0.08,0.11111,0.01031,0.04651,0.03371,0.01515,0.0,0.06977,0.0,0.0
PCAP2Light_Individual:21,0.02414,0.0303,0.03478,0.01379,0.05,0.0,0.03226,0.02521,0.0,0.05,0.02041,0.0241,0.0
PCAP2Light_Individual:34,0.00494,0.0,0.0,0.0,0.01037,0.00695,0.00355,0.00105,0.00439,0.0042,0.00203,0.00213,0.00375
PCAP2Light_Individual:38,0.00404,0.00129,0.00506,0.00223,0.00394,0.01037,0.0,0.0015,0.0,0.004,0.0,0.00196,0.00175
PCAP2Light_Individual:35,0.01327,0.0,0.0073,0.0,0.0,0.00787,0.0,0.00709,0.01869,0.02778,0.0,0.00752,0.01439
PCAP2Light_Individual:27,0.00143,0.01173,0.01351,0,0.11044,0.00775,0.0,0.0,0.125,0.0,0.0,0.0,0.02247
PCAP2Light_Individual:11,0.06383,0.21298,0.0,0,0.19922,0.0,0,0.23776,0,0.21088,0.20307,0.23039,0.05556
PCAP2Light_Individual:37,0.00505,0.00667,0.0,0.00585,0.00351,0.00338,0.0037,0.01384,0.00862,0.00687,0.0,0.0,0.0
PCAP2Light_Individual:36,0.01818,0.00743,0.00749,0.0,0.0,0.00167,0.0049,0.00238,0.0,0.00957,0.0,0.00588,0.00283
PCAP2Light_Individual:5;,0.02245,0.00856,0.0046,0.01379,0.05333,0.0125,0.02667,0.01709,0.02041,0.06061,0.03448,0.0,0.03226
PCAP2Light_Individual:9;,0.02721,0.02341,0.01293,0.00565,0.02694,0.0165,0.01701,0.03185,0.01802,0.02685,0.01754,0.04348,0.00733
PCAP2Light_Individual:31,0.00325,0.0,0.00578,0.0,0.0073,0.00693,0.00955,0.00246,0.00548,0.00304,0.0,0.0084,0.01195
PCAP2Light_Individual:30,0.00935,0.00728,0.02963,0.01695,0.01942,0.0,0.00465,0.0,0.0,0.00995,0.01515,0.0,0.01653
PCAP2Light_Individual:1;,0.01737,0.01805,0.00889,0.04545,0.01471,0.0107,0.01887,0.0,0.0,0.0,0.0,0.01724,0.0
PCAP2Light_Individual:19,0.00161,0.00439,0.00405,0.00667,0.00922,0.01724,0.0,0.0,0.0,0.01075,0.0,0.03571,0.0
PCAP2Light_Individual:18,0.02378,0.10273,0.0369,0.03261,0.00418,0.0,0.0,0.0,0.02464,0.03846,0.02467,0.00325,0.0
PCAP2Light_Individual:39,0.00672,0.00342,0.00311,0.00097,0.0,0.00266,0.00592,0.00091,0.00096,0.00307,0.00192,0.00285,0.0031
PCAP2Light_Individual:33,0.00357,0.0,0.04065,0.01333,0.016,0.06383,0.0,0.0,0.01333,0.01042,0.0,0.03125,0.0
PCAP2Light_Individual:3;,0.00903,0.01263,0.03968,0.02844,0.05405,0.01667,0.07143,0.03,0.00885,0.01205,0.04124,0.00962,0.01471
PCAP2Light_Individual:32,0.0,0.00725,0.0,0.0,0.0,0.0,0.0,0.0,0.0,0.01587,0.0,0.0,0.04167
PCAP2Light_Individual:13,0.00746,0.00964,0.00325,0.00829,0.00279,0.03333,0.0,0.01031,0.01487,0.00197,0.0,0.00526,0.0
PCAP2Light_Individual:12,0.00844,0.04297,0.0,0.02551,0.01429,0.01558,0.01227,0.0083,0.01829,0.02365,0.01515,0.01672,0.02242
PCAP2Light_Individual:7;,0.00683,0.00889,0.00738,0.00112,0.00741,0.00884,0.00744,0.00257,0.00411,0.00219,0.00459,0.00196,0.00279
PCAP2Light_Individual:10,0.0069,0.00654,0.00472,0.00455,0.00105,0.0,0.0023,0.00228,0.0088,0.00421,0.00121,0.00394,0.0033
PCAP2Light_Individual:17,0.01293,0.00488,0.01299,0.01274,0.0,0.01075,0.01852,0.00752,0.00685,0.0,0.0,0.0137,0.00714
PCAP2Light_Individual:16,0.00541,0.00939,0.01811,0.01105,0.01056,0.01473,0.01675,0.0105,0.01985,0.0255,0.02963,0.02094,0.02113
PCAP2Light_Individual:15,0.00814,0.00398,0.01292,0.00284,0.0101,0.01379,0.00141,0.00282,0.01824,0.008,0.00332,0.00707,0.0148
PCAP2Light_Individual:14,0.0041,0.0,0.02439,0.04412,0.01667,0.025,0.0,0.03846,0,0.09412,0.0,0.0,0.0
