PCAP2Light_Individual:8;,0.13235,0.09548,0.10513,0.06342,0.10549,0.12393,0.0815,0.13333,0.10217,0.08639,0.09825,0.08405,0.14286
PCAP2Light_Individual:48,0.25517,0.28202,0.33931,0.32258,0.5,0.18056,0.13978,0.17699,0.10979,0.06098,0.15411,0.14041,0.04965
PCAP2Light_Individual:4;,0.22622,0.16525,0.18137,0.09302,0.0,0,0.0,0.0,0.14354,0.19643,0.125,0.06977,0.10638
PCAP2Light_Individual:40,0.32825,0.32861,0.34937,0.31938,0.35484,0.33737,0.32969,0.35786,0.27154,0.26448,0.19262,0.15842,0.15138
PCAP2Light_Individual:41,0.1968,0.21962,0.12308,0.1292,0.13747,0.12803,0.09275,0.11747,0.11654,0.1336,0.08929,0.07168,0.0989
PCAP2Light_Individual:42,0.195,0.14881,0.17829,0.05098,0.104,0.0582,0.06593,0.11348,0.05882,0.06107,0.05696,0.11824,0.17513
PCAP2Light_Individual:43,0.3908,0.3832,0.33333,0.07042,0.07071,0.07692,0.18082,0.17391,0.26471,0.15152,0.16585,0.21239,0.20561
PCAP2Light_Individual:44,0.2969,0.29224,0.22727,0.33333,0.0,0.21591,0.19767,0.14433,0.25,0.25714,0.14458,0.14634,0.14545
PCAP2Light_Individual:45,0.29392,0.27228,0.01521,0.10714,0.22316,0.17614,0.16289,0.18136,0.19672,0.13445,0.19231,0.21393,0.21212
PCAP2Light_Individual:46,0.29779,0.12429,0.1087,0.08621,0.10828,0.07059,0.04444,0.09333,0.09434,0.07692,0.05128,0.04396,0.13208
PCAP2Light_Individual:47,0.39661,0.30987,0.23558,0.16223,0.11898,0.04962,0.10853,0.08784,0.05426,0.03109,0.05517,0.03333,0.04688
PCAP2Light_Individual:2;,0.28571,0.24556,0.19241,0.17925,0.0,0,0.07371,0.07246,0.08854,0.084,0.0628,0.14706,0
PCAP2Light_Individual:28,0.21357,0.2512,0.19143,0.13907,0.0,0.05172,0.21429,0.16552,0.13514,0.05882,0.08108,0.09402,0.17964
PCAP2Light_Individual:29,0.33476,0.3349,0.29217,0.0,0.16456,0.24845,0.31081,0.24138,0.28333,0.33043,0.28462,0.21176,0.21212
PCAP2Light_Individual:26,0.25965,0.27068,0.28571,0.05,0.14887,0.2,0.15077,0.15814,0.13187,0.06625,0.12782,0.15894,0.12941
PCAP2Light_Individual:6;,0.28818,0.10448,0.07921,0.10435,0.22059,0.2,0.06522,0.22785,0.08182,0.19444,0.23214,0.13514,0.10526
PCAP2Light_Individual:24,0.35,0.42857,0.1875,0.16129,0.20225,0.0625,0.10714,0.03571,0.17742,0.05128,0.09259,0.06452,0.1039
PCAP2Light_Individual:25,0.28797,0.17191,0.15789,0.08,0.16667,0.03477,0.07594,0.0,0,0.08108,0.04286,0.22727,0.13208
PCAP2Light_Individual:22,0.0,0,0.05912,0.00485,0.05811,0.0678,0.07611,0.06767,0.05919,0.07199,0.07731,0.06796,0.05836
PCAP2Light_Individual:23,0.23341,0.23045,0.24476,0.15217,0.11628,0.0,0.10377,0.23077,0.06457,0.05063,0.18133,0.23517,0.08081
PCAP2Light_Individual:20,0.25,0.0303,0.13333,0.1,0.11111,0.06186,0.18605,0.11236,0.09091,0.08333,0.02326,0.09756,0.07143
PCAP2Light_Individual:21,0.25151,0.17424,0.23478,0.22759,0.075,0.05,0.12903,0.21008,0.1125,0.05,0.12245,0.15663,0.18056
PCAP2Light_Individual:34,0.19877,0.23958,0.32092,0.25741,0.28593,0.24618,0.28994,0.24921,0.2843,0.3085,0.25659,0.28922,0.3225
PCAP2Light_Individual:38,0.28437,0.24903,0.35316,0.30881,0.36352,0.27259,0.23457,0.19098,0.15243,0.21467,0.18146,0.2902,0.32456
PCAP2Light_Individual:35,0.32743,0.34259,0.18978,0.21739,0.16556,0.22835,0.15702,0.19149,0.18692,0.15741,0.22449,0.16541,0.13669
PCAP2Light_Individual:27,0.39571,0.35044,0.34797,0,0.02641,0.15504,0.07843,0.0,0.0,0.0,0.04545,0.08571,0.05618
PCAP2Light_Individual:11,0.02128,0.06288,0.17647,0,0.0752,0.11111,0,0.04695,0,0.06393,0.06897,0.0715,0.11111
PCAP2Light_Individual:37,0.23485,0.15778,0.14558,0.16667,0.14035,0.16554,0.10741,0.11073,0.12069,0.10309,0.10764,0.10425,0.1046
PCAP2Light_Individual:36,0.27273,0.18216,0.21536,0.29778,0.29338,0.28261,0.17647,0.20476,0.17557,0.17225,0.28442,0.17941,0.22946
PCAP2Light_Individual:5;,0.23143,0.31098,0.31646,0.22069,0.12,0.1,0.12,0.12821,0.12245,0.30303,0.18391,0.15625,0.14516
PCAP2Light_Individual:9;,0.2619,0.15719,0.13362,0.11017,0.12458,0.11881,0.14626,0.13694,0.13213,0.12752,0.12281,0.10435,0.10256
PCAP2Light_Individual:31,0.18831,0.23827,0.22543,0.14615,0.17518,0.16397,0.16945,0.16462,0.16986,0.14286,0.16045,0.17227,0.12749
PCAP2Light_Individual:30,0.25,0.1699,0.17778,0.13983,0.18447,0.13235,0.15814,0.22449,0.14045,0.1393,0.12121,0.0339,0.04132
PCAP2Light_Individual:1;,0.2055,0.26466,0.25778,0.07576,0.10784,0.15508,0.14151,0.26087,0.07692,0.04082,0.09091,0.12069,0.04545
PCAP2Light_Individual:19,0.28019,0.12719,0.20648,0.10667,0.1659,0.25862,0.14286,0.08333,0.15493,0.05376,0.13043,0.07143,0.21875
PCAP2Light_Individual:18,0.23681,0.14044,0.19847,0.1677,0.14823,0.12821,0.13238,0.13959,0.19565,0.19071,0.18406,0.19156,0.12883
PCAP2Light_Individual:39,0.22689,0.27283,0.26605,0.26485,0.32033,0.30107,0.28318,0.28131,0.27395,0.27812,0.27885,0.33302,0.28438
PCAP2Light_Individual:33,0.26786,0.25,0.17886,0.13333,0.224,0.10638,0.12162,0.17808,0.14667,0.16667,0.06154,0.10938,0.14458
PCAP2Light_Individual:3;,0.36101,0.36421,0.15476,0.25592,0.13514,0.15,0.14286,0.19,0.17699,0.18072,0.10309,0.23077,0.26471
PCAP2Light_Individual:32,0.2449,0.2029,0.12632,0.21875,0.10526,0.18182,0.23188,0.25,0.24561,0.19048,0.03846,0.19403,0.14583
PCAP2Light_Individual:13,0.18657,0.23373,0.28943,0.2869,0.30641,0.15833,0.17742,0.07216,0.21933,0.19921,0.16968,0.17368,0.16484
PCAP2Light_Individual:12,0.27848,0.20703,0.07407,0.12245,0.11786,0.15576,0.16564,0.07469,0.1128,0.16554,0.12727,0.13378,0.10762
PCAP2Light_Individual:7;,0.24744,0.26074,0.31857,0.32475,0.33651,0.27624,0.25682,0.26255,0.26489,0.27432,0.29014,0.27898,0.30641
PCAP2Light_Individual:10,0.26069,0.28665,0.26919,0.28409,0.27435,0.25135,0.30495,0.26962,0.30913,0.29715,0.25814,0.21156,0.25303
PCAP2Light_Individual:17,0.31897,0.12683,0.12987,0.1465,0.15663,0.21505,0.16667,0.06767,0.10274,0.09929,0.08209,0.15068,0.1
PCAP2Light_Individual:16,0.17838,0.20188,0.14286,0.1639,0.14789,0.13996,0.13876,0.12861,0.13896,0.10482,0.12222,0.09424,0.14085
PCAP2Light_Individual:15,0.28013,0.31167,0.26656,0.24255,0.28571,0.30862,0.25879,0.22708,0.14286,0.124,0.2309,0.16608,0.18586
PCAP2Light_Individual:14,0.27869,0.23656,0.26829,0.10294,0.13333,0.1,0.1129,0.15385,0,0.0,0.125,0.23333,0.15
