PCAP931Light_Individual:8;,0.13185,0.10526,0.09725,0.07692,0.07656,0.0625,0.03979,0.08696,0.07317,0.08042,0.06522,0.07031,0.0543
PCAP931Light_Individual:48,0.12742,0.14706,0.09834,0.14496,0.07692,0.15385,0.09722,0.04762,0.07692,0.125,0.04167,0.07813,0.11111
PCAP931Light_Individual:4;,0.14244,0.15815,0.11519,0.17391,0.15,0.21005,0.14798,0.17308,0.11141,0.10584,0.14238,0.15525,0.13072
PCAP931Light_Individual:40,0.18948,0.25311,0.19579,0.218,0.23233,0.16156,0.20725,0.10656,0.15364,0.15875,0.13349,0.16368,0.19318
PCAP931Light_Individual:41,0.11817,0.14513,0.08281,0.13869,0.13084,0.11401,0.11969,0.12278,0.13737,0.10192,0.10125,0.1466,0.15686
PCAP931Light_Individual:42,0.14246,0.17427,0.18789,0.15564,0.16229,0.16293,0.09358,0.13696,0.11145,0.09291,0.10808,0.12811,0.19776
PCAP931Light_Individual:43,0.14286,0.10855,0.06494,0.09821,0.16725,0.06324,0.0786,0.08738,0.10843,0.11009,0.08738,0.10976,0.10092
PCAP931Light_Individual:44,0.13024,0.15884,0.15157,0.14634,0.05195,0.03279,0.04762,0.08889,0.05405,0.17241,0.06452,0.13636,0.0
PCAP931Light_Individual:45,0.16708,0.1526,0.10503,0.12727,0.04167,0.10169,0.11468,0.11972,0.0563,0.09059,0.06936,0.09444,0.0339
PCAP931Light_Individual:46,0.11359,0.10477,0.09719,0.1041,0.10119,0.07207,0.03093,0.02564,0.03659,0.01075,0.02857,0.01786,0.04762
PCAP931Light_Individual:47,0.13805,0.22616,0.23087,0.16445,0.10294,0.12105,0.14545,0.1295,0.07059,0.11446,0.11515,0.01754,0.04706
PCAP931Light_Individual:2;,0.14402,0.12269,0.11088,0.14501,0.1491,0.15392,0.15756,0.14909,0.16331,0.17904,0.18378,0.1623,0.18714
PCAP931Light_Individual:28,0.09184,0.0574,0.10112,0.06883,0.05612,0.04867,0.05114,0.06276,0.06855,0.07595,0.07581,0.1,0.07968
PCAP931Light_Individual:29,0.17579,0.09375,0.10214,0.11967,0.1526,0.13619,0.16473,0.13472,0.09756,0.0761,0.12394,0.11478,0.10967
PCAP931Light_Individual:26,0.13767,0.14037,0.12404,0.12569,0.15315,0.11422,0.12215,0.11645,0.10577,0.09842,0.13723,0.12012,0.14327
PCAP931Light_Individual:6;,0.11842,0.10521,0.11408,0.07233,0.14134,0.11782,0.1179,0.10292,0.12411,0.11671,0.11583,0.09653,0.09706
PCAP931Light_Individual:24,0.05691,0.05825,0.14634,0.05263,0.01639,0.05556,0.0,0.07143,0.35714,0.13978,0.14085,0.06557,0.11111
PCAP931Light_Individual:25,0.11297,0.11161,0.11783,0.11036,0.06977,0.07377,0.08642,0.06589,0.09862,0.09642,0.07918,0.06875,0.1016
PCAP931Light_Individual:22,0.1375,0.02381,0.0,0.08812,0.12072,0.12607,0.05405,0.03896,0.01818,0.0,0.0,0.0,0.01538
PCAP931Light_Individual:23,0.14411,0.12937,0.10193,0.11377,0.09091,0.06726,0.07772,0.12037,0.03883,0.05464,0.05714,0.02703,0.06579
PCAP931Light_Individual:20,0.15928,0.16552,0.15954,0.19588,0.11111,0.17857,0.09633,0.11429,0.06173,0.06849,0.08642,0.03846,0.03571
PCAP931Light_Individual:21,0.1648,0.13591,0.08529,0.07339,0.09615,0.08904,0.10294,0.08309,0.07895,0.07027,0.07031,0.05809,0.0641
PCAP931Light_Individual:34,0.14046,0.17018,0.16046,0.20278,0.16425,0.13821,0.15556,0.16146,0.13544,0.11254,0.13992,0.1124,0.0936
PCAP931Light_Individual:38,0.15531,0.17305,0.16726,0.1788,0.16897,0.10048,0.09841,0.12338,0.10176,0.12427,0.14286,0.09421,0.11546
PCAP931Light_Individual:35,0.17096,0.15281,0.17267,0.17641,0.1665,0.17407,0.17238,0.1801,0.15975,0.15239,0.17551,0.1454,0.14334
PCAP931Light_Individual:27,0.18006,0.19368,0.11566,0.12314,0.14139,0.11433,0.09544,0.08049,0.08184,0.08301,0.08631,0.08719,0.09832
PCAP931Light_Individual:11,0.14431,0.0982,0.04068,0.15957,0.19626,0.16038,0.10256,0.09774,0.10067,0.03053,0.02581,0.03448,0.02646
PCAP931Light_Individual:37,0.11265,0.13783,0.14213,0.095,0.06789,0.07558,0.08861,0.06532,0.07592,0.07483,0.0777,0.05858,0.0915
PCAP931Light_Individual:36,0.16973,0.13968,0.14343,0.15256,0.15145,0.16196,0.16151,0.125,0.15437,0.13789,0.16005,0.14559,0.12486
PCAP931Light_Individual:5;,0.16505,0.19355,0.21972,0.23012,0.24401,0.19281,0.1853,0.17894,0.20985,0.23238,0.19867,0.19489,0.19427
PCAP931Light_Individual:9;,0.15297,0.21784,0.17788,0.18922,0.11228,0.12713,0.14594,0.14017,0.17469,0.13973,0.08778,0.08847,0.11634
PCAP931Light_Individual:31,0.11266,0.11816,0.142,0.14454,0.11446,0.12108,0.11913,0.09524,0.08969,0.07948,0.09091,0.08765,0.09336
PCAP931Light_Individual:30,0.09235,0.06568,0.05172,0.0478,0.07167,0.05328,0.05943,0.0799,0.08309,0.06048,0.07971,0.05714,0.04301
PCAP931Light_Individual:1;,0.23905,0.20537,0.1636,0.19401,0.20624,0.18454,0.16684,0.16421,0.26225,0.23821,0.21067,0.18,0.18204
PCAP931Light_Individual:19,0.11713,0.10285,0.12455,0.14757,0.13706,0.11245,0.14078,0.11364,0.12389,0.10119,0.07353,0.06931,0.10857
PCAP931Light_Individual:18,0.13545,0.13927,0.14862,0.11866,0.19668,0.15789,0.15484,0.13077,0.16408,0.15515,0.12108,0.10127,0.04938
PCAP931Light_Individual:39,0.13377,0.12162,0.13026,0.10497,0.09731,0.10579,0.15436,0.07792,0.10465,0.0835,0.04015,0.09365,0.13768
PCAP931Light_Individual:33,0.16052,0.16708,0.15055,0.08482,0.14067,0.1016,0.141,0.16585,0.12676,0.1347,0.13538,0.1261,0.122
PCAP931Light_Individual:3;,0.14544,0.11293,0.10273,0.10953,0.11396,0.10192,0.10955,0.11961,0.11488,0.13755,0.0988,0.0948,0.12512
PCAP931Light_Individual:32,0.10825,0.09587,0.09473,0.06936,0.06813,0.0877,0.08659,0.08424,0.09415,0.06619,0.07127,0.06507,0.09293
PCAP931Light_Individual:13,0.14378,0.16017,0.16059,0.13937,0.12091,0.11458,0.11538,0.12812,0.1215,0.125,0.12226,0.11317,0.12245
PCAP931Light_Individual:12,0.11765,0.09242,0.16238,0.1468,0.1244,0.11885,0.13424,0.10583,0.11518,0.10115,0.09479,0.12137,0.08465
PCAP931Light_Individual:7;,0.1423,0.18311,0.15553,0.18605,0.15127,0.1487,0.10078,0.14939,0.13043,0.14107,0.13359,0.14456,0.15457
PCAP931Light_Individual:10,0.13875,0.15558,0.18232,0.17635,0.17943,0.1638,0.15596,0.13425,0.13875,0.16858,0.13978,0.14224,0.11217
PCAP931Light_Individual:17,0.11841,0.0931,0.10069,0.04354,0.08323,0.08276,0.07087,0.07504,0.11615,0.0767,0.11765,0.0692,0.10573
PCAP931Light_Individual:16,0.16168,0.13609,0.12057,0.12055,0.1519,0.12791,0.16449,0.09013,0.1265,0.09489,0.125,0.0,0.04412
PCAP931Light_Individual:15,0.15511,0.16589,0.14559,0.11709,0.12045,0.12521,0.11742,0.09426,0.09769,0.09587,0.12306,0.11912,0.08525
PCAP931Light_Individual:14,0.14734,0.18305,0.16125,0.15524,0.11834,0.09091,0.14859,0.12851,0.0628,0.085,0.24444,0.14699,0.17376
