PCAP931Light_Individual:8;,0.04439,0.03324,0.0296,0.01923,0.02392,0.03017,0.02387,0.04013,0.0122,0.02448,0.01449,0.01172,0.01357
PCAP931Light_Individual:48,0.02862,0.02017,0.04028,0.07125,0.08597,0.16154,0.13889,0.21429,0.07692,0.25,0.25,0.21875,0.22222
PCAP931Light_Individual:4;,0.03198,0.04942,0.05342,0.08116,0.06429,0.06393,0.06278,0.07308,0.0504,0.10949,0.08278,0.06393,0.14379
PCAP931Light_Individual:40,0.03172,0.01383,0.01294,0.023,0.01678,0.06407,0.10363,0.01639,0.02914,0.02916,0.0363,0.03836,0.07955
PCAP931Light_Individual:41,0.0427,0.04175,0.02306,0.01877,0.00727,0.01412,0.01931,0.01772,0.01625,0.0111,0.02336,0.06806,0.04902
PCAP931Light_Individual:42,0.03309,0.02693,0.01887,0.01521,0.02251,0.01983,0.02406,0.0198,0.02711,0.01956,0.00727,0.02488,0.04104
PCAP931Light_Individual:43,0.01821,0.02303,0.00866,0.00893,0.03697,0.03162,0.0131,0.01618,0.03614,0.00459,0.01942,0.03049,0.0367
PCAP931Light_Individual:44,0.03322,0.01956,0.02288,0.08537,0.12987,0.11475,0.2381,0.06667,0.08108,0.0,0.16129,0.09091,0.08696
PCAP931Light_Individual:45,0.04084,0.03232,0.02845,0.02727,0.29167,0.0678,0.03211,0.04225,0.04558,0.03484,0.02312,0.03333,0.04237
PCAP931Light_Individual:46,0.01748,0.00935,0.00601,0.02208,0.05952,0.00901,0.01031,0.01282,0.0,0.0,0.0,0.0,0.00952
PCAP931Light_Individual:47,0.0116,0.00611,0.01129,0.02492,0.04902,0.04737,0.01818,0.05036,0.03529,0.01807,0.02424,0.03509,0.01176
PCAP931Light_Individual:2;,0.05807,0.04886,0.03556,0.02166,0.01994,0.01794,0.02731,0.01384,0.02651,0.01638,0.01437,0.01411,0.01378
PCAP931Light_Individual:28,0.03673,0.02417,0.04494,0.04049,0.02041,0.02655,0.02273,0.01674,0.01613,0.0211,0.02527,0.005,0.02789
PCAP931Light_Individual:29,0.05476,0.02557,0.019,0.02131,0.04129,0.05037,0.03661,0.02418,0.02764,0.02283,0.03056,0.02869,0.01299
PCAP931Light_Individual:26,0.01815,0.03354,0.04092,0.03591,0.04204,0.02309,0.02968,0.02881,0.02043,0.02187,0.036,0.03618,0.03295
PCAP931Light_Individual:6;,0.0307,0.02607,0.01748,0.0283,0.04417,0.0324,0.02183,0.0305,0.04422,0.03317,0.02606,0.02169,0.02451
PCAP931Light_Individual:24,0.02439,0.01942,0.0,0.01974,0.03279,0.05556,0.0,0.0,0.0,0.03226,0.05634,0.03279,0.0
PCAP931Light_Individual:25,0.03723,0.04223,0.03344,0.0473,0.02537,0.03825,0.02469,0.03488,0.01835,0.0551,0.05279,0.04688,0.03743
PCAP931Light_Individual:22,0.12917,0.02381,0.024,0.06513,0.03426,0.06624,0.09009,0.05195,0.03636,0.04444,0.0,0.0,0.01538
PCAP931Light_Individual:23,0.03116,0.03263,0.03444,0.04192,0.06061,0.09865,0.06736,0.09259,0.04854,0.05464,0.07143,0.07207,0.01316
PCAP931Light_Individual:20,0.09222,0.08138,0.07692,0.09485,0.12626,0.09821,0.06881,0.05714,0.1358,0.10959,0.04938,0.05128,0.02381
PCAP931Light_Individual:21,0.06502,0.07718,0.11765,0.04587,0.10577,0.06164,0.04412,0.08309,0.05263,0.04324,0.08594,0.04564,0.05128
PCAP931Light_Individual:34,0.01921,0.02639,0.02865,0.01806,0.02657,0.01897,0.01481,0.02344,0.03612,0.04823,0.03704,0.03488,0.02463
PCAP931Light_Individual:38,0.01381,0.0151,0.01661,0.00321,0.01087,0.01211,0.00529,0.02273,0.01221,0.01524,0.0274,0.01157,0.02235
PCAP931Light_Individual:35,0.03605,0.03483,0.03602,0.01744,0.0203,0.01632,0.02,0.02513,0.02256,0.02435,0.0195,0.01876,0.06577
PCAP931Light_Individual:27,0.05357,0.17787,0.09639,0.03822,0.02869,0.03584,0.03181,0.02865,0.02046,0.0281,0.01603,0.01849,0.01552
PCAP931Light_Individual:11,0.03252,0.02806,0.0,0.01064,0.03738,0.09434,0.01282,0.03008,0.04027,0.00763,0.01935,0.02759,0.0
PCAP931Light_Individual:37,0.0156,0.02213,0.0264,0.0225,0.0097,0.0189,0.03038,0.01126,0.01702,0.03571,0.01014,0.02929,0.03595
PCAP931Light_Individual:36,0.02362,0.03239,0.02407,0.02953,0.02578,0.02299,0.01031,0.06098,0.01589,0.02354,0.02043,0.02554,0.01703
PCAP931Light_Individual:5;,0.07379,0.06022,0.04507,0.03614,0.03763,0.01961,0.02618,0.01636,0.01927,0.03855,0.03108,0.01491,0.00716
PCAP931Light_Individual:9;,0.06799,0.05498,0.04087,0.04311,0.03144,0.01966,0.01777,0.0159,0.01569,0.01823,0.01549,0.01896,0.01307
PCAP931Light_Individual:31,0.03091,0.0269,0.03,0.02458,0.0333,0.03459,0.0361,0.02489,0.0299,0.01182,0.01797,0.01901,0.02593
PCAP931Light_Individual:30,0.04222,0.04957,0.0557,0.01912,0.0273,0.03279,0.01844,0.02421,0.04298,0.01728,0.03623,0.0381,0.03584
PCAP931Light_Individual:1;,0.03787,0.04025,0.04601,0.03612,0.03421,0.0268,0.02456,0.02163,0.04167,0.02481,0.048,0.0475,0.04854
PCAP931Light_Individual:19,0.02873,0.02749,0.02177,0.05181,0.06768,0.08032,0.07767,0.04545,0.07965,0.08929,0.06863,0.08911,0.08
PCAP931Light_Individual:18,0.03266,0.05019,0.01911,0.02419,0.08587,0.09774,0.08387,0.04872,0.02936,0.0268,0.08072,0.16456,0.11111
PCAP931Light_Individual:39,0.04805,0.02365,0.03121,0.03315,0.02096,0.00998,0.04027,0.01299,0.0186,0.02037,0.01338,0.01003,0.02899
PCAP931Light_Individual:33,0.05232,0.03713,0.03917,0.04104,0.05657,0.03075,0.03081,0.03049,0.02817,0.041,0.03072,0.05044,0.017
PCAP931Light_Individual:3;,0.02909,0.0222,0.02182,0.01425,0.02374,0.01731,0.02111,0.01765,0.02845,0.01766,0.02651,0.01019,0.02365
PCAP931Light_Individual:32,0.02358,0.00704,0.01855,0.01863,0.01732,0.01481,0.01795,0.01685,0.02163,0.02046,0.02828,0.01826,0.02219
PCAP931Light_Individual:13,0.0341,0.03896,0.05125,0.02003,0.02141,0.04036,0.04615,0.04844,0.0227,0.02163,0.05292,0.04938,0.06378
PCAP931Light_Individual:12,0.0349,0.03318,0.06766,0.03388,0.03589,0.02761,0.0431,0.04637,0.04065,0.04097,0.03199,0.02908,0.04017
PCAP931Light_Individual:7;,0.02242,0.04715,0.03402,0.02815,0.03213,0.02183,0.05581,0.0323,0.05254,0.02665,0.02724,0.02031,0.01874
PCAP931Light_Individual:10,0.01685,0.038,0.00552,0.00317,0.00547,0.00458,0.00459,0.00106,0.01125,0.00229,0.05161,0.01509,0.01901
PCAP931Light_Individual:17,0.03122,0.03347,0.04276,0.05758,0.03917,0.07414,0.04724,0.05383,0.07932,0.09091,0.06502,0.08997,0.10132
PCAP931Light_Individual:16,0.04983,0.06657,0.11348,0.15342,0.05274,0.15504,0.02872,0.15021,0.04274,0.19708,0.25,0.11538,0.23529
PCAP931Light_Individual:15,0.02686,0.02224,0.06029,0.03481,0.03639,0.04448,0.04305,0.02869,0.02571,0.01327,0.02217,0.03135,0.02571
PCAP931Light_Individual:14,0.03866,0.03556,0.04292,0.03881,0.06213,0.08392,0.07229,0.07631,0.13527,0.065,0.07778,0.0747,0.05451
