PCAP814Light_Individual:8;,0.30918,0.15859,0.08537,0.06316,0.08911,0.04906,0.08837,0.06204,0.08205,0.03226,0.09662,0.04142,0.06931
PCAP814Light_Individual:48,0.23364,0.28445,0.19959,0.15144,0.08013,0.14583,0.15523,0.175,0.12556,0.20833,0.15094,0.22857,0.20548
PCAP814Light_Individual:4;,0.30655,0.14643,0.12973,0.075,0.09302,0.03604,0.07018,0.10101,0.07368,0.08209,0.19835,0.21818,0.15278
PCAP814Light_Individual:40,0.30818,0.18571,0.15909,0.1619,0.19084,0.13913,0.07273,0.16071,0.09333,0.1215,0.0354,0.09816,0.05882
PCAP814Light_Individual:41,0.22506,0.24731,0.23636,0.0,0.03122,0.0,0.0,0.0,0.0,0.0,0.0,0.0,0.04348
PCAP814Light_Individual:42,0.18284,0.15046,0.10085,0.09593,0.10073,0.09607,0.05042,0.10256,0.10345,0.10185,0.0303,0.02326,0.55556
PCAP814Light_Individual:43,0.22762,0.23125,0.16993,0.10092,0.06154,0.0297,0.08911,0.04348,0.06787,0.14474,0.15702,0.18467,0.12613
PCAP814Light_Individual:44,0.22091,0.25335,0.27536,0.19811,0.0,0.06404,0.0677,0.0751,0.06762,0.077,0.14,0.05882,0.16279
PCAP814Light_Individual:45,0.17489,0.24561,0.19202,0.21854,0.16062,0.07477,0.10638,0.13636,0.06557,0.11504,0.19753,0.20253,0.17308
PCAP814Light_Individual:46,0.15238,0.1626,0.11111,0.09091,0.03947,0.05455,0.10714,0.11236,0.02381,0.0,0.09524,0.13462,0.14286
PCAP814Light_Individual:47,0.15974,0.27117,0.29563,0.22356,0.16288,0.11846,0.04825,0.09471,0.06084,0.07359,0.11792,0.20073,0.14885
PCAP814Light_Individual:2;,0.27475,0.35751,0.37731,0.21764,0.28154,0.1847,0.19807,0.28459,0.30341,0.28972,0.19231,0.22444,0.36111
PCAP814Light_Individual:28,0.25641,0.11364,0.125,0.09434,0.20588,0.11594,0.15789,0.16667,0.10204,0.14286,0.04,0.08475,0.11429
PCAP814Light_Individual:29,0.21533,0.16244,0.1659,0.13171,0.128,0.11458,0.11798,0.1234,0.16226,0.1713,0.14085,0.14426,0.13534
PCAP814Light_Individual:26,0.23085,0.21289,0.21797,0.24907,0.20537,0.21186,0.23024,0.19512,0.14448,0.15027,0.18686,0.18242,0.20479
PCAP814Light_Individual:6;,0.25352,0.30273,0.27729,0.29125,0.15648,0.14567,0.2292,0.28616,0.11988,0.1629,0.2302,0.20565,0.24726
PCAP814Light_Individual:24,0.14594,0.2464,0.17898,0.17081,0.11222,0.07828,0.04044,0.09125,0.10101,0.07234,0.07296,0.1336,0.14876
PCAP814Light_Individual:25,0.25467,0.26683,0.34774,0.13942,0.16949,0.14865,0.25783,0.25234,0.13808,0.18576,0.16181,0.19487,0.29138
PCAP814Light_Individual:22,0.25263,0.27907,0.27083,0.0,0.17919,0.14394,0.05556,0.04545,0.01786,0.01508,0.03093,0.06667,0.17431
PCAP814Light_Individual:23,0.23077,0.23129,0.16352,0.16026,0.11628,0.15966,0.17188,0.21875,0.18,0.2,0.13514,0.14545,0.125
PCAP814Light_Individual:20,0.26811,0.25919,0.22148,0.18506,0.09637,0.09256,0.10355,0.09249,0.12,0.19064,0.15217,0.11803,0.19298
PCAP814Light_Individual:21,0.26167,0.29685,0.25,0.11111,0.14286,0.18182,0.10828,0.06977,0.04027,0.1236,0.11905,0.15882,0.14786
PCAP814Light_Individual:34,0.20135,0.25477,0.23103,0.16835,0.16667,0.18239,0.1939,0.1995,0.12127,0.2247,0.21787,0.17829,0.17081
PCAP814Light_Individual:38,0.22278,0.25551,0.20893,0.23469,0.19694,0.1348,0.09524,0.05882,0.09211,0.12329,0.10976,0.15789,0.15385
PCAP814Light_Individual:35,0.23703,0.26486,0.2567,0.20923,0.14935,0.16699,0.14921,0.1519,0.19095,0.1588,0.14862,0.13111,0.11628
PCAP814Light_Individual:27,0.0,0,0,0.09091,0.04,0.04348,0.10811,0.0,0.07889,0.06114,0.07628,0.08559,0.125
PCAP814Light_Individual:11,0.22273,0.21111,0.0,0.08772,0.11321,0.125,0.12195,0.23256,0.06818,0.11594,0.18797,0.16883,0.18644
PCAP814Light_Individual:37,0.32,0.45652,0.31122,0.25828,0.14754,0.11852,0.16102,0.15686,0.23077,0.12429,0.13869,0.13333,0.09272
PCAP814Light_Individual:36,0.28846,0.21717,0.16463,0.09302,0.13571,0.0989,0.16959,0.10227,0.11673,0.11202,0.12698,0.11189,0.13627
PCAP814Light_Individual:5;,0.22664,0.26169,0.28625,0.18959,0.05263,0.06407,0.375,0.0,0.11538,0.22472,0.05,0.16667,0.08475
PCAP814Light_Individual:9;,0.23223,0.29,0.25781,0.22446,0.19456,0.20328,0.23714,0.21955,0.2299,0.25502,0.2085,0.21036,0.17949
PCAP814Light_Individual:31,0.16997,0.18881,0.17759,0.18036,0.16932,0.11136,0.18315,0.20625,0.17726,0.18395,0.2125,0.22766,0.18526
PCAP814Light_Individual:30,0.28605,0.34801,0.07619,0.18548,0.14286,0.18033,0.22424,0.17683,0.19355,0.24359,0.30258,0.25083,0.2526
PCAP814Light_Individual:1;,0.25444,0.24432,0.2931,0.29091,0.28497,0.30483,0.27397,0.26496,0.10052,0.20956,0.33024,0.22375,0.14781
PCAP814Light_Individual:19,0.10687,0.21714,0.2327,0.10256,0.08108,0.05143,0.07368,0.05769,0.02463,0.0354,0.03704,0.03086,0.03297
PCAP814Light_Individual:18,0.2449,0.29288,0.29778,0.24289,0.24399,0.04545,0.07317,0.20513,0.14286,0.0,0.0,0.16667,0.33333
PCAP814Light_Individual:39,0.24808,0.29501,0.28786,0.26448,0.28689,0.31297,0.27306,0.33333,0.14286,0.0,0.10526,0.0,0.03448
PCAP814Light_Individual:33,0.20489,0.20487,0.23219,0.23407,0.27074,0.28406,0.20075,0.23431,0.23537,0.1921,0.16976,0.19918,0.0984
PCAP814Light_Individual:3;,0.17992,0.24849,0.23913,0.23729,0.20597,0.23951,0.19016,0.16569,0.12903,0.13843,0.10682,0.15123,0.15686
PCAP814Light_Individual:32,0.23018,0.23739,0.24138,0.17778,0.12069,0.20455,0.18421,0.12963,0.22222,0.20513,0.15094,0.21154,0.14599
PCAP814Light_Individual:13,0.25342,0.28113,0.29179,0.25702,0.15899,0.06742,0.06897,0.0,0.09091,0,0.04348,0.09091,0.125
PCAP814Light_Individual:12,0.16049,0.22374,0.14013,0.07639,0.08203,0.06294,0.16894,0.13043,0.15574,0.14,0.12048,0.19064,0.12838
PCAP814Light_Individual:7;,0.2,0.20073,0.09497,0.12797,0.09689,0.06486,0.07453,0.09756,0.08,0.10256,0.07979,0.1719,0.18165
PCAP814Light_Individual:10,0.27284,0.26434,0.25797,0.26227,0.21296,0.10934,0.10526,0.10231,0.09214,0.13306,0.10364,0.15293,0.06389
PCAP814Light_Individual:17,0.22793,0.25966,0.2678,0.25336,0.24673,0.26777,0.26045,0.212,0.0678,0.0,0.04348,0.10204,0.03333
PCAP814Light_Individual:16,0.24533,0.26247,0.24165,0.14096,0.0864,0.10031,0.1633,0.23366,0.21299,0.25,0.20304,0.11976,0.12471
PCAP814Light_Individual:15,0.2739,0.27219,0.22603,0.15315,0.125,0.08,0.04412,0.08,0.0,0.01852,0.0,0.0,0.03704
PCAP814Light_Individual:14,0.19579,0.25714,0.09465,0.02041,0.12844,0.13636,0.1,0.07609,0.08621,0.06,0.06977,0.0,0.04255
