AripiprazoleDark_Individual:8;,0.00877,0.04286,0.04225,0.01282,0.02941,0.02105,0.09722,0.02685,0.02841,0.06818,0.0283,0.03297,0.08225
AripiprazoleDark_Individual:48,0.03675,0.0536,0.05287,0.05104,0.05926,0.01786,0.01389,0.04,0.06557,0.01163,0.02353,0.04245,0.02727
AripiprazoleDark_Individual:4;,0.02762,0.0359,0.02653,0.02032,0.01361,0.03175,0.01153,0.01719,0.00407,0.00977,0.01413,0.01235,0.02194
AripiprazoleDark_Individual:40,0.02089,0.02601,0.0307,0.06857,0.02597,0.02927,0.04741,0.03968,0.02518,0.01376,0.01887,0.02994,0.0087
AripiprazoleDark_Individual:41,0.01335,0.0299,0.04122,0.03316,0.02975,0.02434,0.03115,0.01718,0.02526,0.01829,0.03322,0.03548,0.00587
AripiprazoleDark_Individual:42,0.0264,0.02613,0.02073,0.03802,0.00993,0.02765,0.02558,0.02299,0.01294,0.01462,0.02203,0.02685,0.012
AripiprazoleDark_Individual:43,0.02533,0.03639,0.03567,0.04566,0.03156,0.04128,0.03327,0.0303,0.04211,0.02713,0.02304,0.00866,0.02885
AripiprazoleDark_Individual:44,0.01798,0.03239,0.06667,0.03571,0.03333,0.03546,0.03704,0.02183,0.05464,0.01739,0.0,0.02581,0.03067
AripiprazoleDark_Individual:45,0.0181,0.05357,0.01379,0.03846,0,0.0,0.025,0.04433,0.0,0.02857,0.02725,0.0274,0.0
AripiprazoleDark_Individual:46,0.0303,0.03103,0.04854,0.02941,0.09677,0.01739,0.03684,0.03571,0.0,0.0,0.0,0.06885,0.02857
AripiprazoleDark_Individual:47,0.02336,0.0375,0.02281,0.02868,0.0545,0.02582,0.04027,0.01751,0.01609,0.02321,0.00659,0.0334,0.02083
AripiprazoleDark_Individual:2;,0.03906,0.07895,0.05357,0.02913,0.04839,0.06,0.0,0.0,0.0,0.0,0.0,0,0.0
AripiprazoleDark_Individual:28,0.04087,0.02682,0.03597,0.02252,0.01732,0.0241,0.0239,0.012,0.01255,0.00313,0.01487,0.01198,0.02151
AripiprazoleDark_Individual:29,0.03013,0.04476,0.04293,0.03138,0.04469,0.0354,0.02358,0.03733,0.01242,0.0202,0.0125,0.0199,0.0274
AripiprazoleDark_Individual:26,0.00345,0.04545,0.01333,0.05556,0.02143,0.0,0.00581,0.012,0.0,0.0,0.0,0.05,0.5
AripiprazoleDark_Individual:6;,0.0292,0.01626,0.06711,0.0146,0.05645,0.05556,0.01515,0.00909,0.0061,0.0,0.0,0.0,0.0
AripiprazoleDark_Individual:24,0.02268,0.02685,0.03731,0.03155,0.03754,0.04478,0.02381,0.0,0.0,0.01282,0.0,0.0,0.01408
AripiprazoleDark_Individual:25,0.02661,0.02083,0.02765,0.02459,0.02308,0.01843,0.03109,0.00366,0.01282,0.01238,0.00707,0.00557,0.00394
AripiprazoleDark_Individual:22,0.0234,0.03189,0.08,0.1157,0.05195,0.09333,0.06579,0.04082,0.0,0.03947,0.05128,0.05376,0.03659
AripiprazoleDark_Individual:23,0.02823,0.04177,0.03186,0.02869,0.02169,0.01931,0.02857,0.02419,0.02062,0.03814,0.04527,0.05752,0.0386
AripiprazoleDark_Individual:20,0.05523,0.04819,0.07037,0.02484,0.02362,0.03659,0.01887,0.01,0.03529,0.0241,0.03509,0.02174,0.03448
AripiprazoleDark_Individual:21,0.03086,0.03801,0.0,0.06329,0.06204,0.05911,0.02273,0.03306,0.0,0.04348,0.02597,0.01818,0.0
AripiprazoleDark_Individual:34,0.03271,0.04819,0.03612,0.02356,0.0282,0.02339,0.01176,0.00905,0.00952,0.04651,0.03896,0.02479,0.03937
AripiprazoleDark_Individual:38,0.03318,0.02851,0.02887,0.03333,0.01818,0.01302,0.02691,0.00606,0.01985,0.03704,0.01778,0.02041,0.01466
AripiprazoleDark_Individual:35,0.04097,0.05405,0.0303,0.03614,0.01493,0.0,0.00694,0.0,0.00784,0.0,0.0,0.01587,0.00855
AripiprazoleDark_Individual:27,0.04061,0.04622,0.02899,0.03261,0.03571,0.03125,0.03922,0.03012,0.03561,0.03385,0.03716,0.03514,0.0249
AripiprazoleDark_Individual:11,0.02165,0.04167,0.03145,0.0365,0.00472,0.0375,0.02885,0.02339,0.04294,0.03509,0.04202,0.06122,0.02703
AripiprazoleDark_Individual:37,0.03577,0.05221,0.05769,0.04808,0.09639,0.07143,0.0407,0.05102,0.0155,0.0211,0.01515,0.03158,0.06667
AripiprazoleDark_Individual:36,0.02457,0.04944,0.0689,0.05112,0.05957,0.0354,0.02479,0.0117,0.02564,0.03468,0.02041,0.0,0.01639
AripiprazoleDark_Individual:5;,0.01043,0.04878,0.04225,0.08108,0.06452,0.05699,0.01622,0.02451,0.04516,0.01485,0.0,0,0.0
AripiprazoleDark_Individual:9;,0.04615,0.0625,0.03185,0.02632,0.02532,0.0,0.05051,0.04839,0.03333,0.0137,0.02222,0.02165,0.06061
AripiprazoleDark_Individual:31,0.04648,0.04545,0.04208,0.04122,0.01563,0.04839,0.05952,0.01887,0.03261,0.03077,0.0,0.04762,0.00826
AripiprazoleDark_Individual:30,0.0,0.0,0.0,0.0,0.0,0.0303,0.0,0.0,0.02629,0.0,0,0,0.03503
AripiprazoleDark_Individual:1;,0.03556,0.0186,0.0,0.01639,0.07143,0.00699,0.01818,0.00779,0.00368,0.0,0.00962,0.0,0.0
AripiprazoleDark_Individual:19,0.025,0.0411,0.05479,0.02857,0.0216,0.06542,0.0,0.0,0.02353,0.02062,0.05618,0.02778,0.0
AripiprazoleDark_Individual:18,0.01228,0.01042,0.0,0.08219,0.0,0.02407,0.02041,0.02941,0.0177,0.0241,0.03448,0.0303,0.01613
AripiprazoleDark_Individual:39,0.03399,0.03453,0.02821,0.01113,0.01626,0.02432,0.06203,0.05674,0.03365,0.02222,0.02381,0.02885,0.02778
AripiprazoleDark_Individual:33,0.02058,0.03184,0.03531,0.05263,0.05418,0.02929,0.03086,0.0,0.01754,0.0,0.09375,0.02857,0.02941
AripiprazoleDark_Individual:3;,0.05201,0.08784,0.0429,0.02609,0.01342,0.03797,0.02991,0.02101,0.03215,0.01266,0.01345,0.00431,0.0041
AripiprazoleDark_Individual:32,0.02595,0.01515,0.01756,0.01624,0.01583,0.03882,0.0296,0.02916,0.01933,0.03183,0.04013,0.01149,0.02113
AripiprazoleDark_Individual:13,0.03488,0.0411,0.01742,0.01873,0.0251,0.0123,0.02682,0.02187,0.01775,0.03562,0.0172,0.02232,0.00698
AripiprazoleDark_Individual:12,0.04485,0.02674,0.075,0.01869,0.0641,0.05063,0.03093,0.08197,0.02439,0.05357,0.0,0.08197,0.06667
AripiprazoleDark_Individual:7;,0.01418,0.04348,0.02778,0.02762,0.0354,0.04724,0.04706,0.0439,0.01481,0.00307,0.0,0.03279,0.01676
AripiprazoleDark_Individual:10,0.00656,0.04386,0.04425,0.0,0.04918,0.0566,0.06061,0.0,0.01563,0.0,0.07143,0.02632,0.0
AripiprazoleDark_Individual:17,0.01592,0.03846,0.06196,0.08511,0.0,0.0102,0.0241,0.0219,0.01124,0.02469,0.01613,0.01575,0.02597
AripiprazoleDark_Individual:16,0.0117,0.01639,0.0632,0.08247,0.01471,0.02564,0.05495,0.04167,0.01786,0.0,0.03659,0.04902,0.02804
AripiprazoleDark_Individual:15,0.01995,0.02319,0.04187,0.0301,0.02947,0.03758,0.03088,0.02778,0.03846,0.02482,0.01716,0.02128,0.03805
AripiprazoleDark_Individual:14,0.01717,0.04225,0.03859,0.04693,0.03746,0.03977,0.00485,0.03867,0.01648,0.0184,0.0,0.01515,0.01261
CariprazineDark_Individual:8;,0.01971,0.03448,0.02941,0.03911,0.04918,0.02273,0.04237,0.04024,0.01262,0.02609,0.02235,0.0307,0.04
CariprazineDark_Individual:48,0.02861,0.05263,0.05852,0.05063,0.03185,0.03834,0.02326,0.03968,0.04839,0.04008,0.00803,0.04545,0.02247
CariprazineDark_Individual:4;,0.02436,0.02949,0.03785,0.04153,0.03205,0.0352,0.02681,0.02625,0.01183,0.03333,0.02375,0.03195,0.01859
CariprazineDark_Individual:40,0.0264,0.05208,0.02941,0.03743,0.0473,0.0,0.0,0.05263,0.01124,0.04167,0.02703,0.01316,0.0
CariprazineDark_Individual:41,0.02167,0.03011,0.05521,0.06612,0.02299,0.0,0.06061,0.02778,0.05714,0.02128,0.04167,0.075,0.03125
CariprazineDark_Individual:42,0.047,0.09677,0.05,0.01408,0.04762,0.01205,0.01266,0.02609,0.04167,0.04348,0.02041,0.01754,0.06061
CariprazineDark_Individual:43,0.03956,0.04027,0.01408,0.0,0.00813,0.02581,0.02564,0.01136,0.03371,0.01333,0.0,0.03297,0.06024
CariprazineDark_Individual:44,0.00967,0.04313,0.03191,0.0119,0.0,0.06349,0.01163,0.02198,0.0,0.06349,0.05333,0.03636,0.0463
CariprazineDark_Individual:45,0.02002,0.04798,0.03588,0.03981,0.03433,0.03913,0.04,0.05755,0.06475,0.03681,0.02976,0.04082,0.01863
CariprazineDark_Individual:46,0.0543,0.0641,0.02817,0.0,0.08333,0.0,0.01852,0.0,0.03333,0.07576,0.02857,0.03077,0.04762
CariprazineDark_Individual:47,0.03037,0.01502,0.03949,0.01727,0.03837,0.0223,0.0324,0.07042,0.09524,0.0,0.01047,0.01075,0.0
CariprazineDark_Individual:2;,0.04403,0.06325,0.04569,0.0367,0.0449,0.03061,0.04207,0.04781,0.02622,0.01739,0.0131,0.04077,0.02305
CariprazineDark_Individual:28,0.03613,0.05624,0.04506,0.05825,0,0.04348,0.04822,0.03111,0.02994,0.08247,0.04094,0.01423,0.07447
CariprazineDark_Individual:29,0.03542,0.02609,0.02721,0.00676,0.0339,0.0,0.02632,0.02857,0.0,0.0,0.01176,0.0,0.01351
CariprazineDark_Individual:26,0.05439,0.06087,0.0,0.04762,0.01975,0.01053,0.03347,0.04054,0.06542,0.016,0.0678,0.03205,0.0
CariprazineDark_Individual:6;,0.02462,0.0,0.0875,0.125,0.06061,0.02857,0.01135,0.02857,0.015,0.025,0.01453,0.02033,0.0101
CariprazineDark_Individual:24,0.01261,0.01871,0.03958,0.05556,0.04795,0.03497,0.04478,0.0,0.01163,0.05405,0.07317,0.08696,0.02778
CariprazineDark_Individual:25,0.04494,0.07192,0.03394,0.00529,0.0,0.0,0.00769,0.00816,0.01031,0.02347,0.0163,0.005,0.0098
CariprazineDark_Individual:22,0.02149,0.04088,0.04321,0.00851,0.03289,0.0,0.01653,0.016,0.0241,0.01053,0.0381,0.02151,0.03306
CariprazineDark_Individual:23,0.02425,0.03043,0.03503,0.02372,0.03837,0.03158,0.02778,0.07143,0.0614,0.03175,0.0,0.05556,0.0
CariprazineDark_Individual:20,0.08276,0.04167,0.09091,0.0,0.02913,0.05224,0.11594,0.03731,0.02597,0.13889,0.02564,0.08333,0.0137
CariprazineDark_Individual:21,0.02044,0.02434,0.04681,0.04,0.02315,0.02844,0.02876,0.0182,0.0,0.02941,0.0,0.0256,0.02899
CariprazineDark_Individual:34,0.01577,0.06723,0.0449,0.0339,0.02381,0.04286,0.07965,0.04167,0.05714,0.0597,0.02632,0.02128,0.06299
CariprazineDark_Individual:38,0.01826,0.00943,0.0202,0.01389,0.0,0.0,0.0,0.0,0.02353,0.03419,0.02703,0.0,0.07273
CariprazineDark_Individual:35,0.02504,0.02616,0.05505,0.01538,0.0,0.01852,0.02857,0.02857,0.0,0.0,0.02128,0.01282,0.06452
CariprazineDark_Individual:27,0.03846,0.11443,0.125,0.02857,0.03947,0.05491,0.07813,0.01865,0.04762,0.02778,0.05479,0.03415,0.04938
CariprazineDark_Individual:11,0.02196,0.07059,0.10345,0.12088,0.10526,0.08333,0.1,0.04478,0.09375,0.03061,0.07692,0.03125,0.05263
CariprazineDark_Individual:37,0.06452,0.04494,0.06,0.03738,0.01587,0.02778,0.0,0.0,0.0,0.0,0.0,0.0,0.0
CariprazineDark_Individual:36,0.03097,0.07368,0.05634,0.09259,0.0,0.0,0.04412,0.0,0.0625,0.01587,0.125,0.05,0.0625
CariprazineDark_Individual:5;,0.01796,0.02817,0.05128,0.01064,0.01266,0.02817,0.02,0.01266,0.03333,0.0,0.01124,0.0,0.0
CariprazineDark_Individual:9;,0.00756,0.02578,0.05092,0.03303,0.02778,0.00971,0.01299,0.01163,0.0,0.0,0.02778,0.02857,0.0
CariprazineDark_Individual:31,0.0381,0.0597,0.02174,0.03846,0.04706,0.02804,0.02597,0.02752,0.02105,0.04,0.04286,0.01639,0.0
CariprazineDark_Individual:30,0.01987,0.03937,0.03333,0.0303,0.02062,0.01802,0,0.0101,0.0,0.02424,0.00872,0.01333,0.03731
CariprazineDark_Individual:1;,0.02204,0.01198,0.06818,0.0,0.02521,0.02326,0.0,0.06452,0.01538,0.02155,0.0,0.0,0.0125
CariprazineDark_Individual:19,0.01673,0.02933,0.04124,0.0,0.08,0.06522,0.10169,0.06667,0.0,0.0,0.0,0.03125,0.05556
CariprazineDark_Individual:18,0.0073,0.02963,0.05785,0.06024,0.0814,0.0,0.04651,0.00833,0.06452,0.01702,0.01449,0.0,0.02899
CariprazineDark_Individual:39,0.04492,0.02459,0.11321,0.0,0.04688,0.0,0.0375,0.08696,0.01667,0.03333,0.01099,0.05556,0.0
CariprazineDark_Individual:33,0.02802,0.07273,0.01659,0.00935,0.02222,0.03797,0.01449,0.09756,0.03,0.0,0.03509,0.04762,0.04545
CariprazineDark_Individual:3;,0.04524,0.08333,0.06278,0.03846,0.02273,0.01333,0.03571,0.01031,0.01852,0.03077,0.0198,0.0,0.06667
CariprazineDark_Individual:32,0.08317,0.06811,0.05988,0.03401,0.01538,0.02532,0.03409,0.06306,0.04545,0.00893,0.01961,0.01587,0.10811
CariprazineDark_Individual:13,0.02264,0.0302,0.04167,0.03061,0.0,0.02098,0.05,0.0,0.01838,0.0,0.0,0.0,0.04348
CariprazineDark_Individual:12,0.03483,0.04122,0.06464,0.06579,0.02667,0.02632,0.03279,0.0,0.0,0.025,0.0,0.05556,0.05
CariprazineDark_Individual:7;,0.01538,0.08,0.0,0.05405,0.01852,0.06383,0.0,0.0117,0.125,0.03125,0.0,0.0,0.06061
CariprazineDark_Individual:10,0.03919,0.06061,0.07258,0.04615,0.07229,0.02927,0.10843,0.02857,0.03922,0.06,0.0,0.03571,0.05882
CariprazineDark_Individual:17,0.03374,0.03137,0.04969,0.04132,0.03774,0.04651,0.02817,0.04,0.03448,0.01923,0.0,0.0,0.02287
CariprazineDark_Individual:16,0.02057,0.04819,0.02994,0.0,0.03448,0.03333,0.0274,0.05102,0.03509,0.04211,0.02247,0.0,0.03947
CariprazineDark_Individual:15,0.029,0.02844,0.04709,0.02381,0.00735,0.02885,0.0,0.01053,0.0084,0.0,0.0119,0.0274,0.0137
CariprazineDark_Individual:14,0.06957,0.06897,0.0,0.0,0.02333,0.02778,0.02564,0.07692,0.03125,0.01563,0.0096,0.06818,0.03774
ClozapineDark_Individual:8;,0.04362,0.04864,0.06,0.01942,0.01739,0.0,0.0,0.0,0.01538,0.01786,0.01563,0.02326,0.0
ClozapineDark_Individual:48,0.02893,0.00224,0.0109,0.02049,0.0107,0.00521,0.01835,0.02041,0.04348,0.00873,0.02604,0.01948,0.00424
ClozapineDark_Individual:4;,0.01542,0.01449,0.0,0.0,0.0,0.0,0.0,0.14286,0.05556,0.0,0.0,0.0,0.07143
ClozapineDark_Individual:40,0.02486,0.02932,0.03175,0.01508,0.01042,0.01058,0.02128,0.00719,0.025,0.03509,0.02222,0.01111,0.01064
ClozapineDark_Individual:41,0.02731,0.03252,0.0411,0.04357,0.04372,0.04815,0.05337,0.02427,0.04603,0.0549,0.03249,0.02966,0.02463
ClozapineDark_Individual:42,0.01418,0.05422,0.03834,0.06186,0.02315,0.01942,0.06061,0.02632,0.04023,0.02373,0.02439,0.04225,0.00635
ClozapineDark_Individual:43,0.04673,0.04455,0.02308,0.03361,0.03247,0.02703,0.0119,0.0,0.02727,0.00926,0.0274,0.02655,0.02564
ClozapineDark_Individual:44,0.0089,0.03563,0.03073,0.03273,0.01626,0.00532,0.02155,0.01935,0.03046,0.01254,0.0362,0.02994,0.03684
ClozapineDark_Individual:45,0.00212,0.00313,0.0031,0.00867,0.00784,0.0,0.01587,0.00905,0.00905,0.01124,0.00518,0.0,0.00546
ClozapineDark_Individual:46,0.02009,0.02663,0.03488,0.00529,0.01575,0.0,0.01136,0.0,0.00873,0.02273,0.0,0.03061,0.01379
ClozapineDark_Individual:47,0.03454,0.02419,0.02203,0.02022,0.03534,0.05357,0.02336,0.02193,0.03163,0.0211,0.03684,0.02362,0.03125
ClozapineDark_Individual:2;,0.00703,0.02995,0.00539,0.01155,0.01362,0.01338,0.0094,0.00725,0.01493,0.00704,0.01215,0.01838,0.0
ClozapineDark_Individual:28,0.05175,0.05,0,0.0,0.0,0.0,0.01695,0.02941,0.01075,0.0,0.02273,0.0,0.01681
ClozapineDark_Individual:29,0.01325,0.0,0.0,0.05682,0.0,0.0,0.0,0.0,0.0,0.0,0.0,0.0,0.025
ClozapineDark_Individual:26,0.00238,0.0,0.0,0.00939,0.01322,0.01351,0.0113,0.01942,0.0119,0.00714,0.0,0.00709,0.0
ClozapineDark_Individual:6;,0.01253,0.00921,0.00728,0.00637,0.0,0.01408,0.01205,0.0,0.03125,0.0,0.0,0.0,0.0
ClozapineDark_Individual:24,0.00817,0.01613,0.02326,0.0,0.01538,0.01282,0.0125,0.0,0.01613,0.01639,0.0303,0.03571,0.0411
ClozapineDark_Individual:25,0.00858,0.00711,0.01136,0.00733,0.00345,0.00806,0.02927,0.00521,0.01571,0.00629,0.00758,0.01732,0.00855
ClozapineDark_Individual:22,0.01948,0.01429,0.01646,0.0176,0.04569,0.0119,0.02094,0.0155,0.03247,0.04132,0.00704,0.025,0.0
ClozapineDark_Individual:23,0.01111,0.02235,0.01703,0.02572,0.00974,0.01951,0.00855,0.00485,0.03158,0.01282,0.00633,0.02479,0.03352
ClozapineDark_Individual:20,0.01667,0.02965,0.01681,0.02575,0.01042,0.05806,0.02083,0.03158,0.03226,0.01786,0.0,0.016,0.02985
ClozapineDark_Individual:21,0.03043,0.0,0.04225,0.0,0.0,0.05128,0.04,0.0,0.0,0.0,0.09091,0.0,0.02174
ClozapineDark_Individual:34,0.00985,0.03191,0.04082,0.00781,0.0,0.00358,0.00365,0.0,0.00676,0.0,0.0,0.0,0.00775
ClozapineDark_Individual:38,0.02833,0.03423,0.025,0.0,0.0,0.0,0.0,0.02116,0.00763,0.0,0.00585,0.01307,0.00833
ClozapineDark_Individual:35,0.04206,0.02489,0.0198,0.02588,0.01296,0.02857,0.0127,0.01322,0.00417,0.01984,0.01509,0.01395,0.03425
ClozapineDark_Individual:27,0.01653,0.00924,0.04545,0.01575,0.0,0.01508,0.00667,0.01786,0.0068,0.0274,0.01064,0.0137,0.0
ClozapineDark_Individual:11,0.02399,0.03304,0.03155,0.04641,0.04727,0.03311,0.04348,0.05036,0.02717,0.01266,0.0125,0.01149,0.03252
ClozapineDark_Individual:37,0.03482,0.05956,0.02564,0.03448,0.04854,0.00633,0.03906,0.00917,0.02632,0.05155,0.02326,0.05,0.04054
ClozapineDark_Individual:36,0.03593,0.0495,0.0,0.0,0.01333,0.0,0.0,0.02778,0.01111,0.0,0.01235,0.0,0.00662
ClozapineDark_Individual:5;,0.0442,0.0,0.0,0.00483,0.01093,0.0,0.00909,0.03243,0.0,0.0,0.0,0.01596,0.0
ClozapineDark_Individual:9;,0.02825,0.01695,0.01258,0.0146,0.0,0.008,0.0,0.0,0.0,0.0,0.0,0.0,0.0
ClozapineDark_Individual:31,0.01847,0.0125,0.0,0.0,0.02299,0.01626,0.02809,0.01869,0.0,0.00943,0.0,0.02542,0.0
ClozapineDark_Individual:30,0.02184,0.01951,0.00846,0.02268,0.02632,0.02791,0.0084,0.0,0.0,0.00735,0.01053,0.01163,0.0
ClozapineDark_Individual:1;,0.03094,0.01918,0.02074,0.04338,0.04688,0.0,0.04255,0.0,0.00769,0.01282,0.0,0.0,0.0
ClozapineDark_Individual:19,0.01639,0.03091,0.01563,0.03085,0.01425,0.01449,0.05172,0.04706,0.01153,0.02023,0.00877,0.02137,0.01235
ClozapineDark_Individual:18,0.03757,0.04802,0.02135,0.03604,0.01064,0.03409,0.00738,0.00637,0.00615,0.02473,0.00422,0.00631,0.00692
ClozapineDark_Individual:39,0.02319,0.0388,0.04094,0.03676,0.02806,0.03333,0.03,0.01053,0.01299,0.01493,0.01136,0.00847,0.0
ClozapineDark_Individual:33,0.01838,0.00569,0.00769,0.00664,0.01163,0.00549,0.01702,0.0,0.01724,0.0,0.00571,0.0,0.00775
ClozapineDark_Individual:3;,0.02315,0.03631,0.01383,0.03747,0.01422,0.03571,0.01235,0.00873,0.03497,0.0,0.0102,0.0,0.01429
ClozapineDark_Individual:32,0.02746,0.01594,0.01662,0.01656,0.01288,0.00427,0.02049,0.01227,0.00901,0.00441,0.00562,0.03261,0.02941
ClozapineDark_Individual:13,0.025,0.06667,0.0,0.07377,0.0,0.02941,0.03226,0.01449,0.04688,0.01754,0.0,0.0303,0.0
ClozapineDark_Individual:12,0.01342,0.00963,0.01005,0.0137,0.00508,0.01527,0.01961,0.01648,0.0,0.0,0.0,0.0,0.01
ClozapineDark_Individual:7;,0.01289,0.00247,0.02137,0.02538,0.01242,0.01042,0.03378,0.02174,0.01418,0.03571,0.0,0.0,0.00862
ClozapineDark_Individual:10,0.01124,0.00917,0.01587,0.01105,0.024,0,0.05405,0.0,0.00727,0.01869,0.02837,0.01149,0.01923
ClozapineDark_Individual:17,0.01288,0.01973,0.03571,0.02711,0.0122,0.01333,0.02548,0.02721,0.01481,0.00575,0.01053,0.00858,0.0125
ClozapineDark_Individual:16,0.01904,0.03863,0.01361,0.02736,0.0121,0.00658,0.01103,0.0,0.0,0.01186,0.0,0.0,0.0
ClozapineDark_Individual:15,0.016,0.03208,0.02591,0.04208,0.02885,0.02381,0.03586,0.01744,0.04706,0.01485,0.03788,0.03571,0.04636
ClozapineDark_Individual:14,0.01887,0.0322,0.04369,0.03939,0.01031,0.01316,0.03165,0.02703,0.03311,0.01575,0.0137,0.01786,0.02062
CNODark_Individual:8;,0.04762,0.05185,0.08091,0.0431,0.05946,0.02128,0.06723,0.07627,0.03604,0.05357,0.02727,0.03846,0.02479
CNODark_Individual:48,0.02387,0.06691,0.05405,0.02402,0.0619,0.08982,0.03784,0.05263,0.0221,0.03237,0.03529,0.04167,0.05797
CNODark_Individual:4;,0.0233,0.01786,0.04244,0.04314,0.03352,0.04717,0.06522,0.04478,0.01418,0.00806,0.02976,0.05128,0.03922
CNODark_Individual:40,0.00671,0.05085,0.0,0.02667,0.05882,0.0,0.0,0.0082,0.01333,0.0,0.01205,0.02256,0.00599
CNODark_Individual:41,0.01667,0.072,0.01835,0.03883,0.02857,0.04225,0.02667,0.0,0.03571,0.02532,0.02381,0.01887,0.0
CNODark_Individual:42,0.01637,0.03455,0.04074,0.04094,0.03429,0.05114,0.02273,0.03797,0.07216,0.04412,0.08163,0.05505,0.03125
CNODark_Individual:43,0.0281,0.04412,0.03009,0.05152,0.04511,0.07111,0.05263,0.03797,0.02353,0.03871,0.01935,0.04061,0.05195
CNODark_Individual:44,0.00543,0.01807,0.00532,0.00971,0.03738,0.016,0.0,0.0,0.04762,0.0,0.04167,0.0,0.03261
CNODark_Individual:45,0.0528,0.01515,0.03922,0,0.02857,0.02899,0.04348,0.05195,0.07792,0.03191,0.02353,0.03896,0.02985
CNODark_Individual:46,0.0093,0.04156,0.02446,0.05213,0.07534,0.08527,0.04255,0.08284,0.04082,0.04828,0.04286,0.05224,0.03371
CNODark_Individual:47,0.01378,0.02451,0.01224,0.0,0.04464,0.08861,0.0303,0.08065,0.01754,0.08537,0.03175,0.01099,0.03448
CNODark_Individual:2;,0.00906,0.02957,0.01435,0.01575,0.04082,0.05556,0.02703,0.08235,0.0339,0.03788,0.05172,0.05674,0.02273
CNODark_Individual:28,0.02055,0.05747,0.024,0.01,0.06667,0.07692,0.04255,0.00971,0.01887,0.01031,0.05618,0.01802,0.0
CNODark_Individual:29,0.02612,0.04167,0.06944,0.08929,0.05882,0.03922,0.03922,0.0,0.0,0.02174,0.0375,0.04348,0.05
CNODark_Individual:26,0.02865,0.00645,0.04348,0.05607,0.02913,0.04396,0.02326,0.00901,0.0597,0.0229,0.00962,0.02362,0.0202
CNODark_Individual:6;,0.00926,0.0084,0.01193,0.01542,0.00556,0.01575,0.02439,0.01478,0.01075,0.0303,0.0113,0.00568,0.01242
CNODark_Individual:24,0.0257,0.05134,0.04651,0.06289,0.03333,0.03797,0.05369,0.02604,0.05732,0.02395,0.06486,0.02516,0.02841
CNODark_Individual:25,0.02681,0.06716,0.048,0.04124,0.04854,0.05797,0.05,0.05405,0.0814,0.0,0.0,0.0,0.04762
CNODark_Individual:22,0.00347,0.00524,0.01231,0.03913,0.0051,0.03067,0.01418,0.02985,0.01504,0.01626,0.00575,0.02837,0.04237
CNODark_Individual:23,0.03201,0.02,0.05722,0.05839,0.03084,0.04132,0.03315,0.03472,0.05517,0.01361,0.03704,0.02381,0.03008
CNODark_Individual:20,0.02277,0.0399,0.05366,0.05789,0.01747,0.02956,0.02655,0.0,0.04762,0.02439,0.0,0.0303,0.07692
CNODark_Individual:21,0.01493,0.01899,0.03425,0.05488,0.03546,0.0146,0.03497,0.02542,0.01274,0.02439,0.03788,0.03597,0.03175
CNODark_Individual:34,0.01389,0.01734,0.00771,0.04167,0.04762,0.0,0.0,0.02098,0.04412,0.01515,0.0073,0.00676,0.0283
CNODark_Individual:38,0.03354,0.02643,0.02878,0.0354,0.04132,0.03759,0.03409,0.04255,0.02703,0.0,0.02105,0.02679,0.02235
CNODark_Individual:35,0.02967,0.02308,0.03704,0.03053,0.01695,0.00962,0.0303,0.04854,0.05785,0.00813,0.01575,0.00833,0.04032
CNODark_Individual:27,0.01661,0.05051,0.04787,0.01163,0.03614,0.01653,0.03738,0.04587,0.05155,0.06897,0.01075,0.01887,0.01724
CNODark_Individual:11,0.02174,0.06728,0.08383,0.07179,0.04908,0.06202,0.04412,0.06061,0.05682,0.03448,0.04444,0.0566,0.05806
CNODark_Individual:37,0.03497,0.04221,0.04073,0.0436,0.05405,0.02326,0.02105,0.06977,0.02381,0.0,0.04651,0.0274,0.02222
CNODark_Individual:36,0.02685,0.1,0.06429,0.07692,0.024,0.03597,0.05263,0.03419,0.06034,0.01613,0.06897,0.02,0.05263
CNODark_Individual:5;,0.02392,0.05034,0.03963,0.0681,0.08333,0.05691,0.03704,0.04348,0.03106,0.01935,0.00763,0.01681,0.00794
CNODark_Individual:9;,0.03,0.02626,0.03733,0.04184,0.05674,0.11628,0.04505,0.0625,0.08197,0.04225,0.02985,0.04,0.01724
CNODark_Individual:31,0.02385,0.02526,0.08065,0.03974,0.05385,0.04211,0.05505,0.08333,0.03125,0.06723,0.04545,0.06731,0.075
CNODark_Individual:30,0.01923,0.04555,0.02793,0.02281,0.0,0.0119,0.0125,0.03,0.01613,0.00699,0.0113,0.00685,0.01299
CNODark_Individual:1;,0.02081,0.03044,0.03872,0.03448,0.03196,0.05019,0.03271,0.04369,0.07317,0.05195,0.0375,0.0375,0.01242
CNODark_Individual:19,0.01322,0.01969,0.0,0.04237,0.02299,0.03614,0.0625,0.03448,0.0,0.0,0.0,0.0,0.0
CNODark_Individual:18,0.01208,0.03306,0.0,0.0,0.0,0.0,0.0,0.0,0.0339,0.02222,0.0,0.00658,0.03226
CNODark_Individual:39,0.02462,0.08571,0.03279,0.06061,0.01942,0.03636,0.05714,0.0,0.04478,0.07143,0.02198,0.01639,0.01714
CNODark_Individual:33,0.01094,0.03385,0.03382,0.05263,0.01818,0.02439,0.03636,0.0339,0.03636,0.05512,0.03125,0.0177,0.04082
CNODark_Individual:3;,0.01301,0.03208,0.0297,0.03125,0.00683,0.02632,0.0093,0.03153,0.01681,0.01087,0.02655,0.0,0.00794
CNODark_Individual:32,0.03493,0.00952,0.03448,0.05,0.03774,0.03883,0.05556,0.02778,0.0,0.0,0.0,0.01818,0.0339
CNODark_Individual:13,0.01105,0.04459,0.04348,0.03125,0.02041,0.04425,0.0411,0.06122,0.00962,0.01852,0.02439,0.03191,0.00952
CNODark_Individual:12,0.01199,0.02935,0.00732,0.00299,0.00837,0.01327,0.00976,0.0181,0.02454,0.00568,0.0,0.0,0.01852
CNODark_Individual:7;,0.01567,0.04268,0.02548,0.03597,0.03315,0.03425,0.04494,0.03681,0.01604,0.05229,0.0,0.0125,0.03977
CNODark_Individual:10,0.0,0.02755,0.04306,0.01639,0.04724,0.00855,0.08772,0.0229,0.03061,0.0297,0.02632,0.02151,0.03704
CNODark_Individual:17,0.02031,0.05525,0.09794,0.0814,0.09009,0.09877,0.10448,0.13115,0.04545,0.08,0.0625,0.0,0.05
CNODark_Individual:16,0.01337,0.01395,0.03676,0.04938,0.04762,0.04545,0.08333,0.0,0.02857,0.05882,0.0625,0.01163,0.01299
CNODark_Individual:15,0.00833,0.02985,0.01163,0.0241,0.01,0.03659,0.07438,0.01099,0.03623,0.03759,0.01235,0.04301,0.02353
CNODark_Individual:14,0.01846,0.02851,0.01881,0.01521,0.06077,0.01935,0.0,0.00621,0.03659,0.00606,0.0,0.05769,0.00962
HaloperidolDark_Individual:8;,0.03271,0.03595,0.02703,0.01442,0.01648,0.01111,0.0,0.00571,0.03158,0.0,0.00526,0.02752,0.0
HaloperidolDark_Individual:48,0.02881,0.0249,0.01667,0.03333,0.0,0.04762,0.0,0.0,0.0,0.0,0.02174,0.04225,0.01111
HaloperidolDark_Individual:4;,0.01631,0.02007,0.01145,0.00743,0.01546,0.01826,0.01111,0.01695,0.00385,0.00295,0.00253,0.00722,0.01705
HaloperidolDark_Individual:40,0.02645,0.01558,0.02022,0.02018,0.02273,0.04082,0.025,0.02239,0.02247,0.00943,0.02247,0.02703,0.01333
HaloperidolDark_Individual:41,0.01482,0.02017,0.00432,0.01632,0,0.0,0.02273,0.0,0.03361,0.01,0.03922,0.02778,0.0
HaloperidolDark_Individual:42,0.01471,0.02136,0.00893,0.03169,0.05729,0.02247,0.03415,0.016,0.00725,0.03067,0.02128,0.0315,0.03876
HaloperidolDark_Individual:43,0.00902,0.01276,0.01282,0.01333,0.01563,0.01205,0.03955,0.01026,0.02454,0.00803,0.01047,0.03468,0.0303
HaloperidolDark_Individual:44,0.01895,0.02961,0.04396,0.06504,0.04902,0.04167,0.05714,0.03086,0.02105,0.03614,0.01111,0.025,0.03261
HaloperidolDark_Individual:45,0.01652,0.02388,0.03456,0.05837,0.04202,0.03488,0.0,0.0375,0.04196,0.01807,0.05063,0.03571,0.04098
HaloperidolDark_Individual:46,0.00643,0.01739,0.02169,0.01653,0.02174,0.04762,0.05263,0.00444,0.02247,0.0,0.0,0.0,0.0
HaloperidolDark_Individual:47,0.01102,0.01209,0.01823,0.00948,0.01361,0.01099,0.01802,0.03704,0.0,0.0098,0.03226,0.03704,0.03
HaloperidolDark_Individual:2;,0.02192,0.02699,0.03542,0.01958,0.01429,0.02703,0.02198,0.0117,0.00545,0.00442,0.02455,0.01186,0.01266
HaloperidolDark_Individual:28,0.03912,0.02548,0.02609,0.00526,0.01389,0.03409,0.0117,0.00858,0.01159,0.00613,0.01976,0.01176,0.01754
HaloperidolDark_Individual:29,0.03846,0.01111,0.04819,0.02424,0.04839,0.01124,0.02326,0.00787,0.00562,0.02479,0.00901,0.0,0.0339
HaloperidolDark_Individual:26,0.03309,0.00613,0.0,0.0,0.0,0.0,0.0,0.0,0,0.0,0,0,0
HaloperidolDark_Individual:6;,0.01124,0.0,0.00752,0.01974,0.01136,0.0,0.01124,0.02714,0.01709,0.00697,0.01923,0.0,0.04082
HaloperidolDark_Individual:24,0.01226,0.02762,0.02915,0.02811,0.03175,0.01587,0.00966,0.0122,0.0,0.01935,0.02143,0.0068,0.01274
HaloperidolDark_Individual:25,0.02896,0.02606,0.00943,0.00503,0.02146,0.02532,0.00485,0.0,0.0,0.00714,0.0,0.00704,0.00429
HaloperidolDark_Individual:22,0.01881,0.03645,0.02265,0.02045,0.02414,0.02,0.0042,0.0122,0.00641,0.00602,0.01875,0.00704,0.0069
HaloperidolDark_Individual:23,0.01247,0.02474,0.02467,0.0214,0.01109,0.01951,0.02545,0.01626,0.03125,0.0274,0.01471,0.00948,0.00448
HaloperidolDark_Individual:20,0.0286,0.02874,0.04523,0.06238,0.04113,0.02462,0.05952,0.02,0.02404,0.03738,0.02844,0.02367,0.01932
HaloperidolDark_Individual:21,0.01875,0.03249,0.01574,0.02374,0.02326,0.06733,0.03155,0.03663,0.01724,0.01563,0.05233,0.01242,0.05797
HaloperidolDark_Individual:34,0.0146,0.02636,0.02511,0.01653,0.02235,0.01481,0.01942,0.0411,0.0,0.0,0.0,0.01961,0.03175
HaloperidolDark_Individual:38,0.00996,0.01632,0.01529,0.02557,0.03646,0.04098,0.02941,0.02041,0.02299,0.08108,0.00769,0.0087,0.00787
HaloperidolDark_Individual:35,0.01519,0.02503,0.03077,0.02935,0.02993,0.06726,0.01778,0.0235,0.03419,0.02027,0.0452,0.02058,0.02597
HaloperidolDark_Individual:27,0.02282,0.02568,0.02759,0.0275,0.02281,0.03778,0.05114,0.0197,0.03676,0.02597,0.02793,0.0365,0.008
HaloperidolDark_Individual:11,0.00388,0.03085,0.01128,0.00476,0.01754,0.00641,0.01538,0.00667,0.0,0.01515,0.01667,0.01379,0.01031
HaloperidolDark_Individual:37,0.0301,0.00629,0.03226,0.01325,0.02649,0.02381,0.03788,0.03846,0.0,0.02985,0.0303,0.05344,0.01399
HaloperidolDark_Individual:36,0.02921,0.04545,0.0382,0.03191,0.04854,0.0264,0.04906,0.04211,0.01878,0.01935,0.0,0.04505,0.01705
HaloperidolDark_Individual:5;,0.02946,0.03004,0.02643,0.0205,0.01805,0.01179,0.0186,0.01961,0.02885,0.01733,0.01042,0.00599,0.01053
HaloperidolDark_Individual:9;,0.01547,0.03289,0.02343,0.01946,0.03689,0.03111,0.03012,0.05172,0.03125,0.01449,0.04545,0.0,0.0061
HaloperidolDark_Individual:31,0.02048,0.02062,0.0339,0.02935,0.03039,0.02976,0.01676,0.0045,0.02469,0.00741,0.0229,0.02116,0.00806
HaloperidolDark_Individual:30,0.02979,0.04472,0.03625,0.01814,0.02196,0.0173,0.00628,0.02381,0.00375,0.02235,0.00597,0.01067,0.01575
HaloperidolDark_Individual:1;,0.01961,0.02012,0.03002,0.00862,0.01017,0.00526,0.00284,0.02652,0.00824,0.01389,0.00929,0.01042,0.00717
HaloperidolDark_Individual:19,0.0082,0.01154,0.012,0.0237,0.01685,0.02941,0.02532,0.01099,0.00709,0.0101,0.00709,0.0099,0.0
HaloperidolDark_Individual:18,0.02993,0.04737,0.02905,0.04396,0.03896,0.01923,0.01739,0.06306,0.03361,0.05556,0.01835,0.00962,0.00952
HaloperidolDark_Individual:39,0.01502,0.02478,0.02387,0.03333,0.02353,0.01005,0.00676,0.0354,0.01709,0.0,0.0,0.02878,0.0
HaloperidolDark_Individual:33,0.01096,0.03462,0.0,0.01053,0.03797,0.01667,0.0099,0.00855,0.0,0.0,0.00667,0.00885,0.00877
HaloperidolDark_Individual:3;,0.02411,0.03125,0.03744,0.02507,0.01653,0.01385,0.01524,0.0163,0.01392,0.00915,0.0029,0.00725,0.02239
HaloperidolDark_Individual:32,0.00922,0.0291,0.0087,0.00917,0.02927,0.00488,0.02488,0.02959,0.03955,0.02273,0.01408,0.02469,0.01087
HaloperidolDark_Individual:13,0.02385,0.04636,0.04128,0.0,0.0,0.0678,0.0,0.0,0.0,0.0,0.01955,0.025,0.03896
HaloperidolDark_Individual:12,0.00686,0.00738,0.0,0.0,0.012,0.01493,0.00578,0.00781,0.01136,0.01099,0.0,0.0,0.0
HaloperidolDark_Individual:7;,0.02592,0.02945,0.0306,0.03142,0.01489,0.03805,0.03846,0.03005,0.02799,0.04106,0.05952,0.04372,0.0565
HaloperidolDark_Individual:10,0.02165,0.00496,0.01581,0.04762,0.02924,0.01818,0.04478,0.02703,0.02174,0.01754,0.02041,0.02703,0.04688
HaloperidolDark_Individual:17,0.01459,0.02178,0.02676,0.0184,0.02922,0.03265,0.00474,0.02151,0.01261,0.00439,0.03409,0.01714,0.02548
HaloperidolDark_Individual:16,0.02091,0.03633,0.03628,0.01342,0.03543,0.04898,0.0274,0.02985,0.01031,0.02469,0.01807,0.0125,0.02809
HaloperidolDark_Individual:15,0.01426,0.01068,0.01469,0.02361,0.00617,0.01136,0.01036,0.0051,0.00862,0.0099,0.0229,0.00775,0.01786
HaloperidolDark_Individual:14,0.00495,0.00717,0.00187,0.01466,0.02604,0.01075,0.01935,0.03279,0.00939,0.01587,0.00521,0.01389,0.0146
NDMCDark_Individual:8;,0.0362,0.0,0.02312,0.0119,0.01299,0.04762,0.03448,0.02326,0.0,0.0,0.03077,0.0,0.0
NDMCDark_Individual:48,0.0172,0.01825,0.0155,0.0625,0.03184,0.0,0.0,0.0,0.0,0.02381,0.0,0.02381,0.0
NDMCDark_Individual:4;,0.02778,0.0,0.0,0.09091,0.0,0.0,0.0,0.0,0.0,0,0,0.04878,0.0
NDMCDark_Individual:40,0.01333,0.0146,0.0209,0.01201,0.0122,0.02786,0.03617,0.02724,0.01504,0.02857,0.02058,0.0,0.0
NDMCDark_Individual:41,0.00846,0.02,0.02228,0.017,0.01007,0.0212,0.01869,0.00552,0.00469,0.00459,0.00909,0.0,0.0
NDMCDark_Individual:42,0.03759,0.02885,0.05128,0,0,0.0,0.01587,0.11111,0.0,0.0,0.0,0,0.0
NDMCDark_Individual:43,0.01951,0.01102,0.01843,0.02597,0.00382,0.04636,0.0,0.02062,0.0,0.0,0.00943,0.01709,0.0
NDMCDark_Individual:44,0.02432,0.03145,0.02249,0.02738,0.02253,0.01464,0.00461,0.02685,0.01111,0.0,0.0,0.01163,0.0
NDMCDark_Individual:45,0.02365,0.03158,0.0273,0.02069,0.00877,0.0367,0.05747,0.02344,0.07368,0.00847,0.02899,0.0,0.0
NDMCDark_Individual:46,0.00607,0.02368,0.0327,0.02347,0.0156,0.01622,0.03333,0.01887,0.0303,0.05,0.03226,0.01961,0.0
NDMCDark_Individual:47,0.01408,0.01865,0.02773,0.03301,0.03407,0.03529,0.08387,0.04,0.03488,0.03529,0.01149,0.02151,0.02128
NDMCDark_Individual:2;,0.04598,0.03369,0.02667,0.03319,0.0,0.0,0.0,0.0,0.05263,0.0,0.0,0.0,0.05128
NDMCDark_Individual:28,0.02444,0.01689,0.01875,0.0226,0.0129,0.02139,0.0,0.0,0.0,0.0,0.0625,0.0,0.0
NDMCDark_Individual:29,0.03553,0.04375,0.01695,0.03846,0.04255,0.0,0.0,0.02,0.0,0.02247,0.02806,0.03021,0.0
NDMCDark_Individual:26,0.00586,0.01544,0.02094,0.01744,0.0,0.0,0.01351,0.00621,0.0,0.0,0,0.0,0.0
NDMCDark_Individual:6;,0.00809,0.01935,0.02815,0.02513,0.01194,0.01156,0.03883,0.01923,0.02362,0.03774,0.01235,0.0,0.01961
NDMCDark_Individual:24,0.0304,0.02062,0.02222,0.03891,0.03774,0.0,0.03,0.05333,0.01754,0.05051,0.06579,0.02632,0.04255
NDMCDark_Individual:25,0.01734,0.03232,0.01609,0.00462,0.01928,0.02457,0.01531,0.02655,0.04839,0.05405,0.0,0.02235,0.04403
NDMCDark_Individual:22,0.0038,0.01737,0.01487,0.0396,0.0299,0.00862,0.00855,0,0.0,0.0,0.03614,0.0,0.02432
NDMCDark_Individual:23,0.0311,0.03794,0.02446,0.05828,0.03008,0.02548,0.02094,0.00769,0.02479,0.01087,0.01227,0.02597,0.02703
NDMCDark_Individual:20,0.01154,0.03478,0.00955,0.05,0.0,0.0,0.0,0.03125,0.0,0.0,0.0,0.01266,0.07143
NDMCDark_Individual:21,0.02821,0.04386,0,0.0,0,0.01854,0.02083,0.02972,0.0,0.0,0.0337,0,0.0
NDMCDark_Individual:34,0.02632,0.05351,0.08511,0.04348,0.03046,0.0177,0.02469,0.02041,0.03497,0.0,0.0098,0.03158,0.01316
NDMCDark_Individual:38,0.01383,0.02577,0.04167,0.05398,0.02881,0.0411,0.15217,0.04587,0.02655,0.02804,0.00709,0.0,0.02198
NDMCDark_Individual:35,0.01296,0.02696,0.03488,0.0297,0.0396,0.06061,0.06186,0.07895,0.05217,0.02778,0.0404,0.0,0.0
NDMCDark_Individual:27,0.0,0,0.02845,0.02402,0.33333,0.0,0.0,0.0,0.0,0.0,0.0,0.0,0.0
NDMCDark_Individual:11,0.01887,0,0,0.0,0,0.0,0.0,0.0,0.06977,0.0,0.00881,0.0,0.0
NDMCDark_Individual:37,0.01456,0.06288,0.03976,0.02041,0.0129,0.00685,0.0,0.0,0.0,0.0,0.0,0.05479,0.05263
NDMCDark_Individual:36,0.02228,0.01717,0.01855,0.02254,0.03361,0.02226,0.01869,0.025,0.0211,0.04405,0.01,0.0125,0.05109
NDMCDark_Individual:5;,0.01743,0.01566,0.02398,0.01629,0.01622,0.0293,0.00778,0.01299,0.03571,0.0,0.01538,0.0,0.03448
NDMCDark_Individual:9;,0.03922,0.02095,0.0422,0.04038,0.02716,0.01926,0.03274,0.07927,0.06452,0.0,0.02128,0.04082,0.0
NDMCDark_Individual:31,0.03137,0.0249,0.06667,0.0,0.05556,0.04348,0.0,0.02439,0.1,0.0,0.0,0.04762,0.0
NDMCDark_Individual:30,0.02326,0.02083,0.02273,0.0,0.0,0.0,0,0.0,0.03226,0.0,0.0,0.0,0.03704
NDMCDark_Individual:1;,0.01685,0.02208,0.01382,0.02496,0.03777,0.0156,0.02456,0.0,0.01149,0.0,0.0,0.0,0.0
NDMCDark_Individual:19,0.01818,0.0307,0.00621,0.02804,0.04348,0.0,0.01786,0.00704,0.01639,0.03352,0.02586,0.00781,0.0
NDMCDark_Individual:18,0.01276,0.01205,0.01802,0.03636,0.09091,0.0,0.0,0.03636,0.0,0.04,0.2,0.08333,0.07843
NDMCDark_Individual:39,0.01618,0.01017,0.02926,0.01757,0.02186,0.02239,0.04167,0.05797,0.02778,0.04706,0.01333,0.0,0.0
NDMCDark_Individual:33,0.03243,0.02153,0.01291,0.01721,0.0289,0.02151,0.01538,0.0303,0.0,0.02174,0.0,0.0,0.0
NDMCDark_Individual:3;,0.02632,0.01245,0.03212,0.01602,0.02857,0.0,0.0,0.05128,0.03279,0.01429,0.04545,0.05,0.01887
NDMCDark_Individual:32,0.01441,0.01473,0.02481,0.03774,0.04225,0,0.0,0.0,0.0,0.05263,0.0,0.0,0.0
NDMCDark_Individual:13,0.02193,0.02367,0.0095,0.02049,0.0228,0.02549,0.02299,0.02304,0.0181,0.02358,0.01028,0.01107,0.02976
NDMCDark_Individual:12,0.02708,0.03297,0.04843,0.03497,0.01804,0.06897,0.09091,0.0,0.06977,0.0,0.04444,0.01667,0.02299
NDMCDark_Individual:7;,0.00755,0.00814,0.00338,0.0101,0.04348,0.0,0.04444,0.0,0.0,0.0107,0,0.0,0.02749
NDMCDark_Individual:10,0.0125,0.00696,0.0255,0.01342,0.01449,0.0,0.0,0.00413,0.0,0.00694,0.01099,0.03125,0.01333
NDMCDark_Individual:17,0.01008,0.01447,0.00773,0.02677,0.02614,0.01939,0.05128,0.0,0.0,0,0,0,0.02222
NDMCDark_Individual:16,0.02788,0.01436,0.01648,0.01896,0.02385,0.00279,0.03704,0.01598,0.01176,0.03077,0.03597,0.02548,0.01107
NDMCDark_Individual:15,0.00778,0.01673,0.00885,0.01258,0.0117,0.01242,0.01117,0.025,0.0,0.0,0,0.0,0.03614
NDMCDark_Individual:14,0.02086,0.01667,0.03595,0.04474,0.02381,0.0338,0.03125,0.02174,0.03077,0.0,0.0,0.0,0.0
NDMCHighDark_Individual:8;,0.01019,0.00665,0.0,0.0,0.0,0.0,0.0,0.01149,0.01235,0.02041,0.02041,0.00559,0.01923
NDMCHighDark_Individual:48,0.01592,0.00894,0.02552,0.01613,0.02857,0.01379,0.01579,0.0122,0.04678,0.01075,0.01364,0.01042,0.01951
NDMCHighDark_Individual:4;,0.01691,0.01075,0.00932,0.00571,0.02564,0.01325,0.01818,0.01299,0.0,0.01724,0.0,0.01136,0.0
NDMCHighDark_Individual:40,0.03939,0.01423,0.01493,0.0,0.02549,0.0,0.0,0.00483,0.0,0.00565,0.0,0.0,0.00541
NDMCHighDark_Individual:41,0.01877,0.02581,0.02273,0,0.0,0.0,0.0,0,0.0,0.0,0.0,0.02222,0.0
NDMCHighDark_Individual:42,0.02121,0.03851,0.01905,0.01456,0.01613,0.02198,0.0,0.00339,0.00377,0.0101,0.0,0.00637,0.03518
NDMCHighDark_Individual:43,0.01754,0.01071,0.01732,0.01515,0.00714,0.0,0.00662,0.00917,0.0122,0.0,0.0,0.0,0.0
NDMCHighDark_Individual:44,0.02088,0.01559,0.01617,0.03085,0.03084,0.02242,0.01342,0.01575,0.02662,0.0165,0.00357,0.01656,0.00347
NDMCHighDark_Individual:45,0.02933,0.00922,0.0203,0.0473,0.02655,0.00515,0.01613,0.01775,0.0,0.02198,0.01266,0.01266,0.00862
NDMCHighDark_Individual:46,0.00348,0.02367,0.0,0.02857,0.0,0.01389,0.03158,0.00826,0.0,0.01802,0.0,0.01471,0.0
NDMCHighDark_Individual:47,0.02752,0.01702,0.00909,0.01316,0.02143,0.0,0.01818,0.0,0.01504,0.03797,0.0,0.01667,0.01361
NDMCHighDark_Individual:2;,0.0088,0.00847,0.00658,0.0,0.01149,0.0146,0.00694,0.0,0.02198,0.00599,0.01124,0.00521,0.0
NDMCHighDark_Individual:28,0.0122,0.01264,0.01471,0.00495,0.02051,0.01961,0.02235,0.00847,0.00581,0.01026,0.01463,0.0113,0.0203
NDMCHighDark_Individual:29,0.03881,0.01866,0.0,0.02759,0.0,0.0,0.0,0.01258,0.00606,0.0,0.0,0.0,0.00637
NDMCHighDark_Individual:26,0.0221,0.02521,0.03483,0.01075,0.01667,0.00629,0.01724,0.00606,0.00559,0.00971,0.02098,0.0,0.0
NDMCHighDark_Individual:6;,0.01727,0.01961,0.00439,0.01105,0.01667,0.00943,0.075,0.02252,0.02516,0.01429,0.0,0.01705,0.01515
NDMCHighDark_Individual:24,0.02692,0.03488,0.0409,0.01754,0.01739,0.03191,0.00948,0.0283,0.005,0.02273,0.00498,0.01581,0.02516
NDMCHighDark_Individual:25,0.0459,0,0.01136,0.0,0.0,0.0,0.0,0.0,0.0,0.0,0.0,0.0,0.0
NDMCHighDark_Individual:22,0.00625,0.00586,0.01393,0.02974,0.01333,0.0117,0.01379,0.01463,0.05051,0.0098,0.0,0.01149,0.03727
NDMCHighDark_Individual:23,0.00882,0.02012,0.0172,0.0099,0.01508,0.01456,0.02158,0.0,0.01724,0.01695,0.03252,0.01835,0.02703
NDMCHighDark_Individual:20,0.0098,0.00491,0.00803,0.0,0.01149,0.00738,0.01274,0.0,0.01648,0.0201,0.02235,0.0131,0.01786
NDMCHighDark_Individual:21,0.00542,0.01201,0.01672,0.0068,0.0,0.02885,0.0,0.01471,0.0,0.0,0.01389,0.0,0.0
NDMCHighDark_Individual:34,0.00573,0.02174,0.00606,0.00746,0.01047,0.00465,0.02041,0.0,0.00676,0.0202,0.01111,0.01212,0.01274
NDMCHighDark_Individual:38,0.02222,0.01238,0.01437,0.00787,0.01863,0.0,0.01361,0.0087,0.00746,0.0,0.0,0.00855,0.005
NDMCHighDark_Individual:35,0.03791,0.03519,0.01794,0.01786,0.00654,0.01681,0.0,0.0,0.0,0.008,0.0,0.0,0.0
NDMCHighDark_Individual:27,0.03191,0.0125,0.02381,0.0,0.0,0.0,0.0,0.0,0.01111,0.01852,0.0,0.0,0.0
NDMCHighDark_Individual:11,0.03226,0.01908,0.06044,0.0,0,0.0,0.0,0.0,0.0,0.0,0.0,0.0,0.0
NDMCHighDark_Individual:37,0.01222,0.01617,0.02778,0.0084,0.0,0,0.02214,0,0.0,0,0.0,0.03846,0.02542
NDMCHighDark_Individual:36,0.03769,0.03905,0.02415,0.0,0.0,0.03158,0.01031,0.0,0.02703,0.02,0.01587,0.02128,0.0
NDMCHighDark_Individual:5;,0.04833,0.03883,0.01351,0.01087,0.04138,0.00535,0.0,0.00847,0.00704,0.0,0.0,0.0,0.0
NDMCHighDark_Individual:9;,0.01297,0.00833,0.01152,0.0,0.01613,0.0229,0.01205,0.02469,0.00833,0.0292,0.02857,0.01333,0.00671
NDMCHighDark_Individual:31,0.00765,0.00428,0.00515,0.01515,0.00833,0.0,0.0099,0.01802,0.00952,0.0,0.01149,0.03509,0.00826
NDMCHighDark_Individual:30,0.02676,0.02626,0.02116,0.03139,0.01579,0.03433,0.01282,0.0,0.02841,0.02604,0.01439,0.0098,0.00592
NDMCHighDark_Individual:1;,0.04453,0.03808,0.03653,0.0531,0.04724,0.02381,0.01887,0.00395,0.01724,0.03145,0.02649,0.0,0.01245
NDMCHighDark_Individual:19,0.01151,0.00381,0.00543,0.01583,0.03636,0.0035,0.04324,0.0181,0.02139,0.01183,0.02128,0.00806,0.0
NDMCHighDark_Individual:18,0.0305,0.03035,0.02283,0.0163,0.02586,0.01818,0.01714,0.02083,0.01293,0.0,0.01449,0.00719,0.0
NDMCHighDark_Individual:39,0.01914,0.02407,0.03132,0.0,0.03974,0.02062,0.0252,0.0,0.0309,0.03774,0.01942,0.0,0.01493
NDMCHighDark_Individual:33,0.03415,0.03191,0.00787,0.03448,0.03876,0.0203,0.0396,0.00633,0.02841,0.01786,0.02362,0.032,0.02242
NDMCHighDark_Individual:3;,0.03206,0.02597,0.01791,0.01563,0.01863,0.00513,0.02304,0.00313,0.01266,0.01111,0.02105,0.01657,0.01508
NDMCHighDark_Individual:32,0.02083,0.00781,0.0,0.03279,0.02308,0.00654,0.0,0.0,0.03571,0.01087,0.00813,0.0,0.0
NDMCHighDark_Individual:13,0.03937,0.03399,0.02687,0.02616,0.07143,0.0,0.01923,0.0,0.05172,0.03571,0.01923,0.0137,0.0
NDMCHighDark_Individual:12,0.0074,0.03101,0.0,0.01786,0.0,0.01429,0.02632,0.02469,0.01974,0.00645,0.03175,0.01227,0.00699
NDMCHighDark_Individual:7;,0.03579,0.02725,0.02048,0.02326,0.0,0.01449,0.00606,0.01258,0.01075,0.0,0.02439,0.00813,0.01653
NDMCHighDark_Individual:10,0.00718,0.00844,0.01136,0.0,0.02353,0.01531,0.03205,0.00746,0.0,0.00521,0.0,0.0,0.0
NDMCHighDark_Individual:17,0.03509,0.02041,0.0087,0.0,0.0,0.00664,0.0,0.00719,0.0,0.0,0.0,0.0,0.0
NDMCHighDark_Individual:16,0.0241,0.01468,0.01111,0.0076,0.00483,0.00956,0.02216,0.02935,0.01393,0.00897,0.00625,0.0,0.0
NDMCHighDark_Individual:15,0.03163,0.03488,0.02913,0.04096,0.0,0.02439,0.01674,0.01449,0.00746,0.00649,0.0119,0.00752,0.00787
NDMCHighDark_Individual:14,0.01266,0.02638,0.01802,0.0061,0.0,0.0,0.0,0.0,0.0,0.0,0.01064,0.01818,0.0102
OSU6162Dark_Individual:8;,0.02217,0.03373,0.04049,0.0,0.03704,0.0,0.04762,0.02778,0.0,0,0.02439,0.0,0.0
OSU6162Dark_Individual:48,0.06314,0.07885,0.05344,0.01695,0.0625,0.03077,0.05455,0.07895,0.0,0.09091,0.02128,0.02381,0.01887
OSU6162Dark_Individual:4;,0.03397,0.04906,0.11386,0.0493,0.11364,0.10714,0.0,0.0,0.03571,0.02041,0.0,0.0,0.1
OSU6162Dark_Individual:40,0.01158,0.0101,0.01008,0.03909,0.01579,0.00521,0.01786,0.03252,0.02362,0.00625,0.0,0.04027,0.06122
OSU6162Dark_Individual:41,0.0205,0.0158,0.02467,0.06568,0.10112,0.10169,0.06522,0.04167,0.03774,0.02273,0.03704,0.06349,0.08571
OSU6162Dark_Individual:42,0.0287,0.03021,0.03419,0.00909,0.02105,0.07692,0.03226,0.0,0.0,0.0,0.03704,0.0,0.0
OSU6162Dark_Individual:43,0.02091,0.03067,0.03096,0.02251,0.03036,0.0234,0.00439,0.03696,0.03846,0.02679,0.03529,0.01887,0.01852
OSU6162Dark_Individual:44,0.01323,0.02242,0.03704,0.0313,0.04073,0.05415,0.0625,0.16667,0.09091,0.09434,0.06897,0.05263,0.05556
OSU6162Dark_Individual:45,0.00732,0.02738,0.02626,0.05896,0.02374,0.00746,0.03175,0.07895,0.0566,0.0,0.06122,0.02381,0.02804
OSU6162Dark_Individual:46,0.02857,0.02355,0.0129,0.03663,0.03333,0.02113,0.04082,0.04464,0.01667,0.00826,0.01149,0.01739,0.02128
OSU6162Dark_Individual:47,0.02624,0.03042,0.01812,0.03876,0.03215,0.0073,0.0,0.0,0,0.04762,0.0,0.0,0.02273
OSU6162Dark_Individual:2;,0.01752,0.02559,0.02024,0.01399,0.01538,0.01299,0.00719,0.03896,0.03509,0.06349,0.0,0.1,0.0
OSU6162Dark_Individual:28,0.03448,0.04292,0.01667,0.04412,0.06667,0.0,0.02273,0.0,0.0,0.0,0.0,0,0.02439
OSU6162Dark_Individual:29,0.02137,0.02005,0.01338,0.03263,0.02655,0.03459,0.01235,0.02381,0.01887,0.02326,0.01724,0.0,0.0303
OSU6162Dark_Individual:26,0.04668,0.06479,0.0,0.0,0.04082,0.05128,0.04255,0.05128,0.0,0.0,0.025,0.0,0.0
OSU6162Dark_Individual:6;,0.02263,0.05707,0.13514,0.0,0.0,0.0,0.25,0,0,0.0,0,0.00552,0.0
OSU6162Dark_Individual:24,0.01555,0.01948,0.02885,0.04502,0.01429,0.04,0.03571,0.01531,0.03352,0.06452,0.0,0.02,0.04054
OSU6162Dark_Individual:25,0.01548,0.01166,0.01681,0.03593,0.0,0.0,0.0,0.0,0.0,0,0.0,0,0.0
OSU6162Dark_Individual:22,0.03067,0.02425,0.03483,0.04918,0.02,0.04082,0.08333,0.08889,0.06522,0.01429,0.03448,0.0,0.0125
OSU6162Dark_Individual:23,0.03005,0.0302,0.0407,0.02477,0.01527,0.00439,0.06818,0.02857,0.03448,0.11111,0.04494,0.0,0.01087
OSU6162Dark_Individual:20,0.02123,0.03743,0.0274,0.03548,0.02632,0.05263,0.02703,0.0,0.0,0.0,0.04348,0.0,0.03797
OSU6162Dark_Individual:21,0.03448,0.01782,0.03838,0.04392,0.02679,0.05263,0.01429,0.04054,0.05797,0.10204,0.05814,0.07692,0.04
OSU6162Dark_Individual:34,0.03179,0.03141,0.02672,0.0365,0.02595,0.03571,0.01389,0.07692,0.01277,0.01172,0.02727,0.0,0.02841
OSU6162Dark_Individual:38,0.01538,0.01333,0.02212,0.00714,0.01266,0.01136,0.02703,0.0119,0.0,0.01754,0.0,0.0137,0.0
OSU6162Dark_Individual:35,0.01558,0.03021,0.02281,0.02581,0.05373,0.04237,0.03911,0.08661,0.07547,0.02439,0.05426,0.05128,0.04132
OSU6162Dark_Individual:27,0.01149,0.01256,0.01923,0.01205,0.01408,0.02,0.07143,0.02222,0.05263,0.0,0.0,0.01282,0.0
OSU6162Dark_Individual:11,0.00534,0.0207,0.03682,0.02376,0.03022,0.02083,0.01942,0.02985,0.0137,0.0,0.0,0.0,0.0
OSU6162Dark_Individual:37,0.01932,0.03799,0.05216,0.0261,0.03634,0.03216,0.04036,0.03778,0.04532,0.04651,0.02745,0.02448,0.02344
OSU6162Dark_Individual:36,0.02839,0.01833,0.02786,0.03614,0.0625,0.0,0.01493,0.05,0.02667,0.0,0.0,0.02222,0.02778
OSU6162Dark_Individual:5;,0.00898,0.0272,0.02165,0.01087,0.03968,0.0,0.0,0.0177,0.00952,0.01111,0.00909,0.0,0.0
OSU6162Dark_Individual:9;,0.00897,0.02585,0.04103,0.04475,0.04947,0.07143,0.06977,0.01818,0.0303,0.03077,0.05556,0.0,0.0
OSU6162Dark_Individual:31,0.02065,0.02865,0.01754,0.05165,0.04065,0.05742,0.0411,0.01818,0.02857,0.04762,0.08333,0.25,0.0
OSU6162Dark_Individual:30,0.02055,0.03563,0.03721,0.04819,0.03896,0.04167,0.07692,0.02326,0.04478,0.08,0.04,0.0,0.03448
OSU6162Dark_Individual:1;,0.03579,0.04444,0.08333,0.0,0.0,0.06452,0.01754,0.0,0.01786,0.04545,0.01408,0.01333,0.0
OSU6162Dark_Individual:19,0.0303,0.04555,0.03562,0.03969,0.05991,0.06711,0.02459,0.04098,0.04167,0.01724,0.01724,0.02273,0.0
OSU6162Dark_Individual:18,0.03149,0.03639,0.03824,0.04061,0.05033,0.05774,0.0199,0.02041,0.01282,0.02353,0.01818,0.02222,0.02667
OSU6162Dark_Individual:39,0.03899,0.01508,0.03248,0.02432,0.02885,0.04673,0.03061,0.02778,0.03846,0.03865,0.0202,0.0,0.0
OSU6162Dark_Individual:33,0.03276,0.04294,0.05169,0.03881,0.03226,0.0,0.0411,0.02703,0.0137,0.02857,0.01266,0.02083,0.01053
OSU6162Dark_Individual:3;,0.03276,0.02521,0.03344,0.02727,0.03934,0.06364,0.04237,0.01765,0.02362,0.02286,0.02186,0.02174,0.0068
OSU6162Dark_Individual:32,0.0299,0.03303,0.07046,0.04505,0.07216,0.06557,0.06897,0.03896,0.0,0.05405,0.01176,0.0,0.04255
OSU6162Dark_Individual:13,0.02786,0.02809,0.0318,0.01689,0.05634,0.02632,0.02941,0.0129,0.03797,0.02703,0.03175,0.04688,0.03226
OSU6162Dark_Individual:12,0.02145,0.0268,0.01893,0.02483,0.03182,0.07317,0.03333,0.04878,0.02703,0.03797,0.03896,0.09091,0.0
OSU6162Dark_Individual:7;,0.02424,0.03181,0.03636,0.01559,0.02023,0.01695,0.02484,0.01667,0.04505,0.0098,0.01325,0.02151,0.07353
OSU6162Dark_Individual:10,0.03206,0.03469,0.02703,0.02156,0.02381,0.04839,0.04348,0.02381,0.04211,0.03261,0.05208,0.0,0.0
OSU6162Dark_Individual:17,0.01471,0.00901,0.02133,0.02092,0.03521,0.06452,0.01639,0.03226,0.04,0.05882,0.0566,0.0082,0.03226
OSU6162Dark_Individual:16,0.01333,0.02385,0.0339,0.01875,0.05435,0.03077,0.01351,0.02778,0.0,0.0625,0.0,0.05455,0.0
OSU6162Dark_Individual:15,0.00538,0.00368,0.00471,0.00791,0.0,0,0,0.00724,0.0,0.07692,0.0,0.0,0.0
OSU6162Dark_Individual:14,0.01807,0.02662,0.01338,0.01839,0.02658,0.0186,0.01714,0.0,0.0,0.0,0.0,0.0,0
PCAP1Dark_Individual:8;,0.03672,0.0375,0.00382,0.0,0.0,0.25,0.06667,0.0,0.03704,0.0,0.0,0.02367,0.0
PCAP1Dark_Individual:48,0.02091,0.00671,0.01613,0.01987,0.0137,0.00699,0.0,0.01351,0.0,0.01183,0.00585,0.00562,0.0
PCAP1Dark_Individual:4;,0.0,0.0,0.02013,0.01282,0.00588,0.0,0.0,0.0,0.0,0.0,0.0,0.0,0.00699
PCAP1Dark_Individual:40,0.01905,0.0,0.0367,0.03488,0.01282,0.02469,0.0,0.00971,0.02542,0.02128,0.01786,0.00909,0.00833
PCAP1Dark_Individual:41,0.0,0.01163,0.0,0.03846,0.0,0.0,0.01705,0.0,0.04167,0.08333,0.02564,0.01963,0.00635
PCAP1Dark_Individual:42,0.04068,0.04396,0.01408,0.01333,0.03704,0.0,0.03125,0.03409,0.01149,0.0,0.01587,0.01316,0.02632
PCAP1Dark_Individual:43,0.03135,0.02941,0.0,0.04255,0.01449,0.02083,0.01961,0.0,0.08571,0.0303,0.01724,0.0,0.0
PCAP1Dark_Individual:44,0.02201,0.00955,0.0,0.0,0.01786,0.05128,0.02128,0.0,0.0241,0.01695,0.0,0.0,0.0
PCAP1Dark_Individual:45,0.03947,0.00901,0.0,0.02581,0.01205,0.02013,0.01183,0.00535,0.00521,0.0,0.00637,0.02273,0.0
PCAP1Dark_Individual:46,0.04673,0.04511,0.08943,0.03289,0.05405,0.04286,0.03125,0.03226,0.03876,0.01639,0.02609,0.04762,0.0082
PCAP1Dark_Individual:47,0.01122,0.02913,0.01587,0.02469,0.02913,0.02041,0.02128,0.01493,0.02941,0.0,0.05455,0.0,0.0
PCAP1Dark_Individual:2;,0.01397,0.01754,0.06757,0.00833,0.01042,0.02326,0.02,0.0,0.02857,0.02985,0.0,0.01818,0.01266
PCAP1Dark_Individual:28,0.01144,0.012,0.0137,0.008,0.01282,0.01961,0.00758,0.0297,0.01111,0.01099,0.0,0.02299,0.0
PCAP1Dark_Individual:29,0.01575,0.01613,0.0069,0.0,0.01579,0.0102,0.01042,0.0,0.01149,0.00962,0.0,0.0,0.0
PCAP1Dark_Individual:26,0.01031,0.01111,0.0,0.02193,0.00893,0.01087,0.0,0.0,0.0,0.0,0.01695,0.0,0.0
PCAP1Dark_Individual:6;,0.02784,0.01327,0.00746,0.01117,0.0,0.01156,0.00699,0.01961,0.0,0.00671,0.008,0.0,0.00952
PCAP1Dark_Individual:24,0.0293,0.05,0.04348,0.05333,0.03571,0.03896,0.03774,0,0.03226,0.0274,0.05479,0.05263,0.0198
PCAP1Dark_Individual:25,0.01309,0.01744,0.0,0.0,0.0,0.0,0.01064,0.0,0.0,0.0119,0.01449,0.0,0.0
PCAP1Dark_Individual:22,0.01786,0.06061,0.0,0.01667,0.03488,0.0,0.02128,0.0,0.02632,0.02459,0.04,0.03947,0.0396
PCAP1Dark_Individual:23,0.01777,0.01587,0.0073,0.01053,0.0,0.01111,0.03448,0.0,0.02151,0.0,0.02222,0.02985,0.0
PCAP1Dark_Individual:20,0.01657,0.06324,0.02825,0.0473,0.03333,0.0219,0.03,0.02273,0.05085,0.0,0.02083,0.02532,0.00935
PCAP1Dark_Individual:21,0.02768,0.0,0.01905,0.0,0.00769,0.00709,0.0,0.0,0.0,0.0129,0.0,0.0107,0.02459
PCAP1Dark_Individual:34,0.02975,0.04724,0.03226,0.07487,0.05172,0.03125,0.01571,0.02273,0.05172,0.02174,0.02632,0.02,0.00699
PCAP1Dark_Individual:38,0.00483,0.0,0.0,0.02752,0.0,0.00901,0.00847,0.02778,0.01429,0.00826,0.00833,0.01205,0.01439
PCAP1Dark_Individual:35,0.02703,0.02222,0.0,0.0,0.01786,0,0.0,0.0,0.04444,0.02,0.0,0.0,0.0241
PCAP1Dark_Individual:27,0.02094,0.0641,0.05882,0.04167,0.03125,0.04651,0.01053,0.00855,0.04615,0.01754,0.01471,0.01389,0.01053
PCAP1Dark_Individual:11,0.03,0.0093,0.01705,0.03509,0.00676,0.02899,0.01653,0.01667,0.0,0.00617,0.0068,0.0,0.0
PCAP1Dark_Individual:37,0.01702,0.00935,0.06796,0.05109,0.02941,0.02419,0.02206,0.03333,0.0292,0.05442,0.02703,0.01869,0.01724
PCAP1Dark_Individual:36,0.02632,0.06736,0.01538,0.02128,0.0,0.0,0.05405,0.01639,0.0,0.04225,0.0,0.0137,0.01852
PCAP1Dark_Individual:5;,0.01767,0.0082,0.01504,0.0,0.00667,0.02128,0.01504,0.02,0.0,0.02055,0.0,0.00667,0.0
PCAP1Dark_Individual:9;,0.02792,0.04386,0.03008,0.02752,0.02151,0.00606,0.01205,0.08036,0.03247,0.01835,0.02857,0.01266,0.00877
PCAP1Dark_Individual:31,0.02658,0.0,0.0,0.0,0.08,0.01563,0.01538,0.0,0.01471,0.02326,0.0,0.01739,0.0
PCAP1Dark_Individual:30,0.025,0.09009,0.02174,0.01515,0.02459,0.04082,0.0,0.02222,0.01351,0.0101,0.02206,0.0,0.02857
PCAP1Dark_Individual:1;,0.01992,0.0,0.02062,0.02913,0.0,0.00943,0.01042,0.0087,0.02778,0.0,0.0,0.00935,0.0
PCAP1Dark_Individual:19,0.02268,0.05172,0.08148,0.02778,0.06818,0.0065,0.00781,0.0,0.00613,0.0068,0.04717,0.0,0.03226
PCAP1Dark_Individual:18,0.01866,0.0,0.0,0.0,0.0,0.0,0.0,0.04167,0.0,0.0,0.0098,0.01205,0.01064
PCAP1Dark_Individual:39,0.0,0.03125,0.0,0.0,0.0,0.06061,0.08333,0.04,0.03125,0.05714,0.02703,0.04038,0.0
PCAP1Dark_Individual:33,0.03968,0.0184,0.01681,0.03125,0.01111,0.01961,0.02521,0.0102,0.0101,0.01563,0.01639,0.00952,0.01961
PCAP1Dark_Individual:3;,0.01852,0.01338,0.03513,0.01002,0.02894,0.00833,0.02913,0.02139,0.03684,0.01395,0.0,0.02581,0.0
PCAP1Dark_Individual:32,0.02532,0.03333,0.02817,0.04412,0.01724,0.0,0.0,0.02532,0.0,0.00943,0.00862,0.0082,0.00926
PCAP1Dark_Individual:13,0.01372,0.01429,0.04348,0.04403,0.01786,0.02941,0.0137,0.02597,0.00781,0.0087,0.03053,0.00847,0.0
PCAP1Dark_Individual:12,0.01818,0.02649,0.0,0.0,0.02439,0.0303,0.0,0.02439,0.04878,0.0,0.02941,0.0,0.0
PCAP1Dark_Individual:7;,0.01714,0.06818,0.02564,0.13636,0.0,0.05263,0.0,0.0,0.0,0.02151,0.03922,0.0,0.03125
PCAP1Dark_Individual:10,0.0436,0.0129,0.02128,0.01515,0.0,0.02312,0.01657,0.00532,0.02424,0.0101,0.03061,0.01258,0.03968
PCAP1Dark_Individual:17,0.02695,0.03211,0.01402,0.0,0.03876,0.02542,0.01587,0.01538,0.04598,0.02913,0.00752,0.03448,0.0
PCAP1Dark_Individual:16,0.02055,0.02128,0.02817,0.0,0.03797,0.0,0.01042,0.01389,0.0,0.0102,0.01299,0.0,0.0
PCAP1Dark_Individual:15,0.01865,0.1125,0.05941,0.01075,0.02632,0.01136,0.13043,0.01389,0.0,0.0,0.0,0.01493,0.0
PCAP1Dark_Individual:14,0.03715,0.00901,0.05042,0.00633,0.02222,0.01974,0.02381,0.00735,0.0,0.03419,0.00662,0.00775,0.0
PCAP2Dark_Individual:8;,0.02174,0.01799,0.01628,0.01115,0.01486,0.02123,0.01651,0.0,0.0,0.00752,0.0,0.0,0.0
PCAP2Dark_Individual:48,0.02558,0.03525,0.02941,0.02796,0.05396,0.04016,0.04384,0.05805,0.02326,0.05479,0.06061,0.03922,0.06061
PCAP2Dark_Individual:4;,0.00449,0.01664,0.00978,0.02762,0.0117,0.0,0.0,0.0,0.0,0.0,0.0,0.00581,0.0
PCAP2Dark_Individual:40,0.02575,0.02874,0.0181,0.00844,0.02778,0.03125,0.04795,0.0443,0.00667,0.01563,0.03352,0.01143,0.0
PCAP2Dark_Individual:41,0.01947,0.0497,0.02404,0.0095,0.00645,0.00794,0.00407,0.00778,0.02762,0.01439,0.00442,0.01449,0.0
PCAP2Dark_Individual:42,0.02493,0.02047,0.01517,0.02453,0.01091,0.01914,0.03131,0.02381,0.03182,0.04306,0.0339,0.01235,0.01351
PCAP2Dark_Individual:43,0.03308,0.03448,0.05102,0.02469,0.00457,0.00549,0.00552,0.01695,0.01786,0.01422,0.01105,0.0,0.0
PCAP2Dark_Individual:44,0.00849,0.00777,0.02711,0.00952,0.00813,0.0339,0.00719,0.00781,0.01818,0.00952,0.03306,0.02128,0.0
PCAP2Dark_Individual:45,0.02936,0.03516,0.04762,0.0125,0.03268,0.0155,0.01274,0.04412,0.00662,0.01471,0.00769,0.03101,0.01974
PCAP2Dark_Individual:46,0.00988,0.02857,0.03061,0.02419,0.0,0.0,0.00275,0.00296,0.0,0.00627,0.01394,0.00543,0.0129
PCAP2Dark_Individual:47,0.01158,0.01789,0.0199,0.02917,0.03458,0.05725,0.02968,0.05689,0.01772,0.04233,0.03904,0.01382,0.03109
PCAP2Dark_Individual:2;,0.03222,0.01225,0.06452,0.01646,0.02041,0.03175,0.0,0.0,0,0,0,0.0,0.0
PCAP2Dark_Individual:28,0.02191,0.03771,0.02927,0.02214,0.016,0.01775,0.02577,0.02994,0.00699,0.0119,0.01274,0.02581,0.03061
PCAP2Dark_Individual:29,0.01744,0.01799,0.01261,0.02385,0.0,0.0073,0.00926,0.0,0.0,0.0,0.0,0.00763,0.0
PCAP2Dark_Individual:26,0.02871,0.03343,0.03379,0.02756,0.03008,0.01613,0.0,0.01333,0.0,0.0,0.01,0.0,0.0125
PCAP2Dark_Individual:6;,0.02429,0.02817,0.00877,0.07143,0.00962,0.03704,0.0,0.05714,0.01818,0.0303,0.0,0.01818,0.0
PCAP2Dark_Individual:24,0.03484,0.02914,0.02002,0.04382,0.02043,0.0365,0.02694,0.03416,0.03793,0.02516,0.04545,0.03333,0.02242
PCAP2Dark_Individual:25,0.02434,0.02667,0.01923,0.00948,0.00775,0.00446,0.00855,0.00781,0.02985,0.0,0.0,0.0,0.02105
PCAP2Dark_Individual:22,0.02466,0.02493,0.03175,0.01702,0.02717,0.01105,0.0199,0.01163,0.0146,0.00676,0.01667,0.03008,0.01887
PCAP2Dark_Individual:23,0.02069,0.04149,0.02923,0.02209,0.01474,0.0303,0.01881,0.01695,0.02049,0.01395,0.0199,0.01695,0.00985
PCAP2Dark_Individual:20,0.01292,0.01945,0.01365,0.00665,0.01042,0.03138,0.01575,0.00964,0.02553,0.04274,0.03226,0.00613,0.02158
PCAP2Dark_Individual:21,0.00789,0.01792,0.01563,0.02703,0.02134,0.01325,0.03109,0.02642,0.01124,0.00881,0.02778,0.0099,0.04651
PCAP2Dark_Individual:34,0.02162,0.04152,0.0118,0.01758,0.00594,0.00308,0.0125,0.00633,0.0119,0.0146,0.0,0.00676,0.0
PCAP2Dark_Individual:38,0.02885,0.0216,0.03264,0.0246,0.03648,0.02985,0.02773,0.02718,0.03741,0.01911,0.01402,0.0,0.01087
PCAP2Dark_Individual:35,0.01628,0.01734,0.01225,0.02041,0.00629,0.00702,0.01667,0.01176,0.00957,0.00633,0.00521,0.0,0.0068
PCAP2Dark_Individual:27,0.03488,0.02287,0.02626,0.02158,0.00935,0.0113,0.01493,0.01648,0.01327,0.0,0.00667,0.01005,0.00439
PCAP2Dark_Individual:11,0.00552,0.03504,0.01036,0.0,0.0,0.0,0.0,0.0,0.03488,0.0,0.0,0.02083,0.01053
PCAP2Dark_Individual:37,0.02083,0.02914,0.02108,0.01235,0.00448,0.00958,0.01026,0.00629,0.01498,0.02326,0.0184,0.02381,0.0073
PCAP2Dark_Individual:36,0.01321,0.01552,0.01632,0.03279,0.05435,0.01136,0.0,0.0,0.0,0.0,0.0,0.0,0.0
PCAP2Dark_Individual:5;,0.02273,0.02817,0.03571,0.01587,0.0,0.02198,0.0,0.0,0.00971,0.01563,0.02817,0.0,0.01205
PCAP2Dark_Individual:9;,0.02714,0.00513,0.02748,0.02908,0.00849,0.02439,0.00889,0.02188,0,0.0,0.0182,0.03774,0.0
PCAP2Dark_Individual:31,0.02124,0.01597,0.0144,0.01282,0.0,0.01854,0.0,0.0,0.0,0.0,0.0,0.0,0.0
PCAP2Dark_Individual:30,0.01995,0.0305,0.00088,0.01584,0.0,0.00159,0.02857,0.0,0,0.0303,0.0,0.03392,0.0
PCAP2Dark_Individual:1;,0.0198,0.00752,0.0,0.03922,0.0,0.03846,0.0,0.01724,0.0,0.01613,0.0,0.0,0.0
PCAP2Dark_Individual:19,0.00962,0.01455,0.01205,0.02926,0.00488,0.02941,0.0087,0.02703,0.0,0.0,0.03797,0.02564,0.01149
PCAP2Dark_Individual:18,0.04064,0.06739,0.03966,0.01493,0.16667,0.02143,0.02027,0.00719,0.0,0.03419,0.02885,0.01923,0.02632
PCAP2Dark_Individual:39,0.02487,0.03034,0.02526,0.0123,0.03632,0.01869,0.02406,0.00364,0.03652,0.0292,0.01765,0.02857,0.0
PCAP2Dark_Individual:33,0.03103,0.02627,0.02235,0.01882,0.02893,0.03279,0.03856,0.01395,0.0,0.01522,0.01471,0.0,0.02395
PCAP2Dark_Individual:3;,0.03708,0.04156,0.04706,0.00621,0.0073,0.0,0.01852,0.01887,0.0,0.03077,0.0,0.0,0.0
PCAP2Dark_Individual:32,0.01035,0.03553,0.02899,0.01635,0.01386,0.03187,0.0,0.03448,0.0,0.0,0.0,0.0,0.0
PCAP2Dark_Individual:13,0.04503,0.04452,0.03172,0.02381,0.0177,0.00881,0.02312,0.00556,0.00641,0.01342,0.00676,0.0,0.02041
PCAP2Dark_Individual:12,0.00982,0.02682,0.01566,0.01415,0.01471,0.01571,0.0,0.0125,0,0.0,0.01639,0.0,0.0
PCAP2Dark_Individual:7;,0.02639,0.02729,0.00949,0.00429,0.0,0.01639,0.0,0.0101,0.0,0.0,0.0,0.0,0.0
PCAP2Dark_Individual:10,0.01078,0.00408,0.0,0.00562,0.0,0.0,0.0,0.0,0.0,0.00885,0.0,0.0,0.0
PCAP2Dark_Individual:17,0.0432,0.04037,0.02079,0.02273,0.01355,0.03535,0.01546,0.01449,0.01418,0.04545,0.0,0.0177,0.01493
PCAP2Dark_Individual:16,0.02342,0.0102,0.01176,0.01105,0.01829,0.01227,0.01149,0.0,0.01439,0.0087,0.01744,0.0354,0.0069
PCAP2Dark_Individual:15,0.03096,0.01997,0.01306,0.02333,0.04113,0.0281,0.03406,0.03623,0.04128,0.02174,0.0,0.02941,0.0
PCAP2Dark_Individual:14,0.01176,0.02469,0.00968,0.0,0.02857,0.00505,0.00549,0.01829,0.03008,0.0177,0.03636,0.01042,0.01818
PCAP814Dark_Individual:8;,0.02851,0.01808,0.05224,0.04615,0.0241,0.0,0.01887,0.0,0.0,0.0,0.0,0.125,0.0
PCAP814Dark_Individual:48,0.0142,0.03173,0.01236,0.02309,0.03529,0.03867,0.00571,0.03311,0.01807,0.0,0.0,0.0041,0.00877
PCAP814Dark_Individual:4;,0.03579,0.01429,0.03139,0.01136,0.01887,0.0,0.0,0.0,0.04348,0.0,0.0,0.01932,0.05556
PCAP814Dark_Individual:40,0.02896,0.01463,0.03077,0.02217,0.01813,0.01931,0.02174,0.02459,0.03352,0.05848,0.05298,0.04545,0.025
PCAP814Dark_Individual:41,0.11808,0.08434,0.0515,0.02066,0.04018,0.02643,0.04878,0.03167,0.02747,0.03684,0.01894,0.03245,0.03717
PCAP814Dark_Individual:42,0.0252,0.02754,0.03947,0.0102,0.0,0.05556,0.0,0.01613,0,0.03704,0.01266,0.0,0.0
PCAP814Dark_Individual:43,0.0172,0.05263,0.05102,0.07143,0.05,0.0,0.0,0.0,0.0,0.0,0.04918,0.0,0.0
PCAP814Dark_Individual:44,0.01622,0.0346,0.02913,0.03333,0.09091,0.00658,0.02963,0.0,0.04598,0.03509,0.0099,0.05952,0.02222
PCAP814Dark_Individual:45,0.03916,0.04783,0.02098,0.0,0.02564,0.09259,0.02564,0.08824,0.03704,0.0,0.02439,0.01333,0.02667
PCAP814Dark_Individual:46,0.01531,0.04141,0.08297,0.03509,0.05512,0.0,0.0,0,0.0,0.0,0.01205,0.03106,0.02593
PCAP814Dark_Individual:47,0.01961,0.01155,0.02541,0.0712,0.05085,0.04575,0.01709,0.0,0,0.0,0.0,0.04545,0.03077
PCAP814Dark_Individual:2;,0.02977,0.0208,0.05755,0.01923,0.04023,0.04494,0.02727,0.0,0.0,0.0,0.00377,0.0049,0.02395
PCAP814Dark_Individual:28,0.02564,0.02931,0.03421,0.01493,0.01869,0.02857,0.0,0.01075,0.0,0.0,0.00488,0.0,0.00917
PCAP814Dark_Individual:29,0.05275,0.05079,0.0,0.0,0.0,0.0,0.0,0.0,0.0,0.0,0.0,0.05263,0.0
PCAP814Dark_Individual:26,0.01587,0.01301,0.02425,0.02817,0.02924,0.01961,0.01695,0.03846,0.01802,0.02913,0.0082,0.00571,0.0068
PCAP814Dark_Individual:6;,0.0221,0.04464,0.05759,0.0641,0.01734,0.02294,0.02286,0.00503,0.02016,0.01852,0.008,0.00775,0.0
PCAP814Dark_Individual:24,0.0081,0.06534,0.03731,0.00949,0.0359,0.05625,0.01124,0.0625,0.05882,0.01887,0.04651,0.01316,0.02062
PCAP814Dark_Individual:25,0.01727,0.01085,0.00976,0.05,0.0,0.0,0.01587,0.01695,0.0,0.01389,0.0,0.0,0.0
PCAP814Dark_Individual:22,0.01408,0.0,0.0,0.0,0.0,0.0,0.0,0.0,0,0.0,0.02857,0.0,0.0
PCAP814Dark_Individual:23,0.01456,0.0,0.04545,0,0.0,0.0,0.0,0.125,0.0,0.0,0.0396,0.05263,0.08
PCAP814Dark_Individual:20,0.04491,0.02515,0.00632,0.01266,0.0,0.02174,0.00714,0.01439,0.02655,0.04511,0.0381,0.01527,0.04167
PCAP814Dark_Individual:21,0.02278,0.04091,0.02679,0.17647,0.0,0.04545,0.0625,0.0,0.0,0.0,0.0,0.0,0.0
PCAP814Dark_Individual:34,0.00964,0.01269,0.01323,0.03286,0.02151,0.04167,0.11111,0.0,0.04762,0.0,0.07692,0.0,0.0
PCAP814Dark_Individual:38,0.01691,0.06552,0.06897,0.04839,0.03704,0.02985,0.02976,0.0438,0.03546,0.02857,0.25,0.0,0.0
PCAP814Dark_Individual:35,0.05419,0.02358,0.01288,0.00405,0.00498,0.00418,0.01974,0.01485,0.0155,0.01818,0.00633,0.0,0.01575
PCAP814Dark_Individual:27,0.01543,0.02056,0.0303,0.0,0.02105,0.05224,0.00962,0.0,0.0184,0.0,0.00952,0.01852,0.02273
PCAP814Dark_Individual:11,0.01741,0.0332,0.02196,0.02158,0.01786,0.01075,0.0,0.02326,0.03571,0.0,0.0,0.0,0.0
PCAP814Dark_Individual:37,0.01842,0.01898,0.01683,0.00495,0.0,0.0,0.00264,0.0,0.0,0.00525,0.00292,0.0,0.0
PCAP814Dark_Individual:36,0.01857,0.01544,0.02217,0.04762,0.01058,0.01351,0.00585,0.0,0.00855,0.01575,0.00962,0.0,0.0
PCAP814Dark_Individual:5;,0.03912,0.04242,0.02745,0.06667,0.04412,0.0,0.018,0.0,0.0,0.0,0.00758,0.0,0.01667
PCAP814Dark_Individual:9;,0.0297,0.03131,0.03704,0.01639,0.00781,0.0,0.0,0.0381,0.05738,0.00943,0.0,0.03636,0.0
PCAP814Dark_Individual:31,0.00563,0.01574,0.0121,0.01124,0.01827,0.01354,0.01718,0.04478,0.03125,0.02857,0.00565,0.01198,0.01325
PCAP814Dark_Individual:30,0.0297,0.03529,0.03475,0.04545,0.0,0.0,0.0,0.0,0.00758,0.0098,0.0051,0.0,0.01594
PCAP814Dark_Individual:1;,0,0.0,0,0,0.04167,0.00885,0.0,0.0084,0.00366,0.0,0.0,0.00539,0.00488
PCAP814Dark_Individual:19,0.01053,0.01362,0.0,0.0339,0.02597,0.0,0.0,0.0,0.0,0.02128,0,0.0,0.0
PCAP814Dark_Individual:18,0.04353,0.0697,0.04587,0.00771,0.0,0.0,0.0,0.0,0.0,0.0,0.0,0.0,0.0
PCAP814Dark_Individual:39,0.01938,0.02398,0.03711,0.04545,0.00467,0.03315,0.02344,0.06087,0.02703,0.0,0.01163,0.0,0.0
PCAP814Dark_Individual:33,0.01266,0.0311,0.04592,0.024,0.0,0.01927,0.00855,0.04545,0.01709,0.03361,0.02439,0.0102,0.0
PCAP814Dark_Individual:3;,0.0117,0.02358,0.04717,0.05322,0.11268,0.02857,0.02326,0.0,0.0,0.01124,0.01705,0.0,0.00885
PCAP814Dark_Individual:32,0.02125,0.04937,0.02896,0.00868,0.00347,0.00858,0.01015,0.0,0.0,0.0,0.0,0.00685,0.0
PCAP814Dark_Individual:13,0.01575,0.0,0,0.27273,0.03738,0.00801,0.0,0.0,0,0.0,0.03175,0.03865,0.01648
PCAP814Dark_Individual:12,0.02547,0.01631,0.02492,0.0167,0.02484,0.0,0,0.02784,0.0,0.0,0.0,0.0,0.0
PCAP814Dark_Individual:7;,0.02589,0.03902,0.02602,0.02778,0.00495,0.00649,0.01149,0.02186,0.01282,0.0,0.0,0.01613,0.02439
PCAP814Dark_Individual:10,0.0199,0.01351,0.0,0.02857,0.02542,0.02222,0.03077,0.01695,0.02286,0.0,0.01198,0.01299,0.02484
PCAP814Dark_Individual:17,0.00834,0.02592,0.02556,0.02174,0.02991,0.02344,0.00926,0.02062,0.0,0.0,0.01235,0.01351,0.05495
PCAP814Dark_Individual:16,0.03509,0.03434,0.05357,0.0463,0.03876,0.06509,0.02083,0.05797,0.0163,0.01987,0.02362,0.00699,0.00667
PCAP814Dark_Individual:15,0.02418,0.02405,0.05294,0.0396,0.02105,0.016,0.0,0.0,0.0,0.0,0,0.0,0.0303
PCAP814Dark_Individual:14,0.02928,0.03558,0.01587,0.00769,0.01478,0.00518,0.00505,0.0,0.01695,0.00971,0.00472,0.0093,0.01485
PCAP931Dark_Individual:8;,0.02439,0.01703,0.01475,0.02727,0.03084,0.02632,0.04965,0.05102,0.04688,0.02174,0.03125,0.0084,0.02
PCAP931Dark_Individual:48,0.03583,0.03645,0.04329,0.03481,0.0625,0.0,0.04688,0.0,0.06557,0.01538,0.04494,0.08434,0.07059
PCAP931Dark_Individual:4;,0.02667,0.01859,0.02866,0.04846,0.03125,0.04678,0.0,0.02854,0.01815,0.0,0.01754,0.0,0.0
PCAP931Dark_Individual:40,0.02294,0.0303,0.01735,0.01953,0.01081,0.04702,0.01852,0.01818,0.01948,0.00662,0.02128,0.01575,0.00935
PCAP931Dark_Individual:41,0.01059,0.01839,0.01022,0.02267,0.03976,0.02727,0.01786,0.0226,0.0241,0.0289,0.03593,0.0219,0.04688
PCAP931Dark_Individual:42,0.01609,0.02033,0.02568,0.02369,0.01038,0.04149,0.03012,0.01449,0.00641,0.04762,0.0431,0.0219,0.02542
PCAP931Dark_Individual:43,0.00367,0.02071,0.01711,0.01629,0.01544,0.0292,0.0628,0.0458,0.025,0.03883,0.01408,0.0625,0.01316
PCAP931Dark_Individual:44,0.04384,0.03704,0.02857,0.0,0.02804,0.02151,0.02564,0.02679,0.00855,0.02479,0.0,0.02632,0.04598
PCAP931Dark_Individual:45,0.01163,0.01641,0.01358,0.01653,0.01606,0.01117,0.02809,0.01227,0.00962,0.01887,0.00885,0.03226,0.02013
PCAP931Dark_Individual:46,0.02614,0.02599,0.03134,0.03774,0.03462,0.03195,0.02685,0.04183,0.02513,0.02174,0.01449,0.02985,0.01575
PCAP931Dark_Individual:47,0.03249,0.0,0.0,0.0,0.0,0.0,0.05556,0.0,0.0,0.0,0.0,0.0,0.0
PCAP931Dark_Individual:2;,0.02736,0.0226,0.01683,0.02326,0.02532,0.0,0.02899,0.02857,0.01613,0.01299,0.00917,0.05217,0.01316
PCAP931Dark_Individual:28,0.00972,0.0081,0.01302,0.0,0.02017,0.0,0.0149,0,0.0,0.0,0.00862,0.0,0.01316
PCAP931Dark_Individual:29,0.03364,0.05398,0.04286,0.01345,0.02183,0.02308,0.00538,0.0,0.0,0.02649,0.0,0.00613,0.0202
PCAP931Dark_Individual:26,0.01961,0.03483,0.02273,0.03263,0.04895,0.0,0.0,0.0,0.0,0,0.02564,0.0,0.0
PCAP931Dark_Individual:6;,0.0267,0.02495,0.02551,0.03723,0.01701,0.01657,0.01619,0.01047,0.02439,0.0119,0.0,0.03509,0.02632
PCAP931Dark_Individual:24,0.02622,0.04093,0.03419,0.0158,0.01433,0.01465,0.04327,0.01531,0.02083,0.00505,0.02804,0.0,0.04082
PCAP931Dark_Individual:25,0.03741,0.02408,0.03519,0.02367,0.04505,0.02083,0.0,0.0,0,0.02083,0.01053,0.07576,0.0
PCAP931Dark_Individual:22,0.01763,0.01094,0.00742,0.00906,0.00766,0.00568,0.0,0.01408,0.02,0.01667,0.02752,0.00893,0.01626
PCAP931Dark_Individual:23,0.02738,0.05045,0.04027,0.03651,0.04012,0.02075,0.03879,0.02941,0.05143,0.02424,0.04023,0.02548,0.00617
PCAP931Dark_Individual:20,0.01643,0.04297,0.02159,0.04082,0.03463,0.0,0.0,0.0,0.0,0.0,0.02752,0.0396,0.0
PCAP931Dark_Individual:21,0.01739,0.00704,0.01246,0.00962,0.03553,0.02312,0.00741,0.00794,0.00909,0.0202,0.0,0.00862,0.0
PCAP931Dark_Individual:34,0.01778,0.08511,0.11905,0.0,0.1,0.01235,0.04,0.04348,0.0,0.01493,0.01111,0.0,0.0
PCAP931Dark_Individual:38,0.02005,0.03949,0.0325,0.02536,0.02392,0.02128,0.04348,0.0625,0.0241,0.03788,0.00637,0.0198,0.03947
PCAP931Dark_Individual:35,0.02128,0.0,0.01336,0.0,0.0,0,0.0,0,0.0,0.0,0,0.0,0.0
PCAP931Dark_Individual:27,0.02617,0.02428,0.02699,0.03347,0.02388,0.01307,0.02,0.0,0.01709,0.0,0.0,0.00826,0.01538
PCAP931Dark_Individual:11,0.02239,0.02119,0.03141,0.01899,0.00935,0.0,0.0,0.02804,0.0,0.01316,0.0,0.008,0.02083
PCAP931Dark_Individual:37,0.01729,0.01901,0.02157,0.03145,0.0101,0.02247,0.01709,0.05,0.01316,0.01961,0.0,0.0411,0.0
PCAP931Dark_Individual:36,0.00949,0.01818,0.02698,0.01617,0.01629,0.01905,0.03252,0.0303,0.01739,0.02752,0.0122,0.03409,0.0
PCAP931Dark_Individual:5;,0.03042,0.03685,0.0319,0.0312,0.03313,0.03922,0.01796,0.02817,0.08609,0.0,0.05556,0.0,0.02027
PCAP931Dark_Individual:9;,0.02837,0.01577,0.02198,0.01896,0.0137,0.025,0.02098,0.0,0.0,0.02299,0.0,0.06024,0.02817
PCAP931Dark_Individual:31,0.0305,0.02311,0.03219,0.03495,0.04464,0.01799,0.04396,0.0119,0.04098,0.0,0.0241,0.04795,0.0
PCAP931Dark_Individual:30,0.02242,0.03004,0.04265,0.06716,0.02469,0.0625,0.02392,0.01087,0.02273,0.04918,0.00893,0.0,0.0
PCAP931Dark_Individual:1;,0.02247,0.02536,0.02305,0.02606,0.02479,0.00794,0.02759,0.01802,0.0,0.01053,0.00862,0.0,0.00943
PCAP931Dark_Individual:19,0.01689,0.02289,0.01578,0.00222,0.01031,0.03529,0.02632,0.03947,0.03828,0.00495,0.0042,0.0,0.01852
PCAP931Dark_Individual:18,0.00888,0.01462,0.01649,0.02386,0.02691,0.01235,0.00617,0.0198,0.00549,0.00388,0.00532,0.01961,0.008
PCAP931Dark_Individual:39,0.03167,0.02418,0.02089,0.02213,0.03846,0.0367,0.03846,0.02721,0.02721,0.0354,0.0,0.01563,0.01639
PCAP931Dark_Individual:33,0.01292,0.02516,0.0199,0.0069,0.0,0.0,0.0,0.0137,0.0,0.03571,0.02273,0.0,0.07692
PCAP931Dark_Individual:3;,0.0332,0.03683,0.05165,0.01531,0.02765,0.04301,0.02632,0.02113,0.03268,0.03106,0.0,0.02062,0.0
PCAP931Dark_Individual:32,0.01529,0.02279,0.02808,0.02659,0.02475,0.03812,0.03641,0.05306,0.0266,0.0383,0.02717,0.03521,0.03614
PCAP931Dark_Individual:13,0.01287,0.02185,0.01512,0.01818,0.03178,0.02572,0.02881,0.02419,0.00784,0.02488,0.02703,0.01531,0.01538
PCAP931Dark_Individual:12,0.0252,0.01958,0.02907,0.02479,0.02793,0.01081,0.02326,0.02424,0.00676,0.02113,0.03704,0.01754,0.03472
PCAP931Dark_Individual:7;,0.03373,0.0349,0.01841,0.01636,0.0,0.00926,0.02667,0.0,0.0,0.01667,0.0,0.0,0.0
PCAP931Dark_Individual:10,0.04174,0.03156,0.02626,0.03791,0.02597,0.01527,0.02564,0.0,0.0,0.03846,0.0,0.0,0.03571
PCAP931Dark_Individual:17,0.01965,0.01343,0.02204,0.0117,0.02222,0.02575,0.01543,0.00678,0.02985,0.01911,0.00649,0.00633,0.0155
PCAP931Dark_Individual:16,0.0265,0.02875,0.02778,0.01085,0.00427,0.01172,0.00885,0.0119,0.01111,0.0,0.0,0.0,0.0101
PCAP931Dark_Individual:15,0.02315,0.02941,0.03492,0.00937,0.01146,0.00958,0.01987,0.02347,0.00578,0.00909,0.00578,0.01047,0.00588
PCAP931Dark_Individual:14,0.02557,0.01386,0.01381,0.04082,0.04516,0.0,0.01923,0.02597,0.07143,0.03333,0.07576,0.03191,0.01299
