AripiprazoleDark_Individual:8;,0.0386,0.02857,0.04225,0.05128,0.05882,0.02105,0.02778,0.06711,0.03693,0.02273,0.03774,0.04396,0.05195
AripiprazoleDark_Individual:48,0.03216,0.02403,0.05517,0.0464,0.01481,0.0,0.02778,0.02286,0.03279,0.02326,0.00588,0.01887,0.02273
AripiprazoleDark_Individual:4;,0.00967,0.03761,0.04286,0.05643,0.03401,0.04233,0.0317,0.02292,0.03252,0.02606,0.04594,0.03086,0.03762
AripiprazoleDark_Individual:40,0.0195,0.0289,0.03509,0.05143,0.05195,0.01951,0.02155,0.01984,0.00719,0.01835,0.00943,0.01796,0.01739
AripiprazoleDark_Individual:41,0.00267,0.01196,0.00896,0.01396,0.00496,0.01991,0.05607,0.00344,0.02947,0.01524,0.01329,0.02581,0.01466
AripiprazoleDark_Individual:42,0.044,0.03989,0.05311,0.04298,0.04467,0.04378,0.03488,0.06897,0.02913,0.02924,0.02643,0.03356,0.032
AripiprazoleDark_Individual:43,0.02432,0.0262,0.03038,0.01065,0.02658,0.03377,0.02544,0.04132,0.03509,0.03101,0.03226,0.02165,0.01923
AripiprazoleDark_Individual:44,0.01299,0.03239,0.03529,0.05612,0.0375,0.01773,0.03704,0.02183,0.01639,0.04348,0.01923,0.01935,0.0
AripiprazoleDark_Individual:45,0.0362,0.05357,0.01379,0.01923,0,0.0303,0.0,0.00788,0.0,0.02857,0.01009,0.00843,0.0
AripiprazoleDark_Individual:46,0.0322,0.02759,0.0,0.0,0.01075,0.02609,0.01053,0.0,0.0,0.0,0.0,0.01639,0.0381
AripiprazoleDark_Individual:47,0.03796,0.05357,0.0386,0.05354,0.04028,0.0241,0.05369,0.02626,0.04826,0.03797,0.02142,0.03711,0.02257
AripiprazoleDark_Individual:2;,0.07813,0.09211,0.01786,0.03883,0.06452,0.1,0.0,0.0,0.01064,0.04762,0.0,0,0.0
AripiprazoleDark_Individual:28,0.03678,0.03831,0.04317,0.04955,0.01732,0.03012,0.00797,0.02,0.02092,0.01563,0.00743,0.01198,0.00717
AripiprazoleDark_Individual:29,0.01786,0.01535,0.04114,0.02729,0.04097,0.06637,0.04245,0.02133,0.02484,0.03535,0.04792,0.02736,0.03425
AripiprazoleDark_Individual:26,0.04138,0.04545,0.03333,0.03968,0.02857,0.00897,0.04651,0.016,0.01714,0.0,0.02484,0.0,0.0
AripiprazoleDark_Individual:6;,0.0365,0.05691,0.04698,0.07299,0.07258,0.05556,0.04545,0.04545,0.04268,0.0,0.0,0.01563,0.03279
AripiprazoleDark_Individual:24,0.04762,0.04027,0.02985,0.05363,0.02048,0.04851,0.02041,0.05128,0.0,0.02564,0.125,0.05714,0.01408
AripiprazoleDark_Individual:25,0.04435,0.01326,0.00922,0.0041,0.00385,0.03687,0.00259,0.03297,0.01603,0.02786,0.01413,0.0195,0.01181
AripiprazoleDark_Individual:22,0.02184,0.04503,0.01333,0.07438,0.03896,0.02667,0.0,0.0102,0.08333,0.02632,0.05128,0.02151,0.06098
AripiprazoleDark_Individual:23,0.01714,0.02267,0.02493,0.01639,0.02169,0.02317,0.03175,0.02823,0.02062,0.03814,0.04938,0.0354,0.03158
AripiprazoleDark_Individual:20,0.04215,0.07831,0.0963,0.07453,0.0315,0.03659,0.00943,0.08,0.0,0.06024,0.05263,0.06522,0.10345
AripiprazoleDark_Individual:21,0.05761,0.02047,0.06667,0.05063,0.06934,0.03448,0.09091,0.04959,0.0,0.0,0.05844,0.03636,0.02381
AripiprazoleDark_Individual:34,0.0296,0.01406,0.02032,0.01571,0.01952,0.02632,0.01765,0.00452,0.07619,0.05814,0.02597,0.00826,0.07087
AripiprazoleDark_Individual:38,0.05687,0.02037,0.01649,0.02778,0.02424,0.02083,0.03139,0.01818,0.01737,0.03704,0.00889,0.02041,0.07331
AripiprazoleDark_Individual:35,0.02561,0.02385,0.06667,0.06024,0.0597,0.0,0.00694,0.0,0.00784,0.01563,0.01471,0.04762,0.01709
AripiprazoleDark_Individual:27,0.02157,0.0339,0.02899,0.01902,0.02381,0.03125,0.02941,0.04217,0.02967,0.02344,0.03716,0.02236,0.03734
AripiprazoleDark_Individual:11,0.01353,0.02951,0.01258,0.0292,0.04717,0.075,0.03365,0.04094,0.03067,0.02924,0.05882,0.10204,0.02703
AripiprazoleDark_Individual:37,0.02022,0.02008,0.03846,0.05769,0.08434,0.08333,0.05814,0.08163,0.03876,0.04219,0.0303,0.04211,0.02222
AripiprazoleDark_Individual:36,0.02457,0.03596,0.01767,0.03476,0.03191,0.0177,0.02479,0.0,0.05983,0.01734,0.03061,0.0,0.01639
AripiprazoleDark_Individual:5;,0.01913,0.06829,0.07746,0.05405,0.10323,0.07254,0.05946,0.04412,0.04516,0.03465,0.02439,0,0.0
AripiprazoleDark_Individual:9;,0.04396,0.03571,0.00637,0.03947,0.02532,0.02632,0.05051,0.01613,0.05556,0.0,0.03889,0.05195,0.0303
AripiprazoleDark_Individual:31,0.02136,0.05769,0.01262,0.01971,0.01563,0.0,0.0119,0.03774,0.02174,0.03077,0.01266,0.02381,0.02479
AripiprazoleDark_Individual:30,0.0,0.01667,0.0339,0.08197,0.07407,0.09091,0.125,0.2,0.01719,0.2,0,0,0.00425
AripiprazoleDark_Individual:1;,0.03778,0.02326,0.00592,0.0082,0.02857,0.02098,0.00909,0.00519,0.0,0.00322,0.00321,0.0,0.0
AripiprazoleDark_Individual:19,0.125,0.0274,0.0137,0.07857,0.0463,0.02804,0.0,0.01429,0.00588,0.04811,0.02247,0.0463,0.01408
AripiprazoleDark_Individual:18,0.03158,0.01563,0.0,0.0137,0.0,0.01852,0.03061,0.02941,0.04425,0.03614,0.01724,0.06061,0.04839
AripiprazoleDark_Individual:39,0.02961,0.02959,0.02308,0.01113,0.03577,0.02432,0.02481,0.02128,0.05288,0.00556,0.02381,0.03846,0.0
AripiprazoleDark_Individual:33,0.023,0.0283,0.02774,0.03267,0.04063,0.04603,0.01852,0.08475,0.01754,0.05,0.0,0.02857,0.0
AripiprazoleDark_Individual:3;,0.04698,0.03153,0.06166,0.04348,0.03356,0.01266,0.01709,0.02521,0.01608,0.01899,0.00897,0.03017,0.0123
AripiprazoleDark_Individual:32,0.00927,0.00638,0.02146,0.02552,0.02436,0.02795,0.02804,0.02916,0.02988,0.02653,0.0301,0.09195,0.01408
AripiprazoleDark_Individual:13,0.0218,0.03014,0.0453,0.01124,0.02092,0.01639,0.01149,0.00625,0.00592,0.06107,0.00983,0.0625,0.02093
AripiprazoleDark_Individual:12,0.06332,0.07487,0.0,0.06542,0.03846,0.05063,0.07216,0.03279,0.05488,0.08929,0.0,0.04918,0.06667
AripiprazoleDark_Individual:7;,0.04255,0.04348,0.05556,0.03315,0.09735,0.03937,0.04,0.02439,0.02963,0.04601,0.04082,0.04372,0.03911
AripiprazoleDark_Individual:10,0.02623,0.0614,0.0354,0.05263,0.03279,0.0,0.0303,0.0303,0.0,0.0,0.03571,0.0,0.01961
AripiprazoleDark_Individual:17,0.01013,0.01346,0.01377,0.0,0.0,0.03061,0.0241,0.0365,0.0,0.0,0.0,0.0315,0.01299
AripiprazoleDark_Individual:16,0.05458,0.04713,0.04833,0.05155,0.04412,0.05128,0.02198,0.01389,0.03571,0.0102,0.03659,0.01961,0.05607
AripiprazoleDark_Individual:15,0.01761,0.02319,0.02899,0.02873,0.02947,0.01879,0.04513,0.01667,0.02885,0.0195,0.03922,0.02432,0.05285
AripiprazoleDark_Individual:14,0.01189,0.02191,0.0418,0.02347,0.03746,0.02841,0.04369,0.02762,0.02747,0.04294,0.03883,0.01515,0.05462
CariprazineDark_Individual:8;,0.01349,0.01799,0.01225,0.01397,0.01639,0.00852,0.02542,0.03219,0.0,0.01304,0.01676,0.01316,0.04
CariprazineDark_Individual:48,0.02622,0.0356,0.02545,0.06329,0.03503,0.03514,0.04651,0.05556,0.05914,0.02204,0.0241,0.11818,0.06742
CariprazineDark_Individual:4;,0.01856,0.01966,0.02038,0.02556,0.02137,0.0207,0.03485,0.0315,0.02367,0.01538,0.02902,0.00958,0.01859
CariprazineDark_Individual:40,0.02805,0.03646,0.03167,0.03476,0.06081,0.0,0.0,0.0,0.02247,0.0,0.0,0.0,0.0
CariprazineDark_Individual:41,0.01961,0.02258,0.03885,0.03306,0.02299,0.0,0.0303,0.0,0.05714,0.02128,0.0,0.025,0.03125
CariprazineDark_Individual:42,0.07572,0.03226,0.025,0.02817,0.03175,0.01205,0.03376,0.06087,0.0,0.01449,0.0,0.01754,0.0
CariprazineDark_Individual:43,0.02215,0.00671,0.02113,0.0202,0.0,0.03226,0.00855,0.02273,0.03371,0.02667,0.04,0.03297,0.04819
CariprazineDark_Individual:44,0.00859,0.04043,0.04255,0.11905,0.06061,0.12698,0.04651,0.03297,0.05085,0.0,0.01333,0.01818,0.0463
CariprazineDark_Individual:45,0.01446,0.01515,0.02184,0.05152,0.03004,0.02609,0.06857,0.07194,0.05036,0.04294,0.02976,0.04762,0.03727
CariprazineDark_Individual:46,0.05204,0.01923,0.02817,0.0566,0.02778,0.04167,0.05556,0.0,0.03333,0.01515,0.0,0.04615,0.09524
CariprazineDark_Individual:47,0.0178,0.01702,0.0242,0.04031,0.02847,0.01859,0.06695,0.15493,0.14286,0.0,0.03665,0.03763,0.04938
CariprazineDark_Individual:2;,0.02202,0.03938,0.07107,0.01835,0.03673,0.08163,0.09061,0.09163,0.04869,0.01913,0.09607,0.06438,0.04035
CariprazineDark_Individual:28,0.0159,0.03515,0.02361,0.03883,0,0.03557,0.03354,0.07111,0.05689,0.1134,0.02047,0.03915,0.05319
CariprazineDark_Individual:29,0.02452,0.03478,0.04082,0.01351,0.01695,0.0,0.02632,0.01429,0.0,0.02439,0.0,0.00463,0.01351
CariprazineDark_Individual:26,0.02371,0.05217,0.03774,0.03175,0.01975,0.02105,0.03347,0.0,0.02804,0.024,0.0339,0.01603,0.01366
CariprazineDark_Individual:6;,0.01538,0.05263,0.025,0.09375,0.0303,0.07143,0.15583,0.01143,0.005,0.025,0.00727,0.02439,0.0
CariprazineDark_Individual:24,0.01639,0.02041,0.01042,0.07407,0.04795,0.04196,0.02985,0.08929,0.02326,0.10811,0.07317,0.02174,0.04167
CariprazineDark_Individual:25,0.05337,0.07534,0.03916,0.04497,0.03828,0.04762,0.01282,0.01224,0.02577,0.02817,0.03804,0.02,0.01961
CariprazineDark_Individual:22,0.0177,0.02201,0.04527,0.14468,0.07895,0.07143,0.05785,0.024,0.03614,0.02105,0.00952,0.02151,0.01653
CariprazineDark_Individual:23,0.02568,0.01383,0.01274,0.0219,0.01354,0.03684,0.02778,0.0,0.03509,0.03968,0.05882,0.05556,0.0
CariprazineDark_Individual:20,0.09655,0.04167,0.09091,0.08571,0.00971,0.05224,0.07246,0.05224,0.03896,0.02778,0.05128,0.02083,0.0
CariprazineDark_Individual:21,0.03302,0.03184,0.04255,0.16,0.00801,0.01137,0.01577,0.01993,0.03614,0.0,0.0,0.01324,0.01449
CariprazineDark_Individual:34,0.04101,0.03361,0.0449,0.0339,0.07143,0.05714,0.06195,0.0,0.0,0.02985,0.0,0.02128,0.01575
CariprazineDark_Individual:38,0.03043,0.0566,0.0303,0.02778,0.0,0.02857,0.01408,0.0,0.02353,0.04701,0.02703,0.02128,0.0
CariprazineDark_Individual:35,0.01431,0.03018,0.05505,0.01538,0.0,0.0,0.01429,0.05714,0.01786,0.02941,0.01596,0.03846,0.06452
CariprazineDark_Individual:27,0.03045,0.07463,0.08333,0.02857,0.01316,0.05202,0.07031,0.03263,0.07143,0.02083,0.06164,0.03902,0.01235
CariprazineDark_Individual:11,0.01796,0.04706,0.0431,0.03297,0.0,0.03571,0.01429,0.01493,0.0,0.0,0.02564,0.0,0.02632
CariprazineDark_Individual:37,0.05806,0.03371,0.07,0.06542,0.04762,0.0,0.04545,0.0,0.02778,0.06452,0.11111,0.08333,0.0
CariprazineDark_Individual:36,0.03097,0.02105,0.01408,0.0,0.04167,0.0,0.02941,0.0,0.0,0.0,0.0,0.01667,0.0
CariprazineDark_Individual:5;,0.00998,0.02817,0.05128,0.09574,0.03797,0.01408,0.0,0.01266,0.01667,0.0,0.02247,0.0,0.0
CariprazineDark_Individual:9;,0.00882,0.02307,0.04481,0.04505,0.05556,0.0,0.0,0.0,0.02703,0.02041,0.0,0.0,0.04651
CariprazineDark_Individual:31,0.02619,0.02612,0.05072,0.08974,0.03529,0.01869,0.01299,0.01835,0.07368,0.08,0.01429,0.08197,0.06579
CariprazineDark_Individual:30,0.02649,0.0315,0.03333,0.0,0.03093,0.01802,0,0.0202,0.01351,0.01818,0.0687,0.01333,0.02985
CariprazineDark_Individual:1;,0.02204,0.0479,0.03409,0.02439,0.01681,0.04651,0.00926,0.03226,0.0,0.03017,0.03614,0.00562,0.0
CariprazineDark_Individual:19,0.02445,0.02933,0.0,0.0566,0.0,0.02174,0.0339,0.06667,0.0,0.05556,0.0,0.0,0.0
CariprazineDark_Individual:18,0.01095,0.0321,0.03306,0.03614,0.0,0.01802,0.01163,0.01667,0.0,0.00426,0.01449,0.0,0.0
CariprazineDark_Individual:39,0.02734,0.04918,0.07547,0.0404,0.01563,0.0,0.0,0.01449,0.0,0.01667,0.05495,0.0,0.0
CariprazineDark_Individual:33,0.09052,0.08636,0.04028,0.03738,0.03333,0.08861,0.02899,0.02439,0.0,0.02381,0.0,0.04762,0.01515
CariprazineDark_Individual:3;,0.01872,0.03056,0.03139,0.03297,0.04545,0.02667,0.03571,0.02062,0.03086,0.03077,0.0198,0.01587,0.0
CariprazineDark_Individual:32,0.07157,0.0743,0.08982,0.12925,0.03077,0.06329,0.04545,0.06306,0.03636,0.02679,0.03922,0.04762,0.0
CariprazineDark_Individual:13,0.03145,0.04618,0.02083,0.03061,0.0,0.02098,0.0,0.0,0.01471,0.02326,0.0,0.0,0.0
CariprazineDark_Individual:12,0.02114,0.02509,0.03422,0.01316,0.04,0.06579,0.03279,0.04,0.0,0.025,0.2,0.0,0.0
CariprazineDark_Individual:7;,0.01154,0.04,0.0,0.02703,0.0,0.0,0.0,0.00585,0.03125,0.0,0.0,0.06452,0.06061
CariprazineDark_Individual:10,0.02352,0.0303,0.05645,0.09231,0.03614,0.0439,0.06024,0.01429,0.0,0.0,0.0,0.03571,0.03922
CariprazineDark_Individual:17,0.03221,0.03137,0.02484,0.04959,0.01887,0.0,0.01408,0.04,0.0,0.0,0.02703,0.41667,0.01143
CariprazineDark_Individual:16,0.01741,0.03012,0.01796,0.02222,0.0,0.02667,0.0137,0.03061,0.03509,0.01053,0.0,0.0,0.01316
CariprazineDark_Individual:15,0.01513,0.02395,0.0426,0.01429,0.09559,0.01923,0.03614,0.02105,0.02521,0.03371,0.02381,0.0137,0.05479
CariprazineDark_Individual:14,0.04348,0.03736,0.08,0.0,0.02651,0.02778,0.02564,0.0,0.03125,0.01563,0.11132,0.02273,0.03774
ClozapineDark_Individual:8;,0.04195,0.03502,0.024,0.00971,0.0,0.0,0.0,0.0,0.0,0.04464,0.01563,0.03488,0.0
ClozapineDark_Individual:48,0.03099,0.01119,0.02997,0.04508,0.04278,0.01042,0.01376,0.01531,0.0559,0.0131,0.01563,0.04545,0.00424
ClozapineDark_Individual:4;,0.01982,0.0,0.0,0.0,0.09091,0.1,0.0,0.0,0.05556,0.0,0.0,0.0,0.0
ClozapineDark_Individual:40,0.03442,0.04886,0.02646,0.01508,0.02604,0.00529,0.01418,0.01439,0.01667,0.01754,0.0,0.04444,0.0
ClozapineDark_Individual:41,0.04552,0.06179,0.07306,0.04564,0.03552,0.05185,0.05337,0.0534,0.07531,0.04706,0.03249,0.05932,0.05911
ClozapineDark_Individual:42,0.02979,0.03815,0.08626,0.0378,0.03704,0.02913,0.0303,0.02632,0.01724,0.0678,0.06707,0.0493,0.04444
ClozapineDark_Individual:43,0.05607,0.04455,0.02308,0.04202,0.05844,0.01802,0.0,0.01905,0.04545,0.02778,0.0137,0.0354,0.01709
ClozapineDark_Individual:44,0.06228,0.09501,0.06145,0.05091,0.08537,0.02128,0.03448,0.05806,0.02538,0.02821,0.02262,0.03593,0.04211
ClozapineDark_Individual:45,0.01695,0.00313,0.0,0.00289,0.00784,0.0251,0.00794,0.02715,0.0181,0.00562,0.01036,0.00429,0.02186
ClozapineDark_Individual:46,0.02164,0.0339,0.0407,0.04233,0.0,0.01389,0.05682,0.07353,0.0393,0.02273,0.04054,0.03061,0.03448
ClozapineDark_Individual:47,0.02796,0.02621,0.03965,0.01287,0.04574,0.04167,0.0514,0.03947,0.05353,0.05485,0.05789,0.0315,0.0125
ClozapineDark_Individual:2;,0.01172,0.01165,0.00359,0.00693,0.0109,0.02341,0.02508,0.01087,0.01493,0.01056,0.00405,0.00735,0.0
ClozapineDark_Individual:28,0.03493,0.15,0,0.07692,0.17647,0.07143,0.05932,0.04412,0.06452,0.02817,0.09091,0.09459,0.05042
ClozapineDark_Individual:29,0.08609,0.05,0.03774,0.06818,0.03226,0.0,0.0,0.0,0.0,0.0,0.0,0.0,0.0
ClozapineDark_Individual:26,0.00952,0.0031,0.00873,0.01408,0.05286,0.0,0.00565,0.00971,0.0119,0.00714,0.0,0.0,0.02439
ClozapineDark_Individual:6;,0.03008,0.02026,0.03155,0.03822,0.0202,0.00704,0.0241,0.0,0.03125,0.0,0.0,0.01111,0.0
ClozapineDark_Individual:24,0.02725,0.04301,0.04651,0.05455,0.06154,0.03846,0.0375,0.01042,0.03226,0.04918,0.0303,0.04762,0.06849
ClozapineDark_Individual:25,0.02146,0.02607,0.03409,0.05128,0.01379,0.0121,0.01951,0.02604,0.01047,0.00629,0.02273,0.00866,0.02564
ClozapineDark_Individual:22,0.01515,0.025,0.02469,0.02639,0.0203,0.03571,0.02094,0.03876,0.03896,0.01653,0.04225,0.04375,0.02139
ClozapineDark_Individual:23,0.04028,0.04097,0.03163,0.04823,0.03247,0.02927,0.02991,0.01456,0.03684,0.05128,0.01899,0.01653,0.02235
ClozapineDark_Individual:20,0.05476,0.04582,0.05042,0.06009,0.05729,0.03871,0.07292,0.04211,0.03226,0.04464,0.0365,0.048,0.06716
ClozapineDark_Individual:21,0.02174,0.03846,0.02817,0.0303,0.07407,0.0,0.12,0.03846,0.03226,0.0,0.0,0.0,0.08696
ClozapineDark_Individual:34,0.01478,0.06383,0.02041,0.00781,0.00735,0.0,0.00182,0.0,0.0,0.0,0.0,0.0,0.00775
ClozapineDark_Individual:38,0.02,0.01935,0.065,0.0,0.33333,0.0,0.03676,0.02646,0.01908,0.0155,0.0117,0.03922,0.025
ClozapineDark_Individual:35,0.06075,0.08371,0.03564,0.04471,0.0432,0.05429,0.02722,0.00441,0.02917,0.04365,0.01509,0.0093,0.02055
ClozapineDark_Individual:27,0.02149,0.01109,0.07273,0.02362,0.00606,0.01508,0.00667,0.01786,0.0068,0.0274,0.01064,0.0137,0.0
ClozapineDark_Individual:11,0.05397,0.06957,0.04854,0.03376,0.08727,0.07947,0.08152,0.07914,0.03261,0.03797,0.0875,0.04598,0.04065
ClozapineDark_Individual:37,0.05996,0.07837,0.03205,0.0431,0.02913,0.01266,0.0,0.0,0.03509,0.02062,0.0,0.05,0.04054
ClozapineDark_Individual:36,0.02994,0.05941,0.0,0.07692,0.02667,0.0566,0.01852,0.01389,0.03333,0.0,0.00617,0.0202,0.01987
ClozapineDark_Individual:5;,0.01289,0.0,0.0,0.00483,0.00546,0.00546,0.00909,0.01622,0.01471,0.0,0.0,0.00532,0.00556
ClozapineDark_Individual:9;,0.02825,0.02179,0.02516,0.0146,0.0,0.016,0.02564,0.05357,0.02941,0.0,0.0,0.13333,0.01449
ClozapineDark_Individual:31,0.0277,0.0625,0.08,0.01905,0.08046,0.04065,0.02247,0.05607,0.02885,0.07547,0.03659,0.00847,0.07407
ClozapineDark_Individual:30,0.04126,0.02341,0.00987,0.03918,0.07895,0.04651,0.04202,0.07407,0.02062,0.02206,0.04211,0.03488,0.0
ClozapineDark_Individual:1;,0.0661,0.01439,0.04,0.03254,0.03125,0.25,0.0,0.0,0.03077,0.0,0.01754,0.01563,0.02564
ClozapineDark_Individual:19,0.05055,0.04019,0.08125,0.02828,0.02564,0.01449,0.0431,0.02353,0.03746,0.02601,0.03947,0.05556,0.00823
ClozapineDark_Individual:18,0.09971,0.14407,0.11744,0.11111,0.01418,0.03636,0.02583,0.03185,0.02462,0.04396,0.05063,0.02524,0.00692
ClozapineDark_Individual:39,0.01594,0.03175,0.02729,0.01225,0.03571,0.02,0.02,0.02105,0.02597,0.04478,0.01136,0.00847,0.01887
ClozapineDark_Individual:33,0.03369,0.02467,0.01282,0.02326,0.01744,0.02198,0.00851,0.02581,0.0,0.00862,0.00571,0.02308,0.0155
ClozapineDark_Individual:3;,0.02546,0.03328,0.03162,0.01639,0.03318,0.02857,0.04938,0.00437,0.02098,0.00662,0.03061,0.02381,0.01429
ClozapineDark_Individual:32,0.03468,0.03785,0.03047,0.03311,0.03004,0.02137,0.04098,0.03681,0.0,0.01322,0.02247,0.02174,0.01961
ClozapineDark_Individual:13,0.0525,0.06667,0.04348,0.03279,0.04255,0.04412,0.03226,0.02899,0.03125,0.03509,0.01818,0.0,0.01449
ClozapineDark_Individual:12,0.05872,0.08478,0.04523,0.08219,0.04569,0.07634,0.00654,0.02198,0.03077,0.05682,0.01852,0.04444,0.0
ClozapineDark_Individual:7;,0.01719,0.03704,0.03419,0.02538,0.02484,0.01042,0.02703,0.02174,0.03546,0.00893,0.0155,0.03947,0.00862
ClozapineDark_Individual:10,0.02809,0.01147,0.00529,0.0221,0.016,0,0.0,0.00649,0.04,0.00467,0.02128,0.01149,0.0
ClozapineDark_Individual:17,0.01609,0.03794,0.05769,0.07229,0.03049,0.02667,0.03822,0.03401,0.01481,0.01149,0.01053,0.01717,0.025
ClozapineDark_Individual:16,0.02284,0.02718,0.02041,0.02736,0.02419,0.01645,0.01471,0.01327,0.0,0.01976,0.00455,0.00823,0.0106
ClozapineDark_Individual:15,0.032,0.05283,0.04922,0.0297,0.02564,0.03061,0.03984,0.01163,0.01765,0.01485,0.0303,0.05102,0.01987
ClozapineDark_Individual:14,0.03431,0.05682,0.04126,0.04848,0.05498,0.02632,0.03165,0.05405,0.04636,0.07087,0.0274,0.02679,0.07216
CNODark_Individual:8;,0.05442,0.05185,0.05178,0.07328,0.04324,0.04965,0.03361,0.0,0.02703,0.04464,0.01818,0.02564,0.04959
CNODark_Individual:48,0.02864,0.0223,0.03861,0.03303,0.0381,0.04192,0.03243,0.01914,0.03867,0.01079,0.02745,0.03646,0.02899
CNODark_Individual:4;,0.01792,0.01786,0.03979,0.03529,0.03911,0.0566,0.03623,0.06716,0.05674,0.04032,0.04762,0.0641,0.03922
CNODark_Individual:40,0.01678,0.0,0.0,0.05333,0.01961,0.0,0.02083,0.0082,0.0,0.04762,0.0241,0.03008,0.00599
CNODark_Individual:41,0.07083,0.04,0.02752,0.00971,0.02857,0.01408,0.0,0.0,0.01786,0.03797,0.0,0.0,0.0
CNODark_Individual:42,0.0253,0.04364,0.03704,0.01754,0.03429,0.06818,0.01515,0.02532,0.08247,0.05147,0.06122,0.02752,0.0625
CNODark_Individual:43,0.04132,0.07143,0.08333,0.06061,0.05263,0.04444,0.06842,0.01899,0.02353,0.07097,0.02581,0.04569,0.04545
CNODark_Individual:44,0.00815,0.0241,0.01596,0.04854,0.05607,0.008,0.0,0.01852,0.0,0.03846,0.02083,0.03333,0.03261
CNODark_Individual:45,0.09627,0.05303,0.03922,0,0.04286,0.07246,0.04348,0.02597,0.03896,0.0,0.07059,0.0,0.01493
CNODark_Individual:46,0.01195,0.04675,0.01902,0.06635,0.05479,0.05426,0.04255,0.04142,0.06122,0.02069,0.07857,0.14925,0.04494
CNODark_Individual:47,0.01772,0.02696,0.00408,0.0297,0.00893,0.02532,0.0303,0.03226,0.00877,0.06098,0.00794,0.01099,0.05747
CNODark_Individual:2;,0.00543,0.02688,0.03828,0.06299,0.06122,0.00926,0.00901,0.03529,0.00847,0.0303,0.01724,0.04255,0.03788
CNODark_Individual:28,0.01712,0.02299,0.008,0.01,0.06667,0.0,0.0,0.01942,0.01887,0.04124,0.01124,0.01802,0.0
CNODark_Individual:29,0.06343,0.09375,0.08333,0.03571,0.02941,0.0,0.01961,0.01563,0.0,0.02174,0.0125,0.01449,0.0
CNODark_Individual:26,0.02604,0.05806,0.05217,0.04673,0.00971,0.06593,0.04651,0.06306,0.02239,0.0458,0.06731,0.0315,0.0
CNODark_Individual:6;,0.00397,0.02353,0.0159,0.03342,0.02222,0.0315,0.0,0.01478,0.01613,0.02424,0.01695,0.02841,0.02484
CNODark_Individual:24,0.0621,0.08068,0.09593,0.05031,0.06,0.03797,0.02685,0.04688,0.0828,0.04192,0.02162,0.01887,0.05114
CNODark_Individual:25,0.02681,0.02239,0.024,0.01031,0.01942,0.0,0.025,0.02703,0.01163,0.0,0.0,0.45455,0.0
CNODark_Individual:22,0.01042,0.01571,0.03692,0.05217,0.04592,0.03067,0.04965,0.02239,0.05263,0.05691,0.04023,0.02128,0.05085
CNODark_Individual:23,0.03506,0.03,0.02997,0.06204,0.05727,0.07438,0.05525,0.04167,0.09655,0.02041,0.0463,0.02381,0.00752
CNODark_Individual:20,0.04141,0.04738,0.03902,0.02105,0.01747,0.03941,0.02655,0.0,0.0,0.0,0.08108,0.0303,0.03846
CNODark_Individual:21,0.01791,0.02532,0.0137,0.02439,0.02128,0.0146,0.02098,0.0339,0.00637,0.02439,0.02273,0.02878,0.01587
CNODark_Individual:34,0.00347,0.00771,0.00771,0.02083,0.01786,0.02344,0.0,0.02098,0.02206,0.0,0.0292,0.00676,0.03774
CNODark_Individual:38,0.02306,0.02203,0.02878,0.0,0.01653,0.01504,0.0,0.0,0.01802,0.03061,0.02105,0.00893,0.01117
CNODark_Individual:35,0.02671,0.00769,0.02222,0.01527,0.00847,0.00962,0.0303,0.04854,0.02479,0.01626,0.0315,0.0,0.01613
CNODark_Individual:27,0.01993,0.05387,0.03723,0.01744,0.0241,0.03306,0.00935,0.01835,0.01031,0.0,0.02151,0.0283,0.02586
CNODark_Individual:11,0.01449,0.08869,0.07784,0.0359,0.04908,0.08527,0.02941,0.0303,0.01136,0.02759,0.04444,0.06604,0.05806
CNODark_Individual:37,0.02098,0.03409,0.03055,0.02725,0.06757,0.01163,0.03158,0.0,0.04762,0.0119,0.04651,0.0274,0.01111
CNODark_Individual:36,0.01342,0.06842,0.01429,0.02797,0.032,0.03597,0.01504,0.05128,0.02586,0.03226,0.05172,0.02,0.01754
CNODark_Individual:5;,0.01914,0.0389,0.03963,0.05735,0.06019,0.02439,0.04321,0.01863,0.03106,0.03226,0.01527,0.05042,0.02381
CNODark_Individual:9;,0.01333,0.01414,0.04533,0.05858,0.05674,0.03488,0.04505,0.01563,0.03279,0.02817,0.04478,0.01333,0.01724
CNODark_Individual:31,0.02555,0.02526,0.03629,0.04636,0.02308,0.03158,0.0367,0.0119,0.03906,0.02521,0.0,0.01923,0.04167
CNODark_Individual:30,0.05769,0.08243,0.04749,0.04943,0.03518,0.04167,0.03125,0.065,0.07527,0.02797,0.0339,0.0411,0.01299
CNODark_Individual:1;,0.03511,0.03653,0.05467,0.04462,0.0411,0.08494,0.04673,0.03398,0.03049,0.04545,0.0375,0.0625,0.04348
CNODark_Individual:19,0.01982,0.0315,0.0,0.02542,0.04598,0.04819,0.03125,0.0,0.0,0.0,0.0,0.05556,0.0
CNODark_Individual:18,0.01932,0.04959,0.05263,0.0678,0.05172,0.0,0.03509,0.06818,0.0339,0.02222,0.0,0.00658,0.03226
CNODark_Individual:39,0.01136,0.07143,0.01639,0.0202,0.05825,0.02727,0.04286,0.02667,0.02985,0.00794,0.03846,0.04098,0.04
CNODark_Individual:33,0.02845,0.01538,0.01932,0.04386,0.02727,0.01626,0.02727,0.05932,0.02727,0.03937,0.04167,0.0177,0.08163
CNODark_Individual:3;,0.02023,0.04151,0.0363,0.05,0.05461,0.0614,0.04186,0.04054,0.04202,0.01812,0.0177,0.01961,0.01587
CNODark_Individual:32,0.0524,0.07619,0.03448,0.02,0.0283,0.06796,0.06944,0.02778,0.02041,0.02326,0.0,0.0,0.01695
CNODark_Individual:13,0.01473,0.03185,0.01863,0.04688,0.03061,0.02655,0.0137,0.04082,0.00962,0.03704,0.0122,0.02128,0.00952
CNODark_Individual:12,0.01499,0.01566,0.0122,0.01194,0.02092,0.0177,0.0,0.01357,0.02454,0.03409,0.01899,0.02459,0.03704
CNODark_Individual:7;,0.02821,0.03049,0.01911,0.00719,0.0,0.03425,0.02247,0.01227,0.00535,0.00654,0.0283,0.00625,0.01136
CNODark_Individual:10,0.00199,0.01102,0.05742,0.06557,0.03937,0.00855,0.09649,0.03817,0.03061,0.0297,0.02632,0.03226,0.02778
CNODark_Individual:17,0.02344,0.05801,0.04639,0.04651,0.02703,0.03704,0.0597,0.04918,0.0303,0.06,0.10417,0.02222,0.0
CNODark_Individual:16,0.0107,0.01395,0.00735,0.03704,0.02381,0.04545,0.02778,0.03409,0.02857,0.05882,0.05,0.01163,0.02597
CNODark_Individual:15,0.01111,0.02239,0.05814,0.07229,0.03,0.02439,0.01653,0.01099,0.02899,0.02256,0.02469,0.01075,0.01176
CNODark_Individual:14,0.03692,0.02632,0.02508,0.05323,0.03315,0.01935,0.07237,0.01863,0.02439,0.01212,0.02128,0.01923,0.01923
HaloperidolDark_Individual:8;,0.02181,0.05556,0.03784,0.00481,0.03297,0.0,0.00448,0.02286,0.01053,0.00935,0.00526,0.02294,0.00654
HaloperidolDark_Individual:48,0.04237,0.04789,0.05714,0.06667,0.0,0.0,0.01587,0.04444,0.02222,0.0303,0.05435,0.01408,0.0
HaloperidolDark_Individual:4;,0.06199,0.03512,0.03435,0.01487,0.01031,0.02283,0.01667,0.02825,0.03846,0.0118,0.02025,0.01444,0.01136
HaloperidolDark_Individual:40,0.03471,0.04675,0.02472,0.02691,0.03283,0.02449,0.01875,0.06716,0.04494,0.0283,0.04494,0.01802,0.01333
HaloperidolDark_Individual:41,0.01824,0.01661,0.00144,0.02564,0,0.04918,0.01136,0.04,0.05042,0.03,0.03922,0.01389,0.0
HaloperidolDark_Individual:42,0.01593,0.04854,0.06027,0.03521,0.05208,0.07491,0.06829,0.064,0.06522,0.05521,0.02128,0.05512,0.06202
HaloperidolDark_Individual:43,0.01031,0.01914,0.0,0.01333,0.02604,0.01807,0.0226,0.01026,0.03067,0.02008,0.01571,0.0289,0.04242
HaloperidolDark_Individual:44,0.02211,0.02851,0.07692,0.07317,0.07843,0.10417,0.06667,0.04321,0.05263,0.08434,0.06667,0.0625,0.06522
HaloperidolDark_Individual:45,0.01351,0.02239,0.04608,0.06226,0.03361,0.02326,0.125,0.01875,0.03497,0.0,0.03797,0.0119,0.01639
HaloperidolDark_Individual:46,0.009,0.01913,0.0282,0.02479,0.02174,0.0381,0.02632,0.06222,0.02247,0.03604,0.0,0.0,0.0
HaloperidolDark_Individual:47,0.00551,0.019,0.03646,0.01896,0.05442,0.07692,0.04505,0.0,0.0614,0.0098,0.07527,0.00926,0.04
HaloperidolDark_Individual:2;,0.02329,0.02828,0.02715,0.02742,0.02857,0.02457,0.01319,0.01365,0.00545,0.00442,0.03125,0.00395,0.01899
HaloperidolDark_Individual:28,0.03912,0.0,0.0087,0.00526,0.03472,0.01136,0.0,0.00429,0.02609,0.03067,0.01976,0.03529,0.00877
HaloperidolDark_Individual:29,0.04299,0.02778,0.01205,0.01212,0.0,0.01124,0.00581,0.00787,0.02809,0.0,0.0,0.0,0.01695
HaloperidolDark_Individual:26,0.04779,0.02454,0.0,0.0,0.0,0.01911,0.0,0.0,0,0.0,0,0,0
HaloperidolDark_Individual:6;,0.01966,0.01333,0.01504,0.01316,0.02841,0.0,0.01124,0.01303,0.00855,0.01394,0.04808,0.0,0.04082
HaloperidolDark_Individual:24,0.01338,0.02762,0.05248,0.04016,0.03571,0.04233,0.03382,0.05488,0.04217,0.03226,0.04286,0.04082,0.03185
HaloperidolDark_Individual:25,0.02703,0.03909,0.01415,0.01005,0.01288,0.05063,0.01942,0.00917,0.0,0.01071,0.0,0.00352,0.00429
HaloperidolDark_Individual:22,0.01592,0.02853,0.02787,0.02863,0.07241,0.044,0.03782,0.03049,0.01923,0.06627,0.05625,0.03521,0.07586
HaloperidolDark_Individual:23,0.00998,0.03646,0.01306,0.04475,0.02439,0.02439,0.01818,0.02439,0.01786,0.05023,0.02451,0.01896,0.02242
HaloperidolDark_Individual:20,0.0143,0.03072,0.03178,0.03314,0.05628,0.14154,0.12302,0.104,0.12981,0.09346,0.14218,0.08284,0.09662
HaloperidolDark_Individual:21,0.02187,0.0264,0.03511,0.03412,0.03557,0.07232,0.08202,0.08425,0.11638,0.07292,0.07558,0.08696,0.10145
HaloperidolDark_Individual:34,0.02044,0.03295,0.0274,0.04683,0.03911,0.02222,0.01942,0.0411,0.04317,0.01124,0.01163,0.07843,0.03175
HaloperidolDark_Individual:38,0.00569,0.0089,0.02446,0.01989,0.04688,0.10656,0.04902,0.05102,0.01149,0.08108,0.01538,0.03478,0.00787
HaloperidolDark_Individual:35,0.02278,0.02503,0.03846,0.05871,0.05486,0.06278,0.03556,0.03655,0.02137,0.01014,0.0113,0.02881,0.03463
HaloperidolDark_Individual:27,0.05136,0.06336,0.06552,0.06287,0.04563,0.05038,0.05682,0.06404,0.03309,0.03463,0.05028,0.0292,0.056
HaloperidolDark_Individual:11,0.01553,0.01799,0.02256,0.0381,0.01754,0.00641,0.01154,0.02,0.01481,0.03788,0.03333,0.0,0.02062
HaloperidolDark_Individual:37,0.05351,0.01887,0.0121,0.00662,0.00662,0.03175,0.0,0.0,0.0,0.00995,0.00758,0.00763,0.01399
HaloperidolDark_Individual:36,0.06014,0.03719,0.0809,0.05851,0.09951,0.08251,0.04528,0.02632,0.00939,0.04516,0.06863,0.04054,0.05114
HaloperidolDark_Individual:5;,0.03764,0.03379,0.05841,0.02635,0.01444,0.01375,0.02893,0.01961,0.02644,0.0312,0.02083,0.02595,0.01579
HaloperidolDark_Individual:9;,0.03235,0.02923,0.03807,0.02529,0.04508,0.02667,0.03012,0.01724,0.03125,0.06522,0.00909,0.01579,0.03049
HaloperidolDark_Individual:31,0.0241,0.02835,0.01864,0.02306,0.03039,0.02083,0.02235,0.01351,0.02881,0.00741,0.01527,0.02646,0.01613
HaloperidolDark_Individual:30,0.06241,0.06911,0.03198,0.03855,0.03209,0.03931,0.0272,0.04167,0.05618,0.02514,0.02687,0.01333,0.03412
HaloperidolDark_Individual:1;,0.01821,0.01393,0.01848,0.01149,0.02373,0.00526,0.01136,0.01326,0.01374,0.01389,0.01548,0.02083,0.01792
HaloperidolDark_Individual:19,0.01366,0.00577,0.052,0.03791,0.01685,0.01471,0.01899,0.03846,0.02128,0.0404,0.01418,0.0396,0.02
HaloperidolDark_Individual:18,0.05486,0.03684,0.01245,0.01099,0.00649,0.01282,0.0087,0.04505,0.0,0.0,0.01835,0.0,0.00952
HaloperidolDark_Individual:39,0.003,0.03717,0.02387,0.05641,0.0549,0.01508,0.02703,0.0354,0.04274,0.05376,0.03797,0.03597,0.01835
HaloperidolDark_Individual:33,0.03289,0.04615,0.04225,0.01053,0.05063,0.01667,0.0297,0.0,0.0099,0.0198,0.02,0.0177,0.00877
HaloperidolDark_Individual:3;,0.02695,0.03125,0.02203,0.01671,0.01377,0.02216,0.02134,0.04076,0.0116,0.00915,0.01449,0.03623,0.01493
HaloperidolDark_Individual:32,0.03226,0.03439,0.02174,0.00917,0.03415,0.03415,0.01493,0.04142,0.0339,0.00758,0.04225,0.01235,0.01087
HaloperidolDark_Individual:13,0.0367,0.04415,0.05505,0.02899,0.06,0.08475,0.07143,0.0,0.01136,0.0,0.01397,0.00833,0.03896
HaloperidolDark_Individual:12,0.01235,0.00923,0.00639,0.0081,0.0,0.0,0.00578,0.02344,0.03409,0.06593,0.05618,0.0,0.0
HaloperidolDark_Individual:7;,0.03683,0.02454,0.03382,0.061,0.04218,0.04017,0.04808,0.06011,0.04835,0.06745,0.07738,0.04918,0.02825
HaloperidolDark_Individual:10,0.01515,0.02481,0.00791,0.06494,0.02924,0.02727,0.0,0.02703,0.02174,0.08772,0.04082,0.01351,0.0
HaloperidolDark_Individual:17,0.01621,0.01584,0.03163,0.01534,0.00649,0.00408,0.0,0.02151,0.0084,0.00877,0.02841,0.0,0.00637
HaloperidolDark_Individual:16,0.06446,0.05363,0.05669,0.05369,0.04724,0.04898,0.01826,0.0398,0.02577,0.04938,0.00602,0.0625,0.05056
HaloperidolDark_Individual:15,0.01426,0.01389,0.01714,0.01073,0.02469,0.03788,0.03109,0.02041,0.02586,0.0198,0.03817,0.02326,0.0625
HaloperidolDark_Individual:14,0.00124,0.00717,0.00187,0.0,0.01042,0.01075,0.00645,0.00546,0.00939,0.01587,0.01042,0.00694,0.0219
NDMCDark_Individual:8;,0.0905,0.04104,0.06358,0.02381,0.07792,0.03175,0.0,0.04651,0.06061,0.02899,0.06154,0.15,0.0
NDMCDark_Individual:48,0.03656,0.03285,0.05426,0.125,0.00697,0.0,0.0,0.06383,0.0,0.02381,0.0,0.07143,0.0
NDMCDark_Individual:4;,0.0,0.0,0.0,0.0,0.0,0.0,0.0,0.05263,0.0,0,0,0.0,0.0
NDMCDark_Individual:40,0.0381,0.04562,0.04984,0.04631,0.04268,0.05571,0.0617,0.05447,0.05263,0.04,0.0535,0.02484,0.0303
NDMCDark_Individual:41,0.03805,0.03273,0.04455,0.0255,0.04698,0.0318,0.01869,0.01657,0.03286,0.01835,0.02727,0.0,0.0
NDMCDark_Individual:42,0.04511,0.08654,0.07692,0,0,0.0,0.03175,0.0,0.05128,0.0,0.0,0,0.0
NDMCDark_Individual:43,0.05366,0.0303,0.02919,0.03571,0.0458,0.05298,0.0,0.05155,0.01724,0.04,0.03774,0.04274,0.02703
NDMCDark_Individual:44,0.02838,0.02516,0.03968,0.04348,0.02946,0.04812,0.04147,0.01342,0.05556,0.01136,0.02326,0.02326,0.03571
NDMCDark_Individual:45,0.04074,0.09624,0.09926,0.08276,0.0614,0.04587,0.06897,0.07031,0.03158,0.0678,0.05797,0.03158,0.00952
NDMCDark_Individual:46,0.01215,0.01615,0.02997,0.02034,0.04506,0.03784,0.08667,0.03774,0.0,0.05,0.01613,0.01961,0.04545
NDMCDark_Individual:47,0.02676,0.03443,0.0416,0.03689,0.02806,0.11765,0.09032,0.104,0.02326,0.05882,0.09195,0.02151,0.03191
NDMCDark_Individual:2;,0.02989,0.0656,0.0637,0.04646,0.03876,0.0,0.0,0.0,0.01316,0.0,0.0,0.0,0.02564
NDMCDark_Individual:28,0.04699,0.10304,0.05,0.02825,0.07097,0.02139,0.03488,0.0,0.0087,0.0,0.0,0.02778,0.0
NDMCDark_Individual:29,0.04061,0.05,0.02542,0.03846,0.0,0.02632,0.02222,0.02,0.01695,0.00511,0.00501,0.00625,0.0
NDMCDark_Individual:26,0.03906,0.03668,0.04188,0.02907,0.10345,0.66667,0.01802,0.03106,0.0,0.04545,0,0.0641,0.02273
NDMCDark_Individual:6;,0.0283,0.05655,0.06032,0.0603,0.04776,0.08382,0.06311,0.11538,0.08661,0.0566,0.04938,0.01739,0.0098
NDMCDark_Individual:24,0.02736,0.04467,0.07037,0.07782,0.0283,0.01099,0.07,0.04,0.05263,0.09091,0.06579,0.03947,0.06383
NDMCDark_Individual:25,0.0501,0.05455,0.04598,0.05774,0.07952,0.04177,0.04592,0.0472,0.09677,0.0,0.02632,0.06145,0.0566
NDMCDark_Individual:22,0.03036,0.04467,0.03717,0.05446,0.04651,0.03448,0.03419,0,0.0,0.0,0.04819,0.09524,0.0304
NDMCDark_Individual:23,0.0311,0.07859,0.06793,0.02761,0.06015,0.05732,0.03141,0.06154,0.02479,0.04348,0.01227,0.01299,0.01351
NDMCDark_Individual:20,0.03608,0.05072,0.02864,0.0125,0.02817,0.0101,0.0,0.03125,0.02273,0.03333,0.0,0.01266,0.0
NDMCDark_Individual:21,0.06154,0.0307,0,0.0,0,0.01019,0.0625,0.00767,0.25,0.0,0.01913,0,0.03125
NDMCDark_Individual:34,0.04825,0.03506,0.05471,0.04119,0.04569,0.00885,0.04938,0.02041,0.04196,0.03191,0.02941,0.01053,0.07895
NDMCDark_Individual:38,0.03755,0.02062,0.04167,0.04261,0.03704,0.06849,0.02174,0.0,0.0531,0.02804,0.02128,0.0,0.02198
NDMCDark_Individual:35,0.04536,0.04902,0.0814,0.0297,0.0396,0.0303,0.01031,0.05263,0.01739,0.05556,0.05051,0.0,0.0
NDMCDark_Individual:27,0.0,0,0.0137,0.01001,0.0,0.05263,0.05556,0.0,0.0,0.0,0.0,0.0,0.0
NDMCDark_Individual:11,0.03302,0,0,0.0,0,0.0,0.0,0.0,0.03488,0.03162,0.03524,0.0,0.0
NDMCDark_Individual:37,0.05502,0.10953,0.10703,0.04592,0.03871,0.0411,0.03704,0.0,0.08333,0.0,0.16667,0.0137,0.05263
NDMCDark_Individual:36,0.02621,0.05007,0.03711,0.05738,0.0437,0.04082,0.05607,0.115,0.03376,0.02643,0.055,0.025,0.05839
NDMCDark_Individual:5;,0.08497,0.05181,0.06629,0.03909,0.06486,0.08594,0.08171,0.07792,0.10714,0.06757,0.09231,0.06977,0.05747
NDMCDark_Individual:9;,0.08597,0.05623,0.0844,0.08462,0.08786,0.08231,0.05952,0.05488,0.19355,0.17241,0.17021,0.08163,0.07692
NDMCDark_Individual:31,0.06863,0.05809,0.13846,0.20455,0.05556,0.04348,0.13043,0.04878,0.2,0.0,0.0,0.0,0.0
NDMCDark_Individual:30,0.09302,0.08333,0.0303,0.125,0.0,0.0,0,0.0,0.0,0.0,0.05,0.03704,0.01852
NDMCDark_Individual:1;,0.08052,0.07571,0.07834,0.07636,0.0936,0.06552,0.05965,0.1,0.02299,0.0,0.00778,0.03226,0.0
NDMCDark_Individual:19,0.11273,0.08333,0.14286,0.05607,0.0,0.03049,0.05357,0.02817,0.03825,0.04469,0.07759,0.03125,0.0
NDMCDark_Individual:18,0.04847,0.0506,0.04204,0.06667,0.04545,0.0,0.0625,0.03636,0.06897,0.12,0.0,0.125,0.0
NDMCDark_Individual:39,0.05825,0.01526,0.04787,0.02077,0.0255,0.08955,0.04167,0.07246,0.02778,0.07059,0.06667,0.09639,0.05376
NDMCDark_Individual:33,0.02464,0.03469,0.033,0.0327,0.0578,0.05376,0.03077,0.06061,0.03077,0.02174,0.03125,0.01818,0.01117
NDMCDark_Individual:3;,0.07632,0.06846,0.05567,0.04119,0.04286,0.07143,0.1087,0.07692,0.03279,0.02857,0.04545,0.075,0.11321
NDMCDark_Individual:32,0.03063,0.02578,0.01737,0.06918,0.05634,0,0.0,0.0,0.02703,0.0,0.0,0.0,0.0
NDMCDark_Individual:13,0.02522,0.0355,0.03207,0.03552,0.04072,0.02941,0.04828,0.01843,0.04299,0.09906,0.02828,0.02952,0.08333
NDMCDark_Individual:12,0.06498,0.0989,0.11681,0.05128,0.0799,0.17241,0.06061,0.04348,0.02326,0.09434,0.04444,0.08333,0.01149
NDMCDark_Individual:7;,0.05094,0.02443,0.01692,0.02778,0.13043,0.27273,0.03333,0.14286,0.01449,0.04128,0,0.14286,0.01232
NDMCDark_Individual:10,0.02857,0.02957,0.05949,0.02349,0.04348,0.01442,0.02542,0.00826,0.00592,0.00694,0.01099,0.025,0.00667
NDMCDark_Individual:17,0.03149,0.04662,0.05719,0.07075,0.05882,0.04709,0.0,0.03,0.02985,0,0,0,0.0
NDMCDark_Individual:16,0.02281,0.01657,0.01978,0.02528,0.02215,0.01116,0.01127,0.00685,0.08235,0.03846,0.07914,0.00637,0.01476
NDMCDark_Individual:15,0.014,0.01673,0.02655,0.01887,0.02339,0.00621,0.01117,0.01667,0.05,0.0,0,0.05263,0.03614
NDMCDark_Individual:14,0.0459,0.03718,0.04739,0.05263,0.06085,0.08732,0.0625,0.18478,0.16923,0.07975,0.15584,0.03659,0.07547
NDMCHighDark_Individual:8;,0.02329,0.02882,0.0,0.0,0.0,0.00952,0.0,0.02299,0.01235,0.02041,0.0102,0.01676,0.02564
NDMCHighDark_Individual:48,0.01115,0.02086,0.058,0.04839,0.04286,0.04138,0.05789,0.02846,0.02924,0.04839,0.01818,0.04688,0.02439
NDMCHighDark_Individual:4;,0.01903,0.03226,0.01553,0.04,0.03077,0.02649,0.05455,0.0,0.03158,0.02586,0.0,0.02273,0.03125
NDMCHighDark_Individual:40,0.06061,0.04626,0.04478,0.08451,0.00728,0.06061,0.09091,0.04348,0.04425,0.0113,0.00549,0.0,0.04324
NDMCHighDark_Individual:41,0.01706,0.05161,0.0,0,0.0,0.0,0.0,0,0.0,0.0,0.0,0.03333,0.01064
NDMCHighDark_Individual:42,0.03125,0.03617,0.0381,0.04512,0.03456,0.03571,0.03113,0.03051,0.02642,0.01515,0.03352,0.05096,0.00503
NDMCHighDark_Individual:43,0.07212,0.04283,0.04329,0.0202,0.14286,0.00775,0.02649,0.01835,0.0122,0.0,0.0,0.0,0.0
NDMCHighDark_Individual:44,0.02296,0.03509,0.06005,0.03856,0.05286,0.06278,0.02349,0.04724,0.01141,0.0264,0.025,0.02318,0.04167
NDMCHighDark_Individual:45,0.02053,0.04608,0.02538,0.05405,0.0531,0.01031,0.04032,0.05325,0.01299,0.05495,0.01266,0.05696,0.01724
NDMCHighDark_Individual:46,0.03826,0.06509,0.0,0.05714,0.0,0.04167,0.07368,0.0,0.07143,0.00901,0.04762,0.08824,0.01515
NDMCHighDark_Individual:47,0.02385,0.0383,0.04545,0.03289,0.05714,0.04918,0.07273,0.0,0.04511,0.02532,0.0,0.06111,0.0068
NDMCHighDark_Individual:2;,0.02346,0.01695,0.00658,0.0,0.02299,0.0219,0.03472,0.01478,0.01648,0.00599,0.01685,0.03646,0.02303
NDMCHighDark_Individual:28,0.02033,0.01124,0.03571,0.07921,0.01026,0.01961,0.04469,0.04661,0.05233,0.04615,0.03415,0.0339,0.04569
NDMCHighDark_Individual:29,0.05479,0.02239,0.03101,0.06897,0.03846,0.03535,0.05195,0.03145,0.03636,0.0614,0.05556,0.05172,0.04459
NDMCHighDark_Individual:26,0.01657,0.03782,0.08458,0.05376,0.06667,0.05031,0.07759,0.01818,0.01117,0.02913,0.02797,0.0315,0.01613
NDMCHighDark_Individual:6;,0.05374,0.02745,0.02632,0.01657,0.04167,0.00943,0.0,0.02703,0.01258,0.05,0.00725,0.01136,0.0303
NDMCHighDark_Individual:24,0.04845,0.06105,0.07975,0.05556,0.06957,0.06383,0.03318,0.06132,0.045,0.03409,0.0398,0.03557,0.01887
NDMCHighDark_Individual:25,0.01967,0,0.01136,0.0,0.0,0.03333,0.0,0.0,0.0,0.01042,0.0,0.0,0.0
NDMCHighDark_Individual:22,0.02344,0.02734,0.03621,0.03717,0.00667,0.03509,0.07586,0.02439,0.0101,0.01961,0.06604,0.04598,0.01242
NDMCHighDark_Individual:23,0.02998,0.02414,0.01229,0.0132,0.07538,0.03883,0.06475,0.0663,0.09483,0.05085,0.03252,0.02752,0.05405
NDMCHighDark_Individual:20,0.02241,0.02619,0.05221,0.02518,0.04215,0.04059,0.05732,0.02857,0.00549,0.0402,0.03352,0.04803,0.04911
NDMCHighDark_Individual:21,0.01762,0.08108,0.06355,0.06122,0.03306,0.03846,0.07692,0.0,0.01887,0.05634,0.0,0.0,0.09091
NDMCHighDark_Individual:34,0.03435,0.07826,0.03939,0.01493,0.05236,0.05581,0.03401,0.02564,0.04054,0.07071,0.04444,0.06061,0.08917
NDMCHighDark_Individual:38,0.05926,0.03713,0.09195,0.0315,0.03727,0.01829,0.04082,0.03478,0.00746,0.01695,0.03419,0.02564,0.01
NDMCHighDark_Individual:35,0.02888,0.07918,0.03587,0.02679,0.02614,0.02521,0.00654,0.03015,0.04688,0.024,0.00775,0.02703,0.0146
NDMCHighDark_Individual:27,0.00355,0.0125,0.02381,0.0,0.01852,0.0,0.0099,0.00781,0.01111,0.07407,0.0,0.0,0.0
NDMCHighDark_Individual:11,0.04234,0.05153,0.02747,0.5,0,0.0,0.0,0.02273,0.0,0.0,0.05882,0.02247,0.0
NDMCHighDark_Individual:37,0.06314,0.03504,0.10185,0.07563,0.0,0,0.01166,0,0.0,0,0.29231,0.05769,0.04237
NDMCHighDark_Individual:36,0.0402,0.06791,0.04106,0.0,0.07143,0.0,0.01031,0.0,0.02703,0.02,0.00794,0.0,0.125
NDMCHighDark_Individual:5;,0.0223,0.02589,0.02703,0.03261,0.04828,0.03743,0.0566,0.0339,0.02817,0.04098,0.03205,0.07353,0.02778
NDMCHighDark_Individual:9;,0.00865,0.01806,0.02995,0.0134,0.03226,0.03817,0.03614,0.03704,0.05833,0.0438,0.00952,0.02667,0.01342
NDMCHighDark_Individual:31,0.03059,0.06424,0.03608,0.07576,0.05833,0.05435,0.0198,0.02703,0.07619,0.03448,0.02299,0.02632,0.02479
NDMCHighDark_Individual:30,0.05686,0.0404,0.04497,0.03139,0.07368,0.03433,0.05769,0.04641,0.05682,0.0625,0.10791,0.05882,0.05917
NDMCHighDark_Individual:1;,0.03239,0.04231,0.04566,0.04425,0.07087,0.04286,0.03302,0.05138,0.08621,0.09434,0.07947,0.03804,0.05394
NDMCHighDark_Individual:19,0.01918,0.02095,0.03533,0.0343,0.02424,0.02448,0.03243,0.0362,0.04278,0.04142,0.0,0.06452,0.05217
NDMCHighDark_Individual:18,0.03316,0.04553,0.05023,0.04076,0.01724,0.0303,0.02286,0.03472,0.02155,0.00806,0.01449,0.00719,0.0
NDMCHighDark_Individual:39,0.03828,0.05908,0.02573,0.2,0.07285,0.0,0.04839,0.05882,0.00618,0.0566,0.02913,0.0,0.0
NDMCHighDark_Individual:33,0.03902,0.05851,0.04724,0.02299,0.04651,0.03553,0.0396,0.03165,0.02841,0.02976,0.00787,0.016,0.03139
NDMCHighDark_Individual:3;,0.01069,0.02381,0.03284,0.01563,0.02484,0.03077,0.03687,0.05329,0.03376,0.05,0.03684,0.02762,0.03015
NDMCHighDark_Individual:32,0.04398,0.03906,0.03333,0.06557,0.02308,0.0,0.0283,0.01942,0.0,0.03261,0.01626,0.0,0.03333
NDMCHighDark_Individual:13,0.04252,0.03966,0.06365,0.05634,0.07143,0.0,0.01923,0.0,0.01724,0.0119,0.0,0.0411,0.07143
NDMCHighDark_Individual:12,0.02959,0.04264,0.08772,0.07143,0.0,0.02857,0.02632,0.02469,0.01974,0.03226,0.03968,0.03067,0.02098
NDMCHighDark_Individual:7;,0.05817,0.04403,0.0273,0.01163,0.01333,0.02899,0.0303,0.03774,0.01075,0.04505,0.06098,0.02439,0.04132
NDMCHighDark_Individual:10,0.03736,0.03094,0.06061,0.0479,0.03529,0.02041,0.0,0.01119,0.05983,0.01563,0.00469,0.00581,0.01471
NDMCHighDark_Individual:17,0.03509,0.03673,0.03913,0.01829,0.0177,0.01993,0.02564,0.01439,0.02469,0.0,0.0,0.0,0.0
NDMCHighDark_Individual:16,0.03012,0.03028,0.02556,0.02714,0.03016,0.02031,0.03397,0.02935,0.04178,0.03587,0.03125,0.01613,0.02469
NDMCHighDark_Individual:15,0.05448,0.09635,0.12136,0.00569,0.0,0.0,0.02092,0.00725,0.00746,0.02597,0.0119,0.01504,0.02362
NDMCHighDark_Individual:14,0.03797,0.04556,0.04955,0.02439,0.01124,0.06098,0.00441,0.01333,0.01325,0.00667,0.04255,0.01818,0.01531
OSU6162Dark_Individual:8;,0.02709,0.05783,0.06478,0.15,0.0,0.0,0.0,0.0,0.0,0,0.0,0.0,0.13333
OSU6162Dark_Individual:48,0.05802,0.05962,0.06107,0.0678,0.05,0.04615,0.05455,0.05263,0.08197,0.03636,0.02128,0.11905,0.0566
OSU6162Dark_Individual:4;,0.02068,0.03962,0.03465,0.09859,0.06818,0.01786,0.04688,0.0,0.01786,0.0,0.0,0.2,0.05
OSU6162Dark_Individual:40,0.02317,0.01616,0.01008,0.00977,0.0,0.02083,0.025,0.01626,0.0315,0.00625,0.0119,0.01342,0.04082
OSU6162Dark_Individual:41,0.03155,0.04598,0.04209,0.06144,0.07865,0.01695,0.02174,0.02083,0.01887,0.02273,0.01852,0.01587,0.02857
OSU6162Dark_Individual:42,0.0423,0.02703,0.03846,0.04091,0.04211,0.07692,0.03226,0.0,0.0,0.0,0.07407,0.0,0.0
OSU6162Dark_Individual:43,0.03321,0.02577,0.02692,0.01768,0.02834,0.0234,0.05044,0.0413,0.03846,0.0625,0.10588,0.04717,0.07407
OSU6162Dark_Individual:44,0.0119,0.02117,0.03241,0.0313,0.0387,0.05054,0.02083,0.0,0.0303,0.0,0.03448,0.0,0.0
OSU6162Dark_Individual:45,0.0061,0.03026,0.02424,0.04009,0.05341,0.02239,0.04762,0.0,0.01887,0.0,0.0,0.05952,0.02804
OSU6162Dark_Individual:46,0.01905,0.01099,0.02366,0.02564,0.025,0.03521,0.02041,0.01786,0.025,0.04132,0.0,0.01739,0.04255
OSU6162Dark_Individual:47,0.02762,0.04373,0.02536,0.01938,0.02894,0.0438,0.03704,0.0,0,0.0,0.0,0.0,0.0
OSU6162Dark_Individual:2;,0.00876,0.0315,0.02227,0.03846,0.06154,0.01299,0.01439,0.0,0.03509,0.01587,0.04651,0.0,0.13333
OSU6162Dark_Individual:28,0.02722,0.06438,0.0,0.04412,0.0,0.05263,0.0,0.0,0.0,0.33333,0.0,0,0.0
OSU6162Dark_Individual:29,0.06718,0.02273,0.05017,0.04415,0.04867,0.03774,0.03704,0.0,0.01887,0.04651,0.01724,0.04,0.06061
OSU6162Dark_Individual:26,0.05027,0.06479,0.0,0.02857,0.02041,0.05128,0.04255,0.02564,0.02778,0.08772,0.0375,0.0,0.02632
OSU6162Dark_Individual:6;,0.0396,0.04348,0.02703,0.0,0.0,0.0,0.0,0,0,0.0,0,0.0221,0.0
OSU6162Dark_Individual:24,0.03421,0.04058,0.03654,0.04823,0.02857,0.03,0.0119,0.03571,0.02235,0.03226,0.0,0.0,0.01351
OSU6162Dark_Individual:25,0.06192,0.06997,0.07283,0.07784,0.08333,0.1,0.04651,0.0,0.0,0,0.0,0,0.04
OSU6162Dark_Individual:22,0.052,0.0485,0.0796,0.06323,0.11,0.08163,0.0,0.08889,0.06522,0.04286,0.06897,0.06383,0.0875
OSU6162Dark_Individual:23,0.08197,0.06711,0.08721,0.06192,0.07634,0.01316,0.04545,0.0381,0.05172,0.0,0.03371,0.0,0.04348
OSU6162Dark_Individual:20,0.05189,0.03387,0.0274,0.05765,0.06579,0.04737,0.02703,0.11111,0.07407,0.1,0.02899,0.0,0.06329
OSU6162Dark_Individual:21,0.01049,0.0396,0.03838,0.03041,0.04464,0.05263,0.01429,0.02703,0.04348,0.08163,0.04651,0.03077,0.04
OSU6162Dark_Individual:34,0.03179,0.01832,0.03053,0.04562,0.02595,0.04121,0.02778,0.01923,0.02128,0.03516,0.01818,0.0,0.01136
OSU6162Dark_Individual:38,0.02308,0.03619,0.03097,0.01429,0.01899,0.0,0.05405,0.0119,0.05882,0.0,0.0,0.0,0.0
OSU6162Dark_Individual:35,0.01713,0.05087,0.03684,0.02151,0.05075,0.08475,0.06145,0.01575,0.03145,0.04878,0.05426,0.10256,0.08264
OSU6162Dark_Individual:27,0.03448,0.0603,0.05495,0.03614,0.0,0.04,0.07143,0.01111,0.09211,0.01639,0.0125,0.0,0.01961
OSU6162Dark_Individual:11,0.03338,0.0414,0.04457,0.03888,0.04121,0.10417,0.1165,0.07463,0.0137,0.01389,0.03571,0.07143,0.05882
OSU6162Dark_Individual:37,0.01087,0.01453,0.01654,0.03159,0.02762,0.03363,0.05381,0.04444,0.05136,0.05814,0.03529,0.04545,0.04297
OSU6162Dark_Individual:36,0.01893,0.03055,0.01671,0.0,0.0,0.05882,0.0,0.0,0.0,0.01235,0.07407,0.02222,0.05556
OSU6162Dark_Individual:5;,0.01796,0.0336,0.04113,0.02174,0.07143,0.05303,0.00926,0.0,0.01905,0.03333,0.00909,0.0,0.0
OSU6162Dark_Individual:9;,0.02093,0.02177,0.02179,0.02529,0.053,0.03571,0.02326,0.05455,0.01515,0.04615,0.05556,0.0566,0.04082
OSU6162Dark_Individual:31,0.02507,0.02579,0.01914,0.03719,0.03523,0.05742,0.08219,0.03636,0.02857,0.04762,0.08333,0.0,0.0
OSU6162Dark_Individual:30,0.02911,0.02673,0.02326,0.0241,0.0,0.04167,0.0,0.02326,0.01493,0.04,0.02667,0.0303,0.03448
OSU6162Dark_Individual:1;,0.02584,0.04444,0.0,0.07018,0.0,0.06452,0.03509,0.04444,0.01786,0.0,0.02817,0.05333,0.05357
OSU6162Dark_Individual:19,0.02489,0.03036,0.04795,0.03206,0.07373,0.06711,0.09016,0.02459,0.125,0.01724,0.10345,0.04545,0.04478
OSU6162Dark_Individual:18,0.03526,0.03639,0.03676,0.05076,0.06565,0.05774,0.05473,0.02721,0.03846,0.02353,0.01818,0.0,0.04
OSU6162Dark_Individual:39,0.04358,0.03853,0.03944,0.04863,0.02885,0.01869,0.04082,0.03704,0.01923,0.02899,0.0404,0.0,0.0
OSU6162Dark_Individual:33,0.02028,0.02493,0.03565,0.03284,0.03226,0.0,0.0137,0.01351,0.0137,0.0,0.01266,0.01042,0.03158
OSU6162Dark_Individual:3;,0.04239,0.02661,0.02866,0.03636,0.04762,0.07576,0.0678,0.02353,0.02362,0.06286,0.06011,0.07246,0.02721
OSU6162Dark_Individual:32,0.01345,0.05138,0.04336,0.04505,0.03093,0.0,0.01149,0.01299,0.02703,0.0,0.03529,0.0,0.01064
OSU6162Dark_Individual:13,0.04106,0.05618,0.04947,0.04392,0.09155,0.02632,0.04412,0.06452,0.03797,0.02703,0.04762,0.09375,0.07742
OSU6162Dark_Individual:12,0.01743,0.01675,0.02524,0.02032,0.04091,0.03659,0.03333,0.06098,0.08108,0.01266,0.01299,0.02273,0.05
OSU6162Dark_Individual:7;,0.01897,0.02163,0.02545,0.02924,0.0289,0.04661,0.02484,0.01667,0.03604,0.01961,0.01325,0.04301,0.02941
OSU6162Dark_Individual:10,0.02605,0.04184,0.05283,0.03369,0.03297,0.0672,0.09938,0.03968,0.03158,0.01087,0.04167,0.08511,0.01754
OSU6162Dark_Individual:17,0.02574,0.01201,0.04028,0.07113,0.05634,0.08871,0.08197,0.01613,0.02667,0.08235,0.0,0.08197,0.02151
OSU6162Dark_Individual:16,0.03619,0.05622,0.0572,0.0625,0.04348,0.04615,0.04054,0.06944,0.03937,0.0,0.06061,0.03636,0.0
OSU6162Dark_Individual:15,0.01254,0.01103,0.01647,0.01581,0.0,0,0,0.14327,0.0,0.07692,0.19355,0.0,0.0
OSU6162Dark_Individual:14,0.01807,0.02199,0.04849,0.02989,0.03654,0.03256,0.01714,0.01042,0.0,0.0,0.0,0.04545,0
PCAP1Dark_Individual:8;,0.06497,0.075,0.05545,0.0,0.0,0.0,0.02222,0.11111,0.07407,0.0,0.22222,0.01972,0.0
PCAP1Dark_Individual:48,0.05226,0.02685,0.03226,0.01987,0.0,0.01399,0.0,0.02027,0.0,0.00592,0.00585,0.00562,0.00521
PCAP1Dark_Individual:4;,0.0,0.00649,0.00671,0.01282,0.00588,0.0,0.0,0.0,0.0,0.0,0.0,0.0,0.0
PCAP1Dark_Individual:40,0.01905,0.00917,0.00917,0.0,0.0,0.02469,0.01053,0.0,0.0,0.01064,0.01786,0.01818,0.01667
PCAP1Dark_Individual:41,0.0,0.0,0.06667,0.02564,0.0,0.0,0.03409,0.0,0.04167,0.0,0.02564,0.09421,0.13509
PCAP1Dark_Individual:42,0.07797,0.02198,0.01408,0.04,0.04938,0.01087,0.03125,0.01136,0.0,0.0,0.03175,0.02632,0.01316
PCAP1Dark_Individual:43,0.04075,0.05882,0.0,0.04255,0.0,0.0,0.03922,0.0,0.0,0.0303,0.0,0.0,0.0
PCAP1Dark_Individual:44,0.03302,0.0414,0.04255,0.01408,0.01786,0.02564,0.04255,0.0,0.03614,0.0339,0.02632,0.00917,0.03509
PCAP1Dark_Individual:45,0.03509,0.03604,0.0,0.03871,0.00602,0.0,0.0,0.00535,0.00521,0.00476,0.0,0.01136,0.0
PCAP1Dark_Individual:46,0.06776,0.11278,0.04878,0.07895,0.00901,0.03571,0.05,0.02419,0.04651,0.02459,0.03478,0.05714,0.05738
PCAP1Dark_Individual:47,0.01923,0.02913,0.0,0.0,0.01942,0.02041,0.02128,0.0,0.02941,0.02083,0.01818,0.04,0.07692
PCAP1Dark_Individual:2;,0.02196,0.01754,0.04054,0.00833,0.01042,0.01163,0.01,0.02174,0.02857,0.02985,0.0,0.01818,0.03797
PCAP1Dark_Individual:28,0.05034,0.036,0.0411,0.016,0.03846,0.01961,0.02273,0.0495,0.03333,0.04396,0.06944,0.01149,0.02597
PCAP1Dark_Individual:29,0.01969,0.02419,0.0,0.00446,0.00526,0.01531,0.01563,0.00833,0.03448,0.01923,0.01136,0.0375,0.01538
PCAP1Dark_Individual:26,0.03093,0.05,0.0,0.00877,0.01786,0.01087,0.01389,0.01087,0.0,0.0,0.02542,0.00461,0.0
PCAP1Dark_Individual:6;,0.01713,0.07522,0.02985,0.03352,0.05446,0.03468,0.06993,0.01961,0.01948,0.00671,0.024,0.04412,0.0381
PCAP1Dark_Individual:24,0.09524,0.075,0.0,0.02667,0.04762,0.01299,0.0,0,0.0,0.0411,0.0137,0.02632,0.0198
PCAP1Dark_Individual:25,0.0288,0.02326,0.0,0.0,0.0,0.00592,0.0,0.0,0.0,0.02381,0.01449,0.0,0.0
PCAP1Dark_Individual:22,0.02679,0.0303,0.01333,0.01667,0.11628,0.02878,0.01064,0.01923,0.01754,0.04098,0.01,0.06579,0.0198
PCAP1Dark_Individual:23,0.04569,0.05556,0.05109,0.06316,0.02062,0.02222,0.0431,0.05556,0.02151,0.05618,0.04444,0.08955,0.06667
PCAP1Dark_Individual:20,0.00904,0.03162,0.07345,0.04054,0.05333,0.05839,0.12,0.06818,0.02542,0.04255,0.05208,0.05063,0.08411
PCAP1Dark_Individual:21,0.00923,0.04977,0.02857,0.00862,0.00769,0.0,0.0,0.0129,0.0155,0.0129,0.00526,0.0,0.01639
PCAP1Dark_Individual:34,0.03204,0.04331,0.02581,0.03209,0.02299,0.05469,0.03141,0.03182,0.06034,0.04348,0.01754,0.1,0.04895
PCAP1Dark_Individual:38,0.0314,0.04651,0.02564,0.02752,0.03846,0.02703,0.0,0.02778,0.02143,0.00826,0.0,0.01205,0.02878
PCAP1Dark_Individual:35,0.02162,0.04444,0.03846,0.09677,0.03571,0,0.0,0.08621,0.02222,0.02,0.0,0.06061,0.0241
PCAP1Dark_Individual:27,0.05759,0.0641,0.05882,0.05556,0.0625,0.01163,0.06316,0.01709,0.07692,0.01754,0.04412,0.0,0.04211
PCAP1Dark_Individual:11,0.008,0.0186,0.01705,0.03509,0.0,0.05072,0.0,0.0,0.02381,0.00617,0.01361,0.00654,0.02614
PCAP1Dark_Individual:37,0.01277,0.01869,0.01942,0.0292,0.01961,0.02419,0.02206,0.025,0.05109,0.01361,0.0,0.00935,0.02586
PCAP1Dark_Individual:36,0.0614,0.08808,0.03077,0.0,0.08333,0.03571,0.04054,0.06557,0.0,0.04225,0.07576,0.0,0.07407
PCAP1Dark_Individual:5;,0.04947,0.0,0.00752,0.01987,0.01333,0.02837,0.03759,0.01333,0.16667,0.0137,0.0,0.02,0.00606
PCAP1Dark_Individual:9;,0.02284,0.02632,0.01504,0.01835,0.01075,0.01212,0.0241,0.00893,0.04545,0.00917,0.04762,0.0,0.03509
PCAP1Dark_Individual:31,0.02658,0.0,0.0,0.0,0.0,0.03125,0.04615,0.0,0.01471,0.0,0.01124,0.0087,0.03158
PCAP1Dark_Individual:30,0.03571,0.03604,0.0,0.00758,0.01639,0.0,0.0,0.02222,0.03378,0.0101,0.01471,0.0,0.0
PCAP1Dark_Individual:1;,0.05179,0.03448,0.02062,0.0,0.01075,0.0283,0.02083,0.0087,0.01389,0.02083,0.0,0.01869,0.0
PCAP1Dark_Individual:19,0.02457,0.14655,0.03704,0.06481,0.0,0.10081,0.01563,0.06306,0.03067,0.02721,0.03774,0.04795,0.02419
PCAP1Dark_Individual:18,0.01493,0.01754,0.0,0.01639,0.0,0.01163,0.0,0.0,0.0,0.0,0.0,0.0,0.01064
PCAP1Dark_Individual:39,0.09091,0.03125,0.1,0.04762,0.0,0.0,0.05556,0.02,0.0,0.0,0.00501,0.00319,0.0
PCAP1Dark_Individual:33,0.04233,0.02454,0.0,0.04688,0.0,0.0,0.01681,0.02041,0.0202,0.0,0.0082,0.01905,0.0098
PCAP1Dark_Individual:3;,0.00864,0.02341,0.01405,0.00401,0.00965,0.0,0.02427,0.02139,0.02632,0.0093,0.02073,0.02581,0.0
PCAP1Dark_Individual:32,0.05063,0.0,0.0,0.0,0.05172,0.0125,0.0,0.01266,0.0,0.0,0.0,0.0,0.00926
PCAP1Dark_Individual:13,0.03087,0.04286,0.00621,0.01258,0.02381,0.00735,0.00685,0.01948,0.03906,0.05217,0.0229,0.0339,0.05825
PCAP1Dark_Individual:12,0.05455,0.00662,0.04348,0.0,0.04878,0.0,0.02632,0.04878,0.04878,0.12698,0.0,0.0,0.03125
PCAP1Dark_Individual:7;,0.05143,0.04545,0.0,0.0,0.10345,0.07018,0.0,0.02703,0.125,0.04301,0.15686,0.0,0.03125
PCAP1Dark_Individual:10,0.0218,0.01935,0.02837,0.00758,0.00943,0.0289,0.01105,0.01596,0.01212,0.0,0.04082,0.03145,0.02381
PCAP1Dark_Individual:17,0.04313,0.05505,0.01402,0.01622,0.0155,0.05085,0.03175,0.03077,0.02299,0.01942,0.0,0.01724,0.00585
PCAP1Dark_Individual:16,0.0137,0.01064,0.0,0.0,0.0,0.03261,0.0,0.0,0.0,0.0102,0.0,0.0,0.0
PCAP1Dark_Individual:15,0.0303,0.0375,0.0,0.01075,0.02632,0.02273,0.0,0.0,0.03125,0.0,0.0,0.0,0.0
PCAP1Dark_Individual:14,0.02167,0.03604,0.0084,0.00633,0.01481,0.00658,0.02381,0.02941,0.048,0.01709,0.00662,0.02326,0.02941
PCAP2Dark_Individual:8;,0.00945,0.01559,0.01119,0.00867,0.00637,0.00943,0.01179,0.03571,0.0,0.0,0.0,0.0,0.0
PCAP2Dark_Individual:48,0.04651,0.02611,0.03081,0.01974,0.03417,0.0502,0.03562,0.02639,0.02326,0.0274,0.0404,0.01961,0.0303
PCAP2Dark_Individual:4;,0.00599,0.00333,0.00587,0.01381,0.00877,0.0,0.01471,0.0,0.0,0.0,0.0,0.00581,0.0
PCAP2Dark_Individual:40,0.02304,0.03328,0.04751,0.04641,0.00463,0.025,0.02055,0.01266,0.02,0.02083,0.01117,0.02857,0.02
PCAP2Dark_Individual:41,0.0153,0.03181,0.01202,0.01663,0.03226,0.01984,0.02439,0.01167,0.0442,0.01439,0.0177,0.0,0.04286
PCAP2Dark_Individual:42,0.00698,0.00487,0.01517,0.01895,0.01228,0.01595,0.01957,0.02381,0.03182,0.01914,0.0339,0.01235,0.04054
PCAP2Dark_Individual:43,0.02672,0.03576,0.06122,0.05679,0.05479,0.07143,0.00552,0.03955,0.00893,0.01896,0.01657,0.0226,0.01143
PCAP2Dark_Individual:44,0.0034,0.01165,0.0241,0.02857,0.02439,0.01695,0.04317,0.03906,0.01818,0.00952,0.04132,0.02128,0.01031
PCAP2Dark_Individual:45,0.01554,0.04615,0.06463,0.0375,0.01961,0.0155,0.00637,0.04412,0.01987,0.03676,0.02308,0.00775,0.01974
PCAP2Dark_Individual:46,0.02469,0.06786,0.05782,0.02419,0.01695,0.00284,0.00551,0.00296,0.00585,0.0094,0.0,0.02174,0.0
PCAP2Dark_Individual:47,0.00869,0.02316,0.01571,0.0175,0.03458,0.04962,0.04082,0.05033,0.06835,0.07143,0.05706,0.01843,0.04145
PCAP2Dark_Individual:2;,0.01841,0.01961,0.02151,0.05443,0.01361,0.02381,0.07071,0.47826,0,0,0,1.0,0.27273
PCAP2Dark_Individual:28,0.00697,0.013,0.02195,0.02952,0.016,0.02367,0.02577,0.0,0.03497,0.01786,0.01274,0.0,0.05102
PCAP2Dark_Individual:29,0.01599,0.009,0.00803,0.02385,0.03846,0.0073,0.01852,0.0,0.0,0.00617,0.0,0.00763,0.0
PCAP2Dark_Individual:26,0.00999,0.02035,0.02304,0.01378,0.03383,0.01613,0.0,0.02667,0.0,0.0,0.0,0.0,0.0125
PCAP2Dark_Individual:6;,0.01714,0.0313,0.02632,0.14286,0.0,0.0,0.02222,0.05714,0.03636,0.0,0.02778,0.01818,0.0
PCAP2Dark_Individual:24,0.05419,0.04683,0.0274,0.05976,0.0281,0.05474,0.02189,0.03416,0.04483,0.0283,0.07071,0.04815,0.05381
PCAP2Dark_Individual:25,0.0568,0.04222,0.03606,0.03081,0.02713,0.03571,0.04274,0.00781,0.07463,0.0125,0.0,0.02727,0.04211
PCAP2Dark_Individual:22,0.03699,0.04106,0.08466,0.0383,0.05435,0.0663,0.03483,0.0814,0.05839,0.05405,0.04167,0.05263,0.0566
PCAP2Dark_Individual:23,0.05172,0.08011,0.05231,0.0502,0.05897,0.10438,0.05016,0.02542,0.04508,0.04186,0.03483,0.05085,0.04926
PCAP2Dark_Individual:20,0.0168,0.02917,0.01613,0.01862,0.02827,0.03138,0.04199,0.02892,0.05106,0.02137,0.01613,0.02454,0.03597
PCAP2Dark_Individual:21,0.00902,0.00784,0.01563,0.05019,0.09451,0.10265,0.06218,0.05283,0.09551,0.03965,0.05556,0.0297,0.03876
PCAP2Dark_Individual:34,0.02162,0.03633,0.01518,0.01172,0.01584,0.06154,0.00625,0.01266,0.02381,0.0,0.02667,0.00676,0.0
PCAP2Dark_Individual:38,0.01099,0.01144,0.01697,0.01447,0.02985,0.02612,0.02588,0.02524,0.04422,0.04777,0.06542,0.0531,0.09783
PCAP2Dark_Individual:35,0.00543,0.01156,0.00368,0.01786,0.04403,0.03509,0.03889,0.01176,0.03828,0.03797,0.02604,0.1,0.06803
PCAP2Dark_Individual:27,0.02132,0.03119,0.02626,0.01918,0.00935,0.0113,0.00746,0.03297,0.02212,0.01286,0.00667,0.0,0.00877
PCAP2Dark_Individual:11,0.00829,0.03504,0.05181,0.01504,0.02439,0.04,0.00769,0.0,0.0,0.0202,0.0,0.04167,0.01053
PCAP2Dark_Individual:37,0.01471,0.01457,0.01186,0.01235,0.00784,0.03448,0.03077,0.03774,0.01124,0.0186,0.03067,0.01786,0.05109
PCAP2Dark_Individual:36,0.03019,0.03103,0.02098,0.03279,0.05435,0.02273,0.0,0.02532,0.01695,0.0,0.0,0.01961,0.03636
PCAP2Dark_Individual:5;,0.00535,0.01585,0.00595,0.00794,0.0,0.0,0.03333,0.01786,0.05825,0.0,0.0,0.0119,0.0
PCAP2Dark_Individual:9;,0.01857,0.00769,0.01832,0.021,0.0198,0.02439,0.01778,0.0372,0,0.15789,0.00287,0.0,0.0
PCAP2Dark_Individual:31,0.02703,0.03393,0.02263,0.02564,0.12121,0.05562,0.0,0.0,0.0,0.0,0.0,0.0,0.0
PCAP2Dark_Individual:30,0.00665,0.01605,0.00176,0.02746,0.0,0.0828,0.01905,0.0,0,0.01515,0.0,0.00219,0.0
PCAP2Dark_Individual:1;,0.0198,0.03759,0.01471,0.01961,0.01,0.01923,0.04545,0.0,0.01282,0.0,0.0,0.0,0.0
PCAP2Dark_Individual:19,0.04615,0.03534,0.05422,0.04521,0.03902,0.03922,0.01739,0.05405,0.01667,0.0,0.02532,0.02564,0.04598
PCAP2Dark_Individual:18,0.0636,0.06957,0.05382,0.0597,0.0,0.04286,0.02703,0.05036,0.03529,0.00855,0.00962,0.01923,0.0
PCAP2Dark_Individual:39,0.01963,0.02207,0.02675,0.00527,0.00969,0.01869,0.03209,0.02182,0.01685,0.06569,0.04706,0.05714,0.07042
PCAP2Dark_Individual:33,0.03222,0.01126,0.01765,0.02151,0.01377,0.02004,0.03599,0.02326,0.0,0.02391,0.02941,0.05556,0.03593
PCAP2Dark_Individual:3;,0.02678,0.02897,0.04412,0.01242,0.0219,0.02632,0.01852,0.0,0.0,0.0,0.07407,0.04202,0.0
PCAP2Dark_Individual:32,0.01035,0.01974,0.02576,0.0218,0.0198,0.02789,0.02041,0.0,0.0625,0.0,0.01124,0.01389,0.0
PCAP2Dark_Individual:13,0.03882,0.03767,0.02799,0.04422,0.02655,0.03965,0.02312,0.01111,0.0,0.04027,0.02027,0.01961,0.02041
PCAP2Dark_Individual:12,0.01572,0.0249,0.01957,0.01651,0.0049,0.02094,0.05172,0.025,0,0.01205,0.0,0.0,0.0
PCAP2Dark_Individual:7;,0.01451,0.03852,0.01518,0.04721,0.04237,0.03279,0.03226,0.0303,0.016,0.0289,0.01852,0.025,0.02367
PCAP2Dark_Individual:10,0.01348,0.00543,0.00209,0.0,0.00813,0.0,0.0,0.0,0.0,0.00885,0.00901,0.0,0.0
PCAP2Dark_Individual:17,0.0304,0.03303,0.02771,0.02066,0.00542,0.0101,0.04124,0.00725,0.04255,0.0303,0.01622,0.04425,0.02239
PCAP2Dark_Individual:16,0.03243,0.01786,0.0549,0.01657,0.01829,0.00613,0.01149,0.00704,0.06475,0.0,0.01163,0.0,0.0069
PCAP2Dark_Individual:15,0.02786,0.00932,0.01306,0.02,0.01732,0.03747,0.02786,0.03261,0.02294,0.02174,0.01099,0.0098,0.0
PCAP2Dark_Individual:14,0.01008,0.02675,0.05484,0.03814,0.04286,0.03535,0.03846,0.02439,0.05263,0.0531,0.05455,0.05208,0.06364
PCAP814Dark_Individual:8;,0.05703,0.03477,0.03731,0.04615,0.03614,0.05357,0.0,0.0,0.0,0.0,0.0625,0.0,0.03125
PCAP814Dark_Individual:48,0.00118,0.02157,0.017,0.00924,0.0,0.01105,0.0,0.01987,0.00602,0.01515,0.0,0.02049,0.00877
PCAP814Dark_Individual:4;,0.03158,0.02222,0.01794,0.04545,0.0,0.0,0.02817,0.0,0.0,0.05556,0.0,0.00966,0.05556
PCAP814Dark_Individual:40,0.03089,0.04205,0.03516,0.02956,0.03021,0.04633,0.02174,0.06148,0.02235,0.01754,0.02649,0.03636,0.00625
PCAP814Dark_Individual:41,0.05904,0.0241,0.02146,0.03719,0.01786,0.01322,0.01463,0.03167,0.02747,0.02105,0.00379,0.0118,0.00743
PCAP814Dark_Individual:42,0.04252,0.0241,0.01974,0.04082,0.01205,0.0,0.0,0.01613,0,0.07407,0.0,0.0,0.0137
PCAP814Dark_Individual:43,0.03931,0.09211,0.04082,0.14286,0.1,0.05263,0.0,0.0,0.0,0.0,0.04918,0.0,0.0
PCAP814Dark_Individual:44,0.01622,0.04498,0.01942,0.0,0.0,0.01316,0.05185,0.00873,0.03448,0.04386,0.0297,0.0119,0.0
PCAP814Dark_Individual:45,0.03916,0.02174,0.01399,0.016,0.02564,0.05556,0.0,0.01471,0.0,0.01429,0.02439,0.01333,0.0
PCAP814Dark_Individual:46,0.0245,0.03727,0.05677,0.02632,0.04724,0.03,0.0,0,0.0,0.10345,0.00904,0.02174,0.01111
PCAP814Dark_Individual:47,0.03105,0.0264,0.02904,0.03236,0.04237,0.03268,0.05128,0.025,0,0.0,0.0,0.0,0.01538
PCAP814Dark_Individual:2;,0.01401,0.0112,0.01079,0.01923,0.01149,0.02247,0.01818,0.0,0.0,0.00641,0.01132,0.01471,0.00599
PCAP814Dark_Individual:28,0.03134,0.01804,0.0161,0.0,0.02804,0.02857,0.0,0.0,0.0069,0.0,0.0,0.0,0.00917
PCAP814Dark_Individual:29,0.04615,0.01587,0.0,0.0,0.0,0.16667,0.0,0.0,0.0,0.0,0.0,0.0,0.02632
PCAP814Dark_Individual:26,0.02198,0.01673,0.02079,0.02213,0.00585,0.0098,0.08475,0.01282,0.02703,0.00971,0.02459,0.02857,0.03401
PCAP814Dark_Individual:6;,0.03315,0.00893,0.02094,0.0,0.0,0.00917,0.01143,0.0,0.00403,0.00617,0.008,0.0,0.04762
PCAP814Dark_Individual:24,0.10324,0.14773,0.16045,0.11709,0.27692,0.21875,0.25843,0.225,0.19608,0.18868,0.23256,0.15789,0.14433
PCAP814Dark_Individual:25,0.02879,0.03471,0.03902,0.0,0.0,0.0,0.0,0.0339,0.02913,0.0,0.0,0.0,0.0
PCAP814Dark_Individual:22,0.04225,0.125,0.25,0.01493,0.0,0.0,0.0,0.0,0,0.0,0.05714,0.0,0.09804
PCAP814Dark_Individual:23,0.14563,0.0,0.0,0,0.0,0.0,0.11111,0.125,0.1,0.0,0.0396,0.0,0.0
PCAP814Dark_Individual:20,0.07186,0.07101,0.05895,0.05485,0.07263,0.07246,0.07143,0.06475,0.06195,0.02256,0.05714,0.09924,0.04167
PCAP814Dark_Individual:21,0.0615,0.03182,0.03571,0.11765,0.0,0.09091,0.0,0.0,0.0,0.0,0.0,0.0,0.0
PCAP814Dark_Individual:34,0.01928,0.01523,0.01323,0.01408,0.06452,0.02778,0.02222,0.0,0.04762,0.0,0.0,0.0,0.16667
PCAP814Dark_Individual:38,0.02657,0.04828,0.07471,0.04839,0.01852,0.01493,0.0,0.0073,0.00709,0.0,0.25,0.0,0.0
PCAP814Dark_Individual:35,0.02463,0.03774,0.00429,0.01619,0.00498,0.00418,0.01974,0.0198,0.02326,0.01212,0.01266,0.00885,0.01575
PCAP814Dark_Individual:27,0.01683,0.00866,0.01818,0.0,0.00526,0.02239,0.01923,0.01835,0.00613,0.01754,0.00952,0.05556,0.02273
PCAP814Dark_Individual:11,0.02363,0.0293,0.02196,0.01679,0.00893,0.14132,0.07407,0.0,0.07143,0.06897,0.1,0.02564,0.0
PCAP814Dark_Individual:37,0.00975,0.00899,0.01262,0.0198,0.00162,0.0,0.00528,0.00219,0.00239,0.0,0.00877,0.00309,0.01201
PCAP814Dark_Individual:36,0.01857,0.01874,0.01232,0.03663,0.02646,0.02027,0.03509,0.03571,0.02564,0.00787,0.01923,0.0,0.01818
PCAP814Dark_Individual:5;,0.01467,0.01515,0.01961,0.025,0.02941,0.03571,0.039,0.0,0.0,0.0,0.0,0.0,0.00833
PCAP814Dark_Individual:9;,0.02145,0.03523,0.02849,0.01093,0.04688,0.0,0.01695,0.00952,0.02459,0.0283,0.00781,0.02727,0.00877
PCAP814Dark_Individual:31,0.00676,0.02938,0.03629,0.03246,0.02824,0.04966,0.01527,0.00498,0.01563,0.05143,0.00565,0.02994,0.01987
PCAP814Dark_Individual:30,0.04455,0.03088,0.02317,0.04545,0.04762,0.0,0.0,0.0,0.0,0.01961,0.0,0.00775,0.01992
PCAP814Dark_Individual:1;,0,0.2,0,0,0.0,0.0,0.0,0.0,0.0,0.0,0.0,0.00809,0.0
PCAP814Dark_Individual:19,0.00902,0.0109,0.0,0.01695,0.01299,0.03261,0.05556,0.0,0.0,0.0,0,0.03226,0.0
PCAP814Dark_Individual:18,0.02985,0.03636,0.02385,0.01028,0.00621,0.0,0.0041,0.0,0.0,0.0,0.00671,0.0,0.00794
PCAP814Dark_Individual:39,0.01938,0.02539,0.0332,0.02066,0.0,0.00552,0.03125,0.0087,0.0,0.02703,0.01163,0.02174,0.02347
PCAP814Dark_Individual:33,0.01381,0.05263,0.02551,0.048,0.00546,0.01587,0.05983,0.04545,0.03419,0.03361,0.01626,0.02041,0.01852
PCAP814Dark_Individual:3;,0.0117,0.02652,0.02291,0.01996,0.05634,0.01429,0.02326,0.04348,0.02381,0.02247,0.01136,0.02083,0.0
PCAP814Dark_Individual:32,0.02007,0.03667,0.04247,0.01302,0.01736,0.00858,0.0203,0.01875,0.01399,0.03681,0.0,0.00685,0.00543
PCAP814Dark_Individual:13,0.12598,0.0,0,0.0,0.05607,0.10711,0.0,0.09524,0,0.0,0.00794,0.02415,0.00549
PCAP814Dark_Individual:12,0.02377,0.01631,0.01713,0.03132,0.01863,0.0,0,0.01031,0.0,0.0,0.0,0.0,0.08333
PCAP814Dark_Individual:7;,0.01618,0.02341,0.04228,0.03968,0.0099,0.01299,0.01724,0.00546,0.01923,0.0082,0.01538,0.01613,0.02439
PCAP814Dark_Individual:10,0.02239,0.03604,0.0,0.01224,0.00847,0.00741,0.00769,0.02542,0.01143,0.00571,0.01198,0.01299,0.02484
PCAP814Dark_Individual:17,0.01947,0.02319,0.01805,0.00543,0.01709,0.03125,0.0463,0.02062,0.0,0.04348,0.02469,0.02703,0.01099
PCAP814Dark_Individual:16,0.02699,0.03846,0.03869,0.03472,0.02326,0.01775,0.03125,0.02899,0.0163,0.01987,0.02362,0.0,0.03333
PCAP814Dark_Individual:15,0.02936,0.02806,0.05588,0.0297,0.0,0.008,0.0,0.0,0.0,0.02703,0,0.0,0.0
PCAP814Dark_Individual:14,0.01464,0.0206,0.0291,0.01923,0.02463,0.00518,0.01515,0.0,0.0339,0.0,0.01415,0.01395,0.0198
PCAP931Dark_Individual:8;,0.01707,0.02012,0.00656,0.00455,0.00881,0.02632,0.0,0.0102,0.0,0.03261,0.02083,0.03361,0.04
PCAP931Dark_Individual:48,0.04206,0.0412,0.05411,0.05696,0.07083,0.32292,0.1875,0.0,0.09836,0.12308,0.20225,0.27711,0.28235
PCAP931Dark_Individual:4;,0.01091,0.0239,0.04777,0.02203,0.02083,0.01754,0.0125,0.01756,0.04234,0.0073,0.0,0.0,0.0
PCAP931Dark_Individual:40,0.03823,0.03743,0.03785,0.01758,0.02703,0.05016,0.04167,0.03636,0.07792,0.0596,0.03546,0.03937,0.02804
PCAP931Dark_Individual:41,0.00471,0.00849,0.01874,0.02015,0.02141,0.04545,0.03125,0.0339,0.01807,0.01734,0.03593,0.0438,0.0
PCAP931Dark_Individual:42,0.00751,0.02273,0.02568,0.03553,0.0173,0.0249,0.01807,0.01449,0.00641,0.01587,0.01724,0.0,0.04237
PCAP931Dark_Individual:43,0.01346,0.01036,0.00978,0.00877,0.02916,0.0146,0.02899,0.03053,0.00833,0.03883,0.02817,0.01563,0.03947
PCAP931Dark_Individual:44,0.04658,0.0463,0.04762,0.04167,0.01869,0.01075,0.00855,0.02679,0.0,0.01653,0.04082,0.00877,0.0
PCAP931Dark_Individual:45,0.03256,0.02814,0.02346,0.02479,0.03213,0.06704,0.04494,0.04294,0.04808,0.04403,0.06195,0.02419,0.0
PCAP931Dark_Individual:46,0.02386,0.02825,0.03561,0.01742,0.03462,0.1278,0.15101,0.12548,0.15578,0.11413,0.12319,0.06716,0.09449
PCAP931Dark_Individual:47,0.05415,0.0,0.0,0.13333,0.0,0.0,0.0,0.0,0.0,0.0,0.0,0.0,0.03226
PCAP931Dark_Individual:2;,0.02736,0.02825,0.02404,0.02713,0.0443,0.01493,0.01449,0.01905,0.02419,0.03896,0.02752,0.04348,0.03947
PCAP931Dark_Individual:28,0.01263,0.01012,0.03254,0.02857,0.02209,0.0,0.09836,0,0.0,0.1,0.03448,0.11111,0.06579
PCAP931Dark_Individual:29,0.05045,0.04972,0.05238,0.06278,0.0393,0.04615,0.04301,0.06154,0.02299,0.03311,0.05556,0.00613,0.0202
PCAP931Dark_Individual:26,0.02179,0.03774,0.03409,0.04196,0.06294,0.0,0.0,0.0,0.0,0,0.0,0.0,0.0
PCAP931Dark_Individual:6;,0.01699,0.0282,0.01531,0.05674,0.09524,0.10497,0.04049,0.03141,0.13008,0.02381,0.06818,0.07018,0.09211
PCAP931Dark_Individual:24,0.02503,0.04638,0.04103,0.05869,0.04298,0.04029,0.06731,0.03571,0.02604,0.03535,0.04206,0.02727,0.0068
PCAP931Dark_Individual:25,0.02369,0.03683,0.02639,0.01183,0.00901,0.01042,0.0,0.0,0,0.02083,0.0,0.0303,0.0
PCAP931Dark_Individual:22,0.01889,0.01094,0.01484,0.02719,0.00766,0.00568,0.01852,0.01408,0.04,0.025,0.00917,0.02679,0.00813
PCAP931Dark_Individual:23,0.0369,0.05341,0.04195,0.06085,0.0463,0.0332,0.0431,0.04902,0.02286,0.03636,0.04598,0.03822,0.01235
PCAP931Dark_Individual:20,0.02781,0.03516,0.02159,0.01814,0.04329,0.0,0.075,0.04651,0.04762,0.02128,0.01835,0.0,0.00943
PCAP931Dark_Individual:21,0.01491,0.01408,0.02313,0.04087,0.04569,0.0289,0.02222,0.01587,0.01818,0.0,0.0,0.0,0.0
PCAP931Dark_Individual:34,0.03111,0.02128,0.02381,0.05455,0.0,0.01235,0.02,0.02174,0.01075,0.0,0.0,0.01316,0.0
PCAP931Dark_Individual:38,0.02256,0.03103,0.02103,0.02899,0.02871,0.01064,0.03106,0.0,0.01205,0.02273,0.0,0.0198,0.0
PCAP931Dark_Individual:35,0.0,0.0,0.11024,0.0,0.0,0,0.0,0,0.0,0.0,0,0.09626,0.0
PCAP931Dark_Individual:27,0.02048,0.01503,0.03509,0.05021,0.05373,0.02614,0.04667,0.01626,0.02564,0.0146,0.0,0.02479,0.0
PCAP931Dark_Individual:11,0.02612,0.04661,0.03665,0.01899,0.04673,0.01786,0.075,0.03738,0.02632,0.0,0.01786,0.016,0.0
PCAP931Dark_Individual:37,0.0266,0.00887,0.02003,0.03145,0.0404,0.10112,0.06838,0.075,0.01316,0.03922,0.05405,0.06849,0.09375
PCAP931Dark_Individual:36,0.01423,0.01515,0.0253,0.02156,0.02606,0.02857,0.07317,0.02273,0.03478,0.02752,0.06098,0.01136,0.0411
PCAP931Dark_Individual:5;,0.01374,0.01892,0.0308,0.0312,0.04518,0.03922,0.0479,0.04695,0.0596,0.03906,0.05556,0.03247,0.0473
PCAP931Dark_Individual:9;,0.03783,0.03829,0.0293,0.0237,0.02055,0.0,0.02797,0.02703,0.0,0.01149,0.0,0.0,0.0
PCAP931Dark_Individual:31,0.03813,0.03235,0.02575,0.02151,0.03571,0.01799,0.00549,0.02976,0.0082,0.05618,0.07229,0.03425,0.07353
PCAP931Dark_Individual:30,0.03139,0.03004,0.04265,0.0597,0.01235,0.03125,0.02392,0.05435,0.05303,0.04918,0.01786,0.00794,0.0
PCAP931Dark_Individual:1;,0.03121,0.00725,0.0195,0.0228,0.04959,0.02381,0.01379,0.02703,0.01075,0.02105,0.02586,0.0,0.01887
PCAP931Dark_Individual:19,0.03739,0.02718,0.04339,0.03104,0.0378,0.04706,0.04511,0.0307,0.03349,0.03465,0.04622,0.03774,0.02315
PCAP931Dark_Individual:18,0.00999,0.0268,0.02099,0.03037,0.04933,0.04321,0.06173,0.0198,0.01648,0.00775,0.01596,0.0098,0.056
PCAP931Dark_Individual:39,0.08371,0.04267,0.03621,0.05433,0.0359,0.04128,0.03205,0.02721,0.01361,0.00885,0.01613,0.03125,0.01639
PCAP931Dark_Individual:33,0.01939,0.03774,0.03483,0.03103,0.0,0.0,0.01923,0.0274,0.0,0.0,0.02273,0.04348,0.07692
PCAP931Dark_Individual:3;,0.0332,0.02975,0.04339,0.06122,0.02765,0.02688,0.04605,0.06338,0.03268,0.04348,0.02395,0.0,0.02273
PCAP931Dark_Individual:32,0.02248,0.01914,0.03024,0.03121,0.0297,0.05279,0.03361,0.09388,0.07447,0.05106,0.04348,0.06338,0.04819
PCAP931Dark_Individual:13,0.01665,0.01092,0.02916,0.0303,0.01956,0.04502,0.01646,0.0121,0.01961,0.01493,0.0045,0.03571,0.01538
PCAP931Dark_Individual:12,0.03622,0.0241,0.03682,0.09091,0.07821,0.03243,0.03488,0.01212,0.02703,0.01408,0.02222,0.03509,0.02778
PCAP931Dark_Individual:7;,0.02771,0.01685,0.0255,0.00935,0.03211,0.05556,0.06667,0.05263,0.0,0.03333,0.02667,0.04054,0.08333
PCAP931Dark_Individual:10,0.03267,0.01722,0.03434,0.06161,0.01948,0.01527,0.00855,0.01099,0.01961,0.01923,0.0463,0.0,0.0
PCAP931Dark_Individual:17,0.02293,0.02479,0.029,0.03771,0.02424,0.01931,0.03086,0.02373,0.05473,0.05096,0.05195,0.01899,0.02326
PCAP931Dark_Individual:16,0.01813,0.0275,0.05556,0.08243,0.05128,0.05469,0.0354,0.01984,0.03889,0.03676,0.02083,0.02597,0.06061
PCAP931Dark_Individual:15,0.02431,0.0243,0.02063,0.03125,0.00573,0.00958,0.02649,0.00469,0.01156,0.03636,0.00578,0.01047,0.00588
PCAP931Dark_Individual:14,0.02841,0.02079,0.03177,0.08571,0.03226,0.02899,0.00962,0.0,0.03061,0.0,0.04545,0.02128,0.01299
