AripiprazoleDark_Individual:8;,0.52105,0.31429,0.40845,0.47436,0.35294,0.46842,0.34722,0.34899,0.42614,0.52273,0.4717,0.41758,0.45887
AripiprazoleDark_Individual:48,0.31547,0.33087,0.27586,0.35963,0.2963,0.57143,0.36111,0.44571,0.51639,0.59884,0.58235,0.51887,0.61818
AripiprazoleDark_Individual:4;,0.44337,0.35385,0.46939,0.47404,0.58503,0.5,0.58213,0.62751,0.61382,0.68404,0.66431,0.67901,0.68339
AripiprazoleDark_Individual:40,0.45682,0.43642,0.5307,0.60571,0.51948,0.58049,0.53448,0.53968,0.57914,0.57339,0.63208,0.64072,0.69565
AripiprazoleDark_Individual:41,0.43391,0.44993,0.40681,0.3822,0.41488,0.44912,0.41745,0.61168,0.49474,0.67988,0.6412,0.55161,0.61584
AripiprazoleDark_Individual:42,0.42244,0.39477,0.40026,0.38017,0.47146,0.50691,0.5093,0.63985,0.64725,0.76316,0.63436,0.75503,0.664
AripiprazoleDark_Individual:43,0.4306,0.44541,0.45971,0.43683,0.45681,0.40338,0.47554,0.51791,0.47368,0.60853,0.52995,0.54545,0.61538
AripiprazoleDark_Individual:44,0.45255,0.417,0.32941,0.51531,0.5625,0.64894,0.51852,0.55022,0.61202,0.55652,0.60577,0.58065,0.55828
AripiprazoleDark_Individual:45,0.42534,0.44643,0.44138,0.46154,0,0.39394,0.4,0.04335,0.5625,0.48571,0.0444,0.03267,0.52632
AripiprazoleDark_Individual:46,0.4678,0.46552,0.49515,0.36275,0.30108,0.54783,0.55263,0.46429,1.0,1.0,1.0,0.4623,0.54286
AripiprazoleDark_Individual:47,0.38978,0.33393,0.31228,0.34417,0.45972,0.37694,0.36913,0.35886,0.34316,0.39662,0.4201,0.39703,0.37674
AripiprazoleDark_Individual:2;,0.52344,0.34211,0.48214,0.36893,0.43548,0.41,1.0,1.0,0.7234,0.80952,0.0,0,0.83784
AripiprazoleDark_Individual:28,0.4673,0.44061,0.47002,0.54505,0.60173,0.56024,0.6255,0.672,0.71548,0.6125,0.70632,0.61976,0.72401
AripiprazoleDark_Individual:29,0.45424,0.38491,0.45259,0.47203,0.51397,0.5354,0.56132,0.592,0.58385,0.62121,0.54792,0.5995,0.53425
AripiprazoleDark_Individual:26,0.60345,0.52273,0.69333,0.52381,0.58571,0.63677,0.54651,0.74,0.76,0.77835,0.68944,0.85,0.5
AripiprazoleDark_Individual:6;,0.48175,0.3252,0.38255,0.40146,0.37903,0.41667,0.57576,0.6,0.56098,0.88732,1.0,0.5625,0.7541
AripiprazoleDark_Individual:24,0.4966,0.4519,0.40299,0.36593,0.3959,0.35075,0.47619,0.55128,0.625,0.70513,0.625,0.68571,0.61972
AripiprazoleDark_Individual:25,0.42794,0.51326,0.61751,0.61885,0.66154,0.54839,0.59067,0.6337,0.65385,0.66873,0.65018,0.77159,0.73622
AripiprazoleDark_Individual:22,0.5195,0.50844,0.36,0.42975,0.38961,0.36,0.38158,0.61224,0.53571,0.51316,0.48718,0.60215,0.5
AripiprazoleDark_Individual:23,0.43952,0.41289,0.48615,0.54713,0.56182,0.48263,0.56825,0.54839,0.66495,0.61017,0.39506,0.35398,0.63158
AripiprazoleDark_Individual:20,0.38081,0.2741,0.28519,0.35404,0.37795,0.47561,0.5,0.46,0.48235,0.53012,0.35088,0.46739,0.48276
AripiprazoleDark_Individual:21,0.3642,0.38304,0.5,0.43038,0.31387,0.37438,0.31818,0.4876,0.77778,0.73913,0.44156,0.47273,0.42857
AripiprazoleDark_Individual:34,0.36916,0.39357,0.43341,0.43979,0.38395,0.39181,0.61765,0.65611,0.53333,0.59302,0.54545,0.53719,0.55118
AripiprazoleDark_Individual:38,0.43602,0.49287,0.45361,0.56667,0.61212,0.5651,0.55605,0.72121,0.55831,0.51567,0.76444,0.53741,0.46921
AripiprazoleDark_Individual:35,0.40461,0.38633,0.43636,0.48193,0.52239,0.6746,0.56944,0.66942,0.54118,0.60156,0.5,0.74603,0.64957
AripiprazoleDark_Individual:27,0.51396,0.49307,0.51553,0.51359,0.59226,0.54375,0.48693,0.53614,0.44214,0.50781,0.5473,0.54633,0.54357
AripiprazoleDark_Individual:11,0.41813,0.3941,0.41509,0.5073,0.49528,0.4375,0.59135,0.49708,0.58896,0.53801,0.54622,0.58163,0.75
AripiprazoleDark_Individual:37,0.43079,0.3494,0.49038,0.54808,0.44578,0.45238,0.5407,0.45918,0.51938,0.46414,0.54545,0.53684,0.48889
AripiprazoleDark_Individual:36,0.3317,0.33708,0.41873,0.32311,0.33191,0.49558,0.70248,0.69591,0.52137,0.60694,0.72449,0.6129,0.67213
AripiprazoleDark_Individual:5;,0.49913,0.34634,0.34507,0.39865,0.28387,0.4715,0.57838,0.65196,0.63226,0.58416,0.72561,0,0.0
AripiprazoleDark_Individual:9;,0.43736,0.39286,0.31847,0.47368,0.4557,0.47368,0.42424,0.54839,0.56667,0.63014,0.38889,0.4329,0.39394
AripiprazoleDark_Individual:31,0.36809,0.33392,0.34642,0.33871,0.41667,0.43548,0.52381,0.60377,0.59783,0.50769,0.78481,0.55357,0.57025
AripiprazoleDark_Individual:30,0.47619,0.61667,0.83051,0.55738,0.59259,0.54545,0.375,0.4,0.05056,0.6,0,0,0.04246
AripiprazoleDark_Individual:1;,0.41111,0.49302,0.78698,0.66393,0.6,0.61538,0.61818,0.71688,0.67279,0.67846,0.68269,0.84277,0.83333
AripiprazoleDark_Individual:19,0.39167,0.52055,0.47945,0.38571,0.3642,0.40187,0.65217,0.52857,0.51176,0.37457,0.44944,0.5463,0.50704
AripiprazoleDark_Individual:18,0.54211,0.57813,0.53571,0.50685,0.51852,0.04259,0.54082,0.70588,0.60177,0.5241,0.55172,0.63636,0.6129
AripiprazoleDark_Individual:39,0.4386,0.418,0.41026,0.47149,0.47805,0.47112,0.40447,0.47872,0.49519,0.59444,0.49206,0.51923,0.63889
AripiprazoleDark_Individual:33,0.52906,0.50943,0.45397,0.38838,0.35892,0.49372,0.49383,0.57627,0.68421,0.6,0.6875,0.82857,0.75
AripiprazoleDark_Individual:3;,0.37081,0.34459,0.46113,0.53043,0.5906,0.59072,0.53846,0.60084,0.67524,0.71519,0.75785,0.70259,0.72131
AripiprazoleDark_Individual:32,0.40778,0.45375,0.47317,0.47564,0.48599,0.4705,0.47352,0.47856,0.50791,0.58355,0.54849,0.68966,0.8169
AripiprazoleDark_Individual:13,0.47529,0.48767,0.5784,0.65918,0.60251,0.65574,0.68582,0.64063,0.66272,0.47583,0.71253,0.47098,0.68372
AripiprazoleDark_Individual:12,0.41689,0.36898,0.35,0.42056,0.38462,0.32911,0.39175,0.42623,0.43293,0.54464,0.90909,0.47541,0.35
AripiprazoleDark_Individual:7;,0.41844,0.26087,0.47222,0.51934,0.37168,0.4252,0.40941,0.39024,0.62963,0.46626,0.52041,0.51366,0.51397
AripiprazoleDark_Individual:10,0.60984,0.47368,0.46903,0.52632,0.42623,0.39623,0.51515,0.63636,0.6875,0.70455,0.5,0.63158,0.81373
AripiprazoleDark_Individual:17,0.46889,0.39038,0.43718,0.42553,0.57143,0.43878,0.57831,0.48905,0.7191,0.77778,0.67742,0.73228,0.48052
AripiprazoleDark_Individual:16,0.47368,0.45492,0.39033,0.37113,0.5,0.48718,0.45055,0.61111,0.48214,0.55102,0.56098,0.56863,0.5514
AripiprazoleDark_Individual:15,0.40258,0.35507,0.38647,0.38714,0.33053,0.40919,0.3658,0.43611,0.50481,0.42908,0.43137,0.54407,0.44609
AripiprazoleDark_Individual:14,0.39498,0.34898,0.33923,0.33574,0.36599,0.47727,0.54854,0.44475,0.60989,0.55828,0.69903,0.62121,0.47059
CariprazineDark_Individual:8;,0.42635,0.36432,0.48529,0.48045,0.49836,0.61932,0.50282,0.39437,0.6877,0.58696,0.53631,0.60088,0.49333
CariprazineDark_Individual:48,0.42789,0.41641,0.42494,0.28481,0.40764,0.46326,0.47093,0.4127,0.41398,0.41884,0.5261,0.46364,0.58427
CariprazineDark_Individual:4;,0.44548,0.41994,0.41194,0.44728,0.4188,0.42029,0.41555,0.48031,0.52959,0.48974,0.55673,0.58786,0.54647
CariprazineDark_Individual:40,0.42739,0.44531,0.40271,0.42513,0.41216,0.71429,1.0,0.42105,0.49438,0.70833,0.51351,0.46053,0.45763
CariprazineDark_Individual:41,0.40351,0.41935,0.33742,0.31405,0.64368,0.85714,0.56061,0.70833,0.6,0.6383,0.64583,0.6,0.625
CariprazineDark_Individual:42,0.28982,0.29032,0.475,0.40845,0.31746,0.49398,0.49367,0.43478,0.5,0.6087,0.57143,0.50877,0.56061
CariprazineDark_Individual:43,0.41139,0.50336,0.64789,0.59596,0.5935,0.63226,0.60684,0.61364,0.46067,0.56,0.6,0.58242,0.53012
CariprazineDark_Individual:44,0.49946,0.38544,0.34043,0.34524,0.59091,0.46032,0.55814,0.57143,0.49153,0.52381,0.48,0.52727,0.5463
CariprazineDark_Individual:45,0.45273,0.43182,0.41498,0.45667,0.48498,0.56957,0.52,0.48201,0.4964,0.57055,0.6131,0.57143,0.62112
CariprazineDark_Individual:46,0.39819,0.46154,0.56338,0.50943,0.44444,0.54167,0.38889,0.65789,0.36667,0.5,0.62857,0.23077,0.47619
CariprazineDark_Individual:47,0.47644,0.51351,0.44968,0.5048,0.45916,0.48885,0.49028,0.35211,0.33333,1.0,0.78534,0.72581,0.65432
CariprazineDark_Individual:2;,0.37659,0.37232,0.43909,0.45872,0.51837,0.41582,0.50162,0.51394,0.49064,0.56348,0.47162,0.49571,0.55043
CariprazineDark_Individual:28,0.41618,0.37786,0.37339,0.46602,0,0.41502,0.48847,0.47556,0.44311,0.39175,0.49415,0.56228,0.35106
CariprazineDark_Individual:29,0.52316,0.5913,0.51701,0.70946,0.71186,0.77778,0.59211,0.72857,0.8642,0.85366,0.76471,0.62963,0.71622
CariprazineDark_Individual:26,0.38633,0.35942,0.54717,0.4127,0.38025,0.44211,0.41632,0.2973,0.43302,0.568,0.37288,0.48077,0.94809
CariprazineDark_Individual:6;,0.56615,0.31579,0.375,0.25,0.39394,0.45714,0.06605,0.48,0.595,0.6,0.05814,0.5,0.94949
CariprazineDark_Individual:24,0.41362,0.42177,0.41667,0.30093,0.42466,0.47552,0.58209,0.55357,0.68605,0.40541,0.63415,0.43478,0.58333
CariprazineDark_Individual:25,0.40169,0.4589,0.50392,0.48942,0.50239,0.58009,0.59231,0.64898,0.66495,0.60563,0.67935,0.69,0.67157
CariprazineDark_Individual:22,0.52592,0.40723,0.38683,0.60426,0.52632,0.68254,0.57025,0.648,0.60241,0.57895,0.73333,0.65591,0.75207
CariprazineDark_Individual:23,0.38088,0.38589,0.36783,0.41423,0.43567,0.49474,0.80556,0.57143,0.34211,0.37302,0.41176,0.36111,1.0
CariprazineDark_Individual:20,0.30805,0.375,0.29091,0.27143,0.45631,0.3806,0.37681,0.49254,0.48052,0.30556,0.53846,0.45833,0.58904
CariprazineDark_Individual:21,0.48428,0.46816,0.42979,0.4,0.04007,0.04645,0.04638,0.03726,0.60241,0.76471,1.0,0.04325,0.63768
CariprazineDark_Individual:34,0.4795,0.43697,0.39184,0.42373,0.33333,0.45,0.56637,0.58333,0.54286,0.52239,0.55263,0.6383,0.3937
CariprazineDark_Individual:38,0.49493,0.50943,0.62626,0.59722,0.5,0.6,0.57746,0.67568,0.58824,0.38889,0.45946,0.59574,0.52727
CariprazineDark_Individual:35,0.44365,0.43863,0.47706,0.84615,0.5641,0.68519,0.55714,0.48571,0.80357,0.58824,0.47872,0.55128,0.64516
CariprazineDark_Individual:27,0.36058,0.30846,0.35119,0.25714,0.42105,0.43353,0.33594,0.51282,0.38095,0.37153,0.32192,0.43902,0.45679
CariprazineDark_Individual:11,0.36727,0.37647,0.38793,0.40659,0.38596,0.54762,0.45714,0.52239,0.5,0.62245,0.48718,0.5,0.60526
CariprazineDark_Individual:37,0.29032,0.35955,0.42,0.52336,0.53968,0.47222,0.45455,0.64,0.52778,0.54839,0.61111,0.25,0.0
CariprazineDark_Individual:36,0.4469,0.45263,0.50704,0.53704,0.70833,0.72,0.72059,0.96154,0.5,0.71429,0.5,0.33333,0.625
CariprazineDark_Individual:5;,0.44112,0.33803,0.32051,0.45745,0.44304,0.38028,0.46,0.72152,0.75,0.54545,0.52809,0.6875,0.66667
CariprazineDark_Individual:9;,0.4937,0.50611,0.37271,0.43844,0.36111,0.62136,0.76623,0.73256,0.72973,0.71429,0.83333,0.75714,0.65116
CariprazineDark_Individual:31,0.32619,0.30224,0.31884,0.33333,0.50588,0.4486,0.44156,0.56881,0.47368,0.34667,0.35714,0.36066,0.53947
CariprazineDark_Individual:30,0.50993,0.47244,0.26667,0.71717,0.57732,0.68018,0,0.58586,0.68919,0.60606,0.04035,0.56667,0.63433
CariprazineDark_Individual:1;,0.48697,0.39521,0.40909,0.4878,0.4958,0.62791,0.59259,0.54839,0.66154,0.47414,0.62651,0.67416,0.6
CariprazineDark_Individual:19,0.45689,0.38667,0.34021,0.33962,0.42,0.47826,0.44068,0.4,0.55556,0.38889,0.78571,0.65625,0.66667
CariprazineDark_Individual:18,0.53893,0.36296,0.43802,0.40964,0.47674,0.55856,0.54651,0.575,0.55914,0.48511,0.50725,0.69149,0.55072
CariprazineDark_Individual:39,0.41602,0.38525,0.41509,0.50505,0.45313,0.63934,0.5625,0.5942,0.58333,0.48333,0.68132,0.53704,0.7
CariprazineDark_Individual:33,0.3556,0.27727,0.40284,0.38318,0.54444,0.41772,0.71014,0.5122,0.55,0.57143,0.68421,0.52381,0.62121
CariprazineDark_Individual:3;,0.39938,0.36389,0.34081,0.3956,0.42045,0.44,0.50893,0.46392,0.45679,0.50769,0.58416,0.63492,0.51111
CariprazineDark_Individual:32,0.45068,0.4613,0.49701,0.46939,0.47692,0.46835,0.56818,0.48649,0.50909,0.55357,0.55882,0.5873,0.45946
CariprazineDark_Individual:13,0.39119,0.3659,0.54167,0.58163,1.0,0.44755,0.7,0.96296,0.54044,0.81395,0.86667,1.0,0.56522
CariprazineDark_Individual:12,0.47761,0.45699,0.44106,0.51316,0.54667,0.5,0.59016,0.6,0.70213,0.825,0.33333,0.66667,0.5
CariprazineDark_Individual:7;,0.49231,0.24,0.45455,0.43243,0.55556,0.57447,0.33333,0.52632,0.40625,0.46875,0.375,0.46774,0.60606
CariprazineDark_Individual:10,0.41321,0.33333,0.26613,0.30769,0.44578,0.33659,0.3494,0.41429,0.54902,0.42,0.68,0.48214,0.39869
CariprazineDark_Individual:17,0.4908,0.44096,0.34783,0.50413,0.49057,0.69767,0.67606,0.52,0.55172,0.53846,0.54054,0.33333,0.0447
CariprazineDark_Individual:16,0.48259,0.40361,0.53293,0.62222,0.58621,0.47333,0.60274,0.67347,0.5,0.62105,0.7191,0.67347,0.59211
CariprazineDark_Individual:15,0.51576,0.50449,0.54484,0.69524,0.61765,0.66346,0.75904,0.75789,0.7563,0.69663,0.66667,0.68493,0.73973
CariprazineDark_Individual:14,0.33696,0.28448,0.42,0.42857,0.0509,0.55556,0.76923,0.69231,0.65625,0.60938,0.07869,0.52273,0.62264
ClozapineDark_Individual:8;,0.42617,0.38327,0.556,0.66505,0.63478,0.88889,0.71429,0.7619,0.78462,0.77679,0.625,0.75581,0.74627
ClozapineDark_Individual:48,0.45041,0.65324,0.6703,0.52049,0.68449,0.73438,0.68349,0.64286,0.56522,0.73362,0.67708,0.64935,0.82203
ClozapineDark_Individual:4;,0.45815,0.85507,0.90476,0.92308,0.81818,0.3,0.66667,0.71429,0.44444,1.0,0.0,0.66667,0.57143
ClozapineDark_Individual:40,0.49713,0.42671,0.5291,0.54774,0.58333,0.6455,0.63121,0.64748,0.61667,0.54386,0.62222,0.64444,0.58511
ClozapineDark_Individual:41,0.45372,0.38211,0.31963,0.40041,0.43716,0.31481,0.39888,0.47573,0.46862,0.43137,0.51264,0.58051,0.5468
ClozapineDark_Individual:42,0.48936,0.36747,0.42492,0.43299,0.53704,0.42233,0.42857,0.48421,0.43103,0.44068,0.37805,0.38028,0.47302
ClozapineDark_Individual:43,0.2648,0.5495,0.52308,0.53782,0.54545,0.59459,0.66667,0.58095,0.56364,0.62963,0.67808,0.60177,0.71795
ClozapineDark_Individual:44,0.48399,0.43943,0.51676,0.55636,0.59756,0.62234,0.71121,0.57419,0.51269,0.61129,0.65158,0.65868,0.57895
ClozapineDark_Individual:45,0.69703,0.68339,0.80186,0.75434,0.69412,0.69038,0.69048,0.63801,0.71041,0.66854,0.72021,0.7897,0.80328
ClozapineDark_Individual:46,0.62906,0.55206,0.42442,0.53968,0.62992,0.55556,0.54545,0.58824,0.76856,0.625,0.58108,0.65306,0.77931
ClozapineDark_Individual:47,0.37993,0.40927,0.37665,0.39522,0.39709,0.36905,0.53271,0.45175,0.40389,0.55274,0.51579,0.45669,0.5375
ClozapineDark_Individual:2;,0.47362,0.47421,0.67864,0.75289,0.70027,0.72241,0.74922,0.7971,0.75,0.83099,0.74089,0.78309,0.79583
ClozapineDark_Individual:28,0.33376,0.31667,0,0.73077,0.35294,0.53571,0.74576,0.80882,0.75269,0.70423,0.77273,0.7027,0.76471
ClozapineDark_Individual:29,0.36424,0.95,0.60377,0.44318,0.58065,0.92424,0.33333,0.4,0.72727,0.94118,1.0,0.0,0.925
ClozapineDark_Individual:26,0.54048,0.80495,0.80786,0.78873,0.70925,0.64189,0.70621,0.77184,0.7381,0.80714,0.81818,0.80142,0.86585
ClozapineDark_Individual:6;,0.5614,0.53407,0.74757,0.72611,0.79798,0.84507,0.81928,0.85294,0.625,0.90476,0.76087,0.75556,0.875
ClozapineDark_Individual:24,0.54223,0.60215,0.72093,0.57273,0.58462,0.60256,0.5875,0.67708,0.56452,0.54098,0.63636,0.60714,0.46575
ClozapineDark_Individual:25,0.67525,0.72038,0.625,0.67399,0.74138,0.72984,0.73171,0.72396,0.7801,0.79245,0.81818,0.8961,0.76923
ClozapineDark_Individual:22,0.5974,0.64286,0.60905,0.58358,0.52792,0.53571,0.70157,0.56589,0.71429,0.66116,0.59859,0.63125,0.64171
ClozapineDark_Individual:23,0.59722,0.56425,0.71776,0.65273,0.58766,0.69756,0.74359,0.74272,0.74211,0.75641,0.73418,0.69421,0.73743
ClozapineDark_Individual:20,0.5119,0.44205,0.53361,0.63948,0.625,0.63226,0.58333,0.51579,0.56989,0.58929,0.57664,0.648,0.63433
ClozapineDark_Individual:21,0.52174,0.44231,0.49296,0.39394,0.48148,0.41026,0.48,0.46154,0.32258,0.69231,0.18182,0.48485,0.52174
ClozapineDark_Individual:34,0.53695,0.46809,0.38776,0.66406,0.72059,0.7276,0.70073,0.65854,0.74324,0.83108,0.78621,0.77037,0.76744
ClozapineDark_Individual:38,0.42333,0.42708,0.435,0.2,0.0,0.5,0.64706,0.69312,0.71756,0.77519,0.74854,0.79085,0.775
ClozapineDark_Individual:35,0.32555,0.50226,0.64554,0.48471,0.51404,0.5,0.55717,0.66079,0.71667,0.71429,0.72075,0.73488,0.7911
ClozapineDark_Individual:27,0.52066,0.7024,0.67273,0.77165,0.86667,0.84422,0.84,0.76786,0.79592,0.82192,0.85106,0.86301,0.86667
ClozapineDark_Individual:11,0.44528,0.36696,0.46359,0.48101,0.41818,0.45695,0.44565,0.56835,0.71196,0.5443,0.6625,0.6092,0.71545
ClozapineDark_Individual:37,0.36557,0.29154,0.44872,0.39655,0.38835,0.58228,0.51563,0.47706,0.42105,0.51546,0.52326,0.53,0.5
ClozapineDark_Individual:36,0.53693,0.36634,0.8,0.61538,0.64,0.69811,0.57407,0.71528,0.66667,0.66667,0.72222,0.77778,0.71523
ClozapineDark_Individual:5;,0.46593,0.91786,0.93627,0.8599,0.87432,0.84153,0.88636,0.86486,0.86029,0.93636,0.94656,0.8617,0.86667
ClozapineDark_Individual:9;,0.47458,0.46489,0.62264,0.69343,0.75,0.648,0.82051,0.71429,0.85294,0.725,0.0,0.63333,0.86957
ClozapineDark_Individual:31,0.53034,0.52708,0.736,0.7619,0.58621,0.61789,0.62921,0.69159,0.84615,0.81132,0.82927,0.92373,0.88889
ClozapineDark_Individual:30,0.48544,0.57477,0.68124,0.65979,0.60965,0.65116,0.58824,0.66667,0.62887,0.74265,0.68421,0.56977,0.80892
ClozapineDark_Individual:1;,0.4557,0.54077,0.52889,0.63557,0.67188,0.75,0.78723,0.84615,0.73077,0.74359,0.84211,0.92188,0.85897
ClozapineDark_Individual:19,0.51366,0.42658,0.45,0.53985,0.61538,0.61449,0.41379,0.60392,0.7147,0.67341,0.61404,0.61538,0.66667
ClozapineDark_Individual:18,0.33526,0.32768,0.37367,0.47748,0.78723,0.48182,0.73801,0.66242,0.71077,0.47253,0.74684,0.84858,0.78547
ClozapineDark_Individual:39,0.47101,0.39859,0.46784,0.44608,0.50255,0.47333,0.63,0.62105,0.68831,0.59701,0.69318,0.79661,0.78302
ClozapineDark_Individual:33,0.45023,0.66034,0.63333,0.62791,0.65698,0.64835,0.71489,0.6129,0.67241,0.78448,0.72571,0.7,0.78295
ClozapineDark_Individual:3;,0.46875,0.4826,0.64427,0.60422,0.69194,0.65,0.65432,0.82096,0.71329,0.82781,0.76531,0.78571,0.65714
ClozapineDark_Individual:32,0.4263,0.57371,0.69529,0.65894,0.60086,0.66667,0.63525,0.55828,0.5991,0.62555,0.62921,0.625,0.58824
ClozapineDark_Individual:13,0.4475,0.4,0.65217,0.56557,0.65957,0.54412,0.67742,0.73913,0.6875,0.73684,0.52727,0.62121,0.76812
ClozapineDark_Individual:12,0.43121,0.47206,0.54774,0.49315,0.60914,0.58015,0.69935,0.71978,0.72308,0.55682,0.7963,0.84444,0.82
ClozapineDark_Individual:7;,0.46991,0.48889,0.55128,0.59391,0.54037,0.71354,0.67568,0.57971,0.66667,0.61607,0.72868,0.56579,0.75862
ClozapineDark_Individual:10,0.47753,0.5344,0.83598,0.73481,0.624,0,0.62162,0.75325,0.85091,0.78037,0.78723,0.81609,0.81731
ClozapineDark_Individual:17,0.50644,0.42185,0.51374,0.38855,0.61585,0.6,0.61146,0.59864,0.55556,0.5977,0.61579,0.70815,0.65625
ClozapineDark_Individual:16,0.50635,0.46638,0.53288,0.60697,0.6371,0.68092,0.6875,0.67699,0.69835,0.73123,0.68182,0.70782,0.78799
ClozapineDark_Individual:15,0.424,0.33962,0.42228,0.4505,0.55769,0.5068,0.47809,0.5407,0.61176,0.71287,0.45455,0.60714,0.64238
ClozapineDark_Individual:14,0.41166,0.35606,0.40291,0.42727,0.59107,0.71491,0.61392,0.68468,0.69536,0.61417,0.62329,0.75893,0.65979
CNODark_Individual:8;,0.34014,0.35309,0.29126,0.30172,0.48649,0.46809,0.46218,0.47458,0.4955,0.57143,0.56364,0.60256,0.56198
CNODark_Individual:48,0.45585,0.37175,0.42471,0.48048,0.40476,0.42515,0.45405,0.46411,0.40331,0.44245,0.45098,0.51563,0.50725
CNODark_Individual:4;,0.49642,0.44866,0.4191,0.4,0.42458,0.4717,0.43478,0.36567,0.4539,0.58871,0.43452,0.50641,0.51961
CNODark_Individual:40,0.4698,0.40678,0.74138,0.54667,0.60784,0.7093,0.625,0.65574,0.64,0.5619,0.73494,0.74436,0.77844
CNODark_Individual:41,0.35833,0.392,0.6422,0.49515,0.45714,0.56338,0.52,0.69231,0.625,0.59494,0.54762,0.71698,0.91667
CNODark_Individual:42,0.58631,0.49273,0.35926,0.33333,0.38286,0.35795,0.43182,0.36709,0.3299,0.41176,0.42857,0.55046,0.46875
CNODark_Individual:43,0.40992,0.34454,0.32176,0.28182,0.3797,0.4,0.43158,0.4557,0.46471,0.58065,0.47742,0.54315,0.58442
CNODark_Individual:44,0.58152,0.56627,0.63298,0.54369,0.50467,0.552,0.62791,0.5,0.47619,0.38462,0.39583,0.63333,0.58696
CNODark_Individual:45,0.34783,0.37879,0.54902,0,0.32857,0.3913,0.49275,0.36364,0.32468,0.46809,0.45882,0.51948,0.34328
CNODark_Individual:46,0.56707,0.28571,0.375,0.36493,0.30822,0.34109,0.41844,0.34911,0.29252,0.49655,0.30714,0.36567,0.48315
CNODark_Individual:47,0.56102,0.47794,0.5102,0.56436,0.52679,0.39241,0.56566,0.40323,0.49123,0.52439,0.5,0.57692,0.56322
CNODark_Individual:2;,0.5942,0.52957,0.52153,0.49606,0.43878,0.46296,0.57658,0.45882,0.60169,0.58333,0.61207,0.56028,0.63636
CNODark_Individual:28,0.5411,0.41379,0.528,0.51,0.26667,0.76923,0.44681,0.50485,0.51887,0.53608,0.58427,0.67568,0.6
CNODark_Individual:29,0.45149,0.45833,0.5,0.375,0.44118,0.52941,0.58824,0.65625,0.53659,0.5,0.6875,0.53623,0.675
CNODark_Individual:26,0.41667,0.34194,0.4,0.42991,0.46602,0.46154,0.39535,0.5045,0.52239,0.60305,0.47115,0.49606,0.61616
CNODark_Individual:6;,0.61111,0.54622,0.57058,0.52185,0.43333,0.48031,0.67886,0.62069,0.67742,0.65455,0.67232,0.71591,0.70186
CNODark_Individual:24,0.46039,0.35208,0.37209,0.32075,0.4,0.42405,0.48322,0.46354,0.43949,0.56287,0.44865,0.54717,0.56818
CNODark_Individual:25,0.42895,0.26119,0.376,0.39175,0.46602,0.49275,0.425,0.32432,0.40698,0.39394,0.67442,0.27273,0.35714
CNODark_Individual:22,0.56424,0.46597,0.45538,0.47826,0.52041,0.59509,0.52482,0.55224,0.53383,0.55285,0.55172,0.62411,0.63559
CNODark_Individual:23,0.43445,0.48667,0.41144,0.35036,0.39207,0.42149,0.46409,0.375,0.44828,0.5102,0.42593,0.51587,0.55639
CNODark_Individual:20,0.41615,0.47382,0.56098,0.54737,0.61572,0.5468,0.51327,0.5,0.38095,0.73171,0.43243,0.51515,0.57692
CNODark_Individual:21,0.45373,0.56329,0.60959,0.4878,0.53901,0.58394,0.56643,0.58475,0.56051,0.56098,0.58333,0.69065,0.61905
CNODark_Individual:34,0.49479,0.41618,0.45472,0.48438,0.56548,0.54688,0.53279,0.59441,0.58088,0.61364,0.59124,0.68243,0.60377
CNODark_Individual:38,0.49895,0.48238,0.53237,0.62832,0.6281,0.56391,0.63636,0.56383,0.67568,0.71429,0.72632,0.66964,0.7095
CNODark_Individual:35,0.54599,0.53077,0.47407,0.54962,0.61864,0.57692,0.53535,0.58252,0.60331,0.64228,0.6063,0.64167,0.65323
CNODark_Individual:27,0.53156,0.35017,0.32447,0.46512,0.42169,0.41322,0.46729,0.44954,0.4433,0.52874,0.58065,0.61321,0.56897
CNODark_Individual:11,0.4971,0.27523,0.2994,0.36923,0.47239,0.34109,0.43382,0.55303,0.39773,0.48276,0.48148,0.54717,0.4129
CNODark_Individual:37,0.47552,0.46266,0.41141,0.33515,0.45946,0.5,0.52632,0.45349,0.57143,0.57143,0.63953,0.53425,0.62222
CNODark_Individual:36,0.51902,0.31053,0.38571,0.41958,0.48,0.59712,0.48872,0.49573,0.4569,0.55645,0.4569,0.65333,0.55263
CNODark_Individual:5;,0.49282,0.3913,0.39024,0.319,0.27315,0.27642,0.4321,0.52795,0.6087,0.60645,0.65649,0.65546,0.59524
CNODark_Individual:9;,0.40333,0.3596,0.27467,0.24686,0.29078,0.34884,0.25225,0.375,0.31148,0.47887,0.36567,0.50667,0.58621
CNODark_Individual:31,0.51789,0.46316,0.37903,0.43046,0.49231,0.4,0.55046,0.45238,0.45313,0.52101,0.43182,0.55769,0.56667
CNODark_Individual:30,0.41346,0.3731,0.48603,0.46768,0.63819,0.57143,0.675,0.585,0.60215,0.6014,0.72881,0.71918,0.67532
CNODark_Individual:1;,0.51105,0.46728,0.38497,0.357,0.42237,0.40927,0.38785,0.42718,0.36585,0.42208,0.45625,0.4125,0.57143
CNODark_Individual:19,0.39868,0.52362,0.66667,0.45763,0.54023,0.53012,0.4375,0.44828,0.46154,0.75,0.55556,0.35185,0.5
CNODark_Individual:18,0.55797,0.47107,0.54386,0.62712,0.56897,0.63043,0.66667,0.67045,0.59322,0.75556,0.59091,0.75658,0.74194
CNODark_Individual:39,0.41667,0.29524,0.45082,0.41414,0.50485,0.62727,0.48571,0.45333,0.55224,0.59524,0.67033,0.61475,0.65143
CNODark_Individual:33,0.50766,0.38769,0.4686,0.35088,0.47273,0.55285,0.48182,0.58475,0.58182,0.53543,0.47917,0.50442,0.43878
CNODark_Individual:3;,0.5578,0.48868,0.46535,0.6,0.59044,0.57018,0.6186,0.61261,0.60084,0.71014,0.68584,0.70588,0.75397
CNODark_Individual:32,0.55459,0.46667,0.44828,0.42,0.42453,0.51456,0.45833,0.33333,0.36735,0.48837,0.66667,0.56364,0.45763
CNODark_Individual:13,0.59853,0.33758,0.51553,0.46875,0.5,0.47788,0.50685,0.4898,0.5,0.51852,0.53659,0.59574,0.53333
CNODark_Individual:12,0.49925,0.4638,0.57073,0.57612,0.58996,0.63717,0.66829,0.63348,0.6135,0.71023,0.84177,0.7459,0.66667
CNODark_Individual:7;,0.48903,0.4939,0.48408,0.54676,0.65746,0.58219,0.54494,0.6135,0.62032,0.69281,0.64151,0.68125,0.64773
CNODark_Individual:10,0.63221,0.47658,0.36364,0.54918,0.51969,0.54701,0.52632,0.56489,0.55102,0.61386,0.5,0.63441,0.62963
CNODark_Individual:17,0.575,0.3674,0.42268,0.46512,0.42342,0.35802,0.26866,0.39344,0.28788,0.34,0.25,0.4,0.55
CNODark_Individual:16,0.51872,0.3907,0.33824,0.19753,0.2619,0.32955,0.30556,0.46591,0.4,0.44706,0.475,0.55814,0.49351
CNODark_Individual:15,0.52222,0.50746,0.56977,0.45783,0.48,0.41463,0.55372,0.67033,0.62319,0.58647,0.50617,0.58065,0.63529
CNODark_Individual:14,0.47231,0.41009,0.39185,0.46388,0.43094,0.52903,0.59868,0.46584,0.58537,0.61212,0.56738,0.57692,0.57692
HaloperidolDark_Individual:8;,0.49377,0.4183,0.49189,0.65865,0.57692,0.67222,0.6278,0.65143,0.54737,0.7757,0.63684,0.59174,0.5817
HaloperidolDark_Individual:48,0.42881,0.47318,0.46429,0.5,0.68571,0.47619,0.49206,0.62222,0.81111,0.48485,0.70652,0.69014,0.65556
HaloperidolDark_Individual:4;,0.50082,0.41639,0.44084,0.60223,0.58763,0.65297,0.61667,0.47458,0.60385,0.56047,0.66329,0.56318,0.52841
HaloperidolDark_Individual:40,0.43471,0.43636,0.40899,0.45067,0.46465,0.46939,0.7,0.58955,0.52809,0.74528,0.68539,0.58559,0.72
HaloperidolDark_Individual:41,0.50741,0.54686,0.58705,0.54079,0,0.47541,0.44318,0.69333,0.64706,0.75,0.66667,0.75,0.75
HaloperidolDark_Individual:42,0.50858,0.56893,0.55357,0.55282,0.51042,0.61423,0.58049,0.648,0.65217,0.47853,0.7766,0.6063,0.63566
HaloperidolDark_Individual:43,0.60438,0.56459,0.55556,0.63111,0.52604,0.51807,0.54237,0.60513,0.53374,0.6747,0.61257,0.65896,0.68485
HaloperidolDark_Individual:44,0.41158,0.45724,0.39011,0.33333,0.36275,0.4375,0.40952,0.58025,0.56842,0.60241,0.55556,0.625,0.6413
HaloperidolDark_Individual:45,0.4024,0.4403,0.41705,0.33074,0.46218,0.54651,0.25,0.54375,0.62238,0.65663,0.51899,0.60714,0.51639
HaloperidolDark_Individual:46,0.44216,0.45043,0.42733,0.44008,0.54348,0.54286,0.5,0.47556,0.68539,0.58559,0.82143,0.79545,0.875
HaloperidolDark_Individual:47,0.56336,0.53541,0.49479,0.58768,0.55102,0.3956,0.62162,0.63704,0.55263,0.64706,0.50538,0.59259,0.57
HaloperidolDark_Individual:2;,0.40685,0.42545,0.39669,0.4295,0.46429,0.47666,0.56923,0.54386,0.62125,0.59382,0.63393,0.73518,0.69937
HaloperidolDark_Individual:28,0.44499,0.42675,0.5913,0.57368,0.54861,0.52273,0.63158,0.59657,0.66957,0.72393,0.53755,0.61176,0.74561
HaloperidolDark_Individual:29,0.46606,0.42222,0.38554,0.48485,0.42742,0.42697,0.40116,0.51181,0.69101,0.65289,0.77477,0.70313,0.64407
HaloperidolDark_Individual:26,0.43015,0.46626,0.33333,0.61039,0.60714,0.72611,0.77778,1.0,0,0.0,0,0,0
HaloperidolDark_Individual:6;,0.53371,0.53333,0.58647,0.59211,0.49432,0.61333,0.51685,0.05537,0.51282,0.6446,0.56731,1.0,0.63265
HaloperidolDark_Individual:24,0.56856,0.49448,0.39359,0.45382,0.57937,0.59259,0.64251,0.64634,0.70482,0.67742,0.72143,0.71429,0.74522
HaloperidolDark_Individual:25,0.4556,0.35179,0.48585,0.67337,0.56223,0.43671,0.6165,0.63303,0.68,0.69643,0.82609,0.79577,0.71245
HaloperidolDark_Individual:22,0.56006,0.48653,0.54355,0.62372,0.5069,0.448,0.54202,0.63415,0.70513,0.66867,0.6375,0.67606,0.67586
HaloperidolDark_Individual:23,0.57731,0.48307,0.50653,0.45525,0.59645,0.6,0.62909,0.65854,0.64286,0.66667,0.66176,0.69194,0.69058
HaloperidolDark_Individual:20,0.44884,0.45986,0.45355,0.37427,0.40476,0.46154,0.47619,0.584,0.55769,0.54206,0.58294,0.60355,0.65217
HaloperidolDark_Individual:21,0.52708,0.48122,0.49758,0.49258,0.50889,0.48878,0.5142,0.45055,0.57759,0.54167,0.56395,0.54658,0.53623
HaloperidolDark_Individual:34,0.48467,0.44975,0.44064,0.39394,0.27374,0.6,0.61165,0.60274,0.58993,0.57303,0.65116,0.58824,0.53968
HaloperidolDark_Individual:38,0.54481,0.52819,0.47401,0.55114,0.42708,0.5,0.5,0.58163,0.62069,0.48649,0.59231,0.6,0.62205
HaloperidolDark_Individual:35,0.52278,0.45191,0.38654,0.3816,0.39152,0.46637,0.50667,0.50914,0.53846,0.56419,0.54237,0.56379,0.51515
HaloperidolDark_Individual:27,0.42939,0.42123,0.44483,0.50295,0.44487,0.44332,0.44318,0.49261,0.55882,0.62771,0.64804,0.60584,0.6
HaloperidolDark_Individual:11,0.54563,0.45758,0.56391,0.52381,0.60234,0.73077,0.51538,0.6,0.67407,0.62879,0.63333,0.75172,0.60825
HaloperidolDark_Individual:37,0.46488,0.50943,0.51613,0.49007,0.57616,0.59524,0.5303,0.60256,0.9359,0.55721,0.63636,0.60305,0.55944
HaloperidolDark_Individual:36,0.33162,0.39945,0.35955,0.43085,0.33495,0.45215,0.50566,0.57895,0.65258,0.48387,0.60784,0.5991,0.6875
HaloperidolDark_Individual:5;,0.473,0.37171,0.37135,0.50952,0.58303,0.5835,0.57645,0.60784,0.60337,0.55633,0.61719,0.62475,0.59825
HaloperidolDark_Individual:9;,0.48945,0.48112,0.48755,0.48054,0.46107,0.46667,0.56024,0.56322,0.53906,0.60145,0.63636,0.77368,0.76829
HaloperidolDark_Individual:31,0.44699,0.46907,0.45932,0.47589,0.41989,0.49107,0.49162,0.52703,0.53498,0.62963,0.61069,0.62434,0.71774
HaloperidolDark_Individual:30,0.35603,0.31098,0.38806,0.48299,0.52872,0.57862,0.63598,0.60714,0.59925,0.59218,0.61791,0.61333,0.5643
HaloperidolDark_Individual:1;,0.45798,0.44892,0.45958,0.5546,0.61017,0.59474,0.68182,0.50568,0.59066,0.68056,0.68111,0.63542,0.61649
HaloperidolDark_Individual:19,0.55328,0.59038,0.692,0.6872,0.68539,0.70588,0.70886,0.83516,0.83688,0.76768,0.76596,0.84158,0.9
HaloperidolDark_Individual:18,0.42643,0.46842,0.60581,0.53297,0.57143,0.65385,0.53043,0.42342,0.63025,0.60185,0.59633,0.65385,0.82857
HaloperidolDark_Individual:39,0.59159,0.4354,0.45107,0.48462,0.55686,0.64824,0.70946,0.64602,0.66667,0.65591,0.6962,0.71223,0.89908
HaloperidolDark_Individual:33,0.54167,0.47308,0.50704,0.61053,0.5443,0.5,0.66337,0.66667,0.61386,0.62376,0.79333,0.61947,0.63158
HaloperidolDark_Individual:3;,0.44255,0.41176,0.40088,0.3649,0.46556,0.56787,0.4878,0.5,0.54524,0.55183,0.62029,0.56522,0.48507
HaloperidolDark_Individual:32,0.47926,0.43386,0.64783,0.7156,0.61951,0.68293,0.70647,0.64497,0.62147,0.66667,0.71127,0.61728,0.70652
HaloperidolDark_Individual:13,0.43303,0.4128,0.38073,0.42029,0.5,0.50847,0.42857,0.61538,0.55682,0.85714,0.03073,0.51667,0.54545
HaloperidolDark_Individual:12,0.5775,0.5,0.64217,0.75709,0.696,0.66418,0.65896,0.69531,0.6875,0.68132,0.62921,0.84615,0.76136
HaloperidolDark_Individual:7;,0.45975,0.4589,0.40258,0.37708,0.33002,0.35518,0.3726,0.36339,0.35369,0.37537,0.4881,0.55738,0.51977
HaloperidolDark_Individual:10,0.5671,0.49876,0.48221,0.46753,0.40936,0.50909,0.58209,0.58108,0.67391,0.59649,0.63265,0.75676,0.54688
HaloperidolDark_Individual:17,0.55267,0.44158,0.48905,0.50307,0.54221,0.58367,0.60664,0.62366,0.59244,0.71053,0.60227,0.71429,0.6051
HaloperidolDark_Individual:16,0.39547,0.40138,0.43311,0.49329,0.36614,0.37143,0.56164,0.54229,0.5567,0.45062,0.53012,0.54375,0.60112
HaloperidolDark_Individual:15,0.45621,0.47543,0.49694,0.53219,0.51235,0.54167,0.65803,0.7602,0.63793,0.68317,0.63359,0.68217,0.55357
HaloperidolDark_Individual:14,0.55817,0.37097,0.47664,0.53959,0.48438,0.55376,0.61935,0.65574,0.74178,0.72487,0.76563,0.65972,0.59854
NDMCDark_Individual:8;,0.41176,0.57836,0.63006,0.73214,0.63636,0.44444,0.55172,0.7093,0.68182,0.6087,0.69231,0.55,0.84615
NDMCDark_Individual:48,0.49032,0.59854,0.52713,0.5,0.05174,0.44,0.51852,0.55319,0.64407,0.64286,0.5,0.52381,0.62963
NDMCDark_Individual:4;,0.66667,1.0,1.0,0.45455,0.57143,0.75,0.91667,0.52632,1.0,0,0,0.58537,0.75
NDMCDark_Individual:40,0.38857,0.44161,0.4373,0.44082,0.42886,0.48468,0.48723,0.49416,0.6015,0.57714,0.53086,0.7764,0.71212
NDMCDark_Individual:41,0.51374,0.47455,0.42327,0.51558,0.61745,0.65724,0.64798,0.6326,0.58216,0.56422,0.74545,1.0,1.0
NDMCDark_Individual:42,0.43609,0.32692,0.38462,0,0,1.0,0.55556,0.88889,0.94872,1.0,0.75,0,1.0
NDMCDark_Individual:43,0.5252,0.52479,0.62673,0.55519,0.57252,0.49669,0.55357,0.61856,0.75862,0.62667,0.75472,0.7094,0.78378
NDMCDark_Individual:44,0.5027,0.44654,0.49868,0.49275,0.49913,0.5,0.5576,0.48993,0.72222,0.69318,0.7907,0.73256,0.66071
NDMCDark_Individual:45,0.42576,0.39098,0.40199,0.66207,0.69298,0.6055,0.5977,0.79688,0.64211,0.67797,0.72464,0.73684,0.85714
NDMCDark_Individual:46,0.48684,0.48332,0.45777,0.4867,0.4766,0.53243,0.60667,0.77358,0.60606,0.625,0.79032,0.56863,0.75
NDMCDark_Individual:47,0.50141,0.47776,0.49153,0.52427,0.51102,0.6,0.3871,0.336,0.54651,0.47059,0.52874,0.5914,0.55319
NDMCDark_Individual:2;,0.42299,0.39894,0.42222,0.39381,0.48837,0.8,0.33333,0.5,0.56579,1.0,1.0,0.57143,0.61538
NDMCDark_Individual:28,0.51692,0.44932,0.52708,0.51412,0.64516,0.80749,0.82558,0.5,0.85217,0.72308,0.4375,0.80556,0.71429
NDMCDark_Individual:29,0.5533,0.61875,0.66949,0.51923,0.78723,0.82895,0.86667,0.62,0.72881,0.05005,0.05311,0.05104,0.92308
NDMCDark_Individual:26,0.63867,0.60039,0.64398,0.59302,0.68966,0.33333,0.63964,0.62112,1.0,0.77273,0,0.60256,0.86364
NDMCDark_Individual:6;,0.60377,0.54762,0.54155,0.51591,0.53731,0.51156,0.56796,0.5,0.64567,0.57547,0.71605,0.75652,0.7402
NDMCDark_Individual:24,0.41641,0.40893,0.39259,0.41634,0.56604,0.57143,0.56,0.53333,0.75439,0.54545,0.53947,0.64474,0.67376
NDMCDark_Individual:25,0.52794,0.49697,0.57241,0.51039,0.47711,0.56265,0.55357,0.52212,0.41129,0.51351,0.78947,0.68156,0.59748
NDMCDark_Individual:22,0.65655,0.59057,0.63941,0.5396,0.56478,0.77586,0.80342,0,1.0,0.0,0.6988,0.54762,0.05167
NDMCDark_Individual:23,0.50718,0.44173,0.44565,0.46626,0.6015,0.61783,0.64398,0.56923,0.61157,0.61957,0.7362,0.64935,0.63514
NDMCDark_Individual:20,0.57287,0.52029,0.61575,0.6,0.71831,0.80808,0.76596,0.75,0.75,0.63333,0.89655,0.81013,0.78571
NDMCDark_Individual:21,0.51026,0.55702,0,1.0,0,0.04819,0.875,0.05369,0.25,0.98462,0.03825,0,0.96875
NDMCDark_Individual:34,0.47368,0.39483,0.3617,0.43021,0.50254,0.55752,0.54321,0.62245,0.74825,0.60638,0.69608,0.78947,0.55263
NDMCDark_Individual:38,0.46047,0.43299,0.35185,0.30398,0.33333,0.52055,0.47826,0.61468,0.72566,0.65421,0.8227,0.78788,0.8022
NDMCDark_Individual:35,0.42981,0.40196,0.39535,0.52475,0.52475,0.33333,0.45361,0.44737,0.49565,0.36111,0.48485,0.5,1.0
NDMCDark_Individual:27,0.64444,0,0.03477,0.04505,0.66667,0.75439,0.94444,0.25,1.0,0.33333,0.0,0.5,0.94737
NDMCDark_Individual:11,0.50472,0,0,0.0,0,1.0,1.0,1.0,0.54651,0.57708,0.5859,0.33333,0.8
NDMCDark_Individual:37,0.5534,0.40162,0.3792,0.58163,0.63226,0.69178,0.81481,0.2,0.75,0.0,0.5,0.41096,0.54737
NDMCDark_Individual:36,0.53997,0.48498,0.53803,0.54303,0.52437,0.59369,0.58879,0.47,0.65823,0.64758,0.72,0.6625,0.56934
NDMCDark_Individual:5;,0.54684,0.52289,0.43724,0.50489,0.43784,0.42578,0.44747,0.63636,0.66071,0.67568,0.49231,0.60465,0.63218
NDMCDark_Individual:9;,0.46908,0.51378,0.42752,0.43846,0.4393,0.47811,0.52976,0.52439,0.45161,0.51724,0.61702,0.67347,0.80769
NDMCDark_Individual:31,0.43137,0.37552,0.35897,0.38636,0.38889,0.3913,0.52174,0.68293,0.2,0.73913,1.0,0.61905,0.8
NDMCDark_Individual:30,0.44186,0.58333,0.62879,0.75,1.0,0.75,0,0.70833,0.64516,0.82,0.7,0.62963,0.66667
NDMCDark_Individual:1;,0.46255,0.47476,0.53303,0.53891,0.44663,0.4961,0.5193,0.65,0.94253,0.66667,0.98444,0.89247,0.53846
NDMCDark_Individual:19,0.51636,0.46491,0.50311,0.60748,0.62319,0.64024,0.63393,0.69718,0.59016,0.60894,0.5431,0.66406,0.78698
NDMCDark_Individual:18,0.47449,0.50602,0.55255,0.35152,0.5,0.38462,0.5625,0.74545,0.34483,0.44,0.6,0.625,0.64706
NDMCDark_Individual:39,0.56472,0.55951,0.50133,0.59105,0.55373,0.5,0.41667,0.47826,0.61111,0.69412,0.58667,0.72289,0.68817
NDMCDark_Individual:33,0.50195,0.55383,0.54806,0.56454,0.6474,0.74194,0.58462,0.45455,0.8,0.78261,0.78125,0.70909,0.81564
NDMCDark_Individual:3;,0.39737,0.47718,0.35332,0.4508,0.58571,0.71429,0.45652,0.5641,0.62295,0.78571,0.65909,0.5,0.66038
NDMCDark_Individual:32,0.43243,0.41989,0.51861,0.5283,0.51408,0,0.72917,0.5625,0.89189,0.68421,1.0,0.89474,0.92857
NDMCDark_Individual:13,0.51096,0.48521,0.53088,0.53962,0.53583,0.5098,0.56092,0.64747,0.61538,0.58962,0.67866,0.631,0.64881
NDMCDark_Individual:12,0.50181,0.46886,0.33048,0.47786,0.47165,0.41379,0.42424,0.47826,0.5814,0.56604,0.55556,0.56667,0.72414
NDMCDark_Individual:7;,0.56038,0.57003,0.60575,0.49747,0.34783,0.36364,0.53333,0.42857,0.94203,0.48165,0,0.52381,0.05118
NDMCDark_Individual:10,0.53393,0.60696,0.51841,0.47315,0.63043,0.63942,0.71186,0.70661,0.73964,0.8125,0.75824,0.78125,0.88667
NDMCDark_Individual:17,0.52015,0.46785,0.47913,0.42639,0.37473,0.47091,0.84615,0.88,0.89552,0,0,0,0.73333
NDMCDark_Individual:16,0.5564,0.56243,0.57802,0.57901,0.54855,0.62901,0.58937,0.65982,0.58039,0.63077,0.59712,0.66879,0.61255
NDMCDark_Individual:15,0.50233,0.5316,0.52507,0.65409,0.63743,0.69565,0.71508,0.66667,0.825,0.8,0,0.78947,0.75904
NDMCDark_Individual:14,0.56745,0.57308,0.53922,0.48158,0.49471,0.56901,0.58854,0.6413,0.56923,0.69325,0.7013,0.70732,0.71698
NDMCHighDark_Individual:8;,0.40029,0.45676,0.96429,0.94595,0.92308,0.94286,0.8,0.81609,0.71605,0.71429,0.72449,0.78771,0.58974
NDMCHighDark_Individual:48,0.54618,0.62444,0.58469,0.57527,0.49524,0.58621,0.61053,0.73984,0.60819,0.73656,0.75,0.72917,0.74634
NDMCHighDark_Individual:4;,0.42706,0.51613,0.69565,0.66857,0.6359,0.7351,0.4,0.83117,0.82105,0.71552,0.51515,0.70455,0.78125
NDMCHighDark_Individual:40,0.48485,0.51246,0.67164,0.76056,0.04854,0.90909,0.90909,0.71981,0.69912,0.80226,0.79121,1.0,0.76216
NDMCHighDark_Individual:41,0.40785,0.49355,0.95455,0,1.0,1.0,1.0,0,0.62857,0.73333,0.87603,0.72222,0.81915
NDMCHighDark_Individual:42,0.39509,0.42707,0.50794,0.4687,0.59908,0.57692,0.5642,0.67797,0.69434,0.78788,0.73184,0.71338,0.71357
NDMCHighDark_Individual:43,0.40351,0.58458,0.79654,0.74747,0.62857,0.78295,0.7351,0.74312,0.79268,0.92308,0.89474,0.9434,0.94444
NDMCHighDark_Individual:44,0.50104,0.55945,0.59353,0.59383,0.57269,0.64126,0.65772,0.70866,0.73764,0.72277,0.725,0.76159,0.76042
NDMCHighDark_Individual:45,0.3915,0.48848,0.77157,0.5473,0.62832,0.76289,0.6129,0.72781,0.7013,0.71429,0.82278,0.72152,0.69828
NDMCHighDark_Individual:46,0.45913,0.40828,0.74,0.74286,0.88889,0.63889,0.62105,0.84298,0.67857,0.74775,0.67857,0.67647,0.74242
NDMCHighDark_Individual:47,0.45321,0.58723,0.64091,0.67763,0.62143,0.74863,0.65455,0.9434,0.7594,0.74684,0.98551,0.63889,0.7483
NDMCHighDark_Individual:2;,0.4868,0.77119,0.95395,0.94595,0.89655,0.89781,0.77083,0.83744,0.8022,0.82036,0.80337,0.8125,0.84211
NDMCHighDark_Individual:28,0.42818,0.55197,0.65336,0.58416,0.58974,0.76863,0.6648,0.76271,0.77907,0.76923,0.74634,0.74011,0.74619
NDMCHighDark_Individual:29,0.39269,0.75373,0.80233,0.75862,0.86538,0.88384,0.64935,0.80503,0.8303,0.7807,0.74306,0.75862,0.80255
NDMCHighDark_Individual:26,0.44015,0.55042,0.63682,0.63978,0.56667,0.72327,0.68103,0.86061,0.73743,0.72816,0.73427,0.74016,0.78226
NDMCHighDark_Individual:6;,0.45298,0.49804,0.76316,0.69613,0.675,0.75472,0.675,0.80631,0.79245,0.82143,0.84058,0.85795,0.86364
NDMCHighDark_Individual:24,0.50202,0.48547,0.5317,0.61404,0.61304,0.65957,0.68246,0.67925,0.725,0.64773,0.73632,0.74704,0.7044
NDMCHighDark_Individual:25,0.41967,0,0.85227,0.87755,0.90323,0.95556,1.0,0.96774,1.0,0.91667,1.0,0.92157,0.94444
NDMCHighDark_Individual:22,0.55781,0.5332,0.64624,0.59108,0.63333,0.65497,0.66897,0.70732,0.76768,0.73529,0.75472,0.74713,0.76398
NDMCHighDark_Individual:23,0.55556,0.65594,0.7543,0.69967,0.60804,0.70874,0.68345,0.70718,0.68103,0.78814,0.73171,0.76147,0.75676
NDMCHighDark_Individual:20,0.52801,0.59247,0.63052,0.63669,0.69349,0.71218,0.63057,0.81071,0.75275,0.69849,0.76536,0.75109,0.76786
NDMCHighDark_Individual:21,0.63821,0.55556,0.68896,0.70068,0.70248,0.77885,0.76923,0.85294,0.73585,0.73239,0.91667,0.87302,0.72727
NDMCHighDark_Individual:34,0.48855,0.53043,0.68182,0.64925,0.71728,0.61395,0.59184,0.76068,0.71622,0.71717,0.57778,0.63636,0.56688
NDMCHighDark_Individual:38,0.35309,0.51238,0.4569,0.62992,0.61491,0.83537,0.7483,0.85217,0.79104,0.74576,0.76923,0.82906,0.915
NDMCHighDark_Individual:35,0.40433,0.37243,0.52018,0.57143,0.78431,0.70588,0.83007,0.86432,0.6875,0.824,0.82946,0.89189,0.91241
NDMCHighDark_Individual:27,0.55319,0.65,0.59524,0.72059,0.81481,0.94872,0.88119,0.96875,0.93333,0.83333,0.90667,0.90217,0.87719
NDMCHighDark_Individual:11,0.40323,0.48282,0.58791,0.16667,0,0.0,1.0,0.90909,0.9697,0.9,0.85294,0.96629,1.0
NDMCHighDark_Individual:37,0.51324,0.54717,0.58642,0.54622,0.91304,0,0.04895,0,0.61538,0,0.6,0.51923,0.66949
NDMCHighDark_Individual:36,0.44598,0.4652,0.60145,0.88571,0.42857,0.78947,0.72165,0.78947,0.7027,0.8,0.69841,0.6383,0.875
NDMCHighDark_Individual:5;,0.4145,0.50809,0.6982,0.70652,0.70345,0.82888,0.71698,0.77966,0.84507,0.82787,0.91026,0.70588,0.91667
NDMCHighDark_Individual:9;,0.40778,0.475,0.56221,0.57909,0.61694,0.70229,0.70482,0.75309,0.83333,0.72263,0.84762,0.72667,0.81879
NDMCHighDark_Individual:31,0.44359,0.55032,0.64433,0.5303,0.56667,0.70652,0.72277,0.81982,0.73333,0.7931,0.72414,0.73684,0.71074
NDMCHighDark_Individual:30,0.44147,0.52525,0.57143,0.53812,0.62632,0.64378,0.62179,0.72574,0.69318,0.73438,0.68345,0.64706,0.69822
NDMCHighDark_Individual:1;,0.38866,0.45275,0.59817,0.64602,0.64567,0.71905,0.71698,0.85375,0.63793,0.7044,0.66887,0.82065,0.74274
NDMCHighDark_Individual:19,0.52046,0.53333,0.57609,0.58839,0.5697,0.72727,0.56757,0.74661,0.70588,0.76331,0.7766,0.72581,0.70435
NDMCHighDark_Individual:18,0.5756,0.54637,0.59361,0.59239,0.77586,0.78182,0.68,0.83333,0.77586,0.78226,0.80676,0.82014,1.0
NDMCHighDark_Individual:39,0.43541,0.50547,0.1566,0.6,0.56954,0.75258,0.06552,0.70588,0.05439,0.77358,0.71845,0.57143,0.9403
NDMCHighDark_Individual:33,0.38699,0.41489,0.67717,0.56322,0.55814,0.61421,0.57426,0.71519,0.67614,0.69048,0.6378,0.744,0.74439
NDMCHighDark_Individual:3;,0.39847,0.48918,0.71343,0.61458,0.68944,0.8,0.70968,0.83699,0.76793,0.71667,0.69474,0.81768,0.76382
NDMCHighDark_Individual:32,0.47454,0.54167,0.72778,0.68852,0.84615,0.81699,0.83962,0.91262,0.75,0.75,0.87805,0.93103,0.87778
NDMCHighDark_Individual:13,0.40472,0.43484,0.49364,0.48893,0.47143,1.0,0.63462,1.0,0.65517,0.77381,0.83654,0.80822,0.7449
NDMCHighDark_Individual:12,0.48669,0.46899,0.5614,0.69643,0.77778,0.84286,0.67105,0.83951,0.76974,0.83871,0.7619,0.83436,0.91608
NDMCHighDark_Individual:7;,0.48322,0.58491,0.65529,0.7093,0.72,0.81159,0.81212,0.74843,0.69892,0.72973,0.7439,0.73984,0.69421
NDMCHighDark_Individual:10,0.4727,0.5443,0.60985,0.62874,0.75882,0.85204,0.79487,0.8806,0.79487,0.84896,0.87324,0.77907,0.93137
NDMCHighDark_Individual:17,0.55921,0.49388,0.58913,0.70732,0.82301,0.83721,0.71795,0.82734,0.80247,1.0,0.83333,1.0,0.95
NDMCHighDark_Individual:16,0.3988,0.48899,0.51222,0.43431,0.43305,0.50657,0.52585,0.7182,0.74652,0.70852,0.78125,0.87097,0.82716
NDMCHighDark_Individual:15,0.34446,0.36711,0.42233,0.04778,0.9375,0.87805,0.77406,0.83333,0.8209,0.81169,0.79762,0.82707,0.85827
NDMCHighDark_Individual:14,0.5009,0.54916,0.64414,0.71341,0.77528,0.7561,0.78855,0.86222,0.76821,0.86667,0.7766,0.74545,0.75
OSU6162Dark_Individual:8;,0.53202,0.42892,0.4332,0.65,0.37037,0.85714,0.33333,0.38889,0.85714,0,0.73171,0.5,0.6
OSU6162Dark_Individual:48,0.34983,0.31154,0.26336,0.28814,0.3625,0.43077,0.27273,0.26316,0.44262,0.41818,0.48936,0.28571,0.43396
OSU6162Dark_Individual:4;,0.43575,0.35094,0.35644,0.51408,0.38636,0.51786,0.48438,0.44444,0.51786,0.5102,0.63636,0.55,0.15
OSU6162Dark_Individual:40,0.37066,0.41616,0.38791,0.44625,0.48947,0.53125,0.45,0.54472,0.47244,0.5,0.57143,0.52349,0.44898
OSU6162Dark_Individual:41,0.4653,0.43247,0.48621,0.41102,0.30337,0.49153,0.41304,0.52083,0.54717,0.56818,0.55556,0.50794,0.57143
OSU6162Dark_Individual:42,0.48489,0.48172,0.45085,0.48636,0.58947,0.30769,0.58065,0.70588,0.80769,0.83333,0.59259,0.75,0.5
OSU6162Dark_Individual:43,0.46617,0.42331,0.45357,0.47428,0.49393,0.50213,0.39254,0.37391,0.38462,0.47321,0.47059,0.59434,0.55556
OSU6162Dark_Individual:44,0.55688,0.37609,0.41821,0.45634,0.50102,0.51986,0.47917,0.25,0.30303,0.4717,0.48276,0.36842,0.66667
OSU6162Dark_Individual:45,0.47317,0.4755,0.47273,0.38443,0.38576,0.48507,0.42857,0.47368,0.43396,0.52857,0.65306,0.54762,0.50467
OSU6162Dark_Individual:46,0.47937,0.50235,0.48602,0.57875,0.35833,0.5493,0.5102,0.65179,0.55,0.57851,0.6954,0.61739,0.56383
OSU6162Dark_Individual:47,0.56077,0.5019,0.53804,0.51938,0.57556,0.54745,0.51852,1.0,0,0.66667,0.7619,0.875,0.52273
OSU6162Dark_Individual:2;,0.50073,0.36417,0.44939,0.48601,0.43846,0.7013,0.67626,0.50649,0.63158,0.50794,0.5814,0.8,0.66667
OSU6162Dark_Individual:28,0.42105,0.3133,0.25,0.26471,0.16667,0.52632,0.63636,0.5,0.0,0.0,0.81818,0,0.36585
OSU6162Dark_Individual:29,0.42443,0.46524,0.44816,0.42418,0.46239,0.50943,0.7284,0.61905,0.66038,0.62791,0.65517,0.72,0.69697
OSU6162Dark_Individual:26,0.35009,0.34366,0.48387,0.4,0.32653,0.46154,0.51064,0.30769,0.69444,0.50877,0.43125,0.61538,0.57895
OSU6162Dark_Individual:6;,0.45686,0.41304,0.54054,1.0,1.0,1.0,0.5,0,0,0.88889,0,0.56354,1.0
OSU6162Dark_Individual:24,0.49145,0.46429,0.51346,0.47588,0.55,0.51,0.54762,0.42857,0.4581,0.45161,0.91667,0.36,0.45946
OSU6162Dark_Individual:25,0.58824,0.44023,0.47059,0.48503,0.58333,0.8,0.89535,0.75,0.92857,0,0.90909,0,0.68
OSU6162Dark_Individual:22,0.48533,0.47932,0.47098,0.40749,0.52,0.38776,0.33333,0.44444,0.56522,0.58571,0.53448,0.61702,0.7
OSU6162Dark_Individual:23,0.45082,0.43289,0.41279,0.50774,0.56489,0.75,0.54545,0.45714,0.55603,0.55556,0.7191,1.0,0.65217
OSU6162Dark_Individual:20,0.4033,0.41533,0.44227,0.41242,0.37895,0.42632,0.59459,0.44444,0.59259,0.6,0.53623,0.83333,0.59494
OSU6162Dark_Individual:21,0.48726,0.43564,0.42431,0.40878,0.375,0.48421,0.54286,0.5,0.46377,0.26531,0.63953,0.47692,0.54
OSU6162Dark_Individual:34,0.35694,0.36387,0.41221,0.40693,0.41176,0.43407,0.48148,0.44231,0.53191,0.51563,0.52727,0.62667,0.55114
OSU6162Dark_Individual:38,0.53846,0.51619,0.60619,0.66429,0.70253,0.71591,0.67568,0.72619,0.64706,0.61404,1.0,0.75342,0.73077
OSU6162Dark_Individual:35,0.55607,0.407,0.44386,0.48172,0.42687,0.41525,0.50838,0.45669,0.4717,0.4878,0.43411,0.46154,0.57851
OSU6162Dark_Individual:27,0.59962,0.46985,0.48077,0.40964,0.4507,0.4,0.46429,0.74444,0.57895,0.60656,0.8,0.65385,0.54902
OSU6162Dark_Individual:11,0.56876,0.40605,0.46318,0.52484,0.52198,0.53125,0.49515,0.56716,0.63014,0.68056,0.82143,0.60714,0.82353
OSU6162Dark_Individual:37,0.43116,0.41341,0.39695,0.44918,0.45349,0.42544,0.41031,0.38667,0.45921,0.4593,0.52941,0.6049,0.51953
OSU6162Dark_Individual:36,0.42587,0.4277,0.3844,0.46988,0.40625,0.66667,0.64179,0.66667,0.84,0.53086,0.66667,0.57778,0.55556
OSU6162Dark_Individual:5;,0.47006,0.4272,0.43723,0.49457,0.57143,0.63636,0.74074,0.74336,0.74286,0.78889,0.66364,0.87786,0.91589
OSU6162Dark_Individual:9;,0.52915,0.42449,0.41026,0.4144,0.4629,0.46429,0.4186,0.58182,0.54545,0.76923,0.51852,0.60377,0.55102
OSU6162Dark_Individual:31,0.5118,0.51719,0.52313,0.46281,0.49593,0.47368,0.42466,0.50909,0.58571,0.61905,0.58333,0.75,0.83333
OSU6162Dark_Individual:30,0.49144,0.45434,0.52093,0.59036,0.49351,0.5,0.48718,0.60465,0.62687,0.4,0.68,0.60606,0.58621
OSU6162Dark_Individual:1;,0.48708,0.51111,0.5,0.35088,0.41176,0.48387,0.54386,0.51111,0.64286,0.56061,0.57746,0.64,0.58929
OSU6162Dark_Individual:19,0.47727,0.46964,0.48082,0.46718,0.45622,0.55034,0.45902,0.56557,0.5,0.51724,0.46552,0.61364,0.61194
OSU6162Dark_Individual:18,0.38287,0.36136,0.36618,0.37225,0.32604,0.45958,0.61194,0.64626,0.51282,0.62353,0.69091,0.57778,0.72
OSU6162Dark_Individual:39,0.32339,0.48409,0.38979,0.40122,0.47596,0.38318,0.53061,0.64815,0.59615,0.46377,0.56566,0.62195,0.75641
OSU6162Dark_Individual:33,0.43214,0.44321,0.45455,0.39104,0.45161,1.0,0.60274,0.62162,0.64384,0.67143,0.68354,0.71875,0.70526
OSU6162Dark_Individual:3;,0.4027,0.38515,0.42197,0.41818,0.41201,0.37273,0.39407,0.41765,0.43307,0.48571,0.36612,0.51449,0.5102
OSU6162Dark_Individual:32,0.47833,0.40917,0.42005,0.42643,0.4433,0.36066,0.54023,0.51948,0.48649,0.43243,0.44706,0.51667,0.71277
OSU6162Dark_Individual:13,0.43109,0.44195,0.35689,0.43243,0.47887,0.53509,0.52206,0.6,0.62025,0.52703,0.68254,0.48438,0.42581
OSU6162Dark_Individual:12,0.44102,0.37018,0.36909,0.38375,0.47273,0.54878,0.55,0.41463,0.35135,0.56962,0.41883,0.43182,0.5
OSU6162Dark_Individual:7;,0.52266,0.48473,0.42364,0.48148,0.51734,0.61441,0.59627,0.59167,0.48649,0.54902,0.64238,0.50538,0.38235
OSU6162Dark_Individual:10,0.49699,0.44388,0.46929,0.48922,0.4652,0.44892,0.60248,0.56349,0.64211,0.61957,0.57292,0.55319,0.73684
OSU6162Dark_Individual:17,0.47794,0.51201,0.44076,0.41841,0.45775,0.53226,0.5082,0.62097,0.61333,0.51176,0.48113,0.4918,0.47312
OSU6162Dark_Individual:16,0.35619,0.36116,0.33051,0.40313,0.47826,0.51538,0.52703,0.44444,0.55118,0.54167,0.57576,0.58182,0.55263
OSU6162Dark_Individual:15,0.59319,0.65441,0.54588,0.5415,1.0,0,0,0.05137,0.87097,0.76923,0.58065,0.8,0.76923
OSU6162Dark_Individual:14,0.56386,0.47454,0.50167,0.52644,0.6113,0.68837,0.72571,0.73958,0.33333,1.0,0.55556,0.68182,0
PCAP1Dark_Individual:8;,0.45198,0.4375,0.48757,0.0,1.0,0.25,0.42222,0.16667,0.37037,0.75,0.66667,0.07298,0.71429
PCAP1Dark_Individual:48,0.40418,0.58389,0.47581,0.64901,0.67123,0.71329,0.76842,0.72973,0.75776,0.67456,0.78363,0.80899,0.79167
PCAP1Dark_Individual:4;,0.74336,0.76623,0.68456,0.64744,0.88235,0.72464,0.75641,0.7037,0.66667,0.83974,0.81481,0.84138,0.84615
PCAP1Dark_Individual:40,0.53333,0.49541,0.55963,0.61628,0.70513,0.54321,0.67368,0.59223,0.69492,0.57447,0.66964,0.62727,0.59167
PCAP1Dark_Individual:41,0.52475,0.63953,0.36667,0.5,0.6,0.4,0.05966,0.42857,0.375,0.5,0.61538,0.12365,0.18042
PCAP1Dark_Individual:42,0.37966,0.35165,0.64789,0.57333,0.51852,0.67391,0.4375,0.60227,0.73563,0.71579,0.7619,0.80263,0.69737
PCAP1Dark_Individual:43,0.30094,0.29412,1.0,0.40426,0.65217,0.45833,0.41176,0.45,0.54286,0.48485,0.43103,0.7931,0.5
PCAP1Dark_Individual:44,0.59591,0.55732,0.76596,0.77465,0.77679,0.7265,0.71277,0.81308,0.68675,0.57627,0.78947,0.73394,0.78947
PCAP1Dark_Individual:45,0.49123,0.62162,0.66667,0.69032,0.83735,0.75168,0.81657,0.82353,0.85938,0.78095,0.82166,0.74432,0.76
PCAP1Dark_Individual:46,0.42991,0.31579,0.47154,0.53289,0.46847,0.5,0.60625,0.58871,0.65116,0.63934,0.63478,0.67619,0.7541
PCAP1Dark_Individual:47,0.52564,0.47573,0.39683,0.64198,0.66019,0.63265,0.48936,0.58209,0.58824,0.58333,0.43636,0.64,0.57692
PCAP1Dark_Individual:2;,0.52495,0.57895,0.28378,0.65,0.42708,0.48837,0.51,0.46739,0.52381,0.55224,0.69655,0.6,0.58228
PCAP1Dark_Individual:28,0.5286,0.548,0.60274,0.672,0.51282,0.55882,0.65152,0.50495,0.65556,0.65934,0.55556,0.71264,0.66234
PCAP1Dark_Individual:29,0.58661,0.69355,0.75862,0.79464,0.74211,0.78571,0.82292,0.775,0.8046,0.80769,0.82955,0.8375,0.86154
PCAP1Dark_Individual:26,0.47079,0.53333,0.84615,0.5307,0.63839,0.81522,0.70833,0.79348,0.87273,0.89189,0.88983,0.94931,0.86139
PCAP1Dark_Individual:6;,0.60814,0.68584,0.72388,0.82682,0.80198,0.76879,0.73427,0.7549,0.81818,0.81879,0.776,0.86765,0.8381
PCAP1Dark_Individual:24,0.37363,0.4,0.5,0.45333,0.47619,0.44156,0.39623,0,0.32258,0.63014,0.53425,0.59211,0.58416
PCAP1Dark_Individual:25,0.61257,0.64826,0.90566,0.80435,0.66667,0.63905,0.54255,0.7093,0.76596,0.78571,0.81159,0.93151,0.98913
PCAP1Dark_Individual:22,0.47321,0.37879,0.57333,0.5,0.45349,0.58273,0.60638,0.53846,0.54386,0.57377,0.61,0.61842,0.64356
PCAP1Dark_Individual:23,0.64213,0.53968,0.72993,0.6,0.78351,0.72222,0.74138,0.71296,0.70968,0.69663,0.63333,0.61194,0.78333
PCAP1Dark_Individual:20,0.53916,0.39921,0.50847,0.47297,0.53333,0.59854,0.46,0.52273,0.5,0.41489,0.5625,0.56962,0.61682
PCAP1Dark_Individual:21,0.53137,0.59276,0.6,0.62931,0.76154,0.65248,0.81761,0.72903,0.64341,0.74194,0.72105,0.7861,0.72131
PCAP1Dark_Individual:34,0.44622,0.44094,0.42581,0.47594,0.43678,0.48438,0.50262,0.53182,0.50862,0.5,0.52632,0.53,0.68531
PCAP1Dark_Individual:38,0.53623,0.65698,0.71795,0.76147,0.81538,0.64865,0.77966,0.65741,0.67143,0.68595,0.67917,0.74699,0.70504
PCAP1Dark_Individual:35,0.52973,0.46667,0.53846,0.45161,0.66071,0,0.54167,0.44828,0.4,0.46,0.0,0.63636,0.71084
PCAP1Dark_Individual:27,0.45026,0.34615,0.29412,0.45833,0.4375,0.48837,0.52632,0.64103,0.52308,0.42105,0.63235,0.65278,0.66316
PCAP1Dark_Individual:11,0.558,0.5907,0.78977,0.76316,0.84459,0.82609,0.81818,0.79167,0.83333,0.85185,0.82313,0.86275,0.86928
PCAP1Dark_Individual:37,0.4766,0.50467,0.38835,0.56204,0.48039,0.48387,0.55147,0.54167,0.58394,0.62585,0.63063,0.49533,0.50862
PCAP1Dark_Individual:36,0.4057,0.39896,0.29231,0.38298,0.66667,0.48214,0.36486,0.55738,0.56522,0.50704,0.5303,0.61644,0.61111
PCAP1Dark_Individual:5;,0.61131,0.78689,0.66917,0.74172,0.62667,0.68794,0.68421,0.74667,0.5,0.73973,0.25,0.78667,0.80606
PCAP1Dark_Individual:9;,0.46954,0.44737,0.45865,0.53211,0.43011,0.54545,0.4759,0.45536,0.51948,0.58716,0.6,0.62025,0.5614
PCAP1Dark_Individual:31,0.54601,0.66667,0.73684,0.53125,0.46,0.51563,0.53846,0.74074,0.82353,0.76744,0.83146,0.7913,0.77895
PCAP1Dark_Individual:30,0.40714,0.37838,0.41304,0.56818,0.54098,0.40816,0.35,0.5,0.68243,0.61616,0.69118,0.78947,0.82857
PCAP1Dark_Individual:1;,0.44622,0.66379,0.54639,0.57282,0.68817,0.62264,0.64583,0.76522,0.68056,0.73958,0.72464,0.86916,0.86726
PCAP1Dark_Individual:19,0.43856,0.47414,0.6,0.5,0.61364,0.2878,0.69531,0.63063,0.83436,0.7619,0.72642,0.81507,0.70161
PCAP1Dark_Individual:18,0.5541,0.63158,0.72464,0.72131,0.66667,0.7907,0.80597,0.73611,0.69492,0.65217,0.77451,0.80723,0.70213
PCAP1Dark_Individual:39,0.22727,0.09375,0.4,0.35714,0.66667,0.27273,0.36111,0.46,0.4375,0.34286,0.05205,0.04995,0.33333
PCAP1Dark_Individual:33,0.55291,0.48466,0.63025,0.48438,0.56667,0.56863,0.63866,0.65306,0.65657,0.71875,0.68033,0.72381,0.64706
PCAP1Dark_Individual:3;,0.58272,0.49498,0.47307,0.52505,0.50482,0.67222,0.53883,0.61497,0.65789,0.61395,0.71503,0.68387,0.77049
PCAP1Dark_Individual:32,0.29114,0.3,0.50704,0.48529,0.36207,0.6125,0.52055,0.41772,0.64368,0.76415,0.80172,0.82787,0.63889
PCAP1Dark_Individual:13,0.60034,0.67143,0.57764,0.62264,0.70833,0.58088,0.70548,0.73377,0.66406,0.75652,0.73282,0.81356,0.79612
PCAP1Dark_Individual:12,0.46667,0.68212,0.82609,0.70588,0.73171,0.75758,0.63158,0.82927,0.73171,0.71429,0.76471,0.86275,0.5625
PCAP1Dark_Individual:7;,0.44571,0.34091,0.46154,0.18182,0.37931,0.35088,0.4,0.83784,0.5,0.52688,0.37255,0.875,0.53125
PCAP1Dark_Individual:10,0.49864,0.58065,0.60993,0.62121,0.74528,0.7341,0.78453,0.73936,0.67273,0.66667,0.66327,0.73585,0.72222
PCAP1Dark_Individual:17,0.48248,0.40826,0.6729,0.7027,0.53488,0.52542,0.53968,0.52308,0.51724,0.51456,0.58647,0.62931,0.7076
PCAP1Dark_Individual:16,0.57534,0.5,0.47887,0.51948,0.60759,0.57609,0.60417,0.5,0.55102,0.55102,0.51948,0.71287,0.66942
PCAP1Dark_Individual:15,0.48019,0.4125,0.52475,0.68817,0.52632,0.60227,0.5,0.58333,0.54688,0.67164,0.55172,0.74627,0.61538
PCAP1Dark_Individual:14,0.52941,0.59459,0.65546,0.62658,0.63704,0.69737,0.69048,0.55882,0.552,0.58974,0.66225,0.70543,0.53922
PCAP2Dark_Individual:8;,0.45558,0.44484,0.42726,0.54399,0.69002,0.55896,0.52358,0.46429,0.625,0.83459,0.88889,0.88571,0.79412
PCAP2Dark_Individual:48,0.41163,0.36423,0.36555,0.37829,0.34173,0.33133,0.34521,0.34037,0.45349,0.41096,0.47475,0.42157,0.4329
PCAP2Dark_Individual:4;,0.68413,0.58569,0.62427,0.64088,0.63158,0.81176,0.91176,0.88372,1.0,0.81481,0.88235,0.72093,0.85714
PCAP2Dark_Individual:40,0.46748,0.43873,0.45701,0.59072,0.59259,0.53125,0.55479,0.55696,0.56667,0.6875,0.64246,0.58857,0.68
PCAP2Dark_Individual:41,0.40056,0.3996,0.54567,0.76247,0.71613,0.76984,0.80081,0.77821,0.69061,0.77698,0.79646,0.78986,0.73571
PCAP2Dark_Individual:42,0.4347,0.38207,0.43074,0.43144,0.41883,0.50239,0.50489,0.47354,0.64545,0.61722,0.71186,0.61728,0.71622
PCAP2Dark_Individual:43,0.44656,0.44572,0.36735,0.52593,0.56164,0.66484,0.69613,0.70056,0.72321,0.75355,0.8011,0.76271,0.72
PCAP2Dark_Individual:44,0.50934,0.48738,0.52108,0.6,0.65854,0.61017,0.66187,0.65625,0.61818,0.75238,0.61983,0.62766,0.73196
PCAP2Dark_Individual:45,0.46978,0.4044,0.30952,0.66875,0.68627,0.64341,0.61146,0.625,0.64238,0.52206,0.64615,0.69767,0.73684
PCAP2Dark_Individual:46,0.37778,0.30714,0.35034,0.58065,0.80932,0.74148,0.65289,0.61243,0.5614,0.4326,0.62021,0.58152,0.71613
PCAP2Dark_Individual:47,0.4556,0.39579,0.45969,0.46441,0.42047,0.41985,0.45269,0.42013,0.63291,0.49471,0.56757,0.67281,0.60622
PCAP2Dark_Individual:2;,0.42923,0.36029,0.53763,0.20127,0.61905,0.60317,0.83838,0.34783,0,0,0,0.0,0.63636
PCAP2Dark_Individual:28,0.41833,0.42263,0.53171,0.72325,0.664,0.71006,0.71134,0.76647,0.68531,0.73214,0.74522,0.70323,0.70408
PCAP2Dark_Individual:29,0.49273,0.44602,0.48968,0.49541,0.65385,0.73723,0.77778,0.97386,0.84615,0.7716,0.78906,0.76336,0.73418
PCAP2Dark_Individual:26,0.51935,0.40843,0.48541,0.51378,0.52256,0.80645,0.91667,0.76,0.68,0.82051,0.82,0.8,0.7875
PCAP2Dark_Individual:6;,0.40714,0.41784,0.44737,0.42857,0.49038,0.55556,0.46667,0.42857,0.63636,0.54545,0.61111,0.52727,0.50794
PCAP2Dark_Individual:24,0.38065,0.46722,0.52371,0.46879,0.52618,0.4927,0.52189,0.49526,0.48621,0.63208,0.62626,0.58889,0.49776
PCAP2Dark_Individual:25,0.46247,0.42222,0.47115,0.51422,0.58915,0.65179,0.69231,0.75,0.64179,0.7625,0.84706,0.77273,0.72632
PCAP2Dark_Individual:22,0.4726,0.43402,0.4709,0.44255,0.5,0.56906,0.54726,0.56395,0.54015,0.60811,0.61667,0.62406,0.63208
PCAP2Dark_Individual:23,0.55287,0.45637,0.48769,0.38153,0.4742,0.39057,0.58934,0.52966,0.58197,0.6093,0.59701,0.53672,0.65025
PCAP2Dark_Individual:20,0.47804,0.45381,0.47395,0.50266,0.50744,0.46444,0.53018,0.53976,0.61277,0.64103,0.69892,0.58282,0.65108
PCAP2Dark_Individual:21,0.41826,0.42329,0.47596,0.46139,0.5122,0.67219,0.61658,0.63774,0.61798,0.69604,0.68981,0.66337,0.52713
PCAP2Dark_Individual:34,0.46486,0.41522,0.56661,0.50781,0.64752,0.61846,0.75625,0.77215,0.75,0.76642,0.86667,0.9527,0.93277
PCAP2Dark_Individual:38,0.48489,0.45997,0.46475,0.4877,0.42786,0.47015,0.51017,0.47767,0.52721,0.63694,0.58411,0.64602,0.63043
PCAP2Dark_Individual:35,0.52239,0.50723,0.46814,0.59439,0.63522,0.74386,0.73889,0.78824,0.76077,0.70886,0.76042,0.71429,0.77551
PCAP2Dark_Individual:27,0.54264,0.50104,0.55799,0.53237,0.56075,0.69492,0.79104,0.74725,0.76549,0.82637,0.78,0.78894,0.81579
PCAP2Dark_Individual:11,0.57182,0.36388,0.45078,0.64662,0.61789,0.67,0.81538,0.75,0.7907,0.89899,0.93023,0.6875,0.77895
PCAP2Dark_Individual:37,0.37868,0.42384,0.49144,0.58985,0.76148,0.68391,0.74359,0.75472,0.78277,0.68837,0.82209,0.67857,0.78832
PCAP2Dark_Individual:36,0.36415,0.40345,0.56177,0.61202,0.6087,0.73864,0.93548,0.91139,0.91525,1.0,0.97222,0.84314,0.96364
PCAP2Dark_Individual:5;,0.51872,0.4243,0.46131,0.46032,0.60976,0.8022,0.67778,0.75,0.6699,0.73438,0.60563,0.71429,0.73494
PCAP2Dark_Individual:9;,0.47143,0.5,0.50076,0.49273,0.64356,0.59202,0.67111,0.0558,0,0.57895,0.05077,0.81132,1.0
PCAP2Dark_Individual:31,0.5888,0.51297,0.49383,0.52564,0.27273,0.0754,0.6087,1.0,1.0,1.0,1.0,1.0,1.0
PCAP2Dark_Individual:30,0.4867,0.49438,0.98856,0.04752,0.4,0.33917,0.67619,0.85714,0,0.54545,0.5,0.04048,0.7
PCAP2Dark_Individual:1;,0.51485,0.5188,0.63235,0.64706,0.57,0.69231,0.62121,0.68966,0.67949,0.79032,0.83636,0.8022,0.69444
PCAP2Dark_Individual:19,0.48462,0.58628,0.54217,0.4734,0.54634,0.48039,0.70435,0.51351,0.61667,0.71111,0.58228,0.61538,0.64368
PCAP2Dark_Individual:18,0.28092,0.2913,0.35127,0.62687,0.5,0.56429,0.58784,0.64748,0.6,0.7094,0.63462,0.63462,0.63158
PCAP2Dark_Individual:39,0.42539,0.40552,0.41902,0.48682,0.43584,0.58645,0.58824,0.65455,0.57022,0.48175,0.64118,0.48571,0.60563
PCAP2Dark_Individual:33,0.43675,0.47749,0.51765,0.56048,0.50551,0.59745,0.68638,0.6,0.66667,0.71522,0.73529,0.83333,0.79042
PCAP2Dark_Individual:3;,0.49125,0.42569,0.52353,0.7764,0.77372,0.59211,0.66667,0.73585,0.63333,0.63077,0.81481,0.70588,0.72152
PCAP2Dark_Individual:32,0.44761,0.38553,0.38325,0.57221,0.49901,0.56574,0.53061,0.86207,0.875,0.83333,0.92135,0.80556,0.87097
PCAP2Dark_Individual:13,0.4146,0.41267,0.41418,0.61224,0.60177,0.63877,0.66474,0.57222,0.6859,0.71141,0.65541,0.69608,0.67347
PCAP2Dark_Individual:12,0.51866,0.43103,0.46184,0.59198,0.71569,0.62304,0.67241,0.6875,0,0.74699,0.81967,1.0,0.85294
PCAP2Dark_Individual:7;,0.45383,0.42376,0.50474,0.71245,0.72881,0.7541,0.85484,0.84848,0.92,0.92486,0.91358,0.93333,0.91124
PCAP2Dark_Individual:10,0.47844,0.50951,0.5251,0.6573,0.80488,0.86928,0.89362,0.74286,0.9,0.84071,0.89189,0.92233,0.92308
PCAP2Dark_Individual:17,0.3648,0.32844,0.41801,0.45868,0.75339,0.69192,0.67526,0.72464,0.71631,0.74242,0.81622,0.60177,0.64925
PCAP2Dark_Individual:16,0.42342,0.50255,0.52157,0.58011,0.56098,0.65644,0.70115,0.66901,0.58993,0.73043,0.72674,0.61947,0.76552
PCAP2Dark_Individual:15,0.39319,0.42077,0.45718,0.45167,0.40476,0.44731,0.63158,0.58696,0.61009,0.58696,0.81319,0.62745,0.82456
PCAP2Dark_Individual:14,0.59664,0.52263,0.57419,0.61864,0.58095,0.62121,0.6978,0.60366,0.64662,0.53982,0.58182,0.53125,0.56364
PCAP814Dark_Individual:8;,0.34827,0.42698,0.51866,0.58462,0.54217,0.60714,0.58491,0.4359,0.68421,0.92857,0.875,0.75,0.84375
PCAP814Dark_Individual:48,0.51479,0.4797,0.54869,0.54042,0.51176,0.59116,0.62857,0.68874,0.73494,0.71212,0.77778,0.85656,0.75439
PCAP814Dark_Individual:4;,0.43789,0.4381,0.53812,0.53409,0.58491,0.88462,0.8169,0.91667,0.91304,0.72222,0.72603,0.6715,0.43519
PCAP814Dark_Individual:40,0.48456,0.48995,0.45934,0.52956,0.51057,0.50579,0.5528,0.46311,0.61453,0.66667,0.6755,0.63636,0.71875
PCAP814Dark_Individual:41,0.21771,0.38554,0.37768,0.54132,0.47768,0.55947,0.58049,0.58824,0.55495,0.55789,0.625,0.66077,0.59851
PCAP814Dark_Individual:42,0.44882,0.48709,0.5,0.59184,0.56627,0.53704,0.80435,0.59677,0,0.62963,0.77215,0.88889,0.84932
PCAP814Dark_Individual:43,0.36364,0.39035,0.39796,0.21429,0.45,0.5,1.0,1.0,1.0,0.90476,0.57377,0.78947,0.75
PCAP814Dark_Individual:44,0.58108,0.51211,0.64078,0.46667,0.63636,0.53947,0.5037,0.98253,0.3908,0.66667,0.65347,0.61905,0.65556
PCAP814Dark_Individual:45,0.37952,0.40435,0.42657,0.568,0.5,0.40741,0.5,0.55882,0.55556,0.71429,0.69512,0.76,0.73333
PCAP814Dark_Individual:46,0.47167,0.41408,0.31004,0.2807,0.35433,0.51,0.97436,0,0.0,0.75862,0.71386,0.72981,0.66296
PCAP814Dark_Individual:47,0.48693,0.42904,0.4392,0.39806,0.44492,0.46405,0.55556,0.725,0,0.95652,0.875,0.60606,0.73846
PCAP814Dark_Individual:2;,0.47285,0.4832,0.36691,0.39744,0.32184,0.42135,0.6,0.71111,0.93893,0.82051,0.71321,0.62255,0.60479
PCAP814Dark_Individual:28,0.42877,0.42503,0.38632,0.68657,0.5514,0.5,0.88119,0.80645,0.93103,0.9799,0.93171,0.91204,0.76147
PCAP814Dark_Individual:29,0.36923,0.43175,1.0,1.0,1.0,0.75,0.75,0.76471,0.8,0.8125,0.92308,0.84211,0.92105
PCAP814Dark_Individual:26,0.59463,0.55297,0.48499,0.53722,0.5731,0.64706,0.47458,0.4359,0.59459,0.54369,0.66393,0.65714,0.64626
PCAP814Dark_Individual:6;,0.53039,0.58036,0.57068,0.53846,0.53757,0.65596,0.61714,0.73367,0.58065,0.53704,0.624,0.7907,0.64286
PCAP814Dark_Individual:24,0.55061,0.40625,0.48881,0.54114,0.38462,0.475,0.46067,0.3875,0.5098,0.5283,0.55814,0.63158,0.58763
PCAP814Dark_Individual:25,0.58349,0.5423,0.53171,0.7,0.75,0.8,0.71429,0.61017,0.67961,0.91667,0.98718,0.99167,0.99412
PCAP814Dark_Individual:22,0.53521,0.375,0.3125,0.83582,0.0,0.66667,1.0,1.0,0,1.0,0.45714,0.9697,0.77451
PCAP814Dark_Individual:23,0.36893,0.71429,0.81818,0,0.0,1.0,0.55556,0.375,0.8,0.8,0.44554,0.89474,0.64
PCAP814Dark_Individual:20,0.41916,0.41272,0.59158,0.67932,0.67598,0.6087,0.67857,0.68345,0.58407,0.76692,0.65714,0.72519,0.68333
PCAP814Dark_Individual:21,0.32574,0.32727,0.28571,0.11765,0.1,0.31818,0.375,0.75,0.9,0.89474,1.0,0.83333,0.75
PCAP814Dark_Individual:34,0.60241,0.54569,0.57143,0.61502,0.48387,0.45833,0.6,0.68421,0.61905,0.76087,0.42308,0.9,0.66667
PCAP814Dark_Individual:38,0.47343,0.44828,0.3908,0.48387,0.46914,0.43284,0.58929,0.48905,0.56028,0.48571,0.5,0.71429,0.66667
PCAP814Dark_Individual:35,0.46059,0.60849,0.70815,0.74089,0.79104,0.84519,0.71053,0.76238,0.76744,0.71515,0.81646,0.69912,0.85827
PCAP814Dark_Individual:27,0.45442,0.45996,0.46364,0.77273,0.59474,0.58955,0.625,0.74312,0.63804,0.53509,0.6381,0.57407,0.64773
PCAP814Dark_Individual:11,0.49502,0.48633,0.52894,0.46523,0.50893,0.11828,0.51852,0.69767,0.71429,0.27586,0.52,0.66667,0.74286
PCAP814Dark_Individual:37,0.51029,0.52847,0.59467,0.62748,0.74757,0.85969,0.85752,0.85307,0.85919,0.88714,0.89474,0.93827,0.90691
PCAP814Dark_Individual:36,0.46714,0.44873,0.45074,0.57875,0.68783,0.66216,0.7076,0.71429,0.70085,0.74016,0.75,0.7563,0.70909
PCAP814Dark_Individual:5;,0.43276,0.47879,0.5098,0.4,0.38235,0.75,0.072,0.35714,1.0,0.85106,0.87121,0.79365,0.775
PCAP814Dark_Individual:9;,0.48845,0.43053,0.51282,0.61202,0.625,0.58182,0.67797,0.69524,0.64754,0.65094,0.85156,0.69091,0.75439
PCAP814Dark_Individual:31,0.59572,0.48793,0.41129,0.40699,0.41694,0.51242,0.50954,0.61692,0.71354,0.72571,0.85311,0.83832,0.81457
PCAP814Dark_Individual:30,0.45297,0.43676,0.38996,0.5,0.54762,0.97333,0.93443,0.9697,0.90152,0.69608,0.86224,0.76744,0.76494
PCAP814Dark_Individual:1;,0,0.0,0,0,0.66667,0.57522,0.9,0.80392,0.93773,0.90968,0.86534,0.68194,0.74146
PCAP814Dark_Individual:19,0.62105,0.47684,0.58333,0.52542,0.55844,0.57609,0.52778,0.28571,0.88462,0.65957,0,0.96774,0.95238
PCAP814Dark_Individual:18,0.42289,0.35606,0.37615,0.68895,0.86646,0.83122,0.79918,0.79562,0.89822,0.87216,0.86913,0.94314,0.93254
PCAP814Dark_Individual:39,0.51539,0.41749,0.46875,0.53719,0.7243,0.62983,0.53906,0.56522,0.7027,0.67568,0.84884,0.82609,0.74178
PCAP814Dark_Individual:33,0.56617,0.50239,0.62755,0.688,0.97814,0.11678,0.67521,0.66667,0.68376,0.66387,0.71545,0.65306,0.7037
PCAP814Dark_Individual:3;,0.52749,0.47642,0.39892,0.43681,0.3662,0.38571,0.47287,0.52174,0.69048,0.67416,0.64773,0.82292,0.87168
PCAP814Dark_Individual:32,0.4758,0.42595,0.49807,0.83731,0.80556,0.7897,0.85787,0.9,0.8951,0.79141,0.88525,0.91781,0.88587
PCAP814Dark_Individual:13,0.41732,1.0,0,0.27273,0.48598,0.16517,0.0,0.7619,0,0.56757,0.53175,0.60386,0.60989
PCAP814Dark_Individual:12,0.45501,0.46493,0.4704,0.44676,0.45342,0.33333,0,0.04021,0.66667,0.88889,1.0,0.9697,0.58333
PCAP814Dark_Individual:7;,0.52104,0.44816,0.54797,0.63095,0.70792,0.64286,0.71264,0.78689,0.76282,0.77869,0.76923,0.75806,0.73171
PCAP814Dark_Individual:10,0.44776,0.44369,0.52187,0.58776,0.5678,0.52593,0.59231,0.5,0.46857,0.55429,0.52096,0.54545,0.47826
PCAP814Dark_Individual:17,0.52573,0.41473,0.45414,0.48188,0.60256,0.55469,0.55556,0.56701,1.0,0.52174,0.61728,0.64865,0.65934
PCAP814Dark_Individual:16,0.54521,0.51099,0.41518,0.53472,0.66279,0.56805,0.6875,0.60145,0.75543,0.69536,0.72441,0.74825,0.74
PCAP814Dark_Individual:15,0.5285,0.45892,0.34412,0.43564,0.50526,0.568,0.5,0.72727,0.5625,0.78378,0,0.53125,0.66667
PCAP814Dark_Individual:14,0.5549,0.50562,0.59259,0.65385,0.65517,0.6943,0.77273,0.81385,0.77119,0.81068,0.83962,0.83721,0.83168
PCAP931Dark_Individual:8;,0.45366,0.36842,0.60492,0.53182,0.55507,0.53289,0.57447,0.54082,0.53125,0.59783,0.69792,0.71429,0.65
PCAP931Dark_Individual:48,0.43458,0.44849,0.41558,0.41139,0.42083,0.33333,0.3125,0.58333,0.31148,0.44615,0.46067,0.36145,0.36471
PCAP931Dark_Individual:4;,0.40606,0.42497,0.40446,0.48018,0.61979,0.64912,0.775,0.07245,0.05847,0.73723,0.75439,0.87273,0.91463
PCAP931Dark_Individual:40,0.46942,0.45633,0.47792,0.49023,0.46216,0.48589,0.62963,0.65455,0.63636,0.68874,0.58156,0.6378,0.70093
PCAP931Dark_Individual:41,0.38118,0.39887,0.49744,0.53401,0.59633,0.62727,0.68304,0.61582,0.66265,0.6763,0.71856,0.64234,0.71094
PCAP931Dark_Individual:42,0.56438,0.48804,0.4893,0.48393,0.57093,0.46058,0.60241,0.5942,0.52564,0.57143,0.61207,0.63504,0.55085
PCAP931Dark_Individual:43,0.46756,0.42693,0.45232,0.44236,0.42024,0.39903,0.40097,0.41221,0.51667,0.40777,0.38028,0.40625,0.52632
PCAP931Dark_Individual:44,0.43014,0.4537,0.49524,0.58333,0.60748,0.63441,0.7094,0.61607,0.68376,0.6281,0.64286,0.68421,0.63218
PCAP931Dark_Individual:45,0.42791,0.43494,0.47654,0.48926,0.52209,0.60335,0.64607,0.6135,0.55769,0.67296,0.66372,0.68548,0.71812
PCAP931Dark_Individual:46,0.47727,0.52768,0.49858,0.50943,0.43992,0.52716,0.60067,0.59316,0.61809,0.70652,0.68841,0.6791,0.70079
PCAP931Dark_Individual:47,0.50903,0.76,0.375,0.66667,0.88889,1.0,0.77778,0.77778,0.77778,0.8,0.4,0.75,0.83871
PCAP931Dark_Individual:2;,0.45964,0.49153,0.53125,0.49225,0.49367,0.59701,0.56522,0.58095,0.54839,0.57143,0.55046,0.53913,0.44737
PCAP931Dark_Individual:28,0.4966,0.47773,0.49024,0.68571,0.03842,0.88889,0.25037,0,1.0,0.8,0.88793,0.62963,0.73684
PCAP931Dark_Individual:29,0.3868,0.35085,0.48333,0.65022,0.75546,0.67692,0.75806,0.67692,0.77011,0.70199,0.67778,0.85276,0.90404
PCAP931Dark_Individual:26,0.43682,0.418,0.45942,0.5035,0.59441,1.0,0.5,1.0,1.0,0,0.74359,1.0,0.94118
PCAP931Dark_Individual:6;,0.45712,0.47289,0.45,0.49291,0.4932,0.50276,0.55061,0.48168,0.56911,0.70238,0.54545,0.59649,0.64474
PCAP931Dark_Individual:24,0.40167,0.40382,0.40684,0.54402,0.67622,0.66667,0.62981,0.66837,0.72917,0.67677,0.71963,0.73636,0.70748
PCAP931Dark_Individual:25,0.42768,0.44759,0.49267,0.71006,0.75676,0.78125,0.88889,0.875,0,0.52083,0.72632,0.56061,1.0
PCAP931Dark_Individual:22,0.50252,0.49384,0.51763,0.6284,0.69349,0.57386,0.59877,0.65493,0.64,0.625,0.69725,0.58929,0.73984
PCAP931Dark_Individual:23,0.54762,0.46291,0.47819,0.4929,0.60494,0.53112,0.61207,0.60784,0.60571,0.58788,0.66092,0.63057,0.65432
PCAP931Dark_Individual:20,0.36789,0.40234,0.37043,0.41497,0.37229,0.5,0.85,0.83721,0.71429,0.80851,0.7156,0.72277,0.64151
PCAP931Dark_Individual:21,0.53168,0.56479,0.51068,0.54087,0.50761,0.57803,0.58519,0.65873,0.69091,0.66667,0.71717,0.72414,0.77778
PCAP931Dark_Individual:34,0.37333,0.51064,0.35714,0.43636,0.55,0.49383,0.52,0.69565,0.6129,0.71642,0.72222,0.69737,0.66216
PCAP931Dark_Individual:38,0.42982,0.4189,0.50478,0.6558,0.72727,0.73404,0.7205,0.5625,0.81325,0.75758,0.8535,0.76238,0.77632
PCAP931Dark_Individual:35,0.44681,1.0,0.04343,0.5,1.0,0,0.5,0,1.0,1.0,0,0.36898,1.0
PCAP931Dark_Individual:27,0.42662,0.44971,0.4224,0.43096,0.45672,0.71242,0.73333,0.73171,0.76923,0.75182,0.76699,0.75207,0.73846
PCAP931Dark_Individual:11,0.54664,0.4322,0.59162,0.60127,0.54206,0.59821,0.6875,0.62617,0.73684,0.68421,0.69643,0.712,0.72917
PCAP931Dark_Individual:37,0.50532,0.47402,0.45455,0.44864,0.45118,0.41573,0.65812,0.575,0.68421,0.67647,0.63514,0.56164,0.65625
PCAP931Dark_Individual:36,0.50474,0.45051,0.49578,0.68464,0.6645,0.61429,0.49593,0.67424,0.66957,0.73394,0.68293,0.70455,0.69863
PCAP931Dark_Individual:5;,0.5368,0.45817,0.44004,0.45022,0.56325,0.65686,0.67665,0.70423,0.59603,0.66406,0.61905,0.79221,0.75
PCAP931Dark_Individual:9;,0.55319,0.49324,0.4652,0.49289,0.58904,0.575,0.58741,0.63063,0.61765,0.65517,0.63636,0.59036,0.73239
PCAP931Dark_Individual:31,0.44444,0.45102,0.46352,0.51478,0.58631,0.57554,0.56593,0.55357,0.60656,0.50562,0.53012,0.69178,0.55882
PCAP931Dark_Individual:30,0.3991,0.55365,0.40758,0.4403,0.54321,0.53125,0.62201,0.68478,0.63636,0.58197,0.63393,0.85714,0.89256
PCAP931Dark_Individual:1;,0.40699,0.41908,0.45035,0.48208,0.57851,0.66667,0.68966,0.72072,0.83871,0.76842,0.76724,0.78448,0.65094
PCAP931Dark_Individual:19,0.55127,0.48069,0.6785,0.7051,0.61856,0.63137,0.6203,0.6886,0.73206,0.72772,0.78992,0.80189,0.77315
PCAP931Dark_Individual:18,0.54717,0.51644,0.50075,0.4859,0.58744,0.59259,0.61111,0.68812,0.71429,0.72481,0.76596,0.59804,0.616
PCAP931Dark_Individual:39,0.3914,0.44239,0.50279,0.45674,0.43333,0.55046,0.5,0.59184,0.60544,0.60177,0.62903,0.67969,0.65574
PCAP931Dark_Individual:33,0.50404,0.45493,0.60199,0.51724,0.86667,1.0,0.75,0.61644,0.7069,0.57143,0.75,0.65217,0.61538
PCAP931Dark_Individual:3;,0.3361,0.4136,0.41736,0.46429,0.56682,0.59677,0.66447,0.57042,0.64706,0.63354,0.67066,0.76289,0.79545
PCAP931Dark_Individual:32,0.45773,0.42115,0.42549,0.46474,0.44554,0.51026,0.57703,0.59184,0.54255,0.58723,0.67391,0.64085,0.68675
PCAP931Dark_Individual:13,0.47086,0.42101,0.45248,0.49697,0.56724,0.51125,0.58848,0.57661,0.58039,0.58706,0.67117,0.69388,0.69615
PCAP931Dark_Individual:12,0.45354,0.44277,0.49612,0.61157,0.60894,0.57838,0.67442,0.72121,0.71622,0.69014,0.74815,0.74561,0.75694
PCAP931Dark_Individual:7;,0.4759,0.46209,0.45184,0.53505,0.76147,0.64815,0.61333,0.73684,0.85,0.8,0.77333,0.72973,0.68056
PCAP931Dark_Individual:10,0.43013,0.41607,0.44444,0.45024,0.69481,0.68702,0.70085,0.75824,0.71569,0.61538,0.90741,0.90217,0.64286
PCAP931Dark_Individual:17,0.49454,0.48554,0.471,0.47074,0.53131,0.51502,0.64506,0.66102,0.66169,0.66242,0.72727,0.74684,0.67442
PCAP931Dark_Individual:16,0.47559,0.45,0.40104,0.46421,0.73077,0.75781,0.76991,0.76984,0.81111,0.80147,0.83333,0.87662,0.77273
PCAP931Dark_Individual:15,0.43403,0.41176,0.44444,0.7125,0.75931,0.60703,0.74172,0.76995,0.78035,0.72727,0.73988,0.76963,0.77647
PCAP931Dark_Individual:14,0.52273,0.45266,0.45028,0.51837,0.55484,0.44928,0.51923,0.55844,0.60204,0.58889,0.43939,0.59574,0.67532
