AripiprazoleDark_Individual:8;,0.00877,0.02857,0.01408,0.0,0.0,0.01579,0.0,0.02013,0.00568,0.02273,0.00943,0.01099,0.0
AripiprazoleDark_Individual:48,0.03216,0.03882,0.06437,0.04872,0.05185,0.01786,0.02778,0.01143,0.03279,0.02326,0.03529,0.03774,0.00909
AripiprazoleDark_Individual:4;,0.00829,0.00171,0.00612,0.00677,0.0068,0.01323,0.00865,0.0086,0.03252,0.0228,0.04594,0.03395,0.01881
AripiprazoleDark_Individual:40,0.01253,0.01445,0.01754,0.00571,0.01299,0.01951,0.0,0.01587,0.00719,0.00917,0.0,0.00599,0.0
AripiprazoleDark_Individual:41,0.0,0.0,0.00358,0.00873,0.00165,0.00442,0.02181,0.00344,0.00842,0.00305,0.00997,0.00968,0.00587
AripiprazoleDark_Individual:42,0.011,0.01651,0.01166,0.00661,0.00744,0.0023,0.00698,0.0,0.00647,0.00292,0.00441,0.00671,0.0
AripiprazoleDark_Individual:43,0.00203,0.00437,0.00925,0.00609,0.01495,0.00938,0.00978,0.00551,0.00702,0.0155,0.00461,0.01299,0.00481
AripiprazoleDark_Individual:44,0.00699,0.01619,0.03529,0.03571,0.0,0.00709,0.04938,0.0131,0.01639,0.0087,0.0,0.00645,0.01227
AripiprazoleDark_Individual:45,0.0181,0.01786,0.01379,0.01923,0,0.0303,0.025,0.21872,0.0,0.0,0.1998,0.19178,0.05263
AripiprazoleDark_Individual:46,0.02841,0.05862,0.01942,0.02941,0.08602,0.04348,0.00526,0.03571,0.0,0.0,0.0,0.01311,0.04762
AripiprazoleDark_Individual:47,0.01752,0.04107,0.02281,0.01338,0.01185,0.02582,0.01678,0.01751,0.03485,0.01266,0.00329,0.0167,0.01563
AripiprazoleDark_Individual:2;,0.00391,0.01316,0.03571,0.03883,0.08065,0.03,0.0,0.0,0.02128,0.0,0.0,0,0.0
AripiprazoleDark_Individual:28,0.01499,0.02299,0.03837,0.02703,0.01299,0.03614,0.03984,0.02,0.01255,0.02187,0.03346,0.01796,0.02867
AripiprazoleDark_Individual:29,0.01563,0.01662,0.02683,0.01364,0.0149,0.03097,0.01887,0.02133,0.02795,0.01515,0.025,0.00995,0.03425
AripiprazoleDark_Individual:26,0.0,0.0,0.0,0.02381,0.01429,0.00897,0.01163,0.0,0.00571,0.00515,0.01242,0.0,0.0
AripiprazoleDark_Individual:6;,0.0,0.0,0.02685,0.0292,0.01613,0.01852,0.0303,0.02727,0.0122,0.04225,0.0,0.10938,0.04918
AripiprazoleDark_Individual:24,0.03175,0.00671,0.03731,0.01893,0.04437,0.03358,0.02041,0.01282,0.0,0.01282,0.0,0.0,0.0
AripiprazoleDark_Individual:25,0.01996,0.00758,0.00922,0.0082,0.00385,0.02304,0.01036,0.0,0.00962,0.00619,0.01767,0.01393,0.01575
AripiprazoleDark_Individual:22,0.00468,0.0075,0.03333,0.01653,0.03896,0.05333,0.03947,0.0,0.04762,0.03947,0.02564,0.01075,0.02439
AripiprazoleDark_Individual:23,0.02621,0.01671,0.00693,0.0041,0.01085,0.01158,0.00952,0.0121,0.01546,0.01271,0.01646,0.01327,0.01404
AripiprazoleDark_Individual:20,0.1061,0.07831,0.03704,0.03727,0.02362,0.0122,0.00943,0.02,0.01176,0.04819,0.0,0.01087,0.0
AripiprazoleDark_Individual:21,0.01235,0.02632,0.0,0.02532,0.01095,0.00985,0.02273,0.0,0.0,0.04348,0.00649,0.01818,0.02381
AripiprazoleDark_Individual:34,0.03427,0.03414,0.03837,0.03665,0.01518,0.01754,0.01765,0.00452,0.04762,0.06977,0.02597,0.06612,0.03937
AripiprazoleDark_Individual:38,0.01738,0.00407,0.01237,0.00556,0.0,0.00781,0.01794,0.0,0.01241,0.0057,0.0,0.0,0.0
AripiprazoleDark_Individual:35,0.00768,0.00477,0.00606,0.0,0.01493,0.0,0.01389,0.0,0.00392,0.00781,0.0,0.0,0.00855
AripiprazoleDark_Individual:27,0.01777,0.02003,0.03106,0.04348,0.02976,0.04583,0.04902,0.0512,0.07122,0.02604,0.04054,0.03514,0.04149
AripiprazoleDark_Individual:11,0.01894,0.01563,0.01887,0.0219,0.00943,0.00625,0.00962,0.01754,0.01227,0.0117,0.01681,0.0102,0.03378
AripiprazoleDark_Individual:37,0.00778,0.01205,0.01923,0.01923,0.01205,0.02381,0.02326,0.0,0.0155,0.0,0.01515,0.0,0.01111
AripiprazoleDark_Individual:36,0.02457,0.01573,0.02473,0.02045,0.0383,0.0531,0.01653,0.00585,0.00855,0.01734,0.02041,0.0,0.0082
AripiprazoleDark_Individual:5;,0.00348,0.01463,0.02113,0.02027,0.0129,0.0,0.02703,0.0049,0.03226,0.0297,0.02439,0,0.0
AripiprazoleDark_Individual:9;,0.02198,0.0,0.01911,0.0,0.01266,0.01316,0.0202,0.01613,0.0,0.0,0.04444,0.0,0.01515
AripiprazoleDark_Individual:31,0.01759,0.02448,0.02104,0.0233,0.00521,0.0,0.0,0.0,0.01087,0.0,0.01266,0.01786,0.0
AripiprazoleDark_Individual:30,0.0,0.0,0.01695,0.03279,0.11111,0.0,0.0,0.0,0.21132,0.0,0,0,0.19533
AripiprazoleDark_Individual:1;,0.01556,0.02791,0.0,0.0082,0.02857,0.02098,0.03636,0.0026,0.01471,0.0,0.0,0.01258,0.0
AripiprazoleDark_Individual:19,0.02083,0.0137,0.0411,0.05,0.01543,0.02804,0.0,0.0,0.01176,0.02062,0.03371,0.0,0.01408
AripiprazoleDark_Individual:18,0.00702,0.00521,0.03571,0.0137,0.03704,0.19259,0.0,0.02941,0.02655,0.03012,0.03448,0.0303,0.01613
AripiprazoleDark_Individual:39,0.02083,0.01726,0.0141,0.00974,0.01626,0.0304,0.01241,0.01064,0.00481,0.02778,0.0,0.00962,0.0
AripiprazoleDark_Individual:33,0.01211,0.01297,0.02648,0.02904,0.05869,0.03347,0.03086,0.01695,0.01754,0.0,0.03125,0.0,0.01471
AripiprazoleDark_Individual:3;,0.0453,0.0518,0.01877,0.04348,0.02685,0.03797,0.04274,0.03361,0.02894,0.01266,0.0,0.03448,0.02459
AripiprazoleDark_Individual:32,0.02502,0.00319,0.00585,0.00928,0.00244,0.00155,0.00623,0.00686,0.00527,0.00531,0.00334,0.0,0.0
AripiprazoleDark_Individual:13,0.00872,0.01096,0.00697,0.00749,0.00837,0.0041,0.00766,0.00625,0.01479,0.01272,0.00491,0.00446,0.00233
AripiprazoleDark_Individual:12,0.01055,0.0107,0.025,0.0,0.0,0.0,0.01031,0.01639,0.0061,0.0,0.0,0.01639,0.03333
AripiprazoleDark_Individual:7;,0.02482,0.08696,0.02778,0.01657,0.04425,0.0315,0.02353,0.05854,0.02963,0.03067,0.02041,0.02186,0.01117
AripiprazoleDark_Individual:10,0.00328,0.00877,0.0177,0.05263,0.01639,0.01887,0.0,0.0,0.0,0.04545,0.03571,0.05263,0.0098
AripiprazoleDark_Individual:17,0.00289,0.01154,0.00861,0.0,0.07143,0.0102,0.01205,0.0,0.02247,0.0,0.0,0.0,0.0
AripiprazoleDark_Individual:16,0.02339,0.01844,0.01859,0.01031,0.0,0.01282,0.01099,0.0,0.01786,0.0102,0.0122,0.01961,0.02804
AripiprazoleDark_Individual:15,0.01878,0.01304,0.02254,0.02462,0.03158,0.02296,0.04988,0.03889,0.04808,0.01596,0.01225,0.01824,0.00846
AripiprazoleDark_Individual:14,0.0251,0.0266,0.03537,0.04152,0.04611,0.01705,0.01942,0.02486,0.01648,0.00613,0.01942,0.0303,0.01261
CariprazineDark_Individual:8;,0.00311,0.0045,0.00245,0.0,0.00328,0.0,0.00282,0.00201,0.0,0.0,0.0,0.0,0.0
CariprazineDark_Individual:48,0.00238,0.00774,0.00763,0.02532,0.00637,0.0,0.00581,0.02381,0.00538,0.00601,0.00402,0.00909,0.02247
CariprazineDark_Individual:4;,0.01044,0.02107,0.0131,0.01278,0.02137,0.03727,0.02949,0.0105,0.01775,0.03333,0.02375,0.00958,0.01115
CariprazineDark_Individual:40,0.01155,0.03385,0.02489,0.02406,0.02703,0.0,0.0,0.0,0.03371,0.0,0.0,0.0,0.0
CariprazineDark_Individual:41,0.01032,0.00968,0.02863,0.01653,0.0,0.0,0.0,0.0,0.0,0.0,0.04167,0.025,0.0
CariprazineDark_Individual:42,0.00522,0.03226,0.0375,0.0,0.01587,0.01205,0.0,0.0087,0.01389,0.0,0.0,0.01754,0.0
CariprazineDark_Individual:43,0.00633,0.01342,0.01408,0.0404,0.01626,0.00645,0.00855,0.0,0.01124,0.0,0.0,0.0,0.04819
CariprazineDark_Individual:44,0.00107,0.02965,0.04255,0.0119,0.0,0.03175,0.01163,0.01099,0.0,0.0,0.01333,0.0,0.00926
CariprazineDark_Individual:45,0.00667,0.00758,0.0078,0.01171,0.00858,0.00435,0.0,0.00719,0.00719,0.0,0.00595,0.0,0.0
CariprazineDark_Individual:46,0.01584,0.04487,0.04225,0.03774,0.05556,0.0,0.0,0.0,0.03333,0.0,0.0,0.01538,0.0
CariprazineDark_Individual:47,0.00419,0.004,0.01656,0.00192,0.01609,0.01115,0.02808,0.01408,0.09524,0.0,0.0,0.00538,0.0
CariprazineDark_Individual:2;,0.00348,0.01432,0.01015,0.01835,0.01633,0.0102,0.00971,0.01195,0.00562,0.0087,0.0131,0.01931,0.01441
CariprazineDark_Individual:28,0.00867,0.02636,0.04936,0.07767,0,0.05929,0.04612,0.04444,0.02994,0.09278,0.04971,0.01423,0.07447
CariprazineDark_Individual:29,0.00545,0.0087,0.0068,0.0,0.0,0.01389,0.01316,0.02857,0.0,0.02439,0.01176,0.02778,0.0
CariprazineDark_Individual:26,0.01813,0.02609,0.0,0.04762,0.01235,0.03158,0.01883,0.01351,0.02804,0.08,0.0,0.0,0.0
CariprazineDark_Individual:6;,0.00308,0.0,0.0125,0.0,0.06061,0.01429,0.24355,0.01143,0.02,0.0,0.2311,0.02439,0.0
CariprazineDark_Individual:24,0.0,0.0068,0.01042,0.05093,0.04795,0.03497,0.07463,0.0,0.01163,0.05405,0.0,0.0,0.04167
CariprazineDark_Individual:25,0.00562,0.00685,0.00783,0.0,0.0,0.00866,0.00256,0.01633,0.04124,0.01408,0.01087,0.025,0.02941
CariprazineDark_Individual:22,0.00379,0.01572,0.01235,0.0,0.00658,0.01587,0.01653,0.024,0.01205,0.0,0.00952,0.02151,0.02479
CariprazineDark_Individual:23,0.00571,0.00692,0.01592,0.01825,0.01806,0.02105,0.05556,0.0,0.01754,0.00794,0.11765,0.0,0.0
CariprazineDark_Individual:20,0.02759,0.025,0.02424,0.0,0.02913,0.02239,0.02899,0.00746,0.02597,0.02778,0.0,0.0,0.0137
CariprazineDark_Individual:21,0.01101,0.01124,0.02553,0.0,0.22173,0.23697,0.24675,0.22704,0.03614,0.08824,0.0,0.23477,0.02899
CariprazineDark_Individual:34,0.01893,0.02521,0.02857,0.0,0.0,0.00714,0.0,0.02083,0.0,0.0,0.0,0.0,0.01575
CariprazineDark_Individual:38,0.00203,0.01887,0.0101,0.01389,0.01786,0.02857,0.0,0.0,0.0,0.00855,0.0,0.02128,0.05455
CariprazineDark_Individual:35,0.00894,0.01811,0.01835,0.0,0.0,0.0,0.01429,0.05714,0.0,0.0,0.0,0.01282,0.0
CariprazineDark_Individual:27,0.03205,0.12438,0.02976,0.01905,0.00329,0.00578,0.03906,0.00932,0.04762,0.02083,0.0411,0.02439,0.03704
CariprazineDark_Individual:11,0.01597,0.08824,0.02586,0.03297,0.03509,0.03571,0.02857,0.01493,0.03125,0.05102,0.02564,0.07813,0.03947
CariprazineDark_Individual:37,0.0129,0.01124,0.07,0.01869,0.03175,0.05556,0.04545,0.04,0.05556,0.09677,0.11111,0.33333,1.0
CariprazineDark_Individual:36,0.01327,0.05263,0.0,0.01852,0.0,0.0,0.0,0.0,0.0625,0.0,0.0,0.0,0.0
CariprazineDark_Individual:5;,0.00599,0.02113,0.08974,0.04255,0.03797,0.01408,0.06,0.01266,0.01667,0.0,0.01124,0.0,0.0
CariprazineDark_Individual:9;,0.00378,0.00814,0.02037,0.01502,0.02778,0.0,0.0,0.01163,0.0,0.02041,0.0,0.01429,0.02326
CariprazineDark_Individual:31,0.01429,0.03358,0.00725,0.0,0.01176,0.00935,0.0,0.01835,0.0,0.02667,0.04286,0.0,0.01316
CariprazineDark_Individual:30,0.01325,0.0315,0.03333,0.0,0.01031,0.00901,0,0.0202,0.04054,0.01212,0.23991,0.0,0.0
CariprazineDark_Individual:1;,0.01403,0.01796,0.03409,0.0,0.0084,0.0,0.0,0.03226,0.0,0.01724,0.01205,0.00562,0.0
CariprazineDark_Individual:19,0.00129,0.02133,0.01031,0.03774,0.04,0.02174,0.01695,0.0,0.0,0.0,0.0,0.0,0.0
CariprazineDark_Individual:18,0.00122,0.02716,0.04959,0.0,0.05814,0.00901,0.02326,0.01667,0.02151,0.00426,0.01449,0.01064,0.02899
CariprazineDark_Individual:39,0.01367,0.04098,0.03774,0.0404,0.01563,0.01639,0.0,0.01449,0.01667,0.01667,0.01099,0.0,0.0
CariprazineDark_Individual:33,0.00431,0.00909,0.00237,0.00935,0.0,0.01266,0.0,0.0,0.0,0.0,0.0,0.0,0.0
CariprazineDark_Individual:3;,0.00468,0.04444,0.01794,0.03297,0.02273,0.0,0.0,0.0,0.02469,0.01538,0.0297,0.0,0.01111
CariprazineDark_Individual:32,0.02708,0.05263,0.00599,0.04762,0.03077,0.0,0.01136,0.04505,0.03636,0.0,0.0098,0.0,0.0
CariprazineDark_Individual:13,0.01006,0.01421,0.02083,0.0102,0.0,0.0,0.0,0.0,0.00368,0.0,0.0,0.0,0.0
CariprazineDark_Individual:12,0.00622,0.03405,0.03802,0.01316,0.01333,0.01316,0.01639,0.0,0.0,0.0,0.2,0.0,0.0
CariprazineDark_Individual:7;,0.0,0.0,0.0,0.02703,0.0,0.0,0.33333,0.00585,0.0,0.03125,0.0,0.01613,0.0
CariprazineDark_Individual:10,0.0056,0.02165,0.00806,0.03077,0.01205,0.01951,0.03614,0.02857,0.03922,0.02,0.04,0.05357,0.01307
CariprazineDark_Individual:17,0.0046,0.00369,0.01242,0.0,0.0,0.0,0.0,0.08,0.0,0.01923,0.02703,0.16667,0.20478
CariprazineDark_Individual:16,0.00475,0.02108,0.00599,0.0,0.0,0.0,0.0,0.0,0.01754,0.02105,0.0,0.0,0.01316
CariprazineDark_Individual:15,0.00252,0.00749,0.00224,0.01905,0.00735,0.00962,0.0,0.02105,0.0,0.01124,0.0,0.0,0.0137
CariprazineDark_Individual:14,0.02174,0.02299,0.02,0.28571,0.19618,0.05556,0.0,0.07692,0.03125,0.01563,0.26679,0.04545,0.0
ClozapineDark_Individual:8;,0.00168,0.00389,0.032,0.00485,0.02609,0.0,0.28571,0.0,0.0,0.0,0.0,0.01163,0.0
ClozapineDark_Individual:48,0.0062,0.0,0.00817,0.02459,0.01604,0.01042,0.00459,0.0102,0.00621,0.0,0.00521,0.00649,0.00424
ClozapineDark_Individual:4;,0.01542,0.0,0.0,0.0,0.0,0.0,0.0,0.0,0.05556,0.0,0.0,0.0,0.0
ClozapineDark_Individual:40,0.00191,0.00326,0.00529,0.00503,0.00521,0.0,0.00709,0.0,0.00833,0.01754,0.0,0.01111,0.0
ClozapineDark_Individual:41,0.00303,0.00488,0.00685,0.0,0.0,0.0037,0.00562,0.00485,0.01674,0.00784,0.01083,0.0,0.0
ClozapineDark_Individual:42,0.00142,0.00602,0.00319,0.00344,0.0,0.00485,0.0,0.00526,0.00575,0.0,0.0,0.0,0.01587
ClozapineDark_Individual:43,0.00623,0.0198,0.01538,0.01681,0.01299,0.00901,0.0,0.0,0.0,0.01852,0.0,0.0,0.0
ClozapineDark_Individual:44,0.0,0.00713,0.00838,0.0,0.00407,0.01064,0.0,0.0,0.00508,0.0,0.00905,0.0,0.0
ClozapineDark_Individual:45,0.00212,0.0,0.0,0.0,0.0,0.0,0.0,0.0,0.0,0.0,0.0,0.0,0.0
ClozapineDark_Individual:46,0.0,0.00484,0.0,0.0,0.0,0.0,0.0,0.0,0.0,0.0,0.01351,0.03061,0.0
ClozapineDark_Individual:47,0.00987,0.00202,0.00661,0.00368,0.00832,0.00893,0.00935,0.00439,0.00973,0.00844,0.01053,0.0,0.0
ClozapineDark_Individual:2;,0.0,0.00166,0.0,0.00231,0.00272,0.0,0.0,0.0,0.0,0.0,0.0,0.00368,0.00417
ClozapineDark_Individual:28,0.00906,0.0,0,0.0,0.0,0.0,0.0,0.0,0.0,0.01408,0.0,0.0,0.0
ClozapineDark_Individual:29,0.01987,0.0,0.03774,0.02273,0.03226,0.0,0.0,0.0,0.0,0.0,0.0,1.0,0.0
ClozapineDark_Individual:26,0.00238,0.0,0.0,0.00469,0.00441,0.03378,0.00565,0.0,0.0,0.0,0.0,0.00709,0.0
ClozapineDark_Individual:6;,0.00752,0.00368,0.00728,0.0,0.0,0.0,0.0,0.0,0.0,0.0,0.0,0.0,0.0
ClozapineDark_Individual:24,0.00545,0.01075,0.0155,0.03636,0.09231,0.02564,0.0125,0.03125,0.03226,0.01639,0.01515,0.03571,0.05479
ClozapineDark_Individual:25,0.0,0.0,0.0,0.0,0.00345,0.0,0.0,0.0,0.01047,0.0,0.0,0.0,0.00855
ClozapineDark_Individual:22,0.00649,0.00357,0.00823,0.00587,0.02538,0.0119,0.01047,0.02326,0.00649,0.00826,0.02113,0.01875,0.0
ClozapineDark_Individual:23,0.00139,0.0,0.00243,0.0,0.00325,0.00488,0.0,0.00971,0.0,0.00641,0.0,0.00826,0.0
ClozapineDark_Individual:20,0.02619,0.02156,0.01681,0.01717,0.01563,0.0129,0.03125,0.0,0.02151,0.01786,0.0219,0.016,0.03731
ClozapineDark_Individual:21,0.00435,0.0,0.0,0.0,0.0,0.0,0.0,0.0,0.0,0.0,0.0,0.0,0.0
ClozapineDark_Individual:34,0.00328,0.04255,0.04082,0.00781,0.0,0.0,0.00182,0.0,0.0,0.0,0.0,0.0,0.0
ClozapineDark_Individual:38,0.0,0.00595,0.005,0.0,0.0,0.0,0.0,0.01058,0.00382,0.00775,0.0117,0.0,0.0
ClozapineDark_Individual:35,0.0109,0.00452,0.00198,0.00235,0.00648,0.00286,0.00181,0.0,0.0,0.00397,0.00755,0.0,0.0
ClozapineDark_Individual:27,0.00661,0.00555,0.01818,0.00787,0.0,0.00503,0.00667,0.0,0.0,0.0137,0.0,0.0,0.0
ClozapineDark_Individual:11,0.009,0.01217,0.01214,0.00422,0.00727,0.00662,0.03804,0.00719,0.0,0.01266,0.0,0.0,0.0
ClozapineDark_Individual:37,0.00193,0.00313,0.0,0.0,0.0,0.00633,0.0,0.02752,0.00877,0.0,0.0,0.0,0.0
ClozapineDark_Individual:36,0.0,0.0,0.0,0.0,0.0,0.0,0.01852,0.00694,0.01111,0.0,0.00617,0.0,0.00662
ClozapineDark_Individual:5;,0.0221,0.0,0.0,0.0,0.00546,0.0,0.0,0.00541,0.0,0.0,0.0,0.00532,0.0
ClozapineDark_Individual:9;,0.01318,0.0,0.00629,0.0,0.02778,0.0,0.0,0.0,0.0,0.0,0.0,0.1,0.0
ClozapineDark_Individual:31,0.00264,0.00833,0.0,0.0,0.01149,0.0,0.01124,0.00935,0.0,0.0,0.0,0.0,0.0
ClozapineDark_Individual:30,0.01942,0.0,0.0,0.00206,0.00877,0.0,0.0,0.0,0.0,0.00735,0.01053,0.0,0.0
ClozapineDark_Individual:1;,0.00141,0.0012,0.00889,0.00651,0.01563,0.0,0.0,0.0,0.01538,0.0,0.0,0.0,0.0
ClozapineDark_Individual:19,0.00546,0.00618,0.0125,0.01799,0.0057,0.0029,0.01293,0.0,0.00576,0.00289,0.00877,0.00427,0.00823
ClozapineDark_Individual:18,0.00578,0.00565,0.0,0.00601,0.0,0.00227,0.0,0.0,0.00308,0.0,0.0,0.0,0.00692
ClozapineDark_Individual:39,0.0058,0.00529,0.0078,0.0,0.00255,0.0,0.0,0.01053,0.01299,0.0,0.0,0.00847,0.00943
ClozapineDark_Individual:33,0.00613,0.0019,0.00256,0.0,0.00581,0.01099,0.0,0.0129,0.0,0.00862,0.0,0.0,0.0
ClozapineDark_Individual:3;,0.00579,0.00908,0.01186,0.01874,0.01896,0.01429,0.0,0.00437,0.00699,0.00662,0.0,0.0,0.0
ClozapineDark_Individual:32,0.00578,0.0,0.0,0.0,0.00429,0.00427,0.0,0.0,0.0,0.0,0.0,0.00543,0.0098
ClozapineDark_Individual:13,0.005,0.0,0.0,0.0,0.0,0.0,0.0,0.0,0.0,0.0,0.01818,0.0,0.01449
ClozapineDark_Individual:12,0.01007,0.00385,0.0,0.0,0.00508,0.0,0.0,0.0,0.0,0.0,0.00617,0.0,0.01
ClozapineDark_Individual:7;,0.00287,0.00494,0.0,0.00508,0.01863,0.00521,0.01351,0.0,0.0,0.01786,0.00775,0.0,0.0
ClozapineDark_Individual:10,0.00281,0.00688,0.00529,0.0,0.0,0,0.0,0.0,0.0,0.0,0.00709,0.01149,0.0
ClozapineDark_Individual:17,0.00322,0.00303,0.00549,0.00301,0.0,0.00667,0.00637,0.01361,0.00741,0.01149,0.0,0.0,0.0
ClozapineDark_Individual:16,0.00127,0.00286,0.0068,0.00498,0.00806,0.00329,0.01103,0.0,0.00413,0.0,0.00455,0.0,0.0
ClozapineDark_Individual:15,0.0048,0.01509,0.01813,0.00743,0.00321,0.0068,0.01594,0.00581,0.01176,0.0,0.01515,0.0,0.01325
ClozapineDark_Individual:14,0.00858,0.02083,0.02184,0.01212,0.00344,0.02193,0.00633,0.00901,0.00662,0.02362,0.00685,0.00893,0.0
CNODark_Individual:8;,0.0068,0.01481,0.03883,0.03879,0.02162,0.01418,0.01681,0.07627,0.0,0.01786,0.0,0.00641,0.01653
CNODark_Individual:48,0.00716,0.02602,0.03089,0.01201,0.02381,0.04192,0.01081,0.01914,0.02762,0.01439,0.01569,0.00521,0.06522
CNODark_Individual:4;,0.0,0.01116,0.01326,0.05098,0.01117,0.0566,0.01449,0.00746,0.01418,0.00806,0.00595,0.01282,0.01961
CNODark_Individual:40,0.00336,0.0339,0.01724,0.01333,0.0,0.0,0.04167,0.01639,0.0,0.00952,0.0,0.0,0.0
CNODark_Individual:41,0.02083,0.032,0.01835,0.01942,0.02857,0.01408,0.0,0.0,0.01786,0.01266,0.0,0.0,0.0
CNODark_Individual:42,0.00446,0.00909,0.01111,0.01754,0.02286,0.01705,0.04545,0.02532,0.05155,0.00735,0.0102,0.00917,0.01563
CNODark_Individual:43,0.00826,0.02941,0.04167,0.01818,0.04135,0.05778,0.02105,0.01266,0.0,0.05806,0.03226,0.01523,0.01299
CNODark_Individual:44,0.00272,0.00602,0.0,0.0,0.00935,0.0,0.02326,0.0,0.0,0.0,0.0,0.0,0.03261
CNODark_Individual:45,0.01863,0.03788,0.0,0,0.04286,0.02899,0.04348,0.01299,0.0,0.0,0.02353,0.01299,0.0
CNODark_Individual:46,0.0,0.0026,0.0,0.00948,0.02055,0.0,0.0,0.00592,0.0,0.0069,0.02857,0.02239,0.0
CNODark_Individual:47,0.00394,0.0,0.00408,0.0099,0.03571,0.03797,0.0101,0.04839,0.04386,0.04878,0.01587,0.01099,0.04598
CNODark_Individual:2;,0.0,0.01344,0.00478,0.00787,0.03061,0.00926,0.02703,0.07059,0.02542,0.02273,0.01724,0.00709,0.03788
CNODark_Individual:28,0.00685,0.03448,0.0,0.0,0.0,0.0,0.0,0.0,0.0,0.01031,0.0,0.0,0.0
CNODark_Individual:29,0.00746,0.03125,0.04167,0.0,0.01471,0.05882,0.03922,0.0,0.0,0.02174,0.0125,0.04348,0.025
CNODark_Individual:26,0.01042,0.00645,0.02609,0.01869,0.01942,0.0,0.0,0.02703,0.00746,0.0,0.03846,0.02362,0.0404
CNODark_Individual:6;,0.00132,0.0084,0.00795,0.01028,0.0,0.0,0.00407,0.00493,0.0,0.0,0.00565,0.00568,0.01242
CNODark_Individual:24,0.01071,0.01956,0.02326,0.04403,0.02667,0.03797,0.02685,0.00521,0.01274,0.03593,0.02162,0.01887,0.01705
CNODark_Individual:25,0.01072,0.03731,0.04,0.03093,0.03883,0.0,0.0,0.0,0.01163,0.0,0.0,0.09091,0.04762
CNODark_Individual:22,0.00521,0.01047,0.00615,0.01304,0.01531,0.00613,0.0,0.00746,0.02256,0.02439,0.00575,0.01418,0.0
CNODark_Individual:23,0.00305,0.00667,0.00545,0.0146,0.00441,0.0,0.01105,0.02083,0.0069,0.01361,0.0,0.0,0.0
CNODark_Individual:20,0.01035,0.01247,0.05854,0.03158,0.0524,0.03448,0.0531,0.02941,0.0,0.0,0.02703,0.0,0.0
CNODark_Individual:21,0.00896,0.01266,0.07534,0.02439,0.04965,0.0438,0.02098,0.01695,0.04459,0.04065,0.03788,0.01439,0.02381
CNODark_Individual:34,0.00174,0.0,0.00963,0.03125,0.02381,0.02344,0.02459,0.03497,0.00735,0.01515,0.0219,0.01351,0.01887
CNODark_Individual:38,0.00419,0.0022,0.01079,0.0,0.0,0.00752,0.01136,0.0,0.0,0.0102,0.0,0.00893,0.00559
CNODark_Individual:35,0.00593,0.00385,0.00741,0.01527,0.00847,0.01923,0.0202,0.0,0.01653,0.0,0.0,0.0,0.0
CNODark_Individual:27,0.0,0.00337,0.00532,0.00581,0.01205,0.02479,0.01869,0.02752,0.0,0.02299,0.01075,0.03774,0.00862
CNODark_Individual:11,0.0058,0.02141,0.02395,0.02051,0.00613,0.03101,0.02941,0.01515,0.0,0.03448,0.0,0.0,0.02581
CNODark_Individual:37,0.0,0.00812,0.00204,0.00545,0.0,0.0,0.0,0.01163,0.0,0.0,0.01163,0.0,0.01111
CNODark_Individual:36,0.00447,0.03158,0.02143,0.02098,0.0,0.01439,0.00752,0.0,0.0,0.00806,0.03448,0.01333,0.01754
CNODark_Individual:5;,0.00159,0.00686,0.00305,0.0,0.01389,0.0,0.01852,0.0,0.01242,0.0,0.01527,0.0084,0.01587
CNODark_Individual:9;,0.00167,0.01616,0.02133,0.04184,0.04255,0.06977,0.05405,0.04688,0.03279,0.0,0.02239,0.05333,0.01724
CNODark_Individual:31,0.00511,0.01053,0.02823,0.01325,0.03077,0.04211,0.00917,0.03571,0.03125,0.0,0.04545,0.0,0.04167
CNODark_Individual:30,0.00962,0.00434,0.00279,0.01141,0.0,0.00595,0.0,0.005,0.0,0.01399,0.0,0.0,0.0
CNODark_Individual:1;,0.0052,0.00913,0.00228,0.00203,0.01826,0.01544,0.0,0.00485,0.0122,0.0,0.0,0.01875,0.00621
CNODark_Individual:19,0.0022,0.00394,0.0,0.01695,0.0,0.0,0.0,0.0,0.0,0.0,0.0,0.01852,0.0
CNODark_Individual:18,0.0,0.0,0.0,0.0,0.0,0.02174,0.0,0.01136,0.0,0.0,0.0,0.0,0.0
CNODark_Individual:39,0.00568,0.04762,0.01639,0.0202,0.0,0.0,0.0,0.06667,0.02985,0.02381,0.0,0.0,0.02286
CNODark_Individual:33,0.00219,0.00615,0.0,0.02632,0.00909,0.00813,0.03636,0.01695,0.00909,0.0315,0.01042,0.0177,0.0102
CNODark_Individual:3;,0.00145,0.00755,0.0099,0.0,0.01024,0.00439,0.00465,0.0045,0.0042,0.0,0.01327,0.00784,0.00794
CNODark_Individual:32,0.02183,0.0381,0.0,0.05,0.00943,0.0,0.01389,0.0,0.0,0.0,0.0,0.0,0.0
CNODark_Individual:13,0.00737,0.03822,0.00621,0.02344,0.03061,0.0177,0.0137,0.02041,0.02885,0.00926,0.02439,0.01064,0.0
CNODark_Individual:12,0.0015,0.00587,0.00244,0.0,0.00837,0.01327,0.0,0.0,0.0184,0.0,0.0,0.0082,0.01852
CNODark_Individual:7;,0.01254,0.03049,0.07006,0.03597,0.0,0.05479,0.05056,0.03681,0.04278,0.01961,0.0283,0.0125,0.03409
CNODark_Individual:10,0.0,0.00551,0.01914,0.05738,0.05512,0.01709,0.01754,0.0229,0.04082,0.0198,0.02632,0.01075,0.02778
CNODark_Individual:17,0.00781,0.03867,0.04124,0.02907,0.01802,0.01235,0.0,0.0,0.01515,0.04,0.0625,0.0,0.0
CNODark_Individual:16,0.00267,0.0093,0.0,0.01235,0.0,0.0,0.02778,0.01136,0.0,0.01176,0.025,0.0,0.01299
CNODark_Individual:15,0.00278,0.01493,0.01163,0.01205,0.0,0.0122,0.0,0.0,0.00725,0.00752,0.02469,0.01075,0.0
CNODark_Individual:14,0.00154,0.0,0.00627,0.0,0.00552,0.00645,0.0,0.01863,0.0,0.00606,0.0,0.00641,0.01923
HaloperidolDark_Individual:8;,0.00935,0.03595,0.02703,0.00481,0.03297,0.01667,0.01794,0.01143,0.0,0.0,0.00526,0.02752,0.02614
HaloperidolDark_Individual:48,0.00678,0.03257,0.02143,0.03333,0.02857,0.04762,0.0,0.0,0.0,0.0,0.0,0.0,0.0
HaloperidolDark_Individual:4;,0.00163,0.00334,0.01145,0.01115,0.03093,0.00913,0.01667,0.00565,0.01154,0.00295,0.01266,0.01805,0.05114
HaloperidolDark_Individual:40,0.00331,0.02078,0.00225,0.01345,0.00505,0.00408,0.0,0.01493,0.01124,0.0,0.0,0.0,0.0
HaloperidolDark_Individual:41,0.00114,0.00712,0.0,0.00699,0,0.01639,0.0,0.0,0.0,0.0,0.0098,0.01389,0.0
HaloperidolDark_Individual:42,0.01103,0.02913,0.02232,0.04577,0.05729,0.02622,0.02927,0.024,0.04348,0.06748,0.01064,0.0315,0.03876
HaloperidolDark_Individual:43,0.00129,0.00638,0.0,0.00444,0.0,0.0,0.0,0.0,0.00613,0.0,0.00524,0.0289,0.01212
HaloperidolDark_Individual:44,0.00526,0.00768,0.03571,0.09756,0.02941,0.02083,0.01905,0.00617,0.0,0.01205,0.0,0.0125,0.01087
HaloperidolDark_Individual:45,0.0045,0.01045,0.01152,0.01167,0.0084,0.02326,0.0,0.0,0.00699,0.01205,0.0,0.0,0.0
HaloperidolDark_Individual:46,0.00386,0.00174,0.00434,0.01033,0.0,0.0,0.0,0.00889,0.0,0.00901,0.0,0.0,0.0
HaloperidolDark_Individual:47,0.00275,0.00173,0.0026,0.0,0.0068,0.0,0.0,0.0,0.0,0.0098,0.03226,0.0,0.02
HaloperidolDark_Individual:2;,0.03151,0.03342,0.01771,0.03264,0.03714,0.02211,0.00879,0.01559,0.00545,0.01325,0.02232,0.01186,0.00633
HaloperidolDark_Individual:28,0.01467,0.00637,0.0,0.01053,0.02083,0.0,0.01754,0.01288,0.01159,0.02454,0.0751,0.03529,0.01316
HaloperidolDark_Individual:29,0.03167,0.01667,0.01205,0.02424,0.0,0.03371,0.0,0.01575,0.01124,0.01653,0.00901,0.0,0.0339
HaloperidolDark_Individual:26,0.04779,0.03681,0.22222,0.02597,0.0119,0.01274,0.11111,0.0,0,1.0,0,0,0
HaloperidolDark_Individual:6;,0.00843,0.00667,0.00752,0.01316,0.01136,0.0,0.01124,0.22693,0.00855,0.02091,0.00962,0.0,0.03061
HaloperidolDark_Individual:24,0.00111,0.00552,0.02332,0.01205,0.02778,0.02116,0.00483,0.0122,0.01205,0.0,0.0,0.0068,0.02548
HaloperidolDark_Individual:25,0.00965,0.00651,0.0,0.0201,0.00429,0.02532,0.00485,0.00917,0.0,0.00357,0.0,0.0,0.01717
HaloperidolDark_Individual:22,0.0,0.00475,0.0,0.0,0.0,0.016,0.0042,0.0,0.0,0.00602,0.0,0.01408,0.0069
HaloperidolDark_Individual:23,0.0,0.0,0.00581,0.00389,0.00443,0.0,0.0,0.0122,0.00893,0.0,0.0049,0.0,0.0
HaloperidolDark_Individual:20,0.0044,0.00496,0.00489,0.0039,0.00216,0.00308,0.0,0.008,0.00481,0.0,0.01422,0.0,0.0
HaloperidolDark_Individual:21,0.0,0.00508,0.00726,0.01484,0.00547,0.00499,0.00315,0.01465,0.02586,0.01042,0.00581,0.00621,0.0
HaloperidolDark_Individual:34,0.00584,0.01647,0.02968,0.05234,0.02793,0.0,0.01942,0.0,0.01439,0.01124,0.02326,0.01961,0.03175
HaloperidolDark_Individual:38,0.0,0.00148,0.00612,0.00852,0.00521,0.01639,0.0098,0.0102,0.0,0.02703,0.0,0.0087,0.01575
HaloperidolDark_Individual:35,0.00506,0.00264,0.00385,0.00783,0.00998,0.00897,0.00444,0.0,0.01282,0.00676,0.03955,0.01235,0.01299
HaloperidolDark_Individual:27,0.00999,0.0137,0.01034,0.00786,0.01141,0.02771,0.01136,0.01478,0.00368,0.00866,0.01676,0.0,0.02
HaloperidolDark_Individual:11,0.00388,0.01799,0.00376,0.01429,0.00585,0.01282,0.01154,0.00667,0.0,0.0,0.05,0.02069,0.03093
HaloperidolDark_Individual:37,0.01338,0.03145,0.02419,0.01987,0.03311,0.05556,0.08333,0.05769,0.02564,0.04478,0.03788,0.03053,0.02797
HaloperidolDark_Individual:36,0.02234,0.00826,0.03146,0.02926,0.02184,0.0198,0.01887,0.00526,0.00469,0.00645,0.0098,0.01351,0.00568
HaloperidolDark_Individual:5;,0.01473,0.01877,0.02503,0.00878,0.01083,0.00589,0.0,0.00392,0.00721,0.0052,0.00781,0.00399,0.00526
HaloperidolDark_Individual:9;,0.00141,0.00609,0.00878,0.00973,0.01639,0.01778,0.0,0.0,0.01563,0.0,0.01818,0.01053,0.0122
HaloperidolDark_Individual:31,0.00964,0.01031,0.00339,0.00839,0.00276,0.00595,0.0,0.0,0.00823,0.00741,0.0,0.00529,0.0
HaloperidolDark_Individual:30,0.01986,0.01016,0.01066,0.01134,0.01014,0.00786,0.01255,0.02679,0.02247,0.01955,0.0209,0.016,0.021
HaloperidolDark_Individual:1;,0.0112,0.01393,0.01155,0.00575,0.00678,0.01579,0.01136,0.00189,0.02747,0.01852,0.02477,0.04167,0.02867
HaloperidolDark_Individual:19,0.0,0.0,0.008,0.00948,0.00562,0.02206,0.0,0.0,0.0,0.0,0.01418,0.0,0.0
HaloperidolDark_Individual:18,0.00499,0.02105,0.00415,0.02747,0.01299,0.0,0.0087,0.01802,0.01681,0.03704,0.04587,0.03846,0.00952
HaloperidolDark_Individual:39,0.003,0.00354,0.00239,0.01026,0.00392,0.0,0.00676,0.02655,0.02564,0.01075,0.0,0.00719,0.00917
HaloperidolDark_Individual:33,0.01316,0.01154,0.02817,0.01053,0.02532,0.05,0.0495,0.0,0.0099,0.0099,0.01333,0.0177,0.0
HaloperidolDark_Individual:3;,0.04681,0.04596,0.01982,0.03064,0.01928,0.01385,0.01829,0.0163,0.00464,0.0061,0.02609,0.05797,0.11194
HaloperidolDark_Individual:32,0.00691,0.01058,0.01304,0.00459,0.02439,0.0,0.00498,0.02959,0.01695,0.01515,0.00704,0.02469,0.0
HaloperidolDark_Individual:13,0.00917,0.00883,0.01835,0.0,0.04,0.0339,0.0,0.0,0.01136,0.0,0.24115,0.01667,0.01299
HaloperidolDark_Individual:12,0.00549,0.00923,0.00319,0.0081,0.008,0.0,0.01156,0.0,0.00568,0.02198,0.0,0.0,0.01136
HaloperidolDark_Individual:7;,0.01501,0.01227,0.01932,0.03142,0.01489,0.02114,0.00962,0.01639,0.01272,0.01173,0.03571,0.01093,0.0565
HaloperidolDark_Individual:10,0.00649,0.01985,0.02372,0.02597,0.04094,0.02727,0.04478,0.06757,0.06522,0.05263,0.06122,0.01351,0.0
HaloperidolDark_Individual:17,0.00324,0.00792,0.01217,0.01227,0.00325,0.01224,0.01422,0.01792,0.0,0.00439,0.01136,0.00571,0.0
HaloperidolDark_Individual:16,0.00174,0.00692,0.00907,0.01342,0.0315,0.03265,0.0,0.00995,0.01031,0.00617,0.01205,0.00625,0.01124
HaloperidolDark_Individual:15,0.00407,0.00855,0.00734,0.00429,0.01235,0.01515,0.02073,0.0051,0.00862,0.0099,0.0,0.00775,0.02679
HaloperidolDark_Individual:14,0.0,0.0,0.00561,0.00293,0.03125,0.03226,0.0,0.01639,0.0,0.00529,0.0,0.00694,0.0073
NDMCDark_Individual:8;,0.02036,0.0,0.01734,0.0119,0.01299,0.01587,0.0,0.01163,0.0,0.0,0.0,0.0,0.0
NDMCDark_Individual:48,0.0086,0.00182,0.0,0.0,0.20697,0.0,0.0,0.02128,0.0,0.0,0.0,0.02381,0.0
NDMCDark_Individual:4;,0.0,0.0,0.0,0.09091,0.0,0.0,0.0,0.10526,0.0,0,0,0.07317,0.0
NDMCDark_Individual:40,0.00762,0.02555,0.02251,0.02916,0.02439,0.03064,0.02766,0.01167,0.00752,0.0,0.02058,0.00621,0.0
NDMCDark_Individual:41,0.00634,0.00364,0.00248,0.00567,0.01342,0.01413,0.01558,0.0,0.01878,0.00459,0.0,0.0,0.0
NDMCDark_Individual:42,0.03008,0.01923,0.0,0,0,0.0,0.01587,0.0,0.0,0.0,0.0,0,0.0
NDMCDark_Individual:43,0.02114,0.01102,0.01075,0.01623,0.00573,0.01325,0.0,0.0,0.0,0.0,0.0,0.0,0.01351
NDMCDark_Individual:44,0.00676,0.00503,0.00661,0.00322,0.00347,0.00209,0.00461,0.00671,0.01111,0.0,0.0,0.0,0.01786
NDMCDark_Individual:45,0.01051,0.01654,0.00744,0.0069,0.00877,0.0,0.0,0.0,0.0,0.0,0.01449,0.0,0.00952
NDMCDark_Individual:46,0.0,0.0183,0.00681,0.00782,0.0104,0.01622,0.02667,0.01887,0.0,0.0,0.0,0.0,0.0
NDMCDark_Individual:47,0.00282,0.00861,0.00154,0.00971,0.00802,0.0,0.00645,0.008,0.0,0.0,0.0,0.0,0.0
NDMCDark_Individual:2;,0.01149,0.02482,0.00889,0.01106,0.00775,0.0,0.0,0.0,0.0,0.0,0.0,0.14286,0.02564
NDMCDark_Individual:28,0.00564,0.0,0.00417,0.0,0.0,0.0,0.01163,0.0,0.0,0.0,0.0625,0.0,0.07143
NDMCDark_Individual:29,0.01523,0.0125,0.0,0.01923,0.0,0.0,0.0,0.04,0.0,0.21144,0.2024,0.21771,0.0
NDMCDark_Individual:26,0.0,0.00772,0.01047,0.01744,0.03448,0.0,0.0045,0.0,0.0,0.0,0,0.0,0.0
NDMCDark_Individual:6;,0.00674,0.00298,0.0067,0.00335,0.01045,0.01156,0.00485,0.00962,0.01575,0.01887,0.01235,0.01739,0.0
NDMCDark_Individual:24,0.00304,0.01375,0.00741,0.02724,0.0,0.0,0.01,0.02667,0.01754,0.0202,0.01316,0.0,0.00709
NDMCDark_Individual:25,0.01156,0.0101,0.01379,0.00462,0.01928,0.00983,0.00765,0.01475,0.01613,0.05405,0.0,0.01676,0.00629
NDMCDark_Individual:22,0.0038,0.01985,0.03346,0.01485,0.02658,0.0,0.00855,0,0.0,0.0,0.01205,0.0,0.2462
NDMCDark_Individual:23,0.01914,0.01897,0.01359,0.01227,0.0188,0.01274,0.01047,0.02308,0.02479,0.01087,0.0,0.01299,0.00676
NDMCDark_Individual:20,0.00866,0.02029,0.00716,0.00625,0.0,0.0,0.0,0.0,0.0,0.0,0.0,0.02532,0.0
NDMCDark_Individual:21,0.01538,0.0,0,0.0,0,0.2317,0.02083,0.19942,0.25,0.0,0.19672,0,0.0
NDMCDark_Individual:34,0.00731,0.00554,0.01216,0.00915,0.0203,0.02655,0.01235,0.02041,0.00699,0.05319,0.0,0.03158,0.03947
NDMCDark_Individual:38,0.00791,0.00344,0.01157,0.01705,0.00823,0.0,0.0,0.00917,0.0,0.02804,0.0,0.0,0.0
NDMCDark_Individual:35,0.0108,0.02206,0.0155,0.0198,0.0396,0.01515,0.03093,0.02632,0.01739,0.02778,0.0202,0.0,0.0
NDMCDark_Individual:27,0.0,0,0.22234,0.1982,0.0,0.0,0.0,0.0,0.0,0.11111,1.0,0.0,0.0
NDMCDark_Individual:11,0.02358,0,0,1.0,0,0.0,0.0,0.0,0.01163,0.00395,0.00441,0.0,0.0
NDMCDark_Individual:37,0.00809,0.02231,0.02752,0.0051,0.0,0.0,0.0,0.0,0.08333,0.0,0.0,0.0274,0.01053
NDMCDark_Individual:36,0.00655,0.01574,0.0167,0.02254,0.00504,0.00371,0.01168,0.02,0.01266,0.00441,0.005,0.00417,0.0073
NDMCDark_Individual:5;,0.00218,0.00723,0.00705,0.00814,0.02342,0.01172,0.01167,0.01299,0.0,0.0,0.0,0.01163,0.0
NDMCDark_Individual:9;,0.01961,0.01103,0.03119,0.01731,0.01278,0.02802,0.0119,0.0122,0.0,0.0,0.0,0.02041,0.0
NDMCDark_Individual:31,0.00588,0.00622,0.02051,0.0,0.05556,0.08696,0.04348,0.02439,0.0,0.0,0.0,0.0,0.0
NDMCDark_Individual:30,0.02326,0.0,0.00758,0.0,0.0,0.0,0,0.04167,0.03226,0.0,0.0,0.0,0.0
NDMCDark_Individual:1;,0.01685,0.01577,0.00768,0.01468,0.01314,0.01716,0.01754,0.05,0.0,0.33333,0.0,0.0,0.07692
NDMCDark_Individual:19,0.01091,0.03509,0.01863,0.03738,0.01449,0.0061,0.00893,0.01408,0.0,0.01676,0.0,0.00781,0.0
NDMCDark_Individual:18,0.0051,0.00241,0.01802,0.01212,0.0,0.0,0.0,0.01818,0.10345,0.0,0.0,0.0,0.01961
NDMCDark_Individual:39,0.00809,0.00102,0.00798,0.0016,0.00364,0.01493,0.0625,0.0,0.01389,0.0,0.01333,0.0,0.0
NDMCDark_Individual:33,0.00778,0.00837,0.0043,0.00861,0.01156,0.0,0.01538,0.0303,0.0,0.0,0.0,0.0,0.0
NDMCDark_Individual:3;,0.00789,0.01245,0.01499,0.01373,0.01429,0.0,0.02174,0.0,0.01639,0.0,0.0,0.025,0.01887
NDMCDark_Individual:32,0.01261,0.01842,0.01489,0.01258,0.00704,0,0.0625,0.1875,0.0,0.0,0.0,0.0,0.0
NDMCDark_Individual:13,0.00329,0.00888,0.00594,0.01093,0.0114,0.00588,0.0092,0.01382,0.00905,0.00472,0.00257,0.00369,0.00595
NDMCDark_Individual:12,0.01083,0.01282,0.02849,0.01632,0.01804,0.0,0.0,0.04348,0.02326,0.0,0.0,0.01667,0.01149
NDMCDark_Individual:7;,0.01132,0.00977,0.00508,0.01515,0.0,0.18182,0.01111,0.0,0.0,0.14067,0,0.04762,0.2019
NDMCDark_Individual:10,0.01071,0.00522,0.01416,0.01007,0.00725,0.00481,0.0,0.00413,0.00296,0.00694,0.01648,0.00625,0.0
NDMCDark_Individual:17,0.00504,0.00804,0.01855,0.01721,0.00871,0.00277,0.05128,0.01,0.0,0,0,0,0.0
NDMCDark_Individual:16,0.01014,0.00221,0.0022,0.00126,0.00681,0.00418,0.00805,0.00685,0.01176,0.00769,0.0,0.0,0.00738
NDMCDark_Individual:15,0.0,0.00743,0.0118,0.0,0.0117,0.0,0.00559,0.00833,0.0,0.0,0,0.07895,0.01205
NDMCDark_Individual:14,0.00974,0.00641,0.0,0.00789,0.01058,0.00282,0.0,0.0,0.0,0.0,0.0,0.0,0.0
NDMCHighDark_Individual:8;,0.00873,0.00887,0.0119,0.0,0.0,0.0,0.0,0.01149,0.0,0.04082,0.0102,0.00559,0.01923
NDMCHighDark_Individual:48,0.00318,0.00149,0.00696,0.01613,0.0,0.0069,0.01053,0.00813,0.0,0.0,0.0,0.0,0.0
NDMCHighDark_Individual:4;,0.02326,0.03943,0.02174,0.01143,0.02051,0.01325,0.0,0.0,0.01053,0.00862,0.0,0.01136,0.0
NDMCHighDark_Individual:40,0.03636,0.02135,0.0,0.0,0.24515,0.0,0.0,0.0,0.0,0.00565,0.0,0.0,0.01081
NDMCHighDark_Individual:41,0.00341,0.01613,0.0,0,0.0,0.0,0.0,0,0.02857,0.03333,0.00826,0.0,0.0
NDMCHighDark_Individual:42,0.02009,0.02567,0.01587,0.01601,0.00922,0.01099,0.01167,0.00339,0.00377,0.00505,0.00559,0.00637,0.01005
NDMCHighDark_Individual:43,0.0,0.00214,0.0,0.0,0.00714,0.0,0.0,0.00917,0.0,0.0,0.05263,0.0,0.0
NDMCHighDark_Individual:44,0.00209,0.0078,0.00693,0.00257,0.02203,0.01345,0.00336,0.00262,0.0038,0.0033,0.0,0.00331,0.00694
NDMCHighDark_Individual:45,0.00587,0.00691,0.0,0.0,0.0,0.00515,0.00806,0.01183,0.0,0.02198,0.0,0.0,0.0
NDMCHighDark_Individual:46,0.00174,0.00592,0.01,0.0,0.0,0.01389,0.0,0.00826,0.0,0.0,0.0,0.0,0.0
NDMCHighDark_Individual:47,0.00367,0.00851,0.0,0.0,0.0,0.0,0.00909,0.0,0.0,0.0,0.0,0.01111,0.0068
NDMCHighDark_Individual:2;,0.02639,0.0,0.0,0.01351,0.0,0.0,0.0,0.00985,0.01099,0.01796,0.0,0.01563,0.00329
NDMCHighDark_Individual:28,0.01626,0.0,0.0084,0.00495,0.00513,0.00392,0.01117,0.00424,0.00581,0.0,0.0,0.00565,0.01015
NDMCHighDark_Individual:29,0.00685,0.0,0.00775,0.0069,0.00962,0.0101,0.0,0.0,0.00606,0.0,0.00694,0.0,0.00637
NDMCHighDark_Individual:26,0.00552,0.01261,0.02488,0.0,0.00833,0.01258,0.0,0.0,0.0,0.00971,0.01399,0.0,0.01613
NDMCHighDark_Individual:6;,0.01536,0.01961,0.00439,0.0,0.03333,0.0283,0.025,0.0045,0.0,0.00714,0.00725,0.0,0.0
NDMCHighDark_Individual:24,0.00673,0.01744,0.01022,0.00877,0.00435,0.01596,0.01422,0.01415,0.015,0.00568,0.00498,0.00395,0.00629
NDMCHighDark_Individual:25,0.02295,0,0.0,0.02041,0.0,0.0,0.0,0.0,0.0,0.01042,0.0,0.0,0.0
NDMCHighDark_Individual:22,0.00156,0.00977,0.00836,0.02974,0.01333,0.02339,0.01379,0.00488,0.0,0.01961,0.0,0.02299,0.01863
NDMCHighDark_Individual:23,0.01058,0.01006,0.00737,0.0132,0.01508,0.0,0.02158,0.00552,0.02586,0.02542,0.00813,0.01835,0.02703
NDMCHighDark_Individual:20,0.0028,0.00164,0.00402,0.0,0.01533,0.00369,0.0,0.00357,0.0,0.00503,0.0,0.00873,0.00446
NDMCHighDark_Individual:21,0.00407,0.01201,0.00334,0.0068,0.0,0.00962,0.07692,0.0,0.01887,0.01408,0.0,0.0,0.09091
NDMCHighDark_Individual:34,0.00382,0.01304,0.00303,0.00373,0.00524,0.0,0.02041,0.01709,0.01351,0.0202,0.08889,0.0303,0.03185
NDMCHighDark_Individual:38,0.01235,0.0198,0.01149,0.00787,0.0,0.0061,0.0068,0.0,0.0,0.00847,0.00855,0.0,0.005
NDMCHighDark_Individual:35,0.02708,0.03812,0.01345,0.00893,0.00654,0.04202,0.01307,0.01005,0.03125,0.008,0.02326,0.0,0.0073
NDMCHighDark_Individual:27,0.01773,0.025,0.0,0.05882,0.0,0.0,0.0,0.0,0.0,0.0,0.01333,0.0,0.01754
NDMCHighDark_Individual:11,0.01411,0.01145,0.02747,0.16667,0,0.0,0.0,0.0,0.0,0.0,0.0,0.0,0.0
NDMCHighDark_Individual:37,0.00611,0.01078,0.00617,0.02521,0.0,0,0.19114,0,0.0,0,0.03077,0.01923,0.00847
NDMCHighDark_Individual:36,0.01508,0.01698,0.01208,0.0,0.0,0.02105,0.0,0.05263,0.0,0.0,0.0,0.0,0.0
NDMCHighDark_Individual:5;,0.01301,0.02265,0.02703,0.02174,0.02069,0.0,0.0283,0.00847,0.00704,0.02459,0.01282,0.02941,0.00926
NDMCHighDark_Individual:9;,0.01009,0.00278,0.0023,0.00268,0.0121,0.00382,0.00602,0.02058,0.00833,0.0,0.0,0.01333,0.0
NDMCHighDark_Individual:31,0.00574,0.01713,0.01031,0.00505,0.025,0.02174,0.0099,0.0,0.01905,0.03448,0.0,0.0,0.0
NDMCHighDark_Individual:30,0.01171,0.01818,0.0291,0.03139,0.03684,0.00858,0.01282,0.01688,0.00568,0.0,0.00719,0.01961,0.01183
NDMCHighDark_Individual:1;,0.02733,0.0409,0.05023,0.02655,0.00787,0.00952,0.00472,0.00395,0.01149,0.00629,0.00662,0.02174,0.0083
NDMCHighDark_Individual:19,0.00256,0.0019,0.01902,0.00264,0.00606,0.0035,0.01081,0.00452,0.00535,0.00592,0.0,0.01613,0.0
NDMCHighDark_Individual:18,0.00133,0.0118,0.01522,0.01359,0.00862,0.0,0.02286,0.00694,0.00431,0.0,0.00483,0.02158,0.0
NDMCHighDark_Individual:39,0.01116,0.01532,0.21924,0.0,0.00662,0.01031,0.2127,0.05882,0.22621,0.00943,0.0,0.14286,0.01493
NDMCHighDark_Individual:33,0.01626,0.01596,0.01575,0.01149,0.00775,0.01015,0.0099,0.02532,0.00568,0.00595,0.00787,0.0,0.00448
NDMCHighDark_Individual:3;,0.03053,0.01515,0.00896,0.01563,0.00621,0.01026,0.01843,0.00627,0.00422,0.00556,0.0,0.0,0.00503
NDMCHighDark_Individual:32,0.01157,0.01823,0.00556,0.0,0.0,0.0,0.0,0.01942,0.0,0.0,0.0,0.0,0.01111
NDMCHighDark_Individual:13,0.01102,0.01275,0.01273,0.0161,0.01429,0.0,0.00962,0.0,0.0,0.0119,0.00962,0.0,0.0
NDMCHighDark_Individual:12,0.00888,0.01938,0.0,0.0,0.0,0.00714,0.01316,0.0,0.0,0.0129,0.0,0.00613,0.00699
NDMCHighDark_Individual:7;,0.01119,0.01048,0.01365,0.01163,0.0,0.0,0.00606,0.01258,0.02151,0.03604,0.0,0.00813,0.0
NDMCHighDark_Individual:10,0.00575,0.00141,0.00379,0.0,0.01176,0.0,0.02564,0.00373,0.0,0.00521,0.0,0.0,0.0
NDMCHighDark_Individual:17,0.00877,0.02041,0.01087,0.00305,0.0,0.00332,0.01282,0.00719,0.0,0.0,0.0098,0.0,0.0
NDMCHighDark_Individual:16,0.00723,0.00183,0.00889,0.0076,0.00362,0.00597,0.00739,0.00391,0.0,0.00448,0.01875,0.01613,0.0
NDMCHighDark_Individual:15,0.01406,0.01163,0.01942,0.19795,0.0,0.0,0.00418,0.02174,0.01493,0.01299,0.0,0.0,0.0
NDMCHighDark_Individual:14,0.00723,0.01439,0.00901,0.0,0.0,0.0,0.00881,0.00889,0.0,0.00667,0.0,0.0,0.0
OSU6162Dark_Individual:8;,0.00493,0.01205,0.01619,0.0,0.03704,0.0,0.0,0.02778,0.0,0,0.0,0.25,0.0
OSU6162Dark_Individual:48,0.01365,0.01923,0.01908,0.01695,0.0,0.04615,0.01818,0.0,0.0,0.0,0.0,0.02381,0.0
OSU6162Dark_Individual:4;,0.00443,0.01698,0.0297,0.05634,0.09091,0.0,0.0,0.0,0.01786,0.02041,0.0,0.0,0.15
OSU6162Dark_Individual:40,0.01351,0.00404,0.01008,0.00651,0.01053,0.0,0.00714,0.00813,0.0,0.0,0.0,0.0,0.02041
OSU6162Dark_Individual:41,0.00473,0.00287,0.00435,0.00847,0.01124,0.0,0.02174,0.02083,0.0,0.02273,0.01852,0.0,0.0
OSU6162Dark_Individual:42,0.01208,0.00954,0.00641,0.01364,0.01053,0.0,0.0,0.0,0.0,0.0,0.0,0.0,0.0
OSU6162Dark_Individual:43,0.00861,0.00736,0.0148,0.00804,0.00405,0.01064,0.01754,0.00652,0.00427,0.02679,0.0,0.0,0.01852
OSU6162Dark_Individual:44,0.0,0.0,0.00154,0.00494,0.01018,0.00722,0.0,0.0,0.0303,0.03774,0.0,0.0,0.0
OSU6162Dark_Individual:45,0.00244,0.00432,0.00808,0.01887,0.00297,0.01493,0.04762,0.0,0.01887,0.01429,0.0,0.0119,0.00935
OSU6162Dark_Individual:46,0.0,0.00157,0.0,0.00733,0.0,0.0,0.0,0.0,0.0,0.0,0.0,0.0,0.0
OSU6162Dark_Individual:47,0.00414,0.00951,0.01087,0.0155,0.0,0.0146,0.03704,0.0,0,0.0,0.0,0.0,0.0
OSU6162Dark_Individual:2;,0.0073,0.02362,0.00607,0.01049,0.06154,0.0,0.01439,0.0,0.0,0.03175,0.0,0.0,0.0
OSU6162Dark_Individual:28,0.00907,0.00858,0.01667,0.13235,0.06667,0.0,0.0,0.0,0.0,0.0,0.0,0,0.0
OSU6162Dark_Individual:29,0.00916,0.00267,0.00502,0.00384,0.01106,0.00943,0.01235,0.0,0.03774,0.0,0.0,0.0,0.0
OSU6162Dark_Individual:26,0.01077,0.01127,0.0,0.02857,0.04082,0.02564,0.0,0.02564,0.0,0.01754,0.05,0.0,0.02632
OSU6162Dark_Individual:6;,0.00707,0.01087,0.0,0.0,0.0,0.0,0.0,0,0,0.0,0,0.01105,0.0
OSU6162Dark_Individual:24,0.00311,0.01136,0.01154,0.01286,0.0,0.01,0.0119,0.0,0.01676,0.0,0.0,0.04,0.02703
OSU6162Dark_Individual:25,0.00929,0.00875,0.0112,0.01198,0.0,0.0,0.03488,0.0,0.0,0,0.0,0,0.0
OSU6162Dark_Individual:22,0.004,0.00285,0.00332,0.00468,0.0,0.0,0.0,0.0,0.0,0.01429,0.0,0.0,0.0
OSU6162Dark_Individual:23,0.0082,0.01007,0.00581,0.00929,0.0,0.0,0.0,0.01905,0.01724,0.05556,0.0,0.0,0.01087
OSU6162Dark_Individual:20,0.01179,0.00357,0.00196,0.0,0.00263,0.00526,0.0,0.0,0.0,0.1,0.0,0.0,0.0
OSU6162Dark_Individual:21,0.0075,0.01386,0.02559,0.02365,0.0625,0.08421,0.07143,0.12162,0.05797,0.06122,0.04651,0.06154,0.06
OSU6162Dark_Individual:34,0.00867,0.00785,0.01145,0.00912,0.00692,0.00549,0.00926,0.0,0.0,0.00781,0.0,0.0,0.0
OSU6162Dark_Individual:38,0.00385,0.00762,0.0,0.0,0.03165,0.0,0.0,0.0,0.0,0.0,0.0,0.0,0.0
OSU6162Dark_Individual:35,0.00623,0.00318,0.01228,0.00645,0.02687,0.02542,0.01117,0.0,0.02516,0.00813,0.03101,0.01709,0.00826
OSU6162Dark_Individual:27,0.0,0.00251,0.00549,0.0241,0.01408,0.0,0.0,0.01111,0.01316,0.01639,0.0,0.02564,0.0
OSU6162Dark_Individual:11,0.00668,0.01274,0.00775,0.01728,0.02198,0.0,0.00971,0.02985,0.0,0.0,0.0,0.0,0.0
OSU6162Dark_Individual:37,0.00121,0.00335,0.00127,0.00824,0.0,0.00439,0.01794,0.00444,0.0,0.00581,0.0,0.0,0.00391
OSU6162Dark_Individual:36,0.00315,0.01426,0.00557,0.03614,0.0,0.0,0.0,0.0,0.0,0.02469,0.0,0.0,0.0
OSU6162Dark_Individual:5;,0.00599,0.0096,0.02597,0.01359,0.00794,0.0,0.00926,0.00885,0.01905,0.02222,0.0,0.00763,0.0
OSU6162Dark_Individual:9;,0.00149,0.01088,0.00769,0.01751,0.01767,0.01786,0.0,0.01818,0.0,0.0,0.01852,0.0,0.0
OSU6162Dark_Individual:31,0.00885,0.0043,0.00478,0.01653,0.01355,0.0,0.0,0.0,0.01429,0.0,0.0,0.0,0.0
OSU6162Dark_Individual:30,0.00685,0.00223,0.00465,0.01205,0.0,0.02083,0.02564,0.0,0.0,0.0,0.0,0.0303,0.0
OSU6162Dark_Individual:1;,0.0,0.0,0.0,0.01754,0.0,0.0,0.0,0.0,0.0,0.0,0.01408,0.0,0.01786
OSU6162Dark_Individual:19,0.00325,0.01012,0.01781,0.01221,0.00461,0.0,0.0,0.0,0.01042,0.0,0.01724,0.0,0.01493
OSU6162Dark_Individual:18,0.00756,0.00251,0.00735,0.01354,0.01313,0.01848,0.0199,0.01361,0.02564,0.02353,0.01818,0.0,0.01333
OSU6162Dark_Individual:39,0.00688,0.00503,0.0116,0.00912,0.00481,0.00935,0.0,0.0,0.0,0.00483,0.0,0.0122,0.0
OSU6162Dark_Individual:33,0.00312,0.01108,0.01248,0.00597,0.0,0.0,0.0411,0.02703,0.0137,0.01429,0.02532,0.02083,0.0
OSU6162Dark_Individual:3;,0.05202,0.01961,0.03503,0.04545,0.06418,0.07273,0.04661,0.12941,0.03937,0.09714,0.12022,0.05072,0.06122
OSU6162Dark_Individual:32,0.0,0.0055,0.0271,0.00601,0.0,0.01639,0.0,0.0,0.0,0.02703,0.02353,0.0,0.02128
OSU6162Dark_Individual:13,0.00147,0.00375,0.0,0.00338,0.00704,0.0,0.00735,0.00645,0.01266,0.0,0.0,0.03125,0.0129
OSU6162Dark_Individual:12,0.00268,0.0067,0.00631,0.01354,0.00455,0.0,0.0,0.02439,0.0,0.0,0.01623,0.0,0.0
OSU6162Dark_Individual:7;,0.00105,0.00382,0.0,0.0039,0.00289,0.00424,0.00621,0.01667,0.00901,0.0098,0.0,0.0,0.0
OSU6162Dark_Individual:10,0.00501,0.00612,0.00246,0.0027,0.00183,0.00538,0.0,0.0,0.0,0.01087,0.01042,0.0,0.0
OSU6162Dark_Individual:17,0.00919,0.0015,0.00237,0.02092,0.01408,0.0,0.0082,0.01613,0.01333,0.0,0.0,0.0,0.01075
OSU6162Dark_Individual:16,0.00952,0.01022,0.01907,0.00937,0.01087,0.02308,0.01351,0.01389,0.0,0.0,0.0,0.0,0.0
OSU6162Dark_Individual:15,0.00179,0.0,0.0,0.0,0.0,0,0,0.24023,0.0,0.0,0.12903,0.0,0.0
OSU6162Dark_Individual:14,0.00361,0.00231,0.01338,0.0023,0.00664,0.0186,0.01143,0.0,0.0,0.0,0.0,0.04545,0
PCAP1Dark_Individual:8;,0.01412,0.025,0.18164,1.0,0.0,0.0,0.0,0.0,0.0,0.0,0.0,0.21203,0.0
PCAP1Dark_Individual:48,0.00697,0.01342,0.0,0.0,0.0,0.00699,0.0,0.0,0.00621,0.0,0.00585,0.00562,0.00521
PCAP1Dark_Individual:4;,0.0,0.00649,0.00671,0.01923,0.0,0.0,0.0,0.00617,0.03333,0.00641,0.01481,0.0,0.01399
PCAP1Dark_Individual:40,0.00476,0.0,0.0,0.01163,0.0,0.0,0.0,0.00971,0.0,0.02128,0.0,0.0,0.01667
PCAP1Dark_Individual:41,0.0099,0.01163,0.0,0.0,0.0,0.0,0.22254,0.0,0.04167,0.0,0.0,0.1894,0.22303
PCAP1Dark_Individual:42,0.01017,0.02198,0.01408,0.01333,0.02469,0.0,0.0,0.01136,0.01149,0.0,0.01587,0.0,0.02632
PCAP1Dark_Individual:43,0.0094,0.0,0.0,0.0,0.01449,0.02083,0.0,0.0,0.0,0.0,0.05172,0.0,0.03571
PCAP1Dark_Individual:44,0.00786,0.00318,0.02128,0.0,0.0,0.0,0.01064,0.0,0.01205,0.0,0.0,0.00917,0.0
PCAP1Dark_Individual:45,0.01316,0.00901,0.00758,0.00645,0.00602,0.01342,0.0,0.00535,0.0,0.0,0.01274,0.0,0.008
PCAP1Dark_Individual:46,0.00935,0.00752,0.02439,0.0,0.0,0.00714,0.0,0.00806,0.0155,0.0,0.0087,0.0,0.0082
PCAP1Dark_Individual:47,0.00801,0.00971,0.01587,0.0,0.0,0.0,0.0,0.0,0.0,0.02083,0.03636,0.04,0.01923
PCAP1Dark_Individual:2;,0.00599,0.0,0.01351,0.03333,0.02083,0.02326,0.01,0.01087,0.00952,0.0,0.0069,0.0,0.01266
PCAP1Dark_Individual:28,0.00915,0.0,0.0137,0.008,0.0,0.01961,0.00758,0.0,0.0,0.0,0.01389,0.01149,0.0
PCAP1Dark_Individual:29,0.01181,0.0,0.0069,0.00446,0.00526,0.03061,0.0,0.00833,0.01149,0.00962,0.02273,0.0125,0.03077
PCAP1Dark_Individual:26,0.0,0.0,0.0,0.0,0.0,0.0,0.0,0.02174,0.0,0.00676,0.0,0.0,0.0
PCAP1Dark_Individual:6;,0.00428,0.00885,0.0,0.00559,0.0,0.0,0.0,0.01961,0.01948,0.0,0.0,0.0,0.0
PCAP1Dark_Individual:24,0.01465,0.0,0.02174,0.01333,0.0,0.02597,0.0,0,0.0,0.0137,0.0,0.0,0.0
PCAP1Dark_Individual:25,0.00785,0.01453,0.0,0.0,0.0,0.00592,0.01064,0.01163,0.0,0.0,0.0,0.0,0.0
PCAP1Dark_Individual:22,0.00893,0.01515,0.01333,0.0,0.0,0.0,0.0,0.00962,0.0,0.0,0.0,0.01316,0.0198
PCAP1Dark_Individual:23,0.01269,0.00794,0.0,0.01053,0.01031,0.0,0.00862,0.0,0.0,0.01124,0.0,0.01493,0.03333
PCAP1Dark_Individual:20,0.00151,0.00791,0.0113,0.0,0.00667,0.0073,0.0,0.0,0.00847,0.02128,0.0,0.0,0.00935
PCAP1Dark_Individual:21,0.00185,0.0,0.0,0.01724,0.0,0.00709,0.0,0.00645,0.00775,0.0,0.00526,0.00535,0.0082
PCAP1Dark_Individual:34,0.02059,0.05118,0.0129,0.02674,0.01149,0.00781,0.00524,0.01364,0.0,0.0,0.00877,0.0,0.00699
PCAP1Dark_Individual:38,0.00966,0.0,0.0,0.0,0.0,0.0,0.0,0.0,0.00714,0.0,0.0,0.00602,0.0
PCAP1Dark_Individual:35,0.0,0.04444,0.0,0.03226,0.0,0,0.0,0.01724,0.04444,0.02,0.0,0.0303,0.0241
PCAP1Dark_Individual:27,0.00524,0.01282,0.09804,0.05556,0.03125,0.01163,0.0,0.0,0.0,0.0,0.01471,0.01389,0.0
PCAP1Dark_Individual:11,0.006,0.00465,0.0,0.0,0.0,0.00725,0.00826,0.00833,0.0119,0.0,0.0,0.0,0.00654
PCAP1Dark_Individual:37,0.01702,0.01869,0.02913,0.0292,0.0098,0.00806,0.00735,0.00833,0.0292,0.01361,0.00901,0.02804,0.0431
PCAP1Dark_Individual:36,0.01535,0.01554,0.0,0.0,0.0,0.0,0.01351,0.01639,0.0,0.02817,0.01515,0.0137,0.0
PCAP1Dark_Individual:5;,0.01413,0.0082,0.01504,0.0,0.01333,0.0,0.01504,0.00667,0.0,0.00685,0.0,0.00667,0.00606
PCAP1Dark_Individual:9;,0.01015,0.01754,0.01504,0.0367,0.03226,0.0,0.0,0.0,0.01299,0.01835,0.00952,0.0,0.00877
PCAP1Dark_Individual:31,0.00613,0.0,0.0,0.03125,0.04,0.0,0.06154,0.0,0.01471,0.0,0.0,0.0087,0.0
PCAP1Dark_Individual:30,0.025,0.03604,0.0,0.0303,0.0,0.02041,0.0,0.05556,0.0473,0.0202,0.02941,0.03158,0.0
PCAP1Dark_Individual:1;,0.00797,0.00862,0.0,0.0,0.0,0.00943,0.0,0.0,0.01389,0.0,0.0,0.0,0.00885
PCAP1Dark_Individual:19,0.00945,0.0,0.02963,0.0,0.02273,0.19024,0.00781,0.00901,0.0,0.0068,0.0,0.0,0.0
PCAP1Dark_Individual:18,0.0056,0.0,0.01449,0.01639,0.0,0.01163,0.0,0.01389,0.0339,0.02174,0.0,0.0241,0.0
PCAP1Dark_Individual:39,0.0,0.15625,0.0,0.02381,0.0,0.12121,0.0,0.0,0.0,0.02857,0.1962,0.22104,0.03333
PCAP1Dark_Individual:33,0.00529,0.0,0.0,0.0,0.0,0.0,0.0084,0.0102,0.0,0.00781,0.0,0.0,0.0
PCAP1Dark_Individual:3;,0.0037,0.0,0.00234,0.00401,0.00322,0.0,0.00485,0.01604,0.02105,0.00465,0.0,0.00645,0.0
PCAP1Dark_Individual:32,0.01266,0.11667,0.02817,0.0,0.08621,0.0125,0.0137,0.01266,0.01149,0.00943,0.00862,0.0,0.02778
PCAP1Dark_Individual:13,0.00343,0.01429,0.00621,0.01258,0.00595,0.01471,0.00685,0.00649,0.01563,0.0087,0.0,0.00847,0.00971
PCAP1Dark_Individual:12,0.00606,0.0,0.0,0.0,0.0,0.0,0.0,0.0,0.0,0.01587,0.0,0.0,0.0
PCAP1Dark_Individual:7;,0.0,0.0,0.02564,0.0,0.0,0.0,0.0,0.0,0.0,0.02151,0.0,0.0,0.0625
PCAP1Dark_Individual:10,0.00817,0.0129,0.0,0.00758,0.00472,0.01156,0.0,0.0,0.02424,0.0,0.0,0.01258,0.0
PCAP1Dark_Individual:17,0.01617,0.01376,0.00467,0.0,0.0,0.00847,0.00794,0.01538,0.01149,0.0,0.0,0.00862,0.0
PCAP1Dark_Individual:16,0.0,0.0,0.0,0.0,0.0,0.01087,0.0,0.01389,0.02041,0.02041,0.0,0.0,0.00826
PCAP1Dark_Individual:15,0.0,0.0,0.0,0.01075,0.06579,0.01136,0.0,0.01389,0.0,0.0,0.0,0.02985,0.0
PCAP1Dark_Individual:14,0.00619,0.0,0.0,0.0,0.00741,0.0,0.0,0.00735,0.008,0.01709,0.01325,0.0,0.0
PCAP2Dark_Individual:8;,0.00851,0.02158,0.00814,0.00743,0.01062,0.02358,0.01651,0.0,0.0,0.00752,0.0,0.02857,0.0
PCAP2Dark_Individual:48,0.02558,0.01044,0.01261,0.00822,0.01259,0.02008,0.01918,0.00264,0.03488,0.0,0.0,0.0098,0.00433
PCAP2Dark_Individual:4;,0.00299,0.00333,0.00196,0.01381,0.0117,0.0,0.0,0.02326,0.0,0.0,0.02941,0.00581,0.01587
PCAP2Dark_Individual:40,0.00813,0.01815,0.01131,0.01688,0.00926,0.01875,0.0137,0.0,0.02,0.01042,0.02235,0.02857,0.025
PCAP2Dark_Individual:41,0.00417,0.00199,0.0024,0.0,0.0,0.00397,0.00407,0.00389,0.0,0.0,0.00442,0.00725,0.0
PCAP2Dark_Individual:42,0.00399,0.00682,0.00506,0.00223,0.00273,0.00478,0.00196,0.00529,0.01364,0.01435,0.0,0.0,0.01351
PCAP2Dark_Individual:43,0.01018,0.00511,0.02041,0.01235,0.0,0.01099,0.01105,0.0,0.0,0.00474,0.00552,0.00565,0.0
PCAP2Dark_Individual:44,0.0034,0.00194,0.00904,0.0,0.0,0.0,0.00719,0.03125,0.01818,0.0,0.00826,0.0,0.0
PCAP2Dark_Individual:45,0.00864,0.00879,0.02041,0.01875,0.0,0.00775,0.02548,0.01471,0.0,0.0,0.03846,0.02326,0.0
PCAP2Dark_Individual:46,0.00741,0.05,0.02381,0.01613,0.00847,0.00284,0.01102,0.00296,0.01462,0.00627,0.01045,0.01087,0.01935
PCAP2Dark_Individual:47,0.00193,0.00316,0.00314,0.0175,0.00968,0.01336,0.00371,0.00875,0.00253,0.00794,0.003,0.00461,0.00518
PCAP2Dark_Individual:2;,0.01151,0.03554,0.03226,0.23671,0.04082,0.02381,0.0101,0.04348,0,0,0,0.0,0.0
PCAP2Dark_Individual:28,0.01494,0.01821,0.00488,0.01107,0.012,0.01775,0.00515,0.00599,0.02098,0.00595,0.0,0.00645,0.02041
PCAP2Dark_Individual:29,0.01308,0.00771,0.01147,0.00917,0.0,0.0073,0.0,0.0,0.0,0.00617,0.01563,0.0,0.01266
PCAP2Dark_Individual:26,0.01248,0.01017,0.01075,0.00787,0.02632,0.04839,0.01667,0.04,0.01333,0.02564,0.02,0.0,0.0125
PCAP2Dark_Individual:6;,0.02429,0.04851,0.07895,0.0,0.05769,0.07407,0.13333,0.05714,0.03636,0.0303,0.06944,0.05455,0.12698
PCAP2Dark_Individual:24,0.01935,0.00728,0.00632,0.01726,0.01533,0.03102,0.01852,0.00759,0.03448,0.00629,0.0101,0.02593,0.01345
PCAP2Dark_Individual:25,0.0426,0.03778,0.03846,0.04265,0.00775,0.02232,0.01709,0.0625,0.0597,0.05,0.02353,0.04545,0.05263
PCAP2Dark_Individual:22,0.00685,0.00293,0.00265,0.0,0.0,0.0,0.0,0.0,0.0073,0.00676,0.0,0.0,0.0
PCAP2Dark_Individual:23,0.00115,0.00715,0.00769,0.00602,0.00246,0.01684,0.0,0.00424,0.0041,0.0,0.0,0.00565,0.00493
PCAP2Dark_Individual:20,0.00388,0.01297,0.00372,0.00665,0.00595,0.02301,0.0105,0.02169,0.00426,0.02137,0.01075,0.0184,0.0036
PCAP2Dark_Individual:21,0.00225,0.00448,0.00361,0.00386,0.0,0.00662,0.0,0.00377,0.0,0.00441,0.00463,0.0,0.0
PCAP2Dark_Individual:34,0.01081,0.00865,0.01012,0.00977,0.0099,0.01538,0.025,0.02532,0.0,0.0073,0.01333,0.00676,0.0
PCAP2Dark_Individual:38,0.00412,0.00127,0.0,0.0,0.00498,0.00187,0.00185,0.00194,0.0068,0.0,0.0,0.0,0.0
PCAP2Dark_Individual:35,0.00407,0.00867,0.01103,0.01276,0.01887,0.00351,0.02222,0.00588,0.01914,0.01899,0.00521,0.02857,0.0068
PCAP2Dark_Individual:27,0.00388,0.01663,0.01532,0.01439,0.00623,0.00565,0.01493,0.01099,0.00442,0.00965,0.00667,0.01005,0.00439
PCAP2Dark_Individual:11,0.00276,0.02695,0.04145,0.00752,0.01626,0.02,0.0,0.0,0.01163,0.0,0.0,0.02083,0.0
PCAP2Dark_Individual:37,0.00245,0.00662,0.00922,0.0,0.00112,0.0,0.00513,0.00314,0.0,0.00465,0.0,0.0,0.0073
PCAP2Dark_Individual:36,0.00755,0.01207,0.00699,0.0,0.02174,0.0,0.0,0.0,0.0,0.0,0.0,0.01961,0.0
PCAP2Dark_Individual:5;,0.01337,0.02641,0.02381,0.05556,0.0,0.01099,0.0,0.01786,0.01942,0.03125,0.04225,0.02381,0.04819
PCAP2Dark_Individual:9;,0.00143,0.00256,0.01069,0.01454,0.00283,0.00443,0.01778,0.18928,0,0.05263,0.20115,0.01887,0.0
PCAP2Dark_Individual:31,0.00965,0.01796,0.02881,0.03846,0.0,0.20148,0.0,0.0,0.0,0.0,0.0,0.0,0.0
PCAP2Dark_Individual:30,0.01596,0.00963,0.0,0.21647,0.1,0.19268,0.04762,0.14286,0,0.0303,0.08333,0.23632,0.0
PCAP2Dark_Individual:1;,0.01238,0.02256,0.0,0.0,0.02,0.03846,0.06061,0.01724,0.10256,0.0,0.0,0.0,0.0
PCAP2Dark_Individual:19,0.00385,0.00832,0.01205,0.00798,0.00976,0.01961,0.01739,0.02703,0.0,0.0,0.01266,0.02564,0.02299
PCAP2Dark_Individual:18,0.01413,0.03261,0.04249,0.0,0.0,0.01429,0.02027,0.03597,0.03529,0.02564,0.00962,0.0,0.02632
PCAP2Dark_Individual:39,0.00393,0.0069,0.00743,0.00351,0.00242,0.0,0.00535,0.01091,0.00843,0.0146,0.0,0.00714,0.00704
PCAP2Dark_Individual:33,0.01432,0.00469,0.01176,0.01882,0.02342,0.01275,0.01799,0.02791,0.08333,0.01304,0.02941,0.0,0.01198
PCAP2Dark_Individual:3;,0.00618,0.01763,0.03529,0.01863,0.0146,0.03947,0.03704,0.01887,0.06667,0.01538,0.0,0.01681,0.02532
PCAP2Dark_Individual:32,0.01811,0.01447,0.02093,0.00545,0.00198,0.02789,0.0,0.0,0.0,0.0,0.0,0.0,0.0
PCAP2Dark_Individual:13,0.00776,0.01199,0.01119,0.01701,0.02655,0.0,0.0,0.01111,0.0,0.00671,0.01351,0.01961,0.0
PCAP2Dark_Individual:12,0.00786,0.01724,0.00783,0.00943,0.0049,0.03141,0.01724,0.0375,0,0.01205,0.0,0.0,0.0
PCAP2Dark_Individual:7;,0.00792,0.01445,0.00759,0.00858,0.0339,0.0,0.0,0.0101,0.0,0.0,0.01235,0.0,0.00592
PCAP2Dark_Individual:10,0.00404,0.00136,0.00209,0.00562,0.00813,0.0,0.0,0.02857,0.0,0.0,0.0,0.00971,0.01282
PCAP2Dark_Individual:17,0.0096,0.02202,0.01155,0.01446,0.0,0.01515,0.01546,0.00725,0.00709,0.01515,0.01081,0.00885,0.01493
PCAP2Dark_Individual:16,0.03423,0.05102,0.06275,0.05525,0.06098,0.00613,0.00575,0.0493,0.04317,0.03478,0.02326,0.02655,0.02069
PCAP2Dark_Individual:15,0.00774,0.01065,0.01742,0.00667,0.00649,0.01405,0.00929,0.01449,0.02294,0.02174,0.01099,0.02941,0.0
PCAP2Dark_Individual:14,0.00168,0.00412,0.00645,0.01695,0.00476,0.0101,0.0,0.0,0.0,0.00885,0.0,0.0,0.01818
PCAP814Dark_Individual:8;,0.0,0.00278,0.04851,0.01538,0.0,0.0,0.0,0.02564,0.0,0.0,0.0,0.0,0.0
PCAP814Dark_Individual:48,0.00118,0.00508,0.00155,0.01155,0.01176,0.01657,0.01143,0.0,0.00602,0.0,0.0,0.0082,0.0
PCAP814Dark_Individual:4;,0.02105,0.00794,0.01345,0.05682,0.03774,0.0,0.02817,0.0,0.0,0.05556,0.06849,0.04348,0.17593
PCAP814Dark_Individual:40,0.01158,0.00548,0.01099,0.02217,0.00302,0.00772,0.01242,0.01639,0.04469,0.01754,0.02649,0.00909,0.025
PCAP814Dark_Individual:41,0.0738,0.14458,0.08155,0.06612,0.10268,0.11894,0.09756,0.0905,0.08791,0.10526,0.05682,0.06785,0.08178
PCAP814Dark_Individual:42,0.00157,0.00172,0.00658,0.0102,0.03614,0.0,0.0,0.0,0,0.0,0.0,0.0,0.0
PCAP814Dark_Individual:43,0.02457,0.05263,0.03061,0.0,0.0,0.0,0.0,0.0,0.0,0.0,0.03279,0.05263,0.04167
PCAP814Dark_Individual:44,0.00541,0.01038,0.0,0.0,0.0,0.02632,0.0,0.0,0.02299,0.01754,0.0297,0.0119,0.01111
PCAP814Dark_Individual:45,0.01506,0.03043,0.02098,0.016,0.02564,0.03704,0.01282,0.0,0.0,0.01429,0.0,0.0,0.02667
PCAP814Dark_Individual:46,0.0,0.01656,0.02183,0.03509,0.0,0.01,0.0,0,0.0,0.03448,0.00904,0.00932,0.0037
PCAP814Dark_Individual:47,0.01307,0.0132,0.01996,0.0356,0.03814,0.02614,0.01709,0.15,0,0.0,0.0,0.0303,0.0
PCAP814Dark_Individual:2;,0.00701,0.008,0.05755,0.07692,0.06897,0.06742,0.02727,0.02222,0.0,0.03205,0.05283,0.10294,0.08982
PCAP814Dark_Individual:28,0.01425,0.00564,0.03421,0.05224,0.02804,0.05714,0.0,0.05376,0.0069,0.0,0.01951,0.01389,0.07798
PCAP814Dark_Individual:29,0.03077,0.03492,0.0,0.0,0.0,0.08333,0.0,0.0,0.0,0.0,0.0,0.05263,0.0
PCAP814Dark_Individual:26,0.00488,0.00279,0.01732,0.04628,0.09357,0.04902,0.0678,0.14103,0.11712,0.09709,0.06557,0.08,0.06122
PCAP814Dark_Individual:6;,0.01105,0.02232,0.05759,0.08333,0.06936,0.05046,0.08,0.05528,0.04839,0.02469,0.016,0.0155,0.07143
PCAP814Dark_Individual:24,0.01417,0.03977,0.02612,0.01266,0.02051,0.0375,0.03371,0.025,0.03922,0.03774,0.02326,0.0,0.02062
PCAP814Dark_Individual:25,0.00768,0.00868,0.00488,0.0,0.25,0.0,0.0,0.01695,0.00971,0.0,0.0,0.0,0.0
PCAP814Dark_Individual:22,0.0,0.0,0.0,0.02985,0.0,0.0,0.0,0.0,0,0.0,0.02857,0.0,0.05882
PCAP814Dark_Individual:23,0.00485,0.0,0.04545,0,0.0,0.0,0.0,0.0,0.0,0.0,0.0099,0.0,0.0
PCAP814Dark_Individual:20,0.00898,0.00148,0.00632,0.00422,0.02235,0.0,0.0,0.0,0.00885,0.0,0.02857,0.00763,0.00833
PCAP814Dark_Individual:21,0.01367,0.02273,0.03125,0.11765,0.0,0.09091,0.0625,0.0,0.0,0.0,0.0,0.16667,0.0
PCAP814Dark_Individual:34,0.00241,0.00254,0.01058,0.02817,0.06452,0.05556,0.02222,0.0,0.0,0.0,0.03846,0.0,0.0
PCAP814Dark_Individual:38,0.00242,0.0069,0.02874,0.01613,0.01852,0.01493,0.02381,0.0146,0.00709,0.14286,0.0,0.14286,0.0
PCAP814Dark_Individual:35,0.02217,0.02358,0.00429,0.0081,0.0199,0.00418,0.03289,0.02475,0.04651,0.02424,0.03165,0.0354,0.02362
PCAP814Dark_Individual:27,0.00842,0.00866,0.01212,0.01515,0.03684,0.03731,0.10577,0.0367,0.09816,0.12281,0.06667,0.07407,0.07955
PCAP814Dark_Individual:11,0.00498,0.01758,0.01397,0.01679,0.00893,0.22888,0.07407,0.02326,0.0,0.06897,0.02,0.03846,0.0
PCAP814Dark_Individual:37,0.00325,0.001,0.00701,0.00248,0.00324,0.0,0.0,0.0,0.00239,0.0,0.0,0.0,0.0
PCAP814Dark_Individual:36,0.01571,0.00662,0.00862,0.01832,0.02116,0.0,0.02339,0.00714,0.01709,0.06299,0.03846,0.02521,0.02727
PCAP814Dark_Individual:5;,0.01222,0.01818,0.04706,0.075,0.08824,0.07143,0.214,0.0,0.0,0.0,0.00758,0.04762,0.01667
PCAP814Dark_Individual:9;,0.0,0.0,0.00855,0.01093,0.00781,0.03636,0.0,0.02857,0.01639,0.01887,0.02344,0.01818,0.01754
PCAP814Dark_Individual:31,0.0,0.0021,0.01075,0.00749,0.01163,0.00677,0.01527,0.00995,0.0,0.00571,0.0,0.0,0.0
PCAP814Dark_Individual:30,0.02228,0.02206,0.04247,0.06818,0.02381,0.0,0.0082,0.0101,0.02273,0.03922,0.01531,0.03488,0.02789
PCAP814Dark_Individual:1;,0,0.2,0,0,0.04167,0.0,0.0,0.01681,0.00733,0.01075,0.00221,0.01078,0.00976
PCAP814Dark_Individual:19,0.00301,0.00545,0.0,0.01695,0.0,0.02174,0.0,0.0,0.0,0.0,0,0.0,0.0
PCAP814Dark_Individual:18,0.00373,0.00758,0.00734,0.0,0.0,0.0,0.0,0.0,0.0,0.0,0.0,0.0,0.0
PCAP814Dark_Individual:39,0.00228,0.00705,0.00977,0.02893,0.00467,0.01105,0.02344,0.0,0.02703,0.02703,0.0,0.0,0.02817
PCAP814Dark_Individual:33,0.00575,0.01435,0.0102,0.024,0.0,0.18367,0.00855,0.03788,0.01709,0.06723,0.02439,0.05102,0.01852
PCAP814Dark_Individual:3;,0.00117,0.00688,0.03908,0.08869,0.04225,0.14286,0.10853,0.04348,0.04762,0.06742,0.05682,0.03125,0.0354
PCAP814Dark_Individual:32,0.0,0.01128,0.01737,0.0,0.01389,0.00858,0.0,0.00625,0.00699,0.0,0.0,0.0,0.0163
PCAP814Dark_Individual:13,0.01575,0.0,0,0.09091,0.00935,0.21421,0.0,0.0,0,0.0,0.00794,0.03382,0.03297
PCAP814Dark_Individual:12,0.0034,0.01142,0.01713,0.01461,0.02484,0.33333,0,0.21031,0.0,0.0,0.0,0.0,0.0
PCAP814Dark_Individual:7;,0.00539,0.00334,0.0065,0.01587,0.00495,0.01948,0.00575,0.01093,0.0,0.0082,0.0,0.0,0.0
PCAP814Dark_Individual:10,0.00746,0.01577,0.00313,0.02449,0.02542,0.02222,0.02308,0.0678,0.02857,0.02857,0.01796,0.0,0.01863
PCAP814Dark_Individual:17,0.00974,0.01091,0.00752,0.00725,0.0,0.01563,0.00926,0.02062,0.0,0.04348,0.0,0.05405,0.02198
PCAP814Dark_Individual:16,0.02969,0.02198,0.01042,0.01389,0.0155,0.01183,0.02604,0.01449,0.02174,0.01987,0.02362,0.02098,0.03333
PCAP814Dark_Individual:15,0.00691,0.00601,0.01176,0.0198,0.04211,0.0,0.0,0.0,0.02083,0.05405,0,0.125,0.0
PCAP814Dark_Individual:14,0.01025,0.00936,0.01058,0.0,0.01478,0.00518,0.0,0.00866,0.00847,0.00971,0.01415,0.0,0.0198
PCAP931Dark_Individual:8;,0.00122,0.0031,0.00492,0.00909,0.0,0.03947,0.01418,0.07143,0.04688,0.04348,0.0625,0.01681,0.08
PCAP931Dark_Individual:48,0.01246,0.02853,0.02597,0.04747,0.03333,0.0625,0.0625,0.0,0.01639,0.02308,0.04494,0.07229,0.02353
PCAP931Dark_Individual:4;,0.00848,0.00664,0.0414,0.02203,0.02083,0.00585,0.0,0.23271,0.21774,0.0,0.0,0.0,0.0
PCAP931Dark_Individual:40,0.00306,0.01248,0.00946,0.0,0.0027,0.00313,0.00926,0.01364,0.01299,0.02649,0.01418,0.0,0.01869
PCAP931Dark_Individual:41,0.00118,0.00424,0.0017,0.01259,0.01223,0.01364,0.00446,0.0226,0.01205,0.01734,0.04192,0.0438,0.01563
PCAP931Dark_Individual:42,0.00107,0.00478,0.00428,0.00677,0.01038,0.0166,0.00602,0.0,0.00641,0.0,0.00862,0.0,0.00847
PCAP931Dark_Individual:43,0.0,0.0023,0.00244,0.00376,0.01029,0.00487,0.03865,0.01527,0.00833,0.0,0.02817,0.04688,0.0
PCAP931Dark_Individual:44,0.00274,0.00926,0.0,0.0,0.03738,0.0,0.00855,0.0,0.00855,0.00826,0.0,0.03509,0.02299
PCAP931Dark_Individual:45,0.00814,0.01524,0.01235,0.02314,0.02811,0.02235,0.01685,0.0184,0.00962,0.00629,0.0,0.00806,0.02013
PCAP931Dark_Individual:46,0.00227,0.00339,0.0057,0.00435,0.01222,0.0,0.01007,0.0076,0.00503,0.01087,0.01449,0.00746,0.0
PCAP931Dark_Individual:47,0.00361,0.0,0.0,0.0,0.0,0.0,0.0,0.05556,0.0,0.0,0.0,0.0,0.03226
PCAP931Dark_Individual:2;,0.00821,0.00706,0.01442,0.04264,0.06962,0.0597,0.03623,0.0381,0.03226,0.03896,0.01835,0.04348,0.06579
PCAP931Dark_Individual:28,0.00389,0.00709,0.00434,0.0,0.21518,0.0,0.18778,0,0.0,0.0,0.0,0.07407,0.03947
PCAP931Dark_Individual:29,0.02199,0.02415,0.04048,0.03587,0.01747,0.01538,0.02688,0.04615,0.01149,0.04636,0.04444,0.02454,0.00505
PCAP931Dark_Individual:26,0.02179,0.01742,0.01786,0.02797,0.04196,0.0,0.0,0.0,0.0,0,0.02564,0.0,0.0
PCAP931Dark_Individual:6;,0.00647,0.00976,0.01735,0.02482,0.02721,0.0663,0.02024,0.02618,0.02439,0.0119,0.02273,0.07018,0.0
PCAP931Dark_Individual:24,0.00477,0.0191,0.01709,0.02032,0.00287,0.00366,0.0,0.0,0.0,0.0,0.0,0.00455,0.0068
PCAP931Dark_Individual:25,0.00873,0.00992,0.01466,0.0355,0.02703,0.01042,0.02222,0.0,0,0.04167,0.01053,0.0303,0.0
PCAP931Dark_Individual:22,0.00126,0.00274,0.00186,0.00604,0.0,0.01136,0.00617,0.00704,0.0,0.00833,0.0,0.00893,0.01626
PCAP931Dark_Individual:23,0.00357,0.01335,0.01174,0.01826,0.0,0.0166,0.00862,0.0098,0.01143,0.01212,0.0,0.0,0.01235
PCAP931Dark_Individual:20,0.00253,0.00651,0.00166,0.00227,0.00433,0.0,0.025,0.0,0.0,0.0,0.0,0.0,0.0
PCAP931Dark_Individual:21,0.00621,0.00845,0.00712,0.0024,0.0,0.0,0.00741,0.0,0.00909,0.0,0.0,0.0,0.0
PCAP931Dark_Individual:34,0.0,0.0,0.0,0.0,0.05,0.02469,0.03,0.0,0.0,0.0,0.0,0.0,0.0
PCAP931Dark_Individual:38,0.00125,0.00423,0.00382,0.02174,0.00478,0.00532,0.00621,0.0,0.01807,0.0303,0.0,0.0099,0.0
PCAP931Dark_Individual:35,0.08511,0.0,0.23274,0.0,0.0,0,0.5,0,0.0,0.0,0,0.20143,0.0
PCAP931Dark_Individual:27,0.04209,0.03815,0.06208,0.06904,0.08657,0.01961,0.03333,0.0,0.00855,0.0219,0.00971,0.00826,0.06154
PCAP931Dark_Individual:11,0.00933,0.01271,0.00524,0.01266,0.0,0.02679,0.0,0.00935,0.0,0.0,0.0,0.0,0.0
PCAP931Dark_Individual:37,0.00133,0.00253,0.01233,0.00839,0.00673,0.01124,0.00855,0.0,0.0,0.0,0.05405,0.0137,0.0
PCAP931Dark_Individual:36,0.00285,0.00404,0.00675,0.00809,0.00326,0.00952,0.01626,0.0,0.0087,0.01835,0.0122,0.02273,0.0137
PCAP931Dark_Individual:5;,0.00196,0.00199,0.0022,0.0,0.00904,0.03922,0.02994,0.01878,0.01987,0.02344,0.01587,0.01299,0.01351
PCAP931Dark_Individual:9;,0.02128,0.02703,0.0293,0.01896,0.0137,0.0,0.00699,0.0,0.0,0.0,0.0,0.01205,0.04225
PCAP931Dark_Individual:31,0.00763,0.00647,0.00644,0.00941,0.0119,0.00719,0.00549,0.0,0.02459,0.01124,0.01205,0.0137,0.02941
PCAP931Dark_Individual:30,0.00673,0.03004,0.01422,0.01493,0.01235,0.0625,0.01914,0.02174,0.0,0.0082,0.0,0.00794,0.0
PCAP931Dark_Individual:1;,0.01373,0.02174,0.03014,0.0684,0.05785,0.04762,0.04828,0.03604,0.01075,0.01053,0.00862,0.01724,0.00943
PCAP931Dark_Individual:19,0.00844,0.01144,0.00394,0.0,0.01031,0.00784,0.00752,0.02632,0.00957,0.0198,0.01681,0.00472,0.00463
PCAP931Dark_Individual:18,0.00222,0.00122,0.0045,0.01085,0.00448,0.00617,0.0,0.00495,0.00549,0.0,0.0,0.03922,0.008
PCAP931Dark_Individual:39,0.01131,0.00569,0.00139,0.00805,0.01795,0.01835,0.0,0.0068,0.0068,0.00885,0.0,0.0,0.0
PCAP931Dark_Individual:33,0.00646,0.0,0.00498,0.01724,0.0,0.0,0.0,0.0411,0.0,0.03571,0.0,0.08696,0.0
PCAP931Dark_Individual:3;,0.01521,0.01275,0.01653,0.0102,0.01843,0.03226,0.00658,0.0493,0.04575,0.03106,0.03593,0.0,0.03409
PCAP931Dark_Individual:32,0.0018,0.00273,0.00432,0.0104,0.0165,0.02346,0.0112,0.01633,0.03191,0.00426,0.0,0.0,0.04819
PCAP931Dark_Individual:13,0.00227,0.0084,0.00972,0.01616,0.00978,0.01929,0.0,0.0121,0.00784,0.0199,0.0045,0.0,0.0
PCAP931Dark_Individual:12,0.01417,0.00301,0.00775,0.02066,0.01676,0.02162,0.01744,0.01212,0.00676,0.02817,0.00741,0.00877,0.03472
PCAP931Dark_Individual:7;,0.00241,0.00481,0.00283,0.00234,0.00459,0.00926,0.0,0.03509,0.0,0.0,0.0,0.01351,0.01389
PCAP931Dark_Individual:10,0.00181,0.0043,0.01414,0.00948,0.01948,0.00763,0.00855,0.0,0.01961,0.0,0.0,0.0,0.0
PCAP931Dark_Individual:17,0.00109,0.00517,0.00696,0.0078,0.0101,0.00429,0.00926,0.00678,0.01493,0.0,0.0,0.0,0.00775
PCAP931Dark_Individual:16,0.00139,0.00125,0.00694,0.00434,0.00427,0.0,0.0,0.0,0.00556,0.00735,0.0,0.00649,0.0
PCAP931Dark_Individual:15,0.00347,0.00767,0.00476,0.00625,0.0,0.0,0.00662,0.00469,0.0,0.0,0.0,0.01047,0.0
PCAP931Dark_Individual:14,0.00758,0.00577,0.00414,0.02449,0.04516,0.05797,0.03846,0.03896,0.0102,0.02222,0.06061,0.04255,0.01299
