AripiprazoleDark_Individual:8;,0.01228,0.04286,0.14085,0.03846,0.14706,0.06842,0.08333,0.04698,0.05682,0.04545,0.04717,0.08791,0.03896
AripiprazoleDark_Individual:48,0.06126,0.09797,0.10575,0.10905,0.1037,0.03571,0.01389,0.05714,0.04098,0.03488,0.04118,0.07547,0.04545
AripiprazoleDark_Individual:4;,0.03453,0.04444,0.04694,0.02709,0.04762,0.03704,0.02882,0.02292,0.07317,0.0456,0.0318,0.03086,0.02508
AripiprazoleDark_Individual:40,0.02646,0.05202,0.06579,0.08,0.06494,0.03902,0.0431,0.01587,0.05396,0.03211,0.06604,0.03593,0.02609
AripiprazoleDark_Individual:41,0.0267,0.05082,0.06452,0.06806,0.0314,0.06858,0.07788,0.04467,0.04421,0.01829,0.00997,0.04516,0.02933
AripiprazoleDark_Individual:42,0.0341,0.04952,0.0285,0.06777,0.06203,0.05991,0.03721,0.03065,0.02913,0.03801,0.04405,0.00671,0.02
AripiprazoleDark_Individual:43,0.0385,0.07132,0.06869,0.06393,0.06312,0.07129,0.04697,0.08264,0.06667,0.04264,0.09677,0.03463,0.02404
AripiprazoleDark_Individual:44,0.04995,0.0749,0.17255,0.07143,0.0625,0.03191,0.11111,0.07424,0.05464,0.04348,0.03846,0.03871,0.09816
AripiprazoleDark_Individual:45,0.04977,0.05357,0.09655,0.03846,0,0.09091,0.1,0.16355,0.0,0.1,0.18365,0.17281,0.21053
AripiprazoleDark_Individual:46,0.05114,0.06207,0.07767,0.16667,0.05376,0.02609,0.02105,0.0,0.0,0.0,0.0,0.06885,0.0381
AripiprazoleDark_Individual:47,0.03212,0.05357,0.05789,0.05163,0.03791,0.04819,0.04027,0.04814,0.05362,0.03797,0.01977,0.04082,0.03646
AripiprazoleDark_Individual:2;,0.01172,0.06579,0.07143,0.06796,0.06452,0.05,0.0,0.0,0.02128,0.04762,0.0,0,0.0
AripiprazoleDark_Individual:28,0.05313,0.06258,0.05995,0.06306,0.08225,0.05422,0.07968,0.032,0.04184,0.01875,0.01115,0.00898,0.01434
AripiprazoleDark_Individual:29,0.04464,0.07417,0.0644,0.05184,0.04097,0.03097,0.05189,0.03733,0.05901,0.04293,0.02708,0.02736,0.03425
AripiprazoleDark_Individual:26,0.01034,0.06818,0.0,0.07143,0.02143,0.0,0.00581,0.0,0.0,0.0,0.01242,0.0,0.0
AripiprazoleDark_Individual:6;,0.0146,0.03252,0.04698,0.0292,0.05645,0.03704,0.01515,0.0,0.0,0.02817,0.0,0.0,0.0
AripiprazoleDark_Individual:24,0.06576,0.06488,0.08955,0.09148,0.06143,0.0597,0.05102,0.05128,0.0,0.05128,0.03125,0.05714,0.09859
AripiprazoleDark_Individual:25,0.051,0.04924,0.04147,0.04508,0.03077,0.04608,0.0285,0.0293,0.03846,0.01238,0.01413,0.00557,0.02362
AripiprazoleDark_Individual:22,0.039,0.05816,0.07333,0.04132,0.1039,0.12,0.09211,0.03061,0.05952,0.03947,0.14103,0.06452,0.04878
AripiprazoleDark_Individual:23,0.06048,0.07637,0.05263,0.06557,0.05423,0.07336,0.0381,0.06855,0.04639,0.05085,0.04115,0.10619,0.02807
AripiprazoleDark_Individual:20,0.04215,0.13554,0.19259,0.10559,0.07874,0.06098,0.0283,0.06,0.02353,0.07229,0.14035,0.06522,0.03448
AripiprazoleDark_Individual:21,0.04733,0.11696,0.06667,0.10127,0.11679,0.12315,0.13636,0.05785,0.0,0.0,0.07143,0.10909,0.07143
AripiprazoleDark_Individual:34,0.07944,0.09639,0.07449,0.07068,0.07809,0.0848,0.02353,0.04072,0.04762,0.04651,0.05195,0.05785,0.07874
AripiprazoleDark_Individual:38,0.08689,0.0611,0.05567,0.08889,0.06667,0.03125,0.04933,0.05455,0.02233,0.04558,0.03556,0.07483,0.03519
AripiprazoleDark_Individual:35,0.04097,0.06677,0.03636,0.0241,0.02985,0.00794,0.00694,0.0,0.01176,0.01563,0.0,0.0,0.01709
AripiprazoleDark_Individual:27,0.04822,0.06471,0.0559,0.07609,0.0744,0.09792,0.12092,0.10843,0.13056,0.11198,0.10473,0.09265,0.10373
AripiprazoleDark_Individual:11,0.05277,0.07465,0.07233,0.04745,0.0566,0.075,0.04808,0.06433,0.04294,0.03509,0.05882,0.05102,0.02027
AripiprazoleDark_Individual:37,0.06532,0.09639,0.07692,0.03846,0.07229,0.11905,0.01163,0.06122,0.03876,0.04641,0.0303,0.07368,0.06667
AripiprazoleDark_Individual:36,0.086,0.07191,0.06714,0.07566,0.09574,0.09735,0.05785,0.01754,0.06838,0.0578,0.02041,0.06452,0.06557
AripiprazoleDark_Individual:5;,0.02783,0.13659,0.16197,0.12162,0.12903,0.05181,0.04324,0.01471,0.02581,0.0198,0.01829,0,0.0
AripiprazoleDark_Individual:9;,0.08571,0.15179,0.10191,0.15789,0.03797,0.03947,0.09091,0.04032,0.05556,0.05479,0.07778,0.03463,0.01515
AripiprazoleDark_Individual:31,0.06281,0.11364,0.09677,0.07527,0.08333,0.16129,0.16667,0.07547,0.05435,0.07692,0.06329,0.04762,0.03306
AripiprazoleDark_Individual:30,0.0,0.0,0.01695,0.03279,0.07407,0.0303,0.125,0.06667,0.16077,0.0,0,0,0.15605
AripiprazoleDark_Individual:1;,0.04222,0.06047,0.0,0.04918,0.07143,0.02098,0.02727,0.0,0.00368,0.0,0.0,0.0,0.0
AripiprazoleDark_Individual:19,0.0375,0.0274,0.06849,0.07857,0.06173,0.06542,0.08696,0.08571,0.01765,0.04124,0.10112,0.08333,0.07042
AripiprazoleDark_Individual:18,0.01228,0.01563,0.14286,0.05479,0.11111,0.14537,0.08163,0.05882,0.0708,0.06024,0.05172,0.06061,0.12903
AripiprazoleDark_Individual:39,0.08004,0.06042,0.07692,0.06398,0.05528,0.08207,0.12407,0.10284,0.11058,0.05,0.13492,0.08654,0.08333
AripiprazoleDark_Individual:33,0.0339,0.05542,0.07314,0.09982,0.12867,0.12134,0.16049,0.10169,0.01754,0.1,0.0625,0.0,0.02941
AripiprazoleDark_Individual:3;,0.04698,0.10135,0.10456,0.06087,0.04027,0.07595,0.09829,0.07983,0.05788,0.03165,0.01345,0.0431,0.04098
AripiprazoleDark_Individual:32,0.04634,0.01994,0.04878,0.04408,0.0341,0.02795,0.03583,0.04288,0.03163,0.03183,0.04013,0.04598,0.02113
AripiprazoleDark_Individual:13,0.02907,0.04384,0.07666,0.04869,0.02092,0.01639,0.02682,0.02187,0.01183,0.05089,0.00983,0.04241,0.02791
AripiprazoleDark_Individual:12,0.03958,0.04278,0.2,0.03738,0.07692,0.17722,0.05155,0.01639,0.01829,0.02679,0.0,0.11475,0.08333
AripiprazoleDark_Individual:7;,0.00355,0.13043,0.02778,0.03315,0.0354,0.03937,0.03765,0.0439,0.02963,0.03681,0.06122,0.02732,0.02793
AripiprazoleDark_Individual:10,0.02623,0.02632,0.0,0.0,0.06557,0.03774,0.04545,0.06061,0.0,0.03409,0.0,0.07895,0.0098
AripiprazoleDark_Individual:17,0.02894,0.05577,0.0654,0.14894,0.07143,0.0102,0.03614,0.0219,0.03371,0.03704,0.04839,0.06299,0.03896
AripiprazoleDark_Individual:16,0.02339,0.05738,0.0855,0.08247,0.05882,0.0641,0.0989,0.08333,0.07143,0.03061,0.03659,0.0098,0.04673
AripiprazoleDark_Individual:15,0.03521,0.06377,0.07085,0.05062,0.09474,0.05637,0.06888,0.1,0.125,0.05319,0.04902,0.03951,0.0444
AripiprazoleDark_Individual:14,0.02114,0.03286,0.04823,0.03249,0.06052,0.02841,0.02913,0.0442,0.02747,0.0184,0.06796,0.01515,0.03782
CariprazineDark_Individual:8;,0.03008,0.04948,0.04167,0.0419,0.0623,0.04545,0.06497,0.04829,0.03155,0.06087,0.08939,0.03947,0.09333
CariprazineDark_Individual:48,0.03576,0.0774,0.0687,0.10127,0.04459,0.05751,0.05233,0.04762,0.03226,0.04208,0.04016,0.1,0.02247
CariprazineDark_Individual:4;,0.06497,0.06601,0.0524,0.0607,0.05769,0.0352,0.06971,0.06037,0.04142,0.01795,0.01583,0.01917,0.00743
CariprazineDark_Individual:40,0.05941,0.10156,0.06787,0.09091,0.10135,0.0,0.0,0.05263,0.0,0.0,0.08108,0.03947,0.05085
CariprazineDark_Individual:41,0.04025,0.08387,0.20245,0.27273,0.0,0.0,0.0303,0.04167,0.05714,0.08511,0.04167,0.075,0.03125
CariprazineDark_Individual:42,0.07833,0.05376,0.05,0.02817,0.12698,0.03614,0.03376,0.06087,0.02778,0.02899,0.0,0.07018,0.0303
CariprazineDark_Individual:43,0.05538,0.07383,0.03521,0.0101,0.05691,0.03871,0.01709,0.05682,0.06742,0.04,0.02,0.06593,0.0241
CariprazineDark_Individual:44,0.00967,0.06199,0.06383,0.0,0.01515,0.04762,0.01163,0.04396,0.01695,0.06349,0.05333,0.07273,0.02778
CariprazineDark_Individual:45,0.04116,0.06313,0.0468,0.07963,0.06867,0.02174,0.08571,0.08633,0.07194,0.03681,0.07143,0.04082,0.03106
CariprazineDark_Individual:46,0.04299,0.0641,0.08451,0.0566,0.02778,0.08333,0.11111,0.0,0.03333,0.04545,0.02857,0.15385,0.0
CariprazineDark_Individual:47,0.02513,0.02302,0.04586,0.05374,0.03837,0.05019,0.06263,0.12676,0.2381,0.0,0.0,0.02688,0.01235
CariprazineDark_Individual:2;,0.06257,0.11456,0.09137,0.01835,0.06939,0.07908,0.01618,0.03586,0.02996,0.03478,0.0524,0.04936,0.04323
CariprazineDark_Individual:28,0.06647,0.17575,0.16738,0.2233,0,0.13043,0.06709,0.06222,0.0509,0.06186,0.05263,0.00712,0.05319
CariprazineDark_Individual:29,0.02452,0.01739,0.03401,0.00676,0.0,0.0,0.03947,0.0,0.02469,0.0122,0.0,0.02315,0.0
CariprazineDark_Individual:26,0.07113,0.13333,0.11321,0.04762,0.05926,0.07368,0.06067,0.09459,0.02492,0.032,0.08475,0.03526,0.0
CariprazineDark_Individual:6;,0.06462,0.07895,0.1,0.21875,0.09091,0.05714,0.14138,0.02286,0.05,0.025,0.15698,0.04065,0.0
CariprazineDark_Individual:24,0.01892,0.03231,0.04375,0.0787,0.02055,0.03497,0.08955,0.05357,0.06977,0.0,0.02439,0.1087,0.05556
CariprazineDark_Individual:25,0.10674,0.0411,0.03394,0.00265,0.0,0.01299,0.01026,0.00408,0.00515,0.00469,0.00543,0.005,0.0049
CariprazineDark_Individual:22,0.02908,0.0566,0.07202,0.05106,0.03289,0.00794,0.04132,0.048,0.0241,0.06316,0.0381,0.04301,0.01653
CariprazineDark_Individual:23,0.0428,0.04288,0.07166,0.05109,0.03612,0.06316,0.0,0.07143,0.04386,0.05556,0.11765,0.02778,0.0
CariprazineDark_Individual:20,0.10345,0.10278,0.06667,0.27143,0.14563,0.09701,0.11594,0.05224,0.05195,0.02778,0.10256,0.08333,0.05479
CariprazineDark_Individual:21,0.03459,0.02809,0.06809,0.0,0.16652,0.14787,0.15955,0.16378,0.03614,0.02941,0.0,0.17917,0.04348
CariprazineDark_Individual:34,0.01893,0.05042,0.06122,0.0339,0.0,0.03571,0.0177,0.02083,0.02857,0.01493,0.0,0.0,0.04724
CariprazineDark_Individual:38,0.03245,0.04717,0.0101,0.04167,0.07143,0.05714,0.11268,0.02703,0.04706,0.06838,0.10811,0.04255,0.05455
CariprazineDark_Individual:35,0.05188,0.06036,0.05505,0.01538,0.05128,0.03704,0.07143,0.02857,0.0,0.0,0.04255,0.0641,0.03226
CariprazineDark_Individual:27,0.06571,0.0995,0.04762,0.06667,0.05263,0.04913,0.03906,0.02797,0.04762,0.04514,0.04795,0.03902,0.06173
CariprazineDark_Individual:11,0.03194,0.10588,0.12069,0.0989,0.19298,0.07143,0.07143,0.0597,0.07813,0.05102,0.10256,0.20313,0.11842
CariprazineDark_Individual:37,0.05161,0.13483,0.09,0.06542,0.04762,0.05556,0.04545,0.04,0.05556,0.03226,0.0,0.0,0.0
CariprazineDark_Individual:36,0.13274,0.07368,0.05634,0.01852,0.0,0.04,0.01471,0.0,0.0625,0.03175,0.0,0.1,0.0625
CariprazineDark_Individual:5;,0.0519,0.14789,0.14103,0.07447,0.05063,0.02817,0.0,0.02532,0.05,0.0,0.04494,0.0,0.0
CariprazineDark_Individual:9;,0.03023,0.06106,0.0835,0.09309,0.11111,0.06796,0.05195,0.01163,0.05405,0.04082,0.02778,0.01429,0.02326
CariprazineDark_Individual:31,0.05714,0.07836,0.05072,0.07692,0.02353,0.04673,0.02597,0.0367,0.01053,0.02667,0.02857,0.0,0.0
CariprazineDark_Individual:30,0.03974,0.07874,0.13333,0.06061,0.02062,0.01351,0,0.0101,0.04054,0.0303,0.1385,0.03333,0.03731
CariprazineDark_Individual:1;,0.06613,0.17365,0.125,0.17073,0.05042,0.06977,0.01852,0.03226,0.03077,0.03879,0.01205,0.0,0.0125
CariprazineDark_Individual:19,0.02317,0.04267,0.05155,0.07547,0.02,0.0,0.10169,0.0,0.14815,0.16667,0.0,0.125,0.05556
CariprazineDark_Individual:18,0.00487,0.07407,0.07438,0.12048,0.05814,0.05405,0.05814,0.05833,0.06452,0.01277,0.08696,0.03191,0.05797
CariprazineDark_Individual:39,0.02539,0.13115,0.03774,0.0101,0.09375,0.04918,0.025,0.01449,0.1,0.06667,0.04396,0.01852,0.0
CariprazineDark_Individual:33,0.04741,0.07273,0.03555,0.11215,0.04444,0.08861,0.03623,0.07317,0.13,0.02381,0.07018,0.09524,0.06061
CariprazineDark_Individual:3;,0.06864,0.16944,0.12556,0.08791,0.07955,0.06667,0.03571,0.03093,0.03704,0.03077,0.0198,0.06349,0.02222
CariprazineDark_Individual:32,0.04836,0.04954,0.03593,0.04082,0.03077,0.03797,0.03409,0.02703,0.03636,0.01786,0.02941,0.0,0.05405
CariprazineDark_Individual:13,0.04277,0.04973,0.02083,0.04082,0.0,0.04895,0.1,0.0,0.04412,0.0,0.06667,0.0,0.04348
CariprazineDark_Individual:12,0.03607,0.09319,0.11787,0.01316,0.06667,0.03947,0.04918,0.01333,0.02128,0.0,0.06667,0.16667,0.2
CariprazineDark_Individual:7;,0.03846,0.16,0.04545,0.10811,0.01852,0.0,0.0,0.02924,0.03125,0.1875,0.125,0.14516,0.0303
CariprazineDark_Individual:10,0.04031,0.10823,0.10484,0.07692,0.03614,0.09756,0.12048,0.08571,0.01961,0.14,0.0,0.03571,0.12418
CariprazineDark_Individual:17,0.02607,0.04059,0.10559,0.04132,0.0566,0.0,0.0,0.0,0.06897,0.0,0.05405,0.0,0.17048
CariprazineDark_Individual:16,0.05063,0.06024,0.05389,0.06667,0.03448,0.06667,0.0411,0.03061,0.04386,0.04211,0.0,0.0,0.02632
CariprazineDark_Individual:15,0.01639,0.04192,0.07848,0.00476,0.05882,0.01923,0.0241,0.02105,0.0084,0.01124,0.05952,0.0137,0.0274
CariprazineDark_Individual:14,0.08696,0.20402,0.2,0.28571,0.15695,0.19444,0.05128,0.07692,0.0625,0.0625,0.14587,0.11364,0.03774
ClozapineDark_Individual:8;,0.06208,0.08171,0.128,0.07767,0.03478,0.0,0.0,0.09524,0.01538,0.02679,0.03125,0.01163,0.04478
ClozapineDark_Individual:48,0.03099,0.01119,0.02452,0.03689,0.01604,0.00521,0.02752,0.04082,0.03727,0.0,0.01563,0.02597,0.01695
ClozapineDark_Individual:4;,0.04846,0.01449,0.0,0.0,0.0,0.0,0.16667,0.14286,0.05556,0.0,0.0,0.0,0.07143
ClozapineDark_Individual:40,0.03059,0.05863,0.01587,0.0201,0.03125,0.00529,0.01418,0.00719,0.00833,0.01754,0.02222,0.0,0.0
ClozapineDark_Individual:41,0.04856,0.05041,0.05936,0.05602,0.08743,0.10741,0.09831,0.08738,0.06276,0.05098,0.06137,0.0678,0.06897
ClozapineDark_Individual:42,0.02695,0.03213,0.0607,0.08591,0.08333,0.07767,0.07359,0.1,0.08046,0.02712,0.04878,0.11268,0.02222
ClozapineDark_Individual:43,0.09657,0.08416,0.05385,0.03361,0.05195,0.08108,0.02381,0.05714,0.03636,0.05556,0.06164,0.04425,0.01709
ClozapineDark_Individual:44,0.01068,0.05226,0.03911,0.05818,0.04065,0.03191,0.03448,0.04516,0.09137,0.02508,0.04525,0.01796,0.02105
ClozapineDark_Individual:45,0.01059,0.02194,0.0031,0.00289,0.02353,0.0251,0.01984,0.01357,0.00905,0.01685,0.00518,0.01288,0.01093
ClozapineDark_Individual:46,0.02318,0.03148,0.08721,0.04233,0.05512,0.02778,0.03409,0.10294,0.0393,0.03409,0.01351,0.05102,0.02759
ClozapineDark_Individual:47,0.03947,0.03629,0.06167,0.02206,0.0395,0.0506,0.04206,0.03947,0.02676,0.05907,0.05263,0.03937,0.04375
ClozapineDark_Individual:2;,0.01758,0.03827,0.01077,0.0254,0.00545,0.02007,0.01254,0.00725,0.00373,0.00704,0.01215,0.00735,0.0125
ClozapineDark_Individual:28,0.07115,0.08333,0,0.0,0.11765,0.03571,0.01695,0.0,0.03226,0.04225,0.0,0.0,0.01681
ClozapineDark_Individual:29,0.07947,0.0,0.03774,0.0,0.0,0.0,0.0,0.0,0.0,0.0,0.0,0.0,0.0
ClozapineDark_Individual:26,0.01905,0.0,0.00437,0.00939,0.02643,0.02703,0.0226,0.00485,0.04167,0.02143,0.0,0.00709,0.0
ClozapineDark_Individual:6;,0.03509,0.02762,0.00971,0.01911,0.0,0.0,0.0,0.0,0.03125,0.0,0.04348,0.02222,0.03125
ClozapineDark_Individual:24,0.01907,0.01075,0.00775,0.03636,0.06154,0.02564,0.0125,0.02083,0.03226,0.01639,0.0303,0.02381,0.0411
ClozapineDark_Individual:25,0.00858,0.00474,0.02652,0.01099,0.0,0.0121,0.00976,0.00521,0.00524,0.01258,0.00758,0.00866,0.01709
ClozapineDark_Individual:22,0.01732,0.03571,0.11111,0.0176,0.06091,0.05952,0.04188,0.10078,0.03247,0.05785,0.09859,0.0625,0.05348
ClozapineDark_Individual:23,0.02917,0.03724,0.0146,0.03537,0.04545,0.04878,0.03846,0.07767,0.02632,0.05128,0.05696,0.04132,0.01676
ClozapineDark_Individual:20,0.04762,0.06199,0.03782,0.02575,0.04688,0.02581,0.02083,0.07368,0.01075,0.05357,0.0292,0.04,0.02239
ClozapineDark_Individual:21,0.01304,0.11538,0.05634,0.06061,0.0,0.0,0.0,0.03846,0.09677,0.0,0.0,0.0303,0.0
ClozapineDark_Individual:34,0.01149,0.10638,0.04082,0.00781,0.0,0.0,0.00182,0.02439,0.0,0.0,0.01379,0.0,0.03101
ClozapineDark_Individual:38,0.04833,0.03571,0.045,0.4,0.0,0.0,0.02941,0.01587,0.00382,0.0155,0.02924,0.03268,0.04167
ClozapineDark_Individual:35,0.06698,0.04751,0.0297,0.05412,0.06911,0.04,0.04719,0.04846,0.02083,0.0119,0.03774,0.02791,0.0137
ClozapineDark_Individual:27,0.01488,0.02218,0.01818,0.02362,0.0,0.02513,0.00667,0.03571,0.02041,0.0,0.02128,0.0137,0.01333
ClozapineDark_Individual:11,0.04648,0.05739,0.07282,0.07173,0.05818,0.04636,0.04891,0.02878,0.02717,0.05063,0.05,0.03448,0.04065
ClozapineDark_Individual:37,0.05416,0.10972,0.01923,0.0431,0.04854,0.01266,0.03906,0.02752,0.02632,0.02062,0.04651,0.02,0.04054
ClozapineDark_Individual:36,0.03194,0.0297,0.0,0.0,0.04,0.03774,0.01852,0.02778,0.01111,0.08333,0.03086,0.0101,0.04636
ClozapineDark_Individual:5;,0.0221,0.0,0.0,0.00483,0.00546,0.0,0.00455,0.00541,0.00735,0.00909,0.01527,0.01596,0.03333
ClozapineDark_Individual:9;,0.03202,0.02906,0.0,0.0073,0.0,0.088,0.0,0.01786,0.0,0.0,0.5,0.0,0.04348
ClozapineDark_Individual:31,0.01319,0.02917,0.0,0.0,0.02299,0.00813,0.01685,0.01869,0.00962,0.0,0.02439,0.00847,0.01235
ClozapineDark_Individual:30,0.02791,0.0156,0.01128,0.02887,0.03509,0.0093,0.0084,0.00926,0.03093,0.0,0.02105,0.0,0.00637
ClozapineDark_Individual:1;,0.05767,0.01799,0.04,0.02603,0.01563,0.0,0.0,0.0,0.00769,0.03846,0.0,0.0,0.0
ClozapineDark_Individual:19,0.06148,0.05873,0.05312,0.05141,0.04274,0.02609,0.05603,0.01961,0.01729,0.02023,0.02632,0.03846,0.01235
ClozapineDark_Individual:18,0.08671,0.10452,0.05338,0.06907,0.03191,0.06591,0.01845,0.05096,0.01231,0.06044,0.0211,0.00946,0.0173
ClozapineDark_Individual:39,0.05797,0.07231,0.06823,0.05882,0.04082,0.08,0.04,0.01053,0.05195,0.01493,0.0,0.00847,0.0
ClozapineDark_Individual:33,0.03982,0.01328,0.01795,0.01329,0.01744,0.02198,0.01702,0.01935,0.01724,0.02586,0.00571,0.00769,0.00775
ClozapineDark_Individual:3;,0.02546,0.03177,0.05138,0.0445,0.06635,0.07857,0.04938,0.00873,0.00699,0.0,0.0102,0.0119,0.05714
ClozapineDark_Individual:32,0.0448,0.02988,0.04155,0.02649,0.03863,0.02564,0.03689,0.0184,0.01802,0.00441,0.01685,0.0163,0.01961
ClozapineDark_Individual:13,0.05,0.06667,0.13043,0.08197,0.0,0.02941,0.0,0.02899,0.0,0.03509,0.01818,0.0303,0.01449
ClozapineDark_Individual:12,0.04027,0.03083,0.01508,0.0274,0.0,0.0,0.00654,0.01099,0.00769,0.04545,0.00617,0.00556,0.02
ClozapineDark_Individual:7;,0.03152,0.0321,0.02137,0.02538,0.01242,0.01042,0.01351,0.02174,0.02128,0.01786,0.00775,0.0,0.0
ClozapineDark_Individual:10,0.05618,0.01147,0.02116,0.01657,0.032,0,0.08108,0.03896,0.01455,0.01402,0.01418,0.02299,0.0
ClozapineDark_Individual:17,0.01931,0.0349,0.03571,0.05723,0.0061,0.00667,0.01274,0.01361,0.02963,0.03448,0.03684,0.02146,0.00625
ClozapineDark_Individual:16,0.03299,0.04721,0.04535,0.04975,0.02823,0.03947,0.04412,0.00885,0.02479,0.0,0.0,0.0,0.0
ClozapineDark_Individual:15,0.024,0.05283,0.04922,0.05941,0.01923,0.02721,0.03187,0.02907,0.02941,0.0297,0.0303,0.02041,0.01987
ClozapineDark_Individual:14,0.04631,0.0928,0.08981,0.04848,0.0378,0.01316,0.01266,0.01802,0.01325,0.00787,0.0411,0.00893,0.02062
CNODark_Individual:8;,0.0839,0.07901,0.1165,0.125,0.04865,0.05674,0.09244,0.07627,0.15315,0.08929,0.04545,0.07051,0.07438
CNODark_Individual:48,0.03341,0.02974,0.04633,0.04204,0.09048,0.08982,0.02703,0.06699,0.06077,0.02158,0.04706,0.06771,0.13768
CNODark_Individual:4;,0.01613,0.02902,0.03714,0.07059,0.06145,0.10377,0.02899,0.07463,0.03546,0.03226,0.03571,0.03846,0.05882
CNODark_Individual:40,0.01007,0.0,0.0,0.06667,0.03922,0.03488,0.0,0.0082,0.01333,0.0,0.0241,0.00752,0.0
CNODark_Individual:41,0.10833,0.048,0.05505,0.06796,0.02857,0.09859,0.13333,0.0,0.01786,0.06329,0.0,0.03774,0.0
CNODark_Individual:42,0.01786,0.03818,0.04444,0.07018,0.05143,0.07386,0.09091,0.07595,0.04124,0.05147,0.08163,0.0367,0.0625
CNODark_Individual:43,0.04132,0.05882,0.07407,0.07273,0.09023,0.08,0.05789,0.06329,0.03529,0.02581,0.03226,0.07107,0.01948
CNODark_Individual:44,0.0,0.00602,0.0,0.02913,0.02804,0.032,0.02326,0.03704,0.0,0.0,0.0625,0.03333,0.05435
CNODark_Individual:45,0.0528,0.07576,0.0,0,0.14286,0.07971,0.07246,0.07792,0.06494,0.09574,0.10588,0.07792,0.08955
CNODark_Individual:46,0.01195,0.05974,0.0462,0.04265,0.12329,0.08527,0.04965,0.04734,0.04082,0.02069,0.05,0.02239,0.05618
CNODark_Individual:47,0.00787,0.02451,0.01224,0.00495,0.02679,0.06329,0.08081,0.06452,0.02632,0.04878,0.03968,0.00549,0.04598
CNODark_Individual:2;,0.01087,0.02957,0.0,0.01575,0.05102,0.06481,0.08108,0.07059,0.04237,0.0303,0.07759,0.05674,0.06061
CNODark_Individual:28,0.02397,0.04598,0.056,0.03,0.03333,0.0,0.05319,0.03883,0.03774,0.09278,0.05618,0.00901,0.04
CNODark_Individual:29,0.04478,0.02083,0.02778,0.05357,0.01471,0.01961,0.0,0.0,0.04878,0.0,0.025,0.05797,0.025
CNODark_Individual:26,0.04948,0.0129,0.06957,0.03738,0.06796,0.06593,0.04651,0.05405,0.02985,0.0458,0.07692,0.0315,0.0303
CNODark_Individual:6;,0.02249,0.03193,0.02187,0.0437,0.05,0.03937,0.00813,0.01478,0.05376,0.03636,0.02825,0.02841,0.03727
CNODark_Individual:24,0.04925,0.06112,0.06686,0.10692,0.05333,0.08228,0.03356,0.0625,0.05732,0.05988,0.07027,0.03774,0.04545
CNODark_Individual:25,0.02949,0.00746,0.024,0.04124,0.03883,0.02899,0.025,0.13514,0.03488,0.01515,0.0,0.0,0.04762
CNODark_Individual:22,0.00868,0.01832,0.01231,0.02174,0.02551,0.03067,0.04965,0.00746,0.00752,0.03252,0.02299,0.03546,0.01695
CNODark_Individual:23,0.04573,0.03833,0.04905,0.10584,0.10132,0.06198,0.0221,0.09028,0.02069,0.04082,0.05556,0.05556,0.05263
CNODark_Individual:20,0.04762,0.05237,0.02927,0.02632,0.03057,0.04433,0.04425,0.0,0.04762,0.07317,0.16216,0.0,0.03846
CNODark_Individual:21,0.04179,0.03797,0.0274,0.07317,0.05674,0.05109,0.02098,0.0339,0.03185,0.07317,0.04545,0.02158,0.03175
CNODark_Individual:34,0.00521,0.01734,0.01734,0.04167,0.02381,0.03125,0.05738,0.04895,0.02941,0.02273,0.0219,0.04054,0.04717
CNODark_Individual:38,0.04193,0.02863,0.02878,0.0177,0.06612,0.02256,0.04545,0.04255,0.02703,0.03061,0.05263,0.04464,0.01117
CNODark_Individual:35,0.03561,0.03077,0.06667,0.0229,0.05932,0.05769,0.08081,0.04854,0.03306,0.03252,0.05512,0.025,0.07258
CNODark_Individual:27,0.04485,0.06397,0.06915,0.05233,0.03012,0.07438,0.08411,0.06422,0.07216,0.05747,0.05376,0.04717,0.10345
CNODark_Individual:11,0.01594,0.10703,0.12575,0.08205,0.09202,0.12403,0.16176,0.10606,0.11364,0.07586,0.05185,0.07547,0.08387
CNODark_Individual:37,0.04755,0.05195,0.05092,0.07084,0.06757,0.05814,0.05263,0.04651,0.07143,0.05952,0.03488,0.12329,0.06667
CNODark_Individual:36,0.03132,0.05263,0.02857,0.02797,0.096,0.08633,0.06015,0.02564,0.07759,0.00806,0.05172,0.05333,0.0614
CNODark_Individual:5;,0.04147,0.09382,0.08537,0.13978,0.13426,0.09756,0.04938,0.0559,0.04348,0.06452,0.03817,0.03361,0.07143
CNODark_Individual:9;,0.04667,0.08485,0.10133,0.10879,0.08511,0.0814,0.17117,0.125,0.09836,0.08451,0.08209,0.08,0.03448
CNODark_Individual:31,0.02896,0.06316,0.07661,0.03311,0.1,0.08421,0.10092,0.04762,0.0625,0.02521,0.09091,0.09615,0.06667
CNODark_Individual:30,0.04327,0.04121,0.05307,0.05703,0.0402,0.03571,0.0125,0.025,0.04301,0.05594,0.00565,0.0274,0.03247
CNODark_Individual:1;,0.02601,0.02892,0.06834,0.0284,0.02511,0.04247,0.06542,0.0534,0.06707,0.03896,0.0375,0.04375,0.08075
CNODark_Individual:19,0.01101,0.01575,0.00667,0.02542,0.02299,0.06024,0.0,0.0,0.0,0.0,0.03704,0.03704,0.09091
CNODark_Individual:18,0.02657,0.01653,0.01754,0.01695,0.05172,0.0,0.03509,0.01136,0.0339,0.0,0.09091,0.02632,0.03226
CNODark_Individual:39,0.03598,0.09048,0.08197,0.05051,0.03883,0.04545,0.07143,0.08,0.04478,0.01587,0.02198,0.04918,0.04
CNODark_Individual:33,0.02845,0.07692,0.03865,0.0614,0.01818,0.04065,0.07273,0.00847,0.03636,0.0315,0.0625,0.02655,0.03061
CNODark_Individual:3;,0.04335,0.0717,0.0396,0.03438,0.05119,0.03947,0.03256,0.04955,0.04202,0.01449,0.00885,0.01569,0.02381
CNODark_Individual:32,0.0262,0.05714,0.04598,0.07,0.07547,0.01942,0.01389,0.0,0.02041,0.02326,0.03509,0.07273,0.01695
CNODark_Individual:13,0.01473,0.03185,0.03727,0.04688,0.03061,0.0354,0.0274,0.05102,0.02885,0.03704,0.02439,0.03191,0.01905
CNODark_Individual:12,0.01799,0.04305,0.01463,0.02687,0.05021,0.02212,0.02927,0.02262,0.03067,0.03409,0.01266,0.02459,0.07407
CNODark_Individual:7;,0.02821,0.05488,0.03822,0.02158,0.0,0.0411,0.02247,0.01227,0.0107,0.02614,0.00943,0.04375,0.02273
CNODark_Individual:10,0.00398,0.02755,0.0622,0.03279,0.03937,0.04274,0.02632,0.05344,0.04082,0.0099,0.07895,0.03226,0.03704
CNODark_Individual:17,0.04219,0.08564,0.1134,0.08721,0.0991,0.12346,0.1194,0.11475,0.18182,0.2,0.20833,0.17778,0.05
CNODark_Individual:16,0.00535,0.03256,0.02206,0.03704,0.04762,0.06818,0.04167,0.02273,0.02857,0.01176,0.0625,0.03488,0.06494
CNODark_Individual:15,0.00833,0.04478,0.02326,0.04819,0.06,0.02439,0.05785,0.0,0.02899,0.06767,0.04938,0.06452,0.04706
CNODark_Individual:14,0.02769,0.02632,0.03762,0.01521,0.03315,0.03226,0.02632,0.04348,0.03049,0.02424,0.04965,0.05128,0.07692
HaloperidolDark_Individual:8;,0.03427,0.07843,0.04324,0.01442,0.02198,0.00556,0.01345,0.00571,0.0,0.0,0.0,0.04587,0.01961
HaloperidolDark_Individual:48,0.06271,0.05364,0.05714,0.03333,0.0,0.0,0.04762,0.04444,0.02222,0.06061,0.03261,0.04225,0.05556
HaloperidolDark_Individual:4;,0.02121,0.01505,0.02099,0.00743,0.02577,0.01826,0.02778,0.03955,0.00385,0.0059,0.01013,0.00361,0.03409
HaloperidolDark_Individual:40,0.03306,0.02078,0.0382,0.03139,0.04293,0.03673,0.0125,0.02239,0.04494,0.01887,0.02247,0.00901,0.02667
HaloperidolDark_Individual:41,0.01482,0.02135,0.01007,0.01865,0,0.08197,0.07955,0.01333,0.0084,0.04,0.03922,0.02778,0.0
HaloperidolDark_Individual:42,0.02328,0.0466,0.02679,0.05986,0.04167,0.02996,0.05366,0.04,0.07971,0.09202,0.03191,0.12598,0.07752
HaloperidolDark_Individual:43,0.01675,0.02392,0.00855,0.01778,0.03646,0.04217,0.0,0.02564,0.03067,0.02008,0.03665,0.03468,0.02424
HaloperidolDark_Individual:44,0.03789,0.05592,0.11264,0.21138,0.07843,0.11458,0.08571,0.04938,0.11579,0.03614,0.02222,0.1,0.07609
HaloperidolDark_Individual:45,0.04054,0.0403,0.08525,0.10895,0.12605,0.10465,0.125,0.08125,0.02797,0.04217,0.13924,0.13095,0.13115
HaloperidolDark_Individual:46,0.01028,0.04174,0.03688,0.06198,0.04348,0.06667,0.09211,0.03111,0.07865,0.02703,0.01786,0.04545,0.03125
HaloperidolDark_Individual:47,0.00826,0.01727,0.03646,0.01422,0.02041,0.08791,0.01802,0.01481,0.00877,0.03922,0.02151,0.02778,0.0
HaloperidolDark_Individual:2;,0.07671,0.04627,0.04014,0.0235,0.03429,0.04177,0.03956,0.02534,0.0218,0.01987,0.01786,0.00395,0.01582
HaloperidolDark_Individual:28,0.02934,0.01911,0.02609,0.01579,0.02083,0.03977,0.0117,0.00858,0.0087,0.03067,0.03953,0.02353,0.01316
HaloperidolDark_Individual:29,0.02941,0.01667,0.09639,0.05455,0.07258,0.06742,0.01744,0.0,0.00562,0.0,0.0,0.0625,0.0339
HaloperidolDark_Individual:26,0.04779,0.0184,0.0,0.0,0.0,0.0,0.0,0.0,0,0.0,0,0,0
HaloperidolDark_Individual:6;,0.01685,0.0,0.03008,0.01316,0.02273,0.02,0.01124,0.15309,0.00855,0.01394,0.02885,0.0,0.03061
HaloperidolDark_Individual:24,0.02118,0.02762,0.07289,0.07229,0.04365,0.02116,0.01449,0.03659,0.01205,0.02581,0.02143,0.01361,0.01911
HaloperidolDark_Individual:25,0.03861,0.02606,0.01887,0.0201,0.03433,0.03797,0.00971,0.0,0.0,0.0,0.0,0.00704,0.0
HaloperidolDark_Individual:22,0.03618,0.04754,0.0331,0.03476,0.04138,0.06,0.04202,0.02439,0.01282,0.03012,0.03125,0.02113,0.02759
HaloperidolDark_Individual:23,0.03741,0.04167,0.03774,0.0428,0.03991,0.01951,0.00364,0.03659,0.02232,0.0411,0.01471,0.01422,0.01345
HaloperidolDark_Individual:20,0.0297,0.04757,0.05501,0.09942,0.07143,0.05846,0.08333,0.032,0.10577,0.04206,0.05213,0.08284,0.04831
HaloperidolDark_Individual:21,0.03854,0.05888,0.04358,0.03412,0.03146,0.07232,0.04416,0.0293,0.05172,0.07813,0.05814,0.03727,0.02899
HaloperidolDark_Individual:34,0.01898,0.01647,0.03196,0.02204,0.02793,0.01481,0.01942,0.10959,0.01439,0.02247,0.0,0.09804,0.03175
HaloperidolDark_Individual:38,0.01565,0.0178,0.07339,0.05398,0.04688,0.0,0.03922,0.02041,0.03448,0.02703,0.01538,0.01739,0.0315
HaloperidolDark_Individual:35,0.03291,0.01976,0.04231,0.05088,0.07232,0.07175,0.07556,0.04439,0.07265,0.06419,0.07345,0.05761,0.0303
HaloperidolDark_Individual:27,0.03994,0.05137,0.04138,0.04322,0.02852,0.04282,0.05682,0.05911,0.04779,0.04329,0.03911,0.0292,0.032
HaloperidolDark_Individual:11,0.01165,0.02571,0.01128,0.01905,0.02339,0.01923,0.05,0.02667,0.00741,0.03788,0.025,0.02069,0.05155
HaloperidolDark_Individual:37,0.05017,0.05031,0.03226,0.03974,0.01987,0.01587,0.00758,0.0,0.01282,0.0398,0.0303,0.00763,0.0
HaloperidolDark_Individual:36,0.04811,0.07025,0.11011,0.10106,0.1165,0.0363,0.08679,0.04211,0.00939,0.08387,0.02941,0.04955,0.03977
HaloperidolDark_Individual:5;,0.04746,0.0413,0.03894,0.02635,0.02527,0.03733,0.03512,0.01961,0.02644,0.02773,0.01823,0.01796,0.00877
HaloperidolDark_Individual:9;,0.0436,0.03776,0.0571,0.06226,0.05533,0.09778,0.06627,0.05747,0.07031,0.06522,0.02727,0.01579,0.01829
HaloperidolDark_Individual:31,0.01687,0.03351,0.04068,0.03564,0.04972,0.04167,0.03352,0.05856,0.03292,0.01481,0.03053,0.01058,0.0
HaloperidolDark_Individual:30,0.03404,0.03049,0.02345,0.03628,0.01351,0.00943,0.00418,0.0119,0.01498,0.00838,0.00597,0.0,0.0
HaloperidolDark_Individual:1;,0.04202,0.05108,0.03233,0.04023,0.0339,0.02105,0.02273,0.01515,0.01099,0.05093,0.02786,0.02083,0.02867
HaloperidolDark_Individual:19,0.00956,0.01538,0.016,0.01422,0.00562,0.00735,0.01899,0.00549,0.00709,0.0101,0.00709,0.0099,0.0
HaloperidolDark_Individual:18,0.0399,0.05789,0.02905,0.06044,0.03896,0.04487,0.06957,0.08108,0.05042,0.05556,0.06422,0.02885,0.0
HaloperidolDark_Individual:39,0.01051,0.0354,0.05967,0.07436,0.06275,0.01005,0.03378,0.0177,0.02564,0.01075,0.03797,0.02158,0.0
HaloperidolDark_Individual:33,0.02632,0.07308,0.07042,0.06316,0.05063,0.1,0.0297,0.00855,0.0099,0.0099,0.00667,0.00885,0.02632
HaloperidolDark_Individual:3;,0.04823,0.04596,0.04405,0.05014,0.03306,0.04709,0.02439,0.02717,0.00464,0.01524,0.01449,0.02174,0.01493
HaloperidolDark_Individual:32,0.03917,0.03439,0.01304,0.00459,0.02439,0.03415,0.0199,0.04734,0.0339,0.01515,0.01408,0.11111,0.0
HaloperidolDark_Individual:13,0.0422,0.03974,0.04128,0.05797,0.1,0.0339,0.0,0.05128,0.03409,0.0,0.17039,0.05,0.02597
HaloperidolDark_Individual:12,0.00686,0.00738,0.02236,0.00405,0.02,0.02239,0.01156,0.0,0.02841,0.01099,0.03371,0.01538,0.0
HaloperidolDark_Individual:7;,0.04502,0.06626,0.05636,0.07763,0.06948,0.0592,0.07933,0.05191,0.10178,0.08211,0.10714,0.04918,0.10169
HaloperidolDark_Individual:10,0.02597,0.05707,0.04348,0.06494,0.05848,0.08182,0.0,0.04054,0.04348,0.05263,0.02041,0.01351,0.04688
HaloperidolDark_Individual:17,0.02431,0.02574,0.02676,0.03374,0.02597,0.02449,0.0237,0.02151,0.01261,0.01754,0.03977,0.01143,0.02548
HaloperidolDark_Individual:16,0.01742,0.02422,0.03855,0.03691,0.04724,0.0898,0.0411,0.0199,0.02577,0.04938,0.04819,0.025,0.03371
HaloperidolDark_Individual:15,0.01527,0.01389,0.02448,0.02575,0.03395,0.04545,0.02073,0.02041,0.03448,0.0297,0.01527,0.03876,0.04464
HaloperidolDark_Individual:14,0.00371,0.01792,0.01308,0.01466,0.0625,0.01075,0.02581,0.02186,0.02347,0.02646,0.0,0.01389,0.0219
NDMCDark_Individual:8;,0.01584,0.02239,0.01734,0.02976,0.0,0.07937,0.03448,0.05814,0.04545,0.05797,0.0,0.05,0.0
NDMCDark_Individual:48,0.05806,0.04745,0.05426,0.0625,0.16219,0.12,0.07407,0.06383,0.05085,0.02381,0.0,0.02381,0.07407
NDMCDark_Individual:4;,0.05556,0.0,0.0,0.0,0.0,0.0,0.0,0.0,0.0,0,0,0.02439,0.0
NDMCDark_Individual:40,0.02095,0.02555,0.03215,0.0223,0.03659,0.03064,0.0234,0.01946,0.00752,0.00571,0.01646,0.0,0.00758
NDMCDark_Individual:41,0.01691,0.01636,0.0297,0.01416,0.01342,0.0212,0.00935,0.01934,0.01878,0.01376,0.0,0.0,0.0
NDMCDark_Individual:42,0.07519,0.01923,0.05128,0,0,0.0,0.03175,0.0,0.0,0.0,0.0,0,0.0
NDMCDark_Individual:43,0.0374,0.04132,0.04916,0.04545,0.01145,0.05298,0.07143,0.01031,0.0,0.01333,0.00943,0.04274,0.0
NDMCDark_Individual:44,0.04189,0.02767,0.03836,0.0306,0.02426,0.02092,0.03226,0.02685,0.01111,0.0,0.0,0.0,0.01786
NDMCDark_Individual:45,0.02234,0.05263,0.05211,0.02759,0.02632,0.01835,0.04598,0.02344,0.04211,0.04237,0.02899,0.04211,0.01905
NDMCDark_Individual:46,0.01721,0.02906,0.0545,0.04695,0.05893,0.05135,0.02667,0.01887,0.0303,0.025,0.03226,0.03922,0.0
NDMCDark_Individual:47,0.01549,0.03587,0.04006,0.04078,0.03607,0.01176,0.09677,0.048,0.0,0.07059,0.02299,0.04301,0.07447
NDMCDark_Individual:2;,0.06667,0.06915,0.06963,0.06858,0.07752,0.05,0.33333,0.0,0.02632,0.0,0.0,0.0,0.02564
NDMCDark_Individual:28,0.05639,0.03885,0.025,0.0791,0.03226,0.0107,0.01163,0.0,0.03478,0.04615,0.0625,0.05556,0.07143
NDMCDark_Individual:29,0.04061,0.0375,0.01695,0.05769,0.0,0.02632,0.0,0.06,0.0,0.16854,0.15331,0.16458,0.0
NDMCDark_Individual:26,0.01367,0.03475,0.02356,0.06395,0.10345,0.0,0.04054,0.02484,0.0,0.04545,0,0.0641,0.0
NDMCDark_Individual:6;,0.00539,0.03274,0.02279,0.03015,0.01791,0.03757,0.03398,0.03846,0.01575,0.01887,0.0,0.02609,0.0049
NDMCDark_Individual:24,0.02736,0.01031,0.04444,0.06226,0.01887,0.03297,0.03,0.06667,0.05263,0.06061,0.03947,0.06579,0.03546
NDMCDark_Individual:25,0.03276,0.05859,0.02529,0.04157,0.03373,0.05405,0.05867,0.059,0.1371,0.10811,0.0614,0.03911,0.00629
NDMCDark_Individual:22,0.01898,0.04963,0.06691,0.06931,0.04983,0.02586,0.01709,0,0.0,0.0,0.0241,0.04762,0.14894
NDMCDark_Individual:23,0.02632,0.0542,0.07337,0.11656,0.04887,0.01911,0.04188,0.04615,0.04132,0.02174,0.0184,0.03896,0.04054
NDMCDark_Individual:20,0.01299,0.05942,0.01193,0.04375,0.01408,0.0101,0.0,0.0,0.0,0.03333,0.0,0.05063,0.0
NDMCDark_Individual:21,0.02308,0.02632,0,0.0,0,0.13253,0.0,0.17258,0.0,0.01538,0.15118,0,0.0
NDMCDark_Individual:34,0.05117,0.0738,0.08511,0.07323,0.10152,0.0531,0.07407,0.06122,0.02797,0.07447,0.0098,0.02105,0.09211
NDMCDark_Individual:38,0.02174,0.03093,0.05324,0.05114,0.07407,0.08219,0.17391,0.0367,0.0177,0.03738,0.02128,0.0303,0.01099
NDMCDark_Individual:35,0.02592,0.03676,0.05039,0.0495,0.0495,0.04545,0.02062,0.06579,0.02609,0.11111,0.0404,0.0,0.0
NDMCDark_Individual:27,0.0,0,0.15806,0.15916,0.0,0.03509,0.0,0.0,0.0,0.0,0.0,0.0,0.0
NDMCDark_Individual:11,0.01415,0,0,0.0,0,0.0,0.0,0.0,0.04651,0.00791,0.01322,0.0,0.0
NDMCDark_Individual:37,0.01942,0.08925,0.11315,0.06122,0.06452,0.0411,0.03704,0.0,0.0,0.0,0.0,0.0137,0.05263
NDMCDark_Individual:36,0.03539,0.0329,0.02041,0.03074,0.02689,0.04638,0.02336,0.085,0.03797,0.06608,0.025,0.01667,0.05109
NDMCDark_Individual:5;,0.02832,0.02289,0.02962,0.01629,0.04144,0.03516,0.09728,0.05195,0.0,0.04054,0.06154,0.09302,0.08046
NDMCDark_Individual:9;,0.04374,0.03197,0.07706,0.09808,0.07668,0.08056,0.0625,0.11585,0.06452,0.06897,0.04255,0.04082,0.00962
NDMCDark_Individual:31,0.03725,0.05394,0.08718,0.22727,0.22222,0.13043,0.13043,0.02439,0.2,0.0,0.0,0.2381,0.2
NDMCDark_Individual:30,0.04651,0.0,0.00758,0.0,0.0,0.0,0,0.0,0.06452,0.02,0.0,0.0,0.03704
NDMCDark_Individual:1;,0.02622,0.0347,0.02919,0.03965,0.05583,0.03276,0.02456,0.0,0.0,0.0,0.0,0.0,0.07692
NDMCDark_Individual:19,0.02182,0.05702,0.04348,0.03738,0.02899,0.0122,0.04464,0.01408,0.02186,0.02235,0.01724,0.03125,0.01183
NDMCDark_Individual:18,0.03316,0.02892,0.02703,0.06667,0.09091,0.07692,0.0,0.03636,0.13793,0.0,0.0,0.0,0.0
NDMCDark_Individual:39,0.02427,0.02136,0.03059,0.03035,0.03825,0.07463,0.20833,0.10145,0.04167,0.04706,0.02667,0.0241,0.05376
NDMCDark_Individual:33,0.03891,0.03469,0.03587,0.04475,0.04046,0.04301,0.03077,0.0303,0.03077,0.04348,0.03125,0.07273,0.01676
NDMCDark_Individual:3;,0.04211,0.05187,0.04925,0.03432,0.0,0.14286,0.04348,0.02564,0.09836,0.01429,0.02273,0.125,0.03774
NDMCDark_Individual:32,0.02523,0.03867,0.02481,0.06918,0.02817,0,0.0,0.0,0.0,0.0,0.0,0.0,0.0
NDMCDark_Individual:13,0.03509,0.04734,0.0285,0.05738,0.04723,0.04902,0.03908,0.03917,0.03167,0.05189,0.02057,0.0369,0.03571
NDMCDark_Individual:12,0.02708,0.03297,0.14815,0.06527,0.03093,0.0,0.06061,0.0,0.06977,0.01887,0.06667,0.06667,0.02299
NDMCDark_Individual:7;,0.03396,0.02769,0.01354,0.02778,0.26087,0.0,0.01111,0.0,0.0,0.0367,0,0.04762,0.15166
NDMCDark_Individual:10,0.05357,0.02609,0.03966,0.03691,0.00725,0.00481,0.00847,0.01653,0.00296,0.01389,0.02747,0.04375,0.0
NDMCDark_Individual:17,0.00882,0.03055,0.017,0.04015,0.03704,0.01939,0.0,0.02,0.01493,0,0,0,0.0
NDMCDark_Individual:16,0.05577,0.01768,0.03846,0.01391,0.04089,0.01813,0.02254,0.00913,0.06275,0.04231,0.08633,0.02548,0.02952
NDMCDark_Individual:15,0.00156,0.01301,0.01475,0.00629,0.00585,0.00621,0.00559,0.04167,0.05,0.0,0,0.0,0.01205
NDMCDark_Individual:14,0.02364,0.02821,0.06373,0.06053,0.05556,0.07042,0.07292,0.04348,0.03077,0.02454,0.0,0.0122,0.01887
NDMCHighDark_Individual:8;,0.01601,0.00887,0.0,0.0,0.0,0.01905,0.0,0.0,0.01235,0.0,0.02041,0.01117,0.01282
NDMCHighDark_Individual:48,0.01433,0.02086,0.04176,0.03763,0.02857,0.04138,0.04211,0.02033,0.04678,0.01613,0.01364,0.01042,0.01951
NDMCHighDark_Individual:4;,0.02326,0.02151,0.02484,0.02286,0.01026,0.00662,0.03636,0.01299,0.0,0.0,0.0,0.0,0.0
NDMCHighDark_Individual:40,0.03636,0.02135,0.00896,0.0,0.15413,0.0,0.0,0.01449,0.0354,0.0,0.0,0.0,0.01081
NDMCHighDark_Individual:41,0.03413,0.05484,0.0,0,0.0,0.0,0.0,0,0.02857,0.0,0.02479,0.04444,0.0
NDMCHighDark_Individual:42,0.04464,0.03734,0.02222,0.02766,0.01613,0.01923,0.05447,0.04068,0.02642,0.00505,0.0,0.01274,0.01508
NDMCHighDark_Individual:43,0.0117,0.01713,0.00433,0.0,0.02857,0.00775,0.01325,0.0,0.02439,0.0,0.0,0.0,0.0
NDMCHighDark_Individual:44,0.02505,0.02924,0.02309,0.03599,0.05286,0.02242,0.02685,0.02625,0.01521,0.0066,0.00357,0.01656,0.01042
NDMCHighDark_Individual:45,0.02199,0.02074,0.00508,0.06081,0.0354,0.03093,0.04839,0.02367,0.02597,0.03297,0.01266,0.05696,0.0431
NDMCHighDark_Individual:46,0.00522,0.05325,0.01,0.05714,0.0,0.05556,0.07368,0.01653,0.04762,0.05405,0.02381,0.07353,0.01515
NDMCHighDark_Individual:47,0.02936,0.01277,0.02727,0.03947,0.09286,0.04372,0.02727,0.0,0.02256,0.02532,0.0,0.01667,0.05442
NDMCHighDark_Individual:2;,0.03226,0.04237,0.00658,0.0,0.01149,0.0,0.03472,0.00493,0.02198,0.01796,0.02809,0.00521,0.00658
NDMCHighDark_Individual:28,0.02304,0.00702,0.03151,0.0396,0.04615,0.03137,0.03911,0.02542,0.01163,0.0359,0.03415,0.02825,0.0203
NDMCHighDark_Individual:29,0.03653,0.0,0.00388,0.0069,0.01923,0.02525,0.01299,0.03145,0.01212,0.0614,0.02778,0.01724,0.00637
NDMCHighDark_Individual:26,0.0221,0.02941,0.05473,0.01613,0.03333,0.01258,0.05172,0.00606,0.03352,0.00971,0.02797,0.01575,0.0
NDMCHighDark_Individual:6;,0.02687,0.03922,0.03947,0.06077,0.075,0.04717,0.075,0.02252,0.03145,0.02857,0.02899,0.01705,0.02273
NDMCHighDark_Individual:24,0.03096,0.0407,0.04499,0.01754,0.02609,0.03723,0.04739,0.02358,0.03,0.01705,0.02985,0.02372,0.05031
NDMCHighDark_Individual:25,0.1082,0,0.03409,0.0,0.0,0.0,0.0,0.0,0.0,0.0,0.0,0.0,0.0
NDMCHighDark_Individual:22,0.01406,0.03906,0.0195,0.06691,0.04667,0.01754,0.05517,0.00976,0.0404,0.0098,0.01887,0.02299,0.03727
NDMCHighDark_Individual:23,0.01411,0.02414,0.03931,0.0264,0.03015,0.03883,0.02878,0.01657,0.06034,0.00847,0.00813,0.0367,0.01351
NDMCHighDark_Individual:20,0.02101,0.0311,0.0241,0.00719,0.00383,0.02952,0.02548,0.0,0.01099,0.03015,0.02235,0.01747,0.01339
NDMCHighDark_Individual:21,0.00949,0.03303,0.02341,0.0068,0.01653,0.01923,0.0,0.01471,0.03774,0.04225,0.01389,0.0,0.0
NDMCHighDark_Individual:34,0.01718,0.01304,0.01212,0.01119,0.01047,0.02326,0.02041,0.00855,0.01351,0.0101,0.02222,0.01818,0.03185
NDMCHighDark_Individual:38,0.04444,0.0198,0.03736,0.01575,0.00621,0.0061,0.0068,0.0,0.00746,0.02542,0.0,0.00855,0.005
NDMCHighDark_Individual:35,0.04332,0.07331,0.06278,0.00893,0.0,0.0084,0.03268,0.00503,0.03125,0.008,0.0,0.0,0.0
NDMCHighDark_Individual:27,0.0461,0.025,0.02381,0.02941,0.0463,0.02564,0.0,0.0,0.0,0.0,0.0,0.0,0.0
NDMCHighDark_Individual:11,0.02016,0.0229,0.06044,0.0,0,0.0,0.0,0.02273,0.0,0.0,0.0,0.0,0.0
NDMCHighDark_Individual:37,0.03462,0.02156,0.0216,0.02521,0.0,0,0.17599,0,0.01923,0,0.0,0.0,0.00847
NDMCHighDark_Individual:36,0.0402,0.03565,0.01932,0.0,0.07143,0.01053,0.01031,0.0,0.02703,0.0,0.03175,0.0,0.0
NDMCHighDark_Individual:5;,0.04647,0.05178,0.04054,0.02174,0.04828,0.0,0.0283,0.01695,0.00704,0.0082,0.00641,0.05882,0.00926
NDMCHighDark_Individual:9;,0.01585,0.00833,0.01382,0.00804,0.03226,0.0229,0.03614,0.01235,0.0,0.0292,0.0381,0.01333,0.00671
NDMCHighDark_Individual:31,0.0153,0.00428,0.01031,0.02525,0.03333,0.03261,0.0495,0.0,0.01905,0.0,0.01149,0.01754,0.0
NDMCHighDark_Individual:30,0.04013,0.04848,0.06349,0.07175,0.07895,0.03863,0.01923,0.01266,0.01136,0.02604,0.02158,0.04902,0.05917
NDMCHighDark_Individual:1;,0.05769,0.06488,0.05023,0.11504,0.05512,0.05714,0.04717,0.01581,0.04023,0.02516,0.02649,0.02717,0.04564
NDMCHighDark_Individual:19,0.01023,0.01333,0.02446,0.04485,0.10303,0.03497,0.05405,0.00905,0.03743,0.00592,0.01064,0.00806,0.01739
NDMCHighDark_Individual:18,0.02785,0.0371,0.0274,0.03261,0.02586,0.00606,0.03429,0.0,0.03017,0.03226,0.01932,0.0,0.0
NDMCHighDark_Individual:39,0.02392,0.03063,0.11409,0.2,0.04636,0.02062,0.14718,0.05882,0.16193,0.00943,0.0,0.0,0.0
NDMCHighDark_Individual:33,0.0439,0.0266,0.01575,0.06897,0.05426,0.03046,0.0198,0.03165,0.05114,0.0119,0.06299,0.024,0.01345
NDMCHighDark_Individual:3;,0.03817,0.02814,0.03582,0.05729,0.04969,0.02051,0.04147,0.01254,0.0211,0.05556,0.05263,0.01657,0.03015
NDMCHighDark_Individual:32,0.02315,0.01563,0.01111,0.01639,0.03077,0.01307,0.01887,0.01942,0.0,0.01087,0.0,0.0,0.0
NDMCHighDark_Individual:13,0.09606,0.07365,0.05516,0.04024,0.08571,0.0,0.08654,0.0,0.08621,0.03571,0.01923,0.0274,0.04082
NDMCHighDark_Individual:12,0.03402,0.02519,0.03509,0.05357,0.0,0.01429,0.05921,0.01235,0.02632,0.03871,0.04762,0.03067,0.0
NDMCHighDark_Individual:7;,0.04027,0.01887,0.03754,0.02326,0.02667,0.02899,0.01212,0.00629,0.02151,0.02703,0.0122,0.01626,0.00826
NDMCHighDark_Individual:10,0.01006,0.00844,0.01136,0.01198,0.0,0.0051,0.00641,0.00746,0.01709,0.01042,0.01408,0.0,0.0098
NDMCHighDark_Individual:17,0.02412,0.01429,0.03043,0.01524,0.02655,0.0299,0.08974,0.00719,0.01235,0.0,0.03922,0.0,0.05
NDMCHighDark_Individual:16,0.0241,0.02477,0.01,0.00977,0.01206,0.01673,0.02363,0.02544,0.03064,0.04484,0.025,0.0,0.0
NDMCHighDark_Individual:15,0.05272,0.07143,0.02913,0.15813,0.0,0.0,0.00837,0.00725,0.00746,0.01948,0.0119,0.01504,0.01575
NDMCHighDark_Individual:14,0.02893,0.02158,0.01351,0.0061,0.03371,0.0,0.00881,0.00889,0.00662,0.00667,0.01064,0.02727,0.01531
OSU6162Dark_Individual:8;,0.03941,0.0506,0.05263,0.0,0.11111,0.0,0.09524,0.16667,0.04762,0,0.04878,0.0,0.06667
OSU6162Dark_Individual:48,0.10239,0.11731,0.18702,0.28814,0.2625,0.21538,0.21818,0.07895,0.13115,0.12727,0.19149,0.11905,0.0566
OSU6162Dark_Individual:4;,0.03693,0.10189,0.15347,0.09859,0.09091,0.14286,0.15625,0.33333,0.08929,0.14286,0.18182,0.1,0.2
OSU6162Dark_Individual:40,0.04826,0.02626,0.03778,0.05212,0.03684,0.03125,0.04286,0.04878,0.04724,0.0375,0.11905,0.06711,0.04082
OSU6162Dark_Individual:41,0.04259,0.0273,0.02612,0.06356,0.06742,0.05085,0.1087,0.10417,0.03774,0.11364,0.11111,0.06349,0.05714
OSU6162Dark_Individual:42,0.05589,0.06359,0.0406,0.02273,0.02105,0.07692,0.03226,0.0,0.0,0.0,0.0,0.0,0.0
OSU6162Dark_Individual:43,0.0492,0.05767,0.03499,0.02733,0.03846,0.04043,0.05263,0.07391,0.07265,0.07143,0.12941,0.03774,0.06481
OSU6162Dark_Individual:44,0.01323,0.02491,0.04938,0.0626,0.06314,0.07942,0.08333,0.08333,0.09091,0.01887,0.13793,0.26316,0.05556
OSU6162Dark_Individual:45,0.0122,0.0389,0.03636,0.07311,0.06825,0.02985,0.06349,0.05263,0.0566,0.04286,0.02041,0.04762,0.01869
OSU6162Dark_Individual:46,0.04921,0.04239,0.03871,0.05128,0.075,0.02113,0.06122,0.02679,0.01667,0.01653,0.02874,0.01739,0.09574
OSU6162Dark_Individual:47,0.04558,0.07414,0.06341,0.12791,0.06109,0.08759,0.11111,0.0,0,0.04762,0.0,0.0,0.06818
OSU6162Dark_Individual:2;,0.0292,0.10433,0.0668,0.06294,0.07692,0.01299,0.02878,0.07792,0.03509,0.07937,0.02326,0.0,0.06667
OSU6162Dark_Individual:28,0.049,0.103,0.03333,0.10294,0.2,0.10526,0.04545,0.0,0.0,0.33333,0.0,0,0.14634
OSU6162Dark_Individual:29,0.02443,0.02273,0.04013,0.03647,0.05973,0.07862,0.04938,0.07143,0.11321,0.0,0.05172,0.06,0.0303
OSU6162Dark_Individual:26,0.0754,0.14085,0.16129,0.31429,0.18367,0.05128,0.08511,0.0,0.0,0.08772,0.05625,0.0,0.0
OSU6162Dark_Individual:6;,0.06082,0.13315,0.10811,0.0,0.0,0.0,0.0,0,0,0.0,0,0.07182,0.0
OSU6162Dark_Individual:24,0.01711,0.0487,0.04423,0.05788,0.07857,0.06,0.07143,0.05612,0.10615,0.09677,0.0,0.06,0.13514
OSU6162Dark_Individual:25,0.03406,0.0758,0.05602,0.07784,0.08333,0.0,0.0,0.0,0.0,0,0.0,0,0.08
OSU6162Dark_Individual:22,0.05467,0.07133,0.04643,0.05386,0.02,0.04082,0.04167,0.02222,0.02174,0.01429,0.01724,0.0,0.0125
OSU6162Dark_Individual:23,0.05464,0.02685,0.06977,0.03096,0.00763,0.01316,0.04545,0.05714,0.05603,0.0,0.02247,0.0,0.04348
OSU6162Dark_Individual:20,0.04953,0.04456,0.06458,0.07982,0.07895,0.12105,0.09459,0.22222,0.09259,0.0,0.08696,0.0,0.10127
OSU6162Dark_Individual:21,0.07346,0.08911,0.07249,0.0777,0.16964,0.03158,0.08571,0.05405,0.11594,0.06122,0.01163,0.07692,0.06
OSU6162Dark_Individual:34,0.0448,0.04712,0.08969,0.06022,0.0692,0.07418,0.05556,0.13462,0.01277,0.04688,0.05455,0.09333,0.02273
OSU6162Dark_Individual:38,0.03269,0.04381,0.0177,0.04286,0.0443,0.06818,0.02703,0.03571,0.05882,0.03509,0.0,0.0,0.03846
OSU6162Dark_Individual:35,0.0296,0.03975,0.05263,0.08172,0.11642,0.11017,0.07263,0.09449,0.06918,0.0813,0.08527,0.06838,0.03306
OSU6162Dark_Individual:27,0.01533,0.03518,0.03846,0.01205,0.01408,0.1,0.10714,0.02222,0.02632,0.06557,0.025,0.01282,0.01961
OSU6162Dark_Individual:11,0.0267,0.0414,0.04264,0.01728,0.03571,0.0,0.01942,0.01493,0.0137,0.0,0.0,0.03571,0.0
OSU6162Dark_Individual:37,0.04589,0.04022,0.06489,0.05495,0.06105,0.06725,0.07399,0.04222,0.06949,0.07558,0.05098,0.05245,0.01953
OSU6162Dark_Individual:36,0.05363,0.07536,0.06407,0.10843,0.09375,0.01961,0.0597,0.05,0.0,0.08642,0.03704,0.04444,0.08333
OSU6162Dark_Individual:5;,0.00749,0.0336,0.03896,0.02989,0.01587,0.04545,0.0,0.02655,0.01905,0.0,0.00909,0.0,0.0
OSU6162Dark_Individual:9;,0.02093,0.03401,0.04231,0.09728,0.05654,0.07143,0.02326,0.03636,0.07576,0.04615,0.03704,0.07547,0.04082
OSU6162Dark_Individual:31,0.02507,0.04011,0.0319,0.04339,0.0542,0.07177,0.06849,0.05455,0.04286,0.04762,0.0,0.0,0.0
OSU6162Dark_Individual:30,0.0274,0.04677,0.05116,0.03614,0.03896,0.0,0.02564,0.11628,0.0597,0.12,0.02667,0.06061,0.0
OSU6162Dark_Individual:1;,0.02386,0.03704,0.05556,0.01754,0.01961,0.04839,0.01754,0.0,0.0,0.01515,0.04225,0.01333,0.03571
OSU6162Dark_Individual:19,0.06385,0.07085,0.07534,0.08244,0.09217,0.03356,0.03279,0.09836,0.07292,0.12069,0.01724,0.02273,0.02985
OSU6162Dark_Individual:18,0.04786,0.09661,0.075,0.09983,0.12254,0.13164,0.03483,0.10204,0.07692,0.02353,0.05455,0.04444,0.0
OSU6162Dark_Individual:39,0.0711,0.04355,0.02552,0.05167,0.03846,0.06542,0.06122,0.0463,0.03846,0.0628,0.0404,0.02439,0.01282
OSU6162Dark_Individual:33,0.05616,0.09141,0.09269,0.07164,0.09677,0.0,0.0274,0.02703,0.06849,0.01429,0.07595,0.05208,0.01053
OSU6162Dark_Individual:3;,0.04432,0.09804,0.07643,0.09636,0.0911,0.07879,0.13136,0.06471,0.09449,0.05143,0.07104,0.07971,0.05442
OSU6162Dark_Individual:32,0.03288,0.06606,0.12466,0.08108,0.09278,0.14754,0.08046,0.16883,0.17568,0.16216,0.08235,0.08333,0.05319
OSU6162Dark_Individual:13,0.02933,0.02996,0.0212,0.02365,0.02817,0.03509,0.01471,0.00645,0.05063,0.04054,0.01587,0.09375,0.05806
OSU6162Dark_Individual:12,0.01475,0.01675,0.06309,0.04063,0.03636,0.07317,0.01667,0.09756,0.05405,0.0,0.02922,0.04545,0.15
OSU6162Dark_Individual:7;,0.03583,0.03944,0.04909,0.02144,0.04046,0.04237,0.03106,0.075,0.05405,0.07843,0.03311,0.05376,0.10294
OSU6162Dark_Individual:10,0.0481,0.04898,0.04791,0.04852,0.06044,0.10753,0.02484,0.09524,0.02105,0.05435,0.03125,0.12766,0.03509
OSU6162Dark_Individual:17,0.04228,0.03604,0.03318,0.05021,0.04225,0.04839,0.08197,0.04032,0.04,0.05294,0.0566,0.04918,0.02151
OSU6162Dark_Individual:16,0.05143,0.0477,0.06144,0.0375,0.05435,0.02308,0.04054,0.05556,0.00787,0.0,0.12121,0.03636,0.0
OSU6162Dark_Individual:15,0.01792,0.01103,0.01412,0.01976,0.0,0,0,0.15195,0.0,0.0,0.03226,0.2,0.07692
OSU6162Dark_Individual:14,0.02651,0.03356,0.03679,0.02299,0.02326,0.02791,0.04,0.02083,0.33333,0.0,0.11111,0.09091,0
PCAP1Dark_Individual:8;,0.07062,0.05,0.05354,0.0,0.0,0.0,0.02222,0.16667,0.0,0.0,0.0,0.15187,0.0
PCAP1Dark_Individual:48,0.0453,0.04698,0.04839,0.01987,0.00685,0.01399,0.00526,0.00676,0.01863,0.0,0.00585,0.00562,0.0
PCAP1Dark_Individual:4;,0.0,0.0,0.01342,0.01282,0.0,0.0,0.0,0.00617,0.0,0.0,0.0,0.0,0.0
PCAP1Dark_Individual:40,0.0381,0.04587,0.04587,0.04651,0.0,0.07407,0.01053,0.01942,0.00847,0.05319,0.02679,0.02727,0.04167
PCAP1Dark_Individual:41,0.0099,0.02326,0.03333,0.05128,0.06667,0.0,0.15246,0.07143,0.08333,0.0,0.02564,0.12561,0.11061
PCAP1Dark_Individual:42,0.08136,0.12088,0.04225,0.06667,0.09877,0.06522,0.04688,0.03409,0.01149,0.04211,0.01587,0.05263,0.02632
PCAP1Dark_Individual:43,0.10031,0.20588,0.0,0.10638,0.0,0.04167,0.03922,0.05,0.05714,0.0303,0.03448,0.0,0.0
PCAP1Dark_Individual:44,0.01415,0.02548,0.03191,0.01408,0.01786,0.01709,0.01064,0.02804,0.01205,0.0678,0.02632,0.02752,0.0
PCAP1Dark_Individual:45,0.07895,0.0,0.0,0.0129,0.00602,0.0,0.01775,0.0,0.01563,0.00952,0.01274,0.03977,0.0
PCAP1Dark_Individual:46,0.07009,0.08271,0.02439,0.04605,0.08108,0.05,0.05,0.07258,0.0155,0.01639,0.04348,0.02857,0.02459
PCAP1Dark_Individual:47,0.03205,0.1165,0.12698,0.03704,0.02913,0.0,0.02128,0.07463,0.07353,0.0625,0.01818,0.0,0.01923
PCAP1Dark_Individual:2;,0.04591,0.05263,0.04054,0.00833,0.05208,0.0,0.04,0.02174,0.05714,0.0,0.0,0.0,0.0
PCAP1Dark_Individual:28,0.02288,0.032,0.0137,0.016,0.01282,0.04902,0.00758,0.0396,0.01111,0.02198,0.01389,0.0,0.02597
PCAP1Dark_Individual:29,0.05512,0.03226,0.0069,0.00893,0.0,0.0051,0.01042,0.025,0.0,0.00962,0.0,0.0,0.01538
PCAP1Dark_Individual:26,0.0378,0.05,0.0,0.0307,0.02232,0.01087,0.01389,0.0,0.0,0.00676,0.0,0.0,0.0099
PCAP1Dark_Individual:6;,0.04925,0.02212,0.02239,0.00559,0.00495,0.02312,0.00699,0.0098,0.0,0.01342,0.024,0.0,0.0
PCAP1Dark_Individual:24,0.08425,0.0375,0.07609,0.08,0.0119,0.06494,0.13208,0,0.16129,0.0411,0.0411,0.06579,0.0297
PCAP1Dark_Individual:25,0.03665,0.05233,0.0,0.01087,0.0,0.0,0.01064,0.03488,0.0,0.0,0.0,0.0137,0.0
PCAP1Dark_Individual:22,0.00446,0.06061,0.04,0.05833,0.02326,0.05036,0.06383,0.05769,0.01754,0.03279,0.02,0.01316,0.0198
PCAP1Dark_Individual:23,0.03807,0.03968,0.0365,0.03158,0.01031,0.04444,0.03448,0.0,0.02151,0.0,0.05556,0.02985,0.01667
PCAP1Dark_Individual:20,0.0241,0.07115,0.0452,0.07432,0.05333,0.0073,0.05,0.02273,0.04237,0.01064,0.04167,0.05063,0.01869
PCAP1Dark_Individual:21,0.02399,0.0362,0.07619,0.06034,0.02308,0.04965,0.0,0.00645,0.00775,0.0,0.01053,0.02139,0.05738
PCAP1Dark_Individual:34,0.04577,0.09449,0.11613,0.09091,0.10345,0.07031,0.04712,0.04545,0.09483,0.09783,0.04386,0.05,0.03497
PCAP1Dark_Individual:38,0.03623,0.04651,0.04274,0.02752,0.02308,0.05405,0.01695,0.0463,0.01429,0.03306,0.00833,0.03012,0.03597
PCAP1Dark_Individual:35,0.03243,0.0,0.03846,0.0,0.03571,0,0.0,0.01724,0.0,0.0,0.0,0.0,0.03614
PCAP1Dark_Individual:27,0.06806,0.20513,0.15686,0.08333,0.09375,0.06977,0.08421,0.04274,0.04615,0.07018,0.02941,0.01389,0.02105
PCAP1Dark_Individual:11,0.032,0.07442,0.05114,0.03509,0.03378,0.01449,0.02479,0.025,0.0,0.0,0.03401,0.0,0.01961
PCAP1Dark_Individual:37,0.0383,0.05607,0.1068,0.05109,0.06863,0.08065,0.03676,0.05833,0.07299,0.02721,0.03604,0.07477,0.0431
PCAP1Dark_Individual:36,0.04605,0.06736,0.04615,0.02128,0.0,0.01786,0.04054,0.06557,0.04348,0.05634,0.0303,0.0,0.0
PCAP1Dark_Individual:5;,0.02473,0.0082,0.04511,0.0,0.02667,0.00709,0.00752,0.00667,0.0,0.00685,0.125,0.03333,0.00606
PCAP1Dark_Individual:9;,0.06091,0.11404,0.05263,0.06422,0.03226,0.01212,0.0241,0.05357,0.03247,0.02752,0.0,0.01266,0.04386
PCAP1Dark_Individual:31,0.03681,0.0,0.0,0.04688,0.02,0.07813,0.07692,0.01852,0.01471,0.06977,0.02247,0.02609,0.01053
PCAP1Dark_Individual:30,0.08929,0.03604,0.06522,0.03788,0.0082,0.02041,0.05,0.0,0.0,0.0202,0.00735,0.02105,0.0
PCAP1Dark_Individual:1;,0.03984,0.01724,0.04124,0.05825,0.04301,0.01887,0.02083,0.03478,0.01389,0.01042,0.0,0.00935,0.00885
PCAP1Dark_Individual:19,0.04915,0.14655,0.02963,0.01852,0.0,0.05854,0.0625,0.03604,0.02454,0.02721,0.00943,0.0137,0.01613
PCAP1Dark_Individual:18,0.03918,0.0,0.0,0.01639,0.01852,0.02326,0.02985,0.01389,0.0,0.04348,0.01961,0.01205,0.01064
PCAP1Dark_Individual:39,0.15909,0.28125,0.1,0.11905,0.0,0.12121,0.05556,0.06,0.125,0.05714,0.16216,0.15515,0.0
PCAP1Dark_Individual:33,0.05291,0.0184,0.01681,0.04688,0.03333,0.0098,0.05882,0.02041,0.0101,0.03906,0.04918,0.0,0.01961
PCAP1Dark_Individual:3;,0.04198,0.05518,0.06089,0.02605,0.03859,0.00278,0.08252,0.04278,0.01579,0.01395,0.02591,0.04516,0.01639
PCAP1Dark_Individual:32,0.10127,0.05,0.04225,0.04412,0.01724,0.0375,0.0274,0.03797,0.0,0.00943,0.0,0.0,0.02778
PCAP1Dark_Individual:13,0.03087,0.03214,0.03106,0.03774,0.01786,0.02941,0.03425,0.01299,0.02344,0.0087,0.03053,0.0339,0.02913
PCAP1Dark_Individual:12,0.05455,0.02649,0.0,0.05882,0.02439,0.06061,0.07895,0.0,0.07317,0.03175,0.0,0.03922,0.09375
PCAP1Dark_Individual:7;,0.01714,0.06818,0.02564,0.0,0.06897,0.05263,0.0,0.0,0.0,0.04301,0.03922,0.0,0.09375
PCAP1Dark_Individual:10,0.10082,0.08387,0.04965,0.09091,0.01887,0.01734,0.00552,0.03191,0.03636,0.0202,0.02041,0.03145,0.01587
PCAP1Dark_Individual:17,0.07278,0.08716,0.04206,0.03243,0.09302,0.05932,0.07143,0.05385,0.03448,0.02913,0.01504,0.01724,0.0
PCAP1Dark_Individual:16,0.0274,0.05319,0.05634,0.02597,0.01266,0.04348,0.02083,0.02778,0.03061,0.0102,0.01299,0.0297,0.0
PCAP1Dark_Individual:15,0.03497,0.1,0.0396,0.03226,0.06579,0.06818,0.15217,0.08333,0.01563,0.01493,0.10345,0.04478,0.0
PCAP1Dark_Individual:14,0.06502,0.02703,0.03361,0.02532,0.03704,0.00658,0.00794,0.05147,0.048,0.03419,0.0,0.00775,0.02941
PCAP2Dark_Individual:8;,0.06522,0.04916,0.04781,0.02974,0.03397,0.01887,0.04009,0.0,0.03125,0.01504,0.0,0.0,0.0
PCAP2Dark_Individual:48,0.07209,0.07702,0.10924,0.11513,0.11511,0.10843,0.15068,0.10818,0.19767,0.16438,0.08081,0.10784,0.11255
PCAP2Dark_Individual:4;,0.00749,0.02329,0.00391,0.03039,0.01754,0.03529,0.0,0.0,0.0,0.0,0.02941,0.01163,0.0
PCAP2Dark_Individual:40,0.05691,0.04236,0.05882,0.04641,0.03241,0.025,0.03425,0.02532,0.05333,0.02604,0.02793,0.04571,0.02
PCAP2Dark_Individual:41,0.04729,0.08748,0.03125,0.019,0.01613,0.02381,0.0122,0.02724,0.02762,0.01079,0.02655,0.00725,0.01429
PCAP2Dark_Individual:42,0.02891,0.02144,0.04247,0.04125,0.04638,0.03987,0.04697,0.07407,0.04091,0.02871,0.04237,0.01235,0.01351
PCAP2Dark_Individual:43,0.05471,0.05492,0.05782,0.02469,0.02283,0.01648,0.02762,0.00565,0.00446,0.0,0.00552,0.0113,0.01143
PCAP2Dark_Individual:44,0.00679,0.00971,0.03012,0.00952,0.00813,0.00847,0.00719,0.0,0.02727,0.00952,0.01653,0.02128,0.01031
PCAP2Dark_Individual:45,0.04145,0.06813,0.08163,0.01875,0.03268,0.0155,0.02548,0.03676,0.04636,0.02941,0.05385,0.03101,0.05921
PCAP2Dark_Individual:46,0.04691,0.03929,0.04422,0.00806,0.00847,0.00284,0.00275,0.0,0.0,0.0094,0.00348,0.02717,0.00645
PCAP2Dark_Individual:47,0.01931,0.02842,0.05026,0.04084,0.04288,0.08397,0.05566,0.06783,0.04557,0.04762,0.03904,0.04608,0.04145
PCAP2Dark_Individual:2;,0.07365,0.06863,0.05376,0.10886,0.02721,0.07143,0.0,0.0,0,0,0,0.0,0.0
PCAP2Dark_Individual:28,0.03287,0.04811,0.06341,0.04059,0.076,0.02959,0.03608,0.0479,0.03497,0.03571,0.01274,0.03226,0.03061
PCAP2Dark_Individual:29,0.03198,0.02185,0.04014,0.04954,0.0,0.0219,0.0463,0.0,0.01709,0.02469,0.01563,0.0,0.01899
PCAP2Dark_Individual:26,0.04869,0.06541,0.09217,0.0748,0.06391,0.01613,0.0,0.02667,0.05333,0.01709,0.01,0.0,0.0125
PCAP2Dark_Individual:6;,0.07143,0.08607,0.05263,0.07143,0.03846,0.07407,0.02222,0.11429,0.0,0.0,0.05556,0.07273,0.01587
PCAP2Dark_Individual:24,0.04129,0.05827,0.05479,0.06242,0.04725,0.06752,0.06734,0.05503,0.08966,0.04088,0.05556,0.05926,0.03587
PCAP2Dark_Individual:25,0.06288,0.08667,0.03846,0.03555,0.06589,0.02679,0.02564,0.03125,0.0597,0.025,0.01176,0.01818,0.03158
PCAP2Dark_Individual:22,0.05753,0.04839,0.05556,0.06383,0.06522,0.04972,0.06965,0.01744,0.0438,0.00676,0.06667,0.02256,0.03774
PCAP2Dark_Individual:23,0.01839,0.04435,0.03846,0.05221,0.04177,0.03704,0.03762,0.04237,0.02869,0.05116,0.03483,0.0452,0.03448
PCAP2Dark_Individual:20,0.02713,0.03241,0.01117,0.01862,0.0372,0.05021,0.03412,0.03373,0.0383,0.01282,0.05376,0.02454,0.00719
PCAP2Dark_Individual:21,0.01353,0.01792,0.02885,0.05019,0.03659,0.02649,0.03627,0.01887,0.01124,0.02203,0.00926,0.0495,0.04651
PCAP2Dark_Individual:34,0.04505,0.04844,0.0253,0.0293,0.02574,0.02462,0.075,0.05696,0.02381,0.05109,0.01333,0.0,0.0
PCAP2Dark_Individual:38,0.03297,0.03431,0.05091,0.03763,0.06136,0.0541,0.04621,0.04466,0.08163,0.0414,0.09813,0.02655,0.05435
PCAP2Dark_Individual:35,0.02035,0.02312,0.02574,0.03316,0.04403,0.00351,0.01111,0.00588,0.00478,0.00633,0.00521,0.02857,0.01361
PCAP2Dark_Individual:27,0.04845,0.06653,0.0547,0.02398,0.02492,0.0226,0.02239,0.03297,0.01327,0.00643,0.02,0.01005,0.0
PCAP2Dark_Individual:11,0.0442,0.07278,0.04663,0.01504,0.04065,0.01,0.00769,0.01471,0.02326,0.0,0.01163,0.0,0.03158
PCAP2Dark_Individual:37,0.02941,0.03841,0.03426,0.03841,0.01568,0.03257,0.02308,0.01572,0.01124,0.07442,0.01227,0.04167,0.0146
PCAP2Dark_Individual:36,0.04717,0.01897,0.02331,0.0,0.05435,0.01136,0.0,0.01266,0.0,0.0,0.0,0.05882,0.0
PCAP2Dark_Individual:5;,0.01738,0.01408,0.03571,0.06349,0.02439,0.01099,0.01111,0.01786,0.01942,0.0,0.0,0.0,0.01205
PCAP2Dark_Individual:9;,0.02571,0.00769,0.03969,0.03393,0.02122,0.02217,0.04889,0.16849,0,0.0,0.16762,0.0,0.0
PCAP2Dark_Individual:31,0.02317,0.02196,0.01852,0.0235,0.0303,0.14462,0.0,0.0,0.0,0.0,0.0,0.0,0.0
PCAP2Dark_Individual:30,0.04388,0.061,0.0044,0.16262,0.0,0.07484,0.02857,0.0,0,0.07576,0.0,0.16083,0.0
PCAP2Dark_Individual:1;,0.01733,0.03759,0.04412,0.03922,0.05,0.01923,0.01515,0.05172,0.02564,0.0,0.0,0.0,0.0
PCAP2Dark_Individual:19,0.03654,0.03742,0.0241,0.05319,0.01951,0.01961,0.03478,0.0,0.03333,0.02222,0.01266,0.02564,0.01149
PCAP2Dark_Individual:18,0.07774,0.17826,0.08215,0.0597,0.05556,0.07857,0.08108,0.06475,0.09412,0.01709,0.06731,0.07692,0.07895
PCAP2Dark_Individual:39,0.02225,0.05931,0.04903,0.02285,0.04116,0.03037,0.04278,0.01818,0.03652,0.05109,0.01765,0.06429,0.02817
PCAP2Dark_Individual:33,0.06086,0.07036,0.06471,0.05242,0.07713,0.05829,0.0617,0.07907,0.0,0.06304,0.01471,0.0,0.02395
PCAP2Dark_Individual:3;,0.02781,0.0403,0.04118,0.04348,0.0292,0.09211,0.01852,0.07547,0.06667,0.01538,0.0,0.01681,0.01266
PCAP2Dark_Individual:32,0.02846,0.05395,0.04187,0.02997,0.0297,0.05976,0.06122,0.03448,0.0,0.0,0.0,0.01389,0.0
PCAP2Dark_Individual:13,0.06056,0.07705,0.05597,0.03061,0.02212,0.03524,0.02312,0.04444,0.03205,0.02013,0.0473,0.06863,0.02041
PCAP2Dark_Individual:12,0.04519,0.04215,0.05088,0.03302,0.03431,0.03141,0.08621,0.075,0,0.0241,0.01639,0.0,0.0
PCAP2Dark_Individual:7;,0.04222,0.04976,0.01708,0.01288,0.0339,0.04098,0.0,0.0,0.008,0.0,0.00617,0.00833,0.01183
PCAP2Dark_Individual:10,0.02156,0.0,0.00209,0.0,0.00813,0.0,0.0,0.05714,0.0,0.00885,0.0,0.0,0.0
PCAP2Dark_Individual:17,0.088,0.0789,0.05081,0.03926,0.00542,0.0101,0.03093,0.01449,0.02128,0.0303,0.03243,0.06195,0.02239
PCAP2Dark_Individual:16,0.05405,0.02806,0.05882,0.06077,0.03659,0.03067,0.01149,0.0493,0.04317,0.04348,0.03488,0.0708,0.04138
PCAP2Dark_Individual:15,0.02941,0.03728,0.0479,0.01833,0.05844,0.05386,0.02477,0.03986,0.03211,0.06522,0.03297,0.08824,0.03509
PCAP2Dark_Individual:14,0.01681,0.02881,0.01935,0.00847,0.02857,0.0101,0.02198,0.0122,0.02256,0.02655,0.01818,0.01042,0.01818
PCAP814Dark_Individual:8;,0.04684,0.03616,0.08209,0.03846,0.06024,0.01786,0.03774,0.0,0.0,0.0,0.0,0.0,0.03125
PCAP814Dark_Individual:48,0.01657,0.04949,0.03091,0.04388,0.02353,0.02762,0.00571,0.02649,0.03012,0.00758,0.05556,0.02049,0.00877
PCAP814Dark_Individual:4;,0.08421,0.07619,0.04933,0.05682,0.0,0.03846,0.0,0.0,0.0,0.0,0.0411,0.01932,0.03704
PCAP814Dark_Individual:40,0.06564,0.04022,0.05495,0.06158,0.05136,0.05405,0.04658,0.03279,0.05028,0.09942,0.03311,0.02727,0.01875
PCAP814Dark_Individual:41,0.12546,0.08032,0.09871,0.06612,0.04911,0.02643,0.06341,0.04072,0.02198,0.04211,0.02652,0.0295,0.04089
PCAP814Dark_Individual:42,0.02205,0.03442,0.00658,0.02041,0.0241,0.03704,0.0,0.01613,0,0.03704,0.0,0.0,0.0137
PCAP814Dark_Individual:43,0.06388,0.13158,0.08163,0.07143,0.05,0.05263,0.0,0.0,0.0,0.0,0.06557,0.0,0.04167
PCAP814Dark_Individual:44,0.03243,0.05882,0.02913,0.0,0.09091,0.02632,0.02222,0.0,0.06897,0.05263,0.0396,0.02381,0.02222
PCAP814Dark_Individual:45,0.05723,0.0913,0.02797,0.008,0.07692,0.11111,0.12821,0.13235,0.01852,0.02857,0.06098,0.0,0.05333
PCAP814Dark_Individual:46,0.0245,0.07246,0.12227,0.14035,0.10236,0.09,0.0,0,0.0,0.0,0.06325,0.0559,0.05556
PCAP814Dark_Individual:47,0.04739,0.08251,0.06352,0.11003,0.03814,0.01307,0.0,0.0,0,0.0,0.0,0.06061,0.0
PCAP814Dark_Individual:2;,0.05604,0.0512,0.11151,0.17308,0.24713,0.11798,0.10909,0.08889,0.01527,0.0,0.03019,0.01961,0.02395
PCAP814Dark_Individual:28,0.04274,0.04735,0.08249,0.0597,0.11215,0.14286,0.0297,0.02151,0.0069,0.01005,0.00976,0.02315,0.0367
PCAP814Dark_Individual:29,0.1011,0.10794,0.0,0.0,0.0,0.0,0.0,0.0,0.0,0.0625,0.0,0.0,0.0
PCAP814Dark_Individual:26,0.02198,0.02045,0.04273,0.06439,0.11111,0.12745,0.11864,0.10256,0.07207,0.05825,0.04098,0.04,0.04082
PCAP814Dark_Individual:6;,0.03315,0.04464,0.05236,0.08333,0.07514,0.05046,0.06857,0.0603,0.02823,0.0,0.0,0.0,0.02381
PCAP814Dark_Individual:24,0.0081,0.02841,0.01119,0.00949,0.0,0.025,0.02247,0.0,0.03922,0.01887,0.01163,0.01316,0.05155
PCAP814Dark_Individual:25,0.02687,0.0282,0.01951,0.075,0.0,0.0,0.04762,0.0339,0.02913,0.0,0.0,0.0,0.0
PCAP814Dark_Individual:22,0.0,0.0,0.0625,0.0,0.0,0.0,0.0,0.0,0,0.0,0.05714,0.0,0.0
PCAP814Dark_Individual:23,0.02427,0.0,0.04545,0,0.5,0.0,0.0,0.0,0.0,0.0,0.0,0.0,0.0
PCAP814Dark_Individual:20,0.04341,0.05473,0.02947,0.03376,0.02235,0.0,0.06429,0.05036,0.04425,0.04511,0.04762,0.03817,0.05
PCAP814Dark_Individual:21,0.05011,0.04091,0.11607,0.23529,0.0,0.0,0.0625,0.0,0.0,0.0,0.0,0.0,0.0
PCAP814Dark_Individual:34,0.0241,0.0203,0.01058,0.03756,0.03226,0.02778,0.04444,0.0,0.0,0.0,0.11538,0.0,0.0
PCAP814Dark_Individual:38,0.0314,0.05172,0.05172,0.11828,0.15432,0.14179,0.07738,0.08759,0.07801,0.08571,0.0,0.0,0.0
PCAP814Dark_Individual:35,0.0197,0.03774,0.02146,0.01215,0.01493,0.00418,0.01974,0.01485,0.0155,0.01212,0.03165,0.0354,0.00787
PCAP814Dark_Individual:27,0.01543,0.02489,0.04242,0.01515,0.06316,0.04478,0.04808,0.07339,0.04908,0.01754,0.01905,0.03704,0.0
PCAP814Dark_Individual:11,0.01493,0.04883,0.04391,0.05516,0.04464,0.14593,0.07407,0.09302,0.03571,0.17241,0.08,0.0,0.02857
PCAP814Dark_Individual:37,0.03142,0.03297,0.03927,0.02351,0.00971,0.0,0.0,0.0,0.0,0.0,0.0117,0.00309,0.0
PCAP814Dark_Individual:36,0.02857,0.02536,0.02833,0.03297,0.02646,0.02027,0.02924,0.01429,0.01709,0.00787,0.03846,0.0,0.00909
PCAP814Dark_Individual:5;,0.06846,0.15455,0.08235,0.125,0.13235,0.0,0.142,0.0,0.0,0.0,0.01515,0.0,0.00833
PCAP814Dark_Individual:9;,0.03795,0.06458,0.05698,0.02186,0.00781,0.0,0.0,0.00952,0.0,0.01887,0.0,0.01818,0.03509
PCAP814Dark_Individual:31,0.00901,0.02728,0.02285,0.02622,0.03821,0.03837,0.03626,0.0199,0.01563,0.04571,0.02825,0.00599,0.00662
PCAP814Dark_Individual:30,0.06436,0.05147,0.09653,0.11364,0.09524,0.0,0.0,0.0,0.0,0.0098,0.01531,0.0155,0.03187
PCAP814Dark_Individual:1;,0,0.2,0,0,0.125,0.0,0.0,0.0056,0.00183,0.0,0.0,0.00539,0.00244
PCAP814Dark_Individual:19,0.01353,0.01362,0.0,0.0678,0.07792,0.05435,0.11111,0.14286,0.0,0.02128,0,0.0,0.0
PCAP814Dark_Individual:18,0.05224,0.11212,0.12661,0.02314,0.0,0.0,0.0082,0.0,0.0,0.0,0.0,0.0,0.0
PCAP814Dark_Individual:39,0.02281,0.0536,0.06055,0.04959,0.0,0.0221,0.03125,0.03478,0.05405,0.02703,0.0,0.0,0.01878
PCAP814Dark_Individual:33,0.01611,0.05263,0.04592,0.032,0.0,0.13492,0.05128,0.0303,0.02564,0.04202,0.03252,0.06122,0.03704
PCAP814Dark_Individual:3;,0.02105,0.05697,0.07143,0.10421,0.12676,0.12857,0.07752,0.02174,0.04762,0.08989,0.08523,0.01042,0.02655
PCAP814Dark_Individual:32,0.02952,0.0945,0.10039,0.00651,0.01389,0.00858,0.01523,0.0,0.0,0.01227,0.0,0.00685,0.0
PCAP814Dark_Individual:13,0.01181,0.0,0,0.09091,0.09346,0.12713,0.0,0.0,0,0.02703,0.07937,0.06763,0.06044
PCAP814Dark_Individual:12,0.02547,0.02773,0.03271,0.04384,0.03106,0.0,0,0.16804,0.0,0.0,0.0,0.0,0.0
PCAP814Dark_Individual:7;,0.03452,0.04571,0.05203,0.03571,0.02475,0.01948,0.01724,0.00546,0.01282,0.01639,0.01538,0.04839,0.0
PCAP814Dark_Individual:10,0.04975,0.03153,0.0125,0.02449,0.0339,0.04444,0.00769,0.02542,0.02286,0.01714,0.01198,0.01299,0.03727
PCAP814Dark_Individual:17,0.0153,0.0382,0.04812,0.0308,0.0,0.07813,0.0463,0.04124,0.0,0.08696,0.03704,0.04054,0.01099
PCAP814Dark_Individual:16,0.06613,0.06593,0.10863,0.07407,0.05814,0.07101,0.04167,0.05797,0.05435,0.04636,0.06299,0.04196,0.02667
PCAP814Dark_Individual:15,0.04145,0.06212,0.05,0.0495,0.04211,0.04,0.0,0.0,0.02083,0.02703,0,0.03125,0.0
PCAP814Dark_Individual:14,0.02343,0.06554,0.03175,0.00769,0.0197,0.01554,0.01515,0.01732,0.01695,0.00971,0.00472,0.01395,0.00495
PCAP931Dark_Individual:8;,0.04512,0.03251,0.01639,0.05,0.02643,0.02632,0.02128,0.02041,0.0625,0.02174,0.04167,0.0084,0.04
PCAP931Dark_Individual:48,0.01869,0.0317,0.04113,0.06329,0.0625,0.08333,0.07813,0.0,0.11475,0.06923,0.08989,0.0241,0.05882
PCAP931Dark_Individual:4;,0.02788,0.05046,0.09873,0.07048,0.02604,0.00585,0.0,0.16026,0.14718,0.0073,0.01754,0.0,0.0
PCAP931Dark_Individual:40,0.06269,0.04278,0.05047,0.04102,0.05946,0.08777,0.02315,0.04545,0.04545,0.04636,0.05674,0.04724,0.04673
PCAP931Dark_Individual:41,0.02118,0.04102,0.03407,0.01511,0.03976,0.02273,0.02232,0.0339,0.03614,0.0578,0.04192,0.0365,0.0625
PCAP931Dark_Individual:42,0.03863,0.05981,0.0485,0.05922,0.03806,0.07054,0.06024,0.07971,0.05128,0.04762,0.06897,0.08029,0.0339
PCAP931Dark_Individual:43,0.02326,0.03222,0.0379,0.02882,0.03259,0.05109,0.07246,0.10687,0.075,0.12621,0.11268,0.09375,0.07895
PCAP931Dark_Individual:44,0.05753,0.07407,0.06667,0.0625,0.02804,0.02151,0.01709,0.04464,0.04274,0.04132,0.07143,0.05263,0.02299
PCAP931Dark_Individual:45,0.05233,0.04455,0.04444,0.04628,0.06024,0.03911,0.03933,0.03681,0.01923,0.03774,0.0354,0.01613,0.02013
PCAP931Dark_Individual:46,0.02159,0.04294,0.03561,0.05225,0.12016,0.05112,0.0302,0.05703,0.05025,0.03261,0.03623,0.00746,0.02362
PCAP931Dark_Individual:47,0.03249,0.0,0.0,0.0,0.11111,0.0,0.0,0.0,0.0,0.0,0.2,0.0,0.03226
PCAP931Dark_Individual:2;,0.01505,0.01554,0.05288,0.05039,0.09494,0.07463,0.07971,0.04762,0.05645,0.06494,0.09174,0.05217,0.09211
PCAP931Dark_Individual:28,0.01944,0.00607,0.01735,0.02857,0.17483,0.0,0.11028,0,0.0,0.0,0.00862,0.03704,0.01316
PCAP931Dark_Individual:29,0.08797,0.15767,0.13571,0.08969,0.02183,0.04615,0.01613,0.04615,0.08046,0.07285,0.04444,0.04294,0.0101
PCAP931Dark_Individual:26,0.04466,0.05515,0.06006,0.0676,0.05594,0.0,0.0,0.0,0.0,0,0.0,0.0,0.0
PCAP931Dark_Individual:6;,0.04207,0.05098,0.0449,0.07801,0.06122,0.10497,0.08502,0.10995,0.05691,0.08333,0.09091,0.08772,0.09211
PCAP931Dark_Individual:24,0.06913,0.07231,0.05983,0.04515,0.02292,0.0293,0.02885,0.04592,0.02604,0.04545,0.02336,0.02727,0.02721
PCAP931Dark_Individual:25,0.05362,0.06374,0.04399,0.02367,0.02703,0.0,0.0,0.0,0,0.02083,0.04211,0.01515,0.0
PCAP931Dark_Individual:22,0.03149,0.02873,0.01484,0.00906,0.0,0.03409,0.01852,0.0,0.00667,0.025,0.01835,0.00893,0.0
PCAP931Dark_Individual:23,0.03929,0.10534,0.08221,0.07099,0.03395,0.04564,0.07759,0.05882,0.04571,0.06061,0.05172,0.03822,0.03086
PCAP931Dark_Individual:20,0.03034,0.04688,0.05316,0.03175,0.06926,0.0,0.0,0.02326,0.0,0.0,0.00917,0.0,0.07547
PCAP931Dark_Individual:21,0.01739,0.01972,0.04626,0.03606,0.03046,0.02312,0.05926,0.0,0.01818,0.0303,0.0101,0.01724,0.0
PCAP931Dark_Individual:34,0.00889,0.02128,0.02381,0.05455,0.05,0.04938,0.03,0.0,0.01075,0.0,0.02222,0.05263,0.0
PCAP931Dark_Individual:38,0.02632,0.06488,0.02486,0.05072,0.01435,0.02128,0.02484,0.0625,0.01205,0.03788,0.06369,0.0495,0.06579
PCAP931Dark_Individual:35,0.0,0.0,0.15367,0.0,0.0,0,0.0,0,0.0,0.0,0,0.06417,0.0
PCAP931Dark_Individual:27,0.08532,0.09133,0.07287,0.09205,0.13433,0.06536,0.02,0.03252,0.01709,0.0146,0.04854,0.05785,0.01538
PCAP931Dark_Individual:11,0.03358,0.04661,0.04188,0.01266,0.00935,0.01786,0.0,0.00935,0.01316,0.03947,0.03571,0.016,0.02083
PCAP931Dark_Individual:37,0.0266,0.03422,0.05547,0.06499,0.05724,0.07865,0.01709,0.05,0.01316,0.08824,0.02703,0.09589,0.01042
PCAP931Dark_Individual:36,0.02467,0.02828,0.04047,0.01617,0.01629,0.01905,0.03252,0.02273,0.01739,0.01835,0.0122,0.01136,0.05479
PCAP931Dark_Individual:5;,0.02748,0.05279,0.05611,0.07578,0.04518,0.04412,0.01198,0.03286,0.03974,0.03125,0.03968,0.01299,0.04054
PCAP931Dark_Individual:9;,0.03783,0.02928,0.04762,0.03318,0.0137,0.0,0.02797,0.01802,0.0,0.01149,0.0,0.03614,0.0
PCAP931Dark_Individual:31,0.07081,0.06839,0.06974,0.05914,0.08333,0.03597,0.07692,0.09524,0.07377,0.10112,0.09639,0.0137,0.04412
PCAP931Dark_Individual:30,0.00673,0.04292,0.05687,0.0597,0.02469,0.03125,0.03828,0.02174,0.04545,0.05738,0.02679,0.00794,0.0
PCAP931Dark_Individual:1;,0.02372,0.03019,0.03369,0.05537,0.01653,0.03968,0.03448,0.00901,0.0,0.03158,0.03448,0.01724,0.0283
PCAP931Dark_Individual:19,0.03016,0.04721,0.01578,0.00887,0.04811,0.01961,0.02632,0.02632,0.02871,0.0099,0.02521,0.00943,0.00926
PCAP931Dark_Individual:18,0.01554,0.0134,0.03448,0.03471,0.04933,0.01852,0.01852,0.03465,0.01099,0.0,0.03723,0.01961,0.04
PCAP931Dark_Individual:39,0.03394,0.04552,0.02228,0.02817,0.03077,0.02752,0.05128,0.02721,0.02041,0.04425,0.03226,0.02344,0.04918
PCAP931Dark_Individual:33,0.01616,0.01258,0.04975,0.02759,0.0,0.0,0.01923,0.0411,0.01724,0.0,0.0,0.0,0.07692
PCAP931Dark_Individual:3;,0.04841,0.04674,0.07231,0.07143,0.0553,0.05376,0.05921,0.04225,0.03922,0.04348,0.05988,0.02062,0.01136
PCAP931Dark_Individual:32,0.03058,0.0711,0.08099,0.06127,0.08581,0.07625,0.05322,0.0449,0.08511,0.05532,0.07609,0.0493,0.0241
PCAP931Dark_Individual:13,0.02271,0.04286,0.0486,0.07475,0.05379,0.09003,0.06173,0.10081,0.04314,0.03483,0.06306,0.05102,0.05385
PCAP931Dark_Individual:12,0.04094,0.06175,0.06783,0.06198,0.06145,0.04324,0.05233,0.04848,0.04054,0.04225,0.02222,0.02632,0.03472
PCAP931Dark_Individual:7;,0.03855,0.05415,0.04533,0.02804,0.00459,0.01852,0.0,0.05263,0.0,0.01667,0.02667,0.02703,0.0
PCAP931Dark_Individual:10,0.04174,0.04878,0.06465,0.03791,0.01299,0.01527,0.00855,0.01099,0.02941,0.0,0.01852,0.0,0.05357
PCAP931Dark_Individual:17,0.04476,0.05165,0.0348,0.02861,0.05455,0.04936,0.05864,0.0339,0.05473,0.05096,0.03247,0.05696,0.03876
PCAP931Dark_Individual:16,0.04045,0.04625,0.0434,0.06508,0.01282,0.02344,0.0177,0.03175,0.02778,0.01471,0.0125,0.0,0.00505
PCAP931Dark_Individual:15,0.0463,0.05115,0.04762,0.04688,0.02579,0.03195,0.0,0.01408,0.00578,0.00909,0.0289,0.01571,0.01176
PCAP931Dark_Individual:14,0.02746,0.05196,0.03729,0.04898,0.03226,0.05797,0.02885,0.06494,0.0102,0.06667,0.04545,0.06383,0.03896
