AripiprazoleDark_Individual:8;,0.00351,0.01429,0.02817,0.0,0.0,0.00526,0.0,0.01342,0.00284,0.0,0.0283,0.01099,0.00433
AripiprazoleDark_Individual:48,0.00766,0.02403,0.03448,0.02784,0.00741,0.05357,0.02778,0.04571,0.02459,0.02326,0.01176,0.01415,0.01818
AripiprazoleDark_Individual:4;,0.00829,0.00684,0.0102,0.00677,0.01361,0.01058,0.01153,0.00287,0.0,0.00326,0.0,0.0,0.0
AripiprazoleDark_Individual:40,0.00279,0.00578,0.00439,0.00571,0.05195,0.00976,0.01724,0.03175,0.02158,0.01835,0.00943,0.01796,0.01739
AripiprazoleDark_Individual:41,0.00401,0.02242,0.0233,0.01396,0.00826,0.01991,0.01558,0.01375,0.02947,0.01524,0.00997,0.02903,0.01466
AripiprazoleDark_Individual:42,0.0187,0.04539,0.0285,0.03471,0.03722,0.03687,0.02558,0.03448,0.04854,0.02339,0.03524,0.04027,0.036
AripiprazoleDark_Individual:43,0.01216,0.01892,0.0251,0.03196,0.05648,0.04128,0.0411,0.03857,0.04912,0.05039,0.06912,0.0303,0.03846
AripiprazoleDark_Individual:44,0.01598,0.04858,0.07059,0.01531,0.0625,0.02482,0.04321,0.03057,0.04372,0.02609,0.01923,0.03871,0.07362
AripiprazoleDark_Individual:45,0.00452,0.03571,0.01379,0.01923,0,0.06061,0.05,0.38522,0.0625,0.05714,0.38749,0.39515,0.05263
AripiprazoleDark_Individual:46,0.00379,0.0069,0.03883,0.01961,0.04301,0.03478,0.0,0.07143,0.0,0.0,0.0,0.03279,0.01905
AripiprazoleDark_Individual:47,0.01022,0.0375,0.02281,0.02294,0.00474,0.04131,0.01678,0.0372,0.04826,0.01055,0.00659,0.01113,0.0191
AripiprazoleDark_Individual:2;,0.01563,0.0,0.0,0.00971,0.0,0.0,0.0,0.0,0.01064,0.0,1.0,0,0.0
AripiprazoleDark_Individual:28,0.03134,0.02937,0.01439,0.02703,0.03463,0.04819,0.0239,0.004,0.00418,0.02813,0.0,0.00299,0.0
AripiprazoleDark_Individual:29,0.00558,0.01662,0.0161,0.00819,0.00745,0.0,0.0,0.01067,0.00311,0.0,0.0,0.0,0.0
AripiprazoleDark_Individual:26,0.00345,0.0,0.0,0.0,0.00714,0.0,0.0,0.0,0.0,0.00515,0.00621,0.0,0.0
AripiprazoleDark_Individual:6;,0.0,0.00813,0.00671,0.0,0.0,0.0,0.0,0.0,0.0122,0.0,0.0,0.04688,0.03279
AripiprazoleDark_Individual:24,0.02948,0.02908,0.10448,0.07256,0.10239,0.10075,0.06463,0.10256,0.125,0.11538,0.0625,0.0,0.05634
AripiprazoleDark_Individual:25,0.02661,0.01136,0.01843,0.03689,0.01538,0.01843,0.00518,0.00366,0.00321,0.0,0.00353,0.0,0.01181
AripiprazoleDark_Individual:22,0.00936,0.0075,0.00667,0.00826,0.01299,0.0,0.0,0.03061,0.02381,0.0,0.02564,0.01075,0.0122
AripiprazoleDark_Individual:23,0.0121,0.01671,0.02078,0.0123,0.02386,0.03475,0.03492,0.02016,0.03093,0.02542,0.09877,0.04867,0.02807
AripiprazoleDark_Individual:20,0.02907,0.06928,0.08519,0.03106,0.0315,0.0122,0.01887,0.02,0.02353,0.0241,0.03509,0.04348,0.05172
AripiprazoleDark_Individual:21,0.02263,0.03216,0.06667,0.12658,0.05109,0.04926,0.06818,0.05785,0.0,0.08696,0.12338,0.0,0.11905
AripiprazoleDark_Individual:34,0.00623,0.01606,0.01129,0.01047,0.00868,0.00292,0.00588,0.00905,0.0,0.0,0.01299,0.00826,0.0
AripiprazoleDark_Individual:38,0.01264,0.04073,0.01443,0.03333,0.04848,0.02083,0.04933,0.02424,0.01737,0.04274,0.00889,0.10884,0.01173
AripiprazoleDark_Individual:35,0.01024,0.01908,0.0,0.0,0.0,0.0,0.0,0.0,0.02353,0.01563,0.0,0.01587,0.02564
AripiprazoleDark_Individual:27,0.00508,0.00462,0.00621,0.0,0.00893,0.00208,0.00654,0.00602,0.0089,0.01823,0.00676,0.01278,0.02075
AripiprazoleDark_Individual:11,0.023,0.05208,0.03459,0.02555,0.05189,0.05625,0.03846,0.04678,0.03681,0.08772,0.06723,0.05102,0.04054
AripiprazoleDark_Individual:37,0.03577,0.06426,0.02885,0.00962,0.0241,0.03571,0.00581,0.0102,0.06202,0.04641,0.01515,0.08421,0.02222
AripiprazoleDark_Individual:36,0.02211,0.03371,0.01767,0.0409,0.05319,0.07965,0.04959,0.05263,0.02564,0.06936,0.04082,0.06452,0.06557
AripiprazoleDark_Individual:5;,0.00696,0.01951,0.0,0.01351,0.0,0.01036,0.00541,0.0,0.0,0.00495,0.0,0,1.0
AripiprazoleDark_Individual:9;,0.00659,0.01786,0.05096,0.03947,0.02532,0.02632,0.0404,0.04032,0.03333,0.0274,0.03333,0.0303,0.0303
AripiprazoleDark_Individual:31,0.01131,0.01748,0.04909,0.04839,0.0625,0.09677,0.03571,0.0566,0.08696,0.04615,0.03797,0.05952,0.1405
AripiprazoleDark_Individual:30,0.0,0.01667,0.0,0.01639,0.07407,0.12121,0.0,0.16667,0.38827,0.0,0,0,0.40658
AripiprazoleDark_Individual:1;,0.02889,0.02326,0.0,0.0,0.01429,0.00699,0.01818,0.0,0.0,0.0,0.0,0.00629,0.0
AripiprazoleDark_Individual:19,0.0125,0.0,0.08219,0.04286,0.02469,0.03738,0.04348,0.01429,0.03529,0.03093,0.03371,0.05556,0.02817
AripiprazoleDark_Individual:18,0.00175,0.0,0.07143,0.05479,0.0,0.44444,0.03061,0.01471,0.02655,0.00602,0.05172,0.0303,0.03226
AripiprazoleDark_Individual:39,0.04167,0.03329,0.07179,0.06676,0.04553,0.05471,0.09181,0.05674,0.07212,0.03889,0.12698,0.07692,0.07407
AripiprazoleDark_Individual:33,0.01332,0.00825,0.02522,0.01996,0.0316,0.03347,0.03704,0.05085,0.14035,0.05,0.03125,0.05714,0.02941
AripiprazoleDark_Individual:3;,0.00336,0.0045,0.0134,0.0,0.00671,0.00844,0.01282,0.02521,0.03215,0.0,0.01794,0.01293,0.0041
AripiprazoleDark_Individual:32,0.00556,0.00638,0.02732,0.03712,0.0341,0.05901,0.04361,0.04803,0.04218,0.04244,0.09365,0.04598,0.0493
AripiprazoleDark_Individual:13,0.00436,0.0137,0.01742,0.01873,0.02092,0.02869,0.03831,0.0125,0.01775,0.0229,0.00491,0.02455,0.0093
AripiprazoleDark_Individual:12,0.00264,0.0,0.075,0.03738,0.02564,0.06329,0.03093,0.0,0.0,0.00893,0.0,0.01639,0.03333
AripiprazoleDark_Individual:7;,0.0,0.0,0.02778,0.0221,0.0,0.0,0.00941,0.02439,0.00741,0.02147,0.02041,0.01093,0.03352
AripiprazoleDark_Individual:10,0.00656,0.0,0.0,0.05263,0.0,0.01887,0.0,0.06061,0.01563,0.02273,0.0,0.0,0.0
AripiprazoleDark_Individual:17,0.00724,0.01154,0.01205,0.0,0.0,0.0102,0.0,0.0146,0.04494,0.02469,0.0,0.0315,0.03896
AripiprazoleDark_Individual:16,0.01365,0.00615,0.0223,0.05155,0.02941,0.05128,0.05495,0.125,0.03571,0.08163,0.08537,0.01961,0.06542
AripiprazoleDark_Individual:15,0.01995,0.06087,0.0467,0.06019,0.08842,0.06681,0.06176,0.075,0.0625,0.03723,0.06373,0.04863,0.04017
AripiprazoleDark_Individual:14,0.00793,0.01878,0.02251,0.00722,0.01441,0.02273,0.02913,0.03867,0.02198,0.04294,0.06796,0.04545,0.04202
