AripiprazoleDark_Individual:8;,375,56,49,58,25,141,56,120,267,31,82,67,175
AripiprazoleDark_Individual:48,460,411,348,307,102,43,57,133,94,115,113,158,163
AripiprazoleDark_Individual:4;,521,462,353,319,307,279,239,259,176,193,183,220,216
AripiprazoleDark_Individual:40,512,225,145,103,53,136,150,180,180,135,69,105,72
AripiprazoleDark_Individual:41,537,446,397,404,403,308,241,213,310,216,208,215,234
AripiprazoleDark_Individual:42,628,500,520,420,267,288,290,187,208,238,153,201,165
AripiprazoleDark_Individual:43,599,447,472,438,391,376,331,230,208,143,141,147,127
AripiprazoleDark_Individual:44,566,326,168,138,164,180,106,138,117,73,65,114,119
AripiprazoleDark_Individual:45,158,44,101,40,0,25,33,1015,11,49,991,949,16
AripiprazoleDark_Individual:46,370,196,63,72,77,78,136,22,12,15,4,224,79
AripiprazoleDark_Individual:47,496,436,451,400,291,447,240,361,290,381,453,413,447
AripiprazoleDark_Individual:2;,179,56,41,85,43,75,2,3,57,10,1,0,23
AripiprazoleDark_Individual:28,501,524,287,143,155,123,151,182,169,216,182,216,180
AripiprazoleDark_Individual:29,490,505,354,438,323,146,126,225,202,254,285,235,207
AripiprazoleDark_Individual:26,201,93,93,85,99,150,139,165,122,142,110,12,2
AripiprazoleDark_Individual:6;,98,93,113,102,90,80,44,75,108,49,9,49,35
AripiprazoleDark_Individual:24,315,328,196,247,211,201,192,62,5,55,21,25,49
AripiprazoleDark_Individual:25,305,292,124,132,155,132,204,165,198,209,181,249,159
AripiprazoleDark_Individual:22,476,388,105,82,54,54,54,61,65,57,52,70,59
AripiprazoleDark_Individual:23,589,515,465,312,294,188,211,185,140,174,192,170,181
AripiprazoleDark_Individual:20,472,269,201,125,96,58,81,84,70,63,46,83,45
AripiprazoleDark_Individual:21,373,254,17,47,215,155,32,101,21,20,115,41,35
AripiprazoleDark_Individual:34,473,367,327,276,358,258,108,139,76,62,56,88,86
AripiprazoleDark_Individual:38,388,257,293,112,101,254,142,101,244,222,133,108,245
AripiprazoleDark_Individual:35,533,462,131,64,52,90,103,90,200,90,55,41,83
AripiprazoleDark_Individual:27,462,386,287,200,160,272,184,200,227,235,170,185,149
AripiprazoleDark_Individual:11,527,420,237,189,160,125,155,126,124,125,85,68,99
AripiprazoleDark_Individual:37,474,187,74,78,60,60,117,70,80,187,56,70,63
AripiprazoleDark_Individual:36,289,296,374,368,358,68,88,112,81,123,66,47,92
AripiprazoleDark_Individual:5;,412,156,107,115,128,146,132,147,126,149,107,0,1
AripiprazoleDark_Individual:9;,347,73,125,56,59,55,71,78,68,55,118,169,52
AripiprazoleDark_Individual:31,554,426,480,418,124,47,52,37,70,48,48,125,86
AripiprazoleDark_Individual:30,18,40,54,50,25,27,7,29,989,5,0,0,942
AripiprazoleDark_Individual:1;,318,128,84,60,40,84,64,218,161,181,211,99,36
AripiprazoleDark_Individual:19,187,47,49,104,248,82,14,50,126,228,73,72,60
AripiprazoleDark_Individual:18,381,136,20,56,35,1080,69,50,77,120,45,25,46
AripiprazoleDark_Individual:39,540,482,497,439,390,231,292,215,164,127,89,81,70
AripiprazoleDark_Individual:33,497,489,474,367,310,168,103,39,30,12,15,19,51
AripiprazoleDark_Individual:3;,414,303,230,75,87,145,150,154,194,202,125,144,147
AripiprazoleDark_Individual:32,586,588,615,520,528,427,406,404,353,251,213,71,103
AripiprazoleDark_Individual:13,452,255,199,181,160,158,164,224,233,285,261,330,282
AripiprazoleDark_Individual:12,289,146,31,78,62,71,77,47,129,79,11,48,52
AripiprazoleDark_Individual:7;,220,18,24,118,87,92,317,162,97,234,79,134,131
AripiprazoleDark_Individual:10,202,78,81,14,41,43,47,28,44,60,21,27,80
AripiprazoleDark_Individual:17,471,383,390,34,8,73,49,97,59,60,48,83,50
AripiprazoleDark_Individual:16,398,353,204,69,43,53,64,51,43,69,57,77,79
AripiprazoleDark_Individual:15,541,457,400,496,354,345,314,262,149,409,286,227,344
AripiprazoleDark_Individual:14,512,482,462,403,260,121,155,268,132,124,68,46,160
