AripiprazoleDark_Individual:8;,0.00877,0.02857,0.01408,0.0,0.0,0.01579,0.0,0.02013,0.00568,0.02273,0.00943,0.01099,0.0
AripiprazoleDark_Individual:48,0.03216,0.03882,0.06437,0.04872,0.05185,0.01786,0.02778,0.01143,0.03279,0.02326,0.03529,0.03774,0.00909
AripiprazoleDark_Individual:4;,0.00829,0.00171,0.00612,0.00677,0.0068,0.01323,0.00865,0.0086,0.03252,0.0228,0.04594,0.03395,0.01881
AripiprazoleDark_Individual:40,0.01253,0.01445,0.01754,0.00571,0.01299,0.01951,0.0,0.01587,0.00719,0.00917,0.0,0.00599,0.0
AripiprazoleDark_Individual:41,0.0,0.0,0.00358,0.00873,0.00165,0.00442,0.02181,0.00344,0.00842,0.00305,0.00997,0.00968,0.00587
AripiprazoleDark_Individual:42,0.011,0.01651,0.01166,0.00661,0.00744,0.0023,0.00698,0.0,0.00647,0.00292,0.00441,0.00671,0.0
AripiprazoleDark_Individual:43,0.00203,0.00437,0.00925,0.00609,0.01495,0.00938,0.00978,0.00551,0.00702,0.0155,0.00461,0.01299,0.00481
AripiprazoleDark_Individual:44,0.00699,0.01619,0.03529,0.03571,0.0,0.00709,0.04938,0.0131,0.01639,0.0087,0.0,0.00645,0.01227
AripiprazoleDark_Individual:45,0.0181,0.01786,0.01379,0.01923,0,0.0303,0.025,0.21872,0.0,0.0,0.1998,0.19178,0.05263
AripiprazoleDark_Individual:46,0.02841,0.05862,0.01942,0.02941,0.08602,0.04348,0.00526,0.03571,0.0,0.0,0.0,0.01311,0.04762
AripiprazoleDark_Individual:47,0.01752,0.04107,0.02281,0.01338,0.01185,0.02582,0.01678,0.01751,0.03485,0.01266,0.00329,0.0167,0.01563
AripiprazoleDark_Individual:2;,0.00391,0.01316,0.03571,0.03883,0.08065,0.03,0.0,0.0,0.02128,0.0,0.0,0,0.0
AripiprazoleDark_Individual:28,0.01499,0.02299,0.03837,0.02703,0.01299,0.03614,0.03984,0.02,0.01255,0.02187,0.03346,0.01796,0.02867
AripiprazoleDark_Individual:29,0.01563,0.01662,0.02683,0.01364,0.0149,0.03097,0.01887,0.02133,0.02795,0.01515,0.025,0.00995,0.03425
AripiprazoleDark_Individual:26,0.0,0.0,0.0,0.02381,0.01429,0.00897,0.01163,0.0,0.00571,0.00515,0.01242,0.0,0.0
AripiprazoleDark_Individual:6;,0.0,0.0,0.02685,0.0292,0.01613,0.01852,0.0303,0.02727,0.0122,0.04225,0.0,0.10938,0.04918
AripiprazoleDark_Individual:24,0.03175,0.00671,0.03731,0.01893,0.04437,0.03358,0.02041,0.01282,0.0,0.01282,0.0,0.0,0.0
AripiprazoleDark_Individual:25,0.01996,0.00758,0.00922,0.0082,0.00385,0.02304,0.01036,0.0,0.00962,0.00619,0.01767,0.01393,0.01575
AripiprazoleDark_Individual:22,0.00468,0.0075,0.03333,0.01653,0.03896,0.05333,0.03947,0.0,0.04762,0.03947,0.02564,0.01075,0.02439
AripiprazoleDark_Individual:23,0.02621,0.01671,0.00693,0.0041,0.01085,0.01158,0.00952,0.0121,0.01546,0.01271,0.01646,0.01327,0.01404
AripiprazoleDark_Individual:20,0.1061,0.07831,0.03704,0.03727,0.02362,0.0122,0.00943,0.02,0.01176,0.04819,0.0,0.01087,0.0
AripiprazoleDark_Individual:21,0.01235,0.02632,0.0,0.02532,0.01095,0.00985,0.02273,0.0,0.0,0.04348,0.00649,0.01818,0.02381
AripiprazoleDark_Individual:34,0.03427,0.03414,0.03837,0.03665,0.01518,0.01754,0.01765,0.00452,0.04762,0.06977,0.02597,0.06612,0.03937
AripiprazoleDark_Individual:38,0.01738,0.00407,0.01237,0.00556,0.0,0.00781,0.01794,0.0,0.01241,0.0057,0.0,0.0,0.0
AripiprazoleDark_Individual:35,0.00768,0.00477,0.00606,0.0,0.01493,0.0,0.01389,0.0,0.00392,0.00781,0.0,0.0,0.00855
AripiprazoleDark_Individual:27,0.01777,0.02003,0.03106,0.04348,0.02976,0.04583,0.04902,0.0512,0.07122,0.02604,0.04054,0.03514,0.04149
AripiprazoleDark_Individual:11,0.01894,0.01563,0.01887,0.0219,0.00943,0.00625,0.00962,0.01754,0.01227,0.0117,0.01681,0.0102,0.03378
AripiprazoleDark_Individual:37,0.00778,0.01205,0.01923,0.01923,0.01205,0.02381,0.02326,0.0,0.0155,0.0,0.01515,0.0,0.01111
AripiprazoleDark_Individual:36,0.02457,0.01573,0.02473,0.02045,0.0383,0.0531,0.01653,0.00585,0.00855,0.01734,0.02041,0.0,0.0082
AripiprazoleDark_Individual:5;,0.00348,0.01463,0.02113,0.02027,0.0129,0.0,0.02703,0.0049,0.03226,0.0297,0.02439,0,0.0
AripiprazoleDark_Individual:9;,0.02198,0.0,0.01911,0.0,0.01266,0.01316,0.0202,0.01613,0.0,0.0,0.04444,0.0,0.01515
AripiprazoleDark_Individual:31,0.01759,0.02448,0.02104,0.0233,0.00521,0.0,0.0,0.0,0.01087,0.0,0.01266,0.01786,0.0
AripiprazoleDark_Individual:30,0.0,0.0,0.01695,0.03279,0.11111,0.0,0.0,0.0,0.21132,0.0,0,0,0.19533
AripiprazoleDark_Individual:1;,0.01556,0.02791,0.0,0.0082,0.02857,0.02098,0.03636,0.0026,0.01471,0.0,0.0,0.01258,0.0
AripiprazoleDark_Individual:19,0.02083,0.0137,0.0411,0.05,0.01543,0.02804,0.0,0.0,0.01176,0.02062,0.03371,0.0,0.01408
AripiprazoleDark_Individual:18,0.00702,0.00521,0.03571,0.0137,0.03704,0.19259,0.0,0.02941,0.02655,0.03012,0.03448,0.0303,0.01613
AripiprazoleDark_Individual:39,0.02083,0.01726,0.0141,0.00974,0.01626,0.0304,0.01241,0.01064,0.00481,0.02778,0.0,0.00962,0.0
AripiprazoleDark_Individual:33,0.01211,0.01297,0.02648,0.02904,0.05869,0.03347,0.03086,0.01695,0.01754,0.0,0.03125,0.0,0.01471
AripiprazoleDark_Individual:3;,0.0453,0.0518,0.01877,0.04348,0.02685,0.03797,0.04274,0.03361,0.02894,0.01266,0.0,0.03448,0.02459
AripiprazoleDark_Individual:32,0.02502,0.00319,0.00585,0.00928,0.00244,0.00155,0.00623,0.00686,0.00527,0.00531,0.00334,0.0,0.0
AripiprazoleDark_Individual:13,0.00872,0.01096,0.00697,0.00749,0.00837,0.0041,0.00766,0.00625,0.01479,0.01272,0.00491,0.00446,0.00233
AripiprazoleDark_Individual:12,0.01055,0.0107,0.025,0.0,0.0,0.0,0.01031,0.01639,0.0061,0.0,0.0,0.01639,0.03333
AripiprazoleDark_Individual:7;,0.02482,0.08696,0.02778,0.01657,0.04425,0.0315,0.02353,0.05854,0.02963,0.03067,0.02041,0.02186,0.01117
AripiprazoleDark_Individual:10,0.00328,0.00877,0.0177,0.05263,0.01639,0.01887,0.0,0.0,0.0,0.04545,0.03571,0.05263,0.0098
AripiprazoleDark_Individual:17,0.00289,0.01154,0.00861,0.0,0.07143,0.0102,0.01205,0.0,0.02247,0.0,0.0,0.0,0.0
AripiprazoleDark_Individual:16,0.02339,0.01844,0.01859,0.01031,0.0,0.01282,0.01099,0.0,0.01786,0.0102,0.0122,0.01961,0.02804
AripiprazoleDark_Individual:15,0.01878,0.01304,0.02254,0.02462,0.03158,0.02296,0.04988,0.03889,0.04808,0.01596,0.01225,0.01824,0.00846
AripiprazoleDark_Individual:14,0.0251,0.0266,0.03537,0.04152,0.04611,0.01705,0.01942,0.02486,0.01648,0.00613,0.01942,0.0303,0.01261
