AripiprazoleDark_Individual:8;,0.52105,0.31429,0.40845,0.47436,0.35294,0.46842,0.34722,0.34899,0.42614,0.52273,0.4717,0.41758,0.45887
AripiprazoleDark_Individual:48,0.31547,0.33087,0.27586,0.35963,0.2963,0.57143,0.36111,0.44571,0.51639,0.59884,0.58235,0.51887,0.61818
AripiprazoleDark_Individual:4;,0.44337,0.35385,0.46939,0.47404,0.58503,0.5,0.58213,0.62751,0.61382,0.68404,0.66431,0.67901,0.68339
AripiprazoleDark_Individual:40,0.45682,0.43642,0.5307,0.60571,0.51948,0.58049,0.53448,0.53968,0.57914,0.57339,0.63208,0.64072,0.69565
AripiprazoleDark_Individual:41,0.43391,0.44993,0.40681,0.3822,0.41488,0.44912,0.41745,0.61168,0.49474,0.67988,0.6412,0.55161,0.61584
AripiprazoleDark_Individual:42,0.42244,0.39477,0.40026,0.38017,0.47146,0.50691,0.5093,0.63985,0.64725,0.76316,0.63436,0.75503,0.664
AripiprazoleDark_Individual:43,0.4306,0.44541,0.45971,0.43683,0.45681,0.40338,0.47554,0.51791,0.47368,0.60853,0.52995,0.54545,0.61538
AripiprazoleDark_Individual:44,0.45255,0.417,0.32941,0.51531,0.5625,0.64894,0.51852,0.55022,0.61202,0.55652,0.60577,0.58065,0.55828
AripiprazoleDark_Individual:45,0.42534,0.44643,0.44138,0.46154,0,0.39394,0.4,0.04335,0.5625,0.48571,0.0444,0.03267,0.52632
AripiprazoleDark_Individual:46,0.4678,0.46552,0.49515,0.36275,0.30108,0.54783,0.55263,0.46429,1.0,1.0,1.0,0.4623,0.54286
AripiprazoleDark_Individual:47,0.38978,0.33393,0.31228,0.34417,0.45972,0.37694,0.36913,0.35886,0.34316,0.39662,0.4201,0.39703,0.37674
AripiprazoleDark_Individual:2;,0.52344,0.34211,0.48214,0.36893,0.43548,0.41,1.0,1.0,0.7234,0.80952,0.0,0,0.83784
AripiprazoleDark_Individual:28,0.4673,0.44061,0.47002,0.54505,0.60173,0.56024,0.6255,0.672,0.71548,0.6125,0.70632,0.61976,0.72401
AripiprazoleDark_Individual:29,0.45424,0.38491,0.45259,0.47203,0.51397,0.5354,0.56132,0.592,0.58385,0.62121,0.54792,0.5995,0.53425
AripiprazoleDark_Individual:26,0.60345,0.52273,0.69333,0.52381,0.58571,0.63677,0.54651,0.74,0.76,0.77835,0.68944,0.85,0.5
AripiprazoleDark_Individual:6;,0.48175,0.3252,0.38255,0.40146,0.37903,0.41667,0.57576,0.6,0.56098,0.88732,1.0,0.5625,0.7541
AripiprazoleDark_Individual:24,0.4966,0.4519,0.40299,0.36593,0.3959,0.35075,0.47619,0.55128,0.625,0.70513,0.625,0.68571,0.61972
AripiprazoleDark_Individual:25,0.42794,0.51326,0.61751,0.61885,0.66154,0.54839,0.59067,0.6337,0.65385,0.66873,0.65018,0.77159,0.73622
AripiprazoleDark_Individual:22,0.5195,0.50844,0.36,0.42975,0.38961,0.36,0.38158,0.61224,0.53571,0.51316,0.48718,0.60215,0.5
AripiprazoleDark_Individual:23,0.43952,0.41289,0.48615,0.54713,0.56182,0.48263,0.56825,0.54839,0.66495,0.61017,0.39506,0.35398,0.63158
AripiprazoleDark_Individual:20,0.38081,0.2741,0.28519,0.35404,0.37795,0.47561,0.5,0.46,0.48235,0.53012,0.35088,0.46739,0.48276
AripiprazoleDark_Individual:21,0.3642,0.38304,0.5,0.43038,0.31387,0.37438,0.31818,0.4876,0.77778,0.73913,0.44156,0.47273,0.42857
AripiprazoleDark_Individual:34,0.36916,0.39357,0.43341,0.43979,0.38395,0.39181,0.61765,0.65611,0.53333,0.59302,0.54545,0.53719,0.55118
AripiprazoleDark_Individual:38,0.43602,0.49287,0.45361,0.56667,0.61212,0.5651,0.55605,0.72121,0.55831,0.51567,0.76444,0.53741,0.46921
AripiprazoleDark_Individual:35,0.40461,0.38633,0.43636,0.48193,0.52239,0.6746,0.56944,0.66942,0.54118,0.60156,0.5,0.74603,0.64957
AripiprazoleDark_Individual:27,0.51396,0.49307,0.51553,0.51359,0.59226,0.54375,0.48693,0.53614,0.44214,0.50781,0.5473,0.54633,0.54357
AripiprazoleDark_Individual:11,0.41813,0.3941,0.41509,0.5073,0.49528,0.4375,0.59135,0.49708,0.58896,0.53801,0.54622,0.58163,0.75
AripiprazoleDark_Individual:37,0.43079,0.3494,0.49038,0.54808,0.44578,0.45238,0.5407,0.45918,0.51938,0.46414,0.54545,0.53684,0.48889
AripiprazoleDark_Individual:36,0.3317,0.33708,0.41873,0.32311,0.33191,0.49558,0.70248,0.69591,0.52137,0.60694,0.72449,0.6129,0.67213
AripiprazoleDark_Individual:5;,0.49913,0.34634,0.34507,0.39865,0.28387,0.4715,0.57838,0.65196,0.63226,0.58416,0.72561,0,0.0
AripiprazoleDark_Individual:9;,0.43736,0.39286,0.31847,0.47368,0.4557,0.47368,0.42424,0.54839,0.56667,0.63014,0.38889,0.4329,0.39394
AripiprazoleDark_Individual:31,0.36809,0.33392,0.34642,0.33871,0.41667,0.43548,0.52381,0.60377,0.59783,0.50769,0.78481,0.55357,0.57025
AripiprazoleDark_Individual:30,0.47619,0.61667,0.83051,0.55738,0.59259,0.54545,0.375,0.4,0.05056,0.6,0,0,0.04246
AripiprazoleDark_Individual:1;,0.41111,0.49302,0.78698,0.66393,0.6,0.61538,0.61818,0.71688,0.67279,0.67846,0.68269,0.84277,0.83333
AripiprazoleDark_Individual:19,0.39167,0.52055,0.47945,0.38571,0.3642,0.40187,0.65217,0.52857,0.51176,0.37457,0.44944,0.5463,0.50704
AripiprazoleDark_Individual:18,0.54211,0.57813,0.53571,0.50685,0.51852,0.04259,0.54082,0.70588,0.60177,0.5241,0.55172,0.63636,0.6129
AripiprazoleDark_Individual:39,0.4386,0.418,0.41026,0.47149,0.47805,0.47112,0.40447,0.47872,0.49519,0.59444,0.49206,0.51923,0.63889
AripiprazoleDark_Individual:33,0.52906,0.50943,0.45397,0.38838,0.35892,0.49372,0.49383,0.57627,0.68421,0.6,0.6875,0.82857,0.75
AripiprazoleDark_Individual:3;,0.37081,0.34459,0.46113,0.53043,0.5906,0.59072,0.53846,0.60084,0.67524,0.71519,0.75785,0.70259,0.72131
AripiprazoleDark_Individual:32,0.40778,0.45375,0.47317,0.47564,0.48599,0.4705,0.47352,0.47856,0.50791,0.58355,0.54849,0.68966,0.8169
AripiprazoleDark_Individual:13,0.47529,0.48767,0.5784,0.65918,0.60251,0.65574,0.68582,0.64063,0.66272,0.47583,0.71253,0.47098,0.68372
AripiprazoleDark_Individual:12,0.41689,0.36898,0.35,0.42056,0.38462,0.32911,0.39175,0.42623,0.43293,0.54464,0.90909,0.47541,0.35
AripiprazoleDark_Individual:7;,0.41844,0.26087,0.47222,0.51934,0.37168,0.4252,0.40941,0.39024,0.62963,0.46626,0.52041,0.51366,0.51397
AripiprazoleDark_Individual:10,0.60984,0.47368,0.46903,0.52632,0.42623,0.39623,0.51515,0.63636,0.6875,0.70455,0.5,0.63158,0.81373
AripiprazoleDark_Individual:17,0.46889,0.39038,0.43718,0.42553,0.57143,0.43878,0.57831,0.48905,0.7191,0.77778,0.67742,0.73228,0.48052
AripiprazoleDark_Individual:16,0.47368,0.45492,0.39033,0.37113,0.5,0.48718,0.45055,0.61111,0.48214,0.55102,0.56098,0.56863,0.5514
AripiprazoleDark_Individual:15,0.40258,0.35507,0.38647,0.38714,0.33053,0.40919,0.3658,0.43611,0.50481,0.42908,0.43137,0.54407,0.44609
AripiprazoleDark_Individual:14,0.39498,0.34898,0.33923,0.33574,0.36599,0.47727,0.54854,0.44475,0.60989,0.55828,0.69903,0.62121,0.47059
