ClozapineDark_Individual:8;,0.20638,0.20039,0.076,0.10194,0.15652,0.11111,0.0,0.09524,0.07692,0.0625,0.09375,0.09302,0.1194
ClozapineDark_Individual:48,0.35124,0.27069,0.15804,0.20082,0.16043,0.1875,0.16514,0.13776,0.16149,0.17904,0.18229,0.12338,0.08051
ClozapineDark_Individual:4;,0.27974,0.07246,0.09524,0.07692,0.0,0.3,0.16667,0.0,0.16667,0.0,0.0,0.0,0.07143
ClozapineDark_Individual:40,0.25048,0.23453,0.16402,0.20603,0.17188,0.13757,0.07801,0.19424,0.18333,0.19298,0.14444,0.14444,0.29787
ClozapineDark_Individual:41,0.27466,0.25203,0.22831,0.22822,0.14208,0.20741,0.17135,0.15291,0.11297,0.16078,0.15162,0.09746,0.0936
ClozapineDark_Individual:42,0.31631,0.30522,0.13738,0.15464,0.13889,0.21359,0.17749,0.11579,0.16667,0.24746,0.17683,0.21831,0.23175
ClozapineDark_Individual:43,0.3053,0.12871,0.21538,0.16807,0.16234,0.17117,0.14286,0.18095,0.24545,0.14815,0.10959,0.17699,0.11111
ClozapineDark_Individual:44,0.29181,0.21378,0.19553,0.20364,0.13008,0.20745,0.10345,0.16129,0.16244,0.18182,0.13122,0.12575,0.18421
ClozapineDark_Individual:45,0.20339,0.24765,0.14241,0.19364,0.23529,0.20502,0.19444,0.25792,0.1991,0.19663,0.19171,0.13734,0.09836
ClozapineDark_Individual:46,0.24575,0.22518,0.14535,0.2328,0.13386,0.19444,0.07955,0.08824,0.07424,0.17045,0.13514,0.12245,0.08966
ClozapineDark_Individual:47,0.34375,0.28024,0.29075,0.36397,0.22869,0.27976,0.13551,0.20614,0.27007,0.14768,0.11579,0.19685,0.15
ClozapineDark_Individual:2;,0.40914,0.28619,0.20287,0.10624,0.16621,0.11371,0.12539,0.12319,0.14925,0.09859,0.1498,0.12132,0.12083
ClozapineDark_Individual:28,0.29754,0.01667,0,0.15385,0.17647,0.25,0.12712,0.08824,0.11828,0.14085,0.06818,0.12162,0.08403
ClozapineDark_Individual:29,0.17219,0.0,0.11321,0.125,0.22581,0.06061,0.11111,0.45,0.22727,0.0,0.0,0.0,0.05
ClozapineDark_Individual:26,0.34524,0.18576,0.17031,0.11268,0.11013,0.19595,0.16384,0.12621,0.1369,0.09286,0.09091,0.09929,0.10976
ClozapineDark_Individual:6;,0.23559,0.25783,0.13835,0.14013,0.12121,0.11268,0.12048,0.14706,0.125,0.04762,0.13043,0.11111,0.0625
ClozapineDark_Individual:24,0.29155,0.19355,0.13178,0.15455,0.09231,0.24359,0.2125,0.15625,0.16129,0.14754,0.09091,0.11905,0.15068
ClozapineDark_Individual:25,0.21888,0.17773,0.23864,0.20513,0.21379,0.15323,0.14634,0.11979,0.09424,0.1195,0.11364,0.03463,0.11966
ClozapineDark_Individual:22,0.22294,0.16786,0.12757,0.21114,0.13706,0.21429,0.12042,0.09302,0.0974,0.12397,0.14789,0.1125,0.14439
ClozapineDark_Individual:23,0.24722,0.20112,0.12409,0.10611,0.16883,0.13171,0.08547,0.05825,0.07895,0.05128,0.10759,0.05785,0.10056
ClozapineDark_Individual:20,0.19762,0.18329,0.17227,0.12446,0.11979,0.12258,0.1875,0.24211,0.13978,0.17857,0.20438,0.096,0.14925
ClozapineDark_Individual:21,0.26522,0.21154,0.19718,0.36364,0.33333,0.30769,0.32,0.34615,0.29032,0.15385,0.54545,0.21212,0.15217
ClozapineDark_Individual:34,0.35796,0.11702,0.26531,0.24219,0.23529,0.2509,0.27737,0.20325,0.22297,0.16892,0.1931,0.21481,0.15504
ClozapineDark_Individual:38,0.30833,0.31994,0.235,0.2,0.66667,0.25,0.11765,0.12169,0.15649,0.1124,0.08772,0.04575,0.075
ClozapineDark_Individual:35,0.25234,0.19457,0.1604,0.15059,0.19438,0.17429,0.19601,0.15859,0.14583,0.11905,0.08679,0.12558,0.07877
ClozapineDark_Individual:27,0.37025,0.18484,0.10909,0.07874,0.12121,0.07035,0.08,0.08036,0.10204,0.09589,0.07447,0.05479,0.09333
ClozapineDark_Individual:11,0.24588,0.26261,0.15534,0.12236,0.13818,0.07947,0.09239,0.10791,0.09783,0.06329,0.1,0.11494,0.08943
ClozapineDark_Individual:37,0.26499,0.17868,0.16667,0.23276,0.15534,0.22785,0.21094,0.11927,0.19298,0.24742,0.12791,0.16,0.10811
ClozapineDark_Individual:36,0.29541,0.32673,0.06667,0.23077,0.16,0.11321,0.24074,0.14583,0.2,0.25,0.14198,0.16162,0.11921
ClozapineDark_Individual:5;,0.27624,0.06071,0.04902,0.08213,0.04918,0.11475,0.05,0.04324,0.09559,0.04545,0.0229,0.05319,0.07778
ClozapineDark_Individual:9;,0.31638,0.33172,0.27044,0.21168,0.18056,0.128,0.10256,0.125,0.11765,0.225,0.5,0.03333,0.01449
ClozapineDark_Individual:31,0.32586,0.25833,0.136,0.14286,0.13793,0.13008,0.12921,0.13084,0.09615,0.09434,0.10976,0.02542,0.02469
ClozapineDark_Individual:30,0.29005,0.26788,0.18195,0.1299,0.08772,0.13023,0.19328,0.12963,0.18557,0.125,0.12632,0.12791,0.15287
ClozapineDark_Individual:1;,0.25316,0.27338,0.22815,0.14534,0.17188,0.0,0.11702,0.15385,0.15385,0.16667,0.10526,0.0625,0.10256
ClozapineDark_Individual:19,0.24044,0.30294,0.24063,0.18509,0.17664,0.22899,0.19828,0.16471,0.12968,0.16474,0.17544,0.17521,0.18519
ClozapineDark_Individual:18,0.23121,0.18644,0.15658,0.14715,0.08865,0.18864,0.13653,0.09873,0.13538,0.22527,0.09705,0.07571,0.10727
ClozapineDark_Individual:39,0.27101,0.2381,0.19103,0.2451,0.19388,0.13333,0.08,0.13684,0.11688,0.14925,0.11364,0.09322,0.15094
ClozapineDark_Individual:33,0.30015,0.19924,0.21795,0.18937,0.15698,0.17582,0.11915,0.2,0.16379,0.10345,0.18857,0.2,0.11628
ClozapineDark_Individual:3;,0.3125,0.24811,0.12648,0.13583,0.05687,0.07857,0.12346,0.12227,0.0979,0.07285,0.09184,0.05952,0.17143
ClozapineDark_Individual:32,0.31792,0.27888,0.14127,0.17219,0.16738,0.17094,0.13115,0.23926,0.27027,0.27313,0.2809,0.21196,0.16667
ClozapineDark_Individual:13,0.2825,0.0,0.04348,0.06557,0.19149,0.14706,0.12903,0.07246,0.125,0.05263,0.2,0.10606,0.07246
ClozapineDark_Individual:12,0.2953,0.26975,0.22111,0.21233,0.18274,0.16794,0.17647,0.12088,0.11538,0.20455,0.11111,0.06667,0.08
ClozapineDark_Individual:7;,0.31948,0.24691,0.16239,0.16244,0.20497,0.14583,0.10811,0.17391,0.12057,0.13393,0.16279,0.18421,0.11207
ClozapineDark_Individual:10,0.32584,0.33716,0.07937,0.1105,0.224,0,0.13514,0.11039,0.06182,0.1028,0.0922,0.09195,0.06731
ClozapineDark_Individual:17,0.34871,0.29287,0.20879,0.28614,0.2622,0.18667,0.17197,0.14286,0.23704,0.22989,0.18947,0.13305,0.175
ClozapineDark_Individual:16,0.31726,0.30472,0.19955,0.13184,0.21774,0.15132,0.15809,0.23894,0.22314,0.22925,0.29091,0.25926,0.19081
ClozapineDark_Individual:15,0.336,0.30566,0.23316,0.24752,0.16026,0.19728,0.15538,0.17442,0.1,0.09901,0.18939,0.16327,0.09934
ClozapineDark_Individual:14,0.32419,0.27083,0.17961,0.22121,0.19244,0.13596,0.1519,0.10811,0.10596,0.17323,0.15068,0.125,0.12371
