ClozapineDark_Individual:8;,0.00168,0.00389,0.032,0.00485,0.02609,0.0,0.28571,0.0,0.0,0.0,0.0,0.01163,0.0
ClozapineDark_Individual:48,0.0062,0.0,0.00817,0.02459,0.01604,0.01042,0.00459,0.0102,0.00621,0.0,0.00521,0.00649,0.00424
ClozapineDark_Individual:4;,0.01542,0.0,0.0,0.0,0.0,0.0,0.0,0.0,0.05556,0.0,0.0,0.0,0.0
ClozapineDark_Individual:40,0.00191,0.00326,0.00529,0.00503,0.00521,0.0,0.00709,0.0,0.00833,0.01754,0.0,0.01111,0.0
ClozapineDark_Individual:41,0.00303,0.00488,0.00685,0.0,0.0,0.0037,0.00562,0.00485,0.01674,0.00784,0.01083,0.0,0.0
ClozapineDark_Individual:42,0.00142,0.00602,0.00319,0.00344,0.0,0.00485,0.0,0.00526,0.00575,0.0,0.0,0.0,0.01587
ClozapineDark_Individual:43,0.00623,0.0198,0.01538,0.01681,0.01299,0.00901,0.0,0.0,0.0,0.01852,0.0,0.0,0.0
ClozapineDark_Individual:44,0.0,0.00713,0.00838,0.0,0.00407,0.01064,0.0,0.0,0.00508,0.0,0.00905,0.0,0.0
ClozapineDark_Individual:45,0.00212,0.0,0.0,0.0,0.0,0.0,0.0,0.0,0.0,0.0,0.0,0.0,0.0
ClozapineDark_Individual:46,0.0,0.00484,0.0,0.0,0.0,0.0,0.0,0.0,0.0,0.0,0.01351,0.03061,0.0
ClozapineDark_Individual:47,0.00987,0.00202,0.00661,0.00368,0.00832,0.00893,0.00935,0.00439,0.00973,0.00844,0.01053,0.0,0.0
ClozapineDark_Individual:2;,0.0,0.00166,0.0,0.00231,0.00272,0.0,0.0,0.0,0.0,0.0,0.0,0.00368,0.00417
ClozapineDark_Individual:28,0.00906,0.0,0,0.0,0.0,0.0,0.0,0.0,0.0,0.01408,0.0,0.0,0.0
ClozapineDark_Individual:29,0.01987,0.0,0.03774,0.02273,0.03226,0.0,0.0,0.0,0.0,0.0,0.0,1.0,0.0
ClozapineDark_Individual:26,0.00238,0.0,0.0,0.00469,0.00441,0.03378,0.00565,0.0,0.0,0.0,0.0,0.00709,0.0
ClozapineDark_Individual:6;,0.00752,0.00368,0.00728,0.0,0.0,0.0,0.0,0.0,0.0,0.0,0.0,0.0,0.0
ClozapineDark_Individual:24,0.00545,0.01075,0.0155,0.03636,0.09231,0.02564,0.0125,0.03125,0.03226,0.01639,0.01515,0.03571,0.05479
ClozapineDark_Individual:25,0.0,0.0,0.0,0.0,0.00345,0.0,0.0,0.0,0.01047,0.0,0.0,0.0,0.00855
ClozapineDark_Individual:22,0.00649,0.00357,0.00823,0.00587,0.02538,0.0119,0.01047,0.02326,0.00649,0.00826,0.02113,0.01875,0.0
ClozapineDark_Individual:23,0.00139,0.0,0.00243,0.0,0.00325,0.00488,0.0,0.00971,0.0,0.00641,0.0,0.00826,0.0
ClozapineDark_Individual:20,0.02619,0.02156,0.01681,0.01717,0.01563,0.0129,0.03125,0.0,0.02151,0.01786,0.0219,0.016,0.03731
ClozapineDark_Individual:21,0.00435,0.0,0.0,0.0,0.0,0.0,0.0,0.0,0.0,0.0,0.0,0.0,0.0
ClozapineDark_Individual:34,0.00328,0.04255,0.04082,0.00781,0.0,0.0,0.00182,0.0,0.0,0.0,0.0,0.0,0.0
ClozapineDark_Individual:38,0.0,0.00595,0.005,0.0,0.0,0.0,0.0,0.01058,0.00382,0.00775,0.0117,0.0,0.0
ClozapineDark_Individual:35,0.0109,0.00452,0.00198,0.00235,0.00648,0.00286,0.00181,0.0,0.0,0.00397,0.00755,0.0,0.0
ClozapineDark_Individual:27,0.00661,0.00555,0.01818,0.00787,0.0,0.00503,0.00667,0.0,0.0,0.0137,0.0,0.0,0.0
ClozapineDark_Individual:11,0.009,0.01217,0.01214,0.00422,0.00727,0.00662,0.03804,0.00719,0.0,0.01266,0.0,0.0,0.0
ClozapineDark_Individual:37,0.00193,0.00313,0.0,0.0,0.0,0.00633,0.0,0.02752,0.00877,0.0,0.0,0.0,0.0
ClozapineDark_Individual:36,0.0,0.0,0.0,0.0,0.0,0.0,0.01852,0.00694,0.01111,0.0,0.00617,0.0,0.00662
ClozapineDark_Individual:5;,0.0221,0.0,0.0,0.0,0.00546,0.0,0.0,0.00541,0.0,0.0,0.0,0.00532,0.0
ClozapineDark_Individual:9;,0.01318,0.0,0.00629,0.0,0.02778,0.0,0.0,0.0,0.0,0.0,0.0,0.1,0.0
ClozapineDark_Individual:31,0.00264,0.00833,0.0,0.0,0.01149,0.0,0.01124,0.00935,0.0,0.0,0.0,0.0,0.0
ClozapineDark_Individual:30,0.01942,0.0,0.0,0.00206,0.00877,0.0,0.0,0.0,0.0,0.00735,0.01053,0.0,0.0
ClozapineDark_Individual:1;,0.00141,0.0012,0.00889,0.00651,0.01563,0.0,0.0,0.0,0.01538,0.0,0.0,0.0,0.0
ClozapineDark_Individual:19,0.00546,0.00618,0.0125,0.01799,0.0057,0.0029,0.01293,0.0,0.00576,0.00289,0.00877,0.00427,0.00823
ClozapineDark_Individual:18,0.00578,0.00565,0.0,0.00601,0.0,0.00227,0.0,0.0,0.00308,0.0,0.0,0.0,0.00692
ClozapineDark_Individual:39,0.0058,0.00529,0.0078,0.0,0.00255,0.0,0.0,0.01053,0.01299,0.0,0.0,0.00847,0.00943
ClozapineDark_Individual:33,0.00613,0.0019,0.00256,0.0,0.00581,0.01099,0.0,0.0129,0.0,0.00862,0.0,0.0,0.0
ClozapineDark_Individual:3;,0.00579,0.00908,0.01186,0.01874,0.01896,0.01429,0.0,0.00437,0.00699,0.00662,0.0,0.0,0.0
ClozapineDark_Individual:32,0.00578,0.0,0.0,0.0,0.00429,0.00427,0.0,0.0,0.0,0.0,0.0,0.00543,0.0098
ClozapineDark_Individual:13,0.005,0.0,0.0,0.0,0.0,0.0,0.0,0.0,0.0,0.0,0.01818,0.0,0.01449
ClozapineDark_Individual:12,0.01007,0.00385,0.0,0.0,0.00508,0.0,0.0,0.0,0.0,0.0,0.00617,0.0,0.01
ClozapineDark_Individual:7;,0.00287,0.00494,0.0,0.00508,0.01863,0.00521,0.01351,0.0,0.0,0.01786,0.00775,0.0,0.0
ClozapineDark_Individual:10,0.00281,0.00688,0.00529,0.0,0.0,0,0.0,0.0,0.0,0.0,0.00709,0.01149,0.0
ClozapineDark_Individual:17,0.00322,0.00303,0.00549,0.00301,0.0,0.00667,0.00637,0.01361,0.00741,0.01149,0.0,0.0,0.0
ClozapineDark_Individual:16,0.00127,0.00286,0.0068,0.00498,0.00806,0.00329,0.01103,0.0,0.00413,0.0,0.00455,0.0,0.0
ClozapineDark_Individual:15,0.0048,0.01509,0.01813,0.00743,0.00321,0.0068,0.01594,0.00581,0.01176,0.0,0.01515,0.0,0.01325
ClozapineDark_Individual:14,0.00858,0.02083,0.02184,0.01212,0.00344,0.02193,0.00633,0.00901,0.00662,0.02362,0.00685,0.00893,0.0
