ClozapineDark_Individual:8;,0.06208,0.08171,0.128,0.07767,0.03478,0.0,0.0,0.09524,0.01538,0.02679,0.03125,0.01163,0.04478
ClozapineDark_Individual:48,0.03099,0.01119,0.02452,0.03689,0.01604,0.00521,0.02752,0.04082,0.03727,0.0,0.01563,0.02597,0.01695
ClozapineDark_Individual:4;,0.04846,0.01449,0.0,0.0,0.0,0.0,0.16667,0.14286,0.05556,0.0,0.0,0.0,0.07143
ClozapineDark_Individual:40,0.03059,0.05863,0.01587,0.0201,0.03125,0.00529,0.01418,0.00719,0.00833,0.01754,0.02222,0.0,0.0
ClozapineDark_Individual:41,0.04856,0.05041,0.05936,0.05602,0.08743,0.10741,0.09831,0.08738,0.06276,0.05098,0.06137,0.0678,0.06897
ClozapineDark_Individual:42,0.02695,0.03213,0.0607,0.08591,0.08333,0.07767,0.07359,0.1,0.08046,0.02712,0.04878,0.11268,0.02222
ClozapineDark_Individual:43,0.09657,0.08416,0.05385,0.03361,0.05195,0.08108,0.02381,0.05714,0.03636,0.05556,0.06164,0.04425,0.01709
ClozapineDark_Individual:44,0.01068,0.05226,0.03911,0.05818,0.04065,0.03191,0.03448,0.04516,0.09137,0.02508,0.04525,0.01796,0.02105
ClozapineDark_Individual:45,0.01059,0.02194,0.0031,0.00289,0.02353,0.0251,0.01984,0.01357,0.00905,0.01685,0.00518,0.01288,0.01093
ClozapineDark_Individual:46,0.02318,0.03148,0.08721,0.04233,0.05512,0.02778,0.03409,0.10294,0.0393,0.03409,0.01351,0.05102,0.02759
ClozapineDark_Individual:47,0.03947,0.03629,0.06167,0.02206,0.0395,0.0506,0.04206,0.03947,0.02676,0.05907,0.05263,0.03937,0.04375
ClozapineDark_Individual:2;,0.01758,0.03827,0.01077,0.0254,0.00545,0.02007,0.01254,0.00725,0.00373,0.00704,0.01215,0.00735,0.0125
ClozapineDark_Individual:28,0.07115,0.08333,0,0.0,0.11765,0.03571,0.01695,0.0,0.03226,0.04225,0.0,0.0,0.01681
ClozapineDark_Individual:29,0.07947,0.0,0.03774,0.0,0.0,0.0,0.0,0.0,0.0,0.0,0.0,0.0,0.0
ClozapineDark_Individual:26,0.01905,0.0,0.00437,0.00939,0.02643,0.02703,0.0226,0.00485,0.04167,0.02143,0.0,0.00709,0.0
ClozapineDark_Individual:6;,0.03509,0.02762,0.00971,0.01911,0.0,0.0,0.0,0.0,0.03125,0.0,0.04348,0.02222,0.03125
ClozapineDark_Individual:24,0.01907,0.01075,0.00775,0.03636,0.06154,0.02564,0.0125,0.02083,0.03226,0.01639,0.0303,0.02381,0.0411
ClozapineDark_Individual:25,0.00858,0.00474,0.02652,0.01099,0.0,0.0121,0.00976,0.00521,0.00524,0.01258,0.00758,0.00866,0.01709
ClozapineDark_Individual:22,0.01732,0.03571,0.11111,0.0176,0.06091,0.05952,0.04188,0.10078,0.03247,0.05785,0.09859,0.0625,0.05348
ClozapineDark_Individual:23,0.02917,0.03724,0.0146,0.03537,0.04545,0.04878,0.03846,0.07767,0.02632,0.05128,0.05696,0.04132,0.01676
ClozapineDark_Individual:20,0.04762,0.06199,0.03782,0.02575,0.04688,0.02581,0.02083,0.07368,0.01075,0.05357,0.0292,0.04,0.02239
ClozapineDark_Individual:21,0.01304,0.11538,0.05634,0.06061,0.0,0.0,0.0,0.03846,0.09677,0.0,0.0,0.0303,0.0
ClozapineDark_Individual:34,0.01149,0.10638,0.04082,0.00781,0.0,0.0,0.00182,0.02439,0.0,0.0,0.01379,0.0,0.03101
ClozapineDark_Individual:38,0.04833,0.03571,0.045,0.4,0.0,0.0,0.02941,0.01587,0.00382,0.0155,0.02924,0.03268,0.04167
ClozapineDark_Individual:35,0.06698,0.04751,0.0297,0.05412,0.06911,0.04,0.04719,0.04846,0.02083,0.0119,0.03774,0.02791,0.0137
ClozapineDark_Individual:27,0.01488,0.02218,0.01818,0.02362,0.0,0.02513,0.00667,0.03571,0.02041,0.0,0.02128,0.0137,0.01333
ClozapineDark_Individual:11,0.04648,0.05739,0.07282,0.07173,0.05818,0.04636,0.04891,0.02878,0.02717,0.05063,0.05,0.03448,0.04065
ClozapineDark_Individual:37,0.05416,0.10972,0.01923,0.0431,0.04854,0.01266,0.03906,0.02752,0.02632,0.02062,0.04651,0.02,0.04054
ClozapineDark_Individual:36,0.03194,0.0297,0.0,0.0,0.04,0.03774,0.01852,0.02778,0.01111,0.08333,0.03086,0.0101,0.04636
ClozapineDark_Individual:5;,0.0221,0.0,0.0,0.00483,0.00546,0.0,0.00455,0.00541,0.00735,0.00909,0.01527,0.01596,0.03333
ClozapineDark_Individual:9;,0.03202,0.02906,0.0,0.0073,0.0,0.088,0.0,0.01786,0.0,0.0,0.5,0.0,0.04348
ClozapineDark_Individual:31,0.01319,0.02917,0.0,0.0,0.02299,0.00813,0.01685,0.01869,0.00962,0.0,0.02439,0.00847,0.01235
ClozapineDark_Individual:30,0.02791,0.0156,0.01128,0.02887,0.03509,0.0093,0.0084,0.00926,0.03093,0.0,0.02105,0.0,0.00637
ClozapineDark_Individual:1;,0.05767,0.01799,0.04,0.02603,0.01563,0.0,0.0,0.0,0.00769,0.03846,0.0,0.0,0.0
ClozapineDark_Individual:19,0.06148,0.05873,0.05312,0.05141,0.04274,0.02609,0.05603,0.01961,0.01729,0.02023,0.02632,0.03846,0.01235
ClozapineDark_Individual:18,0.08671,0.10452,0.05338,0.06907,0.03191,0.06591,0.01845,0.05096,0.01231,0.06044,0.0211,0.00946,0.0173
ClozapineDark_Individual:39,0.05797,0.07231,0.06823,0.05882,0.04082,0.08,0.04,0.01053,0.05195,0.01493,0.0,0.00847,0.0
ClozapineDark_Individual:33,0.03982,0.01328,0.01795,0.01329,0.01744,0.02198,0.01702,0.01935,0.01724,0.02586,0.00571,0.00769,0.00775
ClozapineDark_Individual:3;,0.02546,0.03177,0.05138,0.0445,0.06635,0.07857,0.04938,0.00873,0.00699,0.0,0.0102,0.0119,0.05714
ClozapineDark_Individual:32,0.0448,0.02988,0.04155,0.02649,0.03863,0.02564,0.03689,0.0184,0.01802,0.00441,0.01685,0.0163,0.01961
ClozapineDark_Individual:13,0.05,0.06667,0.13043,0.08197,0.0,0.02941,0.0,0.02899,0.0,0.03509,0.01818,0.0303,0.01449
ClozapineDark_Individual:12,0.04027,0.03083,0.01508,0.0274,0.0,0.0,0.00654,0.01099,0.00769,0.04545,0.00617,0.00556,0.02
ClozapineDark_Individual:7;,0.03152,0.0321,0.02137,0.02538,0.01242,0.01042,0.01351,0.02174,0.02128,0.01786,0.00775,0.0,0.0
ClozapineDark_Individual:10,0.05618,0.01147,0.02116,0.01657,0.032,0,0.08108,0.03896,0.01455,0.01402,0.01418,0.02299,0.0
ClozapineDark_Individual:17,0.01931,0.0349,0.03571,0.05723,0.0061,0.00667,0.01274,0.01361,0.02963,0.03448,0.03684,0.02146,0.00625
ClozapineDark_Individual:16,0.03299,0.04721,0.04535,0.04975,0.02823,0.03947,0.04412,0.00885,0.02479,0.0,0.0,0.0,0.0
ClozapineDark_Individual:15,0.024,0.05283,0.04922,0.05941,0.01923,0.02721,0.03187,0.02907,0.02941,0.0297,0.0303,0.02041,0.01987
ClozapineDark_Individual:14,0.04631,0.0928,0.08981,0.04848,0.0378,0.01316,0.01266,0.01802,0.01325,0.00787,0.0411,0.00893,0.02062
