CNODark_Individual:8;,0.01134,0.00741,0.0,0.01724,0.0,0.0,0.0084,0.0,0.00901,0.00893,0.00909,0.00641,0.04132
CNODark_Individual:48,0.0,0.00372,0.00386,0.003,0.02381,0.01198,0.02703,0.00478,0.01105,0.00719,0.01176,0.01042,0.0
CNODark_Individual:4;,0.00358,0.00223,0.00796,0.0,0.0,0.0,0.00725,0.0,0.0,0.00806,0.0,0.0,0.0
CNODark_Individual:40,0.0,0.0,0.0,0.0,0.01961,0.0,0.0,0.0,0.0,0.00952,0.0,0.0,0.0
CNODark_Individual:41,0.00417,0.008,0.0,0.0,0.0,0.01408,0.01333,0.0,0.07143,0.0,0.04762,0.0566,0.02778
CNODark_Individual:42,0.00446,0.00909,0.01481,0.0117,0.01143,0.0,0.00758,0.05063,0.01031,0.0,0.03061,0.02752,0.00781
CNODark_Individual:43,0.00496,0.0063,0.00463,0.00909,0.0,0.01333,0.0,0.0,0.0,0.0,0.0,0.00508,0.0
CNODark_Individual:44,0.0,0.0,0.0,0.0,0.0,0.016,0.01163,0.01852,0.0,0.0,0.0,0.0,0.01087
CNODark_Individual:45,0.00311,0.01515,0.0,0,0.04286,0.02174,0.01449,0.01299,0.0,0.03191,0.01176,0.0,0.01493
CNODark_Individual:46,0.0,0.0,0.0163,0.0,0.00685,0.0155,0.0,0.0,0.0068,0.0069,0.0,0.00746,0.0
CNODark_Individual:47,0.00591,0.00245,0.00816,0.00495,0.02679,0.01266,0.0202,0.0,0.0,0.0122,0.00794,0.01648,0.01149
CNODark_Individual:2;,0.0,0.0,0.0,0.0,0.0,0.0,0.0,0.0,0.0,0.00758,0.0,0.00709,0.0
CNODark_Individual:28,0.0,0.01149,0.0,0.02,0.06667,0.0,0.02128,0.03883,0.00943,0.0,0.02247,0.00901,0.04
CNODark_Individual:29,0.01119,0.01042,0.01389,0.0,0.0,0.0,0.0,0.0,0.0,0.0,0.0125,0.01449,0.0
CNODark_Individual:26,0.0,0.0,0.0087,0.0,0.00971,0.02198,0.0,0.0,0.00746,0.0,0.0,0.01575,0.0101
CNODark_Individual:6;,0.00265,0.00504,0.00398,0.00771,0.0,0.0,0.00407,0.00985,0.02151,0.01212,0.0113,0.00568,0.01242
CNODark_Individual:24,0.00214,0.00244,0.00872,0.0,0.00667,0.0,0.0,0.01563,0.00637,0.0,0.00541,0.00629,0.00568
CNODark_Individual:25,0.00804,0.0,0.0,0.01031,0.01942,0.01449,0.025,0.0,0.01163,0.0,0.0,0.18182,0.02381
CNODark_Individual:22,0.0,0.00524,0.0,0.00435,0.0102,0.0184,0.00709,0.0,0.0,0.00813,0.0,0.03546,0.0
CNODark_Individual:23,0.01067,0.0,0.00272,0.00365,0.00441,0.0124,0.00552,0.00694,0.0069,0.0,0.0,0.03175,0.00752
CNODark_Individual:20,0.00207,0.00499,0.0,0.00526,0.0,0.00493,0.0,0.0,0.04762,0.0,0.02703,0.0,0.0
CNODark_Individual:21,0.01493,0.01266,0.00685,0.03049,0.0,0.05109,0.00699,0.04237,0.00637,0.06504,0.0303,0.00719,0.01587
CNODark_Individual:34,0.0,0.00193,0.0,0.00521,0.0,0.00781,0.0,0.0,0.0,0.0,0.0,0.0,0.0
CNODark_Individual:38,0.0021,0.0,0.0,0.0,0.0,0.0,0.02273,0.0,0.0,0.0,0.0,0.00893,0.0
CNODark_Individual:35,0.00593,0.00385,0.01481,0.0,0.02542,0.01923,0.0,0.00971,0.00826,0.00813,0.01575,0.0,0.02419
CNODark_Individual:27,0.00664,0.0101,0.00532,0.00581,0.01205,0.02479,0.00935,0.0367,0.01031,0.02299,0.02151,0.01887,0.0
CNODark_Individual:11,0.00145,0.00612,0.00599,0.01538,0.01227,0.00775,0.01471,0.01515,0.03409,0.0069,0.0,0.0283,0.02581
CNODark_Individual:37,0.0028,0.01461,0.00611,0.00545,0.0,0.02326,0.01053,0.03488,0.02381,0.0,0.0,0.0274,0.02222
CNODark_Individual:36,0.0,0.00526,0.0,0.0,0.0,0.00719,0.01504,0.01709,0.03448,0.00806,0.0,0.01333,0.0
CNODark_Individual:5;,0.02233,0.02746,0.03963,0.05018,0.06481,0.04065,0.02469,0.03727,0.03106,0.03226,0.0229,0.03361,0.02381
CNODark_Individual:9;,0.00333,0.01818,0.02133,0.02092,0.02128,0.02326,0.04505,0.03125,0.06557,0.02817,0.0597,0.04,0.05172
CNODark_Individual:31,0.00681,0.00842,0.00806,0.01325,0.00769,0.01053,0.01835,0.04762,0.00781,0.0084,0.02273,0.04808,0.01667
CNODark_Individual:30,0.02404,0.01952,0.01117,0.01141,0.01005,0.02381,0.0125,0.02,0.01613,0.00699,0.00565,0.00685,0.0
CNODark_Individual:1;,0.0,0.00304,0.0,0.00203,0.00457,0.0,0.0,0.0,0.0061,0.01299,0.00625,0.0,0.0
CNODark_Individual:19,0.00441,0.0,0.00667,0.00847,0.0,0.0,0.0,0.03448,0.0,0.0,0.0,0.01852,0.0
CNODark_Individual:18,0.00242,0.0,0.0,0.0,0.0,0.0,0.0,0.0,0.01695,0.0,0.0,0.0,0.0
CNODark_Individual:39,0.00379,0.00952,0.0,0.0101,0.01942,0.00909,0.0,0.06667,0.0,0.00794,0.00549,0.02459,0.0
CNODark_Individual:33,0.00875,0.00615,0.0,0.01754,0.01818,0.0,0.03636,0.02542,0.03636,0.01575,0.03125,0.0354,0.0102
CNODark_Individual:3;,0.02023,0.02453,0.0099,0.00313,0.00683,0.00439,0.02791,0.0,0.0042,0.0,0.0177,0.00392,0.00397
CNODark_Individual:32,0.00437,0.0,0.01149,0.0,0.0,0.0,0.01389,0.0,0.0,0.0,0.0,0.0,0.0339
CNODark_Individual:13,0.00184,0.0,0.0,0.00781,0.0,0.0,0.0,0.0,0.00962,0.00926,0.0122,0.01064,0.00952
CNODark_Individual:12,0.0015,0.02153,0.0,0.00299,0.02092,0.00885,0.00488,0.0181,0.03067,0.01136,0.00633,0.0082,0.01852
CNODark_Individual:7;,0.0,0.0,0.00637,0.00719,0.0,0.00685,0.01124,0.0,0.00535,0.0,0.00943,0.0,0.0
CNODark_Individual:10,0.0,0.0,0.0,0.0,0.00787,0.00855,0.0,0.0,0.0,0.0,0.0,0.0,0.0
CNODark_Individual:17,0.00313,0.01934,0.0,0.00581,0.01802,0.02469,0.02985,0.03279,0.01515,0.02,0.0,0.04444,0.0
CNODark_Individual:16,0.0,0.0,0.0,0.0,0.0,0.0,0.0,0.01136,0.0,0.0,0.0125,0.01163,0.01299
CNODark_Individual:15,0.0,0.0,0.0,0.0,0.01,0.04878,0.00826,0.01099,0.02174,0.03008,0.02469,0.0,0.01176
CNODark_Individual:14,0.00462,0.00439,0.00313,0.0076,0.01657,0.00645,0.00658,0.01242,0.0061,0.01212,0.00709,0.0,0.00962
