CNODark_Individual:8;,0.22449,0.23951,0.16828,0.13793,0.15676,0.17021,0.10924,0.14407,0.10811,0.10714,0.14545,0.08333,0.08264
CNODark_Individual:48,0.3031,0.25651,0.19691,0.23423,0.1619,0.08982,0.22162,0.14354,0.16575,0.28417,0.24314,0.11979,0.0942
CNODark_Individual:4;,0.34767,0.34375,0.24668,0.16863,0.18994,0.13208,0.18841,0.18657,0.21277,0.17742,0.2619,0.12821,0.17647
CNODark_Individual:40,0.37584,0.28814,0.17241,0.12,0.13725,0.13953,0.22917,0.2459,0.22667,0.18095,0.12048,0.13534,0.14371
CNODark_Individual:41,0.225,0.2,0.15596,0.17476,0.31429,0.14085,0.14667,0.30769,0.125,0.1519,0.2381,0.11321,0.05556
CNODark_Individual:42,0.25446,0.22,0.16296,0.20468,0.13143,0.20455,0.15152,0.12658,0.13402,0.22059,0.07143,0.14679,0.19531
CNODark_Individual:43,0.29752,0.2479,0.21065,0.26667,0.15789,0.12444,0.14737,0.1519,0.20588,0.06452,0.12258,0.13198,0.14286
CNODark_Individual:44,0.30435,0.23494,0.23936,0.18447,0.15888,0.168,0.18605,0.27778,0.28571,0.38462,0.16667,0.13333,0.08696
CNODark_Individual:45,0.24534,0.21212,0.15686,0,0.11429,0.22464,0.05797,0.11688,0.25974,0.1383,0.12941,0.14286,0.16418
CNODark_Individual:46,0.3081,0.28312,0.26359,0.20853,0.14384,0.13178,0.17021,0.23077,0.32653,0.22759,0.12857,0.11194,0.11236
CNODark_Individual:47,0.30906,0.32108,0.26531,0.26238,0.17857,0.26582,0.10101,0.14516,0.20175,0.08537,0.18254,0.17582,0.05747
CNODark_Individual:2;,0.29167,0.22581,0.27751,0.2126,0.18367,0.2037,0.10811,0.11765,0.16949,0.09848,0.08621,0.14894,0.10606
CNODark_Individual:28,0.23973,0.17241,0.208,0.26,0.26667,0.15385,0.2234,0.15534,0.30189,0.09278,0.10112,0.13514,0.2
CNODark_Individual:29,0.21642,0.11458,0.09722,0.125,0.14706,0.15686,0.11765,0.17188,0.19512,0.21739,0.0875,0.13043,0.15
CNODark_Individual:26,0.27604,0.29032,0.15652,0.13084,0.14563,0.17582,0.25581,0.15315,0.14925,0.12214,0.14423,0.15748,0.16162
CNODark_Individual:6;,0.25794,0.2605,0.28429,0.21851,0.30556,0.22047,0.15041,0.18227,0.13978,0.15758,0.19209,0.13636,0.1118
CNODark_Individual:24,0.19058,0.22494,0.21221,0.10063,0.16667,0.12025,0.12081,0.14583,0.07006,0.07186,0.17297,0.11321,0.09091
CNODark_Individual:25,0.28418,0.21642,0.192,0.24742,0.19417,0.23188,0.3,0.24324,0.39535,0.37879,0.27907,0.0,0.2381
CNODark_Individual:22,0.33507,0.36911,0.37231,0.24348,0.2449,0.20245,0.24113,0.27612,0.20301,0.17886,0.28161,0.11348,0.16949
CNODark_Individual:23,0.26829,0.265,0.15531,0.08759,0.08811,0.16116,0.14365,0.17361,0.13103,0.18367,0.11111,0.16667,0.18797
CNODark_Individual:20,0.26294,0.16459,0.1122,0.13684,0.12664,0.14286,0.10619,0.20588,0.14286,0.12195,0.10811,0.21212,0.11538
CNODark_Individual:21,0.25672,0.17089,0.13014,0.14634,0.16312,0.11679,0.1958,0.10169,0.17197,0.13008,0.13636,0.11511,0.16667
CNODark_Individual:34,0.45139,0.44894,0.46821,0.20313,0.13095,0.17969,0.27049,0.12587,0.16912,0.23485,0.18978,0.14865,0.10377
CNODark_Individual:38,0.22851,0.30396,0.22662,0.21239,0.14876,0.20301,0.15909,0.15957,0.12613,0.11224,0.09474,0.16071,0.13966
CNODark_Individual:35,0.21958,0.27308,0.18519,0.16794,0.13559,0.15385,0.16162,0.12621,0.17355,0.21951,0.12598,0.20833,0.10484
CNODark_Individual:27,0.2608,0.15152,0.15957,0.19767,0.15663,0.18182,0.15888,0.16514,0.13402,0.08046,0.2043,0.12264,0.14655
CNODark_Individual:11,0.35362,0.19572,0.1018,0.14359,0.13497,0.13953,0.11765,0.11364,0.15909,0.17931,0.11111,0.11321,0.15484
CNODark_Individual:37,0.27692,0.24188,0.28106,0.27793,0.09459,0.17442,0.17895,0.13953,0.11905,0.21429,0.12791,0.05479,0.16667
CNODark_Individual:36,0.25503,0.11579,0.10714,0.16783,0.176,0.04317,0.16541,0.15385,0.14655,0.16129,0.11207,0.1,0.09649
CNODark_Individual:5;,0.25678,0.21053,0.2439,0.13978,0.125,0.22764,0.16667,0.17391,0.1118,0.12903,0.12214,0.09244,0.0873
CNODark_Individual:9;,0.40333,0.27879,0.25867,0.21757,0.13475,0.09302,0.17117,0.09375,0.19672,0.05634,0.22388,0.09333,0.10345
CNODark_Individual:31,0.27428,0.24211,0.19355,0.19868,0.11538,0.15789,0.06422,0.11905,0.08594,0.18487,0.07955,0.05769,0.06667
CNODark_Individual:30,0.3125,0.26898,0.22067,0.17871,0.15075,0.1131,0.15,0.15,0.12366,0.15385,0.11864,0.10274,0.12987
CNODark_Individual:1;,0.23147,0.26484,0.23462,0.30629,0.25571,0.15058,0.18224,0.18447,0.19512,0.17532,0.2,0.14375,0.15528
CNODark_Individual:19,0.36344,0.23228,0.23333,0.17797,0.26437,0.15663,0.125,0.37931,0.53846,0.25,0.14815,0.27778,0.27273
CNODark_Individual:18,0.30435,0.29752,0.24561,0.25424,0.18966,0.23913,0.21053,0.21591,0.20339,0.15556,0.13636,0.13158,0.12903
CNODark_Individual:39,0.39962,0.08571,0.18033,0.18182,0.16505,0.14545,0.2,0.08,0.1791,0.11905,0.10989,0.14754,0.10857
CNODark_Individual:33,0.30635,0.27077,0.21256,0.2193,0.23636,0.18699,0.11818,0.11864,0.13636,0.15748,0.13542,0.18584,0.12245
CNODark_Individual:3;,0.25289,0.1717,0.20792,0.12812,0.11945,0.11842,0.13953,0.13514,0.18067,0.16304,0.10177,0.15686,0.14683
CNODark_Individual:32,0.17031,0.10476,0.12644,0.11,0.15094,0.13592,0.18056,0.38889,0.20408,0.25581,0.14035,0.18182,0.20339
CNODark_Individual:13,0.25967,0.26115,0.14907,0.11719,0.14286,0.20354,0.17808,0.13265,0.24038,0.12037,0.19512,0.11702,0.28571
CNODark_Individual:12,0.34483,0.25049,0.28049,0.21791,0.13808,0.18142,0.13659,0.13575,0.13497,0.13636,0.07595,0.11475,0.07407
CNODark_Individual:7;,0.26332,0.18293,0.14013,0.14388,0.13812,0.10274,0.12921,0.12883,0.12834,0.10458,0.14151,0.11875,0.17045
CNODark_Individual:10,0.31412,0.30028,0.2201,0.10656,0.14173,0.17949,0.07018,0.12977,0.12245,0.09901,0.07895,0.09677,0.11111
CNODark_Individual:17,0.22344,0.16298,0.0567,0.09884,0.14414,0.07407,0.1194,0.11475,0.16667,0.1,0.10417,0.15556,0.15
CNODark_Individual:16,0.35829,0.37674,0.32353,0.19753,0.2619,0.23864,0.19444,0.22727,0.21905,0.21176,0.0875,0.18605,0.15584
CNODark_Individual:15,0.32778,0.16418,0.15116,0.16867,0.22,0.19512,0.16529,0.17582,0.14493,0.09023,0.14815,0.17204,0.14118
CNODark_Individual:14,0.30769,0.3443,0.29154,0.27376,0.16022,0.21935,0.10526,0.29193,0.21341,0.25455,0.1773,0.09615,0.15385
