HaloperidolDark_Individual:8;,0.02181,0.05556,0.03784,0.00481,0.03297,0.0,0.00448,0.02286,0.01053,0.00935,0.00526,0.02294,0.00654
HaloperidolDark_Individual:48,0.04237,0.04789,0.05714,0.06667,0.0,0.0,0.01587,0.04444,0.02222,0.0303,0.05435,0.01408,0.0
HaloperidolDark_Individual:4;,0.06199,0.03512,0.03435,0.01487,0.01031,0.02283,0.01667,0.02825,0.03846,0.0118,0.02025,0.01444,0.01136
HaloperidolDark_Individual:40,0.03471,0.04675,0.02472,0.02691,0.03283,0.02449,0.01875,0.06716,0.04494,0.0283,0.04494,0.01802,0.01333
HaloperidolDark_Individual:41,0.01824,0.01661,0.00144,0.02564,0,0.04918,0.01136,0.04,0.05042,0.03,0.03922,0.01389,0.0
HaloperidolDark_Individual:42,0.01593,0.04854,0.06027,0.03521,0.05208,0.07491,0.06829,0.064,0.06522,0.05521,0.02128,0.05512,0.06202
HaloperidolDark_Individual:43,0.01031,0.01914,0.0,0.01333,0.02604,0.01807,0.0226,0.01026,0.03067,0.02008,0.01571,0.0289,0.04242
HaloperidolDark_Individual:44,0.02211,0.02851,0.07692,0.07317,0.07843,0.10417,0.06667,0.04321,0.05263,0.08434,0.06667,0.0625,0.06522
HaloperidolDark_Individual:45,0.01351,0.02239,0.04608,0.06226,0.03361,0.02326,0.125,0.01875,0.03497,0.0,0.03797,0.0119,0.01639
HaloperidolDark_Individual:46,0.009,0.01913,0.0282,0.02479,0.02174,0.0381,0.02632,0.06222,0.02247,0.03604,0.0,0.0,0.0
HaloperidolDark_Individual:47,0.00551,0.019,0.03646,0.01896,0.05442,0.07692,0.04505,0.0,0.0614,0.0098,0.07527,0.00926,0.04
HaloperidolDark_Individual:2;,0.02329,0.02828,0.02715,0.02742,0.02857,0.02457,0.01319,0.01365,0.00545,0.00442,0.03125,0.00395,0.01899
HaloperidolDark_Individual:28,0.03912,0.0,0.0087,0.00526,0.03472,0.01136,0.0,0.00429,0.02609,0.03067,0.01976,0.03529,0.00877
HaloperidolDark_Individual:29,0.04299,0.02778,0.01205,0.01212,0.0,0.01124,0.00581,0.00787,0.02809,0.0,0.0,0.0,0.01695
HaloperidolDark_Individual:26,0.04779,0.02454,0.0,0.0,0.0,0.01911,0.0,0.0,0,0.0,0,0,0
HaloperidolDark_Individual:6;,0.01966,0.01333,0.01504,0.01316,0.02841,0.0,0.01124,0.01303,0.00855,0.01394,0.04808,0.0,0.04082
HaloperidolDark_Individual:24,0.01338,0.02762,0.05248,0.04016,0.03571,0.04233,0.03382,0.05488,0.04217,0.03226,0.04286,0.04082,0.03185
HaloperidolDark_Individual:25,0.02703,0.03909,0.01415,0.01005,0.01288,0.05063,0.01942,0.00917,0.0,0.01071,0.0,0.00352,0.00429
HaloperidolDark_Individual:22,0.01592,0.02853,0.02787,0.02863,0.07241,0.044,0.03782,0.03049,0.01923,0.06627,0.05625,0.03521,0.07586
HaloperidolDark_Individual:23,0.00998,0.03646,0.01306,0.04475,0.02439,0.02439,0.01818,0.02439,0.01786,0.05023,0.02451,0.01896,0.02242
HaloperidolDark_Individual:20,0.0143,0.03072,0.03178,0.03314,0.05628,0.14154,0.12302,0.104,0.12981,0.09346,0.14218,0.08284,0.09662
HaloperidolDark_Individual:21,0.02187,0.0264,0.03511,0.03412,0.03557,0.07232,0.08202,0.08425,0.11638,0.07292,0.07558,0.08696,0.10145
HaloperidolDark_Individual:34,0.02044,0.03295,0.0274,0.04683,0.03911,0.02222,0.01942,0.0411,0.04317,0.01124,0.01163,0.07843,0.03175
HaloperidolDark_Individual:38,0.00569,0.0089,0.02446,0.01989,0.04688,0.10656,0.04902,0.05102,0.01149,0.08108,0.01538,0.03478,0.00787
HaloperidolDark_Individual:35,0.02278,0.02503,0.03846,0.05871,0.05486,0.06278,0.03556,0.03655,0.02137,0.01014,0.0113,0.02881,0.03463
HaloperidolDark_Individual:27,0.05136,0.06336,0.06552,0.06287,0.04563,0.05038,0.05682,0.06404,0.03309,0.03463,0.05028,0.0292,0.056
HaloperidolDark_Individual:11,0.01553,0.01799,0.02256,0.0381,0.01754,0.00641,0.01154,0.02,0.01481,0.03788,0.03333,0.0,0.02062
HaloperidolDark_Individual:37,0.05351,0.01887,0.0121,0.00662,0.00662,0.03175,0.0,0.0,0.0,0.00995,0.00758,0.00763,0.01399
HaloperidolDark_Individual:36,0.06014,0.03719,0.0809,0.05851,0.09951,0.08251,0.04528,0.02632,0.00939,0.04516,0.06863,0.04054,0.05114
HaloperidolDark_Individual:5;,0.03764,0.03379,0.05841,0.02635,0.01444,0.01375,0.02893,0.01961,0.02644,0.0312,0.02083,0.02595,0.01579
HaloperidolDark_Individual:9;,0.03235,0.02923,0.03807,0.02529,0.04508,0.02667,0.03012,0.01724,0.03125,0.06522,0.00909,0.01579,0.03049
HaloperidolDark_Individual:31,0.0241,0.02835,0.01864,0.02306,0.03039,0.02083,0.02235,0.01351,0.02881,0.00741,0.01527,0.02646,0.01613
HaloperidolDark_Individual:30,0.06241,0.06911,0.03198,0.03855,0.03209,0.03931,0.0272,0.04167,0.05618,0.02514,0.02687,0.01333,0.03412
HaloperidolDark_Individual:1;,0.01821,0.01393,0.01848,0.01149,0.02373,0.00526,0.01136,0.01326,0.01374,0.01389,0.01548,0.02083,0.01792
HaloperidolDark_Individual:19,0.01366,0.00577,0.052,0.03791,0.01685,0.01471,0.01899,0.03846,0.02128,0.0404,0.01418,0.0396,0.02
HaloperidolDark_Individual:18,0.05486,0.03684,0.01245,0.01099,0.00649,0.01282,0.0087,0.04505,0.0,0.0,0.01835,0.0,0.00952
HaloperidolDark_Individual:39,0.003,0.03717,0.02387,0.05641,0.0549,0.01508,0.02703,0.0354,0.04274,0.05376,0.03797,0.03597,0.01835
HaloperidolDark_Individual:33,0.03289,0.04615,0.04225,0.01053,0.05063,0.01667,0.0297,0.0,0.0099,0.0198,0.02,0.0177,0.00877
HaloperidolDark_Individual:3;,0.02695,0.03125,0.02203,0.01671,0.01377,0.02216,0.02134,0.04076,0.0116,0.00915,0.01449,0.03623,0.01493
HaloperidolDark_Individual:32,0.03226,0.03439,0.02174,0.00917,0.03415,0.03415,0.01493,0.04142,0.0339,0.00758,0.04225,0.01235,0.01087
HaloperidolDark_Individual:13,0.0367,0.04415,0.05505,0.02899,0.06,0.08475,0.07143,0.0,0.01136,0.0,0.01397,0.00833,0.03896
HaloperidolDark_Individual:12,0.01235,0.00923,0.00639,0.0081,0.0,0.0,0.00578,0.02344,0.03409,0.06593,0.05618,0.0,0.0
HaloperidolDark_Individual:7;,0.03683,0.02454,0.03382,0.061,0.04218,0.04017,0.04808,0.06011,0.04835,0.06745,0.07738,0.04918,0.02825
HaloperidolDark_Individual:10,0.01515,0.02481,0.00791,0.06494,0.02924,0.02727,0.0,0.02703,0.02174,0.08772,0.04082,0.01351,0.0
HaloperidolDark_Individual:17,0.01621,0.01584,0.03163,0.01534,0.00649,0.00408,0.0,0.02151,0.0084,0.00877,0.02841,0.0,0.00637
HaloperidolDark_Individual:16,0.06446,0.05363,0.05669,0.05369,0.04724,0.04898,0.01826,0.0398,0.02577,0.04938,0.00602,0.0625,0.05056
HaloperidolDark_Individual:15,0.01426,0.01389,0.01714,0.01073,0.02469,0.03788,0.03109,0.02041,0.02586,0.0198,0.03817,0.02326,0.0625
HaloperidolDark_Individual:14,0.00124,0.00717,0.00187,0.0,0.01042,0.01075,0.00645,0.00546,0.00939,0.01587,0.01042,0.00694,0.0219
