NDMCHighDark_Individual:8;,1201,809,164,126,45,182,26,161,296,84,183,322,284
NDMCHighDark_Individual:48,1122,1173,769,338,397,273,344,450,322,343,408,351,378
NDMCHighDark_Individual:4;,827,490,571,315,342,276,100,142,177,221,66,161,62
NDMCHighDark_Individual:40,550,497,616,137,1649,60,23,384,208,320,341,56,348
NDMCHighDark_Individual:41,1039,551,86,0,21,285,5,0,62,56,228,163,167
NDMCHighDark_Individual:42,1505,1483,1103,1210,751,665,466,539,451,357,330,283,355
NDMCHighDark_Individual:43,936,833,419,360,247,232,263,196,155,153,32,98,33
NDMCHighDark_Individual:44,833,897,780,686,408,409,523,709,476,561,518,532,522
NDMCHighDark_Individual:45,1258,768,366,265,207,358,236,318,144,170,147,292,219
NDMCHighDark_Individual:46,1061,311,192,62,19,134,175,222,152,199,159,130,126
NDMCHighDark_Individual:47,952,413,409,269,246,327,196,101,242,141,138,330,275
NDMCHighDark_Individual:2;,568,211,283,142,160,247,265,374,326,311,327,350,559
NDMCHighDark_Individual:28,1320,1251,865,367,350,481,330,442,318,368,388,331,365
NDMCHighDark_Individual:29,802,484,465,263,190,378,140,282,298,214,265,222,283
NDMCHighDark_Individual:26,940,402,373,314,214,284,212,307,324,195,263,241,233
NDMCHighDark_Individual:6;,925,450,401,312,190,188,70,374,286,236,244,304,229
NDMCHighDark_Individual:24,1318,1235,891,587,411,324,366,383,348,311,371,428,289
NDMCHighDark_Individual:25,529,0,174,95,51,167,15,122,63,170,43,102,36
NDMCHighDark_Individual:22,1150,920,642,485,266,314,254,381,174,186,202,162,292
NDMCHighDark_Individual:23,986,873,739,548,353,366,236,318,211,221,222,198,257
NDMCHighDark_Individual:20,1287,1099,461,514,477,504,288,507,335,356,327,410,400
NDMCHighDark_Individual:21,1241,575,538,250,205,195,27,122,91,133,127,116,21
NDMCHighDark_Individual:34,926,422,593,456,346,387,247,210,255,176,162,278,272
NDMCHighDark_Individual:38,751,715,647,228,284,304,265,206,240,216,227,204,360
NDMCHighDark_Individual:35,972,626,404,205,269,213,280,363,118,235,226,339,262
NDMCHighDark_Individual:27,494,138,71,118,198,70,173,233,150,98,137,161,95
NDMCHighDark_Individual:11,885,916,334,13,0,3,7,81,54,51,69,150,55
NDMCHighDark_Individual:37,810,644,591,207,47,0,1717,0,90,0,125,95,213
NDMCHighDark_Individual:36,1367,1047,728,61,29,175,170,36,69,95,229,95,16
NDMCHighDark_Individual:5;,916,553,402,165,262,358,198,219,252,221,280,129,196
NDMCHighDark_Individual:9;,1209,1282,771,660,460,459,295,451,226,258,199,276,285
NDMCHighDark_Individual:31,941,837,364,364,228,175,186,211,197,59,161,206,228
NDMCHighDark_Individual:30,1062,858,686,401,331,420,283,438,313,351,255,375,299
NDMCHighDark_Individual:1;,1560,1166,382,194,219,383,381,448,316,297,283,341,455
NDMCHighDark_Individual:19,1354,928,665,672,297,503,329,409,344,301,174,229,215
NDMCHighDark_Individual:18,1290,1048,1178,644,204,285,307,258,402,228,369,242,104
NDMCHighDark_Individual:39,1103,816,1752,11,274,180,1985,27,1619,202,182,14,128
NDMCHighDark_Individual:33,1069,691,228,146,232,364,174,294,324,310,233,238,406
NDMCHighDark_Individual:3;,1100,834,623,353,289,343,384,585,424,324,340,333,361
NDMCHighDark_Individual:32,750,679,319,107,235,263,196,201,50,171,228,160,166
NDMCHighDark_Individual:13,1065,1231,1282,872,133,49,172,84,108,159,194,133,171
NDMCHighDark_Individual:12,1194,915,108,108,16,252,280,299,269,280,238,291,512
NDMCHighDark_Individual:7;,735,811,522,150,136,127,302,294,170,208,155,222,226
NDMCHighDark_Individual:10,1262,1244,923,297,314,358,262,489,219,349,390,296,372
NDMCHighDark_Individual:17,807,903,856,582,207,541,146,263,146,3,191,214,34
NDMCHighDark_Individual:16,1408,1814,1535,1608,1466,1459,1166,902,647,395,276,231,147
NDMCHighDark_Individual:15,1047,1122,382,1759,31,73,421,252,235,268,150,249,230
NDMCHighDark_Individual:14,948,729,400,281,166,134,391,406,272,261,174,203,339
