NDMCDark_Individual:8;,0.41176,0.57836,0.63006,0.73214,0.63636,0.44444,0.55172,0.7093,0.68182,0.6087,0.69231,0.55,0.84615
NDMCDark_Individual:48,0.49032,0.59854,0.52713,0.5,0.05174,0.44,0.51852,0.55319,0.64407,0.64286,0.5,0.52381,0.62963
NDMCDark_Individual:4;,0.66667,1.0,1.0,0.45455,0.57143,0.75,0.91667,0.52632,1.0,0,0,0.58537,0.75
NDMCDark_Individual:40,0.38857,0.44161,0.4373,0.44082,0.42886,0.48468,0.48723,0.49416,0.6015,0.57714,0.53086,0.7764,0.71212
NDMCDark_Individual:41,0.51374,0.47455,0.42327,0.51558,0.61745,0.65724,0.64798,0.6326,0.58216,0.56422,0.74545,1.0,1.0
NDMCDark_Individual:42,0.43609,0.32692,0.38462,0,0,1.0,0.55556,0.88889,0.94872,1.0,0.75,0,1.0
NDMCDark_Individual:43,0.5252,0.52479,0.62673,0.55519,0.57252,0.49669,0.55357,0.61856,0.75862,0.62667,0.75472,0.7094,0.78378
NDMCDark_Individual:44,0.5027,0.44654,0.49868,0.49275,0.49913,0.5,0.5576,0.48993,0.72222,0.69318,0.7907,0.73256,0.66071
NDMCDark_Individual:45,0.42576,0.39098,0.40199,0.66207,0.69298,0.6055,0.5977,0.79688,0.64211,0.67797,0.72464,0.73684,0.85714
NDMCDark_Individual:46,0.48684,0.48332,0.45777,0.4867,0.4766,0.53243,0.60667,0.77358,0.60606,0.625,0.79032,0.56863,0.75
NDMCDark_Individual:47,0.50141,0.47776,0.49153,0.52427,0.51102,0.6,0.3871,0.336,0.54651,0.47059,0.52874,0.5914,0.55319
NDMCDark_Individual:2;,0.42299,0.39894,0.42222,0.39381,0.48837,0.8,0.33333,0.5,0.56579,1.0,1.0,0.57143,0.61538
NDMCDark_Individual:28,0.51692,0.44932,0.52708,0.51412,0.64516,0.80749,0.82558,0.5,0.85217,0.72308,0.4375,0.80556,0.71429
NDMCDark_Individual:29,0.5533,0.61875,0.66949,0.51923,0.78723,0.82895,0.86667,0.62,0.72881,0.05005,0.05311,0.05104,0.92308
NDMCDark_Individual:26,0.63867,0.60039,0.64398,0.59302,0.68966,0.33333,0.63964,0.62112,1.0,0.77273,0,0.60256,0.86364
NDMCDark_Individual:6;,0.60377,0.54762,0.54155,0.51591,0.53731,0.51156,0.56796,0.5,0.64567,0.57547,0.71605,0.75652,0.7402
NDMCDark_Individual:24,0.41641,0.40893,0.39259,0.41634,0.56604,0.57143,0.56,0.53333,0.75439,0.54545,0.53947,0.64474,0.67376
NDMCDark_Individual:25,0.52794,0.49697,0.57241,0.51039,0.47711,0.56265,0.55357,0.52212,0.41129,0.51351,0.78947,0.68156,0.59748
NDMCDark_Individual:22,0.65655,0.59057,0.63941,0.5396,0.56478,0.77586,0.80342,0,1.0,0.0,0.6988,0.54762,0.05167
NDMCDark_Individual:23,0.50718,0.44173,0.44565,0.46626,0.6015,0.61783,0.64398,0.56923,0.61157,0.61957,0.7362,0.64935,0.63514
NDMCDark_Individual:20,0.57287,0.52029,0.61575,0.6,0.71831,0.80808,0.76596,0.75,0.75,0.63333,0.89655,0.81013,0.78571
NDMCDark_Individual:21,0.51026,0.55702,0,1.0,0,0.04819,0.875,0.05369,0.25,0.98462,0.03825,0,0.96875
NDMCDark_Individual:34,0.47368,0.39483,0.3617,0.43021,0.50254,0.55752,0.54321,0.62245,0.74825,0.60638,0.69608,0.78947,0.55263
NDMCDark_Individual:38,0.46047,0.43299,0.35185,0.30398,0.33333,0.52055,0.47826,0.61468,0.72566,0.65421,0.8227,0.78788,0.8022
NDMCDark_Individual:35,0.42981,0.40196,0.39535,0.52475,0.52475,0.33333,0.45361,0.44737,0.49565,0.36111,0.48485,0.5,1.0
NDMCDark_Individual:27,0.64444,0,0.03477,0.04505,0.66667,0.75439,0.94444,0.25,1.0,0.33333,0.0,0.5,0.94737
NDMCDark_Individual:11,0.50472,0,0,0.0,0,1.0,1.0,1.0,0.54651,0.57708,0.5859,0.33333,0.8
NDMCDark_Individual:37,0.5534,0.40162,0.3792,0.58163,0.63226,0.69178,0.81481,0.2,0.75,0.0,0.5,0.41096,0.54737
NDMCDark_Individual:36,0.53997,0.48498,0.53803,0.54303,0.52437,0.59369,0.58879,0.47,0.65823,0.64758,0.72,0.6625,0.56934
NDMCDark_Individual:5;,0.54684,0.52289,0.43724,0.50489,0.43784,0.42578,0.44747,0.63636,0.66071,0.67568,0.49231,0.60465,0.63218
NDMCDark_Individual:9;,0.46908,0.51378,0.42752,0.43846,0.4393,0.47811,0.52976,0.52439,0.45161,0.51724,0.61702,0.67347,0.80769
NDMCDark_Individual:31,0.43137,0.37552,0.35897,0.38636,0.38889,0.3913,0.52174,0.68293,0.2,0.73913,1.0,0.61905,0.8
NDMCDark_Individual:30,0.44186,0.58333,0.62879,0.75,1.0,0.75,0,0.70833,0.64516,0.82,0.7,0.62963,0.66667
NDMCDark_Individual:1;,0.46255,0.47476,0.53303,0.53891,0.44663,0.4961,0.5193,0.65,0.94253,0.66667,0.98444,0.89247,0.53846
NDMCDark_Individual:19,0.51636,0.46491,0.50311,0.60748,0.62319,0.64024,0.63393,0.69718,0.59016,0.60894,0.5431,0.66406,0.78698
NDMCDark_Individual:18,0.47449,0.50602,0.55255,0.35152,0.5,0.38462,0.5625,0.74545,0.34483,0.44,0.6,0.625,0.64706
NDMCDark_Individual:39,0.56472,0.55951,0.50133,0.59105,0.55373,0.5,0.41667,0.47826,0.61111,0.69412,0.58667,0.72289,0.68817
NDMCDark_Individual:33,0.50195,0.55383,0.54806,0.56454,0.6474,0.74194,0.58462,0.45455,0.8,0.78261,0.78125,0.70909,0.81564
NDMCDark_Individual:3;,0.39737,0.47718,0.35332,0.4508,0.58571,0.71429,0.45652,0.5641,0.62295,0.78571,0.65909,0.5,0.66038
NDMCDark_Individual:32,0.43243,0.41989,0.51861,0.5283,0.51408,0,0.72917,0.5625,0.89189,0.68421,1.0,0.89474,0.92857
NDMCDark_Individual:13,0.51096,0.48521,0.53088,0.53962,0.53583,0.5098,0.56092,0.64747,0.61538,0.58962,0.67866,0.631,0.64881
NDMCDark_Individual:12,0.50181,0.46886,0.33048,0.47786,0.47165,0.41379,0.42424,0.47826,0.5814,0.56604,0.55556,0.56667,0.72414
NDMCDark_Individual:7;,0.56038,0.57003,0.60575,0.49747,0.34783,0.36364,0.53333,0.42857,0.94203,0.48165,0,0.52381,0.05118
NDMCDark_Individual:10,0.53393,0.60696,0.51841,0.47315,0.63043,0.63942,0.71186,0.70661,0.73964,0.8125,0.75824,0.78125,0.88667
NDMCDark_Individual:17,0.52015,0.46785,0.47913,0.42639,0.37473,0.47091,0.84615,0.88,0.89552,0,0,0,0.73333
NDMCDark_Individual:16,0.5564,0.56243,0.57802,0.57901,0.54855,0.62901,0.58937,0.65982,0.58039,0.63077,0.59712,0.66879,0.61255
NDMCDark_Individual:15,0.50233,0.5316,0.52507,0.65409,0.63743,0.69565,0.71508,0.66667,0.825,0.8,0,0.78947,0.75904
NDMCDark_Individual:14,0.56745,0.57308,0.53922,0.48158,0.49471,0.56901,0.58854,0.6413,0.56923,0.69325,0.7013,0.70732,0.71698
