NDMCDark_Individual:8;,352,189,96,109,47,45,18,49,37,49,29,16,5
NDMCDark_Individual:48,362,380,88,12,1005,17,16,29,32,22,4,23,19
NDMCDark_Individual:4;,23,1,1,9,7,7,11,14,1,0,0,27,2
NDMCDark_Individual:40,413,411,457,423,360,266,340,181,89,115,151,87,78
NDMCDark_Individual:41,360,415,322,280,206,197,230,267,162,167,75,1,4
NDMCDark_Individual:42,105,87,34,0,0,39,40,5,30,36,3,0,16
NDMCDark_Individual:43,451,524,428,216,381,111,40,63,39,48,76,65,102
NDMCDark_Individual:44,498,554,509,434,392,335,153,98,63,58,26,45,22
NDMCDark_Individual:45,627,508,305,69,55,66,56,65,52,60,30,51,60
NDMCDark_Individual:46,637,588,484,432,380,238,102,29,23,24,45,30,21
NDMCDark_Individual:47,481,488,466,341,315,56,115,90,53,65,57,62,65
NDMCDark_Individual:2;,323,407,490,326,86,7,2,5,54,4,8,5,19
NDMCDark_Individual:28,398,483,357,111,87,70,50,2,44,31,11,15,17
NDMCDark_Individual:29,143,102,86,36,31,52,30,31,36,979,998,960,5
NDMCDark_Individual:26,378,386,291,125,12,3,173,121,18,32,0,56,35
NDMCDark_Individual:6;,551,523,551,471,525,282,139,68,73,66,41,60,154
NDMCDark_Individual:24,275,243,216,186,79,69,69,49,28,63,53,43,79
NDMCDark_Individual:25,375,347,298,304,311,285,276,245,86,22,77,126,107
NDMCDark_Individual:22,405,307,192,146,223,74,79,0,1,1,55,24,987
NDMCDark_Individual:23,326,302,294,247,205,123,139,99,95,74,110,60,102
NDMCDark_Individual:20,529,469,289,100,44,66,34,27,29,22,41,67,8
NDMCDark_Individual:21,290,165,0,114,0,1079,42,1043,4,46,1098,0,26
NDMCDark_Individual:34,515,421,260,341,128,74,52,60,77,53,59,69,46
NDMCDark_Individual:38,403,460,349,297,194,43,26,62,61,62,66,18,53
NDMCDark_Individual:35,386,325,199,78,79,54,80,60,96,31,70,2,5
NDMCDark_Individual:27,27,0,949,999,1,29,16,1,4,5,1,2,9
NDMCDark_Individual:11,118,0,0,1,0,5,113,1,49,185,175,2,5
NDMCDark_Individual:37,472,372,252,118,109,81,14,5,9,2,3,57,72
NDMCDark_Individual:36,547,493,398,343,442,384,310,148,135,137,105,171,86
NDMCDark_Individual:5;,315,609,550,471,437,400,192,44,31,40,36,47,48
NDMCDark_Individual:9;,488,654,405,386,469,403,222,112,20,22,23,35,55
NDMCDark_Individual:31,384,376,138,27,12,16,12,15,8,8,1,10,10
NDMCDark_Individual:30,34,36,101,6,4,2,0,17,27,36,14,17,38
NDMCDark_Individual:1;,402,483,444,476,445,460,204,15,62,3,175,65,9
NDMCDark_Individual:19,212,163,99,71,97,107,82,73,121,103,82,85,107
NDMCDark_Individual:18,317,315,259,124,16,9,7,39,20,16,4,12,36
NDMCDark_Individual:39,378,583,481,384,358,84,32,47,37,33,41,32,43
NDMCDark_Individual:33,533,546,466,394,113,47,42,28,32,26,10,19,95
NDMCDark_Individual:3;,310,358,397,324,42,6,27,20,36,41,24,23,36
NDMCDark_Individual:32,440,424,293,125,106,0,26,9,22,12,22,19,23
NDMCDark_Individual:13,614,476,607,533,435,383,303,275,296,130,244,171,98
NDMCDark_Individual:12,398,432,271,326,307,20,25,14,20,36,31,30,63
NDMCDark_Individual:7;,395,453,432,304,16,10,52,4,45,496,0,16,1055
NDMCDark_Individual:10,374,365,231,225,93,134,73,146,234,90,110,98,96
NDMCDark_Individual:17,640,492,500,437,389,293,27,70,53,0,0,0,24
NDMCDark_Individual:16,510,572,546,518,391,461,372,239,137,145,70,82,178
NDMCDark_Individual:15,506,401,262,106,123,118,133,96,23,6,0,32,54
NDMCDark_Individual:14,531,562,452,280,271,215,120,46,38,85,36,45,30
