NDMCDark_Individual:8;,0.0905,0.04104,0.06358,0.02381,0.07792,0.03175,0.0,0.04651,0.06061,0.02899,0.06154,0.15,0.0
NDMCDark_Individual:48,0.03656,0.03285,0.05426,0.125,0.00697,0.0,0.0,0.06383,0.0,0.02381,0.0,0.07143,0.0
NDMCDark_Individual:4;,0.0,0.0,0.0,0.0,0.0,0.0,0.0,0.05263,0.0,0,0,0.0,0.0
NDMCDark_Individual:40,0.0381,0.04562,0.04984,0.04631,0.04268,0.05571,0.0617,0.05447,0.05263,0.04,0.0535,0.02484,0.0303
NDMCDark_Individual:41,0.03805,0.03273,0.04455,0.0255,0.04698,0.0318,0.01869,0.01657,0.03286,0.01835,0.02727,0.0,0.0
NDMCDark_Individual:42,0.04511,0.08654,0.07692,0,0,0.0,0.03175,0.0,0.05128,0.0,0.0,0,0.0
NDMCDark_Individual:43,0.05366,0.0303,0.02919,0.03571,0.0458,0.05298,0.0,0.05155,0.01724,0.04,0.03774,0.04274,0.02703
NDMCDark_Individual:44,0.02838,0.02516,0.03968,0.04348,0.02946,0.04812,0.04147,0.01342,0.05556,0.01136,0.02326,0.02326,0.03571
NDMCDark_Individual:45,0.04074,0.09624,0.09926,0.08276,0.0614,0.04587,0.06897,0.07031,0.03158,0.0678,0.05797,0.03158,0.00952
NDMCDark_Individual:46,0.01215,0.01615,0.02997,0.02034,0.04506,0.03784,0.08667,0.03774,0.0,0.05,0.01613,0.01961,0.04545
NDMCDark_Individual:47,0.02676,0.03443,0.0416,0.03689,0.02806,0.11765,0.09032,0.104,0.02326,0.05882,0.09195,0.02151,0.03191
NDMCDark_Individual:2;,0.02989,0.0656,0.0637,0.04646,0.03876,0.0,0.0,0.0,0.01316,0.0,0.0,0.0,0.02564
NDMCDark_Individual:28,0.04699,0.10304,0.05,0.02825,0.07097,0.02139,0.03488,0.0,0.0087,0.0,0.0,0.02778,0.0
NDMCDark_Individual:29,0.04061,0.05,0.02542,0.03846,0.0,0.02632,0.02222,0.02,0.01695,0.00511,0.00501,0.00625,0.0
NDMCDark_Individual:26,0.03906,0.03668,0.04188,0.02907,0.10345,0.66667,0.01802,0.03106,0.0,0.04545,0,0.0641,0.02273
NDMCDark_Individual:6;,0.0283,0.05655,0.06032,0.0603,0.04776,0.08382,0.06311,0.11538,0.08661,0.0566,0.04938,0.01739,0.0098
NDMCDark_Individual:24,0.02736,0.04467,0.07037,0.07782,0.0283,0.01099,0.07,0.04,0.05263,0.09091,0.06579,0.03947,0.06383
NDMCDark_Individual:25,0.0501,0.05455,0.04598,0.05774,0.07952,0.04177,0.04592,0.0472,0.09677,0.0,0.02632,0.06145,0.0566
NDMCDark_Individual:22,0.03036,0.04467,0.03717,0.05446,0.04651,0.03448,0.03419,0,0.0,0.0,0.04819,0.09524,0.0304
NDMCDark_Individual:23,0.0311,0.07859,0.06793,0.02761,0.06015,0.05732,0.03141,0.06154,0.02479,0.04348,0.01227,0.01299,0.01351
NDMCDark_Individual:20,0.03608,0.05072,0.02864,0.0125,0.02817,0.0101,0.0,0.03125,0.02273,0.03333,0.0,0.01266,0.0
NDMCDark_Individual:21,0.06154,0.0307,0,0.0,0,0.01019,0.0625,0.00767,0.25,0.0,0.01913,0,0.03125
NDMCDark_Individual:34,0.04825,0.03506,0.05471,0.04119,0.04569,0.00885,0.04938,0.02041,0.04196,0.03191,0.02941,0.01053,0.07895
NDMCDark_Individual:38,0.03755,0.02062,0.04167,0.04261,0.03704,0.06849,0.02174,0.0,0.0531,0.02804,0.02128,0.0,0.02198
NDMCDark_Individual:35,0.04536,0.04902,0.0814,0.0297,0.0396,0.0303,0.01031,0.05263,0.01739,0.05556,0.05051,0.0,0.0
NDMCDark_Individual:27,0.0,0,0.0137,0.01001,0.0,0.05263,0.05556,0.0,0.0,0.0,0.0,0.0,0.0
NDMCDark_Individual:11,0.03302,0,0,0.0,0,0.0,0.0,0.0,0.03488,0.03162,0.03524,0.0,0.0
NDMCDark_Individual:37,0.05502,0.10953,0.10703,0.04592,0.03871,0.0411,0.03704,0.0,0.08333,0.0,0.16667,0.0137,0.05263
NDMCDark_Individual:36,0.02621,0.05007,0.03711,0.05738,0.0437,0.04082,0.05607,0.115,0.03376,0.02643,0.055,0.025,0.05839
NDMCDark_Individual:5;,0.08497,0.05181,0.06629,0.03909,0.06486,0.08594,0.08171,0.07792,0.10714,0.06757,0.09231,0.06977,0.05747
NDMCDark_Individual:9;,0.08597,0.05623,0.0844,0.08462,0.08786,0.08231,0.05952,0.05488,0.19355,0.17241,0.17021,0.08163,0.07692
NDMCDark_Individual:31,0.06863,0.05809,0.13846,0.20455,0.05556,0.04348,0.13043,0.04878,0.2,0.0,0.0,0.0,0.0
NDMCDark_Individual:30,0.09302,0.08333,0.0303,0.125,0.0,0.0,0,0.0,0.0,0.0,0.05,0.03704,0.01852
NDMCDark_Individual:1;,0.08052,0.07571,0.07834,0.07636,0.0936,0.06552,0.05965,0.1,0.02299,0.0,0.00778,0.03226,0.0
NDMCDark_Individual:19,0.11273,0.08333,0.14286,0.05607,0.0,0.03049,0.05357,0.02817,0.03825,0.04469,0.07759,0.03125,0.0
NDMCDark_Individual:18,0.04847,0.0506,0.04204,0.06667,0.04545,0.0,0.0625,0.03636,0.06897,0.12,0.0,0.125,0.0
NDMCDark_Individual:39,0.05825,0.01526,0.04787,0.02077,0.0255,0.08955,0.04167,0.07246,0.02778,0.07059,0.06667,0.09639,0.05376
NDMCDark_Individual:33,0.02464,0.03469,0.033,0.0327,0.0578,0.05376,0.03077,0.06061,0.03077,0.02174,0.03125,0.01818,0.01117
NDMCDark_Individual:3;,0.07632,0.06846,0.05567,0.04119,0.04286,0.07143,0.1087,0.07692,0.03279,0.02857,0.04545,0.075,0.11321
NDMCDark_Individual:32,0.03063,0.02578,0.01737,0.06918,0.05634,0,0.0,0.0,0.02703,0.0,0.0,0.0,0.0
NDMCDark_Individual:13,0.02522,0.0355,0.03207,0.03552,0.04072,0.02941,0.04828,0.01843,0.04299,0.09906,0.02828,0.02952,0.08333
NDMCDark_Individual:12,0.06498,0.0989,0.11681,0.05128,0.0799,0.17241,0.06061,0.04348,0.02326,0.09434,0.04444,0.08333,0.01149
NDMCDark_Individual:7;,0.05094,0.02443,0.01692,0.02778,0.13043,0.27273,0.03333,0.14286,0.01449,0.04128,0,0.14286,0.01232
NDMCDark_Individual:10,0.02857,0.02957,0.05949,0.02349,0.04348,0.01442,0.02542,0.00826,0.00592,0.00694,0.01099,0.025,0.00667
NDMCDark_Individual:17,0.03149,0.04662,0.05719,0.07075,0.05882,0.04709,0.0,0.03,0.02985,0,0,0,0.0
NDMCDark_Individual:16,0.02281,0.01657,0.01978,0.02528,0.02215,0.01116,0.01127,0.00685,0.08235,0.03846,0.07914,0.00637,0.01476
NDMCDark_Individual:15,0.014,0.01673,0.02655,0.01887,0.02339,0.00621,0.01117,0.01667,0.05,0.0,0,0.05263,0.03614
NDMCDark_Individual:14,0.0459,0.03718,0.04739,0.05263,0.06085,0.08732,0.0625,0.18478,0.16923,0.07975,0.15584,0.03659,0.07547
