NDMCHighDark_Individual:8;,0.43231,0.35255,0.0119,0.04054,0.07692,0.01905,0.2,0.05747,0.10494,0.16327,0.12245,0.0838,0.21795
NDMCHighDark_Individual:48,0.29299,0.25335,0.13689,0.1828,0.15238,0.14483,0.09474,0.0935,0.10526,0.06452,0.13636,0.07813,0.09268
NDMCHighDark_Individual:4;,0.33615,0.26165,0.13975,0.17143,0.18462,0.16556,0.27273,0.09091,0.12632,0.19828,0.45455,0.23864,0.1875
NDMCHighDark_Individual:40,0.21515,0.25623,0.15522,0.12676,0.07767,0.0303,0.0,0.12077,0.15044,0.11864,0.11538,0.0,0.1027
NDMCHighDark_Individual:41,0.33276,0.19677,0.02273,0,0.0,0.0,0.0,0,0.11429,0.1,0.04132,0.07778,0.07447
NDMCHighDark_Individual:42,0.30692,0.23804,0.25714,0.26929,0.2212,0.16758,0.15175,0.10508,0.15094,0.13131,0.1676,0.08917,0.15075
NDMCHighDark_Individual:43,0.2924,0.26124,0.04762,0.14141,0.05714,0.10853,0.13245,0.15596,0.08537,0.03846,0.0,0.01887,0.05556
NDMCHighDark_Individual:44,0.2881,0.24172,0.18707,0.15167,0.10132,0.08969,0.16107,0.09186,0.11787,0.11551,0.13571,0.08278,0.09028
NDMCHighDark_Individual:45,0.3871,0.2788,0.06599,0.13514,0.10619,0.07216,0.12097,0.04142,0.06494,0.03297,0.07595,0.05063,0.11207
NDMCHighDark_Individual:46,0.41739,0.27811,0.19,0.05714,0.11111,0.11111,0.15789,0.06612,0.07143,0.08108,0.14286,0.08824,0.15152
NDMCHighDark_Individual:47,0.34128,0.22128,0.16364,0.11184,0.10714,0.07104,0.13636,0.0566,0.07519,0.11392,0.01449,0.12778,0.08163
NDMCHighDark_Individual:2;,0.261,0.07627,0.02632,0.02703,0.03448,0.05109,0.11111,0.05911,0.06044,0.08383,0.07865,0.04688,0.0625
NDMCHighDark_Individual:28,0.36179,0.31461,0.15546,0.18317,0.1641,0.10588,0.11173,0.09746,0.0814,0.06154,0.1122,0.0791,0.08122
NDMCHighDark_Individual:29,0.29224,0.10821,0.12791,0.07586,0.03846,0.0404,0.16883,0.05031,0.05455,0.05263,0.06944,0.06034,0.06369
NDMCHighDark_Individual:26,0.38674,0.18908,0.08458,0.13978,0.15833,0.09434,0.12069,0.07273,0.15642,0.14563,0.11189,0.12598,0.16935
NDMCHighDark_Individual:6;,0.3167,0.21961,0.08772,0.09945,0.09167,0.09434,0.05,0.07658,0.08176,0.07143,0.05797,0.04545,0.03788
NDMCHighDark_Individual:24,0.25303,0.19331,0.16155,0.16667,0.14783,0.10638,0.14218,0.10849,0.095,0.14773,0.08955,0.12253,0.07547
NDMCHighDark_Individual:25,0.17377,0,0.04545,0.08163,0.09677,0.0,0.0,0.03226,0.0,0.03125,0.0,0.07843,0.05556
NDMCHighDark_Individual:22,0.3,0.29492,0.1922,0.14498,0.12,0.12865,0.10345,0.13659,0.06061,0.09804,0.0566,0.05747,0.0559
NDMCHighDark_Individual:23,0.26102,0.13883,0.08108,0.11551,0.09045,0.07282,0.05755,0.08287,0.03448,0.01695,0.08943,0.08257,0.05405
NDMCHighDark_Individual:20,0.2535,0.23404,0.17671,0.19424,0.09962,0.09225,0.15287,0.08571,0.13736,0.07035,0.07263,0.06987,0.08929
NDMCHighDark_Individual:21,0.26829,0.13814,0.10368,0.11565,0.15702,0.06731,0.07692,0.04412,0.07547,0.07042,0.02778,0.04762,0.0
NDMCHighDark_Individual:34,0.36069,0.23913,0.21212,0.22388,0.1623,0.17209,0.18367,0.11966,0.12838,0.08081,0.12222,0.12727,0.17197
NDMCHighDark_Individual:38,0.36049,0.31683,0.28161,0.17323,0.19255,0.07927,0.09524,0.06087,0.08955,0.09322,0.13675,0.07692,0.03
NDMCHighDark_Individual:35,0.2491,0.24047,0.17937,0.28571,0.0915,0.10924,0.0719,0.05528,0.14063,0.064,0.11628,0.07027,0.0365
NDMCHighDark_Individual:27,0.2234,0.175,0.07143,0.14706,0.06481,0.0,0.06931,0.02344,0.02222,0.03704,0.06667,0.09783,0.08772
NDMCHighDark_Individual:11,0.33266,0.25191,0.0989,0.16667,0,0.0,0.0,0.04545,0.0303,0.1,0.05882,0.01124,0.0
NDMCHighDark_Individual:37,0.23829,0.25337,0.14506,0.12605,0.0,0,0.08275,0,0.21154,0,0.0,0.21154,0.16949
NDMCHighDark_Individual:36,0.23492,0.21392,0.19082,0.08571,0.21429,0.06316,0.06186,0.10526,0.10811,0.08,0.11905,0.19149,0.0
NDMCHighDark_Individual:5;,0.3197,0.24595,0.08108,0.1087,0.08276,0.07487,0.11321,0.11017,0.08451,0.09016,0.02564,0.07353,0.03704
NDMCHighDark_Individual:9;,0.39049,0.4,0.32258,0.29759,0.16935,0.14504,0.09036,0.07819,0.06667,0.08029,0.06667,0.09333,0.10067
NDMCHighDark_Individual:31,0.35373,0.27623,0.23196,0.21717,0.21667,0.13043,0.13861,0.07207,0.05714,0.10345,0.16092,0.10526,0.18182
NDMCHighDark_Individual:30,0.25418,0.17374,0.12963,0.14798,0.07368,0.103,0.10256,0.08439,0.08523,0.07813,0.04317,0.10294,0.05325
NDMCHighDark_Individual:1;,0.22267,0.20028,0.11416,0.0708,0.05512,0.08095,0.07547,0.02767,0.10345,0.07547,0.11258,0.04891,0.05394
NDMCHighDark_Individual:19,0.35678,0.34095,0.25543,0.18997,0.12121,0.07692,0.09189,0.06335,0.05348,0.06509,0.10638,0.07258,0.07826
NDMCHighDark_Individual:18,0.22016,0.23103,0.22527,0.19022,0.06897,0.11515,0.10286,0.05556,0.09483,0.1129,0.03865,0.08633,0.0
NDMCHighDark_Individual:39,0.30463,0.22101,0.06152,0.0,0.09272,0.09278,0.06351,0.05882,0.0754,0.0283,0.1068,0.14286,0.01493
NDMCHighDark_Individual:33,0.24715,0.26064,0.07087,0.13793,0.10078,0.15228,0.13861,0.12025,0.07386,0.1131,0.11811,0.096,0.0852
NDMCHighDark_Individual:3;,0.2916,0.25541,0.12537,0.16667,0.13665,0.08205,0.08756,0.04702,0.08439,0.09444,0.14211,0.04972,0.10553
NDMCHighDark_Individual:32,0.27778,0.25521,0.18889,0.09836,0.02308,0.0719,0.07547,0.01942,0.21429,0.1087,0.0813,0.05747,0.03333
NDMCHighDark_Individual:13,0.24567,0.27762,0.20509,0.23742,0.1,0.0,0.07692,0.0,0.08621,0.03571,0.02885,0.08219,0.03061
NDMCHighDark_Individual:12,0.27515,0.27907,0.14035,0.05357,0.22222,0.05,0.08553,0.05556,0.09211,0.03871,0.07143,0.0184,0.03497
NDMCHighDark_Individual:7;,0.19016,0.21593,0.12969,0.13953,0.10667,0.07246,0.09697,0.09434,0.1828,0.0991,0.06098,0.11382,0.10744
NDMCHighDark_Individual:10,0.36494,0.36146,0.22917,0.22156,0.08235,0.04592,0.05769,0.06343,0.07692,0.06771,0.03756,0.17442,0.03431
NDMCHighDark_Individual:17,0.22807,0.27755,0.22609,0.19207,0.0885,0.05316,0.07692,0.07194,0.04938,0.0,0.05882,0.0,0.0
NDMCHighDark_Individual:16,0.37229,0.31284,0.34667,0.43757,0.4427,0.37395,0.28656,0.12329,0.08078,0.10314,0.06875,0.04839,0.07407
NDMCHighDark_Individual:15,0.30053,0.23588,0.18932,0.06371,0.0625,0.04878,0.09623,0.07246,0.08955,0.07143,0.11905,0.07519,0.06299
NDMCHighDark_Individual:14,0.30561,0.2446,0.17568,0.11585,0.08989,0.13415,0.11013,0.04444,0.11921,0.06667,0.09574,0.13636,0.15306
