NDMCHighDark_Individual:8;,0.01601,0.00887,0.0,0.0,0.0,0.01905,0.0,0.0,0.01235,0.0,0.02041,0.01117,0.01282
NDMCHighDark_Individual:48,0.01433,0.02086,0.04176,0.03763,0.02857,0.04138,0.04211,0.02033,0.04678,0.01613,0.01364,0.01042,0.01951
NDMCHighDark_Individual:4;,0.02326,0.02151,0.02484,0.02286,0.01026,0.00662,0.03636,0.01299,0.0,0.0,0.0,0.0,0.0
NDMCHighDark_Individual:40,0.03636,0.02135,0.00896,0.0,0.15413,0.0,0.0,0.01449,0.0354,0.0,0.0,0.0,0.01081
NDMCHighDark_Individual:41,0.03413,0.05484,0.0,0,0.0,0.0,0.0,0,0.02857,0.0,0.02479,0.04444,0.0
NDMCHighDark_Individual:42,0.04464,0.03734,0.02222,0.02766,0.01613,0.01923,0.05447,0.04068,0.02642,0.00505,0.0,0.01274,0.01508
NDMCHighDark_Individual:43,0.0117,0.01713,0.00433,0.0,0.02857,0.00775,0.01325,0.0,0.02439,0.0,0.0,0.0,0.0
NDMCHighDark_Individual:44,0.02505,0.02924,0.02309,0.03599,0.05286,0.02242,0.02685,0.02625,0.01521,0.0066,0.00357,0.01656,0.01042
NDMCHighDark_Individual:45,0.02199,0.02074,0.00508,0.06081,0.0354,0.03093,0.04839,0.02367,0.02597,0.03297,0.01266,0.05696,0.0431
NDMCHighDark_Individual:46,0.00522,0.05325,0.01,0.05714,0.0,0.05556,0.07368,0.01653,0.04762,0.05405,0.02381,0.07353,0.01515
NDMCHighDark_Individual:47,0.02936,0.01277,0.02727,0.03947,0.09286,0.04372,0.02727,0.0,0.02256,0.02532,0.0,0.01667,0.05442
NDMCHighDark_Individual:2;,0.03226,0.04237,0.00658,0.0,0.01149,0.0,0.03472,0.00493,0.02198,0.01796,0.02809,0.00521,0.00658
NDMCHighDark_Individual:28,0.02304,0.00702,0.03151,0.0396,0.04615,0.03137,0.03911,0.02542,0.01163,0.0359,0.03415,0.02825,0.0203
NDMCHighDark_Individual:29,0.03653,0.0,0.00388,0.0069,0.01923,0.02525,0.01299,0.03145,0.01212,0.0614,0.02778,0.01724,0.00637
NDMCHighDark_Individual:26,0.0221,0.02941,0.05473,0.01613,0.03333,0.01258,0.05172,0.00606,0.03352,0.00971,0.02797,0.01575,0.0
NDMCHighDark_Individual:6;,0.02687,0.03922,0.03947,0.06077,0.075,0.04717,0.075,0.02252,0.03145,0.02857,0.02899,0.01705,0.02273
NDMCHighDark_Individual:24,0.03096,0.0407,0.04499,0.01754,0.02609,0.03723,0.04739,0.02358,0.03,0.01705,0.02985,0.02372,0.05031
NDMCHighDark_Individual:25,0.1082,0,0.03409,0.0,0.0,0.0,0.0,0.0,0.0,0.0,0.0,0.0,0.0
NDMCHighDark_Individual:22,0.01406,0.03906,0.0195,0.06691,0.04667,0.01754,0.05517,0.00976,0.0404,0.0098,0.01887,0.02299,0.03727
NDMCHighDark_Individual:23,0.01411,0.02414,0.03931,0.0264,0.03015,0.03883,0.02878,0.01657,0.06034,0.00847,0.00813,0.0367,0.01351
NDMCHighDark_Individual:20,0.02101,0.0311,0.0241,0.00719,0.00383,0.02952,0.02548,0.0,0.01099,0.03015,0.02235,0.01747,0.01339
NDMCHighDark_Individual:21,0.00949,0.03303,0.02341,0.0068,0.01653,0.01923,0.0,0.01471,0.03774,0.04225,0.01389,0.0,0.0
NDMCHighDark_Individual:34,0.01718,0.01304,0.01212,0.01119,0.01047,0.02326,0.02041,0.00855,0.01351,0.0101,0.02222,0.01818,0.03185
NDMCHighDark_Individual:38,0.04444,0.0198,0.03736,0.01575,0.00621,0.0061,0.0068,0.0,0.00746,0.02542,0.0,0.00855,0.005
NDMCHighDark_Individual:35,0.04332,0.07331,0.06278,0.00893,0.0,0.0084,0.03268,0.00503,0.03125,0.008,0.0,0.0,0.0
NDMCHighDark_Individual:27,0.0461,0.025,0.02381,0.02941,0.0463,0.02564,0.0,0.0,0.0,0.0,0.0,0.0,0.0
NDMCHighDark_Individual:11,0.02016,0.0229,0.06044,0.0,0,0.0,0.0,0.02273,0.0,0.0,0.0,0.0,0.0
NDMCHighDark_Individual:37,0.03462,0.02156,0.0216,0.02521,0.0,0,0.17599,0,0.01923,0,0.0,0.0,0.00847
NDMCHighDark_Individual:36,0.0402,0.03565,0.01932,0.0,0.07143,0.01053,0.01031,0.0,0.02703,0.0,0.03175,0.0,0.0
NDMCHighDark_Individual:5;,0.04647,0.05178,0.04054,0.02174,0.04828,0.0,0.0283,0.01695,0.00704,0.0082,0.00641,0.05882,0.00926
NDMCHighDark_Individual:9;,0.01585,0.00833,0.01382,0.00804,0.03226,0.0229,0.03614,0.01235,0.0,0.0292,0.0381,0.01333,0.00671
NDMCHighDark_Individual:31,0.0153,0.00428,0.01031,0.02525,0.03333,0.03261,0.0495,0.0,0.01905,0.0,0.01149,0.01754,0.0
NDMCHighDark_Individual:30,0.04013,0.04848,0.06349,0.07175,0.07895,0.03863,0.01923,0.01266,0.01136,0.02604,0.02158,0.04902,0.05917
NDMCHighDark_Individual:1;,0.05769,0.06488,0.05023,0.11504,0.05512,0.05714,0.04717,0.01581,0.04023,0.02516,0.02649,0.02717,0.04564
NDMCHighDark_Individual:19,0.01023,0.01333,0.02446,0.04485,0.10303,0.03497,0.05405,0.00905,0.03743,0.00592,0.01064,0.00806,0.01739
NDMCHighDark_Individual:18,0.02785,0.0371,0.0274,0.03261,0.02586,0.00606,0.03429,0.0,0.03017,0.03226,0.01932,0.0,0.0
NDMCHighDark_Individual:39,0.02392,0.03063,0.11409,0.2,0.04636,0.02062,0.14718,0.05882,0.16193,0.00943,0.0,0.0,0.0
NDMCHighDark_Individual:33,0.0439,0.0266,0.01575,0.06897,0.05426,0.03046,0.0198,0.03165,0.05114,0.0119,0.06299,0.024,0.01345
NDMCHighDark_Individual:3;,0.03817,0.02814,0.03582,0.05729,0.04969,0.02051,0.04147,0.01254,0.0211,0.05556,0.05263,0.01657,0.03015
NDMCHighDark_Individual:32,0.02315,0.01563,0.01111,0.01639,0.03077,0.01307,0.01887,0.01942,0.0,0.01087,0.0,0.0,0.0
NDMCHighDark_Individual:13,0.09606,0.07365,0.05516,0.04024,0.08571,0.0,0.08654,0.0,0.08621,0.03571,0.01923,0.0274,0.04082
NDMCHighDark_Individual:12,0.03402,0.02519,0.03509,0.05357,0.0,0.01429,0.05921,0.01235,0.02632,0.03871,0.04762,0.03067,0.0
NDMCHighDark_Individual:7;,0.04027,0.01887,0.03754,0.02326,0.02667,0.02899,0.01212,0.00629,0.02151,0.02703,0.0122,0.01626,0.00826
NDMCHighDark_Individual:10,0.01006,0.00844,0.01136,0.01198,0.0,0.0051,0.00641,0.00746,0.01709,0.01042,0.01408,0.0,0.0098
NDMCHighDark_Individual:17,0.02412,0.01429,0.03043,0.01524,0.02655,0.0299,0.08974,0.00719,0.01235,0.0,0.03922,0.0,0.05
NDMCHighDark_Individual:16,0.0241,0.02477,0.01,0.00977,0.01206,0.01673,0.02363,0.02544,0.03064,0.04484,0.025,0.0,0.0
NDMCHighDark_Individual:15,0.05272,0.07143,0.02913,0.15813,0.0,0.0,0.00837,0.00725,0.00746,0.01948,0.0119,0.01504,0.01575
NDMCHighDark_Individual:14,0.02893,0.02158,0.01351,0.0061,0.03371,0.0,0.00881,0.00889,0.00662,0.00667,0.01064,0.02727,0.01531
