OSU6162Dark_Individual:8;,732,750,438,36,52,11,42,65,36,0,64,9,24
OSU6162Dark_Individual:48,1072,935,482,105,139,115,100,73,106,100,82,77,93
OSU6162Dark_Individual:4;,1245,958,349,239,79,99,109,33,94,82,21,32,41
OSU6162Dark_Individual:40,931,855,689,531,332,332,476,214,233,274,145,262,89
OSU6162Dark_Individual:41,1131,1253,1208,825,157,100,82,83,93,77,92,114,123
OSU6162Dark_Individual:42,1156,1085,834,375,159,26,54,29,42,21,47,15,4
OSU6162Dark_Individual:43,1408,1393,1248,1072,842,814,790,787,403,189,141,169,171
OSU6162Dark_Individual:44,1338,1417,1127,1062,851,446,81,22,66,102,52,37,31
OSU6162Dark_Individual:45,1455,1202,871,744,596,240,113,66,97,117,91,143,180
OSU6162Dark_Individual:46,1097,1101,797,431,209,235,158,180,208,203,268,190,152
OSU6162Dark_Individual:47,1271,916,913,416,509,218,45,8,0,35,36,13,78
OSU6162Dark_Individual:2;,1159,882,851,493,228,141,246,139,99,117,78,18,25
OSU6162Dark_Individual:28,992,406,107,128,58,94,80,4,7,7,38,0,73
OSU6162Dark_Individual:29,1214,1398,1087,941,804,552,124,74,89,73,104,84,54
OSU6162Dark_Individual:26,1040,650,54,61,87,68,86,70,66,102,285,69,64
OSU6162Dark_Individual:6;,1254,653,65,9,3,3,9,0,0,19,0,296,23
OSU6162Dark_Individual:24,1187,1112,927,556,243,175,146,346,305,59,24,95,131
OSU6162Dark_Individual:25,577,615,639,294,23,18,167,7,29,0,21,0,45
OSU6162Dark_Individual:22,1338,1226,1075,754,162,86,47,74,75,113,98,79,129
OSU6162Dark_Individual:23,647,540,316,573,228,388,77,186,410,33,154,9,160
OSU6162Dark_Individual:20,789,1012,907,795,669,326,125,35,97,21,119,25,131
OSU6162Dark_Individual:21,1167,894,831,517,188,150,112,121,119,88,135,104,83
OSU6162Dark_Individual:34,1248,1347,901,950,997,625,375,88,392,432,173,115,301
OSU6162Dark_Individual:38,931,918,393,247,283,156,136,140,34,97,25,120,90
OSU6162Dark_Individual:35,1134,1131,1011,813,580,214,316,220,274,220,230,207,215
OSU6162Dark_Individual:27,932,722,647,155,125,94,49,151,125,112,123,138,87
OSU6162Dark_Individual:11,1321,1107,894,788,618,169,181,116,122,114,54,51,86
OSU6162Dark_Individual:37,1402,1494,1305,1190,1148,1156,769,780,555,303,436,460,436
OSU6162Dark_Individual:36,1137,873,640,140,57,86,111,98,127,146,45,74,63
OSU6162Dark_Individual:5;,1178,1086,801,634,213,227,186,184,174,149,180,221,180
OSU6162Dark_Individual:9;,1191,1248,1333,898,488,96,79,99,113,110,96,94,87
OSU6162Dark_Individual:31,1196,1197,1062,846,598,348,125,92,109,43,19,9,11
OSU6162Dark_Individual:30,1014,780,369,141,130,93,70,72,119,45,120,60,46
OSU6162Dark_Individual:1;,871,227,59,101,93,114,98,81,93,114,124,125,96
OSU6162Dark_Individual:19,1545,1611,1215,1096,366,249,208,205,161,97,104,76,105
OSU6162Dark_Individual:18,1468,1419,1218,1053,827,726,311,240,129,136,90,75,118
OSU6162Dark_Individual:39,799,1038,776,585,370,199,170,198,91,367,173,143,136
OSU6162Dark_Individual:33,1133,1238,964,600,54,6,119,119,111,110,124,147,140
OSU6162Dark_Individual:3;,912,1207,1042,918,811,581,410,301,224,323,345,246,265
OSU6162Dark_Individual:32,1193,973,649,572,171,110,141,130,125,128,142,103,164
OSU6162Dark_Individual:13,1204,954,494,514,242,195,231,251,126,127,107,115,270
OSU6162Dark_Individual:12,1327,1034,553,775,382,143,105,143,70,139,526,79,38
OSU6162Dark_Individual:7;,1589,1340,977,897,590,398,279,206,193,171,247,157,123
OSU6162Dark_Individual:10,1713,1643,1392,1290,939,630,250,216,169,160,155,79,93
OSU6162Dark_Individual:17,953,1130,744,413,249,209,213,212,127,300,193,225,168
OSU6162Dark_Individual:16,969,1053,848,566,158,227,129,130,212,83,55,95,66
OSU6162Dark_Individual:15,989,468,766,443,15,0,0,2765,51,25,63,11,20
OSU6162Dark_Individual:14,1419,1483,1063,754,509,355,282,158,6,3,34,40,0
