OSU6162Dark_Individual:8;,0.53202,0.42892,0.4332,0.65,0.37037,0.85714,0.33333,0.38889,0.85714,0,0.73171,0.5,0.6
OSU6162Dark_Individual:48,0.34983,0.31154,0.26336,0.28814,0.3625,0.43077,0.27273,0.26316,0.44262,0.41818,0.48936,0.28571,0.43396
OSU6162Dark_Individual:4;,0.43575,0.35094,0.35644,0.51408,0.38636,0.51786,0.48438,0.44444,0.51786,0.5102,0.63636,0.55,0.15
OSU6162Dark_Individual:40,0.37066,0.41616,0.38791,0.44625,0.48947,0.53125,0.45,0.54472,0.47244,0.5,0.57143,0.52349,0.44898
OSU6162Dark_Individual:41,0.4653,0.43247,0.48621,0.41102,0.30337,0.49153,0.41304,0.52083,0.54717,0.56818,0.55556,0.50794,0.57143
OSU6162Dark_Individual:42,0.48489,0.48172,0.45085,0.48636,0.58947,0.30769,0.58065,0.70588,0.80769,0.83333,0.59259,0.75,0.5
OSU6162Dark_Individual:43,0.46617,0.42331,0.45357,0.47428,0.49393,0.50213,0.39254,0.37391,0.38462,0.47321,0.47059,0.59434,0.55556
OSU6162Dark_Individual:44,0.55688,0.37609,0.41821,0.45634,0.50102,0.51986,0.47917,0.25,0.30303,0.4717,0.48276,0.36842,0.66667
OSU6162Dark_Individual:45,0.47317,0.4755,0.47273,0.38443,0.38576,0.48507,0.42857,0.47368,0.43396,0.52857,0.65306,0.54762,0.50467
OSU6162Dark_Individual:46,0.47937,0.50235,0.48602,0.57875,0.35833,0.5493,0.5102,0.65179,0.55,0.57851,0.6954,0.61739,0.56383
OSU6162Dark_Individual:47,0.56077,0.5019,0.53804,0.51938,0.57556,0.54745,0.51852,1.0,0,0.66667,0.7619,0.875,0.52273
OSU6162Dark_Individual:2;,0.50073,0.36417,0.44939,0.48601,0.43846,0.7013,0.67626,0.50649,0.63158,0.50794,0.5814,0.8,0.66667
OSU6162Dark_Individual:28,0.42105,0.3133,0.25,0.26471,0.16667,0.52632,0.63636,0.5,0.0,0.0,0.81818,0,0.36585
OSU6162Dark_Individual:29,0.42443,0.46524,0.44816,0.42418,0.46239,0.50943,0.7284,0.61905,0.66038,0.62791,0.65517,0.72,0.69697
OSU6162Dark_Individual:26,0.35009,0.34366,0.48387,0.4,0.32653,0.46154,0.51064,0.30769,0.69444,0.50877,0.43125,0.61538,0.57895
OSU6162Dark_Individual:6;,0.45686,0.41304,0.54054,1.0,1.0,1.0,0.5,0,0,0.88889,0,0.56354,1.0
OSU6162Dark_Individual:24,0.49145,0.46429,0.51346,0.47588,0.55,0.51,0.54762,0.42857,0.4581,0.45161,0.91667,0.36,0.45946
OSU6162Dark_Individual:25,0.58824,0.44023,0.47059,0.48503,0.58333,0.8,0.89535,0.75,0.92857,0,0.90909,0,0.68
OSU6162Dark_Individual:22,0.48533,0.47932,0.47098,0.40749,0.52,0.38776,0.33333,0.44444,0.56522,0.58571,0.53448,0.61702,0.7
OSU6162Dark_Individual:23,0.45082,0.43289,0.41279,0.50774,0.56489,0.75,0.54545,0.45714,0.55603,0.55556,0.7191,1.0,0.65217
OSU6162Dark_Individual:20,0.4033,0.41533,0.44227,0.41242,0.37895,0.42632,0.59459,0.44444,0.59259,0.6,0.53623,0.83333,0.59494
OSU6162Dark_Individual:21,0.48726,0.43564,0.42431,0.40878,0.375,0.48421,0.54286,0.5,0.46377,0.26531,0.63953,0.47692,0.54
OSU6162Dark_Individual:34,0.35694,0.36387,0.41221,0.40693,0.41176,0.43407,0.48148,0.44231,0.53191,0.51563,0.52727,0.62667,0.55114
OSU6162Dark_Individual:38,0.53846,0.51619,0.60619,0.66429,0.70253,0.71591,0.67568,0.72619,0.64706,0.61404,1.0,0.75342,0.73077
OSU6162Dark_Individual:35,0.55607,0.407,0.44386,0.48172,0.42687,0.41525,0.50838,0.45669,0.4717,0.4878,0.43411,0.46154,0.57851
OSU6162Dark_Individual:27,0.59962,0.46985,0.48077,0.40964,0.4507,0.4,0.46429,0.74444,0.57895,0.60656,0.8,0.65385,0.54902
OSU6162Dark_Individual:11,0.56876,0.40605,0.46318,0.52484,0.52198,0.53125,0.49515,0.56716,0.63014,0.68056,0.82143,0.60714,0.82353
OSU6162Dark_Individual:37,0.43116,0.41341,0.39695,0.44918,0.45349,0.42544,0.41031,0.38667,0.45921,0.4593,0.52941,0.6049,0.51953
OSU6162Dark_Individual:36,0.42587,0.4277,0.3844,0.46988,0.40625,0.66667,0.64179,0.66667,0.84,0.53086,0.66667,0.57778,0.55556
OSU6162Dark_Individual:5;,0.47006,0.4272,0.43723,0.49457,0.57143,0.63636,0.74074,0.74336,0.74286,0.78889,0.66364,0.87786,0.91589
OSU6162Dark_Individual:9;,0.52915,0.42449,0.41026,0.4144,0.4629,0.46429,0.4186,0.58182,0.54545,0.76923,0.51852,0.60377,0.55102
OSU6162Dark_Individual:31,0.5118,0.51719,0.52313,0.46281,0.49593,0.47368,0.42466,0.50909,0.58571,0.61905,0.58333,0.75,0.83333
OSU6162Dark_Individual:30,0.49144,0.45434,0.52093,0.59036,0.49351,0.5,0.48718,0.60465,0.62687,0.4,0.68,0.60606,0.58621
OSU6162Dark_Individual:1;,0.48708,0.51111,0.5,0.35088,0.41176,0.48387,0.54386,0.51111,0.64286,0.56061,0.57746,0.64,0.58929
OSU6162Dark_Individual:19,0.47727,0.46964,0.48082,0.46718,0.45622,0.55034,0.45902,0.56557,0.5,0.51724,0.46552,0.61364,0.61194
OSU6162Dark_Individual:18,0.38287,0.36136,0.36618,0.37225,0.32604,0.45958,0.61194,0.64626,0.51282,0.62353,0.69091,0.57778,0.72
OSU6162Dark_Individual:39,0.32339,0.48409,0.38979,0.40122,0.47596,0.38318,0.53061,0.64815,0.59615,0.46377,0.56566,0.62195,0.75641
OSU6162Dark_Individual:33,0.43214,0.44321,0.45455,0.39104,0.45161,1.0,0.60274,0.62162,0.64384,0.67143,0.68354,0.71875,0.70526
OSU6162Dark_Individual:3;,0.4027,0.38515,0.42197,0.41818,0.41201,0.37273,0.39407,0.41765,0.43307,0.48571,0.36612,0.51449,0.5102
OSU6162Dark_Individual:32,0.47833,0.40917,0.42005,0.42643,0.4433,0.36066,0.54023,0.51948,0.48649,0.43243,0.44706,0.51667,0.71277
OSU6162Dark_Individual:13,0.43109,0.44195,0.35689,0.43243,0.47887,0.53509,0.52206,0.6,0.62025,0.52703,0.68254,0.48438,0.42581
OSU6162Dark_Individual:12,0.44102,0.37018,0.36909,0.38375,0.47273,0.54878,0.55,0.41463,0.35135,0.56962,0.41883,0.43182,0.5
OSU6162Dark_Individual:7;,0.52266,0.48473,0.42364,0.48148,0.51734,0.61441,0.59627,0.59167,0.48649,0.54902,0.64238,0.50538,0.38235
OSU6162Dark_Individual:10,0.49699,0.44388,0.46929,0.48922,0.4652,0.44892,0.60248,0.56349,0.64211,0.61957,0.57292,0.55319,0.73684
OSU6162Dark_Individual:17,0.47794,0.51201,0.44076,0.41841,0.45775,0.53226,0.5082,0.62097,0.61333,0.51176,0.48113,0.4918,0.47312
OSU6162Dark_Individual:16,0.35619,0.36116,0.33051,0.40313,0.47826,0.51538,0.52703,0.44444,0.55118,0.54167,0.57576,0.58182,0.55263
OSU6162Dark_Individual:15,0.59319,0.65441,0.54588,0.5415,1.0,0,0,0.05137,0.87097,0.76923,0.58065,0.8,0.76923
OSU6162Dark_Individual:14,0.56386,0.47454,0.50167,0.52644,0.6113,0.68837,0.72571,0.73958,0.33333,1.0,0.55556,0.68182,0
