OSU6162Dark_Individual:8;,325,334,190,15,24,3,20,28,14,0,22,4,8
OSU6162Dark_Individual:48,485,414,219,45,58,49,44,34,44,44,34,34,39
OSU6162Dark_Individual:4;,567,427,146,96,34,42,44,14,37,32,9,11,20
OSU6162Dark_Individual:40,412,359,291,223,141,139,195,90,105,113,60,112,39
OSU6162Dark_Individual:41,496,556,518,352,67,40,35,34,39,32,37,50,52
OSU6162Dark_Individual:42,493,455,365,154,63,12,22,11,15,8,19,6,1
OSU6162Dark_Individual:43,594,577,504,449,347,343,333,326,168,76,55,62,62
OSU6162Dark_Individual:44,581,613,478,454,359,168,32,9,32,48,22,17,12
OSU6162Dark_Individual:45,634,507,375,319,258,105,49,27,43,46,41,58,72
OSU6162Dark_Individual:46,466,463,331,157,88,92,59,67,87,81,93,74,57
OSU6162Dark_Individual:47,546,389,360,157,197,80,17,3,0,13,14,4,33
OSU6162Dark_Individual:2;,473,373,356,206,97,63,106,61,41,53,34,7,9
OSU6162Dark_Individual:28,440,172,46,59,27,36,35,1,3,3,15,0,31
OSU6162Dark_Individual:29,558,649,488,419,351,233,42,31,35,29,45,33,20
OSU6162Dark_Individual:26,482,294,22,25,37,28,38,30,29,44,124,29,25
OSU6162Dark_Individual:6;,546,284,27,4,1,1,4,0,0,9,0,114,8
OSU6162Dark_Individual:24,543,495,406,244,102,74,61,149,125,27,11,44,56
OSU6162Dark_Individual:25,253,271,281,126,10,7,80,2,14,0,9,0,19
OSU6162Dark_Individual:22,587,524,471,326,61,36,22,28,28,42,39,31,48
OSU6162Dark_Individual:23,280,241,143,249,96,159,32,80,177,14,64,4,67
OSU6162Dark_Individual:20,364,450,395,343,288,135,50,16,42,10,49,12,51
OSU6162Dark_Individual:21,499,388,361,220,75,54,41,46,49,38,48,38,32
OSU6162Dark_Individual:34,555,582,376,401,418,260,158,35,156,175,62,39,124
OSU6162Dark_Individual:38,410,392,166,106,124,67,61,55,16,39,10,46,37
OSU6162Dark_Individual:35,491,501,440,347,244,95,136,92,114,96,100,89,93
OSU6162Dark_Individual:27,409,323,282,71,53,43,20,60,48,50,42,59,35
OSU6162Dark_Individual:11,571,478,377,324,253,72,77,48,48,41,25,22,34
OSU6162Dark_Individual:37,573,598,518,461,459,471,322,329,223,130,180,173,179
OSU6162Dark_Individual:36,502,381,280,56,24,34,43,37,51,64,17,28,26
OSU6162Dark_Individual:5;,509,460,338,265,86,94,77,70,68,58,69,89,72
OSU6162Dark_Individual:9;,521,512,552,383,204,39,35,43,46,44,41,40,37
OSU6162Dark_Individual:31,517,498,434,361,228,138,51,36,38,21,6,4,4
OSU6162Dark_Individual:30,429,330,153,57,52,44,30,28,51,19,44,26,16
OSU6162Dark_Individual:1;,367,91,22,43,41,51,40,35,36,47,52,49,39
OSU6162Dark_Individual:19,620,622,484,440,148,99,85,82,64,38,45,31,37
OSU6162Dark_Individual:18,673,621,537,461,369,292,109,92,50,50,34,29,42
OSU6162Dark_Individual:39,362,440,344,255,161,91,71,89,38,159,73,60,57
OSU6162Dark_Individual:33,491,515,402,264,22,2,45,44,37,39,44,50,44
OSU6162Dark_Individual:3;,392,492,413,367,327,250,173,130,96,147,161,107,117
OSU6162Dark_Individual:32,523,427,279,238,73,48,53,52,50,53,56,42,69
OSU6162Dark_Individual:13,521,419,210,217,99,80,94,95,46,52,43,50,114
OSU6162Dark_Individual:12,580,436,235,331,161,60,44,60,32,59,217,34,17
OSU6162Dark_Individual:7;,639,553,426,383,243,161,117,85,81,68,95,63,54
OSU6162Dark_Individual:10,714,662,577,547,392,257,88,89,73,67,58,31,35
OSU6162Dark_Individual:17,408,463,321,173,106,84,90,87,51,129,86,102,74
OSU6162Dark_Individual:16,443,465,375,245,65,96,54,57,84,34,21,39,27
OSU6162Dark_Individual:15,430,195,340,189,6,0,0,1382,19,11,31,5,6
OSU6162Dark_Individual:14,588,618,464,318,207,139,106,61,2,1,15,17,0
