OSU6162Dark_Individual:8;,0.00493,0.01205,0.01619,0.0,0.03704,0.0,0.0,0.02778,0.0,0,0.0,0.25,0.0
OSU6162Dark_Individual:48,0.01365,0.01923,0.01908,0.01695,0.0,0.04615,0.01818,0.0,0.0,0.0,0.0,0.02381,0.0
OSU6162Dark_Individual:4;,0.00443,0.01698,0.0297,0.05634,0.09091,0.0,0.0,0.0,0.01786,0.02041,0.0,0.0,0.15
OSU6162Dark_Individual:40,0.01351,0.00404,0.01008,0.00651,0.01053,0.0,0.00714,0.00813,0.0,0.0,0.0,0.0,0.02041
OSU6162Dark_Individual:41,0.00473,0.00287,0.00435,0.00847,0.01124,0.0,0.02174,0.02083,0.0,0.02273,0.01852,0.0,0.0
OSU6162Dark_Individual:42,0.01208,0.00954,0.00641,0.01364,0.01053,0.0,0.0,0.0,0.0,0.0,0.0,0.0,0.0
OSU6162Dark_Individual:43,0.00861,0.00736,0.0148,0.00804,0.00405,0.01064,0.01754,0.00652,0.00427,0.02679,0.0,0.0,0.01852
OSU6162Dark_Individual:44,0.0,0.0,0.00154,0.00494,0.01018,0.00722,0.0,0.0,0.0303,0.03774,0.0,0.0,0.0
OSU6162Dark_Individual:45,0.00244,0.00432,0.00808,0.01887,0.00297,0.01493,0.04762,0.0,0.01887,0.01429,0.0,0.0119,0.00935
OSU6162Dark_Individual:46,0.0,0.00157,0.0,0.00733,0.0,0.0,0.0,0.0,0.0,0.0,0.0,0.0,0.0
OSU6162Dark_Individual:47,0.00414,0.00951,0.01087,0.0155,0.0,0.0146,0.03704,0.0,0,0.0,0.0,0.0,0.0
OSU6162Dark_Individual:2;,0.0073,0.02362,0.00607,0.01049,0.06154,0.0,0.01439,0.0,0.0,0.03175,0.0,0.0,0.0
OSU6162Dark_Individual:28,0.00907,0.00858,0.01667,0.13235,0.06667,0.0,0.0,0.0,0.0,0.0,0.0,0,0.0
OSU6162Dark_Individual:29,0.00916,0.00267,0.00502,0.00384,0.01106,0.00943,0.01235,0.0,0.03774,0.0,0.0,0.0,0.0
OSU6162Dark_Individual:26,0.01077,0.01127,0.0,0.02857,0.04082,0.02564,0.0,0.02564,0.0,0.01754,0.05,0.0,0.02632
OSU6162Dark_Individual:6;,0.00707,0.01087,0.0,0.0,0.0,0.0,0.0,0,0,0.0,0,0.01105,0.0
OSU6162Dark_Individual:24,0.00311,0.01136,0.01154,0.01286,0.0,0.01,0.0119,0.0,0.01676,0.0,0.0,0.04,0.02703
OSU6162Dark_Individual:25,0.00929,0.00875,0.0112,0.01198,0.0,0.0,0.03488,0.0,0.0,0,0.0,0,0.0
OSU6162Dark_Individual:22,0.004,0.00285,0.00332,0.00468,0.0,0.0,0.0,0.0,0.0,0.01429,0.0,0.0,0.0
OSU6162Dark_Individual:23,0.0082,0.01007,0.00581,0.00929,0.0,0.0,0.0,0.01905,0.01724,0.05556,0.0,0.0,0.01087
OSU6162Dark_Individual:20,0.01179,0.00357,0.00196,0.0,0.00263,0.00526,0.0,0.0,0.0,0.1,0.0,0.0,0.0
OSU6162Dark_Individual:21,0.0075,0.01386,0.02559,0.02365,0.0625,0.08421,0.07143,0.12162,0.05797,0.06122,0.04651,0.06154,0.06
OSU6162Dark_Individual:34,0.00867,0.00785,0.01145,0.00912,0.00692,0.00549,0.00926,0.0,0.0,0.00781,0.0,0.0,0.0
OSU6162Dark_Individual:38,0.00385,0.00762,0.0,0.0,0.03165,0.0,0.0,0.0,0.0,0.0,0.0,0.0,0.0
OSU6162Dark_Individual:35,0.00623,0.00318,0.01228,0.00645,0.02687,0.02542,0.01117,0.0,0.02516,0.00813,0.03101,0.01709,0.00826
OSU6162Dark_Individual:27,0.0,0.00251,0.00549,0.0241,0.01408,0.0,0.0,0.01111,0.01316,0.01639,0.0,0.02564,0.0
OSU6162Dark_Individual:11,0.00668,0.01274,0.00775,0.01728,0.02198,0.0,0.00971,0.02985,0.0,0.0,0.0,0.0,0.0
OSU6162Dark_Individual:37,0.00121,0.00335,0.00127,0.00824,0.0,0.00439,0.01794,0.00444,0.0,0.00581,0.0,0.0,0.00391
OSU6162Dark_Individual:36,0.00315,0.01426,0.00557,0.03614,0.0,0.0,0.0,0.0,0.0,0.02469,0.0,0.0,0.0
OSU6162Dark_Individual:5;,0.00599,0.0096,0.02597,0.01359,0.00794,0.0,0.00926,0.00885,0.01905,0.02222,0.0,0.00763,0.0
OSU6162Dark_Individual:9;,0.00149,0.01088,0.00769,0.01751,0.01767,0.01786,0.0,0.01818,0.0,0.0,0.01852,0.0,0.0
OSU6162Dark_Individual:31,0.00885,0.0043,0.00478,0.01653,0.01355,0.0,0.0,0.0,0.01429,0.0,0.0,0.0,0.0
OSU6162Dark_Individual:30,0.00685,0.00223,0.00465,0.01205,0.0,0.02083,0.02564,0.0,0.0,0.0,0.0,0.0303,0.0
OSU6162Dark_Individual:1;,0.0,0.0,0.0,0.01754,0.0,0.0,0.0,0.0,0.0,0.0,0.01408,0.0,0.01786
OSU6162Dark_Individual:19,0.00325,0.01012,0.01781,0.01221,0.00461,0.0,0.0,0.0,0.01042,0.0,0.01724,0.0,0.01493
OSU6162Dark_Individual:18,0.00756,0.00251,0.00735,0.01354,0.01313,0.01848,0.0199,0.01361,0.02564,0.02353,0.01818,0.0,0.01333
OSU6162Dark_Individual:39,0.00688,0.00503,0.0116,0.00912,0.00481,0.00935,0.0,0.0,0.0,0.00483,0.0,0.0122,0.0
OSU6162Dark_Individual:33,0.00312,0.01108,0.01248,0.00597,0.0,0.0,0.0411,0.02703,0.0137,0.01429,0.02532,0.02083,0.0
OSU6162Dark_Individual:3;,0.05202,0.01961,0.03503,0.04545,0.06418,0.07273,0.04661,0.12941,0.03937,0.09714,0.12022,0.05072,0.06122
OSU6162Dark_Individual:32,0.0,0.0055,0.0271,0.00601,0.0,0.01639,0.0,0.0,0.0,0.02703,0.02353,0.0,0.02128
OSU6162Dark_Individual:13,0.00147,0.00375,0.0,0.00338,0.00704,0.0,0.00735,0.00645,0.01266,0.0,0.0,0.03125,0.0129
OSU6162Dark_Individual:12,0.00268,0.0067,0.00631,0.01354,0.00455,0.0,0.0,0.02439,0.0,0.0,0.01623,0.0,0.0
OSU6162Dark_Individual:7;,0.00105,0.00382,0.0,0.0039,0.00289,0.00424,0.00621,0.01667,0.00901,0.0098,0.0,0.0,0.0
OSU6162Dark_Individual:10,0.00501,0.00612,0.00246,0.0027,0.00183,0.00538,0.0,0.0,0.0,0.01087,0.01042,0.0,0.0
OSU6162Dark_Individual:17,0.00919,0.0015,0.00237,0.02092,0.01408,0.0,0.0082,0.01613,0.01333,0.0,0.0,0.0,0.01075
OSU6162Dark_Individual:16,0.00952,0.01022,0.01907,0.00937,0.01087,0.02308,0.01351,0.01389,0.0,0.0,0.0,0.0,0.0
OSU6162Dark_Individual:15,0.00179,0.0,0.0,0.0,0.0,0,0,0.24023,0.0,0.0,0.12903,0.0,0.0
OSU6162Dark_Individual:14,0.00361,0.00231,0.01338,0.0023,0.00664,0.0186,0.01143,0.0,0.0,0.0,0.0,0.04545,0
