PCAP931Dark_Individual:8;,635,481,409,164,167,102,103,64,47,70,69,79,64
PCAP931Dark_Individual:48,432,416,305,199,169,67,47,11,43,78,55,60,62
PCAP931Dark_Individual:4;,639,563,235,177,138,118,60,907,992,98,44,73,64
PCAP931Dark_Individual:40,509,427,455,381,275,233,142,139,103,87,92,78,70
PCAP931Dark_Individual:41,662,530,424,289,217,149,156,131,126,119,104,101,95
PCAP931Dark_Individual:42,629,600,533,453,413,186,115,90,105,94,71,89,82
PCAP931Dark_Individual:43,589,592,550,539,425,310,155,98,81,78,58,53,55
PCAP931Dark_Individual:44,283,83,81,68,74,63,81,72,76,83,75,76,67
PCAP931Dark_Individual:45,672,632,576,426,179,128,115,110,79,104,84,78,94
PCAP931Dark_Individual:46,641,591,501,471,349,206,160,139,109,88,66,70,72
PCAP931Dark_Individual:47,214,22,6,10,7,2,11,12,8,9,3,8,24
PCAP931Dark_Individual:2;,555,495,280,178,104,46,89,70,88,57,72,82,66
PCAP931Dark_Individual:28,706,675,329,21,1041,12,645,0,1,4,70,25,49
PCAP931Dark_Individual:29,574,534,294,129,134,80,104,42,38,97,60,98,124
PCAP931Dark_Individual:26,597,478,440,289,100,8,4,1,4,0,19,5,11
PCAP931Dark_Individual:6;,737,539,632,365,206,130,165,132,76,51,34,43,42
PCAP931Dark_Individual:24,662,566,455,285,218,179,138,130,117,139,138,146,92
PCAP931Dark_Individual:25,591,484,231,102,72,51,30,8,0,32,62,53,3
PCAP931Dark_Individual:22,597,525,405,212,183,122,115,83,92,73,62,82,67
PCAP931Dark_Individual:23,610,509,420,369,222,182,164,156,132,119,112,114,111
PCAP931Dark_Individual:20,637,575,471,348,178,10,24,25,14,33,75,74,84
PCAP931Dark_Individual:21,599,482,395,281,143,127,96,93,75,73,75,85,68
PCAP931Dark_Individual:34,191,36,32,45,17,65,78,41,74,55,71,68,61
PCAP931Dark_Individual:38,604,512,383,205,158,145,125,12,111,96,102,82,63
PCAP931Dark_Individual:35,35,14,898,2,2,0,2,0,2,16,0,506,69
PCAP931Dark_Individual:27,619,613,517,331,234,101,99,71,76,82,70,83,49
PCAP931Dark_Individual:11,395,187,138,120,79,80,62,81,47,62,35,97,70
PCAP931Dark_Individual:37,599,571,507,384,239,66,74,47,37,59,41,43,54
PCAP931Dark_Individual:36,667,622,409,247,208,166,97,89,83,73,57,56,51
PCAP931Dark_Individual:5;,638,611,575,451,210,119,92,103,88,77,77,85,91
PCAP931Dark_Individual:9;,334,349,218,163,108,31,103,80,28,57,8,73,50
PCAP931Dark_Individual:31,591,592,533,447,213,177,120,103,64,55,53,86,45
PCAP931Dark_Individual:30,373,171,163,101,119,23,172,69,89,86,80,90,74
PCAP931Dark_Individual:1;,552,541,399,203,75,72,80,74,60,69,62,76,65
PCAP931Dark_Individual:19,603,535,301,272,202,178,167,145,126,114,118,118,116
PCAP931Dark_Individual:18,658,556,492,335,172,131,127,155,140,189,127,82,88
PCAP931Dark_Individual:39,378,541,500,408,309,160,129,110,119,82,88,84,87
PCAP931Dark_Individual:33,478,362,151,220,21,4,39,56,53,24,29,13,8
PCAP931Dark_Individual:3;,581,514,350,278,136,120,100,100,95,103,103,62,68
PCAP931Dark_Individual:32,690,652,614,572,436,241,222,163,123,155,104,94,54
PCAP931Dark_Individual:13,721,676,598,368,273,216,159,172,162,128,149,141,151
PCAP931Dark_Individual:12,490,509,375,154,120,126,114,97,90,92,88,70,78
PCAP931Dark_Individual:7;,556,560,504,291,95,56,48,39,29,38,36,41,46
PCAP931Dark_Individual:10,431,516,365,171,124,87,89,60,73,36,73,68,45
PCAP931Dark_Individual:17,602,587,564,525,343,329,217,178,130,99,101,98,86
PCAP931Dark_Individual:16,557,586,445,347,132,157,128,138,100,82,141,89,113
PCAP931Dark_Individual:15,679,609,485,219,235,243,95,163,120,89,120,129,110
PCAP931Dark_Individual:14,741,594,517,165,114,48,77,52,68,65,45,62,46
