PCAP931Dark_Individual:8;,0.09146,0.10372,0.05902,0.16364,0.19824,0.17105,0.19858,0.17347,0.1875,0.11957,0.07292,0.10924,0.1
PCAP931Dark_Individual:48,0.14174,0.10935,0.13853,0.16139,0.1375,0.11458,0.17188,0.25,0.21311,0.18462,0.06742,0.10843,0.15294
PCAP931Dark_Individual:4;,0.12727,0.10226,0.16242,0.14537,0.09375,0.15789,0.0875,0.08123,0.07157,0.06569,0.12281,0.02727,0.0122
PCAP931Dark_Individual:40,0.15596,0.11586,0.10568,0.11133,0.13784,0.15047,0.12037,0.10455,0.08442,0.06623,0.13475,0.11024,0.06542
PCAP931Dark_Individual:41,0.07059,0.07779,0.08688,0.15113,0.14373,0.10455,0.14732,0.13559,0.16867,0.10405,0.05389,0.11679,0.07813
PCAP931Dark_Individual:42,0.07296,0.1256,0.11983,0.11168,0.0692,0.16183,0.11446,0.07971,0.12821,0.11111,0.09483,0.07299,0.11864
PCAP931Dark_Individual:43,0.11261,0.10242,0.11491,0.06266,0.11149,0.14355,0.13043,0.12214,0.18333,0.1165,0.26761,0.1875,0.13158
PCAP931Dark_Individual:44,0.16164,0.13889,0.11429,0.14583,0.13084,0.08602,0.08547,0.16071,0.06838,0.05785,0.08163,0.07018,0.16092
PCAP931Dark_Individual:45,0.10465,0.11137,0.13457,0.1124,0.08835,0.11732,0.10112,0.15951,0.09615,0.10692,0.04425,0.05645,0.09396
PCAP931Dark_Individual:46,0.12727,0.08475,0.11396,0.13498,0.19552,0.10863,0.10403,0.07605,0.07035,0.02717,0.04348,0.12687,0.08661
PCAP931Dark_Individual:47,0.11552,0.04,0.125,0.06667,0.0,0.0,0.0,0.05556,0.0,0.1,0.0,0.125,0.0
PCAP931Dark_Individual:2;,0.11218,0.10876,0.11298,0.13178,0.05063,0.04478,0.02899,0.05714,0.04032,0.02597,0.04587,0.08696,0.15789
PCAP931Dark_Individual:28,0.07483,0.07287,0.12581,0.05714,0.07781,0.0,0.04471,0,0.0,0.0,0.02586,0.03704,0.02632
PCAP931Dark_Individual:29,0.15653,0.17756,0.09762,0.03587,0.04367,0.03846,0.02688,0.07692,0.02299,0.04636,0.03333,0.01227,0.01515
PCAP931Dark_Individual:26,0.19281,0.16981,0.17695,0.15618,0.06993,0.0,0.0,0.0,0.0,0,0.02564,0.0,0.0
PCAP931Dark_Individual:6;,0.12217,0.13232,0.12857,0.10284,0.08503,0.0442,0.06883,0.10471,0.04878,0.0,0.02273,0.03509,0.03947
PCAP931Dark_Individual:24,0.14899,0.12005,0.13162,0.09707,0.06017,0.09158,0.06731,0.06633,0.04688,0.05556,0.07009,0.06364,0.06803
PCAP931Dark_Individual:25,0.12968,0.11473,0.17595,0.06509,0.03604,0.0625,0.02222,0.0,0,0.125,0.07368,0.09091,0.0
PCAP931Dark_Individual:22,0.10076,0.12449,0.08905,0.08761,0.05747,0.13636,0.11111,0.16197,0.13333,0.10833,0.0367,0.16964,0.06504
PCAP931Dark_Individual:23,0.10833,0.10386,0.14597,0.1359,0.1142,0.16183,0.125,0.08824,0.14286,0.15758,0.08046,0.12739,0.12963
PCAP931Dark_Individual:20,0.11631,0.14323,0.18937,0.1678,0.19481,0.2,0.0,0.0,0.04762,0.04255,0.08257,0.08911,0.11321
PCAP931Dark_Individual:21,0.08696,0.08028,0.07473,0.08894,0.16244,0.14451,0.11852,0.10317,0.09091,0.06061,0.10101,0.06897,0.05556
PCAP931Dark_Individual:34,0.22667,0.19149,0.33333,0.27273,0.1,0.22222,0.2,0.02174,0.12903,0.07463,0.06667,0.07895,0.05405
PCAP931Dark_Individual:38,0.13033,0.14104,0.09943,0.0942,0.11483,0.10638,0.10559,0.0625,0.05422,0.05303,0.01274,0.0,0.07895
PCAP931Dark_Individual:35,0.31915,0.0,0.05345,0.5,0.0,0,0.0,0,0.0,0.0,0,0.00357,0.0
PCAP931Dark_Individual:27,0.13197,0.12832,0.10256,0.11297,0.12537,0.09804,0.04667,0.04878,0.02564,0.05109,0.04854,0.00826,0.01538
PCAP931Dark_Individual:11,0.08209,0.16525,0.06283,0.09494,0.18692,0.13393,0.125,0.15888,0.06579,0.07895,0.07143,0.08,0.09375
PCAP931Dark_Individual:37,0.11037,0.12548,0.12943,0.14465,0.12458,0.16854,0.13675,0.1125,0.14474,0.11765,0.16216,0.15068,0.09375
PCAP931Dark_Individual:36,0.12334,0.15152,0.15852,0.05391,0.10423,0.19524,0.13008,0.09848,0.12174,0.06422,0.06098,0.06818,0.08219
PCAP931Dark_Individual:5;,0.11187,0.13247,0.16392,0.11738,0.11446,0.11275,0.09581,0.09859,0.13907,0.14063,0.09524,0.06494,0.07432
PCAP931Dark_Individual:9;,0.07565,0.08333,0.08425,0.17062,0.15753,0.1,0.15385,0.15315,0.08824,0.09195,0.0,0.13253,0.07042
PCAP931Dark_Individual:31,0.15795,0.15712,0.1427,0.10484,0.1131,0.16547,0.2033,0.15476,0.15574,0.16854,0.13253,0.11644,0.16176
PCAP931Dark_Individual:30,0.1278,0.12017,0.14692,0.16418,0.1358,0.0625,0.05742,0.04348,0.04545,0.09016,0.14286,0.03968,0.0
PCAP931Dark_Individual:1;,0.18227,0.15338,0.13475,0.13029,0.14876,0.0873,0.04828,0.0991,0.05376,0.06316,0.03448,0.06034,0.11321
PCAP931Dark_Individual:19,0.09891,0.12017,0.06312,0.051,0.09278,0.11765,0.09774,0.09211,0.07177,0.05941,0.05882,0.06132,0.02315
PCAP931Dark_Individual:18,0.06215,0.06212,0.10045,0.11931,0.0852,0.12963,0.08025,0.06436,0.07692,0.03101,0.04255,0.12745,0.144
PCAP931Dark_Individual:39,0.15837,0.13514,0.10864,0.09658,0.17692,0.18349,0.20513,0.16327,0.17007,0.0885,0.08871,0.125,0.10656
PCAP931Dark_Individual:33,0.07593,0.1153,0.10945,0.13103,0.04444,0.0,0.07692,0.09589,0.06897,0.14286,0.04545,0.04348,0.0
PCAP931Dark_Individual:3;,0.17566,0.13031,0.15702,0.125,0.11982,0.09677,0.06579,0.07746,0.10458,0.08075,0.10778,0.03093,0.03409
PCAP931Dark_Individual:32,0.15108,0.15223,0.15875,0.12717,0.13366,0.1261,0.12605,0.07347,0.10638,0.1234,0.05978,0.11268,0.09639
PCAP931Dark_Individual:13,0.08857,0.1395,0.07019,0.14545,0.15403,0.11897,0.16049,0.1129,0.12941,0.13433,0.11261,0.06633,0.08462
PCAP931Dark_Individual:12,0.11181,0.11747,0.10853,0.08264,0.10615,0.17297,0.06977,0.10303,0.08108,0.09155,0.11852,0.08772,0.0625
PCAP931Dark_Individual:7;,0.14458,0.13718,0.11756,0.10514,0.0367,0.07407,0.05333,0.01754,0.01667,0.01667,0.02667,0.08108,0.08333
PCAP931Dark_Individual:10,0.17241,0.15352,0.11919,0.17536,0.12987,0.07634,0.10256,0.07692,0.03922,0.11538,0.00926,0.02174,0.10714
PCAP931Dark_Individual:17,0.13537,0.12087,0.14965,0.12874,0.11919,0.16953,0.08951,0.10508,0.0796,0.09554,0.05195,0.06962,0.08527
PCAP931Dark_Individual:16,0.1325,0.14875,0.13715,0.09111,0.02991,0.03125,0.03982,0.04365,0.02222,0.02941,0.02083,0.01299,0.02525
PCAP931Dark_Individual:15,0.12037,0.12276,0.14921,0.05625,0.08023,0.09265,0.0596,0.05634,0.03468,0.07273,0.05202,0.06283,0.02353
PCAP931Dark_Individual:14,0.11742,0.11663,0.11878,0.12653,0.14839,0.24638,0.23077,0.22078,0.19388,0.22222,0.15152,0.11702,0.09091
