PCAP2Dark_Individual:8;,667,520,584,415,239,237,227,23,9,83,19,20,24
PCAP2Dark_Individual:48,331,576,531,437,415,393,280,298,63,58,77,71,160
PCAP2Dark_Individual:4;,464,449,343,235,219,60,38,27,29,36,28,102,34
PCAP2Dark_Individual:40,544,504,312,153,145,116,101,116,107,135,111,118,133
PCAP2Dark_Individual:41,590,388,299,264,191,140,130,154,111,175,129,84,76
PCAP2Dark_Individual:42,641,642,642,611,521,435,363,290,146,151,86,54,48
PCAP2Dark_Individual:43,572,569,450,281,157,116,133,108,147,129,106,108,127
PCAP2Dark_Individual:44,485,393,233,58,70,86,102,90,78,72,83,67,56
PCAP2Dark_Individual:45,461,352,224,95,90,92,96,93,101,102,87,70,87
PCAP2Dark_Individual:46,362,238,260,182,167,261,260,271,270,258,214,149,111
PCAP2Dark_Individual:47,681,635,609,584,528,387,407,343,233,275,225,130,124
PCAP2Dark_Individual:2;,598,564,57,772,87,70,68,23,0,0,0,1,11
PCAP2Dark_Individual:28,605,462,256,139,148,101,112,87,92,110,78,97,66
PCAP2Dark_Individual:29,508,506,509,340,21,87,64,137,58,117,66,70,86
PCAP2Dark_Individual:26,520,490,436,340,166,43,49,49,56,76,64,52,57
PCAP2Dark_Individual:6;,486,428,69,9,60,16,27,22,27,16,45,28,40
PCAP2Dark_Individual:24,587,691,645,554,569,405,434,405,206,229,130,185,172
PCAP2Dark_Individual:25,373,344,306,281,168,155,86,87,49,65,58,82,74
PCAP2Dark_Individual:22,527,516,248,166,115,116,131,94,89,83,62,63,53
PCAP2Dark_Individual:23,631,533,489,399,328,244,240,187,183,165,154,134,140
PCAP2Dark_Individual:20,603,457,585,566,482,364,280,297,165,180,126,117,181
PCAP2Dark_Individual:21,672,643,559,372,212,186,126,163,118,144,131,60,89
PCAP2Dark_Individual:34,429,457,424,391,348,232,104,102,61,87,49,72,68
PCAP2Dark_Individual:38,546,557,537,490,456,393,386,381,202,189,133,65,61
PCAP2Dark_Individual:35,522,500,572,273,108,170,95,87,112,83,101,46,88
PCAP2Dark_Individual:27,351,319,288,273,208,121,75,100,129,164,77,109,134
PCAP2Dark_Individual:11,289,292,143,84,96,75,98,50,64,68,58,30,59
PCAP2Dark_Individual:37,632,529,499,426,393,268,210,149,145,125,81,88,59
PCAP2Dark_Individual:36,467,492,335,138,54,66,41,58,45,23,24,37,43
PCAP2Dark_Individual:5;,531,401,232,80,31,54,64,35,73,41,51,57,60
PCAP2Dark_Individual:9;,563,545,482,455,444,306,130,914,0,13,1044,37,4
PCAP2Dark_Individual:31,422,417,384,368,25,809,17,2,3,7,15,22,43
PCAP2Dark_Individual:30,456,361,696,947,7,583,51,7,0,44,5,914,4
PCAP2Dark_Individual:1;,328,107,49,32,70,41,46,33,49,42,28,42,41
PCAP2Dark_Individual:19,437,379,273,299,162,92,91,31,46,38,55,31,71
PCAP2Dark_Individual:18,458,355,264,37,12,103,100,89,57,69,72,40,27
PCAP2Dark_Individual:39,574,522,500,390,288,256,224,158,229,94,107,89,81
PCAP2Dark_Individual:33,542,629,500,401,453,317,211,134,9,257,51,15,78
PCAP2Dark_Individual:3;,674,535,206,79,75,39,37,26,20,36,18,68,52
PCAP2Dark_Individual:32,607,580,470,268,381,182,39,21,10,4,42,36,32
PCAP2Dark_Individual:13,486,456,382,194,156,162,119,121,101,86,94,64,28
PCAP2Dark_Individual:12,427,437,420,302,150,142,45,58,0,71,44,8,28
PCAP2Dark_Individual:7;,562,452,345,139,66,83,84,70,85,136,117,87,121
PCAP2Dark_Individual:10,632,564,339,125,72,105,62,23,28,80,56,65,38
PCAP2Dark_Individual:17,485,446,331,363,206,125,120,82,92,37,102,77,83
PCAP2Dark_Individual:16,436,286,201,122,120,110,103,94,94,72,105,77,71
PCAP2Dark_Individual:15,495,542,497,422,346,309,194,174,139,38,57,57,29
PCAP2Dark_Individual:14,454,371,203,147,145,136,117,115,95,79,66,67,69
