PCAP931Dark_Individual:8;,0.02439,0.01703,0.01475,0.02727,0.03084,0.02632,0.04965,0.05102,0.04688,0.02174,0.03125,0.0084,0.02
PCAP931Dark_Individual:48,0.03583,0.03645,0.04329,0.03481,0.0625,0.0,0.04688,0.0,0.06557,0.01538,0.04494,0.08434,0.07059
PCAP931Dark_Individual:4;,0.02667,0.01859,0.02866,0.04846,0.03125,0.04678,0.0,0.02854,0.01815,0.0,0.01754,0.0,0.0
PCAP931Dark_Individual:40,0.02294,0.0303,0.01735,0.01953,0.01081,0.04702,0.01852,0.01818,0.01948,0.00662,0.02128,0.01575,0.00935
PCAP931Dark_Individual:41,0.01059,0.01839,0.01022,0.02267,0.03976,0.02727,0.01786,0.0226,0.0241,0.0289,0.03593,0.0219,0.04688
PCAP931Dark_Individual:42,0.01609,0.02033,0.02568,0.02369,0.01038,0.04149,0.03012,0.01449,0.00641,0.04762,0.0431,0.0219,0.02542
PCAP931Dark_Individual:43,0.00367,0.02071,0.01711,0.01629,0.01544,0.0292,0.0628,0.0458,0.025,0.03883,0.01408,0.0625,0.01316
PCAP931Dark_Individual:44,0.04384,0.03704,0.02857,0.0,0.02804,0.02151,0.02564,0.02679,0.00855,0.02479,0.0,0.02632,0.04598
PCAP931Dark_Individual:45,0.01163,0.01641,0.01358,0.01653,0.01606,0.01117,0.02809,0.01227,0.00962,0.01887,0.00885,0.03226,0.02013
PCAP931Dark_Individual:46,0.02614,0.02599,0.03134,0.03774,0.03462,0.03195,0.02685,0.04183,0.02513,0.02174,0.01449,0.02985,0.01575
PCAP931Dark_Individual:47,0.03249,0.0,0.0,0.0,0.0,0.0,0.05556,0.0,0.0,0.0,0.0,0.0,0.0
PCAP931Dark_Individual:2;,0.02736,0.0226,0.01683,0.02326,0.02532,0.0,0.02899,0.02857,0.01613,0.01299,0.00917,0.05217,0.01316
PCAP931Dark_Individual:28,0.00972,0.0081,0.01302,0.0,0.02017,0.0,0.0149,0,0.0,0.0,0.00862,0.0,0.01316
PCAP931Dark_Individual:29,0.03364,0.05398,0.04286,0.01345,0.02183,0.02308,0.00538,0.0,0.0,0.02649,0.0,0.00613,0.0202
PCAP931Dark_Individual:26,0.01961,0.03483,0.02273,0.03263,0.04895,0.0,0.0,0.0,0.0,0,0.02564,0.0,0.0
PCAP931Dark_Individual:6;,0.0267,0.02495,0.02551,0.03723,0.01701,0.01657,0.01619,0.01047,0.02439,0.0119,0.0,0.03509,0.02632
PCAP931Dark_Individual:24,0.02622,0.04093,0.03419,0.0158,0.01433,0.01465,0.04327,0.01531,0.02083,0.00505,0.02804,0.0,0.04082
PCAP931Dark_Individual:25,0.03741,0.02408,0.03519,0.02367,0.04505,0.02083,0.0,0.0,0,0.02083,0.01053,0.07576,0.0
PCAP931Dark_Individual:22,0.01763,0.01094,0.00742,0.00906,0.00766,0.00568,0.0,0.01408,0.02,0.01667,0.02752,0.00893,0.01626
PCAP931Dark_Individual:23,0.02738,0.05045,0.04027,0.03651,0.04012,0.02075,0.03879,0.02941,0.05143,0.02424,0.04023,0.02548,0.00617
PCAP931Dark_Individual:20,0.01643,0.04297,0.02159,0.04082,0.03463,0.0,0.0,0.0,0.0,0.0,0.02752,0.0396,0.0
PCAP931Dark_Individual:21,0.01739,0.00704,0.01246,0.00962,0.03553,0.02312,0.00741,0.00794,0.00909,0.0202,0.0,0.00862,0.0
PCAP931Dark_Individual:34,0.01778,0.08511,0.11905,0.0,0.1,0.01235,0.04,0.04348,0.0,0.01493,0.01111,0.0,0.0
PCAP931Dark_Individual:38,0.02005,0.03949,0.0325,0.02536,0.02392,0.02128,0.04348,0.0625,0.0241,0.03788,0.00637,0.0198,0.03947
PCAP931Dark_Individual:35,0.02128,0.0,0.01336,0.0,0.0,0,0.0,0,0.0,0.0,0,0.0,0.0
PCAP931Dark_Individual:27,0.02617,0.02428,0.02699,0.03347,0.02388,0.01307,0.02,0.0,0.01709,0.0,0.0,0.00826,0.01538
PCAP931Dark_Individual:11,0.02239,0.02119,0.03141,0.01899,0.00935,0.0,0.0,0.02804,0.0,0.01316,0.0,0.008,0.02083
PCAP931Dark_Individual:37,0.01729,0.01901,0.02157,0.03145,0.0101,0.02247,0.01709,0.05,0.01316,0.01961,0.0,0.0411,0.0
PCAP931Dark_Individual:36,0.00949,0.01818,0.02698,0.01617,0.01629,0.01905,0.03252,0.0303,0.01739,0.02752,0.0122,0.03409,0.0
PCAP931Dark_Individual:5;,0.03042,0.03685,0.0319,0.0312,0.03313,0.03922,0.01796,0.02817,0.08609,0.0,0.05556,0.0,0.02027
PCAP931Dark_Individual:9;,0.02837,0.01577,0.02198,0.01896,0.0137,0.025,0.02098,0.0,0.0,0.02299,0.0,0.06024,0.02817
PCAP931Dark_Individual:31,0.0305,0.02311,0.03219,0.03495,0.04464,0.01799,0.04396,0.0119,0.04098,0.0,0.0241,0.04795,0.0
PCAP931Dark_Individual:30,0.02242,0.03004,0.04265,0.06716,0.02469,0.0625,0.02392,0.01087,0.02273,0.04918,0.00893,0.0,0.0
PCAP931Dark_Individual:1;,0.02247,0.02536,0.02305,0.02606,0.02479,0.00794,0.02759,0.01802,0.0,0.01053,0.00862,0.0,0.00943
PCAP931Dark_Individual:19,0.01689,0.02289,0.01578,0.00222,0.01031,0.03529,0.02632,0.03947,0.03828,0.00495,0.0042,0.0,0.01852
PCAP931Dark_Individual:18,0.00888,0.01462,0.01649,0.02386,0.02691,0.01235,0.00617,0.0198,0.00549,0.00388,0.00532,0.01961,0.008
PCAP931Dark_Individual:39,0.03167,0.02418,0.02089,0.02213,0.03846,0.0367,0.03846,0.02721,0.02721,0.0354,0.0,0.01563,0.01639
PCAP931Dark_Individual:33,0.01292,0.02516,0.0199,0.0069,0.0,0.0,0.0,0.0137,0.0,0.03571,0.02273,0.0,0.07692
PCAP931Dark_Individual:3;,0.0332,0.03683,0.05165,0.01531,0.02765,0.04301,0.02632,0.02113,0.03268,0.03106,0.0,0.02062,0.0
PCAP931Dark_Individual:32,0.01529,0.02279,0.02808,0.02659,0.02475,0.03812,0.03641,0.05306,0.0266,0.0383,0.02717,0.03521,0.03614
PCAP931Dark_Individual:13,0.01287,0.02185,0.01512,0.01818,0.03178,0.02572,0.02881,0.02419,0.00784,0.02488,0.02703,0.01531,0.01538
PCAP931Dark_Individual:12,0.0252,0.01958,0.02907,0.02479,0.02793,0.01081,0.02326,0.02424,0.00676,0.02113,0.03704,0.01754,0.03472
PCAP931Dark_Individual:7;,0.03373,0.0349,0.01841,0.01636,0.0,0.00926,0.02667,0.0,0.0,0.01667,0.0,0.0,0.0
PCAP931Dark_Individual:10,0.04174,0.03156,0.02626,0.03791,0.02597,0.01527,0.02564,0.0,0.0,0.03846,0.0,0.0,0.03571
PCAP931Dark_Individual:17,0.01965,0.01343,0.02204,0.0117,0.02222,0.02575,0.01543,0.00678,0.02985,0.01911,0.00649,0.00633,0.0155
PCAP931Dark_Individual:16,0.0265,0.02875,0.02778,0.01085,0.00427,0.01172,0.00885,0.0119,0.01111,0.0,0.0,0.0,0.0101
PCAP931Dark_Individual:15,0.02315,0.02941,0.03492,0.00937,0.01146,0.00958,0.01987,0.02347,0.00578,0.00909,0.00578,0.01047,0.00588
PCAP931Dark_Individual:14,0.02557,0.01386,0.01381,0.04082,0.04516,0.0,0.01923,0.02597,0.07143,0.03333,0.07576,0.03191,0.01299
