PCAP931Dark_Individual:8;,1456,1128,1020,385,395,255,245,163,112,163,166,199,165
PCAP931Dark_Individual:48,1075,1048,768,516,410,164,112,24,105,209,145,144,148
PCAP931Dark_Individual:4;,1465,1317,550,405,331,290,141,1819,1985,236,102,184,147
PCAP931Dark_Individual:40,1164,989,1090,894,646,553,359,360,258,239,234,206,178
PCAP931Dark_Individual:41,1513,1238,1012,687,545,370,381,309,293,293,272,239,224
PCAP931Dark_Individual:42,1562,1437,1235,1045,992,428,282,229,262,221,188,227,201
PCAP931Dark_Individual:43,1407,1462,1369,1338,1009,722,363,230,202,182,130,118,132
PCAP931Dark_Individual:44,649,192,187,165,182,157,199,185,194,205,174,191,155
PCAP931Dark_Individual:45,1533,1486,1387,1032,429,308,294,274,184,264,198,203,244
PCAP931Dark_Individual:46,1522,1477,1204,1161,841,520,459,403,309,273,205,205,200
PCAP931Dark_Individual:47,492,48,15,26,17,5,30,31,18,20,9,25,56
PCAP931Dark_Individual:2;,1287,1204,697,437,263,114,228,176,213,135,182,198,143
PCAP931Dark_Individual:28,1736,1664,791,57,2083,31,1317,0,3,15,187,53,126
PCAP931Dark_Individual:29,1348,1239,715,353,364,211,291,108,126,249,151,262,323
PCAP931Dark_Individual:26,1516,1168,1057,719,244,19,9,5,9,0,59,22,46
PCAP931Dark_Individual:6;,1974,1462,1613,930,501,312,413,324,200,136,79,101,119
PCAP931Dark_Individual:24,1502,1300,1041,729,568,453,347,327,310,338,353,367,240
PCAP931Dark_Individual:25,1394,1191,573,272,184,148,76,17,0,81,158,120,7
PCAP931Dark_Individual:22,1392,1257,945,544,445,299,278,226,243,194,172,195,191
PCAP931Dark_Individual:23,1451,1184,1017,863,547,424,397,361,308,285,287,272,274
PCAP931Dark_Individual:20,1429,1344,1074,790,410,21,65,69,36,81,185,176,191
PCAP931Dark_Individual:21,1405,1193,958,698,341,301,232,220,186,173,175,202,177
PCAP931Dark_Individual:34,417,84,75,101,38,147,179,88,168,123,162,145,136
PCAP931Dark_Individual:38,1403,1222,907,482,368,334,287,29,278,229,260,184,140
PCAP931Dark_Individual:35,83,31,1797,5,9,0,5,0,5,33,0,1068,139
PCAP931Dark_Individual:27,1499,1479,1259,810,570,255,250,195,194,220,174,205,115
PCAP931Dark_Individual:11,932,424,330,279,187,193,143,189,124,139,92,223,167
PCAP931Dark_Individual:37,1352,1361,1157,862,537,156,192,128,114,162,116,117,151
PCAP931Dark_Individual:36,1722,1613,1003,619,516,377,221,222,199,183,140,145,125
PCAP931Dark_Individual:5;,1658,1616,1485,1125,543,324,260,317,240,206,204,240,240
PCAP931Dark_Individual:9;,758,794,492,375,255,72,247,192,63,145,20,157,122
PCAP931Dark_Individual:31,1510,1675,1466,1192,550,456,303,272,187,145,137,233,114
PCAP931Dark_Individual:30,820,405,375,236,282,56,382,162,222,209,193,217,196
PCAP931Dark_Individual:1;,1354,1370,964,511,197,199,226,186,154,165,179,193,172
PCAP931Dark_Individual:19,1433,1235,809,724,494,434,434,374,336,317,357,331,333
PCAP931Dark_Individual:18,1560,1378,1160,797,396,294,290,358,323,448,316,185,214
PCAP931Dark_Individual:39,821,1245,1219,906,700,379,286,258,267,196,213,213,210
PCAP931Dark_Individual:33,1098,840,353,511,67,10,92,130,112,53,74,37,22
PCAP931Dark_Individual:3;,1305,1221,835,671,354,307,253,243,249,265,271,160,157
PCAP931Dark_Individual:32,1803,1750,1541,1438,1043,583,580,409,312,391,289,237,138
PCAP931Dark_Individual:13,2043,1867,1525,864,683,528,403,421,418,330,372,338,412
PCAP931Dark_Individual:12,1126,1174,892,397,300,312,287,263,239,235,224,185,223
PCAP931Dark_Individual:7;,1387,1392,1211,720,314,165,124,97,90,99,112,116,119
PCAP931Dark_Individual:10,983,1214,861,383,279,219,207,152,176,89,182,161,102
PCAP931Dark_Individual:17,1519,1556,1427,1295,839,796,542,474,332,257,256,257,216
PCAP931Dark_Individual:16,1275,1387,1022,809,367,414,355,391,281,219,382,244,312
PCAP931Dark_Individual:15,1544,1392,1116,540,585,557,247,377,294,200,294,321,281
PCAP931Dark_Individual:14,1798,1461,1242,411,270,118,182,130,167,156,112,157,124
