PCAP1Dark_Individual:8;,0.03672,0.0375,0.00382,0.0,0.0,0.25,0.06667,0.0,0.03704,0.0,0.0,0.02367,0.0
PCAP1Dark_Individual:48,0.02091,0.00671,0.01613,0.01987,0.0137,0.00699,0.0,0.01351,0.0,0.01183,0.00585,0.00562,0.0
PCAP1Dark_Individual:4;,0.0,0.0,0.02013,0.01282,0.00588,0.0,0.0,0.0,0.0,0.0,0.0,0.0,0.00699
PCAP1Dark_Individual:40,0.01905,0.0,0.0367,0.03488,0.01282,0.02469,0.0,0.00971,0.02542,0.02128,0.01786,0.00909,0.00833
PCAP1Dark_Individual:41,0.0,0.01163,0.0,0.03846,0.0,0.0,0.01705,0.0,0.04167,0.08333,0.02564,0.01963,0.00635
PCAP1Dark_Individual:42,0.04068,0.04396,0.01408,0.01333,0.03704,0.0,0.03125,0.03409,0.01149,0.0,0.01587,0.01316,0.02632
PCAP1Dark_Individual:43,0.03135,0.02941,0.0,0.04255,0.01449,0.02083,0.01961,0.0,0.08571,0.0303,0.01724,0.0,0.0
PCAP1Dark_Individual:44,0.02201,0.00955,0.0,0.0,0.01786,0.05128,0.02128,0.0,0.0241,0.01695,0.0,0.0,0.0
PCAP1Dark_Individual:45,0.03947,0.00901,0.0,0.02581,0.01205,0.02013,0.01183,0.00535,0.00521,0.0,0.00637,0.02273,0.0
PCAP1Dark_Individual:46,0.04673,0.04511,0.08943,0.03289,0.05405,0.04286,0.03125,0.03226,0.03876,0.01639,0.02609,0.04762,0.0082
PCAP1Dark_Individual:47,0.01122,0.02913,0.01587,0.02469,0.02913,0.02041,0.02128,0.01493,0.02941,0.0,0.05455,0.0,0.0
PCAP1Dark_Individual:2;,0.01397,0.01754,0.06757,0.00833,0.01042,0.02326,0.02,0.0,0.02857,0.02985,0.0,0.01818,0.01266
PCAP1Dark_Individual:28,0.01144,0.012,0.0137,0.008,0.01282,0.01961,0.00758,0.0297,0.01111,0.01099,0.0,0.02299,0.0
PCAP1Dark_Individual:29,0.01575,0.01613,0.0069,0.0,0.01579,0.0102,0.01042,0.0,0.01149,0.00962,0.0,0.0,0.0
PCAP1Dark_Individual:26,0.01031,0.01111,0.0,0.02193,0.00893,0.01087,0.0,0.0,0.0,0.0,0.01695,0.0,0.0
PCAP1Dark_Individual:6;,0.02784,0.01327,0.00746,0.01117,0.0,0.01156,0.00699,0.01961,0.0,0.00671,0.008,0.0,0.00952
PCAP1Dark_Individual:24,0.0293,0.05,0.04348,0.05333,0.03571,0.03896,0.03774,0,0.03226,0.0274,0.05479,0.05263,0.0198
PCAP1Dark_Individual:25,0.01309,0.01744,0.0,0.0,0.0,0.0,0.01064,0.0,0.0,0.0119,0.01449,0.0,0.0
PCAP1Dark_Individual:22,0.01786,0.06061,0.0,0.01667,0.03488,0.0,0.02128,0.0,0.02632,0.02459,0.04,0.03947,0.0396
PCAP1Dark_Individual:23,0.01777,0.01587,0.0073,0.01053,0.0,0.01111,0.03448,0.0,0.02151,0.0,0.02222,0.02985,0.0
PCAP1Dark_Individual:20,0.01657,0.06324,0.02825,0.0473,0.03333,0.0219,0.03,0.02273,0.05085,0.0,0.02083,0.02532,0.00935
PCAP1Dark_Individual:21,0.02768,0.0,0.01905,0.0,0.00769,0.00709,0.0,0.0,0.0,0.0129,0.0,0.0107,0.02459
PCAP1Dark_Individual:34,0.02975,0.04724,0.03226,0.07487,0.05172,0.03125,0.01571,0.02273,0.05172,0.02174,0.02632,0.02,0.00699
PCAP1Dark_Individual:38,0.00483,0.0,0.0,0.02752,0.0,0.00901,0.00847,0.02778,0.01429,0.00826,0.00833,0.01205,0.01439
PCAP1Dark_Individual:35,0.02703,0.02222,0.0,0.0,0.01786,0,0.0,0.0,0.04444,0.02,0.0,0.0,0.0241
PCAP1Dark_Individual:27,0.02094,0.0641,0.05882,0.04167,0.03125,0.04651,0.01053,0.00855,0.04615,0.01754,0.01471,0.01389,0.01053
PCAP1Dark_Individual:11,0.03,0.0093,0.01705,0.03509,0.00676,0.02899,0.01653,0.01667,0.0,0.00617,0.0068,0.0,0.0
PCAP1Dark_Individual:37,0.01702,0.00935,0.06796,0.05109,0.02941,0.02419,0.02206,0.03333,0.0292,0.05442,0.02703,0.01869,0.01724
PCAP1Dark_Individual:36,0.02632,0.06736,0.01538,0.02128,0.0,0.0,0.05405,0.01639,0.0,0.04225,0.0,0.0137,0.01852
PCAP1Dark_Individual:5;,0.01767,0.0082,0.01504,0.0,0.00667,0.02128,0.01504,0.02,0.0,0.02055,0.0,0.00667,0.0
PCAP1Dark_Individual:9;,0.02792,0.04386,0.03008,0.02752,0.02151,0.00606,0.01205,0.08036,0.03247,0.01835,0.02857,0.01266,0.00877
PCAP1Dark_Individual:31,0.02658,0.0,0.0,0.0,0.08,0.01563,0.01538,0.0,0.01471,0.02326,0.0,0.01739,0.0
PCAP1Dark_Individual:30,0.025,0.09009,0.02174,0.01515,0.02459,0.04082,0.0,0.02222,0.01351,0.0101,0.02206,0.0,0.02857
PCAP1Dark_Individual:1;,0.01992,0.0,0.02062,0.02913,0.0,0.00943,0.01042,0.0087,0.02778,0.0,0.0,0.00935,0.0
PCAP1Dark_Individual:19,0.02268,0.05172,0.08148,0.02778,0.06818,0.0065,0.00781,0.0,0.00613,0.0068,0.04717,0.0,0.03226
PCAP1Dark_Individual:18,0.01866,0.0,0.0,0.0,0.0,0.0,0.0,0.04167,0.0,0.0,0.0098,0.01205,0.01064
PCAP1Dark_Individual:39,0.0,0.03125,0.0,0.0,0.0,0.06061,0.08333,0.04,0.03125,0.05714,0.02703,0.04038,0.0
PCAP1Dark_Individual:33,0.03968,0.0184,0.01681,0.03125,0.01111,0.01961,0.02521,0.0102,0.0101,0.01563,0.01639,0.00952,0.01961
PCAP1Dark_Individual:3;,0.01852,0.01338,0.03513,0.01002,0.02894,0.00833,0.02913,0.02139,0.03684,0.01395,0.0,0.02581,0.0
PCAP1Dark_Individual:32,0.02532,0.03333,0.02817,0.04412,0.01724,0.0,0.0,0.02532,0.0,0.00943,0.00862,0.0082,0.00926
PCAP1Dark_Individual:13,0.01372,0.01429,0.04348,0.04403,0.01786,0.02941,0.0137,0.02597,0.00781,0.0087,0.03053,0.00847,0.0
PCAP1Dark_Individual:12,0.01818,0.02649,0.0,0.0,0.02439,0.0303,0.0,0.02439,0.04878,0.0,0.02941,0.0,0.0
PCAP1Dark_Individual:7;,0.01714,0.06818,0.02564,0.13636,0.0,0.05263,0.0,0.0,0.0,0.02151,0.03922,0.0,0.03125
PCAP1Dark_Individual:10,0.0436,0.0129,0.02128,0.01515,0.0,0.02312,0.01657,0.00532,0.02424,0.0101,0.03061,0.01258,0.03968
PCAP1Dark_Individual:17,0.02695,0.03211,0.01402,0.0,0.03876,0.02542,0.01587,0.01538,0.04598,0.02913,0.00752,0.03448,0.0
PCAP1Dark_Individual:16,0.02055,0.02128,0.02817,0.0,0.03797,0.0,0.01042,0.01389,0.0,0.0102,0.01299,0.0,0.0
PCAP1Dark_Individual:15,0.01865,0.1125,0.05941,0.01075,0.02632,0.01136,0.13043,0.01389,0.0,0.0,0.0,0.01493,0.0
PCAP1Dark_Individual:14,0.03715,0.00901,0.05042,0.00633,0.02222,0.01974,0.02381,0.00735,0.0,0.03419,0.00662,0.00775,0.0
