PCAP1Dark_Individual:8;,0.19774,0.1625,0.00765,0.0,0.0,0.5,0.17778,0.16667,0.33333,0.25,0.11111,0.06312,0.14286
PCAP1Dark_Individual:48,0.2892,0.18792,0.29032,0.22517,0.25342,0.15385,0.2,0.14189,0.17391,0.28994,0.18129,0.1236,0.17708
PCAP1Dark_Individual:4;,0.23894,0.15584,0.19463,0.19231,0.07059,0.21014,0.19872,0.19753,0.24444,0.13462,0.15556,0.13103,0.11888
PCAP1Dark_Individual:40,0.22381,0.2844,0.26606,0.13953,0.23077,0.18519,0.16842,0.20388,0.22034,0.15957,0.10714,0.20909,0.21667
PCAP1Dark_Individual:41,0.33663,0.12791,0.33333,0.14103,0.2,0.6,0.06345,0.14286,0.08333,0.0,0.15385,0.03238,0.01995
PCAP1Dark_Individual:42,0.23051,0.17582,0.14085,0.2,0.14815,0.08696,0.23438,0.13636,0.12644,0.12632,0.09524,0.09211,0.11842
PCAP1Dark_Individual:43,0.279,0.20588,0.0,0.21277,0.2029,0.14583,0.29412,0.3,0.22857,0.30303,0.34483,0.13793,0.14286
PCAP1Dark_Individual:44,0.21855,0.19108,0.07447,0.11268,0.08929,0.12821,0.14894,0.08411,0.12048,0.16949,0.06579,0.12844,0.14035
PCAP1Dark_Individual:45,0.14474,0.18018,0.19697,0.11613,0.09639,0.16107,0.08876,0.11765,0.08333,0.16667,0.12739,0.09659,0.16
PCAP1Dark_Individual:46,0.18692,0.11278,0.18699,0.13816,0.1982,0.12857,0.1125,0.1371,0.10853,0.14754,0.13043,0.08571,0.08197
PCAP1Dark_Individual:47,0.31571,0.1165,0.1746,0.17284,0.20388,0.21429,0.25532,0.1791,0.13235,0.14583,0.25455,0.16,0.11538
PCAP1Dark_Individual:2;,0.27345,0.21053,0.2027,0.15,0.14583,0.2093,0.17,0.30435,0.22857,0.19403,0.2069,0.26364,0.12658
PCAP1Dark_Individual:28,0.25629,0.268,0.13699,0.16,0.17949,0.13725,0.10606,0.20792,0.12222,0.0989,0.18056,0.14943,0.18182
PCAP1Dark_Individual:29,0.18898,0.09677,0.15172,0.12946,0.17895,0.11224,0.10417,0.13333,0.10345,0.09615,0.13636,0.1,0.07692
PCAP1Dark_Individual:26,0.31959,0.21111,0.15385,0.27632,0.22321,0.09783,0.20833,0.09783,0.1,0.07432,0.04237,0.04608,0.12871
PCAP1Dark_Individual:6;,0.16274,0.11504,0.16418,0.06704,0.07921,0.11561,0.13287,0.10784,0.09091,0.13423,0.104,0.04412,0.05714
PCAP1Dark_Individual:24,0.22344,0.1625,0.11957,0.17333,0.19048,0.16883,0.15094,0,0.16129,0.12329,0.19178,0.11842,0.19802
PCAP1Dark_Individual:25,0.1911,0.15116,0.0566,0.17391,0.27928,0.29586,0.35106,0.15116,0.14894,0.13095,0.08696,0.0274,0.01087
PCAP1Dark_Individual:22,0.30357,0.25758,0.24,0.20833,0.17442,0.13669,0.11702,0.20192,0.24561,0.13115,0.21,0.06579,0.11881
PCAP1Dark_Individual:23,0.17513,0.15873,0.11679,0.12632,0.12371,0.06667,0.10345,0.12963,0.12903,0.1236,0.15556,0.13433,0.05
PCAP1Dark_Individual:20,0.24548,0.16206,0.13559,0.12838,0.14667,0.11679,0.15,0.21212,0.16949,0.2766,0.22917,0.1519,0.15888
PCAP1Dark_Individual:21,0.28598,0.1991,0.14286,0.12931,0.10769,0.1773,0.15723,0.16774,0.20155,0.17419,0.22105,0.12834,0.09836
PCAP1Dark_Individual:34,0.18764,0.09449,0.10968,0.06952,0.10345,0.08594,0.15707,0.17273,0.17241,0.18478,0.2193,0.16,0.15385
PCAP1Dark_Individual:38,0.20773,0.09884,0.05983,0.06422,0.06923,0.16216,0.12712,0.13889,0.15714,0.19008,0.22083,0.07831,0.14388
PCAP1Dark_Individual:35,0.25946,0.22222,0.30769,0.29032,0.19643,0,0.125,0.24138,0.22222,0.28,1.0,0.18182,0.07229
PCAP1Dark_Individual:27,0.23037,0.10256,0.15686,0.13889,0.125,0.18605,0.07368,0.16239,0.10769,0.19298,0.11765,0.16667,0.15789
PCAP1Dark_Individual:11,0.238,0.17209,0.03977,0.0614,0.06757,0.02899,0.09917,0.06667,0.08333,0.06173,0.04762,0.07843,0.05882
PCAP1Dark_Individual:37,0.25106,0.14019,0.17476,0.13139,0.14706,0.15323,0.16176,0.14167,0.10949,0.07483,0.09009,0.14019,0.10345
PCAP1Dark_Individual:36,0.27632,0.2228,0.43077,0.51064,0.25,0.33929,0.32432,0.22951,0.21739,0.12676,0.18182,0.26027,0.22222
PCAP1Dark_Individual:5;,0.16608,0.16393,0.18797,0.21192,0.19333,0.15603,0.14286,0.13333,0.33333,0.15068,0.375,0.07333,0.15152
PCAP1Dark_Individual:9;,0.24365,0.09649,0.24812,0.12844,0.21505,0.33333,0.28313,0.125,0.17532,0.13761,0.1619,0.25316,0.12281
PCAP1Dark_Individual:31,0.24335,0.33333,0.26316,0.20313,0.24,0.21875,0.13846,0.16667,0.07353,0.09302,0.07865,0.07826,0.11579
PCAP1Dark_Individual:30,0.22857,0.15315,0.1087,0.16667,0.14754,0.16327,0.25,0.13333,0.06757,0.09091,0.11765,0.08421,0.05714
PCAP1Dark_Individual:1;,0.21514,0.18966,0.19588,0.15534,0.12903,0.12264,0.20833,0.07826,0.19444,0.09375,0.18841,0.08411,0.0885
PCAP1Dark_Individual:19,0.30813,0.05172,0.11852,0.25926,0.11364,0.04878,0.09375,0.16216,0.06135,0.10204,0.11321,0.07534,0.12903
PCAP1Dark_Individual:18,0.2556,0.15789,0.14493,0.21311,0.14815,0.06977,0.13433,0.08333,0.15254,0.15217,0.15686,0.07229,0.2234
PCAP1Dark_Individual:39,0.20455,0.1875,0.4,0.14286,0.0,0.09091,0.13889,0.24,0.125,0.34286,0.08208,0.06695,0.3
PCAP1Dark_Individual:33,0.18783,0.27607,0.2437,0.26563,0.15556,0.26471,0.17647,0.14286,0.16162,0.125,0.13115,0.1619,0.18627
PCAP1Dark_Individual:3;,0.23951,0.2893,0.28337,0.3507,0.27974,0.26111,0.14078,0.17647,0.13158,0.2093,0.17617,0.12903,0.11475
PCAP1Dark_Individual:32,0.27848,0.25,0.23944,0.22059,0.34483,0.1625,0.23288,0.32911,0.25287,0.13208,0.14655,0.08197,0.14815
PCAP1Dark_Individual:13,0.21269,0.12857,0.18012,0.13836,0.11905,0.17647,0.11644,0.11688,0.10938,0.09565,0.1145,0.05085,0.06796
PCAP1Dark_Individual:12,0.25455,0.1457,0.08696,0.14706,0.04878,0.12121,0.10526,0.09756,0.07317,0.06349,0.20588,0.09804,0.125
PCAP1Dark_Individual:7;,0.28,0.22727,0.20513,0.45455,0.17241,0.17544,0.35,0.13514,0.375,0.13978,0.19608,0.125,0.0625
PCAP1Dark_Individual:10,0.16349,0.11613,0.14894,0.16667,0.13679,0.09827,0.10497,0.14362,0.13939,0.17172,0.10204,0.10692,0.09524
PCAP1Dark_Individual:17,0.1752,0.15596,0.13084,0.14054,0.14729,0.15254,0.19048,0.25385,0.21839,0.25243,0.34586,0.11207,0.25146
PCAP1Dark_Individual:16,0.27397,0.25532,0.26761,0.22078,0.22785,0.16304,0.1875,0.19444,0.2449,0.21429,0.2987,0.16832,0.2314
PCAP1Dark_Individual:15,0.31935,0.2125,0.16832,0.10753,0.13158,0.17045,0.08696,0.125,0.23438,0.16418,0.17241,0.10448,0.30769
PCAP1Dark_Individual:14,0.24149,0.21622,0.13445,0.24684,0.2,0.13158,0.14286,0.17647,0.192,0.17949,0.23841,0.18605,0.21569
