AripiprazoleDarkApoHigh_Individual:8;,0.41176,0.3866,0.37546,0.4,0.64928,0.69327,0.67168,0.66398,0.83146,0.87967,0.93333,0.81,0.67647
AripiprazoleDarkApoHigh_Individual:48,0.37729,0.43243,0.448,0.45752,0.4497,0.524,0.48866,0.63361,0.6193,0.5,0.36686,0.36458,0.96491
AripiprazoleDarkApoHigh_Individual:4;,0.79012,0.81618,0.6978,0.7947,0.72067,0.75,0.71569,0.78481,0.74242,0.88889,0.87302,0.79775,0.71212
AripiprazoleDarkApoHigh_Individual:40,0.39096,0.44444,0.46552,0.70455,0.6,0.48415,0.49765,0.57647,0.71345,0.80998,0.8093,0.83698,0.7823
AripiprazoleDarkApoHigh_Individual:41,0.3715,0.53913,0.55078,0.48708,0.44255,0.45526,0.45151,0.52632,0.53207,0.83333,0.78777,0.91358,0.51724
AripiprazoleDarkApoHigh_Individual:42,0.37344,0.38824,0.35862,0.3825,0.42297,0.40645,0.42822,0.38859,0.3551,0.34123,0.38235,0.37306,0.42487
AripiprazoleDarkApoHigh_Individual:43,0.38981,0.3752,0.35985,0.36739,0.34949,0.33333,0.274,0.41162,0.4494,0.46825,0.43149,0.44167,0.5
AripiprazoleDarkApoHigh_Individual:44,0.37437,0.93333,0.44444,0.45205,0.48964,0.5066,0.6063,0.40645,0.48188,0.56604,0.63636,0.74144,0.75141
AripiprazoleDarkApoHigh_Individual:45,0.32143,0.43846,0,1.0,0.16667,1.0,0,0.48598,0.34194,0.49438,0.50909,0.59794,0.69048
AripiprazoleDarkApoHigh_Individual:46,0.44819,0.35678,0.44626,0.41337,0.47906,0.57357,0.63158,0.64267,0.59843,0.704,0.42105,0.16667,0.5
AripiprazoleDarkApoHigh_Individual:47,0.29911,0.35256,0.3544,0.30457,0.29499,0.33452,0.62182,0.67742,0.70748,0.50847,0.57143,0.8,1.0
AripiprazoleDarkApoHigh_Individual:2;,0.84615,0.58333,0,1.0,0.46667,0.0,0,0,0.05649,0.05068,0.04385,0.05017,0.05295
AripiprazoleDarkApoHigh_Individual:28,0.61686,0.61682,0.69106,0.62397,0.66547,0.52469,0.84091,0.67647,0.9,0.86441,0.85714,0.84615,1.0
AripiprazoleDarkApoHigh_Individual:29,0.60252,0.74933,0.66667,0.64943,0.75787,0.72512,0.82704,0.78218,0.91398,0.92,0.79012,0.81356,0.93243
AripiprazoleDarkApoHigh_Individual:26,0.52941,0.76842,0.8,0.76923,0.45,0.42105,0.5,0.73469,0.63333,0.57895,1.0,0,0
AripiprazoleDarkApoHigh_Individual:6;,1.0,0.05466,0.07229,0.04277,0.57447,0.44828,1.0,0.57143,0.48718,0.80769,0.64286,0,0.6
AripiprazoleDarkApoHigh_Individual:24,0.125,1.0,0.89474,0,0.74436,0.04876,0.47414,0.54167,0.5,0.51934,0.58462,0.87013,0.8022
AripiprazoleDarkApoHigh_Individual:25,0.8869,0.97849,0.94262,0.68478,0.89262,0.62914,0.79699,1.0,1.0,0.86842,0.83333,0.9,0.9375
AripiprazoleDarkApoHigh_Individual:22,0.52439,0.45775,0.46301,0.67669,0.51447,0.58537,0.44526,0.61573,0.655,0.74581,0.57143,0.89231,0.98276
AripiprazoleDarkApoHigh_Individual:23,0.3605,0.56757,0.70339,0.9009,0.57059,0.66304,0.65779,0.36156,0.42481,0.44828,0.61648,0.56294,0.58923
AripiprazoleDarkApoHigh_Individual:20,0.27757,0.2494,0.24242,0.21387,0.21646,0.26582,0.3178,0.27225,0.31707,0.69072,0.5,0,1.0
AripiprazoleDarkApoHigh_Individual:21,0.42688,0.42424,0,0.05385,1.0,0.43345,0.47015,0.73864,0.68634,0.76861,0.81217,0.49558,0.65432
AripiprazoleDarkApoHigh_Individual:34,0.30247,0.41627,0.29358,0.42373,0.36818,0.35681,0.40741,0.39716,0.4254,0.33735,0.44444,0.57718,0.92308
AripiprazoleDarkApoHigh_Individual:38,0.47887,0.57627,0.62353,0.61321,0.66,0.5461,0.82022,0.58,0.45358,0.42636,0.28571,0.4058,0.28283
AripiprazoleDarkApoHigh_Individual:35,0.41096,0.67327,0.72222,0.632,0.55959,0.4633,0.41085,0.58128,0.72084,0.73077,0.75952,0.79592,0.73292
AripiprazoleDarkApoHigh_Individual:27,0.49091,0.49847,0.49756,0.51389,0.55058,0.69149,0.96809,0.62162,0.875,0.95152,0.97842,0.87209,0.7602
AripiprazoleDarkApoHigh_Individual:11,0.57589,0.61224,0.57042,0.73944,0.6686,0.56693,0.6831,0.46847,0.35644,0.45914,0.56397,0.79021,0.71599
AripiprazoleDarkApoHigh_Individual:37,0.47492,0.35904,0.3443,0.44398,0.51966,0.48515,0.71036,0.70934,0.63924,0.67647,0.80851,0.875,1.0
AripiprazoleDarkApoHigh_Individual:36,0.45745,0.51667,0.42143,0.45033,0.35393,0.44178,0.45313,0.46648,0.52492,0.45136,0.45024,0.42063,0.77273
AripiprazoleDarkApoHigh_Individual:5;,0.75342,0.8125,0.4,0.89247,1.0,0.93694,0.98291,0.84946,0.6,0.84848,0.84615,1.0,0.75
AripiprazoleDarkApoHigh_Individual:9;,0.47059,0.59302,0.48214,0.41964,0.5,0.49505,0.4973,0.5144,0.55418,0.72107,0.65401,0.65196,0.66906
AripiprazoleDarkApoHigh_Individual:31,0.51961,0.66667,0.61364,0.84762,0.56338,0.58442,0.53763,0.53608,0.43173,0.46012,0.46524,0.52451,0.70175
AripiprazoleDarkApoHigh_Individual:30,0.04624,0.05365,0.04421,0.02746,0,0.45455,0.33333,0.10853,0.09211,0.08166,0.24791,0.22971,0.26727
AripiprazoleDarkApoHigh_Individual:1;,0.80159,0.86735,0.91667,0.82443,0.83333,0.7874,0.82927,0.74265,0.78846,0.66,0.9375,0.86538,0.96296
AripiprazoleDarkApoHigh_Individual:19,0.43103,0.46009,0.39344,0.3317,0.34286,0.44361,0.60079,0.58491,0.46565,0.55072,0.75,0.81818,1.0
AripiprazoleDarkApoHigh_Individual:18,0.33086,0.45992,0.43089,0.43489,0.40989,0.47642,0.66372,0.725,0.80488,0.752,0.82857,0.83333,0
AripiprazoleDarkApoHigh_Individual:39,0.45623,0.47012,0.41534,0.35541,0.37156,0.39161,0.32813,0.41742,0.40705,0.45215,0.48239,0.47904,0.65217
AripiprazoleDarkApoHigh_Individual:33,0.4878,0.53465,0.72388,0.59091,0.50485,0.6506,0.66216,0.46774,0.54079,0.51316,0.56684,0.67131,0.72302
AripiprazoleDarkApoHigh_Individual:3;,0.73984,0.76296,0.77519,0.76959,0.68889,0.68661,0.58871,0.80247,1.0,0.80769,0.75,0.91892,0.97826
AripiprazoleDarkApoHigh_Individual:32,0.41199,0.54132,0.54921,0.48947,0.50611,0.3913,0.33144,0.29573,0.28777,0.37288,0.38065,0.3744,0.4486
AripiprazoleDarkApoHigh_Individual:13,0.31847,0.3523,0.34356,0.32019,0.31783,0.34946,0.3617,0.38403,0.35223,0.39344,0.44949,0.46667,0.85714
AripiprazoleDarkApoHigh_Individual:12,0.41026,0.5,0.42336,0.44444,0.50413,0.54321,0.46565,0.45662,0.5,0.44796,0.48205,0.70323,0.63736
AripiprazoleDarkApoHigh_Individual:7;,0.43411,0.75238,0.66667,0.70769,0.73846,0.57297,0.53968,0.63556,0.65301,0.6412,0.69608,0.85795,0.94792
AripiprazoleDarkApoHigh_Individual:10,0.47518,0.6747,0.6,0.68326,0.51639,0.54054,0.67105,0.54237,0.61834,0.45775,0.63636,0.67116,0.74941
AripiprazoleDarkApoHigh_Individual:17,0.6875,0.83333,0.79808,0.53846,0.96186,0.66667,0.63636,0.55172,0.95238,0.59621,0.74662,0.91386,0.72986
AripiprazoleDarkApoHigh_Individual:16,0.39744,0.46193,0.63415,0.43256,0.42857,0.54088,0.58712,0.45363,0.65106,0.6699,0.66316,0.57851,0.69231
AripiprazoleDarkApoHigh_Individual:15,0.40395,0.54825,0.51852,0.46429,0.50515,0.4398,0.44257,0.46314,0.64658,0.73928,0.70868,0.64736,0.58594
AripiprazoleDarkApoHigh_Individual:14,0.31304,0.41406,0.40683,0.38745,0.29771,0.35333,0.42577,0.42697,0.47869,0.49627,0.52692,0.52778,0.54286
CariprazineDarkApoHigh_Individual:8;,0.40614,0.46154,1.0,0.8,1.0,0.4548,0.4188,0.41667,0.66,0.7619,0.65714,0.94118,1.0
CariprazineDarkApoHigh_Individual:48,0.42779,0.40176,0.4625,0.45882,0.6075,0.57935,0.92339,0.94175,0.73864,0.91892,1.0,1.0,1.0
CariprazineDarkApoHigh_Individual:4;,0.61584,0.72121,0.60245,0.60714,0.67797,0.61006,0.7218,1.0,0.875,0.82609,0.04589,1.0,0
CariprazineDarkApoHigh_Individual:40,0.4918,0.49242,0.58156,0.52109,0.57609,0.55591,0.65724,0.76303,0.6338,0.88,0.68293,0.5,0
CariprazineDarkApoHigh_Individual:41,0.52605,0.45425,0,0.06158,1.0,0.55639,0.39331,0.48451,0.78979,0.58394,0.74419,0.66667,0
CariprazineDarkApoHigh_Individual:42,0.48077,0.48913,0.52905,0.54808,0.55294,0.61538,0.8252,0.76456,0.82143,0.82353,0.91667,1.0,0.95238
CariprazineDarkApoHigh_Individual:43,0.34375,0.29333,0.40896,0.51656,0.45098,0.46957,0.66667,0.64286,0.90076,0.75263,0.47826,0.06339,0
CariprazineDarkApoHigh_Individual:44,0.40868,0.3308,0.72727,1.0,0.48571,0.37538,0.67407,0.88614,0.85761,0.5942,0.94737,0.875,0.26007
CariprazineDarkApoHigh_Individual:45,0.45455,0.54545,0.95455,0.6,0.83333,0.47176,0.43415,0.85792,0.89706,0.85714,0.0,1.0,1.0
CariprazineDarkApoHigh_Individual:46,0.36475,0.51058,0.63452,0.72569,0.84615,0.36364,0.75,0.0,1.0,1.0,1.0,1.0,1.0
CariprazineDarkApoHigh_Individual:47,0.50265,0.48805,0.45033,0.77778,0.4359,0.4876,0.65561,0.81853,0.86271,0.79747,1.0,1.0,1.0
CariprazineDarkApoHigh_Individual:2;,0.45584,0.61702,0.69444,0.5615,0.51863,0.47347,0.43056,0.76515,0.57895,0.56452,0.82051,0.85075,1.0
CariprazineDarkApoHigh_Individual:28,0.42233,0.59459,0.67901,0.4625,0.69145,0.49032,0.54331,0.63598,0.69892,0.51701,0.60417,0.65385,1.0
CariprazineDarkApoHigh_Individual:29,0.5736,0.68912,0.6646,0.5,0.6025,0.6133,0.64407,0.6093,0.72072,0.65333,0.55319,0.93103,0.64286
CariprazineDarkApoHigh_Individual:26,0.49138,0.51938,0.62745,0.60694,0.67847,0.75336,0.73611,0.77333,0.75,0.93333,1.0,0,0.74713
CariprazineDarkApoHigh_Individual:6;,0.58974,0.57576,0.60345,0.59441,0.50794,0.32895,0.552,0.70192,0.95833,1.0,0,0.85714,0.13163
CariprazineDarkApoHigh_Individual:24,0.41514,0.39776,0.49257,0.59432,0.73158,0.76596,0.85714,1.0,0.66667,0,0.86364,1.0,0
CariprazineDarkApoHigh_Individual:25,0.61728,0.70588,0.70492,0.6875,0.4375,0.56481,0.67568,0.68148,0.91304,0,1.0,0,0.12899
CariprazineDarkApoHigh_Individual:22,0.45,0.66667,0.44444,0.61261,0.40828,0.26316,0.625,0.63366,0.5188,0.49275,0.6875,1.0,0.07862
CariprazineDarkApoHigh_Individual:23,0.25,1.0,0.72973,0.34091,0.5342,0.55072,1.0,0.3188,0,0,0.05538,0,0
CariprazineDarkApoHigh_Individual:20,0.36656,0.51312,0.60084,0.58667,0.64615,0.52055,0.75472,1.0,0.72881,1.0,1.0,1.0,1.0
CariprazineDarkApoHigh_Individual:21,0.47248,0.40113,0.58235,1.0,0.5842,0.73108,0.67883,0.66234,0.83333,0.5,1.0,1.0,1.0
CariprazineDarkApoHigh_Individual:34,0.51566,0.3427,0.66292,0.52709,0.53535,0.39024,0.57547,1.0,0.88889,1.0,0,0.0705,0.925
CariprazineDarkApoHigh_Individual:38,0.53635,0.43939,0.41667,0.7619,0.41489,0.44872,0.63694,0.7483,0.91912,0,0.96429,0.97403,1.0
CariprazineDarkApoHigh_Individual:35,0.40036,0.75472,0.44257,0.58696,0.76507,0.84,0.71706,0.75278,0.68269,0.95876,0.73529,1.0,0.21536
CariprazineDarkApoHigh_Individual:27,0.46591,0.54651,0.525,0.29,0.35802,0.54615,0.48361,0.63636,0.8,1.0,1.0,1.0,1.0
CariprazineDarkApoHigh_Individual:11,0.53265,0.5283,0.50235,0.47273,0.49367,0.35593,0.55493,0.61628,0.89189,0.42391,0.71053,1.0,0.04118
CariprazineDarkApoHigh_Individual:37,0.38645,0.32394,0.35294,0.61538,0.71739,0.5,1.0,0.7,0,0,0,0,0.81188
CariprazineDarkApoHigh_Individual:36,0.66667,0.59375,0.57477,0.53552,1.0,0.52679,0.63366,1.0,1.0,1.0,1.0,0.99123,0.85714
CariprazineDarkApoHigh_Individual:5;,0.52941,0.65934,0.05593,0.04816,1.0,0.52294,0.78571,1.0,0.48936,0.40541,0.57143,0,0.53659
CariprazineDarkApoHigh_Individual:9;,0.57692,0.77551,0.05933,0.46154,0.4,1.0,0.53521,0.61864,0.73611,0.95775,1.0,0.6,0.25
CariprazineDarkApoHigh_Individual:31,0.47458,0.85714,0.33028,0.54128,0.71359,0.70956,0.90566,0.53846,0.86441,0.52381,0,1.0,0
CariprazineDarkApoHigh_Individual:30,0.61,0.65,0.7037,0.66667,0.58079,0.59459,0.6,0.83133,0.77966,0.06912,0.79167,1.0,0
CariprazineDarkApoHigh_Individual:1;,0.52903,0.68095,0.74101,0.6859,0.64789,0.60182,0.45122,0.58929,0.35632,0.49231,0.6,0.66667,0
CariprazineDarkApoHigh_Individual:19,0.37101,0.41844,1.0,0.61429,0.4878,0.49804,0.68,0.74468,0.61818,0,0.06303,1.0,0
CariprazineDarkApoHigh_Individual:18,0.37175,0.34722,0.92857,1.0,1.0,0.58,0.50442,0.43017,0.92857,1.0,1.0,1.0,1.0
CariprazineDarkApoHigh_Individual:39,0.54802,0.52941,0.55247,0.38889,0.68571,0.58904,0.55,0.88312,1.0,1.0,1.0,1.0,1.0
CariprazineDarkApoHigh_Individual:33,0.46071,0.45729,0.49074,0.53889,0.57647,0.425,0.54286,0.63077,0.69318,1.0,1.0,0.66667,0.57143
CariprazineDarkApoHigh_Individual:3;,0.44238,0.50201,0.49284,0.6,0.5551,0.55346,0.53448,0.56667,0.62162,1.0,0.76471,0.05697,1.0
CariprazineDarkApoHigh_Individual:32,0.51877,0.62234,0.61702,0.67925,0.56566,0.58416,0.42308,0.46541,0.67281,1.0,1.0,0.98767,0.46528
CariprazineDarkApoHigh_Individual:13,0.40664,0.63158,1.0,1.0,0.62842,0.5051,0.41935,0.46452,0.52227,0.60577,0.80328,0.0566,0.05637
CariprazineDarkApoHigh_Individual:12,0.50257,0.76812,0.50704,0.44444,0.45,0.4845,0.71739,0.51282,0.97872,0.76818,1.0,0,1.0
CariprazineDarkApoHigh_Individual:7;,0.48582,0.63636,0.61111,0.53247,0.40329,0.44928,0.73529,0.76821,0.73597,0.72727,0.73333,0.71014,1.0
CariprazineDarkApoHigh_Individual:10,0.41791,0.55556,0.45833,1.0,0.39623,0.49038,0.48889,0.68,0.81498,0.65385,0.75556,1.0,0.04847
CariprazineDarkApoHigh_Individual:17,0.35099,0.45907,0.77083,0.04593,0.053,1.0,1.0,0.51124,0.42515,0.09618,0.45395,0.47521,0.5
CariprazineDarkApoHigh_Individual:16,0.31735,0.34259,0.32508,0.42294,0.46473,0.85,0.86364,0.93605,0.20209,0.13153,0,0,0
CariprazineDarkApoHigh_Individual:15,0.47653,1.0,1.0,1.0,0.57299,0.39713,0.49265,0.48426,0.78667,0.88024,0.81271,0.625,0.9375
CariprazineDarkApoHigh_Individual:14,0.39453,0.4593,0.2,0.97078,0.05005,0.04646,0.66518,0.37143,0.56098,0.6044,0.63415,0.68936,0.85965
ClozapineDarkApoHigh_Individual:8;,0.57714,0.92432,1.0,0.9,1.0,0.9375,1.0,1.0,0.67692,0.46023,0.54407,0.65327,0.81845
ClozapineDarkApoHigh_Individual:48,0.58163,0.26458,0.32071,0.54049,0.5239,0.611,0.61842,0.61064,0.62879,0.60952,0.84615,1.0,1.0
ClozapineDarkApoHigh_Individual:4;,0.52332,0.53778,0.75214,0.75543,0.70909,0.48649,0.57704,0.60545,0.59335,0.56566,0.73935,0.83473,0.75789
ClozapineDarkApoHigh_Individual:40,0.52663,0.6573,0.78689,0.36957,0.4953,0.62842,0.76521,0.75079,0.67075,0.66449,0.45418,0.60317,0.49219
ClozapineDarkApoHigh_Individual:41,0.52198,0.39519,0.27869,0.3871,0.30906,0.29368,0.39379,0.35144,0.46544,0.46377,0.33491,0.77419,0.45185
ClozapineDarkApoHigh_Individual:42,0.51299,0.56621,0.49587,0.39447,0.40217,0.36559,0.41499,0.46725,0.36283,0.41566,0.35238,0.33544,0.45946
ClozapineDarkApoHigh_Individual:43,0.70253,0.76,0.49226,0.64948,0.51224,0.75495,0.7713,0.79626,0.81604,0.84985,0.67956,0.66667,0.6
ClozapineDarkApoHigh_Individual:44,0.36937,0.74138,0.41176,0.46246,0.428,0.34673,0.31271,0.32743,0.38115,0.41295,0.4073,0.57065,0.60784
ClozapineDarkApoHigh_Individual:45,0.60465,0,0,0.64286,0.77431,0.73448,0.56515,0.39895,0.3607,0.31034,0.38462,0.26316,0.35821
ClozapineDarkApoHigh_Individual:46,0.43158,0.52727,0.5619,0.61215,0.44357,0.46707,0.47297,0.55918,0.58333,0.43956,0.57692,0.53333,0.49505
ClozapineDarkApoHigh_Individual:47,0.32184,0.35417,0.5814,0.41538,0.39344,0.4,0.4204,0.32134,0.46416,0.51128,0.53043,0.49537,0.45033
ClozapineDarkApoHigh_Individual:2;,0.51796,0.47923,0.42553,0.4212,0.39004,0.29461,0.3166,0.45333,0.48,0.69939,0.72273,0.78516,0.70968
ClozapineDarkApoHigh_Individual:28,0.38667,0.38995,0.30901,0.42722,0.58266,0.61151,0.5704,0.45455,0.56731,0.69251,0.63415,0.68367,0.0
ClozapineDarkApoHigh_Individual:29,0.81818,0.9,0.9322,0.71429,0.85714,0.98718,0.95402,0.74219,0.67647,0.61728,0.52703,0.98889,0
ClozapineDarkApoHigh_Individual:26,0.52261,0.53846,0.43612,0.41637,0.41,0.82583,0.82794,0.82222,0.78539,0.8,0.7,0.55556,0
ClozapineDarkApoHigh_Individual:6;,0.80808,0.77778,0.75362,0.81818,0.56262,0.46707,0.51364,0.544,0.57143,0.74249,0.87456,0.85345,0.85673
ClozapineDarkApoHigh_Individual:24,0.45588,0.59829,0.88785,0.61062,0.6194,0.40385,0.48014,0.48136,0.69643,0.65399,0.51531,0.7619,0
ClozapineDarkApoHigh_Individual:25,0.67633,0.81022,0.9359,0.83708,0.91954,0.73729,0.64327,0.5272,0.37846,0.51444,0.62449,0.70984,0.78676
ClozapineDarkApoHigh_Individual:22,0.52381,0.91919,0.625,0.40878,0.59945,0.45769,0.57983,0.87589,0.86057,0.86357,0.81464,0.73596,0.75
ClozapineDarkApoHigh_Individual:23,0.54717,0.7541,0.34826,0.30682,0.27652,0.28897,0.22647,0.27143,0.24342,0.21224,0.16535,0.2906,0.41176
ClozapineDarkApoHigh_Individual:20,0.38571,0.45968,0.37674,0.57225,0.62896,0.72745,0.64652,0.54688,0.36364,0.43515,0.57396,0.58389,0.65574
ClozapineDarkApoHigh_Individual:21,0.45122,0.29915,0.28821,0.37888,0.35616,0.44635,0.53425,0.61765,0.6701,0.70807,0.69298,0.61364,0.5
ClozapineDarkApoHigh_Individual:34,0.52459,0.63959,0.43351,0.8319,0.58333,0.65863,0.5604,0.7619,0.81282,0.92701,0,1.0,1.0
ClozapineDarkApoHigh_Individual:38,0.50653,0.78621,0.51883,0.75,0.49126,0.38356,0.52354,0.7565,0.75589,0.71852,0.75643,0.657,0.75946
ClozapineDarkApoHigh_Individual:35,0.41146,0.42997,0.46186,0.42654,0.45802,0.52183,0.4383,0.5181,0.57692,0.54251,0.61013,0.59223,0.69176
ClozapineDarkApoHigh_Individual:27,0.87288,0.96154,1.0,1.0,0.95798,0.63265,0.42222,0.76733,0.61176,1.0,1.0,0.88945,0.91841
ClozapineDarkApoHigh_Individual:11,0.46503,0.65714,0.80172,0.67416,0.97727,0.61538,0.62295,0.43011,0.45098,0.51736,0.62356,0.80114,0.84138
ClozapineDarkApoHigh_Individual:37,0.47788,0.54225,0.6015,0.37956,0.5,0.37692,0.42857,0.65464,0.5314,0.70079,0.84127,0.91583,0.91356
ClozapineDarkApoHigh_Individual:36,0.79808,0.56425,0.45792,0.49345,0.45887,0.53578,0.5724,0.76875,0.68322,0.75484,0.80556,0.83333,0
ClozapineDarkApoHigh_Individual:5;,0.88083,0.92982,0.93197,0.89063,0.90909,0.73121,0.59474,0.63498,0.6758,0.68254,0.70588,0.72727,0.88889
ClozapineDarkApoHigh_Individual:9;,0.70492,0.85635,0.91667,0.8806,1.0,0.90566,0.79085,0.81226,0.44267,0.51496,0.48958,0.76754,0.79724
ClozapineDarkApoHigh_Individual:31,0.56774,0.81921,0.88202,0.68831,0.47253,0.43952,0.39645,0.60773,0.56742,0.70948,0.92763,0.92347,0.69582
ClozapineDarkApoHigh_Individual:30,0.61722,0.55556,0.55046,0.61809,0.49219,0.40839,0.32934,0.40659,0.59945,0.70572,0.6947,0.64323,0.536
ClozapineDarkApoHigh_Individual:1;,0.61496,0.43676,0.24742,0.25641,0.21749,0.2304,0.22642,0.27554,0.2852,0.40357,0.4542,0.51698,0.49462
ClozapineDarkApoHigh_Individual:19,0.53846,0.47449,0.72051,0.52542,0.35525,0.36585,0.37778,0.40845,0.35129,0.38407,0.47748,0.4891,0.63043
ClozapineDarkApoHigh_Individual:18,0.33929,0.39572,0.41463,0.31313,0.39604,0.56828,0.38683,0.35647,0.35531,0.48187,0.52,0.69118,0.78723
ClozapineDarkApoHigh_Individual:39,0.56637,0.35647,0.32302,0.3578,0.38168,0.40514,0.44371,0.6135,0.64537,0.57595,0.66667,0.61562,0.5266
ClozapineDarkApoHigh_Individual:33,0.60274,0.61194,0.80923,0.78788,0.68675,0.70455,0.53623,0.37832,0.4057,0.40536,0.33819,0.33397,0.2783
ClozapineDarkApoHigh_Individual:3;,0.50638,0.4338,0.42612,0.38166,0.56977,0.62524,0.69977,0.7635,0.7462,0.79078,0.54167,0.64286,0
ClozapineDarkApoHigh_Individual:32,0.55,0.26667,0.55814,0.73718,0,0.5,0.48497,0.44252,0.39956,0.63278,0.64073,0.65707,0.69251
ClozapineDarkApoHigh_Individual:13,0.85714,0.79048,0.65241,0.5,0.44984,0.33036,0.41799,0.63913,0.72123,0.8086,0.5375,0.58156,0.71895
ClozapineDarkApoHigh_Individual:12,0.37407,0.80093,0.89143,0.69136,0.54049,0.41624,0.50413,0.46747,0.43155,0.5114,0.55556,0.48062,0.60335
ClozapineDarkApoHigh_Individual:7;,0.56,0.78161,0.87654,0.85593,0.84277,1.0,0.58029,0.48943,0.45513,0.7226,0.69708,0.6257,0.54701
ClozapineDarkApoHigh_Individual:10,0.75128,0.87931,0.96429,0.86458,1.0,0.96,0.92073,0.83333,0.6747,0.51011,0.48249,0.47647,0.63923
ClozapineDarkApoHigh_Individual:17,0.69333,0.57407,0.42892,0.7381,0.2767,0.43434,0.38525,0.28947,0.3125,0.5641,0.70085,0.70476,0.55185
ClozapineDarkApoHigh_Individual:16,0.36429,0.29275,0.40548,0.33562,0.33023,0.34156,0.3463,0.26,0.31915,0.37681,0.31852,0.38679,0.34884
ClozapineDarkApoHigh_Individual:15,0.50355,0.79832,0.56489,0.56391,0.57277,0.57267,0.53704,0.5389,0.65789,0.7303,0.53247,0.63991,0.63059
ClozapineDarkApoHigh_Individual:14,0.32,0.71271,0.5431,0.47291,0.44928,0.40223,0.48116,0.75264,0.86916,0.83043,0.86833,0.76349,0.66667
CNODarkApoHigh_Individual:8;,0.375,0.71429,0.4,0.44776,0.40909,0.40969,0.53242,0.67826,0.80079,0.6055,0.62385,0.69697,0.91667
CNODarkApoHigh_Individual:48,0.36538,0.30345,0.18182,0.22857,0.20792,0.25758,0.23429,0.37681,0.39669,0.2437,0.53846,0.44882,0.59494
CNODarkApoHigh_Individual:4;,0.77778,0.5,0.625,0.34831,0.6,0.62879,0.61165,0.45652,0.47761,0.57143,0.74074,0.33333,0.9
CNODarkApoHigh_Individual:40,0.44444,0.61905,0,0.39535,0.31863,0.35211,0.33871,0.41989,0.424,0.45455,0.5,0.34524,0
CNODarkApoHigh_Individual:41,0.68,1.0,0.44444,0.37264,0.42723,0.41667,0.24242,0.45833,0.28125,0.68421,0.81818,0.16121,0
CNODarkApoHigh_Individual:42,0.43243,0.20213,0.27273,0.30061,0.27193,0.35,0.32061,0.28477,0.43972,0.875,0.0,0,0
CNODarkApoHigh_Individual:43,0.75439,0.9011,0.66667,0.30131,0.28462,0.34894,0.39901,0.3262,0.38462,0.28571,0.44231,0.40714,0.41176
CNODarkApoHigh_Individual:44,0.53846,0.95238,1.0,0.32973,0.44326,0.46154,0.47876,0.45778,0.34167,0.46429,0.36538,0.51613,0.4
CNODarkApoHigh_Individual:45,0.60526,0.66667,0.63889,0.0,0.33333,0.2,0.35043,0.45455,0.54088,0.657,0.54211,0.47712,0.56842
CNODarkApoHigh_Individual:46,0.32143,0.4429,0.44937,0.45296,0.47631,0.45973,0.39601,0.3913,0.32215,0.40385,0.39024,0.5,1.0
CNODarkApoHigh_Individual:47,0.63636,0.68627,0.65217,0.5,0.63844,0.50901,0.48108,0.50888,0.51462,0.58786,0.57143,0.45205,0.59459
CNODarkApoHigh_Individual:2;,0.5,0.22727,0.2467,0.27273,0.25,0.22845,0.13245,0.29213,0.33333,0.22901,0.37209,0.44262,0.5
CNODarkApoHigh_Individual:28,0.45455,0.68,0.55172,0.48,0.51961,0.63077,1.0,0.32143,0.54822,0.54106,0.63119,0.47895,0.60938
CNODarkApoHigh_Individual:29,0.0,0,0.26941,0.30636,0.36893,0.37597,0.44444,0.66942,0.64865,0.38889,0,0,0
CNODarkApoHigh_Individual:26,0.3,0.42069,0.54812,0.46499,0.46823,0.49438,0.39655,0.5443,0.49107,0.59494,0.67568,0,0
CNODarkApoHigh_Individual:6;,0.54639,0.60976,0.68127,0.59593,0.44414,0.52,0.6534,0.81336,0.79645,0.81957,0.41346,0.66429,0.81633
CNODarkApoHigh_Individual:24,0.46552,0.36482,0.43511,0.47468,0.51864,0.49383,0.47059,0.39378,0.59286,0.76923,0,0,1.0
CNODarkApoHigh_Individual:25,0.35897,0.31111,0.3401,0.51205,0.50732,0.43333,0.51685,0.31667,0.50794,0.66667,1.0,0,1.0
CNODarkApoHigh_Individual:22,0.24,0.17874,0.26351,0.21127,0.23596,0.27746,0.34826,0.41414,0.44318,0.27586,0.59459,0.25,1.0
CNODarkApoHigh_Individual:23,0.8022,0.87319,0.58726,0.37288,0.43172,0.31727,0.48214,0.41365,0.42358,0.42478,0.47701,0.50435,0.49206
CNODarkApoHigh_Individual:20,0.65,0.32609,0.38251,0.55085,0.45313,0.46614,0.44053,0.43429,0.33333,0.3662,0.69444,0.6625,0.88889
CNODarkApoHigh_Individual:21,0.60177,0.96552,0.66667,0.5092,0.37019,0.57895,0.77419,1.0,1.0,0.95455,0.56667,0.51613,0.38583
CNODarkApoHigh_Individual:34,0.13115,0.1993,0.20521,0.29255,0.27606,0.26263,0.29864,0.33937,0.365,0.53977,0.52632,0.8125,1.0
CNODarkApoHigh_Individual:38,0.67647,0.64615,0.6014,0.52788,0.51434,0.58839,0.54184,0.44954,0.45631,0.37267,0.29825,0.27215,0.52632
CNODarkApoHigh_Individual:35,0.60504,0.27863,0.36184,0.4,0.52804,0.59176,0.59917,0.55072,0.48276,0.45833,0.59091,1.0,0
CNODarkApoHigh_Individual:27,0.64286,0.86121,0.60714,0,0.35484,0.41667,0.34959,0.25866,0.21127,0.20109,0.38934,0.48333,0.41546
CNODarkApoHigh_Individual:11,0.41791,0.27273,0.20833,0.30288,0.47407,0.39568,0.37975,0.45802,0.56154,0.64167,0.91429,0.25424,0.61765
CNODarkApoHigh_Individual:37,0.38235,0.32653,0.42995,0.38485,0.45238,0.48592,0.54412,0.52459,0.69767,0.24074,0.35556,0.48333,0.54545
CNODarkApoHigh_Individual:36,0.42857,0.72727,0,0.37989,0.30597,0.35841,0.5,0.6087,0.79218,0.5,0.39623,0.45455,0.25
CNODarkApoHigh_Individual:5;,0.58462,1.0,0.53374,0.54985,0.46535,0.43985,0.62739,0.59167,0.59692,0.64846,0.56466,0.4593,0.73529
CNODarkApoHigh_Individual:9;,0.43038,0,0.33333,0.42384,0.35714,0,0.38614,0.34957,0.51768,0.66296,0.67089,0.6039,0.28846
CNODarkApoHigh_Individual:31,0.47126,0.6,0.88235,0,1.0,0.31858,0.30556,0.625,0.68681,0.55629,0.82927,0.96087,0.87744
CNODarkApoHigh_Individual:30,0.79286,0.65896,0.44279,0.30496,0.37405,0.42857,0.45059,0.47534,0.47264,0.41667,0.43243,0.4918,0.59091
CNODarkApoHigh_Individual:1;,0.31429,0.17347,0.375,0,0,0.04323,0.10506,0.2381,0.2479,0.20968,0.28682,0.23188,0.125
CNODarkApoHigh_Individual:19,1.0,0.28328,0.25287,0.25952,0.31418,0.34711,0.55319,0.48485,0.40741,0.34021,0.28571,0.41935,0.32
CNODarkApoHigh_Individual:18,0.375,0.48276,0.39516,0.43357,0.46269,0.61823,0.73113,0.47727,0.42373,0.52,0.375,0.44186,0.8
CNODarkApoHigh_Individual:39,0.51724,0.36667,0.39716,0.45299,0.53868,0.45455,0.55963,0.61506,0.82031,0.56647,0.607,0.67488,0.5942
CNODarkApoHigh_Individual:33,0.70732,0.37313,0.4,0.37222,0.45652,0.32301,0.46429,0.41615,0.3814,0.28788,0.28,0.44262,0.68627
CNODarkApoHigh_Individual:3;,0.58553,0.75325,0.53892,0.44103,0.30337,0.35659,1.0,0.38312,0.37267,0.60656,0.42308,0.56596,0.59574
CNODarkApoHigh_Individual:32,0.57813,0,0,0,0.83333,0,0,0,0,0,0,0.33333,0.42857
CNODarkApoHigh_Individual:13,0.64754,0.51955,0,1.0,0,0.48077,0.32669,0.74534,0.58562,0.73981,0.867,0.69767,0
CNODarkApoHigh_Individual:12,0.46269,0.39286,0.31034,1.0,0,1.0,0,0.0,0.50299,0.43617,0.7125,0.63855,0.65217
CNODarkApoHigh_Individual:7;,0.55263,0.28571,0.43925,0.39552,0.39526,0.44737,0.47773,0.37405,0.4,0.68,0.33333,0.44898,0.47863
CNODarkApoHigh_Individual:10,0.36842,0,0.16155,0,0.37037,0.30396,0.41566,0.67692,0.59756,0.34524,0.66667,0.45794,0.33333
CNODarkApoHigh_Individual:17,0.26923,0.32544,0.25856,0.2948,0.0,0.5625,0.32472,0.27451,0.28571,0.31098,0.54444,0.39496,0.44444
CNODarkApoHigh_Individual:16,0.43103,0.41221,0.51479,0.4129,0.46505,0.44949,0.48372,0.31307,0.45736,0.46154,0.45872,0.54167,0.24138
CNODarkApoHigh_Individual:15,0.36364,0.40541,0.29064,1.0,0.4375,0.15145,0.3432,0.26554,0.42812,0.64939,0.59507,0.60736,0.68539
CNODarkApoHigh_Individual:14,0.18182,0.352,0.35231,0.32229,0.29317,0.26556,0.23077,0.35981,0.3066,0.33014,0.3866,0.42523,0.30921
HaloperidolDarkApoHigh_Individual:8;,0.40708,0.33333,0.3145,0.41527,0.42945,0.50435,0.54762,0.46795,0.50265,0.48171,0.36842,0.51381,0.5
HaloperidolDarkApoHigh_Individual:48,0.46364,0.38028,0.39548,0.56522,0.69789,0.64021,0.62418,0.51111,0.52525,0.58182,0.52174,0.5082,0.5
HaloperidolDarkApoHigh_Individual:4;,0.53488,0.58333,0.71,0.64103,0.72549,0.67857,0.565,0.63102,0.66667,0.62865,0.70073,0.80889,0.73667
HaloperidolDarkApoHigh_Individual:40,0.38182,0.36306,0.36667,0.44172,0.42598,0.375,0.36364,0.40964,0.42488,0.44811,0.32215,0.39535,0.42574
HaloperidolDarkApoHigh_Individual:41,0.61702,0.80769,0.65625,0.69565,0.40159,0.8,0,0.41176,0.34861,0.27215,0.30142,0.45211,0.58706
HaloperidolDarkApoHigh_Individual:42,0.48485,0.36777,0.4624,0.42576,0.43656,0.41393,0.49735,0.57424,0.59949,0.63896,0.63701,0.68444,0.71812
HaloperidolDarkApoHigh_Individual:43,0.5914,1.0,1.0,0.48148,0.51131,0.45135,0.45161,0.41299,0.352,0.28455,0.47131,0.37984,0.39823
HaloperidolDarkApoHigh_Individual:44,0.41071,1.0,0.25,0,0.30769,0.45732,0.50233,0.37391,0.5,0.29412,0.64,0.48667,0.44134
HaloperidolDarkApoHigh_Individual:45,0.74359,0.52055,0.46667,1.0,0.93939,0.31333,0.5,0.27302,0.35736,0.48476,0.61468,0.73188,0.71935
HaloperidolDarkApoHigh_Individual:46,0.5,0.48851,0.46647,0.60606,0.71186,0.82121,0.60904,0.76011,0.77698,0.72696,0.86095,0.66667,0.66667
HaloperidolDarkApoHigh_Individual:47,0.77483,0.54286,0.33852,0.42105,0.4,0.35897,0.41406,0.32979,0.36058,0.26667,0.33333,0.37079,0
HaloperidolDarkApoHigh_Individual:2;,0.52585,0.52527,0.49901,0.47187,0.44224,0.45511,0.51101,0.52786,0.53105,0.56182,0.59167,0.59664,0.69944
HaloperidolDarkApoHigh_Individual:28,1.0,0.04622,0.89655,0.46875,0.76923,0,0.87698,1.0,1.0,1.0,1.0,1.0,1.0
HaloperidolDarkApoHigh_Individual:29,0.61429,0.68072,0.6,0.7,0.70833,0.66192,0.62396,0.67234,1.0,0.75357,0.88353,0.82171,0.94245
HaloperidolDarkApoHigh_Individual:26,0.43333,0.66667,0.8,0.86957,0.83929,0.0,0.43836,0,1.0,0,0,0,0
HaloperidolDarkApoHigh_Individual:6;,0.57143,0.625,0.73494,0.80368,0.73737,0.7012,0.70093,0.76596,0.66364,0.63218,0.68224,0.72165,0.6875
HaloperidolDarkApoHigh_Individual:24,0.45,0.70833,0.44762,0.48276,0.45902,0.38462,0.42034,0.48673,0.53906,0.50794,0.58007,0.60274,0.56364
HaloperidolDarkApoHigh_Individual:25,0.59341,0.23077,0.91892,0.71144,0.48,0.58333,0.67213,0.70909,0.74107,0.80269,0.87931,0.88936,0.68707
HaloperidolDarkApoHigh_Individual:22,0.09091,0.06125,0.31496,0.27027,0.37838,0.37383,0.41026,0.38012,0.3,0.39011,0.4,0.42005,0.49826
HaloperidolDarkApoHigh_Individual:23,0.67857,0.73029,0.55352,0.35049,0.29697,0.37668,0.33891,0.38909,0.42133,0.36962,0.54418,0.50614,0.65732
HaloperidolDarkApoHigh_Individual:20,0.4125,0.41176,0.26241,0.368,0.35882,0.34146,0.29487,0.26104,0.22388,0.28986,0.27536,0.2973,0.32639
HaloperidolDarkApoHigh_Individual:21,0.56,0.94581,0.25,0.65306,0.52915,0.5122,0.51456,0.35389,0.30201,0.32143,0.35429,0.29008,0.31818
HaloperidolDarkApoHigh_Individual:34,0.36496,0.55952,0.55102,0.44853,0.63736,0.56481,0.39456,0.44828,0.33449,0.47368,0.51522,0.64871,0.57923
HaloperidolDarkApoHigh_Individual:38,0.42202,0.23276,0.33588,0.26667,0.26486,0.25,0.28736,0.24893,0.29365,0.27059,0.3405,0.34649,0.39583
HaloperidolDarkApoHigh_Individual:35,0.55556,0.60784,0.42586,0.42558,0.48336,0.52941,0.50805,0.53309,0.50894,0.61392,0.67401,0.66005,0.74954
HaloperidolDarkApoHigh_Individual:27,0.49158,0.51986,0.54792,0.44639,0.50761,0.56618,0.53416,0.52465,0.56643,0.58841,0.69782,0.65607,0.75547
HaloperidolDarkApoHigh_Individual:11,0.63819,0.72222,0.65766,0.5614,0.76033,0.69792,0.70248,0.8,0.69421,0.73723,0.59138,0.47603,0.55536
HaloperidolDarkApoHigh_Individual:37,1.0,0.0,1.0,0,0,0,0,0,0,0.94237,0,0,0
HaloperidolDarkApoHigh_Individual:36,0.23611,0.19124,0.16667,0.20844,0.13774,0.17595,0.07834,0.17164,0.20796,0.17467,0.22105,0.22689,0.16889
HaloperidolDarkApoHigh_Individual:5;,0.5301,0.57143,0.62674,0.48805,0.48866,0.49826,0.55395,0.57196,0.56579,0.64505,0.61,0.64835,0.6705
HaloperidolDarkApoHigh_Individual:9;,0.36036,0.64311,0.7037,0.50467,0.65169,0.41667,0.35756,0.33568,0.30471,0.26286,0.25589,0.35593,0.30189
HaloperidolDarkApoHigh_Individual:31,0.45294,0.30769,0.32648,0.29412,0.26183,0.2724,0.25092,0.27759,0.30741,0.44702,0.47826,0.47977,0.53571
HaloperidolDarkApoHigh_Individual:30,0.74766,0.63077,0.6,0.73575,0.85859,0.81295,0.66351,0.67041,0.6599,0.73684,0.6696,0.68783,0.80347
HaloperidolDarkApoHigh_Individual:1;,0.7602,0.79167,0.68698,0.8,0.68657,0.52525,0.6747,0.62763,0.62976,0.71137,0.82875,0.80267,0.78277
HaloperidolDarkApoHigh_Individual:19,0.52174,0.84615,0.87842,0.49347,0.9702,0,0.61957,0.42453,0.53304,0.55775,0.69178,0.77441,0.80488
HaloperidolDarkApoHigh_Individual:18,0.47945,0.2479,0.21154,0.23827,0.21875,0.19485,0.27477,0.25946,0.23554,0.24823,0.28507,0.26425,0.42647
HaloperidolDarkApoHigh_Individual:39,0.71674,0.69811,0.6213,0.55034,0.45178,0.36292,0.38416,0.60633,0.86579,0.75417,0.56808,0.635,0.74233
HaloperidolDarkApoHigh_Individual:33,0.39362,0.37405,0.47925,0.50273,0.40456,0.48446,0.5679,0.67308,0.65545,0.64769,0.66667,0.76974,0.89691
HaloperidolDarkApoHigh_Individual:3;,0.55191,0.56796,0.6044,0.57674,0.53419,0.61265,0.6338,0.68539,0.7,0.75893,0.74161,0.91667,0.85714
HaloperidolDarkApoHigh_Individual:32,0.40529,0.42857,0.38791,0.45855,0.46916,0.64158,0.64738,0.68182,0.75062,0.87006,0.76563,0.83333,0.62963
HaloperidolDarkApoHigh_Individual:13,0.40693,0.39691,0.46617,0.40893,0.68265,0.56375,0.59808,0.62706,0.65417,0.691,0.57576,0.52941,0.65934
HaloperidolDarkApoHigh_Individual:12,0.40094,0.38611,0.36388,0.33787,0.39889,0.42593,0.42448,0.4504,0.4761,0.44417,0.49873,0.48214,0.6004
HaloperidolDarkApoHigh_Individual:7;,0.29605,0.14159,0.24123,0.29894,0.24164,0.28037,0.2521,0.26531,0.30357,0.35088,0.43322,0.43558,0.39713
HaloperidolDarkApoHigh_Individual:10,0.50746,0.55414,0.53125,0.71642,0.58898,0.49765,0.46857,0.41928,0.53709,0.59335,0.63457,0.59606,0.65473
HaloperidolDarkApoHigh_Individual:17,0.34188,0.44262,0.45992,0.43629,1.0,0.4321,0.43005,0.41729,0.67717,0.65909,0.67451,0.58962,0.54438
HaloperidolDarkApoHigh_Individual:16,0.42857,0.30864,0.28426,0.29319,0.24064,0.25,0.22078,0.29064,0.33146,0.38211,0.38686,0.62136,0.48958
HaloperidolDarkApoHigh_Individual:15,0.23502,0.31466,0.28902,0.23894,0.20976,0.21287,0.25581,0.23485,0.18889,0.19835,0.18293,0.25,0.33889
HaloperidolDarkApoHigh_Individual:14,0.47849,0.36889,0.32222,0.36585,0.27955,0.2814,0.28242,0.32308,0.39044,0.41176,0.38247,0.42544,0.39241
NDMCDarkApoHigh_Individual:8;,0.26667,0.39796,0.46405,0.39274,0.37544,0.47253,0.39572,0.39286,0.4878,0.38333,0.59483,0.70732,0.61268
NDMCDarkApoHigh_Individual:48,0.48649,0.49254,0.37698,0.38298,0.52778,0.46774,0.0,0.98438,0.43478,0.62035,0.57312,0.51592,0.73387
NDMCDarkApoHigh_Individual:4;,0.75269,0.57377,0.44681,0.62097,0.71565,0.71053,0.83333,0.77778,0.64151,0.85714,0.15395,1.0,0.20673
NDMCDarkApoHigh_Individual:40,0.13462,0.22449,0.05311,0.04989,0.04839,0.32296,0.41503,0.56873,0.60217,0.69631,0.73023,0.66875,0.69721
NDMCDarkApoHigh_Individual:41,0.4,0.36957,0.38462,0.33668,0.51724,0.38525,0.5587,0.56098,0.47391,0.72,0.78571,0.81333,1.0
NDMCDarkApoHigh_Individual:42,0.51429,0.59794,1.0,1.0,1.0,1.0,1.0,0.75,1.0,0.57658,0.67557,0.77686,0.72727
NDMCDarkApoHigh_Individual:43,0.5,0.375,0.63636,0.55556,0,0.61111,0.38922,0.47493,0.53499,0.55725,0.55063,0.55446,0.67442
NDMCDarkApoHigh_Individual:44,0.90206,1.0,0.42105,0,0,0.5641,0,0,0.46452,0.40976,0.37449,0.57895,0.80233
NDMCDarkApoHigh_Individual:45,0.48252,0.41463,0.46154,0.575,0.58491,0.36198,0.32292,0.56452,0.49247,0.48864,0.6449,0.94545,0.5122
NDMCDarkApoHigh_Individual:46,0.26866,1.0,0,0,0,0,0,1.0,1.0,0.28929,0.25,0.53381,1.0
NDMCDarkApoHigh_Individual:47,0.38261,0.62295,0,1.0,0,1.0,0,0.4359,0.40221,0.34564,0.29299,0.42268,0.7125
NDMCDarkApoHigh_Individual:2;,0.38462,0.39286,0.35928,0.45729,0.38532,0.50811,0.53147,0.54608,0.75367,0.59441,0.36842,0.57831,0.38235
NDMCDarkApoHigh_Individual:28,0.58889,0.8,1.0,0.46535,0.50336,0.40308,0.45349,0.5365,0.54671,0.57143,0.69478,0.69101,0.46154
NDMCDarkApoHigh_Individual:29,0.48936,0.29834,0,1.0,1.0,0,1.0,0.33754,0.70435,0.55963,0.67925,0.67273,0.67213
NDMCDarkApoHigh_Individual:26,0.32558,0.875,0.55556,0.96429,0.47664,0.25926,0.61084,0.85411,0.35196,0.58791,0.5935,0.07153,0.91111
NDMCDarkApoHigh_Individual:6;,0.60645,0.52033,0.3354,0.29,0.17241,0.28852,0.39333,0.22388,0.47458,0.5618,0.59124,0.55172,0.8
NDMCDarkApoHigh_Individual:24,0.35075,0.40237,0.35135,0.31234,0.34043,0.33234,0.58333,0.51802,0.57519,0.65385,0.64241,0.55833,0.66364
NDMCDarkApoHigh_Individual:25,0.46383,0.6087,0.35714,0.44444,0.38776,0.40064,0.3151,0.40377,0.39259,0.49296,0.46739,0.66667,0.61538
NDMCDarkApoHigh_Individual:22,0.45902,0.46207,0.38889,0.42617,0.44355,0.61111,0.39259,0.3945,0.58333,0.56522,0.68421,1.0,0.57143
NDMCDarkApoHigh_Individual:23,0.36364,0.42754,0.52047,0.37945,0.39841,0.41489,0.33113,0.46951,0.65,0.48529,0.77686,0.42718,0.55556
NDMCDarkApoHigh_Individual:20,0.31034,0,1.0,0.40541,0.4331,0.56322,0.50915,0.57447,0.58744,0.59701,0.48201,0.50617,0.57143
NDMCDarkApoHigh_Individual:21,0.46774,0.42969,0,0,0,0.36364,0.47256,0.53425,0.45,0.66038,0.59016,0.54955,0.47917
NDMCDarkApoHigh_Individual:34,0.40244,0.1796,0,0.40741,0.41667,0.36364,0.35526,0.51227,0.47917,0.48594,0.54167,0.4507,0.53077
NDMCDarkApoHigh_Individual:38,0.0,0.29545,0.30178,0.51613,0.40566,0.41896,0.45607,0.55,0.58741,0.70968,0.76042,0.70202,0.71687
NDMCDarkApoHigh_Individual:35,0.47761,0.40175,0.3046,0.48473,0.37849,0.3913,0.53232,0.39167,0.43478,0.44,0.41176,0.2963,0.47368
NDMCDarkApoHigh_Individual:27,0.61905,0,0,0.65217,0.67647,0.0,1.0,0.63636,1.0,0.72926,0.83556,0.82101,0.63406
NDMCDarkApoHigh_Individual:11,0.51064,0.3494,0.44545,0.61905,0.43421,0.30488,0.32353,0.48649,0.67742,0.47826,0.55102,1.0,0.09476
NDMCDarkApoHigh_Individual:37,0.42623,0.7,0.37762,0.31507,0.66667,0,0,0.36308,0.5452,0.49533,0.70775,0.77238,0.65049
NDMCDarkApoHigh_Individual:36,0.4375,0.35032,0.41418,0.39286,0.40796,0.32867,0.33488,0.38264,0.36364,0.36111,0.51648,0.47802,0.4
NDMCDarkApoHigh_Individual:5;,0.36752,0.72973,0.40964,0.40764,0.46544,0.45048,0.46288,0.36981,0.55495,0.56701,0.58209,0.64706,0.68391
NDMCDarkApoHigh_Individual:9;,0.40741,0.4,0.46032,0.28205,0.5817,0.65823,0.4381,0.36165,0.44318,0.44211,0.58772,0.70323,0.75
NDMCDarkApoHigh_Individual:31,0.25806,0.28571,0.41935,0,0,0,0.3871,0.31515,0.34043,0.4693,0.51304,1.0,0.05122
NDMCDarkApoHigh_Individual:30,0.66667,0,0.20272,0.72727,0.5,0.93939,0.68421,0.52174,0.47639,0.46875,0.60784,0.83453,0.69524
NDMCDarkApoHigh_Individual:1;,0.44295,0.36364,0.6,0.80882,0.5625,0.42857,0.74627,0.384,0.50243,0.48742,0.60065,0.57143,0.60177
NDMCDarkApoHigh_Individual:19,0.37037,0.43564,0.44601,0.44262,0.56442,0.66337,0.69099,0.76508,0.80606,0.74057,0.78261,0.90909,0.0
NDMCDarkApoHigh_Individual:18,0.33333,0.66667,1.0,0.91155,0.08445,0.40708,0.4717,0.51515,0.70819,0.73263,0.85119,0.88728,0.82677
NDMCDarkApoHigh_Individual:39,0.42268,0.2,0,0,0,0,1.0,0,0.48214,0.49582,0.56471,0.55385,0.55639
NDMCDarkApoHigh_Individual:33,0.27957,0.6383,0.41667,0.40212,0.49495,0.35793,0.38095,0.40244,0.47445,0.49398,0.69173,0.75342,0.72222
NDMCDarkApoHigh_Individual:3;,0.5122,0.92857,0.80488,0.63014,0.42963,0.52094,0.51261,0.49871,0.55109,0.73006,0.78333,0.68421,0.77551
NDMCDarkApoHigh_Individual:32,0.94872,0.66667,0,0.04132,0.04384,0.07143,0.62162,0.66667,0.35714,0,0.41566,0.37226,0.52066
NDMCDarkApoHigh_Individual:13,0.18519,0.51515,0.48246,0.47471,0.5,0.40863,0.3808,0.33495,0.35452,0.49479,0.50282,0.46907,0.65347
NDMCDarkApoHigh_Individual:12,0.52174,0.71875,0.5,0.7193,0.37398,0.32624,0.46008,0.59091,0.62778,0.59195,0.6,0.59412,0.79545
NDMCDarkApoHigh_Individual:7;,0.71429,0.43333,0.45528,0.46667,0.33333,0.43056,0,0.62963,0.93333,0.66901,0.75697,0.78873,0.58824
NDMCDarkApoHigh_Individual:10,0.49,0.38068,0.5285,0.55967,0.54082,0.38889,0.57534,0.39048,0.48387,0.60638,0.44,0.75,1.0
NDMCDarkApoHigh_Individual:17,0.37778,1.0,0,0,0.0,0.35938,0.26667,0.3871,0.57396,0.78528,0.77652,0.73171,0.69091
NDMCDarkApoHigh_Individual:16,0.27586,0.5,0.4625,0.30864,0.36877,0.39234,0.69767,0.71886,0.67526,0.72893,0.70812,0.53623,0.58522
NDMCDarkApoHigh_Individual:15,0.47475,0.46288,0.56436,0.45758,0.45564,0.55616,0.34146,0.5859,0.71053,0.59155,0.63265,0.72727,0.04798
NDMCDarkApoHigh_Individual:14,0.30435,0.6087,0.39881,0.46591,0.63158,0.36673,0.44015,0.34715,0.35749,0.35342,0.43373,0.50781,0.56757
NDMCHighDarkApoHigh_Individual:8;,0.38953,0.41365,0.55307,0.51903,0.53939,0.74074,0.77982,0.76617,0.71831,0.70408,0.82407,0.85443,0.77391
NDMCHighDarkApoHigh_Individual:48,0.63158,0.82249,0.55987,0.47222,0.50708,0.55836,0.55328,0.57339,0.80851,0.76378,0.87975,0.75591,0.93939
NDMCHighDarkApoHigh_Individual:4;,0.88393,0.90476,0.90385,0.88679,0.90196,1.0,1.0,0.96875,1.0,1.0,0.77273,0.97872,0.68421
NDMCHighDarkApoHigh_Individual:40,0.83784,0.99524,0.79348,0.75655,0.76699,0.70748,0.71429,0.60458,0.64659,0.75,0.68317,0.92361,0.91948
NDMCHighDarkApoHigh_Individual:41,0.5119,0.44086,0.4037,0.50171,0.37321,0.45408,0.55122,0.50417,0.61569,0.6793,0.64035,0.68085,0.73669
NDMCHighDarkApoHigh_Individual:42,0.53846,0.52256,0.51012,0.43343,0.42857,0.59184,0.42612,0.43827,0.47783,0.76636,0.58511,0.5087,0.54248
NDMCHighDarkApoHigh_Individual:43,0.59259,0,1.0,0.45029,0.37821,0.59574,0.63986,0.76316,0.88793,0.89655,0.94737,0.92958,0.73333
NDMCHighDarkApoHigh_Individual:44,0.69,0.72464,0.4713,0.44776,0.49248,0.5587,0.52787,0.48,0.55102,0.68681,0.66867,0.71186,0.99281
NDMCHighDarkApoHigh_Individual:45,0.73973,0.73077,1.0,0.38796,0.06064,0.76303,0.40833,0.49662,0.60081,0.59756,0.87629,0.78571,0.98113
NDMCHighDarkApoHigh_Individual:46,0.88235,0.856,0.51163,0.43626,0.61386,0.59247,0.47464,0.65861,0.72294,0.80537,0.51969,0.85165,0.91892
NDMCHighDarkApoHigh_Individual:47,0.85714,0.5545,0.49175,0.61486,0.52927,0.75787,0.5941,0.70398,0.66575,0.66109,0.82927,0.76101,0.82653
NDMCHighDarkApoHigh_Individual:2;,0.57143,0.75,0.8839,0.81395,0.90672,0.90984,0.92857,1.0,0.87013,1.0,0.66667,0.43182,0
NDMCHighDarkApoHigh_Individual:28,0.65909,0.73109,0.72996,0.75723,0.7602,0.7931,0.65468,0.66923,0.65778,0.77447,0.77397,0.711,0.77033
NDMCHighDarkApoHigh_Individual:29,0.51923,0.62295,0.63415,0.61244,0.56092,0.72189,0.6395,0.78309,0.78512,0.85115,0.63043,0.7037,1.0
NDMCHighDarkApoHigh_Individual:26,0.84571,0.76515,0.90244,0.88129,0.75107,0.79358,0.60417,0.68534,0.808,0.83036,0.91139,0.82759,0.94118
NDMCHighDarkApoHigh_Individual:6;,0.57651,0.766,0.70573,0.73227,0.65885,0.71033,0.79675,0.71374,0.65789,0.73413,0.70149,0.74157,0.86538
NDMCHighDarkApoHigh_Individual:24,0.71616,0.83942,0.6748,0.56303,0.39907,0.50556,0.51989,0.64684,0.64815,0.72109,0.69112,0.56774,0.69492
NDMCHighDarkApoHigh_Individual:25,0.65049,0.79126,0.75652,0.7764,0.85354,0.72727,0.72269,0.84407,0.87013,0.86905,0.90909,0.90909,0.80952
NDMCHighDarkApoHigh_Individual:22,0.81457,0.73214,0.50929,0.54192,0.47619,0.54958,0.51,0.66376,0.7012,0.84404,0.7395,0.83071,0.79679
NDMCHighDarkApoHigh_Individual:23,0.75373,0.84783,0.91209,0.75362,0.51508,0.45905,0.52019,0.40867,0.53582,0.58933,0.66549,0.67568,0.71474
NDMCHighDarkApoHigh_Individual:20,0.86,0.58696,0.41812,0,0.45642,0.51643,0.49289,0.59846,0.67729,0.72794,0.69912,0.66169,0.78924
NDMCHighDarkApoHigh_Individual:21,0.82759,0.62609,0.56452,0.59226,0.58774,0.64387,0.61027,0.69434,0.67778,0.76384,0.77315,0.83721,0.6686
NDMCHighDarkApoHigh_Individual:34,0.63968,0.73292,0.80508,0.82383,0.87863,0.94628,0.97046,0.97222,0.98529,1.0,0,0,0.33333
NDMCHighDarkApoHigh_Individual:38,0.52893,0.49268,0.54826,0.61189,0.55305,0.55472,0.67262,0.86667,0.85443,0.77679,0.7767,0.82895,0.79167
NDMCHighDarkApoHigh_Individual:35,0.53403,0.54369,0.71429,0.84332,0.96018,0.82743,0.76382,0.7,0.55263,0.75472,0.95933,0.9085,0.93282
NDMCHighDarkApoHigh_Individual:27,0.84615,0.93103,0.875,0.7807,0.69307,0.83838,0.95652,0.96825,0.83168,0.82243,0.85321,0.89333,0.96899
NDMCHighDarkApoHigh_Individual:11,0.44615,0.50199,0.44966,0.74208,0.65054,0.59623,0.7774,0.79032,0.72851,0.6573,0.83019,0.67969,0.84615
NDMCHighDarkApoHigh_Individual:37,0.53909,0.43939,0.46595,0.44089,0.4507,0.64444,0.79137,0.75,0.81553,0.80292,0.89266,0.91489,0.81081
NDMCHighDarkApoHigh_Individual:36,0.54706,0.496,0.48908,0.51935,0.57219,0.5748,0.60632,0.70813,0.72797,0.77206,0.77778,0.74011,0.79444
NDMCHighDarkApoHigh_Individual:5;,0.64378,0.64706,0.60902,0.70115,0.62366,0.76966,0.73653,0.87975,0.93103,1.0,0.99138,1.0,1.0
NDMCHighDarkApoHigh_Individual:9;,0.51532,0.58611,0.55583,0.53186,0.41613,0.58787,0.57143,0.45205,0.57325,0.52609,0.66942,1.0,0.93333
NDMCHighDarkApoHigh_Individual:31,0.42063,0.58986,0.48069,0.49027,0.44014,0.58042,0.61049,0.72137,0.80723,0.8453,0.83673,0.96154,0.78788
NDMCHighDarkApoHigh_Individual:30,0.58108,0.65176,0.6623,0.7019,0.65965,0.78313,0.88832,0.88732,0.93382,0.96933,0.95902,1.0,1.0
NDMCHighDarkApoHigh_Individual:1;,0.65789,0.71318,0.71034,0.64465,0.67176,0.66953,0.65015,0.70937,0.76145,0.6383,0.85333,0.88511,0.87688
NDMCHighDarkApoHigh_Individual:19,0.71084,0.825,0.59565,0.47348,0.52149,0.56333,0.56398,0.49145,0.57895,0.88095,0.67722,0.69091,0.70157
NDMCHighDarkApoHigh_Individual:18,0.48128,0.47234,0.525,0.54911,0.57658,0.54167,0.54645,0.8022,0.76866,0.90533,0.7972,0.6506,0.85955
NDMCHighDarkApoHigh_Individual:39,0.61644,0.53759,0.51733,0.52812,0.65217,0.61493,0.71864,0.9103,0.90845,0.8785,0.85503,0.82222,0.74834
NDMCHighDarkApoHigh_Individual:33,0.51613,0.51786,0.61215,0.688,0.55869,0.70445,0.70423,0.72944,0.76259,0.74272,0.88384,0.93646,0.9317
NDMCHighDarkApoHigh_Individual:3;,0.55229,0.45638,0.48339,0.49495,0.46581,0.65637,0.65217,0.62981,0.60452,0.65854,0.6875,0.84942,0.80969
NDMCHighDarkApoHigh_Individual:32,0.57917,0.58416,0.6994,0.73925,0.76692,0.71498,0.82317,0.91589,0.95455,0.95105,0.96875,1.0,0.78947
NDMCHighDarkApoHigh_Individual:13,0.68235,0.91667,0.64167,0.66443,0.78431,0.81029,0.72449,0.55159,0.6383,0.71498,0.92941,0.94231,0.96175
NDMCHighDarkApoHigh_Individual:12,0.58378,0.55587,0.44444,0.56875,0.52535,0.6338,0.67544,0.75269,0.75,0.69421,0.68528,0.80711,0.83832
NDMCHighDarkApoHigh_Individual:7;,0.52361,0.51515,0.55452,0.56379,0.55125,0.59547,0.63717,0.80184,0.8945,0.87342,0.89552,0.80147,0.86364
NDMCHighDarkApoHigh_Individual:10,0.50662,0.60621,0.5995,0.61961,0.62982,0.669,0.79426,0.82005,0.86268,0.86822,0.81579,0.95745,0.875
NDMCHighDarkApoHigh_Individual:17,0.9,0.62821,0.50133,0.68984,0.55245,0.55405,0.57062,0.68116,0.77941,0.92361,0.91379,0.85387,0.80042
NDMCHighDarkApoHigh_Individual:16,0.70391,0.89623,0.78061,0.82773,0.91057,0.75,0.60681,0.50822,0.55972,0.48649,0.53785,0.65094,0.69027
NDMCHighDarkApoHigh_Individual:15,0.70492,0.73394,0.76087,0.63507,0.6446,0.55973,0.52431,0.54044,0.56913,0.62344,0.60345,0.81333,0.85433
NDMCHighDarkApoHigh_Individual:14,0.52174,0.56215,0.57949,0.6338,0.63462,0.60569,0.75962,0.83799,0.83708,0.75373,0.8,0.83505,0.68519
OSU6162DarkApoHigh_Individual:8;,0.41667,0.37925,0.32759,0.37705,0.52174,0.62121,0.67143,0.66667,0.34783,0.5398,0,1.0,1.0
OSU6162DarkApoHigh_Individual:48,0.31542,0.31116,0.34012,0.40865,0.42857,0.57143,0.56489,0.68421,0.75,0,0,0.16836,0.16067
OSU6162DarkApoHigh_Individual:4;,0.46465,0.45082,0.35583,0.67547,0.68652,0.72086,0.53125,0.88889,0,1.0,0.03704,0,0
OSU6162DarkApoHigh_Individual:40,0.39744,0.3551,0.41791,0.63314,0.56481,0.8,0.8972,1.0,0.71429,1.0,0,0.07384,0.2
OSU6162DarkApoHigh_Individual:41,0.38889,0.36406,0.6,1.0,0.15133,0.28328,0.41558,0.46715,0.48649,0.88995,0.89114,0.84,1.0
OSU6162DarkApoHigh_Individual:42,0.41961,0.36404,0.44501,0.50565,0.58298,0.65972,0.68,0.625,0.2626,0,0.08627,0.94118,0
OSU6162DarkApoHigh_Individual:43,0.43949,0.42254,0.39677,0.30469,0.44463,0.64229,0.73058,0.79129,0.56972,0.63934,0.75,1.0,1.0
OSU6162DarkApoHigh_Individual:44,0.48375,0.37374,1.0,0.16667,0.4,0,0.41111,0.37549,0.82759,0.94792,0.85635,0.7,0
OSU6162DarkApoHigh_Individual:45,0.50485,0.64286,0.56716,0.6963,0.50704,0.8,0.89005,0.9497,0.95556,0.64667,0.70588,0.47917,0.0
OSU6162DarkApoHigh_Individual:46,0.37838,0.36464,0.232,0.3937,0.44444,0.50633,0.57325,0.51145,0.66055,0.425,1.0,0.88406,0
OSU6162DarkApoHigh_Individual:47,0.4717,0.59494,0.44082,0.42273,0.70192,0.71296,0.6722,0.8,0.68657,0.71429,0.62069,1.0,1.0
OSU6162DarkApoHigh_Individual:2;,0.64444,0.5102,0.82258,0.68919,0.92593,0.83871,0.25,0.84774,0.63352,0.78261,0.89202,0.87173,0.89189
OSU6162DarkApoHigh_Individual:28,0.53947,0.38674,0.40107,0.80198,0.79174,0.74629,0.69978,0.66901,0.90769,0.41667,1.0,1.0,0
OSU6162DarkApoHigh_Individual:29,0.49097,0.52381,0.83636,0.86364,0.6383,0.34783,0.59824,0.68085,0.74131,0.71856,0.62687,0.65517,1.0
OSU6162DarkApoHigh_Individual:26,0.40952,0.38129,0.47368,0.42197,0.61386,0.45833,0.51136,0.53125,0.62222,0.72727,0.81818,1.0,1.0
OSU6162DarkApoHigh_Individual:6;,0.42947,0.31449,0.34237,0.47291,0.58784,0.85455,0.68023,0.51709,0.59873,0.74336,0.675,0,0.13375
OSU6162DarkApoHigh_Individual:24,0.40323,0.39817,0.4359,0.56555,0.57143,0.7006,0.86207,0.37931,0.06581,1.0,1.0,0.8253,1.0
OSU6162DarkApoHigh_Individual:25,0.51724,0.55385,0.41509,0.50909,0.62312,0.81982,0.68362,0.7,0.85714,0.17945,0.0584,0.06225,0.05949
OSU6162DarkApoHigh_Individual:22,0.44785,0.55046,0.5641,0.78415,0.69844,0.72727,0.54839,0.63291,0.54015,0.65957,0.9375,1.0,1.0
OSU6162DarkApoHigh_Individual:23,0.49412,0.46043,0.5198,0.5303,0.48387,1.0,1.0,0.05645,1.0,0.05299,0.05072,0.46165,0.08075
OSU6162DarkApoHigh_Individual:20,0.45588,0.46479,0.42714,0.39855,0.42722,0.52817,0.5102,0.64228,0.77037,1.0,1.0,1.0,0.2074
OSU6162DarkApoHigh_Individual:21,0.42587,0.35028,1.0,0,0.43787,0.37383,0.3668,0.54924,0.51235,0.51592,0.56522,1.0,0.57416
OSU6162DarkApoHigh_Individual:34,0.37563,0.36517,0.37003,0.29873,0.57402,0.5251,0.44976,0.48113,0.52308,1.0,1.0,1.0,1.0
OSU6162DarkApoHigh_Individual:38,0.59596,0.575,0.70068,0.65517,0.61265,0.5274,0.7573,0.60638,0.77619,0.90196,0.68,0.81818,0
OSU6162DarkApoHigh_Individual:35,0.34375,0.52542,0.49606,0.51404,0.70843,0.614,0.63246,0.65625,0.46154,0.53465,0.56452,0.42857,0.49708
OSU6162DarkApoHigh_Individual:27,0.5137,0.42398,0.53629,0.61751,0.70349,0.68519,0.67045,0,0,1.0,1.0,0.23,0.42142
OSU6162DarkApoHigh_Individual:11,0.4712,0.63333,0.60163,0.42202,0.36364,0.5947,0.67615,0.68715,0.8617,0.85586,0.78378,0.70732,0.66667
OSU6162DarkApoHigh_Individual:37,0.5808,0.62637,0.77778,0.5931,0.6701,0.47573,0.49457,0.50667,0.58663,0.73556,0.64752,0.67539,0.6
OSU6162DarkApoHigh_Individual:36,0.3617,0.42336,0.30539,0.82886,0.59193,0.87079,0.81707,0.88123,0.81395,0.8,0.06955,0.07039,0
OSU6162DarkApoHigh_Individual:5;,0.59596,0,0.87273,0.54183,0.78146,0.83571,0.68806,0.70968,0.58586,0.51613,0.6,0,0.06341
OSU6162DarkApoHigh_Individual:9;,0.43027,0.35135,0.46465,0.49554,0.4791,0.55367,0.70149,0.7,0,0.18644,0.057,0.05349,0.0549
OSU6162DarkApoHigh_Individual:31,0.35926,0.26171,0.31618,0.57785,0.65591,0.72986,0.56911,0.625,0.5,0.04674,0,0.0805,0.04742
OSU6162DarkApoHigh_Individual:30,0.43636,0.38914,0.41126,0.45098,0.54545,0.78,0.65891,0.71429,1.0,0.21029,0.8075,0.27468,0.65429
OSU6162DarkApoHigh_Individual:1;,0.49174,0.46254,0.40654,0.47337,0.58943,0.52174,0.62821,0.48889,0,0,1.0,0.36519,0.11675
OSU6162DarkApoHigh_Individual:19,0.44917,0.40458,0.36585,0.44133,0.39084,0.47518,0.71233,0.51572,0.52632,0.56028,0.70048,0.5,0.09542
OSU6162DarkApoHigh_Individual:18,0.39615,0.39792,0.32536,0.28358,0.544,0.74302,0.77485,0.77,0.875,1.0,0.3395,1.0,1.0
OSU6162DarkApoHigh_Individual:39,0.44257,0.54444,0.5099,0.58667,0.36364,0.42857,0.34694,0.41538,0.80431,0.84217,0.83283,0.81071,0.76316
OSU6162DarkApoHigh_Individual:33,0.33146,0.31408,0.43003,0.52009,0.58209,0.6755,0.70748,0.37705,0.6,1.0,1.0,1.0,1.0
OSU6162DarkApoHigh_Individual:3;,0.51502,0.44554,0.60714,0.31746,0.37692,0.42532,0.59149,0.53241,0.75581,0.62987,0.40909,0.46465,0.35185
OSU6162DarkApoHigh_Individual:32,0.47183,0.46552,0.58883,0.47899,0.66996,0.59395,0.76016,0.91792,0.6,0.30952,0.41667,0.48,1.0
OSU6162DarkApoHigh_Individual:13,0.45781,0.35093,0.60145,0.701,0.88,0.98276,0.69231,0.54839,0,0.13393,0.13947,0.05111,0
OSU6162DarkApoHigh_Individual:12,0.46847,0.53488,0.39686,0.40314,0.31977,0.4898,0.65238,0.79048,0.53376,0.51613,0.43396,0.75,0
OSU6162DarkApoHigh_Individual:7;,0.51613,0.38558,0.36911,0.35264,0.43309,0.51634,0.42775,0.59649,0.60714,1.0,1.0,1.0,0.99507
OSU6162DarkApoHigh_Individual:10,0.34824,0.5931,0.8375,0.5,0,0.39161,0.41114,0.37982,0.38621,0.44792,0.53061,1.0,0.05171
OSU6162DarkApoHigh_Individual:17,0.52069,0.47093,0.61572,0.41113,0.5,0.66739,0.6875,0.59667,0.58385,0.67647,1.0,0.09182,0.06602
OSU6162DarkApoHigh_Individual:16,0.36559,0.40054,0.45872,0.59609,0.53704,0.88889,0.54167,0,0,0.05025,0.0486,0.04134,0.04731
OSU6162DarkApoHigh_Individual:15,0.51342,0.47126,0.64975,0.57143,0.4321,0.74627,0.5,1.0,0,0.04313,0.05338,0.11653,0.05495
OSU6162DarkApoHigh_Individual:14,0.61607,0.40146,0.33333,0.3406,0.3705,0.47847,0.62431,0.64516,0,0,1.0,1.0,1.0
PCAP1DarkApoHigh_Individual:8;,0.7234,0.04047,0.0,0.41429,0.37674,0.32692,0.19012,0.43534,0.48848,0.61905,0.98485,0.95745,0.95775
PCAP1DarkApoHigh_Individual:48,0.40323,0.36842,0.38908,0.40179,0.49415,0.50189,0.67429,0.7663,0.77674,0.68276,0.45946,0.76471,0.5
PCAP1DarkApoHigh_Individual:4;,0.8797,0.91558,0.94805,0.94697,0.97619,0.9939,0.52459,0.50376,0.50407,0.68132,0.73239,0.90821,0.92035
PCAP1DarkApoHigh_Individual:40,0.7234,0.73077,0.41818,0.44843,0.57143,0.30612,0.38136,0.74928,0.72937,0.59375,0.78261,0.69323,0.73799
PCAP1DarkApoHigh_Individual:41,0.88112,0.87075,0.52663,0.52347,0.70726,0.76563,0.66667,0.74519,0.76893,0.79894,0.78995,0.405,0.93182
PCAP1DarkApoHigh_Individual:42,0.59574,0.31579,0.42857,0.47059,0.58333,0.34746,0.50882,0.60714,0.73333,0.71111,0.61972,0.87879,0.91304
PCAP1DarkApoHigh_Individual:43,0.2,0,0,0.99254,0.72727,0.42157,0.40476,0.30357,0.40997,0.70464,0.83247,0.90909,0.88889
PCAP1DarkApoHigh_Individual:44,0.46512,0.69388,0.54676,0.38164,0.31833,0.46479,0.53333,0.42149,0.51603,0.62844,0.80172,0.75,0.75362
PCAP1DarkApoHigh_Individual:45,0.4,0.28302,0.3066,0.24055,0.26222,0.36073,0.49315,0.7033,0.68657,0.52174,0.5,0.35714,0.9
PCAP1DarkApoHigh_Individual:46,0.66421,0.33129,0.39698,0.33333,0.35484,0.19512,0.28302,0.23158,0.33613,0.49367,0.39024,0.53488,0.61538
PCAP1DarkApoHigh_Individual:47,0.46154,0.97059,0.57895,0.5,0.38278,0.30804,0.39801,0.58602,0.72917,0.63462,0.58483,0.67416,0.625
PCAP1DarkApoHigh_Individual:2;,0.65,0.83838,0.67816,0.64641,0.67712,0.49716,0.52189,0.74348,0.60177,0.65641,0.63953,0.55495,0.66667
PCAP1DarkApoHigh_Individual:28,0.78667,0.8046,0.54472,0.70504,0.5694,0.36364,0.47761,0.65263,0.77519,0.79592,0.91045,0.76923,0.80597
PCAP1DarkApoHigh_Individual:29,0.79167,0.93162,0.91215,0.63272,0.78142,0.83673,0.58462,0.66667,0.06045,0.55882,0.46405,0.53917,0.76037
PCAP1DarkApoHigh_Individual:26,0.65772,0.86061,0.61538,0.48295,0.4881,0.58904,0.53558,0.73477,0.70679,0.57482,0.81967,0.60705,0.59914
PCAP1DarkApoHigh_Individual:6;,0.81616,0.80894,0.78395,0.60185,0.71827,0.53191,0.66359,0.52538,0.61846,0.6059,0.5523,0.39259,0.60661
PCAP1DarkApoHigh_Individual:24,0.59322,0.61682,0.60127,0.41502,0.38849,0.59104,0.66582,0.89116,0.89113,0.75172,0.68824,0.56322,0.77632
PCAP1DarkApoHigh_Individual:25,0.65517,0.57627,0.62411,0.56342,0.57143,0.41445,0.58578,0.49702,0.50485,0.48235,0.68605,0.81132,0.7766
PCAP1DarkApoHigh_Individual:22,0.58442,0.24016,0.3,0.39184,0.48374,0.65766,0.83684,0.69697,0.73529,1.0,0.3,0.45455,0.625
PCAP1DarkApoHigh_Individual:23,0.66935,0.49515,0.3463,0.44737,0.50842,0.46914,0.51111,0.51807,0.59193,0.80515,0.77734,0.69725,0.83957
PCAP1DarkApoHigh_Individual:20,0.6,0.58333,0.4087,0.275,0.29032,0.1938,0.29204,0.36879,0.36937,0.44531,0.48469,0.44118,0.5375
PCAP1DarkApoHigh_Individual:21,0.35185,0.49153,0.38931,0.35294,0.31361,0.28824,0.31132,0.32044,0.41071,0.51095,0.67391,0.76531,0.68889
PCAP1DarkApoHigh_Individual:34,0.24051,0.25,0.42254,0.39338,0.53814,0.54974,0.35055,0.48601,0.37054,0.42105,0.63253,0.78912,0.74227
PCAP1DarkApoHigh_Individual:38,0.45455,0.42857,0.50758,0.43636,0.36802,0.35949,0.50951,0.68652,0.55425,0.67509,0.932,0.89241,0.82833
PCAP1DarkApoHigh_Individual:35,0.71875,0.7069,0.53642,0.28159,0.34365,0.4137,0.54853,0.72748,0.8451,0.89597,0.87908,0.86992,0.85185
PCAP1DarkApoHigh_Individual:27,0.73034,0.93675,0,0.97326,0.98969,0.70313,0.60705,0.53481,0.93289,0.77833,0.54545,1.0,0
PCAP1DarkApoHigh_Individual:11,0.81773,0.66667,0.68321,0.40809,0.37752,0.45349,0.57658,0.59707,0.77273,0.85276,0.77778,0.90496,0.9
PCAP1DarkApoHigh_Individual:37,0.55102,0.49438,0.5514,0.42342,0.4519,0.47126,0.52209,0.49065,0.51786,0.61538,0.74648,0.73333,0.80769
PCAP1DarkApoHigh_Individual:36,0.67376,0.77564,0.65248,0.46196,0.56863,0.5,0.47692,0.61146,0.82949,0.83521,0.89558,0.82424,0.7963
PCAP1DarkApoHigh_Individual:5;,0.63874,0.76596,0.62927,0.72428,0.61972,0.69892,0.54015,0.71671,0.82286,0.71875,0.64583,0.70115,0.89506
PCAP1DarkApoHigh_Individual:9;,0.78814,0.51961,0.50698,0.39024,0.37959,0.22857,1.0,0.46018,0.46125,0.72492,0.7093,0.7205,0.76642
PCAP1DarkApoHigh_Individual:31,0.68254,0.62264,0.50833,0.56452,0.7,0.55102,0.05165,0.53333,0.51226,0.46,0.79556,0.83824,1.0
PCAP1DarkApoHigh_Individual:30,0.6422,0.86782,0,0,0,0.72851,0.55502,0.49789,0.7439,0.51482,0.70098,0.96591,1.0
PCAP1DarkApoHigh_Individual:1;,0.82237,0.9569,0.80874,0.64609,0.86486,0.87083,0.86577,0.63636,0.66497,0.82591,0.91667,0.8472,0.40171
PCAP1DarkApoHigh_Individual:19,0.58015,0.81579,0.04073,0.43169,0.37602,0.44397,0.45847,0.52486,0.72222,0.81333,0.80769,0.66667,0.71951
PCAP1DarkApoHigh_Individual:18,0.43396,0.47059,0.32584,0.46296,0.32129,0.37795,0.59031,0.65916,0.7605,0.87465,0.89206,0.77604,0.81967
PCAP1DarkApoHigh_Individual:39,0.8,0.27439,0.28571,0.2766,0.39888,0.52239,0.36585,1.0,0.33784,1.0,0.51456,0.71429,0.52703
PCAP1DarkApoHigh_Individual:33,0.40741,0.50752,0.34286,0.2,0.30542,0.35747,0.33514,0.57792,0.60274,0.86713,0.6973,0.45161,0.64234
PCAP1DarkApoHigh_Individual:3;,0.59176,0.78571,0.89286,0.54737,0.71429,0.51714,0.57064,0.56923,0.63669,0.76923,0.80789,0.73115,0.6016
PCAP1DarkApoHigh_Individual:32,0.67939,0.64384,0.63804,0.47962,0.43642,0.3622,0.3786,0.33155,0.28667,0.37778,0.72222,0.69231,1.0
PCAP1DarkApoHigh_Individual:13,0.62016,0.64063,0.61702,0.6157,0.50704,0.55186,0.52259,0.49477,0.48558,0.71171,0.43902,0.41176,0.41304
PCAP1DarkApoHigh_Individual:12,0.88085,0.79152,0.68799,0.46626,0.4898,0.44604,0.46371,0.45455,0.54146,0.52632,0.58861,0.79255,0.8178
PCAP1DarkApoHigh_Individual:7;,0.33333,0,0.06679,0.04453,0.5,0.35676,0.53061,0.06104,0.05211,0.04016,0.76,0.59854,0.85714
PCAP1DarkApoHigh_Individual:10,0.80303,0.80114,0.76812,0.67085,0.68079,0.32192,0.43158,0.63883,0.57639,0.75,0.79167,0.70968,0.93939
PCAP1DarkApoHigh_Individual:17,0.76056,0.86416,0.95169,0.73633,0.56388,0.38268,0.43968,0.40824,0.6,0.66667,0.72381,0.68649,0.81667
PCAP1DarkApoHigh_Individual:16,0.65306,0.70526,0.63975,0.62857,0.55378,0.4375,0.26923,0.48837,0.74725,0.44162,0.57143,0.5375,0.65644
PCAP1DarkApoHigh_Individual:15,0.59459,0.65657,0.48092,0.36364,0.41778,0.44882,0.47857,0.70408,0.51477,0.5942,0.81818,0,0.65625
PCAP1DarkApoHigh_Individual:14,0.56911,0.79452,0.66327,0.35294,0.40611,0.36278,0.56022,0.66284,0.76786,0.83851,0.83333,0.8,0.81633
PCAP2DarkApoHigh_Individual:8;,0.80822,0.45149,0.4252,0.38483,0.42053,0.36986,0.41057,0.4532,0.26897,0.52601,0.52683,0.52222,0.62366
PCAP2DarkApoHigh_Individual:48,0.2,0.15018,0.17834,0.11176,0.19286,0.22993,0.43049,0.6872,0.50267,0.7027,0.41667,0.44615,0.65909
PCAP2DarkApoHigh_Individual:4;,0.59036,0.92391,0.89524,0.91045,0.81081,0.84615,0.95918,0.52672,0.58357,0.73721,0.7327,0.80713,0.82983
PCAP2DarkApoHigh_Individual:40,0.54922,0.51489,0.67451,0.52182,0.52315,0.74194,0.66084,0.73671,0.744,0.63134,0.63485,0.5,0.69767
PCAP2DarkApoHigh_Individual:41,0.85542,0.79039,0.7541,0.72081,0.61932,0.65505,0.52312,0.56277,0.56522,0.59756,0.71429,0.5302,0.42708
PCAP2DarkApoHigh_Individual:42,0.30769,0.71765,0.616,0.56322,0.55172,0.4186,0.51563,0.82524,0.75676,0.89474,0.91579,0.87692,0.70667
PCAP2DarkApoHigh_Individual:43,0.65138,0.83077,0.7193,0.44755,0.40928,0.4715,0.51746,0.44156,0.48352,0.83688,0.56061,0.85345,0.86145
PCAP2DarkApoHigh_Individual:44,0.31401,0.26423,0.28509,0.46222,0.47768,0.43204,0.47222,0.77778,0.78947,0.04571,0.56452,0.70588,0.55556
PCAP2DarkApoHigh_Individual:45,0.68627,0.44503,0.34459,1.0,1.0,0.38889,0.40179,0.28696,0.69841,0.88048,0.89247,0.7682,0.7722
PCAP2DarkApoHigh_Individual:46,0.48889,0.37198,0.49065,0.48387,0.34459,0.25843,0.43056,0.57143,0.45283,0.80769,0.88889,0.10597,0
PCAP2DarkApoHigh_Individual:47,0.14286,0.32673,0.28826,0.24551,0.43158,0.32895,0.44737,0.35833,0.40667,0.42683,0.34932,0.79803,0.76
PCAP2DarkApoHigh_Individual:2;,0.35404,0.39496,0.56693,0.5625,0.48624,0.5069,0.63139,0.74328,0.80903,0.77615,0.80623,0.78957,0.68896
PCAP2DarkApoHigh_Individual:28,0.50323,0.60606,0.64205,0.66667,0.69084,0.5042,0.57079,0.62842,0.63369,0.70943,0.69029,0.71535,0.79284
PCAP2DarkApoHigh_Individual:29,0.51613,0.68208,0.87251,0.90672,0.86641,0.66667,0.56329,0.54953,0.49025,0.70856,0.79814,0.80876,0.80168
PCAP2DarkApoHigh_Individual:26,0.7574,0.8169,0.71717,0.74346,0.85897,0.8254,0.90086,0.83399,0.60513,0.62759,0.51613,0.79399,0.65306
PCAP2DarkApoHigh_Individual:6;,0.58621,0.5082,0.55882,0.50505,0.66667,0.4375,0.44481,0.47368,0.58788,0.65868,0.61648,0.5092,0.56693
PCAP2DarkApoHigh_Individual:24,0.3871,0.37363,0.35385,0.37563,0.33144,0.43836,0.33835,0.24581,0.2807,0.53125,0.57377,0.42857,0.55705
PCAP2DarkApoHigh_Individual:25,0.575,0.5,0.48855,0.77966,0.97826,0.57258,0.60241,0.74797,0.6063,0.66857,0.78873,0.55,0.7619
PCAP2DarkApoHigh_Individual:22,0.30769,0,0.45902,0.51948,0.41489,0.30137,0.42424,0.4186,0.36,0.27143,0.375,0.39583,0.33766
PCAP2DarkApoHigh_Individual:23,0.4,0.51639,0.31488,0.24407,0.2618,0.22899,0.34221,0.50829,0.57447,0.37008,0.56589,0.49153,0.80952
PCAP2DarkApoHigh_Individual:20,0.24506,0.22511,0.25333,0.39189,0.3452,0.51154,0.42623,0.39157,0.63889,0.57895,0.55263,0.82692,0.85294
PCAP2DarkApoHigh_Individual:21,0.375,0.225,0.57377,0.59048,0.42021,0.53976,0.5061,0.51786,0.53356,0.53898,0.5311,0.54144,0.75641
PCAP2DarkApoHigh_Individual:34,0.8794,0.66044,0.47191,0.89814,0.68317,0.44741,0.64579,0.82759,0.90221,0.94113,0.97805,0.94545,0.75
PCAP2DarkApoHigh_Individual:38,0.69976,0.66256,0.5914,0.77586,0.51042,0.48358,0.52,0.70878,0.82086,0.76238,0.8114,0.88567,0.79461
PCAP2DarkApoHigh_Individual:35,0.61594,0.65079,0.78884,0.71149,0.83824,0.8449,0.88742,0.82787,0.69718,0.43992,0.53176,0.5596,0.61176
PCAP2DarkApoHigh_Individual:27,0.74576,0.79694,0.81913,0.8267,0.82367,0.71656,0.6224,0.6298,0.64326,0.81232,0.84906,0.86158,0.80081
PCAP2DarkApoHigh_Individual:11,0.68898,0.85879,0.96296,0.96133,0.98319,1.0,0.9927,0.93413,0.95062,0.47253,0.82253,0.74352,0.73247
PCAP2DarkApoHigh_Individual:37,0.82576,0.79525,0.81339,0.49057,0.57907,0.53465,0.7197,0.7973,0.8,0.76623,0.86607,0.87342,0.84314
PCAP2DarkApoHigh_Individual:36,0.93333,0.98969,0.87692,0.97333,1.0,1.0,1.0,0.86111,0.88372,0.60694,0.78261,0.64599,0.6805
PCAP2DarkApoHigh_Individual:5;,0.64103,0.71154,0.47273,0.42735,0.73077,0.85841,0.65714,0.6474,0.45597,0.46667,0.48772,0.6875,0.77933
PCAP2DarkApoHigh_Individual:9;,0.39711,0.31818,0.33504,0.31643,0.4104,0.50549,0.54425,0.56786,0.49741,0.57322,0.52486,0.58621,0.72222
PCAP2DarkApoHigh_Individual:31,0.76404,0.98765,1.0,0.98684,0.97561,0.9823,0.95833,0.60194,0.85906,0.7619,0.86957,0.81346,0.72254
PCAP2DarkApoHigh_Individual:30,0.57678,1.0,0.72043,0.62981,0.46437,0.46136,0.46934,0.44474,0.49242,0.55085,0.54217,0.49479,0.53826
PCAP2DarkApoHigh_Individual:1;,0.57471,0.5974,0.50667,0.38889,0.59932,0.65652,0.70952,0.72973,0.75949,0,0.76923,0,0.42955
PCAP2DarkApoHigh_Individual:19,0.26496,0.46569,0.62698,0.47183,0.6,0.55914,0.68293,0.62857,0.41935,0.93548,0.66667,0.74074,1.0
PCAP2DarkApoHigh_Individual:18,0.39007,0.74227,0.39091,0,0.69565,0.56561,0.50515,0.64138,0.55556,0.6044,0.53435,0.66981,0.46429
PCAP2DarkApoHigh_Individual:39,0.52381,0.88462,0.73846,0.52991,0.45786,0.34483,0.42268,0.48592,0.47312,0.57895,0.34328,0.46667,0.43902
PCAP2DarkApoHigh_Individual:33,0.37363,1.0,0.64103,0.65583,0.45437,0.49083,0.48352,0.51887,0,0,0.54286,0.77778,0.40741
PCAP2DarkApoHigh_Individual:3;,0.65649,0.66667,0.60638,0.63768,0.60811,0.54348,0.51101,0.60426,0.62703,0.79259,0.82667,0.87821,0.79447
PCAP2DarkApoHigh_Individual:32,0.73099,0.64063,0.75785,0.75497,0.63298,0.60289,0.53355,0.57317,0.56042,0.75,0.84416,0.63927,0.54945
PCAP2DarkApoHigh_Individual:13,0.4375,0.76042,0.69565,0.52252,0.47253,0.5119,0.51464,0.48815,0.49828,0.6861,0.47826,1.0,0
PCAP2DarkApoHigh_Individual:12,0.34641,0.29231,0.32317,0.49333,0.48879,0.59507,0.79111,0.81039,0.73118,1.0,0.85915,0.81176,0.0644
PCAP2DarkApoHigh_Individual:7;,0.73585,0.80168,0.76303,0.85385,0.89286,0.8141,0.87958,0.67956,0.5641,0.7235,0.75097,0.90476,0.92776
PCAP2DarkApoHigh_Individual:10,0.85802,0.92114,0,1.0,1.0,0,0.80597,0.44937,0.6242,0.62945,0.65979,0.68862,0.58929
PCAP2DarkApoHigh_Individual:17,0.3561,0.39568,0.37853,0.26484,0.32394,0.26804,0.39655,0.34375,0.4127,0.69388,0.54688,0.54286,0.74286
PCAP2DarkApoHigh_Individual:16,0.23904,0.41079,0.34615,0.33465,0.6934,0.66087,0.65174,0.66049,0.90909,1.0,1.0,0.1814,0.0798
PCAP2DarkApoHigh_Individual:15,0.42391,0.36413,0.40678,0.36335,0.42979,0.42512,0.51389,0.60181,0.58095,0.60209,0.49324,0.40394,0.40678
PCAP2DarkApoHigh_Individual:14,0.53488,0.71795,0.64679,0.54268,0.97222,0.80952,0.545,0.47608,0.45788,0.68478,0.92929,0.67586,0.77818
PCAP814DarkApoHigh_Individual:8;,0.75676,0.9375,1.0,1.0,0.33333,0.94737,0.22222,0.96552,0,1.0,0.59193,0.51032,0.7605
PCAP814DarkApoHigh_Individual:48,0.5669,0.78109,0.65714,0.19842,0.04427,0.0,0.40976,0.67364,0.65766,0.58382,0.69565,0.69565,0.76623
PCAP814DarkApoHigh_Individual:4;,0.57143,0.72727,0.72727,0.72581,0.69565,0.92857,0.84848,0.94444,0.95652,0.82353,0.84615,0.92308,1.0
PCAP814DarkApoHigh_Individual:40,0.51057,0.65949,0.46667,0.56459,0.44164,0.57468,0.58712,0.76563,0.82731,0.71875,0.69737,0.625,0.61905
PCAP814DarkApoHigh_Individual:41,0.36321,0.54865,0.51163,0.59557,0.52952,0.56995,0.55216,0.66908,0.62272,0.7,0.81532,0.78395,0.66667
PCAP814DarkApoHigh_Individual:42,0.73786,0.90244,0.82836,0.90821,0.76647,0.69697,0.57746,0.59251,0.54463,0.6198,0.60697,0.73828,0.82864
PCAP814DarkApoHigh_Individual:43,0.61765,1.0,1.0,0.68317,0.63415,0.56995,0.89785,0.65806,0.52419,0.56338,0.60452,0.74834,0.78723
PCAP814DarkApoHigh_Individual:44,0.58659,0.81818,0.66337,0.95161,0.48199,0.68831,0.52451,0.80534,0.6055,0.78947,0.86486,0.59091,0.5102
PCAP814DarkApoHigh_Individual:45,0.51948,0.55691,0.48679,0.55269,0.55172,0.65148,0.58458,0.72566,0.67429,0.64286,0.60625,0.44928,0.70213
PCAP814DarkApoHigh_Individual:46,0.42213,0.63755,0.61252,0.53784,0.52778,0.54135,0.63333,0.69118,0.84348,0.74797,0.49612,0.51485,0.53846
PCAP814DarkApoHigh_Individual:47,0.59821,0.56419,0.57862,0.57778,0.62308,0.48858,0.85211,0,0.16117,0.18324,0.6506,0.89474,0.37042
PCAP814DarkApoHigh_Individual:2;,0.45,0.93671,0.5,0.68182,0.77922,0.89394,0.89063,0.93671,0.86957,0.82353,0.69388,0.775,0.72917
PCAP814DarkApoHigh_Individual:28,0.66221,0.89474,0.73333,0.90879,0.80719,0.7957,0.776,0.92481,0.88398,0.92045,0.83916,0.8617,0.88235
PCAP814DarkApoHigh_Individual:29,0.96748,1.0,0.98913,0.98113,0.96078,0.53448,0.59028,0.59104,0.52959,0.60079,0.61837,0.65705,0.67033
PCAP814DarkApoHigh_Individual:26,0.54348,0.75926,0.65,0.82986,0.74101,0.77303,0.78059,0.7971,0.78947,0.8617,0.77419,0.86458,0.8314
PCAP814DarkApoHigh_Individual:6;,0.90909,0.25,0.69767,0.8,0.85185,0.5,0.83333,0.96,0.71429,0.93333,0.31818,0.0,0
PCAP814DarkApoHigh_Individual:24,0.21019,0.68519,0.40351,0.46606,0.41159,0.39514,0.30808,0.58997,0.30078,0.25888,0.35945,0.4,0.39752
PCAP814DarkApoHigh_Individual:25,0.80597,0.86449,0.78061,0.78873,0.66456,0.7093,0.74051,0.87302,0.93452,0.93056,0.96479,0.86207,0.89873
PCAP814DarkApoHigh_Individual:22,0.57143,0.64444,0.70769,0.63687,0.67368,0.72464,0.75723,0.54386,0.91892,0.65823,0.53659,0.92857,0.06426
PCAP814DarkApoHigh_Individual:23,0.55556,0.33333,0.35537,0.51977,0.56364,0.58824,0.60633,0.81163,0.69732,0.71066,0.77206,0.75,0.08373
PCAP814DarkApoHigh_Individual:20,0.57895,0.64085,0.60256,0.35714,0.39175,0.55901,0.35616,0.48163,0.38961,0.3614,0.29323,0.34395,0.44878
PCAP814DarkApoHigh_Individual:21,1.0,0.98169,0.32402,0.50373,0.44444,0.54828,0.43602,0.63973,0.53293,0.73762,0.5,0.53521,0.47619
PCAP814DarkApoHigh_Individual:34,0.86567,1.0,0,0.5,0.81818,0.76471,0.55556,0.93229,0.79487,0.44643,0.45411,0.5,0.44667
PCAP814DarkApoHigh_Individual:38,0.39109,0.42366,0.43529,0.49225,0.42169,0.62222,0.65068,0.77642,0.79259,0.85263,0.9,0.88889,0.5
PCAP814DarkApoHigh_Individual:35,0.59712,0.84783,0.68644,0.52715,0.65328,0.51864,0.43175,0.574,0.51389,0.61151,0.72472,0.72571,0.72308
PCAP814DarkApoHigh_Individual:27,0.69884,0.75275,0.63562,0.77698,0.77812,0.81773,0.95082,0.94304,0.85465,0.92373,0.96296,0.92742,0.95506
PCAP814DarkApoHigh_Individual:11,0.56303,0.54379,0.59796,0.68058,0.68874,0.7989,0.82308,0.88356,0.89474,0.81818,1.0,0.91667,0.55556
PCAP814DarkApoHigh_Individual:37,0.572,0.71429,1.0,0,0.58683,0.75399,0.4607,0.87736,0.43966,0.56164,0.69811,0.7623,0.83152
PCAP814DarkApoHigh_Individual:36,0.5255,0.80682,0.71626,0.55595,0.54506,0.55128,0.53692,0.65808,0.71141,0.67376,0.70909,0.81313,0.78099
PCAP814DarkApoHigh_Individual:5;,0.55385,0.67464,0.71602,0.71396,0.92593,0.79907,0.74046,0.83721,0.76684,0.82517,0.86184,0.91051,0.89837
PCAP814DarkApoHigh_Individual:9;,0.54601,0.73598,0.44486,0.4347,0.57072,0.52201,0.39411,0.60998,0.58131,0.42369,0.56863,0.66769,0.78025
PCAP814DarkApoHigh_Individual:31,0.49231,0.59954,0.55759,0.53647,0.53671,0.63939,0.44344,0.49916,0.39105,0.42211,0.39766,0.44498,0.48806
PCAP814DarkApoHigh_Individual:30,0.71849,0.77844,0.76957,0.76125,0.63134,0.67114,0.74419,0.80524,0.86498,0.91912,0.92537,0.76744,0.84
PCAP814DarkApoHigh_Individual:1;,0.60976,0.85938,0.77895,0.80882,1.0,0.95185,1.0,0.97561,0.8,1.0,0.73684,1.0,0.88889
PCAP814DarkApoHigh_Individual:19,0.73973,0.79661,0.73171,0.88106,0.50719,0.66364,0.5285,0.69832,0.63758,0.65185,0.7821,0.7561,0.76316
PCAP814DarkApoHigh_Individual:18,0.5629,0.93643,0.71585,0.60112,0.48455,0.49869,0.43791,0.69283,0.69526,0.65103,0.65371,0.70652,0.64758
PCAP814DarkApoHigh_Individual:39,0.42291,0.4981,0.38441,0.51659,0.45928,0.65079,0.75328,0.8467,0.88832,0.8865,0.77647,0.57627,0.61832
PCAP814DarkApoHigh_Individual:33,0.46296,0.68367,0.66667,0.87931,0.73596,0.66667,0.4908,0.88406,0.72527,0.52,0.52747,0.85294,0.97101
PCAP814DarkApoHigh_Individual:3;,0.6087,0.74545,0.62633,0.76139,0.72857,0.68815,0.76531,0.84242,0.65741,0.72973,0.76471,0.76596,0.76772
PCAP814DarkApoHigh_Individual:32,0.3573,0.55414,0.48921,0.78523,0.57143,0.55773,0.65963,0.68506,0.53558,0.61421,0.54305,0.54237,0.57207
PCAP814DarkApoHigh_Individual:13,0.50617,0.05387,0.44654,0.83607,0.8,0.98901,0.96124,0.95652,1.0,1.0,0.71429,0.91935,0.5
PCAP814DarkApoHigh_Individual:12,0.52796,0.62415,0.51448,0.53221,0.49762,0.56149,0.47434,0.53333,0.47342,0.5072,0.5975,0.62724,0.68436
PCAP814DarkApoHigh_Individual:7;,0.65385,0.85714,0.84577,0.76824,0.77567,0.82,0.80952,0.80455,0.69388,0.53619,0.41624,0.45168,0.45269
PCAP814DarkApoHigh_Individual:10,0.42553,0.57345,0.4723,0.54255,0.50769,0.68,0.70082,0.92388,0.91324,0.93651,0.89216,1.0,1.0
PCAP814DarkApoHigh_Individual:17,0.43478,0.77033,0.86726,0.88936,0.73333,0.5183,0.55187,0.88095,1.0,0,0.52,0.49828,0.53892
PCAP814DarkApoHigh_Individual:16,0.50606,0.74934,0.59858,0,0,0,0.0503,0.07619,0.04865,0.54494,0.45092,0.36943,0.46761
PCAP814DarkApoHigh_Individual:15,0.48734,0.48248,0.48889,0.59434,0.56057,0.70801,0.76498,0.8617,0.85852,0.73504,0.8046,0.7619,0.76923
PCAP814DarkApoHigh_Individual:14,0.6626,0.87393,0.83499,0.72714,0.56581,0.59868,0.57509,0.62284,0.5,0.43038,0.55446,0.50633,0.56604
PCAP931DarkApoHigh_Individual:8;,0.53846,0.81982,0.44141,0.39271,0.43103,0.41704,0.41139,0.58861,0.37113,0.52747,0.33333,0.40506,0.62222
PCAP931DarkApoHigh_Individual:48,0.33333,0.4153,0.46,0.34078,0.4,0.44805,0.53005,0.56693,0.55072,0.56627,0.45545,0.4375,0.57447
PCAP931DarkApoHigh_Individual:4;,0.38272,0.38561,0.41975,0.5,0.69339,0.78324,0.75542,0.71394,0.57384,0.504,0.77778,0.84615,1.0
PCAP931DarkApoHigh_Individual:40,0.47518,0.87037,0.52913,0.57286,0.40909,0.48408,0.62857,0.83529,0.87363,0.99353,0.98394,0.576,0.61972
PCAP931DarkApoHigh_Individual:41,0.79775,0.4383,0.47782,0.41328,0.56452,0.3913,0.73418,0.89434,0.83154,0.84791,0.90943,0.9,0.7623
PCAP931DarkApoHigh_Individual:42,0.48954,0.89091,0.35512,0.45277,0.30719,0.38559,0.70423,0.63793,0.5567,0.69444,0.55303,0.53043,0.86979
PCAP931DarkApoHigh_Individual:43,0.25962,0.50769,0.38783,0.27848,0.35714,0.52778,0.30081,0.6,0.52137,0.6506,0.63636,0.51724,0.56098
PCAP931DarkApoHigh_Individual:44,0.5045,0.36667,0.49289,0.66468,0.79818,0.75346,0.78241,0.76106,0.65217,0.7,1.0,1.0,1.0
PCAP931DarkApoHigh_Individual:45,0.28205,0.33333,0.41127,0.32946,0.48773,0.58275,0.5,0.38298,0.4382,0.675,0.69565,0.59091,0.88462
PCAP931DarkApoHigh_Individual:46,0.40816,0.76829,0.4619,0.36866,0.39695,0.48571,0.54286,0.46154,0.43678,0.8,0.66207,0.96154,0.9413
PCAP931DarkApoHigh_Individual:47,0.4,0.625,0.625,0.33333,0.37931,0.73194,0.83475,0.92733,0.88745,0.85,0.0,0.83333,0
PCAP931DarkApoHigh_Individual:2;,0.44444,0.47931,0.5202,0.68856,0.8633,0.67647,0.68649,0.8103,0.80537,0.66667,1.0,1.0,0.22222
PCAP931DarkApoHigh_Individual:28,0.59919,0.70149,0.53793,0.59375,0.66892,0.72525,0.81791,0.68724,0.72453,0.75223,0.65315,0.81514,0.68889
PCAP931DarkApoHigh_Individual:29,0.51563,0.51887,0.42988,0.60358,0.61028,0.64115,0.77065,0.73066,0.7793,0.71196,0.37349,0.44318,0.8
PCAP931DarkApoHigh_Individual:26,0.60839,0.58684,0.5045,0.51706,0.5436,0.64476,0.73868,0.74198,0.7796,0.73706,0.72134,0.72286,0.58015
PCAP931DarkApoHigh_Individual:6;,0.48413,0.54348,0.43178,0.46154,0.54487,0.79008,0.8835,0.80122,0.67041,0.74074,0.6481,0.5708,0.73936
PCAP931DarkApoHigh_Individual:24,0.4386,0.6087,0.35336,0.29329,0.44086,0.52823,0.64777,0.79215,0.73939,0.70037,0.76636,0.61628,0.5914
PCAP931DarkApoHigh_Individual:25,0.58974,0.70968,0.65385,0.38793,0.4875,0.36719,0.66351,0.45283,0.41085,0.46309,0.41667,0.53521,0.48
PCAP931DarkApoHigh_Individual:22,0.64516,0.44156,0.3467,0.36364,0.29381,0.32804,0.4264,0.72414,0.75,0.80556,0.80374,0.80328,0.65414
PCAP931DarkApoHigh_Individual:23,0.55039,0.83133,0.39306,0.30563,0.3125,0.33333,0.37168,0.37725,0.53947,0.41135,0.4,0.35398,0.49206
PCAP931DarkApoHigh_Individual:20,0.73684,0.375,0.56471,0.37324,0.59655,0.54079,0.52027,0.37288,0.39344,0.44531,0.58621,0.6087,1.0
PCAP931DarkApoHigh_Individual:21,0.61538,0.49153,0.37011,0.38312,0.34551,0.31792,0.56338,0.40491,0.54545,0.35326,0.4359,0.36036,0.41837
PCAP931DarkApoHigh_Individual:34,0.625,0.69027,0.72826,0.75075,0.625,0.58503,0.85417,0.89773,0.66667,0.57143,1.0,0.95455,1.0
PCAP931DarkApoHigh_Individual:38,0.38298,0.5,0.34146,0.30172,0.37037,0.42857,0.35669,0.44304,0.29193,0.32877,0.35938,0.41429,0.36842
PCAP931DarkApoHigh_Individual:35,0.83036,0.86574,0.77519,0.7907,0.92254,0.95238,0.81818,0.05456,0.97436,0.95238,0.55556,0.05048,0.05991
PCAP931DarkApoHigh_Individual:27,0.47619,0.55195,0.52283,0.49191,0.58805,0.68345,0.73955,0.73099,0.71698,0.66529,0.61972,0.78889,0.54545
PCAP931DarkApoHigh_Individual:11,0.65347,0.89552,0.54573,0.74107,0.6462,0.55947,0.68404,0.70652,0.71978,0.84416,0.65625,0.625,1.0
PCAP931DarkApoHigh_Individual:37,0.75,0.6994,0.37363,0.51227,0.65152,0.66667,0.48936,0.73529,0.39048,0.51497,0.64286,0.86029,0.91489
PCAP931DarkApoHigh_Individual:36,0.61658,0.84615,0.5,0.37568,0.36364,0.36388,0.56317,0.592,0.63908,0.64033,0.39604,0.68966,1.0
PCAP931DarkApoHigh_Individual:5;,0.52315,0.53757,0.38413,0.51839,0.63481,0.80303,0.72222,0.87283,0.83708,0.68224,0.70714,0.83077,0.75066
PCAP931DarkApoHigh_Individual:9;,0.48252,0.46154,0.50278,0.58284,0.47059,0.65929,0.69034,0.68883,0.86351,0.74468,0.75,0.7,0.05102
PCAP931DarkApoHigh_Individual:31,0.53846,0.58642,0.53394,0.49701,0.48592,0.53879,0.61842,0.54348,0.56281,0.63359,0.71282,0.79638,0.68
PCAP931DarkApoHigh_Individual:30,0.45178,0.60963,0.85659,0.78981,0.76744,0.7037,0.57895,0.47368,0.625,0.69444,0.78947,0.89063,0.84783
PCAP931DarkApoHigh_Individual:1;,0.55556,0.55118,0.4517,0.47015,0.55895,0.57031,0.60638,0.67081,0.57488,0.66045,0.67797,0.71681,0.8125
PCAP931DarkApoHigh_Individual:19,0.60241,0.52239,0.45714,0.28161,0.30097,0.28378,0.30769,0.42149,0.60606,0.72581,0.80645,0.49091,0.66038
PCAP931DarkApoHigh_Individual:18,0.59443,0.45098,0.48571,0.48125,0.45745,0.43415,0.75434,0.57711,0.81277,0.75641,0.58824,0.84375,1.0
PCAP931DarkApoHigh_Individual:39,0.48544,0.49167,0.38835,0.41624,0.48958,0.66507,0.87339,0.95132,0.92488,0.87906,0.67895,0.63793,0.54545
PCAP931DarkApoHigh_Individual:33,0.36923,0.23457,0.32237,0.51754,0.50299,0.73837,0.84936,0.5431,0.51613,0.40741,0.53846,0.57143,0.25
PCAP931DarkApoHigh_Individual:3;,0.43523,0.42152,0.375,0.43917,0.41408,0.35385,0.37453,0.58562,0.54167,0.63462,0.68421,0.8,0.42857
PCAP931DarkApoHigh_Individual:32,0.54167,0.61616,0.4,0.42349,0.37555,0.48311,0.45228,0.45455,0.55612,0.71304,0.70968,0.70199,0.70423
PCAP931DarkApoHigh_Individual:13,0.69409,0.42132,0.35792,0.55296,0.69029,0.74104,0.73295,0.70238,0.75858,0.62907,0.52282,0.59259,0.57485
PCAP931DarkApoHigh_Individual:12,0.6,0.53043,0.43144,0.41418,0.47236,0.46309,0.65749,0.79501,0.73438,0.68717,0.70236,0.46094,0.24
PCAP931DarkApoHigh_Individual:7;,0.73026,0.57432,0.36387,0.47658,0.60215,0.44328,0.40794,0.38628,0.39729,0.51444,0.67136,0.54286,0.53846
PCAP931DarkApoHigh_Individual:10,0.76991,0.7377,0.49333,0.44231,0.40686,0.4009,0.59375,0.58865,0.70968,0.76224,0.805,0.41379,0.5
PCAP931DarkApoHigh_Individual:17,0.6,0.95833,0.5123,0.43407,0.37795,0.33333,0.40566,0.65397,0.62069,0.568,0.59375,0.54054,0.66667
PCAP931DarkApoHigh_Individual:16,0.57831,0.76923,0.41333,0.38843,0.43252,0.40541,0.42396,0.48684,0.50602,0.65089,0.51408,0.64331,0.59732
PCAP931DarkApoHigh_Individual:15,0.65152,0.56452,0.43627,0.384,0.40996,0.48899,0.76819,0.95326,0.92188,0.75309,0.74074,0.75182,0.45455
PCAP931DarkApoHigh_Individual:14,0.37755,0.90909,0.51429,0.37221,0.42444,0.39726,0.26126,0.69231,0.30275,0.36842,0.31858,0.28205,0.625
