AripiprazoleDarkApoHigh_Individual:8;,0.06536,0.0567,0.02602,0.02941,0.0029,0.0,0.00501,0.00538,0.00375,0.00415,0.0,0.01,0.0
AripiprazoleDarkApoHigh_Individual:48,0.09524,0.04054,0.04,0.03268,0.01775,0.008,0.00756,0.01102,0.02681,0.00505,0.00592,0.03125,0.03509
AripiprazoleDarkApoHigh_Individual:4;,0.01235,0.04412,0.01648,0.02649,0.00559,0.0122,0.04902,0.02532,0.0303,0.00617,0.00794,0.0,0.0
AripiprazoleDarkApoHigh_Individual:40,0.05319,0.05051,0.10345,0.02273,0.03704,0.0317,0.02347,0.03529,0.02924,0.00384,0.0093,0.00994,0.01435
AripiprazoleDarkApoHigh_Individual:41,0.09415,0.04348,0.07422,0.05904,0.02553,0.01579,0.03344,0.01316,0.03088,0.01572,0.00719,0.02469,0.03448
AripiprazoleDarkApoHigh_Individual:42,0.11203,0.04118,0.04483,0.065,0.04762,0.03548,0.03406,0.03533,0.05714,0.04739,0.03922,0.04145,0.03627
AripiprazoleDarkApoHigh_Individual:43,0.03444,0.02121,0.02273,0.00982,0.03232,0.02972,0.05152,0.0404,0.04464,0.02778,0.01458,0.03333,0.0
AripiprazoleDarkApoHigh_Individual:44,0.07286,0.0,0.04444,0.06849,0.03886,0.04222,0.01181,0.07097,0.01812,0.02516,0.04196,0.01901,0.0339
AripiprazoleDarkApoHigh_Individual:45,0.05714,0.02308,0,0.0,0.5,0.0,0,0.02804,0.05161,0.08427,0.08182,0.02062,0.04762
AripiprazoleDarkApoHigh_Individual:46,0.0285,0.05528,0.03972,0.04255,0.01571,0.01247,0.00501,0.01333,0.00787,0.016,0.02632,0.33333,0.09091
AripiprazoleDarkApoHigh_Individual:47,0.09375,0.0609,0.03571,0.02792,0.0826,0.03203,0.01455,0.0,0.0068,0.02542,0.05714,0.1,0.0
AripiprazoleDarkApoHigh_Individual:2;,0.15385,0.08333,0,0.0,0.33333,0.0,0,0,0.02284,0.01802,0.0139,0.01026,0.02527
AripiprazoleDarkApoHigh_Individual:28,0.00383,0.03271,0.01626,0.00826,0.02878,0.04321,0.0,0.02941,0.01111,0.0,0.0,0.0,0.0
AripiprazoleDarkApoHigh_Individual:29,0.01893,0.01867,0.04012,0.01724,0.01453,0.05213,0.02516,0.0,0.0,0.0,0.00617,0.0,0.0
AripiprazoleDarkApoHigh_Individual:26,0.0,0.00526,0.0,0.0,0.1,0.15789,0.5,0.02041,0.0,0.0,0.0,0,0
AripiprazoleDarkApoHigh_Individual:6;,0.0,0.01739,0.01446,0.01509,0.02128,0.06897,0.0,0.03571,0.0,0.0,0.01786,0,0.0
AripiprazoleDarkApoHigh_Individual:24,0.125,0.0,0.01053,0,0.03759,0.01245,0.01724,0.01389,0.03086,0.03867,0.04103,0.01299,0.01099
AripiprazoleDarkApoHigh_Individual:25,0.00595,0.0,0.0,0.02717,0.00671,0.00662,0.0,0.0,0.0,0.02632,0.0,0.0,0.0
AripiprazoleDarkApoHigh_Individual:22,0.02033,0.02113,0.01096,0.02256,0.03537,0.01626,0.03406,0.03596,0.0225,0.00838,0.01504,0.01538,0.0
AripiprazoleDarkApoHigh_Individual:23,0.06897,0.02703,0.00847,0.0,0.04706,0.0163,0.01901,0.03583,0.03008,0.03831,0.0142,0.03147,0.01347
AripiprazoleDarkApoHigh_Individual:20,0.11027,0.05516,0.06294,0.0578,0.09451,0.07173,0.07203,0.08377,0.06504,0.02062,0.0,0,0.0
AripiprazoleDarkApoHigh_Individual:21,0.03557,0.0,0,0.06128,0.0,0.02389,0.02239,0.00649,0.01349,0.00402,0.00794,0.02655,0.01235
AripiprazoleDarkApoHigh_Individual:34,0.09877,0.05742,0.04128,0.02542,0.03182,0.03756,0.02222,0.03546,0.01905,0.01807,0.00926,0.00671,0.0
AripiprazoleDarkApoHigh_Individual:38,0.07042,0.04237,0.10588,0.04717,0.07,0.04965,0.01873,0.04,0.01857,0.03101,0.11847,0.08696,0.05051
AripiprazoleDarkApoHigh_Individual:35,0.06849,0.0297,0.02083,0.032,0.03627,0.02294,0.03876,0.02463,0.01912,0.01832,0.01603,0.0102,0.00932
AripiprazoleDarkApoHigh_Individual:27,0.04545,0.03364,0.03415,0.05787,0.06226,0.04255,0.0,0.0,0.0,0.0,0.00719,0.00581,0.0
AripiprazoleDarkApoHigh_Individual:11,0.04911,0.08844,0.07746,0.04225,0.06395,0.0315,0.0493,0.03003,0.07426,0.03891,0.03916,0.01166,0.01193
AripiprazoleDarkApoHigh_Individual:37,0.01672,0.01862,0.03544,0.0332,0.03652,0.0429,0.00211,0.01384,0.00633,0.04412,0.0,0.0,0.0
AripiprazoleDarkApoHigh_Individual:36,0.07447,0.025,0.04286,0.03311,0.01685,0.01712,0.01563,0.02235,0.02326,0.01946,0.01896,0.04762,0.0
AripiprazoleDarkApoHigh_Individual:5;,0.0,0.0,0.4,0.02151,0.0,0.0,0.0,0.0,0.06667,0.0,0.0,0.0,0.0
AripiprazoleDarkApoHigh_Individual:9;,0.04706,0.03488,0.05357,0.07143,0.07386,0.04455,0.01622,0.03704,0.02477,0.0178,0.00844,0.01471,0.02878
AripiprazoleDarkApoHigh_Individual:31,0.05882,0.0,0.03409,0.00952,0.01408,0.00649,0.02151,0.03299,0.0502,0.03988,0.03209,0.01471,0.0
AripiprazoleDarkApoHigh_Individual:30,0.01398,0.08141,0.03789,0.0095,0,0.0,0.0,0.10078,0.09737,0.13181,0.16156,0.04836,0.03273
AripiprazoleDarkApoHigh_Individual:1;,0.0,0.0,0.00833,0.0,0.0,0.00787,0.0,0.0,0.03846,0.06,0.0,0.0,0.0
AripiprazoleDarkApoHigh_Individual:19,0.03448,0.06573,0.03825,0.01966,0.04444,0.04511,0.01186,0.0,0.00763,0.0,0.0625,0.0,0.0
AripiprazoleDarkApoHigh_Individual:18,0.07807,0.01266,0.02033,0.01474,0.05654,0.04717,0.00442,0.005,0.00976,0.016,0.05714,0.03333,0
AripiprazoleDarkApoHigh_Individual:39,0.01857,0.0239,0.01597,0.01766,0.02752,0.01399,0.05,0.03303,0.02244,0.0429,0.02113,0.05389,0.0
AripiprazoleDarkApoHigh_Individual:33,0.07317,0.0495,0.04478,0.06061,0.04854,0.06024,0.07432,0.08065,0.03021,0.03509,0.03476,0.03064,0.04676
AripiprazoleDarkApoHigh_Individual:3;,0.02846,0.0037,0.01163,0.00922,0.00889,0.02849,0.02016,0.02469,0.0,0.0,0.0,0.0,0.0
AripiprazoleDarkApoHigh_Individual:32,0.04307,0.05579,0.02222,0.05263,0.03667,0.02384,0.04356,0.06154,0.03837,0.03955,0.03226,0.04106,0.03115
AripiprazoleDarkApoHigh_Individual:13,0.06688,0.05149,0.03272,0.04176,0.04264,0.07796,0.07801,0.07605,0.06478,0.0765,0.0202,0.07619,0.0
AripiprazoleDarkApoHigh_Individual:12,0.06838,0.05556,0.0219,0.06061,0.04959,0.06173,0.03817,0.02283,0.05385,0.04525,0.02564,0.02581,0.03846
AripiprazoleDarkApoHigh_Individual:7;,0.03101,0.00952,0.0202,0.01538,0.01538,0.00541,0.01852,0.00444,0.01639,0.0299,0.03268,0.00568,0.0
AripiprazoleDarkApoHigh_Individual:10,0.06383,0.06024,0.056,0.00452,0.03279,0.01081,0.07895,0.01695,0.0355,0.06338,0.04895,0.02965,0.01891
AripiprazoleDarkApoHigh_Individual:17,0.0375,0.01111,0.01923,0.0,0.0,0.0,0.0303,0.03448,0.0,0.01084,0.01689,0.01124,0.03791
AripiprazoleDarkApoHigh_Individual:16,0.07265,0.02538,0.0122,0.0,0.0084,0.02516,0.01515,0.03509,0.01702,0.02913,0.03158,0.00826,0.0
AripiprazoleDarkApoHigh_Individual:15,0.05367,0.03509,0.06481,0.06429,0.04639,0.01966,0.02196,0.01323,0.01466,0.00686,0.02273,0.01259,0.00391
AripiprazoleDarkApoHigh_Individual:14,0.06087,0.03125,0.03106,0.01732,0.05344,0.03111,0.03641,0.05243,0.04262,0.02612,0.02692,0.00694,0.00714
