CariprazineDarkApoHigh_Individual:8;,0.02389,0.05128,0.0,0.0,0.0,0.01977,0.03419,0.02778,0.0,0.03175,0.02857,0.0,0.0
CariprazineDarkApoHigh_Individual:48,0.0327,0.02053,0.0125,0.00882,0.01183,0.02267,0.00806,0.00388,0.01136,0.02703,0.0,0.0,0.0
CariprazineDarkApoHigh_Individual:4;,0.0176,0.00606,0.01835,0.0,0.00678,0.01258,0.02256,0.0,0.0,0.13043,0.0157,0.0,0
CariprazineDarkApoHigh_Individual:40,0.03279,0.02273,0.01064,0.00248,0.0163,0.01597,0.01767,0.00948,0.01408,0.0,0.0,0.0,0
CariprazineDarkApoHigh_Individual:41,0.03474,0.01961,0,0.07918,0.0,0.0,0.04184,0.02254,0.01201,0.0219,0.04651,0.33333,0
CariprazineDarkApoHigh_Individual:42,0.02885,0.03261,0.03058,0.00962,0.01176,0.0,0.00407,0.01519,0.0,0.02941,0.0,0.0,0.0
CariprazineDarkApoHigh_Individual:43,0.04375,0.016,0.01493,0.01656,0.0049,0.0,0.0,0.07143,0.05344,0.09737,0.26087,0.16769,0
CariprazineDarkApoHigh_Individual:44,0.01647,0.02281,0.27273,0.0,0.0,0.02154,0.01481,0.0,0.00324,0.01449,0.0,0.125,0.12454
CariprazineDarkApoHigh_Individual:45,0.06545,0.04545,0.04545,0.2,0.08333,0.00332,0.06098,0.02732,0.0,0.0,0.0,0.0,0.0
CariprazineDarkApoHigh_Individual:46,0.01434,0.01323,0.01269,0.00694,0.0,0.0,0.0,0.5,0.0,0.0,0.0,0.0,0.0
CariprazineDarkApoHigh_Individual:47,0.03846,0.06375,0.01987,0.0,0.01282,0.01377,0.0102,0.00386,0.0,0.02532,0.0,0.0,0.0
CariprazineDarkApoHigh_Individual:2;,0.07407,0.04255,0.04861,0.04813,0.04348,0.0449,0.0,0.0,0.03509,0.03226,0.02564,0.01493,0.0
CariprazineDarkApoHigh_Individual:28,0.06311,0.01351,0.03292,0.02917,0.04089,0.01935,0.021,0.0251,0.01075,0.03401,0.02083,0.01923,0.0
CariprazineDarkApoHigh_Individual:29,0.01015,0.00518,0.01863,0.00543,0.0,0.00246,0.01017,0.0186,0.00901,0.01333,0.02128,0.0,0.04545
CariprazineDarkApoHigh_Individual:26,0.03448,0.0155,0.01569,0.01156,0.01907,0.00897,0.0,0.0,0.0,0.0,0.0,0,0.01149
CariprazineDarkApoHigh_Individual:6;,0.05128,0.0303,0.02586,0.02098,0.0,0.02632,0.056,0.01923,0.0,0.0,0,0.0,0.15074
CariprazineDarkApoHigh_Individual:24,0.01567,0.06162,0.03465,0.05071,0.00526,0.0,0.00571,0.0,0.0,0,0.07576,0.0,0
CariprazineDarkApoHigh_Individual:25,0.03704,0.0,0.03279,0.0,0.02778,0.02778,0.03784,0.00741,0.0,0,0.0,0,0.18008
CariprazineDarkApoHigh_Individual:22,0.0625,0.06667,0.0,0.0,0.01775,0.02632,0.04839,0.0,0.01504,0.0,0.0,0.0,0.03194
CariprazineDarkApoHigh_Individual:23,0.12821,0.0,0.0,0.02841,0.00326,0.0,0.0,0.07721,0,0,0.00731,0,0
CariprazineDarkApoHigh_Individual:20,0.02572,0.02624,0.01471,0.01333,0.0,0.0137,0.01887,0.0,0.18644,0.0,0.0,0.0,0.0
CariprazineDarkApoHigh_Individual:21,0.05046,0.0565,0.01765,0.0,0.01455,0.02576,0.02555,0.01299,0.0,0.25,0.0,0.0,0.0
CariprazineDarkApoHigh_Individual:34,0.03373,0.00562,0.02247,0.00493,0.00505,0.0,0.0283,0.0,0.0,0.0,0,0.18182,0.075
CariprazineDarkApoHigh_Individual:38,0.02161,0.00758,0.03333,0.0,0.01064,0.01282,0.02548,0.03401,0.0,0,0.0,0.0,0.0
CariprazineDarkApoHigh_Individual:35,0.04309,0.07547,0.04392,0.0087,0.01247,0.00364,0.01944,0.01389,0.01923,0.0,0.08824,0.0,0.11596
CariprazineDarkApoHigh_Individual:27,0.06818,0.05814,0.05,0.01,0.01235,0.01538,0.04098,0.02273,0.02222,0.0,0.0,0.0,0.0
CariprazineDarkApoHigh_Individual:11,0.01718,0.01887,0.00469,0.01818,0.01266,0.02825,0.01408,0.01163,0.0,0.02174,0.03947,0.0,0.01162
CariprazineDarkApoHigh_Individual:37,0.03586,0.01056,0.05882,0.0,0.0,0.0,0.0,0.0,0,0,0,0,0.08581
CariprazineDarkApoHigh_Individual:36,0.03196,0.01563,0.01869,0.02732,0.0,0.0,0.0099,0.0,0.0,0.0,0.0,0.00877,0.0
CariprazineDarkApoHigh_Individual:5;,0.02941,0.04396,0.02013,0.05943,0.0,0.0,0.03571,0.0,0.0,0.0,0.03571,0,0.07317
CariprazineDarkApoHigh_Individual:9;,0.02564,0.02041,0.02775,0.07692,0.05,0.0,0.01408,0.00847,0.01389,0.0,0.0,0.0,0.10714
CariprazineDarkApoHigh_Individual:31,0.0113,0.0,0.02752,0.01835,0.0,0.00735,0.0,0.04808,0.0,0.0,0,0.0,0
CariprazineDarkApoHigh_Individual:30,0.04,0.05,0.02778,0.02469,0.0393,0.00901,0.0125,0.01205,0.00847,0.1682,0.0,0.0,0
CariprazineDarkApoHigh_Individual:1;,0.00645,0.00952,0.0,0.00641,0.00469,0.00304,0.0,0.01786,0.02299,0.01538,0.025,0.0,0
CariprazineDarkApoHigh_Individual:19,0.01966,0.00709,0.0,0.02143,0.02064,0.02745,0.0,0.02128,0.01818,0,0.02303,0.0,0
CariprazineDarkApoHigh_Individual:18,0.04647,0.05556,0.0,0.0,0.0,0.0,0.0,0.04469,0.01587,0.0,0.0,0.0,0.0
CariprazineDarkApoHigh_Individual:39,0.0791,0.02521,0.02469,0.03535,0.01905,0.0274,0.0,0.05195,0.0,0.0,0.0,0.0,0.0
CariprazineDarkApoHigh_Individual:33,0.025,0.02513,0.01852,0.00556,0.00588,0.04167,0.0,0.04615,0.01136,0.0,0.0,0.0,0.0
CariprazineDarkApoHigh_Individual:3;,0.03346,0.02008,0.02006,0.01053,0.00816,0.02516,0.01724,0.0,0.02703,0.0,0.17647,0.01939,0.0
CariprazineDarkApoHigh_Individual:32,0.04437,0.04255,0.03546,0.08491,0.0303,0.0198,0.00769,0.03774,0.02304,0.0,0.0,0.00616,0.04861
CariprazineDarkApoHigh_Individual:13,0.04564,0.0,0.0,0.0,0.01639,0.0051,0.02903,0.0129,0.02834,0.04808,0.0,0.0333,0.01458
CariprazineDarkApoHigh_Individual:12,0.02744,0.01449,0.02113,0.04444,0.01667,0.03101,0.02174,0.01603,0.0,0.01364,0.0,0,0.0
CariprazineDarkApoHigh_Individual:7;,0.01773,0.01399,0.0,0.0,0.00412,0.0,0.0,0.01325,0.0,0.0,0.01333,0.02899,0.0
CariprazineDarkApoHigh_Individual:10,0.09701,0.01587,0.00833,0.0,0.0283,0.00962,0.02963,0.00667,0.03084,0.01923,0.0,0.0,0.04488
CariprazineDarkApoHigh_Individual:17,0.05298,0.01423,0.0,0.00939,0.10954,0.0,0.0,0.00562,0.10778,0.14625,0.02632,0.04959,0.0
CariprazineDarkApoHigh_Individual:16,0.02283,0.03009,0.06811,0.03226,0.02075,0.03333,0.0,0.0,0.03131,0.04159,0,0,0
CariprazineDarkApoHigh_Individual:15,0.01805,0.0,0.0,0.0,0.01095,0.00478,0.03676,0.02421,0.01333,0.002,0.01003,0.05,0.0
CariprazineDarkApoHigh_Individual:14,0.01172,0.02326,0.0,0.0,0.01636,0.03232,0.01339,0.0,0.0,0.01099,0.07317,0.04255,0.0
