CariprazineDarkApoHigh_Individual:8;,0.06314,0.05128,0.0,0.0,0.0,0.07345,0.05556,0.04861,0.04,0.0,0.02857,0.0,0.0
CariprazineDarkApoHigh_Individual:48,0.02725,0.04106,0.01875,0.03824,0.01972,0.03023,0.00806,0.0,0.0,0.0,0.0,0.0,0.0
CariprazineDarkApoHigh_Individual:4;,0.02053,0.01212,0.01529,0.00714,0.02712,0.01258,0.0,0.0,0.0,0.0,0.02899,0.0,0
CariprazineDarkApoHigh_Individual:40,0.04918,0.0303,0.01418,0.01985,0.02989,0.03195,0.00707,0.00948,0.04225,0.0,0.0,0.0,0
CariprazineDarkApoHigh_Individual:41,0.02481,0.02941,0,0.01857,0.0,0.03759,0.04603,0.04507,0.01502,0.0365,0.0,0.0,0
CariprazineDarkApoHigh_Individual:42,0.03846,0.02174,0.04893,0.01923,0.02941,0.03846,0.0061,0.01266,0.00893,0.0,0.08333,0.0,0.0
CariprazineDarkApoHigh_Individual:43,0.03542,0.088,0.0597,0.01325,0.01961,0.0087,0.0,0.07143,0.0,0.0,0.0,0.00204,0
CariprazineDarkApoHigh_Individual:44,0.04042,0.08365,0.0,0.0,0.03571,0.05231,0.04444,0.0,0.00647,0.0,0.0,0.0,0.0
CariprazineDarkApoHigh_Individual:45,0.03636,0.04545,0.0,0.0,0.0,0.01993,0.04634,0.00546,0.01471,0.0,0.0,0.0,0.0
CariprazineDarkApoHigh_Individual:46,0.04713,0.04233,0.01269,0.0,0.0,0.0,0.0,0.0,0.0,0.0,0.0,0.0,0.0
CariprazineDarkApoHigh_Individual:47,0.04377,0.04781,0.06623,0.0,0.08333,0.06612,0.02806,0.0,0.00936,0.00633,0.0,0.0,0.0
CariprazineDarkApoHigh_Individual:2;,0.05128,0.02837,0.01389,0.01604,0.03416,0.01633,0.04167,0.02273,0.03509,0.01613,0.0,0.0,0.0
CariprazineDarkApoHigh_Individual:28,0.05825,0.01351,0.02469,0.03333,0.01859,0.01935,0.0315,0.01674,0.01613,0.02721,0.0,0.01923,0.0
CariprazineDarkApoHigh_Individual:29,0.01523,0.00777,0.00621,0.02174,0.00891,0.00246,0.01356,0.02791,0.00901,0.01333,0.0,0.0,0.0
CariprazineDarkApoHigh_Individual:26,0.03017,0.02326,0.02353,0.0289,0.02997,0.01345,0.02778,0.02667,0.0119,0.0,0.0,0,0.0
CariprazineDarkApoHigh_Individual:6;,0.0,0.01515,0.01724,0.01399,0.01587,0.05263,0.016,0.00962,0.0,0.0,0,0.0,0.00425
CariprazineDarkApoHigh_Individual:24,0.03916,0.04202,0.0396,0.0284,0.00263,0.00709,0.0,0.0,0.0,0,0.0,0.0,0
CariprazineDarkApoHigh_Individual:25,0.01235,0.0,0.02459,0.04167,0.01389,0.00926,0.02162,0.01481,0.04348,0,0.0,0,0.00511
CariprazineDarkApoHigh_Individual:22,0.0375,0.0,0.11111,0.00901,0.0355,0.02632,0.02419,0.0396,0.03008,0.01449,0.0,0.0,0.03317
CariprazineDarkApoHigh_Individual:23,0.0641,0.0,0.05405,0.05966,0.0228,0.02899,0.0,0.00747,0,0,0.02508,0,0
CariprazineDarkApoHigh_Individual:20,0.05788,0.02915,0.01681,0.02667,0.05128,0.0137,0.01887,0.0,0.0,0.0,0.0,0.0,0.0
CariprazineDarkApoHigh_Individual:21,0.05046,0.06215,0.04706,0.0,0.0499,0.01127,0.0146,0.0,0.0,0.0,0.0,0.0,0.0
CariprazineDarkApoHigh_Individual:34,0.03133,0.03371,0.02247,0.04926,0.0303,0.02439,0.03774,0.0,0.0,0.0,0,0.00371,0.0
CariprazineDarkApoHigh_Individual:38,0.02554,0.04545,0.01667,0.0,0.03191,0.07692,0.05096,0.0068,0.0,0,0.0,0.0,0.0
CariprazineDarkApoHigh_Individual:35,0.04488,0.0,0.02365,0.01304,0.01247,0.01636,0.01728,0.01667,0.02885,0.0,0.0,0.0,0.01657
CariprazineDarkApoHigh_Individual:27,0.04545,0.03488,0.025,0.06,0.07407,0.01538,0.04098,0.09091,0.0,0.0,0.0,0.0,0.0
CariprazineDarkApoHigh_Individual:11,0.06186,0.05031,0.03286,0.05455,0.01266,0.0226,0.03944,0.03488,0.0,0.04348,0.01316,0.0,0.02112
CariprazineDarkApoHigh_Individual:37,0.03586,0.03873,0.02451,0.02885,0.0,0.0,0.0,0.0,0,0,0,0,0.0
CariprazineDarkApoHigh_Individual:36,0.02283,0.04688,0.01869,0.03279,0.0,0.01786,0.0,0.0,0.0,0.0,0.0,0.0,0.14286
CariprazineDarkApoHigh_Individual:5;,0.02941,0.01099,0.02349,0.01742,0.0,0.00917,0.0,0.0,0.0,0.02703,0.0,0,0.07317
CariprazineDarkApoHigh_Individual:9;,0.03846,0.0,0.01531,0.0,0.0,0.0,0.01408,0.02542,0.0,0.00704,0.0,0.0,0.0
CariprazineDarkApoHigh_Individual:31,0.0452,0.0,0.02752,0.01835,0.02427,0.04779,0.00629,0.02885,0.0,0.02381,0,0.0,0
CariprazineDarkApoHigh_Individual:30,0.04,0.05,0.02778,0.02469,0.03493,0.04505,0.0125,0.0,0.0,0.00115,0.0,0.0,0
CariprazineDarkApoHigh_Individual:1;,0.00645,0.0,0.00719,0.0,0.00469,0.00912,0.02439,0.01786,0.06897,0.0,0.0,0.0,0
CariprazineDarkApoHigh_Individual:19,0.05651,0.07801,0.0,0.06429,0.0469,0.05882,0.02286,0.0,0.0,0,0.02424,0.0,0
CariprazineDarkApoHigh_Individual:18,0.04461,0.02778,0.03571,0.0,0.0,0.01,0.04425,0.05587,0.0,0.0,0.0,0.0,0.0
CariprazineDarkApoHigh_Individual:39,0.0226,0.05042,0.04012,0.0303,0.02857,0.02055,0.0,0.0,0.0,0.0,0.0,0.0,0.0
CariprazineDarkApoHigh_Individual:33,0.05,0.04271,0.02778,0.02222,0.05294,0.025,0.05714,0.04615,0.03409,0.0,0.0,0.0,0.0
CariprazineDarkApoHigh_Individual:3;,0.03717,0.02008,0.04011,0.04211,0.06939,0.05031,0.02586,0.0,0.0,0.0,0.0,0.03152,0.0
CariprazineDarkApoHigh_Individual:32,0.04096,0.02128,0.06383,0.01887,0.08081,0.033,0.03077,0.03145,0.02304,0.0,0.0,0.0,0.0
CariprazineDarkApoHigh_Individual:13,0.0249,0.05263,0.0,0.0,0.03825,0.03061,0.04516,0.06452,0.02429,0.0,0.0,0.01776,0.0243
CariprazineDarkApoHigh_Individual:12,0.04117,0.02174,0.07746,0.02222,0.05,0.03876,0.06522,0.04167,0.0,0.00909,0.0,0,0.0
CariprazineDarkApoHigh_Individual:7;,0.04965,0.01399,0.02778,0.03896,0.06996,0.05797,0.02206,0.02318,0.0231,0.01818,0.0,0.0,0.0
CariprazineDarkApoHigh_Individual:10,0.02985,0.03175,0.1,0.0,0.0566,0.01923,0.02222,0.03333,0.00881,0.01923,0.0,0.0,0.02603
CariprazineDarkApoHigh_Individual:17,0.04636,0.03203,0.02083,0.02401,0.0106,0.0,0.0,0.0618,0.05988,0.00922,0.02632,0.04545,0.0
CariprazineDarkApoHigh_Individual:16,0.03881,0.02315,0.03096,0.05018,0.0166,0.0,0.0,0.0,0.00949,0.01741,0,0,0
CariprazineDarkApoHigh_Individual:15,0.03971,0.0,0.0,0.0,0.0219,0.03828,0.05515,0.05327,0.01333,0.0,0.01338,0.025,0.0
CariprazineDarkApoHigh_Individual:14,0.02344,0.04651,0.0,0.00325,0.02117,0.0303,0.01786,0.02857,0.0,0.0,0.07317,0.00426,0.0
