CNODarkApoHigh_Individual:8;,0.05208,0.0,0.09091,0.04478,0.0303,0.0793,0.04778,0.01957,0.00986,0.00917,0.0,0.0,0.0
CNODarkApoHigh_Individual:48,0.05769,0.07586,0.07727,0.07619,0.06931,0.06061,0.06857,0.03623,0.03306,0.04202,0.03846,0.03937,0.01266
CNODarkApoHigh_Individual:4;,0.03704,0.00926,0.0,0.04494,0.01111,0.01515,0.0,0.08696,0.01493,0.0,0.0,0.0,0.0
CNODarkApoHigh_Individual:40,0.04938,0.04762,0,0.04651,0.05392,0.07042,0.07258,0.03867,0.008,0.0,0.04545,0.04762,0
CNODarkApoHigh_Individual:41,0.04,0.0,0.11111,0.0566,0.03756,0.0,0.0202,0.0,0.0,0.0,0.0,0.0097,0
CNODarkApoHigh_Individual:42,0.02703,0.07447,0.0979,0.04294,0.02632,0.04444,0.03817,0.05298,0.01418,0.0625,0.0,0,0
CNODarkApoHigh_Individual:43,0.03509,0.0,0.02083,0.04367,0.04231,0.05532,0.0197,0.06952,0.04396,0.01504,0.01923,0.02857,0.04412
CNODarkApoHigh_Individual:44,0.15385,0.0,0.0,0.05946,0.05319,0.05017,0.05019,0.04889,0.025,0.02381,0.0,0.04839,0.03333
CNODarkApoHigh_Individual:45,0.01316,0.0,0.0,0.0,0.0,0.0,0.07692,0.08612,0.0566,0.02415,0.02632,0.03268,0.05263
CNODarkApoHigh_Individual:46,0.04762,0.0195,0.01266,0.03833,0.04738,0.01007,0.03134,0.06719,0.04698,0.04487,0.0,0.0,0.0
CNODarkApoHigh_Individual:47,0.04545,0.03922,0.01449,0.02049,0.0228,0.03153,0.03784,0.04142,0.02632,0.01278,0.00952,0.0411,0.02703
CNODarkApoHigh_Individual:2;,0.16667,0.04545,0.09251,0.03636,0.05556,0.05603,0.0596,0.03371,0.0,0.06107,0.0,0.03279,0.0
CNODarkApoHigh_Individual:28,0.04545,0.0,0.03448,0.08,0.02941,0.04,0.0,0.0,0.02792,0.02657,0.02018,0.03158,0.0
CNODarkApoHigh_Individual:29,0.0,0,0.0,0.06936,0.05825,0.04651,0.06173,0.00826,0.0,0.01852,0,0,0
CNODarkApoHigh_Individual:26,0.05217,0.04138,0.01464,0.02801,0.04348,0.02247,0.02299,0.00633,0.0,0.05063,0.02703,0,0
CNODarkApoHigh_Individual:6;,0.05155,0.01626,0.01992,0.02326,0.05722,0.03467,0.01874,0.01179,0.00808,0.00217,0.0625,0.0,0.0
CNODarkApoHigh_Individual:24,0.12069,0.0456,0.01145,0.00949,0.02373,0.0216,0.02288,0.02591,0.0,0.0,0,0,0.0
CNODarkApoHigh_Individual:25,0.03846,0.1,0.07614,0.01807,0.0,0.01333,0.01685,0.03333,0.0,0.0,0.0,0,0.0
CNODarkApoHigh_Individual:22,0.06667,0.08213,0.0473,0.06103,0.06742,0.06936,0.06468,0.0303,0.05682,0.06897,0.0,0.0,0.0
CNODarkApoHigh_Individual:23,0.00549,0.01449,0.03601,0.0339,0.02643,0.05622,0.01339,0.02811,0.02183,0.0177,0.01724,0.01739,0.02381
CNODarkApoHigh_Individual:20,0.0,0.05435,0.0765,0.04237,0.04688,0.05976,0.03524,0.04571,0.05882,0.0,0.0,0.0125,0.0
CNODarkApoHigh_Individual:21,0.02655,0.0,0.02564,0.04908,0.07692,0.0614,0.0,0.0,0.0,0.0,0.0,0.0,0.05512
CNODarkApoHigh_Individual:34,0.06557,0.03497,0.03583,0.02926,0.02817,0.0303,0.02262,0.02262,0.005,0.0,0.0,0.0,0.0
CNODarkApoHigh_Individual:38,0.02941,0.01538,0.02098,0.03346,0.01844,0.01847,0.03975,0.05199,0.02913,0.02484,0.04094,0.0443,0.0
CNODarkApoHigh_Individual:35,0.05042,0.01527,0.02632,0.01538,0.01869,0.01498,0.02066,0.01449,0.02759,0.025,0.0,0.0,0
CNODarkApoHigh_Individual:27,0.02857,0.0,0.0,0,0.04839,0.0,0.06504,0.07852,0.05634,0.05435,0.02869,0.02083,0.03382
CNODarkApoHigh_Individual:11,0.01493,0.06061,0.09167,0.09135,0.05926,0.10791,0.08439,0.06107,0.06154,0.03333,0.0,0.0339,0.02941
CNODarkApoHigh_Individual:37,0.04412,0.11224,0.04348,0.05152,0.05357,0.07042,0.10294,0.03279,0.04651,0.07407,0.11111,0.03333,0.04545
CNODarkApoHigh_Individual:36,0.01786,0.0,0,0.03911,0.07836,0.03097,0.01531,0.02007,0.00489,0.01905,0.00943,0.0,0.0
CNODarkApoHigh_Individual:5;,0.02308,0.0,0.03681,0.03625,0.04703,0.03383,0.02866,0.02222,0.01538,0.02389,0.02586,0.02907,0.01471
CNODarkApoHigh_Individual:9;,0.07595,0,0.0,0.0596,0.06122,0,0.05446,0.09742,0.05145,0.00741,0.02532,0.01299,0.03846
CNODarkApoHigh_Individual:31,0.03448,0.0,0.0,0,0.0,0.11504,0.06944,0.0,0.02747,0.06623,0.01951,0.0,0.00355
CNODarkApoHigh_Individual:30,0.0,0.01156,0.04975,0.04255,0.02672,0.02857,0.01976,0.01794,0.02985,0.02604,0.00676,0.0,0.0
CNODarkApoHigh_Individual:1;,0.08571,0.10204,0.07212,0,0,0.01441,0.01946,0.04762,0.06723,0.14516,0.03101,0.05797,0.1875
CNODarkApoHigh_Individual:19,0.0,0.01024,0.03448,0.04152,0.01149,0.02479,0.06383,0.0303,0.03086,0.04124,0.0381,0.03226,0.0
CNODarkApoHigh_Individual:18,0.03906,0.04138,0.02419,0.04895,0.01493,0.00739,0.01415,0.0,0.0678,0.0,0.0,0.0,0.0
CNODarkApoHigh_Individual:39,0.10345,0.05,0.03546,0.03419,0.02292,0.06324,0.01376,0.02929,0.0,0.0289,0.00778,0.0197,0.0
CNODarkApoHigh_Individual:33,0.09756,0.05473,0.0303,0.03889,0.04348,0.0354,0.00765,0.02795,0.07907,0.09848,0.09,0.03279,0.0
CNODarkApoHigh_Individual:3;,0.02632,0.01299,0.04192,0.04103,0.10112,0.03876,0.0,0.02597,0.02484,0.0082,0.0,0.01277,0.00709
CNODarkApoHigh_Individual:32,0.0,0,0,0,0.0,0,0,0,0,0,0,0.0,0.08571
CNODarkApoHigh_Individual:13,0.01639,0.04469,0,0.0,0,0.07692,0.05179,0.00311,0.01027,0.00627,0.0,0.0,0
CNODarkApoHigh_Individual:12,0.10448,0.0,0.0,0.0,0,0.0,0,0.0,0.05988,0.04255,0.02187,0.05221,0.02174
CNODarkApoHigh_Individual:7;,0.06579,0.04762,0.01869,0.04478,0.06324,0.02632,0.0081,0.03817,0.01667,0.04,0.0,0.0,0.0
CNODarkApoHigh_Individual:10,0.05263,0,0.01593,0,0.07407,0.05727,0.06024,0.02308,0.02439,0.03571,0.02778,0.06542,0.0
CNODarkApoHigh_Individual:17,0.03846,0.07692,0.08745,0.04624,0.0,0.0625,0.0738,0.02614,0.08844,0.06707,0.03333,0.04202,0.03865
CNODarkApoHigh_Individual:16,0.03448,0.0687,0.0355,0.0129,0.02128,0.03535,0.03256,0.06079,0.05039,0.01282,0.05505,0.0,0.0
CNODarkApoHigh_Individual:15,0.06818,0.04054,0.04926,0.0,0.04167,0.01719,0.05325,0.0678,0.05625,0.00915,0.01056,0.01227,0.0
CNODarkApoHigh_Individual:14,0.09091,0.02,0.04626,0.0241,0.04418,0.04564,0.03462,0.03271,0.03774,0.03828,0.01546,0.01869,0.09211
