CNODarkApoHigh_Individual:8;,0.07292,0.0,0.01818,0.01866,0.01212,0.02643,0.01365,0.00652,0.00197,0.00917,0.0,0.09091,0.0
CNODarkApoHigh_Individual:48,0.01923,0.0069,0.00455,0.00952,0.00495,0.0101,0.0,0.0,0.0,0.0,0.0,0.0,0.0
CNODarkApoHigh_Individual:4;,0.0,0.0,0.0,0.00562,0.00556,0.00758,0.0,0.02174,0.0,0.04762,0.03704,0.0,0.0
CNODarkApoHigh_Individual:40,0.03704,0.0,0,0.09302,0.02451,0.02113,0.0,0.00552,0.008,0.09091,0.0,0.0,0
CNODarkApoHigh_Individual:41,0.0,0.0,0.0,0.00943,0.01878,0.0,0.06061,0.0625,0.0,0.10526,0.0,0.43515,0
CNODarkApoHigh_Individual:42,0.0,0.01064,0.00699,0.00613,0.00877,0.0,0.01527,0.01987,0.01418,0.0,0.16667,0,0
CNODarkApoHigh_Individual:43,0.01754,0.0,0.00521,0.00873,0.0,0.00426,0.0,0.0,0.00549,0.0,0.0,0.0,0.0
CNODarkApoHigh_Individual:44,0.0,0.04762,0.0,0.04324,0.01064,0.0,0.0,0.00889,0.01667,0.0,0.07692,0.04839,0.06667
CNODarkApoHigh_Individual:45,0.01316,0.0,0.13889,0.0,0.0,0.13333,0.09402,0.05263,0.03145,0.01932,0.02105,0.01307,0.01053
CNODarkApoHigh_Individual:46,0.0,0.00279,0.0,0.00697,0.00748,0.0,0.0114,0.0,0.03356,0.00641,0.04878,0.0,0.0
CNODarkApoHigh_Individual:47,0.0,0.01961,0.0,0.0,0.01303,0.0045,0.02162,0.0,0.0,0.00319,0.0,0.08219,0.05405
CNODarkApoHigh_Individual:2;,0.0,0.01515,0.00881,0.00606,0.01111,0.01293,0.02649,0.02247,0.03333,0.0229,0.02326,0.04918,0.0
CNODarkApoHigh_Individual:28,0.04545,0.0,0.17241,0.04,0.0098,0.00923,0.0,0.03571,0.01777,0.00483,0.00183,0.0,0.01563
CNODarkApoHigh_Individual:29,0.0,0,0.23973,0.02312,0.01942,0.00388,0.0,0.0,0.0,0.07407,0,0,0
CNODarkApoHigh_Individual:26,0.02174,0.0069,0.0,0.0112,0.0,0.00749,0.00575,0.01899,0.0,0.06329,0.0,0,0
CNODarkApoHigh_Individual:6;,0.01546,0.00813,0.0,0.00872,0.01362,0.0,0.01874,0.0,0.0,0.0,0.0,0.0,0.0
CNODarkApoHigh_Individual:24,0.0,0.0,0.0,0.0,0.0,0.0,0.0,0.00518,0.00714,0.07692,0,0,0.0
CNODarkApoHigh_Individual:25,0.12821,0.02222,0.01523,0.0,0.00976,0.0,0.00562,0.0,0.06349,0.0,0.0,0,0.0
CNODarkApoHigh_Individual:22,0.03333,0.03382,0.0473,0.06103,0.09551,0.06936,0.00995,0.0202,0.01136,0.06897,0.02703,0.33333,0.0
CNODarkApoHigh_Individual:23,0.00549,0.01087,0.01662,0.00678,0.01322,0.0241,0.01786,0.00803,0.00873,0.00885,0.0,0.0087,0.02381
CNODarkApoHigh_Individual:20,0.0,0.02174,0.01639,0.0339,0.03125,0.00797,0.01322,0.01714,0.03922,0.02817,0.0,0.0,0.0
CNODarkApoHigh_Individual:21,0.0177,0.0,0.05128,0.00613,0.02404,0.00877,0.0,0.0,0.0,0.0,0.1,0.06452,0.04724
CNODarkApoHigh_Individual:34,0.01639,0.0035,0.0,0.01064,0.00563,0.00337,0.0,0.02715,0.005,0.03409,0.0,0.0,0.0
CNODarkApoHigh_Individual:38,0.0,0.0,0.00699,0.0,0.00205,0.00264,0.00418,0.01835,0.0,0.0,0.00585,0.01266,0.0
CNODarkApoHigh_Individual:35,0.0084,0.0229,0.01316,0.01026,0.00467,0.00749,0.0,0.0,0.0,0.04167,0.01515,0.0,0
CNODarkApoHigh_Individual:27,0.01429,0.0,0.0,0,0.03226,0.0,0.02439,0.01617,0.0,0.0,0.0041,0.0,0.0
CNODarkApoHigh_Individual:11,0.02985,0.0303,0.05,0.04327,0.05185,0.01439,0.03797,0.03817,0.00769,0.0,0.0,0.08475,0.08824
CNODarkApoHigh_Individual:37,0.00735,0.02041,0.00966,0.00606,0.0119,0.03521,0.01471,0.0,0.0,0.0,0.02222,0.01667,0.02273
CNODarkApoHigh_Individual:36,0.07143,0.09091,0,0.07821,0.03731,0.02212,0.0102,0.01003,0.00489,0.00476,0.0,0.0,0.0
CNODarkApoHigh_Individual:5;,0.03846,0.0,0.0,0.01511,0.0,0.00376,0.00955,0.0,0.0,0.0,0.00862,0.00581,0.01471
CNODarkApoHigh_Individual:9;,0.08861,0,0.0,0.01325,0.02041,0,0.02475,0.00573,0.00322,0.0,0.0,0.0,0.0
CNODarkApoHigh_Individual:31,0.02299,0.0,0.0,0,0.0,0.0177,0.04167,0.125,0.00549,0.03974,0.00488,0.0,0.00888
CNODarkApoHigh_Individual:30,0.02143,0.0289,0.05473,0.01418,0.01908,0.01224,0.03162,0.01345,0.00995,0.00521,0.0,0.11475,0.09091
CNODarkApoHigh_Individual:1;,0.02857,0.05102,0.00481,0,0,0.3804,0.32685,0.03175,0.0042,0.0,0.0155,0.02899,0.0
CNODarkApoHigh_Individual:19,0.0,0.29465,0.00383,0.00346,0.00766,0.0,0.0,0.0,0.0,0.0,0.00952,0.03226,0.28
CNODarkApoHigh_Individual:18,0.0,0.0,0.06452,0.03846,0.01244,0.0,0.0,0.02273,0.01695,0.04,0.125,0.09302,0.0
CNODarkApoHigh_Individual:39,0.0,0.00833,0.01418,0.01994,0.01146,0.0,0.0,0.00418,0.0,0.01734,0.00389,0.0,0.0
CNODarkApoHigh_Individual:33,0.0,0.02985,0.00606,0.00556,0.02174,0.04425,0.00255,0.0,0.0,0.0,0.0,0.0,0.0
CNODarkApoHigh_Individual:3;,0.03289,0.0,0.02395,0.01026,0.01124,0.0155,0.0,0.02597,0.01863,0.0082,0.15385,0.00851,0.00709
CNODarkApoHigh_Individual:32,0.01563,0,0,0,0.0,0,0,0,0,0,0,0.06667,0.05714
CNODarkApoHigh_Individual:13,0.0,0.00559,0,0.0,0,0.0,0.03984,0.00621,0.0,0.0,0.0,0.0,0
CNODarkApoHigh_Individual:12,0.16418,0.0,0.10345,0.0,0,0.0,0,0.0,0.01198,0.01064,0.01875,0.00402,0.0
CNODarkApoHigh_Individual:7;,0.03947,0.04762,0.01869,0.04478,0.02372,0.00658,0.00405,0.00763,0.00556,0.0,0.11111,0.14286,0.1453
CNODarkApoHigh_Individual:10,0.0,0,0.36746,0,0.03704,0.02203,0.0,0.0,0.0,0.0119,0.0,0.0,0.0
CNODarkApoHigh_Individual:17,0.0,0.00592,0.0,0.0,0.0,0.0,0.0,0.01307,0.0,0.0,0.0,0.0,0.00483
CNODarkApoHigh_Individual:16,0.01724,0.0,0.0,0.0,0.0,0.0,0.0093,0.01824,0.00388,0.00641,0.0367,0.15278,0.13793
CNODarkApoHigh_Individual:15,0.02273,0.04054,0.02956,0.0,0.02083,0.33727,0.02959,0.01695,0.0125,0.0,0.0,0.0184,0.0
CNODarkApoHigh_Individual:14,0.09091,0.004,0.00712,0.0,0.0,0.0083,0.00385,0.00467,0.0,0.00478,0.0,0.0,0.0
