HaloperidolDarkApoHigh_Individual:8;,0.03982,0.09667,0.06388,0.04773,0.02761,0.03043,0.02976,0.01923,0.01058,0.02439,0.01053,0.00552,0.0
HaloperidolDarkApoHigh_Individual:48,0.04545,0.08451,0.0452,0.03727,0.03044,0.02116,0.03595,0.03889,0.03535,0.01212,0.02174,0.03279,0.025
HaloperidolDarkApoHigh_Individual:4;,0.0,0.02778,0.0,0.00641,0.0049,0.00397,0.005,0.02139,0.01272,0.01061,0.0,0.00444,0.01
HaloperidolDarkApoHigh_Individual:40,0.05,0.03822,0.04167,0.03681,0.03323,0.02381,0.04221,0.03012,0.02582,0.0283,0.04698,0.06202,0.0396
HaloperidolDarkApoHigh_Individual:41,0.0,0.01923,0.0,0.01087,0.03175,0.0,0,0.03743,0.0498,0.05696,0.05319,0.04598,0.00995
HaloperidolDarkApoHigh_Individual:42,0.03896,0.05785,0.02507,0.02838,0.03226,0.03893,0.02646,0.02183,0.02041,0.03117,0.01068,0.01333,0.01342
HaloperidolDarkApoHigh_Individual:43,0.03763,0.0,0.0,0.06173,0.0181,0.04054,0.03795,0.02857,0.02,0.04065,0.0123,0.01163,0.02655
HaloperidolDarkApoHigh_Individual:44,0.01786,0.0,0.0,0,0.07692,0.04878,0.04186,0.06957,0.125,0.08824,0.04,0.03333,0.05587
HaloperidolDarkApoHigh_Individual:45,0.0,0.0274,0.07619,0.0,0.0,0.02667,0.06061,0.03492,0.07508,0.03049,0.01223,0.00725,0.0129
HaloperidolDarkApoHigh_Individual:46,0.00962,0.00575,0.02915,0.00606,0.02825,0.01871,0.0266,0.02695,0.0048,0.00683,0.00592,0.01587,0.02564
HaloperidolDarkApoHigh_Individual:47,0.0,0.04,0.02335,0.02871,0.032,0.04701,0.03516,0.0266,0.03846,0.1,0.06667,0.05618,0
HaloperidolDarkApoHigh_Individual:2;,0.01248,0.01319,0.03353,0.01633,0.03069,0.02322,0.01762,0.01114,0.01285,0.02182,0.01667,0.01471,0.01966
HaloperidolDarkApoHigh_Individual:28,0.0,0.02941,0.0,0.0,0.01923,0,0.0,0.0,0.0,0.0,0.0,0.0,0.0
HaloperidolDarkApoHigh_Individual:29,0.0,0.03012,0.0,0.0,0.0,0.01423,0.02228,0.00426,0.0,0.0,0.00402,0.00775,0.0
HaloperidolDarkApoHigh_Individual:26,0.0,0.0,0.0,0.0,0.0,0.0,0.0,0,0.0,0,0,0,0
HaloperidolDarkApoHigh_Individual:6;,0.00649,0.0,0.01205,0.01227,0.0,0.0,0.00935,0.0,0.0,0.01149,0.0,0.0,0.0
HaloperidolDarkApoHigh_Individual:24,0.06667,0.02778,0.01905,0.06897,0.02732,0.0,0.05424,0.07522,0.04688,0.03175,0.01423,0.03653,0.01212
HaloperidolDarkApoHigh_Individual:25,0.02198,0.0,0.0,0.0,0.02,0.00862,0.01311,0.00455,0.00893,0.00448,0.0,0.0,0.0
HaloperidolDarkApoHigh_Individual:22,0.0303,0.01448,0.03937,0.05405,0.06757,0.02804,0.03846,0.02924,0.052,0.02747,0.02,0.03794,0.02439
HaloperidolDarkApoHigh_Individual:23,0.03571,0.02905,0.01529,0.03676,0.02727,0.06726,0.0795,0.05455,0.05067,0.04051,0.05221,0.02703,0.02181
HaloperidolDarkApoHigh_Individual:20,0.05,0.05882,0.02837,0.048,0.04118,0.06098,0.03846,0.05622,0.1194,0.07246,0.05797,0.04054,0.05556
HaloperidolDarkApoHigh_Individual:21,0.04,0.0,0.0,0.04082,0.04484,0.03049,0.03883,0.07507,0.08054,0.05357,0.05143,0.01527,0.02273
HaloperidolDarkApoHigh_Individual:34,0.03285,0.0119,0.02041,0.00735,0.0,0.01852,0.03401,0.03017,0.04878,0.02632,0.04918,0.03044,0.02459
HaloperidolDarkApoHigh_Individual:38,0.07339,0.05172,0.00763,0.02667,0.02703,0.02,0.03161,0.0,0.00794,0.00784,0.02151,0.00877,0.02604
HaloperidolDarkApoHigh_Individual:35,0.04204,0.02941,0.0076,0.04193,0.01109,0.02174,0.01611,0.00858,0.00358,0.00819,0.00587,0.00661,0.00184
HaloperidolDarkApoHigh_Individual:27,0.01684,0.01554,0.01989,0.02144,0.0203,0.02206,0.01449,0.01578,0.01399,0.01739,0.00623,0.01156,0.0146
HaloperidolDarkApoHigh_Individual:11,0.01005,0.01389,0.02703,0.04386,0.0,0.01042,0.01653,0.01143,0.02479,0.0146,0.00411,0.02397,0.01757
HaloperidolDarkApoHigh_Individual:37,0.0,0.0,0.0,0,0,0,0,0,0,0.0,0,0,0
HaloperidolDarkApoHigh_Individual:36,0.09259,0.06773,0.05367,0.05955,0.08815,0.06452,0.12442,0.0709,0.07522,0.1048,0.08421,0.08403,0.06667
HaloperidolDarkApoHigh_Individual:5;,0.00971,0.01211,0.01042,0.01793,0.01856,0.01042,0.01932,0.0203,0.01579,0.00341,0.00667,0.01465,0.00383
HaloperidolDarkApoHigh_Individual:9;,0.0,0.0212,0.03704,0.02804,0.02247,0.03274,0.04715,0.05869,0.08864,0.08571,0.08418,0.06441,0.06038
HaloperidolDarkApoHigh_Individual:31,0.01176,0.05128,0.03599,0.02813,0.07256,0.04301,0.04428,0.05351,0.02593,0.00993,0.02319,0.01445,0.00765
HaloperidolDarkApoHigh_Individual:30,0.01402,0.00923,0.01818,0.00518,0.0101,0.0,0.00474,0.00749,0.01015,0.00702,0.00881,0.01587,0.0
HaloperidolDarkApoHigh_Individual:1;,0.02041,0.0,0.00831,0.00488,0.00373,0.02525,0.04217,0.003,0.00692,0.00875,0.00306,0.0,0.00375
HaloperidolDarkApoHigh_Individual:19,0.04348,0.00481,0.00304,0.03133,0.00331,0,0.04348,0.03774,0.05286,0.01972,0.00685,0.0,0.0
HaloperidolDarkApoHigh_Individual:18,0.0411,0.05462,0.06044,0.04332,0.05078,0.04044,0.05856,0.05946,0.05785,0.02482,0.02715,0.04145,0.04902
HaloperidolDarkApoHigh_Individual:39,0.02146,0.0,0.02367,0.01342,0.03299,0.01183,0.02346,0.01357,0.0,0.0,0.01878,0.005,0.00613
HaloperidolDarkApoHigh_Individual:33,0.04255,0.0687,0.03774,0.01639,0.01994,0.02591,0.01646,0.00962,0.00792,0.0,0.00383,0.00658,0.0
HaloperidolDarkApoHigh_Individual:3;,0.02186,0.02427,0.01465,0.02791,0.01282,0.01581,0.00704,0.01498,0.03889,0.00446,0.00671,0.0,0.00714
HaloperidolDarkApoHigh_Individual:32,0.03524,0.03571,0.04282,0.03886,0.02423,0.00896,0.01102,0.00413,0.00247,0.00282,0.01563,0.0,0.0
HaloperidolDarkApoHigh_Individual:13,0.03463,0.02062,0.02256,0.03093,0.01598,0.01594,0.01731,0.01463,0.0125,0.00973,0.00758,0.01961,0.0
HaloperidolDarkApoHigh_Individual:12,0.05189,0.03889,0.04582,0.03542,0.02041,0.0144,0.03646,0.02145,0.00598,0.01214,0.01013,0.00765,0.0
HaloperidolDarkApoHigh_Individual:7;,0.05921,0.19469,0.0614,0.04762,0.09294,0.05296,0.06162,0.0379,0.05357,0.0386,0.01629,0.02454,0.01914
HaloperidolDarkApoHigh_Individual:10,0.01493,0.0,0.02679,0.02239,0.0339,0.03756,0.03429,0.03133,0.02374,0.03069,0.00656,0.01478,0.0179
HaloperidolDarkApoHigh_Individual:17,0.06838,0.06557,0.03797,0.03861,0.0,0.04012,0.04663,0.04887,0.02887,0.02273,0.01176,0.00472,0.0355
HaloperidolDarkApoHigh_Individual:16,0.04365,0.03086,0.04569,0.05759,0.06952,0.04444,0.03247,0.04926,0.03371,0.0122,0.0438,0.02427,0.0
HaloperidolDarkApoHigh_Individual:15,0.07373,0.0625,0.0578,0.07965,0.05122,0.06683,0.07849,0.06818,0.07407,0.05785,0.06098,0.04054,0.03889
HaloperidolDarkApoHigh_Individual:14,0.03763,0.03111,0.03611,0.04573,0.01818,0.03953,0.03458,0.02462,0.01992,0.04977,0.01594,0.00877,0.02532
