HaloperidolDarkApoHigh_Individual:8;,0.0354,0.06333,0.02703,0.01671,0.01534,0.00435,0.0119,0.0,0.03175,0.0061,0.0,0.01105,0.0
HaloperidolDarkApoHigh_Individual:48,0.02727,0.04225,0.0226,0.00621,0.00234,0.01323,0.0098,0.01667,0.0,0.0,0.0,0.0,0.05
HaloperidolDarkApoHigh_Individual:4;,0.02326,0.0,0.02,0.01923,0.01471,0.0119,0.02,0.0107,0.02036,0.00531,0.01095,0.00444,0.0
HaloperidolDarkApoHigh_Individual:40,0.05909,0.03185,0.03333,0.06748,0.01208,0.0119,0.01299,0.01807,0.01408,0.02358,0.01342,0.03101,0.0198
HaloperidolDarkApoHigh_Individual:41,0.04255,0.00962,0.03125,0.04348,0.02063,0.0,0,0.03209,0.01793,0.01582,0.02128,0.0,0.0
HaloperidolDarkApoHigh_Individual:42,0.03896,0.0124,0.00836,0.0131,0.00645,0.0082,0.00176,0.00655,0.00255,0.00519,0.00356,0.00444,0.0
HaloperidolDarkApoHigh_Individual:43,0.10215,0.0,0.0,0.02469,0.0181,0.02162,0.01139,0.01299,0.02,0.00407,0.0082,0.0,0.0
HaloperidolDarkApoHigh_Individual:44,0.35714,0.0,0.25,0,0.0,0.06098,0.05116,0.05217,0.025,0.0,0.08,0.04667,0.06704
HaloperidolDarkApoHigh_Individual:45,0.07692,0.0137,0.00952,0.0,0.0,0.04667,0.01515,0.05079,0.00601,0.0061,0.00306,0.00242,0.0
HaloperidolDarkApoHigh_Individual:46,0.03846,0.0,0.0,0.0,0.00282,0.0,0.00266,0.0,0.0,0.0,0.0,0.0,0.0
HaloperidolDarkApoHigh_Individual:47,0.03974,0.00571,0.01556,0.00478,0.008,0.00855,0.0,0.0,0.0,0.00833,0.0,0.01124,0
HaloperidolDarkApoHigh_Individual:2;,0.02139,0.01978,0.01578,0.00907,0.00903,0.0,0.00441,0.00557,0.01285,0.00727,0.00833,0.0042,0.00843
HaloperidolDarkApoHigh_Individual:28,0.0,0.375,0.0,0.0,0.0,0,0.0,0.0,0.0,0.0,0.0,0.0,0.0
HaloperidolDarkApoHigh_Individual:29,0.04286,0.01205,0.01429,0.00588,0.0,0.00356,0.0,0.00426,0.0,0.00357,0.0,0.0,0.0
HaloperidolDarkApoHigh_Individual:26,0.06667,0.16667,0.0,0.02174,0.01786,0.0,0.10959,0,0.0,0,0,0,0
HaloperidolDarkApoHigh_Individual:6;,0.01299,0.025,0.0,0.0,0.0,0.00797,0.00935,0.02128,0.00909,0.04598,0.0,0.03093,0.0
HaloperidolDarkApoHigh_Individual:24,0.03333,0.02778,0.00952,0.01724,0.04918,0.02564,0.01356,0.01327,0.01953,0.0,0.01068,0.0,0.0
HaloperidolDarkApoHigh_Individual:25,0.0,0.38462,0.0,0.0,0.02,0.00575,0.00656,0.00455,0.0,0.0,0.0,0.0,0.0
HaloperidolDarkApoHigh_Individual:22,0.33333,0.38641,0.05512,0.04054,0.06757,0.05607,0.03205,0.0117,0.008,0.01099,0.016,0.01897,0.01045
HaloperidolDarkApoHigh_Individual:23,0.01786,0.01245,0.0,0.01471,0.02424,0.02691,0.02092,0.02182,0.01333,0.01013,0.00201,0.00737,0.00623
HaloperidolDarkApoHigh_Individual:20,0.025,0.0084,0.00709,0.0,0.0,0.0,0.0,0.00803,0.01493,0.0,0.01449,0.0,0.00694
HaloperidolDarkApoHigh_Individual:21,0.0,0.01478,0.0,0.06122,0.00448,0.0,0.00324,0.01072,0.0,0.0,0.0,0.0,0.0
HaloperidolDarkApoHigh_Individual:34,0.05474,0.03571,0.05102,0.00735,0.01099,0.01852,0.03741,0.05603,0.03833,0.04094,0.02576,0.02108,0.01639
HaloperidolDarkApoHigh_Individual:38,0.02752,0.0,0.0,0.00889,0.01081,0.0,0.01149,0.00429,0.00397,0.00392,0.01075,0.00439,0.0
HaloperidolDarkApoHigh_Individual:35,0.02703,0.01961,0.01901,0.01468,0.01743,0.01151,0.01025,0.00613,0.00238,0.00409,0.00147,0.0,0.00368
HaloperidolDarkApoHigh_Individual:27,0.0101,0.01036,0.01085,0.0117,0.01184,0.00735,0.01656,0.00789,0.01632,0.01159,0.00623,0.00289,0.00365
HaloperidolDarkApoHigh_Individual:11,0.0,0.0,0.00901,0.00877,0.02479,0.0,0.01653,0.00571,0.00826,0.0073,0.00616,0.00171,0.0
HaloperidolDarkApoHigh_Individual:37,0.0,0.0,0.0,0,0,0,0,0,0,0.00339,0,0,0
HaloperidolDarkApoHigh_Individual:36,0.0463,0.01992,0.04237,0.02481,0.03581,0.03519,0.06452,0.04104,0.0531,0.01747,0.03684,0.02941,0.02222
HaloperidolDarkApoHigh_Individual:5;,0.00971,0.01453,0.00347,0.00598,0.01856,0.00868,0.00644,0.00185,0.01053,0.00341,0.00667,0.0,0.00383
HaloperidolDarkApoHigh_Individual:9;,0.07207,0.0212,0.00529,0.02804,0.01685,0.02381,0.03143,0.06573,0.06925,0.05714,0.0404,0.03051,0.03019
HaloperidolDarkApoHigh_Individual:31,0.02353,0.00427,0.01028,0.02813,0.01577,0.03943,0.02214,0.01338,0.01111,0.0,0.0029,0.0,0.0
HaloperidolDarkApoHigh_Individual:30,0.01402,0.00308,0.0,0.00518,0.0,0.0036,0.0,0.00749,0.00508,0.00351,0.00441,0.00529,0.01734
HaloperidolDarkApoHigh_Individual:1;,0.0,0.00833,0.00554,0.00488,0.00373,0.0,0.00602,0.01201,0.00346,0.00875,0.0,0.0,0.01498
HaloperidolDarkApoHigh_Individual:19,0.05217,0.0,0.0,0.00783,0.00662,0,0.0,0.01179,0.01322,0.01972,0.0,0.00337,0.0
HaloperidolDarkApoHigh_Individual:18,0.02055,0.03361,0.01648,0.02166,0.01953,0.04044,0.04955,0.03243,0.0124,0.01418,0.0,0.02073,0.0049
HaloperidolDarkApoHigh_Individual:39,0.01288,0.00629,0.02367,0.00671,0.01015,0.00394,0.00293,0.0,0.0,0.00833,0.00469,0.035,0.0
HaloperidolDarkApoHigh_Individual:33,0.06383,0.05344,0.00377,0.02186,0.00855,0.01295,0.0144,0.00769,0.00792,0.0,0.0,0.0,0.0
HaloperidolDarkApoHigh_Individual:3;,0.01093,0.00485,0.01099,0.02791,0.02564,0.00791,0.00352,0.00375,0.0,0.00446,0.00336,0.00833,0.00357
HaloperidolDarkApoHigh_Individual:32,0.03524,0.04018,0.03275,0.01813,0.01322,0.00896,0.00551,0.0,0.0,0.00282,0.03125,0.05556,0.0
HaloperidolDarkApoHigh_Individual:13,0.02165,0.0,0.02256,0.01375,0.00228,0.00398,0.0,0.0,0.0,0.0,0.00379,0.01307,0.01099
HaloperidolDarkApoHigh_Individual:12,0.01415,0.01111,0.02695,0.00817,0.02226,0.00823,0.00521,0.01072,0.00199,0.0,0.00253,0.0,0.0
HaloperidolDarkApoHigh_Individual:7;,0.03289,0.0531,0.04825,0.05026,0.07063,0.06231,0.01401,0.02041,0.0,0.00702,0.00977,0.00613,0.00478
HaloperidolDarkApoHigh_Individual:10,0.03731,0.01911,0.02232,0.02985,0.0339,0.02347,0.02286,0.00723,0.01187,0.00256,0.0,0.0,0.00256
HaloperidolDarkApoHigh_Individual:17,0.03419,0.02459,0.0211,0.01158,0.0,0.01852,0.01295,0.00752,0.00262,0.0,0.00784,0.0,0.00592
HaloperidolDarkApoHigh_Individual:16,0.06349,0.02469,0.07107,0.05759,0.07487,0.05556,0.07143,0.04926,0.02247,0.02846,0.0146,0.0,0.0
HaloperidolDarkApoHigh_Individual:15,0.03687,0.01509,0.01349,0.00885,0.01463,0.0297,0.03779,0.03409,0.02963,0.06198,0.08537,0.06757,0.03889
HaloperidolDarkApoHigh_Individual:14,0.03226,0.01778,0.02222,0.00915,0.01364,0.02326,0.02882,0.00923,0.00797,0.00905,0.00797,0.01316,0.01899
