HaloperidolDarkApoHigh_Individual:8;,0.03982,0.02,0.01474,0.01671,0.03374,0.0,0.0119,0.0,0.00529,0.0,0.0,0.0,0.0
HaloperidolDarkApoHigh_Individual:48,0.04545,0.01408,0.0339,0.02484,0.01639,0.01058,0.01307,0.03333,0.01515,0.00606,0.01087,0.0,0.0
HaloperidolDarkApoHigh_Individual:4;,0.05814,0.01389,0.02,0.05769,0.01471,0.01587,0.03,0.02941,0.02545,0.02387,0.01095,0.00444,0.00667
HaloperidolDarkApoHigh_Individual:40,0.05455,0.01911,0.0,0.01227,0.02719,0.00595,0.01948,0.00602,0.01408,0.01415,0.02685,0.0155,0.0198
HaloperidolDarkApoHigh_Individual:41,0.0,0.0,0.0,0.01087,0.03492,0.0,0,0.03209,0.04582,0.0443,0.06383,0.04215,0.00995
HaloperidolDarkApoHigh_Individual:42,0.03463,0.02066,0.03621,0.01747,0.04731,0.02664,0.01764,0.03493,0.02041,0.00519,0.01423,0.00444,0.0
HaloperidolDarkApoHigh_Individual:43,0.02688,0.0,0.0,0.04321,0.04072,0.02703,0.00949,0.02078,0.104,0.04065,0.0123,0.01938,0.01327
HaloperidolDarkApoHigh_Individual:44,0.0,0.0,0.0,0,0.0,0.04268,0.02326,0.06087,0.1,0.05882,0.0,0.02,0.04469
HaloperidolDarkApoHigh_Individual:45,0.0,0.0274,0.00952,0.0,0.06061,0.03333,0.01515,0.0254,0.03303,0.0122,0.00917,0.01449,0.00645
HaloperidolDarkApoHigh_Individual:46,0.07692,0.01724,0.02041,0.02121,0.0113,0.0104,0.01596,0.0027,0.0048,0.00341,0.0,0.0,0.00641
HaloperidolDarkApoHigh_Individual:47,0.0,0.02286,0.02335,0.00957,0.024,0.01282,0.00391,0.00532,0.0,0.0,0.0,0.02247,0
HaloperidolDarkApoHigh_Individual:2;,0.04635,0.03297,0.01183,0.02904,0.02347,0.02632,0.02203,0.01253,0.01713,0.02,0.01875,0.01261,0.00281
HaloperidolDarkApoHigh_Individual:28,0.0,0.0021,0.03448,0.0,0.0,0,0.00397,0.0,0.0,0.0,0.0,0.0,0.0
HaloperidolDarkApoHigh_Individual:29,0.01429,0.01205,0.02857,0.02941,0.00521,0.01068,0.01393,0.01277,0.0,0.00714,0.0,0.00775,0.0
HaloperidolDarkApoHigh_Individual:26,0.3,0.16667,0.2,0.06522,0.10714,1.0,0.30137,0,0.0,0,0,0,0
HaloperidolDarkApoHigh_Individual:6;,0.01299,0.075,0.01205,0.00613,0.0,0.0,0.00467,0.0,0.00909,0.02299,0.00935,0.04124,0.0
HaloperidolDarkApoHigh_Individual:24,0.06667,0.02778,0.0381,0.0,0.01639,0.01282,0.0339,0.02655,0.02344,0.01905,0.01779,0.00913,0.00606
HaloperidolDarkApoHigh_Individual:25,0.01099,0.05128,0.0,0.0398,0.04,0.02586,0.00328,0.0,0.0,0.00448,0.0,0.0,0.0
HaloperidolDarkApoHigh_Individual:22,0.09091,0.10468,0.04724,0.03378,0.05405,0.04673,0.03205,0.05263,0.032,0.03297,0.036,0.02439,0.02439
HaloperidolDarkApoHigh_Individual:23,0.02976,0.0166,0.01835,0.03922,0.0697,0.05381,0.03347,0.01091,0.016,0.01519,0.01807,0.01229,0.00312
HaloperidolDarkApoHigh_Individual:20,0.1,0.05882,0.12766,0.056,0.08235,0.06098,0.10256,0.05622,0.11194,0.13043,0.11594,0.14865,0.11111
HaloperidolDarkApoHigh_Individual:21,0.06,0.01478,0.125,0.02041,0.05157,0.09756,0.0356,0.0429,0.18121,0.16071,0.10857,0.18321,0.13636
HaloperidolDarkApoHigh_Individual:34,0.0438,0.03571,0.03061,0.04412,0.03297,0.00926,0.03741,0.03448,0.02439,0.03509,0.01405,0.00937,0.02186
HaloperidolDarkApoHigh_Individual:38,0.01835,0.03448,0.0229,0.06222,0.03784,0.04,0.02874,0.05579,0.01984,0.01961,0.01792,0.0307,0.01563
HaloperidolDarkApoHigh_Individual:35,0.02102,0.02288,0.03042,0.01258,0.0206,0.02046,0.02343,0.01471,0.00477,0.01774,0.00441,0.00397,0.00368
HaloperidolDarkApoHigh_Individual:27,0.0404,0.01727,0.02532,0.03509,0.01184,0.0239,0.0352,0.03353,0.02331,0.02319,0.02492,0.02312,0.01825
HaloperidolDarkApoHigh_Individual:11,0.0201,0.02778,0.00901,0.05263,0.00826,0.0625,0.03306,0.01714,0.01653,0.0146,0.01027,0.00342,0.00351
HaloperidolDarkApoHigh_Individual:37,0.0,1.0,0.0,0,0,0,0,0,0,0.04746,0,0,0
HaloperidolDarkApoHigh_Individual:36,0.05556,0.0996,0.0678,0.04963,0.0551,0.06745,0.04147,0.0709,0.0354,0.04803,0.03158,0.04622,0.07111
HaloperidolDarkApoHigh_Individual:5;,0.03301,0.03632,0.02083,0.02191,0.03299,0.03125,0.0306,0.02952,0.02368,0.0,0.01667,0.02564,0.01149
HaloperidolDarkApoHigh_Individual:9;,0.08108,0.03534,0.02116,0.06542,0.01124,0.03571,0.02554,0.02113,0.01939,0.04,0.05051,0.03051,0.03774
HaloperidolDarkApoHigh_Individual:31,0.05882,0.04274,0.05913,0.03581,0.0347,0.07527,0.05904,0.04013,0.04444,0.03974,0.02319,0.02023,0.01531
HaloperidolDarkApoHigh_Individual:30,0.00935,0.02769,0.01818,0.01554,0.0101,0.01799,0.0237,0.03745,0.03046,0.02807,0.02203,0.02646,0.00578
HaloperidolDarkApoHigh_Individual:1;,0.0102,0.0,0.02216,0.01463,0.01119,0.01515,0.01807,0.01201,0.00346,0.01749,0.00306,0.008,0.00749
HaloperidolDarkApoHigh_Individual:19,0.08696,0.00481,0.0,0.02089,0.0,0,0.01087,0.03774,0.05727,0.05915,0.03082,0.00673,0.0
HaloperidolDarkApoHigh_Individual:18,0.03425,0.02521,0.06044,0.02888,0.08594,0.03676,0.04054,0.04324,0.03719,0.02837,0.04072,0.04663,0.0098
HaloperidolDarkApoHigh_Individual:39,0.01717,0.01258,0.01775,0.00671,0.01269,0.01578,0.02346,0.00452,0.0,0.00833,0.00939,0.01,0.01227
HaloperidolDarkApoHigh_Individual:33,0.04255,0.0458,0.03019,0.01093,0.04558,0.03368,0.02675,0.00577,0.01188,0.0,0.01533,0.0,0.0
HaloperidolDarkApoHigh_Individual:3;,0.05464,0.00971,0.00733,0.0186,0.02991,0.0,0.01761,0.00375,0.01667,0.00446,0.01342,0.0,0.00714
HaloperidolDarkApoHigh_Individual:32,0.07048,0.04464,0.02519,0.03109,0.03965,0.02867,0.02755,0.02066,0.00494,0.0113,0.0,0.0,0.01852
HaloperidolDarkApoHigh_Individual:13,0.01732,0.03608,0.0,0.01718,0.00457,0.00199,0.00192,0.00183,0.00417,0.0,0.00379,0.0,0.0
HaloperidolDarkApoHigh_Individual:12,0.05189,0.03056,0.01078,0.01907,0.02597,0.01852,0.02604,0.02681,0.01195,0.00971,0.02278,0.0051,0.0
HaloperidolDarkApoHigh_Individual:7;,0.11842,0.0531,0.01754,0.01587,0.02602,0.02181,0.03081,0.04373,0.04643,0.0386,0.03909,0.03681,0.01435
HaloperidolDarkApoHigh_Individual:10,0.03731,0.02548,0.03571,0.00746,0.01695,0.04695,0.02857,0.04819,0.01187,0.00512,0.00875,0.00985,0.00256
HaloperidolDarkApoHigh_Individual:17,0.04274,0.03279,0.01266,0.02703,0.0,0.02469,0.02332,0.02256,0.01837,0.02273,0.02745,0.00472,0.02367
HaloperidolDarkApoHigh_Individual:16,0.03571,0.04938,0.0203,0.0733,0.06952,0.05556,0.0974,0.06404,0.05618,0.03659,0.0,0.0,0.01042
HaloperidolDarkApoHigh_Individual:15,0.08295,0.0194,0.02312,0.04867,0.05122,0.0495,0.0407,0.04924,0.07407,0.02479,0.02439,0.05405,0.02778
HaloperidolDarkApoHigh_Individual:14,0.02688,0.01333,0.01111,0.0122,0.01818,0.0186,0.03458,0.02154,0.01594,0.00905,0.00797,0.02193,0.00633
