HaloperidolDarkApoHigh_Individual:8;,0.20796,0.20667,0.26044,0.22912,0.24847,0.25217,0.22024,0.28205,0.20635,0.27439,0.29474,0.29282,0.2541
HaloperidolDarkApoHigh_Individual:48,0.14545,0.05634,0.19774,0.16149,0.09836,0.15344,0.13725,0.19444,0.22222,0.20606,0.28261,0.16393,0.175
HaloperidolDarkApoHigh_Individual:4;,0.2093,0.18056,0.19,0.15385,0.14706,0.21429,0.2,0.18182,0.17557,0.23342,0.21533,0.12889,0.20333
HaloperidolDarkApoHigh_Individual:40,0.17727,0.30573,0.29167,0.21472,0.24773,0.29167,0.29221,0.28012,0.25117,0.1934,0.26174,0.26357,0.16832
HaloperidolDarkApoHigh_Individual:41,0.2766,0.06731,0.125,0.08696,0.25556,0.2,0,0.22995,0.21514,0.26266,0.35461,0.21839,0.20398
HaloperidolDarkApoHigh_Individual:42,0.16017,0.22727,0.20891,0.23581,0.19785,0.2459,0.26102,0.18122,0.14031,0.16104,0.17794,0.15111,0.16779
HaloperidolDarkApoHigh_Individual:43,0.1129,0.0,0.0,0.07407,0.15837,0.19189,0.24099,0.23377,0.236,0.34146,0.34426,0.35659,0.31416
HaloperidolDarkApoHigh_Individual:44,0.0,0.0,0.0,0,0.0,0.11585,0.08372,0.15652,0.075,0.08824,0.04,0.05333,0.06704
HaloperidolDarkApoHigh_Individual:45,0.02564,0.20548,0.17143,0.0,0.0,0.16667,0.22727,0.19048,0.21622,0.21951,0.19266,0.15459,0.16452
HaloperidolDarkApoHigh_Individual:46,0.125,0.27011,0.18076,0.20606,0.15819,0.07692,0.18351,0.12668,0.1223,0.20137,0.08876,0.20106,0.19231
HaloperidolDarkApoHigh_Individual:47,0.08609,0.14857,0.26848,0.26794,0.248,0.23077,0.24609,0.27128,0.18269,0.14167,0.22667,0.20225,0
HaloperidolDarkApoHigh_Individual:2;,0.20321,0.24835,0.23274,0.24319,0.25812,0.25542,0.27753,0.29526,0.27623,0.22364,0.2,0.22899,0.17978
HaloperidolDarkApoHigh_Individual:28,0.0,0.08298,0.06897,0.40625,0.13462,0,0.0754,0.0,0.0,0.0,0.0,0.0,0.0
HaloperidolDarkApoHigh_Individual:29,0.2,0.15663,0.22857,0.21765,0.20313,0.18861,0.15042,0.22128,0.0,0.175,0.09639,0.13178,0.05036
HaloperidolDarkApoHigh_Individual:26,0.0,0.0,0.0,0.02174,0.01786,0.0,0.0137,0,0.0,0,0,0,0
HaloperidolDarkApoHigh_Individual:6;,0.27273,0.15,0.14458,0.14724,0.23232,0.20717,0.18692,0.17021,0.21818,0.17241,0.26168,0.15464,0.1875
HaloperidolDarkApoHigh_Individual:24,0.11667,0.08333,0.15238,0.09483,0.09836,0.14103,0.12542,0.16814,0.14063,0.19683,0.1637,0.16895,0.2
HaloperidolDarkApoHigh_Individual:25,0.25275,0.05128,0.08108,0.13433,0.34,0.22414,0.21639,0.19091,0.1875,0.16592,0.0977,0.0766,0.29932
HaloperidolDarkApoHigh_Individual:22,0.06061,0.03452,0.16535,0.26014,0.21622,0.16822,0.19231,0.25731,0.26,0.24725,0.256,0.26287,0.26829
HaloperidolDarkApoHigh_Individual:23,0.03571,0.12863,0.23547,0.21569,0.17273,0.15247,0.13808,0.16727,0.17333,0.18734,0.14458,0.21867,0.18692
HaloperidolDarkApoHigh_Individual:20,0.0,0.15126,0.1844,0.184,0.18235,0.10976,0.15385,0.16064,0.18657,0.11594,0.15942,0.16216,0.17361
HaloperidolDarkApoHigh_Individual:21,0.14,0.0,0.25,0.04082,0.15022,0.05488,0.14887,0.19839,0.05369,0.08036,0.22857,0.26718,0.15909
HaloperidolDarkApoHigh_Individual:34,0.20073,0.17857,0.18367,0.27206,0.21978,0.2037,0.2381,0.16379,0.17073,0.15205,0.16862,0.1171,0.1612
HaloperidolDarkApoHigh_Individual:38,0.21101,0.28448,0.38168,0.28889,0.35676,0.405,0.38793,0.35622,0.43651,0.43922,0.42652,0.39035,0.35417
HaloperidolDarkApoHigh_Individual:35,0.14715,0.1634,0.28897,0.2935,0.26466,0.24552,0.28111,0.29167,0.34923,0.25648,0.24523,0.30026,0.18232
HaloperidolDarkApoHigh_Individual:27,0.28956,0.29188,0.24593,0.23392,0.24535,0.17831,0.22981,0.23471,0.23077,0.24928,0.19003,0.20231,0.13139
HaloperidolDarkApoHigh_Individual:11,0.19598,0.11111,0.14414,0.15789,0.1157,0.14583,0.12397,0.12,0.13223,0.13869,0.22793,0.26884,0.27592
HaloperidolDarkApoHigh_Individual:37,0.0,0.0,0.0,0,0,0,0,0,0,0.00678,0,0,0
HaloperidolDarkApoHigh_Individual:36,0.20833,0.13147,0.24859,0.21092,0.18457,0.19062,0.08756,0.1194,0.18142,0.17467,0.12105,0.15126,0.22222
HaloperidolDarkApoHigh_Individual:5;,0.20583,0.24455,0.21181,0.29681,0.25361,0.24826,0.20129,0.22325,0.20789,0.25256,0.25,0.23077,0.25287
HaloperidolDarkApoHigh_Individual:9;,0.11712,0.08834,0.08466,0.16822,0.11236,0.22321,0.20432,0.15493,0.14127,0.15714,0.15825,0.13559,0.14717
HaloperidolDarkApoHigh_Individual:31,0.25882,0.32051,0.27763,0.27877,0.25237,0.21147,0.20664,0.25418,0.32593,0.26821,0.33913,0.33815,0.32398
HaloperidolDarkApoHigh_Individual:30,0.17757,0.21231,0.25455,0.20207,0.09091,0.15108,0.20853,0.19476,0.19289,0.14737,0.22467,0.2381,0.12717
HaloperidolDarkApoHigh_Individual:1;,0.10714,0.2,0.20776,0.10732,0.17537,0.20202,0.16265,0.16517,0.26644,0.16327,0.11927,0.16267,0.1236
HaloperidolDarkApoHigh_Individual:19,0.06957,0.09615,0.09422,0.21671,0.00331,0,0.18478,0.20991,0.12335,0.15775,0.14726,0.11111,0.04878
HaloperidolDarkApoHigh_Individual:18,0.15068,0.14706,0.18956,0.1769,0.23047,0.26103,0.18018,0.22162,0.18182,0.32624,0.33937,0.31606,0.29412
HaloperidolDarkApoHigh_Individual:39,0.12446,0.22013,0.13018,0.24161,0.2868,0.45365,0.41642,0.26697,0.11842,0.15833,0.28169,0.24,0.1411
HaloperidolDarkApoHigh_Individual:33,0.07447,0.0916,0.20755,0.22404,0.23362,0.22539,0.19959,0.2,0.25149,0.33452,0.2682,0.17763,0.08247
HaloperidolDarkApoHigh_Individual:3;,0.18579,0.27184,0.23077,0.15814,0.23077,0.26482,0.21127,0.20974,0.16111,0.17411,0.17114,0.06667,0.1
HaloperidolDarkApoHigh_Individual:32,0.17621,0.19196,0.22922,0.18912,0.23348,0.18817,0.22039,0.24793,0.21235,0.08757,0.03125,0.11111,0.22222
HaloperidolDarkApoHigh_Individual:13,0.19913,0.19072,0.19549,0.2268,0.15753,0.20319,0.25,0.24132,0.26875,0.19708,0.29167,0.31373,0.28571
HaloperidolDarkApoHigh_Individual:12,0.21698,0.29444,0.26685,0.3079,0.29314,0.28601,0.29167,0.2815,0.31873,0.3665,0.36203,0.3801,0.39157
HaloperidolDarkApoHigh_Individual:7;,0.10526,0.0885,0.1886,0.24868,0.20074,0.19626,0.27171,0.26239,0.19643,0.31579,0.25407,0.30061,0.311
HaloperidolDarkApoHigh_Individual:10,0.15672,0.17834,0.15625,0.1194,0.17373,0.19249,0.18857,0.19277,0.19288,0.2046,0.23414,0.24384,0.23785
HaloperidolDarkApoHigh_Individual:17,0.11111,0.13115,0.14768,0.25869,0.0,0.20988,0.17098,0.2406,0.10499,0.11932,0.16471,0.23585,0.17751
HaloperidolDarkApoHigh_Individual:16,0.17857,0.25309,0.28426,0.2199,0.20321,0.18889,0.19481,0.21182,0.24719,0.25203,0.29197,0.23786,0.3125
HaloperidolDarkApoHigh_Individual:15,0.07373,0.22198,0.2447,0.23894,0.23659,0.19554,0.21512,0.20076,0.17778,0.17355,0.18902,0.13514,0.09444
HaloperidolDarkApoHigh_Individual:14,0.1828,0.26222,0.23056,0.15244,0.30909,0.31163,0.30548,0.32308,0.25498,0.181,0.32669,0.28947,0.29747
