NDMCDarkApoHigh_Individual:8;,0.06667,0.04082,0.05882,0.033,0.04211,0.03297,0.03209,0.03571,0.02439,0.05833,0.05172,0.01951,0.02817
NDMCDarkApoHigh_Individual:48,0.05405,0.02985,0.05952,0.06915,0.05556,0.03763,0.0,0.0,0.07971,0.01489,0.01976,0.02548,0.0121
NDMCDarkApoHigh_Individual:4;,0.01075,0.02459,0.04255,0.02823,0.00319,0.01974,0.0,0.0,0.0,0.0,0.01387,0.0,0.01803
NDMCDarkApoHigh_Individual:40,0.09615,0.08163,0.03006,0.0276,0.03629,0.08171,0.0719,0.03774,0.02391,0.01518,0.0186,0.00625,0.0
NDMCDarkApoHigh_Individual:41,0.0,0.02174,0.03497,0.01508,0.0,0.03552,0.02834,0.01829,0.01739,0.0,0.01786,0.01333,0.0
NDMCDarkApoHigh_Individual:42,0.02857,0.04124,0.0,0.0,0.0,0.0,0.0,0.0,0.0,0.03153,0.02672,0.0,0.0
NDMCDarkApoHigh_Individual:43,0.0,0.0,0.0,0.0,0,0.05556,0.04192,0.0472,0.03837,0.01781,0.02215,0.0198,0.0
NDMCDarkApoHigh_Individual:44,0.02062,0.0,0.0,0,0,0.05128,0,0,0.03871,0.08293,0.04938,0.03947,0.0
NDMCDarkApoHigh_Individual:45,0.06993,0.07317,0.07692,0.0,0.01887,0.05469,0.03125,0.05914,0.03441,0.02273,0.02857,0.0,0.04065
NDMCDarkApoHigh_Individual:46,0.04478,0.0,0,0,0,0,0,0.0,0.0,0.06429,0.09091,0.03915,0.0
NDMCDarkApoHigh_Individual:47,0.07826,0.01639,0,0.0,0,0.0,0,0.04274,0.04797,0.06376,0.04459,0.05155,0.025
NDMCDarkApoHigh_Individual:2;,0.04615,0.04286,0.03593,0.05025,0.05199,0.05946,0.06294,0.05119,0.0176,0.03497,0.06579,0.03614,0.02941
NDMCDarkApoHigh_Individual:28,0.01111,0.0,0.0,0.0495,0.02685,0.03692,0.04651,0.0438,0.05882,0.04898,0.05622,0.02247,0.07692
NDMCDarkApoHigh_Individual:29,0.08511,0.04972,0,0.0,0.0,0,0.0,0.05994,0.02609,0.01835,0.0,0.04545,0.03279
NDMCDarkApoHigh_Individual:26,0.02326,0.0,0.0,0.0,0.03738,0.11111,0.01478,0.00796,0.04469,0.02198,0.03252,0.01238,0.02222
NDMCDarkApoHigh_Individual:6;,0.03226,0.01626,0.0559,0.03,0.06897,0.07003,0.01333,0.0597,0.01695,0.0,0.0292,0.01724,0.01333
NDMCDarkApoHigh_Individual:24,0.05224,0.08284,0.03604,0.04724,0.05957,0.0479,0.0463,0.05405,0.03759,0.02885,0.01899,0.04167,0.01818
NDMCDarkApoHigh_Individual:25,0.04255,0.04348,0.07143,0.03968,0.07143,0.04808,0.0599,0.04151,0.1037,0.04225,0.03261,0.0,0.0
NDMCDarkApoHigh_Individual:22,0.0,0.03448,0.02564,0.05369,0.05242,0.01852,0.05185,0.05505,0.0,0.01449,0.0,0.0,0.07143
NDMCDarkApoHigh_Individual:23,0.07273,0.08696,0.05848,0.06324,0.03586,0.05319,0.05298,0.03963,0.0125,0.04902,0.00826,0.01942,0.05556
NDMCDarkApoHigh_Individual:20,0.06897,0,0.0,0.05946,0.03873,0.03448,0.01829,0.03989,0.00897,0.00746,0.02158,0.03704,0.0084
NDMCDarkApoHigh_Individual:21,0.03226,0.07813,0,0,0,0.0303,0.03659,0.02397,0.01923,0.03774,0.03279,0.00901,0.03125
NDMCDarkApoHigh_Individual:34,0.04878,0.01488,0,0.03704,0.08333,0.06818,0.05592,0.04908,0.02778,0.04819,0.03472,0.09859,0.03846
NDMCDarkApoHigh_Individual:38,0.17647,0.02273,0.04734,0.03584,0.07547,0.04281,0.03766,0.03889,0.00699,0.0,0.01042,0.00505,0.01807
NDMCDarkApoHigh_Individual:35,0.02985,0.04367,0.04598,0.03053,0.01992,0.04783,0.01901,0.03333,0.04348,0.0,0.0,0.07407,0.02632
NDMCDarkApoHigh_Individual:27,0.0119,0,0,0.0,0.0,0.0,0.0,0.0,0.0,0.00873,0.00222,0.00389,0.02174
NDMCDarkApoHigh_Individual:11,0.02128,0.05422,0.03636,0.0,0.07237,0.06098,0.03922,0.00676,0.00806,0.01087,0.0,0.0,0.02621
NDMCDarkApoHigh_Individual:37,0.07104,0.04167,0.06294,0.06849,0.0,0,0,0.04923,0.05085,0.02804,0.02113,0.00767,0.00485
NDMCDarkApoHigh_Individual:36,0.02273,0.03822,0.03545,0.01905,0.0398,0.03963,0.05581,0.05788,0.04959,0.04167,0.02747,0.04396,0.01176
NDMCDarkApoHigh_Individual:5;,0.13675,0.0,0.06024,0.04459,0.07834,0.05431,0.0393,0.0717,0.03297,0.03093,0.01493,0.01961,0.02299
NDMCDarkApoHigh_Individual:9;,0.06173,0.13333,0.11111,0.05128,0.05229,0.03165,0.04762,0.06553,0.10795,0.07368,0.03509,0.02581,0.0625
NDMCDarkApoHigh_Individual:31,0.04839,0.07143,0.03226,0,0,0,0.01613,0.06364,0.08511,0.04386,0.05217,0.0,0.02895
NDMCDarkApoHigh_Individual:30,0.0,0,0.00989,0.0,0.0,0.0101,0.05263,0.0,0.04721,0.01563,0.04575,0.01439,0.01905
NDMCDarkApoHigh_Individual:1;,0.03356,0.0,0.0,0.01471,0.0,0.04762,0.02985,0.032,0.0267,0.02201,0.03247,0.03727,0.0354
NDMCDarkApoHigh_Individual:19,0.0,0.0396,0.05164,0.03279,0.05828,0.00495,0.00858,0.01905,0.00606,0.00943,0.0,0.0,0.0
NDMCDarkApoHigh_Individual:18,0.0625,0.0,0.0,0.0,0.0144,0.0708,0.02516,0.04242,0.02218,0.01964,0.00595,0.0,0.02362
NDMCDarkApoHigh_Individual:39,0.04124,0.0,0,0,0,0,0.0,0,0.02381,0.03343,0.04471,0.02564,0.02256
NDMCDarkApoHigh_Individual:33,0.05376,0.0,0.04762,0.05291,0.06061,0.08118,0.06349,0.06098,0.05839,0.0241,0.01504,0.00685,0.02381
NDMCDarkApoHigh_Individual:3;,0.0,0.0,0.0,0.0137,0.04444,0.03403,0.03641,0.02828,0.03285,0.0184,0.01667,0.0,0.0
NDMCDarkApoHigh_Individual:32,0.0,0.01587,0,0.01963,0.0261,0.0,0.02703,0.0,0.0,0,0.03012,0.0219,0.00826
NDMCDarkApoHigh_Individual:13,0.03704,0.04545,0.0614,0.03502,0.07407,0.04822,0.0805,0.05825,0.06355,0.03646,0.06215,0.05155,0.0099
NDMCDarkApoHigh_Individual:12,0.07246,0.0,0.0,0.0,0.06504,0.04255,0.04183,0.03306,0.01944,0.03448,0.0303,0.02941,0.01136
NDMCDarkApoHigh_Individual:7;,0.02198,0.01667,0.0813,0.0,0.0,0.05556,0,0.06481,0.0,0.07746,0.00996,0.0,0.05882
NDMCDarkApoHigh_Individual:10,0.03,0.05114,0.01554,0.01646,0.0102,0.0,0.0,0.0,0.01613,0.01064,0.04,0.0,0.0
NDMCDarkApoHigh_Individual:17,0.04444,0.0,0,0,0.0,0.0,0.08,0.06452,0.02959,0.02454,0.03409,0.0061,0.01212
NDMCDarkApoHigh_Individual:16,0.01724,0.04,0.0125,0.03086,0.07641,0.07656,0.0407,0.01423,0.04639,0.01488,0.00345,0.00906,0.0
NDMCDarkApoHigh_Individual:15,0.0303,0.0524,0.0264,0.05656,0.03357,0.00274,0.05366,0.02643,0.00877,0.0,0.02041,0.0,0.02207
NDMCDarkApoHigh_Individual:14,0.08696,0.13043,0.06548,0.03409,0.02924,0.04159,0.03683,0.05181,0.02899,0.03836,0.04016,0.01953,0.00901
