NDMCHighDarkApoHigh_Individual:8;,324,474,332,529,300,363,337,331,237,168,190,290,215
NDMCHighDarkApoHigh_Individual:48,340,270,548,658,624,543,425,388,218,221,266,225,181
NDMCHighDarkApoHigh_Individual:4;,222,115,97,100,99,31,41,65,22,60,42,90,36
NDMCHighDarkApoHigh_Individual:40,133,413,330,457,348,505,284,521,430,621,480,432,572
NDMCHighDarkApoHigh_Individual:41,154,503,486,526,385,368,363,433,419,595,394,478,574
NDMCHighDarkApoHigh_Individual:42,218,463,856,626,448,185,530,300,373,201,174,419,290
NDMCHighDarkApoHigh_Individual:43,47,0,144,638,294,323,504,306,203,46,107,126,124
NDMCHighDarkApoHigh_Individual:44,172,120,602,730,460,431,536,395,177,310,267,103,265
NDMCHighDarkApoHigh_Individual:45,348,205,5,1925,1683,1132,656,517,413,279,135,107,297
NDMCHighDarkApoHigh_Individual:46,167,222,164,643,337,502,493,553,368,423,226,507,368
NDMCHighDarkApoHigh_Individual:47,222,366,540,720,710,613,461,620,567,365,373,242,173
NDMCHighDarkApoHigh_Individual:2;,317,360,423,252,400,213,100,89,147,70,19,89,0
NDMCHighDarkApoHigh_Individual:28,320,418,428,315,354,357,494,469,409,425,506,654,347
NDMCHighDarkApoHigh_Individual:29,379,737,709,729,753,581,548,450,409,435,89,53,68
NDMCHighDarkApoHigh_Individual:26,333,248,386,498,399,373,334,405,414,203,141,55,31
NDMCHighDarkApoHigh_Individual:6;,503,714,636,758,631,665,621,431,315,408,239,156,182
NDMCHighDarkApoHigh_Individual:24,412,230,228,629,796,626,622,458,453,500,435,580,416
NDMCHighDarkApoHigh_Individual:25,189,359,208,270,356,342,431,518,667,445,339,72,37
NDMCHighDarkApoHigh_Individual:22,246,97,492,626,475,656,547,412,414,336,400,431,313
NDMCHighDarkApoHigh_Individual:23,240,156,302,238,665,816,735,610,610,649,446,692,511
NDMCHighDarkApoHigh_Individual:20,91,493,522,0,801,764,374,434,441,222,369,331,427
NDMCHighDarkApoHigh_Individual:21,111,395,645,602,598,566,565,445,430,427,318,221,288
NDMCHighDarkApoHigh_Individual:34,393,466,531,527,474,363,379,169,125,53,0,0,7
NDMCHighDarkApoHigh_Individual:38,460,730,465,497,532,483,296,363,264,192,180,151,48
NDMCHighDarkApoHigh_Individual:35,348,353,421,347,422,382,688,296,391,347,635,450,554
NDMCHighDarkApoHigh_Individual:27,93,157,125,202,173,175,45,457,177,188,191,130,229
NDMCHighDarkApoHigh_Individual:11,123,451,539,385,317,444,425,455,358,280,243,208,228
NDMCHighDarkApoHigh_Individual:37,443,607,503,557,381,366,225,213,178,221,286,90,138
NDMCHighDarkApoHigh_Individual:36,309,435,427,543,320,462,597,334,406,434,431,279,296
NDMCHighDarkApoHigh_Individual:5;,421,387,232,302,333,317,306,297,153,68,209,90,84
NDMCHighDarkApoHigh_Individual:9;,650,632,737,664,573,843,633,399,281,434,237,46,87
NDMCHighDarkApoHigh_Individual:31,241,416,432,472,507,476,424,394,361,287,83,50,64
NDMCHighDarkApoHigh_Individual:30,267,529,532,639,476,412,325,229,216,275,226,79,37
NDMCHighDarkApoHigh_Individual:1;,402,470,517,572,460,398,601,562,718,426,558,408,613
NDMCHighDarkApoHigh_Individual:19,155,279,408,462,590,530,375,422,413,207,278,280,334
NDMCHighDarkApoHigh_Individual:18,337,419,293,404,388,426,321,319,217,277,241,146,299
NDMCHighDarkApoHigh_Individual:39,247,460,698,550,551,544,472,448,443,476,486,335,232
NDMCHighDarkApoHigh_Individual:33,167,303,386,198,367,409,630,727,637,615,809,931,829
NDMCHighDarkApoHigh_Individual:3;,557,548,500,542,422,461,288,378,321,370,358,473,512
NDMCHighDarkApoHigh_Individual:32,420,512,587,610,651,688,262,193,187,239,61,21,75
NDMCHighDarkApoHigh_Individual:13,156,99,212,260,352,525,518,427,239,341,272,254,320
NDMCHighDarkApoHigh_Individual:12,325,597,444,288,382,246,197,171,254,209,301,316,282
NDMCHighDarkApoHigh_Individual:7;,435,596,557,426,627,536,365,348,368,127,112,219,137
NDMCHighDarkApoHigh_Individual:10,523,695,671,857,622,893,951,579,438,220,72,87,162
NDMCHighDarkApoHigh_Individual:17,155,430,680,355,257,275,325,353,347,447,438,508,713
NDMCHighDarkApoHigh_Individual:16,316,185,358,436,442,456,571,1134,741,653,438,370,577
NDMCHighDarkApoHigh_Individual:15,217,190,234,389,491,506,506,488,544,710,413,252,414
NDMCHighDarkApoHigh_Individual:14,209,612,681,364,331,419,320,282,279,219,196,178,97
