NDMCHighDarkApoHigh_Individual:8;,0.22093,0.21285,0.11732,0.16609,0.10303,0.0787,0.15138,0.14428,0.1831,0.16327,0.06481,0.08228,0.10435
NDMCHighDarkApoHigh_Individual:48,0.09474,0.14793,0.1068,0.2,0.23796,0.19243,0.17213,0.18807,0.09929,0.11024,0.05696,0.12598,0.0404
NDMCHighDarkApoHigh_Individual:4;,0.04464,0.07937,0.05769,0.07547,0.09804,0.0,0.0,0.03125,0.0,0.0,0.04545,0.0,0.21053
NDMCHighDarkApoHigh_Individual:40,0.01351,0.0,0.04348,0.06367,0.09709,0.04762,0.08,0.09804,0.12048,0.08967,0.12541,0.05208,0.07532
NDMCHighDarkApoHigh_Individual:41,0.17857,0.16487,0.16296,0.10239,0.18182,0.13776,0.06829,0.14167,0.13333,0.13994,0.11404,0.15957,0.15089
NDMCHighDarkApoHigh_Individual:42,0.07692,0.13534,0.19028,0.20397,0.16735,0.05102,0.15464,0.12963,0.16256,0.04673,0.05319,0.18261,0.10458
NDMCHighDarkApoHigh_Individual:43,0.03704,0,0.0,0.13743,0.14103,0.1117,0.14336,0.05789,0.06034,0.10345,0.03509,0.04225,0.12
NDMCHighDarkApoHigh_Individual:44,0.06,0.14493,0.16616,0.15423,0.13534,0.10931,0.13115,0.14222,0.07143,0.14835,0.12651,0.15254,0.0
NDMCHighDarkApoHigh_Individual:45,0.10046,0.09231,0.0,0.05528,0.07967,0.06793,0.14722,0.16216,0.15726,0.15244,0.06186,0.15714,0.00629
NDMCHighDarkApoHigh_Individual:46,0.0,0.04,0.09302,0.2238,0.14356,0.15753,0.18116,0.08459,0.09524,0.07047,0.19685,0.07967,0.03861
NDMCHighDarkApoHigh_Individual:47,0.05263,0.14692,0.12871,0.13288,0.11241,0.0799,0.09963,0.13433,0.15068,0.11715,0.10569,0.06918,0.06122
NDMCHighDarkApoHigh_Individual:2;,0.15934,0.14545,0.08614,0.12209,0.08582,0.09016,0.0,0.0,0.05195,0.0,0.22222,0.0,0
NDMCHighDarkApoHigh_Individual:28,0.08523,0.13445,0.08861,0.16185,0.11224,0.09852,0.11511,0.1,0.08,0.09362,0.08219,0.13043,0.09091
NDMCHighDarkApoHigh_Individual:29,0.125,0.20375,0.16585,0.16268,0.18161,0.13018,0.17555,0.12868,0.11983,0.12214,0.08696,0.14815,0.0
NDMCHighDarkApoHigh_Individual:26,0.05714,0.15909,0.03415,0.06475,0.15451,0.09633,0.11979,0.17241,0.128,0.07143,0.06329,0.03448,0.0
NDMCHighDarkApoHigh_Individual:6;,0.1637,0.11479,0.15625,0.11899,0.125,0.12846,0.07046,0.12595,0.19474,0.12698,0.08955,0.10112,0.08654
NDMCHighDarkApoHigh_Individual:24,0.07424,0.08759,0.0813,0.15406,0.2065,0.13889,0.17898,0.1487,0.16296,0.13265,0.16216,0.24194,0.15678
NDMCHighDarkApoHigh_Individual:25,0.12621,0.07767,0.11304,0.08075,0.08586,0.08021,0.07143,0.10847,0.06234,0.0754,0.04813,0.04545,0.09524
NDMCHighDarkApoHigh_Individual:22,0.06623,0.07143,0.16357,0.17964,0.23413,0.23513,0.22667,0.1441,0.11554,0.07339,0.13866,0.07874,0.08556
NDMCHighDarkApoHigh_Individual:23,0.02985,0.02174,0.03297,0.10145,0.17337,0.2069,0.21853,0.26625,0.16046,0.20533,0.1162,0.15479,0.19872
NDMCHighDarkApoHigh_Individual:20,0.06,0.08696,0.22648,0,0.27523,0.19249,0.21327,0.16602,0.12749,0.07353,0.13274,0.16418,0.03587
NDMCHighDarkApoHigh_Individual:21,0.01724,0.11739,0.1586,0.22917,0.16992,0.14815,0.17523,0.22264,0.16296,0.14391,0.13426,0.08527,0.20349
NDMCHighDarkApoHigh_Individual:34,0.12146,0.1677,0.15254,0.1399,0.08971,0.04545,0.02532,0.01852,0.01471,0.0,0,0,0.33333
NDMCHighDarkApoHigh_Individual:38,0.20248,0.26585,0.23938,0.17832,0.19614,0.18491,0.16667,0.07556,0.10127,0.13393,0.13592,0.10526,0.08333
NDMCHighDarkApoHigh_Individual:35,0.07853,0.12621,0.10811,0.05069,0.0177,0.07522,0.0603,0.08235,0.09211,0.08491,0.01914,0.03922,0.03359
NDMCHighDarkApoHigh_Individual:27,0.15385,0.06897,0.05556,0.14035,0.16832,0.06061,0.04348,0.0119,0.08911,0.08411,0.06422,0.09333,0.0155
NDMCHighDarkApoHigh_Individual:11,0.12308,0.11554,0.14094,0.04525,0.07527,0.13962,0.10274,0.16129,0.20814,0.23596,0.15723,0.26563,0.11189
NDMCHighDarkApoHigh_Individual:37,0.16461,0.21515,0.2043,0.16294,0.15962,0.10667,0.05036,0.09848,0.04854,0.10219,0.05085,0.06383,0.08108
NDMCHighDarkApoHigh_Individual:36,0.03529,0.12,0.0655,0.09355,0.04813,0.07874,0.06609,0.03349,0.0613,0.06985,0.08081,0.0678,0.04444
NDMCHighDarkApoHigh_Individual:5;,0.1073,0.1086,0.18797,0.11494,0.13978,0.11798,0.21557,0.07595,0.03448,0.0,0.0,0.0,0.0
NDMCHighDarkApoHigh_Individual:9;,0.15042,0.15556,0.19903,0.20499,0.26129,0.18619,0.17143,0.22374,0.17197,0.2087,0.23967,0.0,0.04444
NDMCHighDarkApoHigh_Individual:31,0.16667,0.13825,0.18026,0.24903,0.23944,0.17483,0.20599,0.24427,0.17269,0.11602,0.10204,0.0,0.09091
NDMCHighDarkApoHigh_Individual:30,0.14189,0.16613,0.15738,0.14905,0.1193,0.13253,0.08629,0.0493,0.03676,0.03067,0.04098,0.0,0.0
NDMCHighDarkApoHigh_Individual:1;,0.10965,0.15891,0.13793,0.15723,0.11832,0.06867,0.08163,0.06563,0.03614,0.05532,0.04,0.04255,0.03904
NDMCHighDarkApoHigh_Individual:19,0.01205,0.0125,0.12174,0.18561,0.15759,0.17333,0.08531,0.13675,0.09649,0.01587,0.08861,0.09091,0.0733
NDMCHighDarkApoHigh_Individual:18,0.09626,0.1617,0.1125,0.11161,0.1036,0.125,0.10929,0.06044,0.10448,0.04142,0.04895,0.13253,0.06742
NDMCHighDarkApoHigh_Individual:39,0.14384,0.16541,0.13366,0.14375,0.13623,0.17015,0.10508,0.05316,0.05986,0.11215,0.13018,0.14222,0.19205
NDMCHighDarkApoHigh_Individual:33,0.11828,0.08333,0.1215,0.168,0.09859,0.10526,0.11737,0.10606,0.09832,0.10194,0.09091,0.0469,0.05429
NDMCHighDarkApoHigh_Individual:3;,0.10458,0.18121,0.13653,0.13131,0.11966,0.10811,0.1118,0.17308,0.16384,0.11707,0.15104,0.05019,0.10035
NDMCHighDarkApoHigh_Individual:32,0.175,0.17822,0.1994,0.13978,0.17544,0.17874,0.14024,0.06542,0.03636,0.03497,0.03125,0.0,0.07895
NDMCHighDarkApoHigh_Individual:13,0.08235,0.03333,0.10833,0.08725,0.05392,0.09003,0.06803,0.14683,0.10638,0.10628,0.02941,0.03205,0.01639
NDMCHighDarkApoHigh_Individual:12,0.18919,0.2149,0.17695,0.09375,0.11521,0.11268,0.09649,0.09677,0.08553,0.14876,0.18274,0.11168,0.09581
NDMCHighDarkApoHigh_Individual:7;,0.1588,0.15152,0.17134,0.16461,0.14127,0.14239,0.15929,0.14286,0.06881,0.07595,0.04478,0.09559,0.125
NDMCHighDarkApoHigh_Individual:10,0.21854,0.17422,0.18388,0.14314,0.14396,0.14886,0.09888,0.10026,0.09155,0.06202,0.10526,0.02128,0.05208
NDMCHighDarkApoHigh_Individual:17,0.0,0.18803,0.17333,0.09626,0.13986,0.15541,0.15254,0.08696,0.07843,0.02083,0.05172,0.09169,0.15177
NDMCHighDarkApoHigh_Individual:16,0.0838,0.04717,0.08163,0.09664,0.03659,0.12308,0.20124,0.23169,0.11475,0.1973,0.13147,0.04717,0.10914
NDMCHighDarkApoHigh_Individual:15,0.04098,0.0367,0.06522,0.09953,0.14634,0.20819,0.14931,0.12868,0.12219,0.12718,0.11638,0.02,0.05118
NDMCHighDarkApoHigh_Individual:14,0.15652,0.14407,0.12821,0.0892,0.07692,0.09756,0.11538,0.13966,0.14607,0.20896,0.14167,0.07216,0.11111
