NDMCDarkApoHigh_Individual:8;,0.0,0.02041,0.0719,0.07921,0.05614,0.08242,0.08556,0.05952,0.0,0.1,0.06034,0.05366,0.04225
NDMCDarkApoHigh_Individual:48,0.05405,0.01493,0.04762,0.03191,0.02778,0.01613,0.0,0.0,0.05072,0.03474,0.03953,0.10191,0.10081
NDMCDarkApoHigh_Individual:4;,0.03226,0.0082,0.0383,0.03226,0.04153,0.05921,0.02222,0.07937,0.11321,0.0,0.20388,0.0,0.17548
NDMCDarkApoHigh_Individual:40,0.03846,0.09184,0.22545,0.22081,0.22883,0.08171,0.09477,0.04582,0.03261,0.02169,0.02791,0.04063,0.03187
NDMCDarkApoHigh_Individual:41,0.0,0.04348,0.04196,0.06533,0.10345,0.04098,0.03239,0.04878,0.07826,0.02667,0.07143,0.0,0.0
NDMCDarkApoHigh_Individual:42,0.04762,0.01031,0.0,0.0,0.0,0.0,0.0,0.0,0.0,0.06306,0.04962,0.00826,0.09091
NDMCDarkApoHigh_Individual:43,0.0,0.0,0.04545,0.05556,0,0.05556,0.08982,0.0649,0.02483,0.03817,0.04747,0.11881,0.06977
NDMCDarkApoHigh_Individual:44,0.00515,0.0,0.15789,0,0,0.05128,0,0,0.07742,0.04878,0.03292,0.11184,0.02326
NDMCDarkApoHigh_Individual:45,0.07692,0.0,0.03846,0.025,0.09434,0.08854,0.07292,0.01613,0.04301,0.06818,0.05306,0.0,0.0935
NDMCDarkApoHigh_Individual:46,0.04478,0.0,0,0,0,0,0,0.0,0.0,0.12143,0.05808,0.03915,0.0
NDMCDarkApoHigh_Individual:47,0.01739,0.03279,0,0.0,0,0.0,0,0.23077,0.04059,0.00671,0.04459,0.0,0.0125
NDMCDarkApoHigh_Individual:2;,0.04615,0.04286,0.07186,0.03518,0.04281,0.02973,0.03846,0.04778,0.0176,0.01399,0.07895,0.0241,0.05882
NDMCDarkApoHigh_Individual:28,0.02222,0.0,0.0,0.08911,0.06711,0.05846,0.03876,0.0365,0.04152,0.05714,0.02008,0.07303,0.07692
NDMCDarkApoHigh_Individual:29,0.04255,0.0884,0,0.0,0.0,0,0.0,0.05047,0.02174,0.0367,0.07547,0.10909,0.11475
NDMCDarkApoHigh_Individual:26,0.0,0.0,0.0,0.03571,0.08411,0.14815,0.05911,0.03183,0.06704,0.05495,0.04878,0.22421,0.0
NDMCDarkApoHigh_Individual:6;,0.0,0.10569,0.12422,0.03,0.13793,0.04202,0.08667,0.13433,0.09322,0.06742,0.15328,0.2931,0.10667
NDMCDarkApoHigh_Individual:24,0.01493,0.06509,0.06306,0.06562,0.02979,0.06587,0.02778,0.03604,0.01128,0.01923,0.0443,0.1,0.04545
NDMCDarkApoHigh_Individual:25,0.05106,0.04348,0.05714,0.00794,0.03571,0.05449,0.02865,0.09811,0.03704,0.04225,0.03261,0.06667,0.15385
NDMCDarkApoHigh_Individual:22,0.06557,0.06897,0.0641,0.10738,0.09677,0.05556,0.18519,0.17431,0.11806,0.05797,0.03947,0.0,0.10714
NDMCDarkApoHigh_Individual:23,0.03636,0.04348,0.0117,0.03557,0.04781,0.05585,0.05298,0.03963,0.04,0.11765,0.04959,0.04854,0.05556
NDMCDarkApoHigh_Individual:20,0.06897,0,0.0,0.07027,0.12324,0.05364,0.1311,0.05585,0.09865,0.03731,0.10791,0.16049,0.12605
NDMCDarkApoHigh_Individual:21,0.04839,0.0625,0,0,0,0.05628,0.04878,0.04795,0.1,0.15094,0.11475,0.12613,0.11458
NDMCDarkApoHigh_Individual:34,0.02439,0.20404,0,0.11111,0.0,0.06818,0.05921,0.01227,0.01389,0.04819,0.0625,0.09859,0.03077
NDMCDarkApoHigh_Individual:38,0.0,0.06818,0.10059,0.07527,0.05031,0.05199,0.06276,0.15,0.06993,0.04301,0.04167,0.07576,0.03012
NDMCDarkApoHigh_Individual:35,0.02985,0.0655,0.07471,0.0687,0.07968,0.06087,0.07224,0.09167,0.08696,0.16,0.05882,0.18519,0.07895
NDMCDarkApoHigh_Individual:27,0.02381,0,0,0.04348,0.02941,0.0,0.0,0.0,0.0,0.02183,0.02222,0.01751,0.01812
NDMCDarkApoHigh_Individual:11,0.02128,0.11446,0.11818,0.0,0.15789,0.09756,0.08824,0.05405,0.01613,0.03261,0.04082,0.0,0.17944
NDMCDarkApoHigh_Individual:37,0.02186,0.0,0.08392,0.06849,0.0,0,0,0.10462,0.0226,0.07477,0.07394,0.07673,0.06796
NDMCDarkApoHigh_Individual:36,0.00568,0.03185,0.05784,0.08095,0.03731,0.03963,0.01628,0.05788,0.06612,0.0463,0.03297,0.13736,0.21176
NDMCDarkApoHigh_Individual:5;,0.04274,0.02703,0.08434,0.04459,0.04608,0.04792,0.04367,0.07925,0.05495,0.10309,0.10448,0.11765,0.08046
NDMCDarkApoHigh_Individual:9;,0.02469,0.0,0.01587,0.10256,0.03268,0.06329,0.06667,0.0267,0.02273,0.07368,0.09649,0.04516,0.03125
NDMCDarkApoHigh_Individual:31,0.01613,0.07143,0.06452,0,0,0,0.17742,0.12727,0.08511,0.07018,0.0087,0.0,0.20935
NDMCDarkApoHigh_Individual:30,0.0,0,0.17305,0.09091,0.0,0.0,0.0,0.21739,0.06009,0.05469,0.01961,0.01439,0.02857
NDMCDarkApoHigh_Individual:1;,0.09396,0.27273,0.0,0.0,0.0625,0.04762,0.01493,0.192,0.05825,0.04403,0.02273,0.04348,0.0531
NDMCDarkApoHigh_Individual:19,0.07407,0.12871,0.10329,0.04918,0.04908,0.06931,0.12446,0.08254,0.03636,0.03302,0.04348,0.0,0.66667
NDMCDarkApoHigh_Individual:18,0.04167,0.0,0.0,0.0361,0.23992,0.11504,0.10692,0.06364,0.01877,0.02568,0.0119,0.01156,0.01575
NDMCDarkApoHigh_Individual:39,0.06186,0.6,0,0,0,0,0.0,0,0.1131,0.06407,0.08,0.08205,0.11278
NDMCDarkApoHigh_Individual:33,0.04301,0.0,0.08333,0.05291,0.05051,0.06273,0.01058,0.06098,0.05109,0.06627,0.04511,0.0137,0.03968
NDMCDarkApoHigh_Individual:3;,0.0,0.0,0.0,0.06849,0.1037,0.05497,0.01961,0.03599,0.02555,0.03681,0.03333,0.0,0.03061
NDMCDarkApoHigh_Individual:32,0.0,0.11111,0,0.19731,0.20042,0.14286,0.0,0.0,0.14286,0,0.07229,0.24088,0.22314
NDMCDarkApoHigh_Individual:13,0.0,0.01515,0.01754,0.07004,0.07407,0.06091,0.04025,0.02913,0.02676,0.02083,0.0339,0.04639,0.0396
NDMCDarkApoHigh_Individual:12,0.01449,0.0,0.0,0.12281,0.04065,0.04965,0.04183,0.04132,0.025,0.02299,0.09697,0.15294,0.05682
NDMCDarkApoHigh_Individual:7;,0.02198,0.1,0.05691,0.06667,0.0,0.08333,0,0.02778,0.0,0.02817,0.02191,0.03286,0.17647
NDMCDarkApoHigh_Individual:10,0.03,0.09091,0.04145,0.06173,0.03061,0.05556,0.06849,0.10476,0.08065,0.03191,0.0,0.0625,0.0
NDMCDarkApoHigh_Individual:17,0.02222,0.0,0,0,1.0,0.28125,0.12,0.08065,0.05917,0.03681,0.0303,0.06402,0.09697
NDMCDarkApoHigh_Individual:16,0.01724,0.0,0.1,0.22222,0.06312,0.03349,0.01163,0.01068,0.02577,0.00826,0.01554,0.02536,0.03901
NDMCDarkApoHigh_Individual:15,0.10101,0.09607,0.06271,0.08997,0.11511,0.07945,0.17073,0.08811,0.02193,0.09859,0.0,0.09091,0.21305
NDMCDarkApoHigh_Individual:14,0.04348,0.0,0.07738,0.03409,0.02339,0.07183,0.03499,0.02073,0.02899,0.04384,0.04418,0.05078,0.05405
