OSU6162DarkApoHigh_Individual:8;,0.07372,0.03912,0.00862,0.05464,0.0087,0.0101,0.07143,0.14286,0.26087,0.1723,0,0.0,0.0
OSU6162DarkApoHigh_Individual:48,0.02336,0.038,0.01744,0.01683,0.00366,0.00952,0.0229,0.0,0.0,0,0,0.34543,0.33034
OSU6162DarkApoHigh_Individual:4;,0.03704,0.0123,0.02454,0.03019,0.0094,0.00613,0.03125,0.0,0,0.0,0.25926,0,0
OSU6162DarkApoHigh_Individual:40,0.07265,0.02857,0.0398,0.02367,0.03704,0.0,0.0,0.0,0.0,0.0,0,0.42722,0.4
OSU6162DarkApoHigh_Individual:41,0.06313,0.01382,0.06667,0.0,0.30751,0.31632,0.03896,0.08029,0.03378,0.0,0.0,0.01333,0.0
OSU6162DarkApoHigh_Individual:42,0.15294,0.06292,0.03325,0.02542,0.00426,0.0,0.08,0.03125,0.21751,0,0.34902,0.02941,0
OSU6162DarkApoHigh_Individual:43,0.09236,0.08451,0.07742,0.06641,0.05201,0.00532,0.0,0.00363,0.01195,0.06557,0.0,0.0,0.0
OSU6162DarkApoHigh_Individual:44,0.0361,0.05051,0.0,0.16667,0.0,0,0.06667,0.02767,0.01149,0.0,0.01105,0.0,0
OSU6162DarkApoHigh_Individual:45,0.01942,0.01429,0.08955,0.00741,0.03286,0.00741,0.01047,0.00296,0.01333,0.02667,0.01961,0.23958,0.0
OSU6162DarkApoHigh_Individual:46,0.06564,0.05525,0.052,0.03937,0.01389,0.01899,0.03185,0.03817,0.00917,0.1,0.0,0.0,0
OSU6162DarkApoHigh_Individual:47,0.07547,0.0,0.00408,0.01364,0.01923,0.04012,0.0249,0.0,0.0,0.0,0.06897,0.0,0.0
OSU6162DarkApoHigh_Individual:2;,0.03333,0.06122,0.0,0.04054,0.03704,0.09677,0.125,0.0,0.03693,0.0,0.0,0.00262,0.01351
OSU6162DarkApoHigh_Individual:28,0.03759,0.04144,0.08556,0.03168,0.01689,0.00659,0.00432,0.00704,0.0,0.25,0.0,0.0,0
OSU6162DarkApoHigh_Individual:29,0.0361,0.06667,0.01818,0.02273,0.01064,0.02899,0.06452,0.01672,0.0,0.0,0.01493,0.0,0.0
OSU6162DarkApoHigh_Individual:26,0.07619,0.03597,0.03509,0.06936,0.0297,0.04167,0.0625,0.05469,0.06667,0.0,0.0,0.0,0.0
OSU6162DarkApoHigh_Individual:6;,0.05016,0.04594,0.06102,0.07389,0.01689,0.00909,0.02326,0.03846,0.00637,0.0177,0.05,0,0.29781
OSU6162DarkApoHigh_Individual:24,0.03629,0.01373,0.0,0.00771,0.0028,0.0,0.01724,0.2069,0.41225,0.0,0.0,0.09518,0.0
OSU6162DarkApoHigh_Individual:25,0.03448,0.00513,0.01887,0.02424,0.00251,0.0,0.00565,0.02222,0.0,0.24967,0.41393,0.38439,0.36821
OSU6162DarkApoHigh_Individual:22,0.07975,0.08257,0.04274,0.04372,0.03466,0.01818,0.00403,0.00844,0.0073,0.04255,0.0,0.0,0.0
OSU6162DarkApoHigh_Individual:23,0.03137,0.01439,0.0198,0.0,0.03226,0.0,0.0,0.3881,0.0,0.38825,0.36281,0.20796,0.39027
OSU6162DarkApoHigh_Individual:20,0.02206,0.0493,0.04523,0.02174,0.02532,0.0,0.00408,0.01626,0.00741,0.0,0.0,0.0,0.30647
OSU6162DarkApoHigh_Individual:21,0.05047,0.07345,0.0,0,0.05917,0.08879,0.08108,0.0303,0.01235,0.02548,0.04348,0.0,0.12201
OSU6162DarkApoHigh_Individual:34,0.05838,0.03371,0.08257,0.01772,0.01511,0.01931,0.05263,0.03774,0.09231,0.0,0.0,0.0,0.0
OSU6162DarkApoHigh_Individual:38,0.08081,0.05,0.02721,0.01149,0.03953,0.06849,0.03371,0.04255,0.0,0.0,0.04,0.04545,0
OSU6162DarkApoHigh_Individual:35,0.01563,0.05085,0.03937,0.01124,0.00964,0.02032,0.00955,0.0,0.0,0.0099,0.06452,0.07143,0.21053
OSU6162DarkApoHigh_Individual:27,0.0274,0.01462,0.02016,0.0,0.0,0.0,0.06818,0,0,0.0,0.0,0.27,0.21697
OSU6162DarkApoHigh_Individual:11,0.10471,0.01667,0.03252,0.06422,0.07955,0.04545,0.03501,0.0,0.00532,0.0,0.02703,0.09756,0.0
OSU6162DarkApoHigh_Individual:37,0.02576,0.02198,0.01852,0.0069,0.04124,0.01942,0.0471,0.03778,0.00743,0.0152,0.04178,0.02618,0.08571
OSU6162DarkApoHigh_Individual:36,0.04681,0.07299,0.0479,0.02349,0.01794,0.00562,0.0,0.01149,0.0,0.0,0.37513,0.40335,0
OSU6162DarkApoHigh_Individual:5;,0.0202,0,0.0,0.0239,0.00662,0.01786,0.01493,0.0,0.00673,0.02419,0.0,0,0.30244
OSU6162DarkApoHigh_Individual:9;,0.04154,0.04865,0.04209,0.02455,0.02251,0.01695,0.04478,0.0,0,0.30062,0.33913,0.36245,0.37675
OSU6162DarkApoHigh_Individual:31,0.09259,0.07438,0.08088,0.04844,0.01434,0.00474,0.00813,0.03571,0.0,0.38559,0,0.35694,0.39621
OSU6162DarkApoHigh_Individual:30,0.05909,0.06335,0.07359,0.04482,0.00699,0.0,0.0155,0.0,0.0,0.304,0.08139,0.28861,0.14316
OSU6162DarkApoHigh_Individual:1;,0.09917,0.01303,0.04206,0.06509,0.0122,0.02174,0.01282,0.13333,0,0,0.0,0.23208,0.3198
OSU6162DarkApoHigh_Individual:19,0.02957,0.0687,0.07317,0.06378,0.07547,0.04255,0.0137,0.1195,0.09474,0.07801,0.00966,0.07143,0.34351
OSU6162DarkApoHigh_Individual:18,0.21154,0.12457,0.14593,0.10697,0.032,0.00186,0.01826,0.02,0.0,0.0,0.30911,0.0,0.0
OSU6162DarkApoHigh_Individual:39,0.03378,0.03333,0.0495,0.04,0.04545,0.09524,0.10714,0.13077,0.01658,0.01382,0.02108,0.02143,0.05263
OSU6162DarkApoHigh_Individual:33,0.01124,0.05776,0.01018,0.01182,0.02612,0.00331,0.0034,0.03279,0.0,0.0,0.0,0.0,0.0
OSU6162DarkApoHigh_Individual:3;,0.09013,0.12541,0.0625,0.14286,0.11538,0.11364,0.03404,0.05556,0.01744,0.02597,0.1,0.09091,0.2037
OSU6162DarkApoHigh_Individual:32,0.05634,0.03448,0.07614,0.10924,0.02964,0.04968,0.01442,0.00137,0.01053,0.07143,0.08333,0.12,0.0
OSU6162DarkApoHigh_Individual:13,0.04008,0.07143,0.01208,0.00332,0.0,0.0,0.0,0.03226,0,0.33482,0.38158,0.39111,0
OSU6162DarkApoHigh_Individual:12,0.01201,0.04651,0.00393,0.05236,0.03488,0.01361,0.00714,0.00476,0.01608,0.06452,0.01887,0.0,0
OSU6162DarkApoHigh_Individual:7;,0.04946,0.02978,0.0445,0.0403,0.02676,0.02614,0.01734,0.02105,0.0,0.0,0.0,0.0,0.0
OSU6162DarkApoHigh_Individual:10,0.02556,0.01379,0.0125,0.0,0,0.02098,0.03714,0.03264,0.01379,0.01042,0.0,0.0,0.37952
OSU6162DarkApoHigh_Individual:17,0.01379,0.01744,0.0,0.01082,0.04545,0.02808,0.0,0.0,0.00621,0.0,0.0,0.34843,0.39291
OSU6162DarkApoHigh_Individual:16,0.07258,0.02957,0.02752,0.01303,0.02315,0.0,0.04167,0,0,0.41407,0.38987,0.36516,0.39981
OSU6162DarkApoHigh_Individual:15,0.01342,0.02874,0.01015,0.00461,0.01235,0.01493,0.1,0.0,0,0.38544,0.39324,0.37712,0.41216
OSU6162DarkApoHigh_Individual:14,0.0625,0.07299,0.07527,0.04905,0.05396,0.03828,0.02762,0.0,0,0,0.0,0.0,0.0
