PCAP1DarkApoHigh_Individual:8;,0.02128,0.06811,0.0,0.13571,0.1814,0.27885,0.06667,0.15948,0.18894,0.07937,0.0,0.0,0.0
PCAP1DarkApoHigh_Individual:48,0.12903,0.18045,0.16382,0.1756,0.16082,0.13962,0.04,0.0163,0.03256,0.04138,0.07207,0.0,0.0
PCAP1DarkApoHigh_Individual:4;,0.01504,0.01299,0.0,0.0,0.0,0.0,0.10929,0.12782,0.14634,0.02198,0.01408,0.0,0.0
PCAP1DarkApoHigh_Individual:40,0.07092,0.01923,0.12727,0.13453,0.14286,0.20408,0.13559,0.04035,0.0132,0.13542,0.02609,0.05976,0.0262
PCAP1DarkApoHigh_Individual:41,0.03497,0.01361,0.14793,0.13357,0.07728,0.0625,0.09314,0.07212,0.05437,0.03704,0.0274,0.135,0.0
PCAP1DarkApoHigh_Individual:42,0.07092,0.21053,0.0,0.05882,0.09375,0.20127,0.15882,0.15,0.06667,0.07111,0.11972,0.03788,0.02174
PCAP1DarkApoHigh_Individual:43,0.3,0,0,0.0,0.0,0.21569,0.11905,0.14286,0.17452,0.07806,0.03282,0.0,0.0
PCAP1DarkApoHigh_Individual:44,0.02326,0.04082,0.15108,0.21739,0.215,0.0939,0.12381,0.16942,0.17308,0.06422,0.04741,0.03378,0.0942
PCAP1DarkApoHigh_Individual:45,0.0,0.17925,0.20047,0.30928,0.24444,0.21918,0.13699,0.06593,0.02985,0.04348,0.07143,0.07143,0.0
PCAP1DarkApoHigh_Individual:46,0.04428,0.29448,0.24623,0.25703,0.26344,0.21951,0.33962,0.32632,0.2605,0.18987,0.14634,0.23256,0.13462
PCAP1DarkApoHigh_Individual:47,0.05128,0.0,0.07895,0.18571,0.21053,0.26786,0.26617,0.15591,0.05,0.13077,0.07984,0.0824,0.12
PCAP1DarkApoHigh_Individual:2;,0.025,0.06061,0.07471,0.0884,0.09091,0.1875,0.18519,0.06304,0.12832,0.07692,0.02326,0.04396,0.06897
PCAP1DarkApoHigh_Individual:28,0.02667,0.0,0.17886,0.07194,0.121,0.20248,0.11194,0.11579,0.05426,0.05102,0.01493,0.07692,0.02239
PCAP1DarkApoHigh_Individual:29,0.04583,0.00855,0.00561,0.07099,0.03825,0.01633,0.07179,0.12319,0.01639,0.10294,0.14379,0.10599,0.04147
PCAP1DarkApoHigh_Individual:26,0.08054,0.01818,0.07692,0.15909,0.17262,0.12329,0.14232,0.06093,0.13889,0.12114,0.03981,0.10027,0.0819
PCAP1DarkApoHigh_Individual:6;,0.02507,0.01016,0.00926,0.07716,0.05882,0.05319,0.06912,0.13959,0.14154,0.08311,0.06695,0.1037,0.10811
PCAP1DarkApoHigh_Individual:24,0.0339,0.06542,0.10759,0.20158,0.19185,0.13731,0.10459,0.0068,0.01613,0.02759,0.05882,0.10345,0.02632
PCAP1DarkApoHigh_Individual:25,0.07759,0.07627,0.08511,0.10914,0.13158,0.19772,0.1299,0.14583,0.13269,0.14118,0.02326,0.04717,0.04255
PCAP1DarkApoHigh_Individual:22,0.07792,0.30315,0.26316,0.31429,0.19919,0.06306,0.01053,0.11111,0.0,0.0,0.05,0.13636,0.1
PCAP1DarkApoHigh_Individual:23,0.04032,0.09709,0.24903,0.2,0.08754,0.08642,0.07111,0.12048,0.12556,0.03676,0.0625,0.01835,0.03209
PCAP1DarkApoHigh_Individual:20,0.04615,0.09722,0.13043,0.24,0.2212,0.1938,0.17699,0.20922,0.15315,0.09375,0.12245,0.13235,0.0375
PCAP1DarkApoHigh_Individual:21,0.11111,0.08475,0.22137,0.24221,0.23077,0.18235,0.27358,0.36464,0.25,0.20438,0.04348,0.11224,0.11111
PCAP1DarkApoHigh_Individual:34,0.10127,0.09091,0.19249,0.27206,0.11017,0.10471,0.20664,0.13986,0.19196,0.16316,0.13253,0.05442,0.05155
PCAP1DarkApoHigh_Individual:38,0.1405,0.11688,0.12121,0.17455,0.21574,0.20506,0.16702,0.10031,0.10557,0.08845,0.004,0.00633,0.03004
PCAP1DarkApoHigh_Individual:35,0.03125,0.05172,0.12583,0.20578,0.2322,0.16986,0.15124,0.08108,0.03529,0.01274,0.02288,0.02439,0.02963
PCAP1DarkApoHigh_Individual:27,0.05618,0.01205,0,0.0,0.0,0.05729,0.11587,0.11076,0.00671,0.03941,0.09091,0.0,0
PCAP1DarkApoHigh_Individual:11,0.02463,0.10256,0.02672,0.13603,0.22767,0.20155,0.1036,0.11355,0.02922,0.0184,0.05903,0.00413,0.01579
PCAP1DarkApoHigh_Individual:37,0.05102,0.18539,0.13396,0.21321,0.14869,0.16954,0.14458,0.11682,0.13393,0.12308,0.05634,0.06667,0.0
PCAP1DarkApoHigh_Individual:36,0.03546,0.01282,0.07092,0.18478,0.1634,0.12295,0.17436,0.11146,0.01382,0.02622,0.04016,0.05455,0.05556
PCAP1DarkApoHigh_Individual:5;,0.06806,0.04965,0.09756,0.09053,0.07394,0.10036,0.10584,0.07082,0.03238,0.0375,0.10417,0.02682,0.00617
PCAP1DarkApoHigh_Individual:9;,0.05085,0.07843,0.2,0.15122,0.23265,0.27143,0.0,0.15487,0.20295,0.04531,0.05039,0.07453,0.0146
PCAP1DarkApoHigh_Individual:31,0.0,0.03774,0.11667,0.15323,0.0,0.0102,0.08264,0.13333,0.14169,0.18,0.05778,0.02206,0.0
PCAP1DarkApoHigh_Individual:30,0.11009,0.01724,0,0,0,0.08597,0.13876,0.10549,0.04878,0.08625,0.04902,0.0,0.0
PCAP1DarkApoHigh_Individual:1;,0.02632,0.0,0.06011,0.09465,0.00901,0.01667,0.04027,0.09091,0.08629,0.03644,0.01705,0.03411,0.28205
PCAP1DarkApoHigh_Individual:19,0.03817,0.02632,0.0761,0.14754,0.14986,0.15086,0.14618,0.1326,0.05556,0.04,0.03846,0.07018,0.03659
PCAP1DarkApoHigh_Individual:18,0.07547,0.18487,0.19101,0.18519,0.23293,0.24409,0.11013,0.16399,0.05042,0.04178,0.01587,0.06771,0.02459
PCAP1DarkApoHigh_Individual:39,0.0,0.19512,0.19643,0.25957,0.25843,0.1791,0.21951,0.0,0.18919,0.0,0.07767,0.0,0.09459
PCAP1DarkApoHigh_Individual:33,0.12963,0.13158,0.19524,0.27647,0.23153,0.20814,0.25946,0.08442,0.07534,0.04196,0.05405,0.08602,0.06569
PCAP1DarkApoHigh_Individual:3;,0.09363,0.02857,0.01786,0.11053,0.04911,0.17143,0.14681,0.16538,0.1223,0.07692,0.04079,0.04918,0.11497
PCAP1DarkApoHigh_Individual:32,0.0687,0.04566,0.05521,0.09091,0.13873,0.21654,0.25103,0.25134,0.28,0.23333,0.05556,0.0,0.0
PCAP1DarkApoHigh_Individual:13,0.09302,0.17188,0.09929,0.09917,0.1338,0.12524,0.16306,0.16028,0.13462,0.08108,0.13415,0.12745,0.21739
PCAP1DarkApoHigh_Individual:12,0.01915,0.0424,0.00914,0.10583,0.11338,0.13669,0.14113,0.19697,0.1122,0.10526,0.13924,0.03723,0.03814
PCAP1DarkApoHigh_Individual:7;,0.5,0,0.05776,0.08907,0.0,0.14595,0.06122,0.07528,0.07317,0.08548,0.04,0.08029,0.0
PCAP1DarkApoHigh_Individual:10,0.0404,0.01705,0.02319,0.05016,0.09322,0.24658,0.17632,0.10856,0.10417,0.1,0.0,0.09677,0.0303
PCAP1DarkApoHigh_Individual:17,0.05634,0.01445,0.0,0.06431,0.14097,0.13966,0.13673,0.16854,0.0963,0.07317,0.14286,0.07027,0.02222
PCAP1DarkApoHigh_Individual:16,0.08844,0.09474,0.12422,0.14286,0.14343,0.21023,0.25,0.15504,0.05495,0.20812,0.10989,0.175,0.07975
PCAP1DarkApoHigh_Individual:15,0.06757,0.12121,0.16031,0.22159,0.14667,0.1811,0.17857,0.07143,0.13502,0.10145,0.13636,0,0.09375
PCAP1DarkApoHigh_Individual:14,0.10569,0.0,0.05102,0.20588,0.22271,0.18985,0.11765,0.11494,0.05714,0.06522,0.02857,0.01509,0.0102
