PCAP931DarkApoHigh_Individual:8;,0.53846,0.81982,0.44141,0.39271,0.43103,0.41704,0.41139,0.58861,0.37113,0.52747,0.33333,0.40506,0.62222
PCAP931DarkApoHigh_Individual:48,0.33333,0.4153,0.46,0.34078,0.4,0.44805,0.53005,0.56693,0.55072,0.56627,0.45545,0.4375,0.57447
PCAP931DarkApoHigh_Individual:4;,0.38272,0.38561,0.41975,0.5,0.69339,0.78324,0.75542,0.71394,0.57384,0.504,0.77778,0.84615,1.0
PCAP931DarkApoHigh_Individual:40,0.47518,0.87037,0.52913,0.57286,0.40909,0.48408,0.62857,0.83529,0.87363,0.99353,0.98394,0.576,0.61972
PCAP931DarkApoHigh_Individual:41,0.79775,0.4383,0.47782,0.41328,0.56452,0.3913,0.73418,0.89434,0.83154,0.84791,0.90943,0.9,0.7623
PCAP931DarkApoHigh_Individual:42,0.48954,0.89091,0.35512,0.45277,0.30719,0.38559,0.70423,0.63793,0.5567,0.69444,0.55303,0.53043,0.86979
PCAP931DarkApoHigh_Individual:43,0.25962,0.50769,0.38783,0.27848,0.35714,0.52778,0.30081,0.6,0.52137,0.6506,0.63636,0.51724,0.56098
PCAP931DarkApoHigh_Individual:44,0.5045,0.36667,0.49289,0.66468,0.79818,0.75346,0.78241,0.76106,0.65217,0.7,1.0,1.0,1.0
PCAP931DarkApoHigh_Individual:45,0.28205,0.33333,0.41127,0.32946,0.48773,0.58275,0.5,0.38298,0.4382,0.675,0.69565,0.59091,0.88462
PCAP931DarkApoHigh_Individual:46,0.40816,0.76829,0.4619,0.36866,0.39695,0.48571,0.54286,0.46154,0.43678,0.8,0.66207,0.96154,0.9413
PCAP931DarkApoHigh_Individual:47,0.4,0.625,0.625,0.33333,0.37931,0.73194,0.83475,0.92733,0.88745,0.85,0.0,0.83333,0
PCAP931DarkApoHigh_Individual:2;,0.44444,0.47931,0.5202,0.68856,0.8633,0.67647,0.68649,0.8103,0.80537,0.66667,1.0,1.0,0.22222
PCAP931DarkApoHigh_Individual:28,0.59919,0.70149,0.53793,0.59375,0.66892,0.72525,0.81791,0.68724,0.72453,0.75223,0.65315,0.81514,0.68889
PCAP931DarkApoHigh_Individual:29,0.51563,0.51887,0.42988,0.60358,0.61028,0.64115,0.77065,0.73066,0.7793,0.71196,0.37349,0.44318,0.8
PCAP931DarkApoHigh_Individual:26,0.60839,0.58684,0.5045,0.51706,0.5436,0.64476,0.73868,0.74198,0.7796,0.73706,0.72134,0.72286,0.58015
PCAP931DarkApoHigh_Individual:6;,0.48413,0.54348,0.43178,0.46154,0.54487,0.79008,0.8835,0.80122,0.67041,0.74074,0.6481,0.5708,0.73936
PCAP931DarkApoHigh_Individual:24,0.4386,0.6087,0.35336,0.29329,0.44086,0.52823,0.64777,0.79215,0.73939,0.70037,0.76636,0.61628,0.5914
PCAP931DarkApoHigh_Individual:25,0.58974,0.70968,0.65385,0.38793,0.4875,0.36719,0.66351,0.45283,0.41085,0.46309,0.41667,0.53521,0.48
PCAP931DarkApoHigh_Individual:22,0.64516,0.44156,0.3467,0.36364,0.29381,0.32804,0.4264,0.72414,0.75,0.80556,0.80374,0.80328,0.65414
PCAP931DarkApoHigh_Individual:23,0.55039,0.83133,0.39306,0.30563,0.3125,0.33333,0.37168,0.37725,0.53947,0.41135,0.4,0.35398,0.49206
PCAP931DarkApoHigh_Individual:20,0.73684,0.375,0.56471,0.37324,0.59655,0.54079,0.52027,0.37288,0.39344,0.44531,0.58621,0.6087,1.0
PCAP931DarkApoHigh_Individual:21,0.61538,0.49153,0.37011,0.38312,0.34551,0.31792,0.56338,0.40491,0.54545,0.35326,0.4359,0.36036,0.41837
PCAP931DarkApoHigh_Individual:34,0.625,0.69027,0.72826,0.75075,0.625,0.58503,0.85417,0.89773,0.66667,0.57143,1.0,0.95455,1.0
PCAP931DarkApoHigh_Individual:38,0.38298,0.5,0.34146,0.30172,0.37037,0.42857,0.35669,0.44304,0.29193,0.32877,0.35938,0.41429,0.36842
PCAP931DarkApoHigh_Individual:35,0.83036,0.86574,0.77519,0.7907,0.92254,0.95238,0.81818,0.05456,0.97436,0.95238,0.55556,0.05048,0.05991
PCAP931DarkApoHigh_Individual:27,0.47619,0.55195,0.52283,0.49191,0.58805,0.68345,0.73955,0.73099,0.71698,0.66529,0.61972,0.78889,0.54545
PCAP931DarkApoHigh_Individual:11,0.65347,0.89552,0.54573,0.74107,0.6462,0.55947,0.68404,0.70652,0.71978,0.84416,0.65625,0.625,1.0
PCAP931DarkApoHigh_Individual:37,0.75,0.6994,0.37363,0.51227,0.65152,0.66667,0.48936,0.73529,0.39048,0.51497,0.64286,0.86029,0.91489
PCAP931DarkApoHigh_Individual:36,0.61658,0.84615,0.5,0.37568,0.36364,0.36388,0.56317,0.592,0.63908,0.64033,0.39604,0.68966,1.0
PCAP931DarkApoHigh_Individual:5;,0.52315,0.53757,0.38413,0.51839,0.63481,0.80303,0.72222,0.87283,0.83708,0.68224,0.70714,0.83077,0.75066
PCAP931DarkApoHigh_Individual:9;,0.48252,0.46154,0.50278,0.58284,0.47059,0.65929,0.69034,0.68883,0.86351,0.74468,0.75,0.7,0.05102
PCAP931DarkApoHigh_Individual:31,0.53846,0.58642,0.53394,0.49701,0.48592,0.53879,0.61842,0.54348,0.56281,0.63359,0.71282,0.79638,0.68
PCAP931DarkApoHigh_Individual:30,0.45178,0.60963,0.85659,0.78981,0.76744,0.7037,0.57895,0.47368,0.625,0.69444,0.78947,0.89063,0.84783
PCAP931DarkApoHigh_Individual:1;,0.55556,0.55118,0.4517,0.47015,0.55895,0.57031,0.60638,0.67081,0.57488,0.66045,0.67797,0.71681,0.8125
PCAP931DarkApoHigh_Individual:19,0.60241,0.52239,0.45714,0.28161,0.30097,0.28378,0.30769,0.42149,0.60606,0.72581,0.80645,0.49091,0.66038
PCAP931DarkApoHigh_Individual:18,0.59443,0.45098,0.48571,0.48125,0.45745,0.43415,0.75434,0.57711,0.81277,0.75641,0.58824,0.84375,1.0
PCAP931DarkApoHigh_Individual:39,0.48544,0.49167,0.38835,0.41624,0.48958,0.66507,0.87339,0.95132,0.92488,0.87906,0.67895,0.63793,0.54545
PCAP931DarkApoHigh_Individual:33,0.36923,0.23457,0.32237,0.51754,0.50299,0.73837,0.84936,0.5431,0.51613,0.40741,0.53846,0.57143,0.25
PCAP931DarkApoHigh_Individual:3;,0.43523,0.42152,0.375,0.43917,0.41408,0.35385,0.37453,0.58562,0.54167,0.63462,0.68421,0.8,0.42857
PCAP931DarkApoHigh_Individual:32,0.54167,0.61616,0.4,0.42349,0.37555,0.48311,0.45228,0.45455,0.55612,0.71304,0.70968,0.70199,0.70423
PCAP931DarkApoHigh_Individual:13,0.69409,0.42132,0.35792,0.55296,0.69029,0.74104,0.73295,0.70238,0.75858,0.62907,0.52282,0.59259,0.57485
PCAP931DarkApoHigh_Individual:12,0.6,0.53043,0.43144,0.41418,0.47236,0.46309,0.65749,0.79501,0.73438,0.68717,0.70236,0.46094,0.24
PCAP931DarkApoHigh_Individual:7;,0.73026,0.57432,0.36387,0.47658,0.60215,0.44328,0.40794,0.38628,0.39729,0.51444,0.67136,0.54286,0.53846
PCAP931DarkApoHigh_Individual:10,0.76991,0.7377,0.49333,0.44231,0.40686,0.4009,0.59375,0.58865,0.70968,0.76224,0.805,0.41379,0.5
PCAP931DarkApoHigh_Individual:17,0.6,0.95833,0.5123,0.43407,0.37795,0.33333,0.40566,0.65397,0.62069,0.568,0.59375,0.54054,0.66667
PCAP931DarkApoHigh_Individual:16,0.57831,0.76923,0.41333,0.38843,0.43252,0.40541,0.42396,0.48684,0.50602,0.65089,0.51408,0.64331,0.59732
PCAP931DarkApoHigh_Individual:15,0.65152,0.56452,0.43627,0.384,0.40996,0.48899,0.76819,0.95326,0.92188,0.75309,0.74074,0.75182,0.45455
PCAP931DarkApoHigh_Individual:14,0.37755,0.90909,0.51429,0.37221,0.42444,0.39726,0.26126,0.69231,0.30275,0.36842,0.31858,0.28205,0.625
