PCAP814DarkApoHigh_Individual:8;,27,11,2,2,3,48,9,24,0,2,126,186,282
PCAP814DarkApoHigh_Individual:48,204,153,103,880,1039,2,292,166,155,73,19,28,51
PCAP814DarkApoHigh_Individual:4;,5,44,48,51,15,70,30,49,18,15,12,20,12
PCAP814DarkApoHigh_Individual:40,238,340,329,332,243,210,140,168,60,50,31,16,20
PCAP814DarkApoHigh_Individual:41,158,356,318,314,259,212,181,298,182,186,159,93,12
PCAP814DarkApoHigh_Individual:42,125,191,99,173,116,267,235,310,350,313,254,113,140
PCAP814DarkApoHigh_Individual:43,45,38,47,151,116,117,347,360,242,261,113,69,40
PCAP814DarkApoHigh_Individual:44,131,85,151,237,256,154,150,203,77,50,33,22,28
PCAP814DarkApoHigh_Individual:45,168,185,174,270,247,231,190,215,154,143,99,55,47
PCAP814DarkApoHigh_Individual:46,171,404,381,476,72,102,93,100,33,44,59,51,27
PCAP814DarkApoHigh_Individual:47,75,218,100,128,67,154,33,0,1048,1010,39,9,669
PCAP814DarkApoHigh_Individual:2;,20,59,34,28,50,48,45,61,32,31,35,30,33
PCAP814DarkApoHigh_Individual:28,175,235,41,115,93,116,71,194,89,82,80,61,40
PCAP814DarkApoHigh_Individual:29,98,73,75,43,42,32,195,248,219,162,165,164,163
PCAP814DarkApoHigh_Individual:26,149,163,196,183,165,207,132,250,121,103,103,98,112
PCAP814DarkApoHigh_Individual:6;,9,4,38,5,21,4,15,20,7,9,22,1,0
PCAP814DarkApoHigh_Individual:24,126,134,93,157,236,281,157,295,190,160,170,122,132
PCAP814DarkApoHigh_Individual:25,92,171,160,212,113,53,97,105,74,86,94,62,49
PCAP814DarkApoHigh_Individual:22,17,143,44,141,142,91,90,52,24,39,54,103,1027
PCAP814DarkApoHigh_Individual:23,14,3,89,135,65,111,138,257,120,88,77,7,836
PCAP814DarkApoHigh_Individual:20,41,104,58,191,167,124,114,428,181,243,350,136,170
PCAP814DarkApoHigh_Individual:21,6,277,143,201,189,201,157,220,92,104,46,46,15
PCAP814DarkApoHigh_Individual:34,45,1,0,9,6,19,9,172,30,41,157,100,94
PCAP814DarkApoHigh_Individual:38,157,210,199,188,175,137,66,165,59,54,16,9,2
PCAP814DarkApoHigh_Individual:35,170,168,232,351,180,394,421,394,224,201,200,208,232
PCAP814DarkApoHigh_Individual:27,125,246,223,247,169,125,131,232,96,69,72,84,66
PCAP814DarkApoHigh_Individual:11,187,386,302,304,234,189,111,120,19,9,6,9,9
PCAP814DarkApoHigh_Individual:37,168,250,34,0,115,392,288,163,152,106,45,47,55
PCAP814DarkApoHigh_Individual:36,322,244,174,336,279,401,469,399,322,195,198,191,143
PCAP814DarkApoHigh_Individual:5;,83,156,262,306,83,123,82,122,92,49,74,88,116
PCAP814DarkApoHigh_Individual:9;,220,308,398,449,277,246,344,462,285,265,208,187,166
PCAP814DarkApoHigh_Individual:31,415,307,270,311,291,278,296,469,389,284,270,314,273
PCAP814DarkApoHigh_Individual:30,157,245,168,217,155,108,137,178,100,80,101,33,39
PCAP814DarkApoHigh_Individual:1;,33,59,69,98,26,244,25,36,14,43,67,7,16
PCAP814DarkApoHigh_Individual:19,42,85,97,169,194,176,254,253,145,75,104,104,111
PCAP814DarkApoHigh_Individual:18,326,288,325,392,473,294,334,207,227,187,155,175,126
PCAP814DarkApoHigh_Individual:39,192,205,265,142,215,195,196,256,153,119,130,121,103
PCAP814DarkApoHigh_Individual:33,197,123,69,227,97,165,85,56,124,102,122,132,146
PCAP814DarkApoHigh_Individual:3;,135,203,177,303,352,324,78,142,61,53,67,96,129
PCAP814DarkApoHigh_Individual:32,332,307,279,237,257,353,181,218,181,118,99,112,137
PCAP814DarkApoHigh_Individual:13,64,891,120,151,63,54,89,33,5,4,46,40,4
PCAP814DarkApoHigh_Individual:12,300,292,340,472,407,471,361,311,249,188,191,106,150
PCAP814DarkApoHigh_Individual:7;,263,88,134,165,174,155,202,182,101,233,225,285,241
PCAP814DarkApoHigh_Individual:10,203,288,264,294,234,156,137,221,116,80,50,31,12
PCAP814DarkApoHigh_Individual:17,359,150,69,187,153,375,175,41,1,0,134,199,113
PCAP814DarkApoHigh_Individual:16,232,240,289,0,0,0,994,630,966,197,376,328,227
PCAP814DarkApoHigh_Individual:15,119,301,265,348,209,195,163,235,97,60,53,16,25
PCAP814DarkApoHigh_Individual:14,160,269,277,442,401,420,326,223,73,54,68,108,96
