PCAP931DarkApoHigh_Individual:8;,110,165,407,391,533,363,251,237,160,140,112,138,76
PCAP931DarkApoHigh_Individual:48,152,279,310,292,263,254,279,189,211,145,170,89,90
PCAP931DarkApoHigh_Individual:4;,287,873,531,768,962,1109,860,625,413,236,101,22,3
PCAP931DarkApoHigh_Individual:40,229,68,308,293,374,232,314,227,453,367,328,216,139
PCAP931DarkApoHigh_Individual:41,134,337,459,418,347,249,202,302,338,297,320,204,173
PCAP931DarkApoHigh_Individual:42,403,82,652,460,249,363,103,90,143,58,203,170,231
PCAP931DarkApoHigh_Individual:43,191,107,411,261,285,65,202,50,186,116,62,93,64
PCAP931DarkApoHigh_Individual:44,182,156,321,658,840,638,355,195,41,19,16,4,7
PCAP931DarkApoHigh_Individual:45,215,206,547,443,512,610,455,308,296,283,45,39,48
PCAP931DarkApoHigh_Individual:46,247,113,556,320,200,152,144,110,256,85,187,98,488
PCAP931DarkApoHigh_Individual:47,11,15,15,7,354,972,753,550,377,76,3,13,0
PCAP931DarkApoHigh_Individual:2;,257,439,326,572,820,508,525,577,221,117,23,114,19
PCAP931DarkApoHigh_Individual:28,356,279,650,354,424,549,835,867,961,922,783,706,413
PCAP931DarkApoHigh_Individual:29,315,474,490,558,632,835,958,907,833,712,294,172,74
PCAP931DarkApoHigh_Individual:26,425,795,860,823,806,676,711,906,943,878,674,512,229
PCAP931DarkApoHigh_Individual:6;,373,825,802,484,473,326,598,597,332,406,538,347,345
PCAP931DarkApoHigh_Individual:24,188,41,471,469,296,369,329,530,417,356,413,253,168
PCAP931DarkApoHigh_Individual:25,183,98,77,199,247,208,271,168,200,227,205,253,46
PCAP931DarkApoHigh_Individual:22,141,256,540,273,335,301,315,90,152,154,159,167,202
PCAP931DarkApoHigh_Individual:23,220,247,285,624,373,327,197,283,131,247,169,193,122
PCAP931DarkApoHigh_Individual:20,31,30,130,435,835,560,584,252,197,216,174,129,31
PCAP931DarkApoHigh_Individual:21,142,99,466,254,500,297,112,270,213,318,137,203,194
PCAP931DarkApoHigh_Individual:34,137,156,342,418,203,234,142,142,44,15,41,45,11
PCAP931DarkApoHigh_Individual:38,85,16,397,195,351,52,261,127,268,138,217,120,101
PCAP931DarkApoHigh_Individual:35,164,340,211,151,193,79,16,1907,78,41,35,1863,1837
PCAP931DarkApoHigh_Individual:27,302,240,674,483,464,385,431,463,367,351,233,166,20
PCAP931DarkApoHigh_Individual:11,170,96,469,554,505,331,473,417,289,134,58,46,11
PCAP931DarkApoHigh_Individual:37,461,408,406,451,94,51,136,46,156,234,43,163,266
PCAP931DarkApoHigh_Individual:36,299,60,274,608,645,622,691,552,619,529,184,47,13
PCAP931DarkApoHigh_Individual:5;,319,482,477,444,432,483,380,443,697,567,552,540,500
PCAP931DarkApoHigh_Individual:9;,223,492,534,498,379,308,446,477,477,157,42,20,2157
PCAP931DarkApoHigh_Individual:31,197,219,304,251,213,316,217,142,279,177,239,262,282
PCAP931DarkApoHigh_Individual:30,345,625,438,497,416,295,194,39,40,61,34,220,78
PCAP931DarkApoHigh_Individual:1;,196,402,606,426,352,211,277,231,307,377,357,204,31
PCAP931DarkApoHigh_Individual:19,136,98,270,280,496,253,345,200,153,250,86,172,87
PCAP931DarkApoHigh_Individual:18,492,398,387,254,296,320,433,292,323,313,128,58,7
PCAP931DarkApoHigh_Individual:39,172,194,495,311,298,285,470,560,488,679,301,110,99
PCAP931DarkApoHigh_Individual:33,117,145,282,193,253,248,422,193,116,52,68,15,9
PCAP931DarkApoHigh_Individual:3;,321,369,553,512,557,422,438,462,426,285,248,37,43
PCAP931DarkApoHigh_Individual:32,160,161,423,441,360,455,361,233,287,164,221,213,380
PCAP931DarkApoHigh_Individual:13,535,565,568,752,845,786,800,769,960,547,332,383,224
PCAP931DarkApoHigh_Individual:12,308,194,918,428,632,482,485,716,733,746,614,222,98
PCAP931DarkApoHigh_Individual:7;,428,207,617,535,899,981,971,833,674,607,325,225,160
PCAP931DarkApoHigh_Individual:10,167,83,326,334,333,367,292,209,172,203,276,147,23
PCAP931DarkApoHigh_Individual:17,130,38,370,274,195,204,284,385,309,179,208,150,120
PCAP931DarkApoHigh_Individual:16,143,76,542,539,501,505,345,362,367,255,216,226,210
PCAP931DarkApoHigh_Individual:15,208,99,321,425,436,365,496,700,626,218,181,205,123
PCAP931DarkApoHigh_Individual:14,172,31,57,625,460,118,185,24,181,35,188,71,16
