PCAP931DarkApoHigh_Individual:8;,0.09231,0.09009,0.10156,0.12551,0.14943,0.14798,0.17089,0.13924,0.15464,0.18681,0.1746,0.1519,0.17778
PCAP931DarkApoHigh_Individual:48,0.08889,0.0929,0.085,0.11173,0.05625,0.11688,0.08743,0.07874,0.16667,0.12048,0.14851,0.125,0.10638
PCAP931DarkApoHigh_Individual:4;,0.10494,0.28229,0.21605,0.14659,0.07454,0.11285,0.13467,0.1226,0.21941,0.264,0.12698,0.0,0.0
PCAP931DarkApoHigh_Individual:40,0.11348,0.05556,0.07282,0.06533,0.13223,0.15287,0.1,0.01765,0.03846,0.00647,0.01606,0.08,0.21127
PCAP931DarkApoHigh_Individual:41,0.10112,0.27234,0.12628,0.26568,0.1371,0.13043,0.07595,0.05283,0.0681,0.11027,0.06792,0.0375,0.05738
PCAP931DarkApoHigh_Individual:42,0.12971,0.03636,0.14161,0.11726,0.05229,0.11864,0.07042,0.12069,0.10309,0.05556,0.06818,0.12174,0.13021
PCAP931DarkApoHigh_Individual:43,0.125,0.15385,0.11787,0.15823,0.17582,0.13889,0.20325,0.2,0.15385,0.27711,0.27273,0.34483,0.19512
PCAP931DarkApoHigh_Individual:44,0.10811,0.18889,0.12796,0.17063,0.08346,0.1129,0.11111,0.14159,0.08696,0.2,0.0,0.0,0.0
PCAP931DarkApoHigh_Individual:45,0.11966,0.12195,0.13521,0.20543,0.16871,0.18415,0.11935,0.21809,0.19101,0.28125,0.08696,0.04545,0.03846
PCAP931DarkApoHigh_Individual:46,0.04082,0.06098,0.12857,0.11982,0.07634,0.05714,0.05714,0.07692,0.12069,0.03077,0.07586,0.02564,0.04783
PCAP931DarkApoHigh_Individual:47,0.4,0.125,0.25,0.0,0.30049,0.22632,0.15466,0.07267,0.11255,0.125,0.0,0.16667,0
PCAP931DarkApoHigh_Individual:2;,0.16049,0.16897,0.13131,0.15815,0.10698,0.14171,0.17568,0.09836,0.06711,0.08974,0.0,0.0,0.0
PCAP931DarkApoHigh_Individual:28,0.1417,0.0796,0.15402,0.11607,0.14189,0.11881,0.1351,0.2216,0.22516,0.16603,0.26877,0.17606,0.17037
PCAP931DarkApoHigh_Individual:29,0.08854,0.08176,0.17378,0.12276,0.08565,0.08612,0.09001,0.09392,0.09437,0.11051,0.16265,0.25,0.025
PCAP931DarkApoHigh_Individual:26,0.08741,0.11517,0.14775,0.12926,0.1577,0.12526,0.15679,0.15775,0.14987,0.14169,0.17391,0.18571,0.22137
PCAP931DarkApoHigh_Individual:6;,0.23413,0.11957,0.13084,0.125,0.09936,0.1374,0.09515,0.08722,0.15356,0.09091,0.12658,0.16814,0.15426
PCAP931DarkApoHigh_Individual:24,0.08772,0.21739,0.17314,0.15194,0.08602,0.06452,0.06478,0.11316,0.11212,0.11985,0.05919,0.17442,0.09677
PCAP931DarkApoHigh_Individual:25,0.11111,0.1129,0.05769,0.15517,0.1375,0.07031,0.13744,0.08491,0.03876,0.16779,0.10833,0.27465,0.36
PCAP931DarkApoHigh_Individual:22,0.09677,0.08442,0.19484,0.13636,0.12887,0.15344,0.15736,0.08621,0.08,0.07407,0.02804,0.07377,0.11278
PCAP931DarkApoHigh_Individual:23,0.10853,0.10241,0.13295,0.19035,0.14732,0.08081,0.10619,0.16766,0.18421,0.12766,0.18947,0.15044,0.09524
PCAP931DarkApoHigh_Individual:20,0.05263,0.125,0.16471,0.1338,0.11774,0.20746,0.18919,0.23164,0.19672,0.21094,0.14943,0.31884,0.0
PCAP931DarkApoHigh_Individual:21,0.10989,0.08475,0.12456,0.16883,0.15947,0.11561,0.16901,0.11043,0.14685,0.19565,0.11538,0.24324,0.33673
PCAP931DarkApoHigh_Individual:34,0.11364,0.18584,0.14855,0.18619,0.23529,0.14966,0.05208,0.06818,0.08333,0.14286,0.0,0.0,0.0
PCAP931DarkApoHigh_Individual:38,0.14894,0.5,0.1626,0.14655,0.08796,0.17143,0.11465,0.08861,0.16149,0.08219,0.14844,0.15714,0.15789
PCAP931DarkApoHigh_Individual:35,0.15179,0.12037,0.2093,0.18605,0.07746,0.04762,0.18182,0.06925,0.02564,0.0,0.38889,0.08056,0.06754
PCAP931DarkApoHigh_Individual:27,0.10053,0.12987,0.14384,0.14887,0.11006,0.11511,0.09646,0.09357,0.08679,0.16529,0.1831,0.14444,0.18182
PCAP931DarkApoHigh_Individual:11,0.18812,0.04478,0.21951,0.15848,0.23684,0.21145,0.21498,0.19203,0.20879,0.14286,0.3125,0.0,0.0
PCAP931DarkApoHigh_Individual:37,0.09943,0.22619,0.13553,0.1227,0.07576,0.16667,0.12766,0.08824,0.13333,0.15569,0.07143,0.04412,0.02128
PCAP931DarkApoHigh_Individual:36,0.2228,0.05128,0.12637,0.11892,0.15325,0.14555,0.12634,0.10133,0.11724,0.13079,0.12871,0.2069,0.0
PCAP931DarkApoHigh_Individual:5;,0.125,0.04913,0.09841,0.08027,0.06826,0.04798,0.06667,0.04913,0.07491,0.13785,0.13571,0.07436,0.10499
PCAP931DarkApoHigh_Individual:9;,0.25175,0.19692,0.24167,0.16864,0.12157,0.05752,0.19886,0.20745,0.12256,0.17021,0.08333,0.0,0.05751
PCAP931DarkApoHigh_Individual:31,0.05128,0.09877,0.0724,0.09581,0.0493,0.10345,0.06579,0.06522,0.11558,0.0458,0.06154,0.06787,0.11111
PCAP931DarkApoHigh_Individual:30,0.27919,0.25668,0.12403,0.15287,0.15891,0.22222,0.14912,0.05263,0.16667,0.05556,0.10526,0.00781,0.0
PCAP931DarkApoHigh_Individual:1;,0.19048,0.09449,0.18277,0.14552,0.13974,0.08594,0.14362,0.18634,0.15459,0.19776,0.17797,0.20354,0.0625
PCAP931DarkApoHigh_Individual:19,0.13253,0.08955,0.12,0.13218,0.19741,0.15541,0.19231,0.09917,0.14141,0.08065,0.01613,0.08182,0.09434
PCAP931DarkApoHigh_Individual:18,0.21981,0.2549,0.17959,0.1,0.20213,0.24878,0.16185,0.21891,0.09787,0.11966,0.16176,0.125,0.0
PCAP931DarkApoHigh_Individual:39,0.12621,0.14167,0.24272,0.22335,0.11458,0.09569,0.05168,0.03651,0.05164,0.11011,0.17368,0.18966,0.09091
PCAP931DarkApoHigh_Individual:33,0.10769,0.11111,0.21711,0.09649,0.18563,0.06977,0.05769,0.17241,0.14516,0.22222,0.30769,0.28571,0.0
PCAP931DarkApoHigh_Individual:3;,0.12953,0.08969,0.1372,0.14837,0.19155,0.29231,0.26592,0.24658,0.2875,0.22436,0.21805,0.05,0.04762
PCAP931DarkApoHigh_Individual:32,0.09375,0.05051,0.14717,0.11744,0.10044,0.07432,0.10373,0.08442,0.05102,0.01739,0.02581,0.03974,0.03521
PCAP931DarkApoHigh_Individual:13,0.12596,0.25127,0.1694,0.20826,0.18028,0.16124,0.16546,0.23363,0.18462,0.21909,0.12033,0.12795,0.07784
PCAP931DarkApoHigh_Individual:12,0.16842,0.12174,0.16221,0.14179,0.09045,0.05034,0.04281,0.05526,0.08681,0.1283,0.1349,0.125,0.08
PCAP931DarkApoHigh_Individual:7;,0.14474,0.18919,0.18066,0.11846,0.16129,0.29851,0.30317,0.33935,0.37923,0.38583,0.18779,0.15714,0.15385
PCAP931DarkApoHigh_Individual:10,0.07965,0.14754,0.13778,0.09615,0.14706,0.10811,0.08333,0.08511,0.1129,0.09091,0.075,0.18391,0.08333
PCAP931DarkApoHigh_Individual:17,0.06667,0.0,0.12705,0.06593,0.09449,0.09929,0.15566,0.08889,0.11111,0.04,0.06875,0.11712,0.13978
PCAP931DarkApoHigh_Individual:16,0.13253,0.05769,0.14933,0.1708,0.15337,0.13814,0.08295,0.08772,0.11245,0.08876,0.09859,0.11465,0.15436
PCAP931DarkApoHigh_Individual:15,0.08333,0.17742,0.14216,0.088,0.11494,0.10132,0.08356,0.03506,0.04102,0.12963,0.13333,0.09489,0.13636
PCAP931DarkApoHigh_Individual:14,0.08163,0.09091,0.11429,0.13896,0.17363,0.06849,0.18018,0.0,0.10092,0.10526,0.09735,0.05128,0.125
