PCAP1DarkApoHigh_Individual:8;,0.17021,0.07996,0.0,0.17143,0.14884,0.13462,0.05926,0.14224,0.13825,0.12698,0.01515,0.04255,0.04225
PCAP1DarkApoHigh_Individual:48,0.29032,0.17293,0.23891,0.34821,0.30409,0.31698,0.28,0.20652,0.18605,0.26207,0.40541,0.17647,0.5
PCAP1DarkApoHigh_Individual:4;,0.10526,0.06494,0.05195,0.05303,0.02381,0.0061,0.19126,0.18421,0.27642,0.27473,0.25352,0.09179,0.07965
PCAP1DarkApoHigh_Individual:40,0.15603,0.15385,0.2,0.21525,0.16667,0.2517,0.37712,0.19308,0.24752,0.1875,0.16087,0.24303,0.20524
PCAP1DarkApoHigh_Individual:41,0.02098,0.10204,0.1716,0.22022,0.16862,0.13616,0.15196,0.15385,0.16505,0.15344,0.15982,0.405,0.06818
PCAP1DarkApoHigh_Individual:42,0.17021,0.15789,0.21429,0.09804,0.13021,0.24576,0.16471,0.1,0.16667,0.16,0.15493,0.05303,0.03804
PCAP1DarkApoHigh_Individual:43,0.1,0,0,0.0,0.0,0.19608,0.14286,0.16071,0.28255,0.15823,0.11399,0.09091,0.11111
PCAP1DarkApoHigh_Individual:44,0.02326,0.06122,0.18705,0.18357,0.22667,0.15493,0.15238,0.17355,0.18269,0.22477,0.10776,0.16892,0.14493
PCAP1DarkApoHigh_Individual:45,0.1,0.13208,0.19811,0.2268,0.24,0.25114,0.28082,0.20879,0.13433,0.21739,0.14286,0.10714,0.1
PCAP1DarkApoHigh_Individual:46,0.21033,0.2454,0.15075,0.17671,0.2043,0.26829,0.20755,0.23158,0.27731,0.26582,0.29268,0.11628,0.11538
PCAP1DarkApoHigh_Individual:47,0.11538,0.02941,0.13158,0.1,0.12919,0.19196,0.21144,0.16129,0.16667,0.14231,0.29341,0.22472,0.17
PCAP1DarkApoHigh_Individual:2;,0.05,0.09091,0.17816,0.19337,0.19122,0.17898,0.15152,0.13696,0.15929,0.09744,0.10465,0.07143,0.03448
PCAP1DarkApoHigh_Individual:28,0.10667,0.16092,0.13821,0.1295,0.21352,0.2562,0.18657,0.11579,0.09302,0.10204,0.02239,0.0,0.15672
PCAP1DarkApoHigh_Individual:29,0.1125,0.04274,0.0729,0.14815,0.0765,0.12653,0.13333,0.06884,0.01127,0.10294,0.15033,0.20276,0.14286
PCAP1DarkApoHigh_Individual:26,0.12752,0.06667,0.22436,0.22727,0.24405,0.21461,0.19101,0.12186,0.10802,0.25178,0.11241,0.24932,0.28017
PCAP1DarkApoHigh_Individual:6;,0.11421,0.17276,0.19444,0.27778,0.1517,0.14894,0.1659,0.16497,0.16615,0.19035,0.09623,0.06667,0.14114
PCAP1DarkApoHigh_Individual:24,0.0339,0.08411,0.20253,0.14229,0.25659,0.1791,0.13776,0.09524,0.07661,0.16552,0.19412,0.16092,0.11842
PCAP1DarkApoHigh_Individual:25,0.23276,0.21186,0.23404,0.19469,0.21053,0.23574,0.18382,0.22321,0.34628,0.35882,0.2907,0.13208,0.18085
PCAP1DarkApoHigh_Individual:22,0.15584,0.33858,0.27368,0.16735,0.23171,0.1982,0.1,0.11111,0.17647,0.0,0.2,0.15152,0.175
PCAP1DarkApoHigh_Individual:23,0.12097,0.12621,0.1323,0.16316,0.15825,0.13169,0.06667,0.07831,0.13901,0.08456,0.08203,0.19266,0.04813
PCAP1DarkApoHigh_Individual:20,0.10769,0.20833,0.13043,0.11,0.12442,0.1938,0.12389,0.11348,0.18018,0.09375,0.13776,0.16912,0.1625
PCAP1DarkApoHigh_Individual:21,0.03704,0.05085,0.19847,0.17647,0.17456,0.11765,0.08491,0.1326,0.23214,0.13869,0.16304,0.06122,0.08889
PCAP1DarkApoHigh_Individual:34,0.06329,0.11364,0.07981,0.08824,0.11017,0.10995,0.12177,0.0979,0.11607,0.16316,0.08434,0.10884,0.12371
PCAP1DarkApoHigh_Individual:38,0.15702,0.15584,0.10606,0.21455,0.16244,0.17215,0.23044,0.12539,0.28446,0.20578,0.064,0.10127,0.08584
PCAP1DarkApoHigh_Individual:35,0.03125,0.01724,0.21192,0.23466,0.23529,0.25479,0.23025,0.1509,0.09804,0.07219,0.08824,0.0935,0.11111
PCAP1DarkApoHigh_Individual:27,0.17978,0.0241,0,0.0,0.00344,0.14583,0.14106,0.17722,0.0604,0.17734,0.34091,0.0,0
PCAP1DarkApoHigh_Individual:11,0.0936,0.10256,0.19847,0.27574,0.28242,0.26357,0.26577,0.23443,0.17857,0.12577,0.11111,0.07851,0.07895
PCAP1DarkApoHigh_Individual:37,0.07143,0.05056,0.1028,0.18619,0.23324,0.16954,0.11647,0.27103,0.26339,0.2,0.15493,0.1,0.11538
PCAP1DarkApoHigh_Individual:36,0.17021,0.20513,0.19149,0.25815,0.18954,0.20492,0.18974,0.19108,0.11521,0.10487,0.05221,0.12121,0.11728
PCAP1DarkApoHigh_Individual:5;,0.15707,0.06383,0.14146,0.107,0.1831,0.10036,0.20803,0.14164,0.13333,0.20625,0.08333,0.26054,0.09877
PCAP1DarkApoHigh_Individual:9;,0.10169,0.14706,0.17209,0.22439,0.14286,0.2,0.0,0.19027,0.12915,0.13269,0.21705,0.17391,0.17518
PCAP1DarkApoHigh_Individual:31,0.2381,0.15094,0.19167,0.16935,0.1,0.04082,0.08574,0.13333,0.20981,0.25714,0.12222,0.13235,0.0
PCAP1DarkApoHigh_Individual:30,0.11927,0.07471,0,0,0,0.1086,0.20096,0.2616,0.15854,0.34232,0.23039,0.03409,0.0
PCAP1DarkApoHigh_Individual:1;,0.07895,0.01724,0.08197,0.16049,0.0991,0.07917,0.04698,0.18788,0.14213,0.10526,0.04167,0.07503,0.25214
PCAP1DarkApoHigh_Individual:19,0.1145,0.15789,0.07181,0.09836,0.25341,0.24784,0.28239,0.24309,0.13889,0.09333,0.07692,0.12281,0.13415
PCAP1DarkApoHigh_Individual:18,0.35849,0.15966,0.1573,0.10494,0.10843,0.09449,0.11894,0.11254,0.17227,0.06407,0.06349,0.08333,0.08197
PCAP1DarkApoHigh_Individual:39,0.13333,0.17683,0.26786,0.14894,0.14045,0.13433,0.2561,0.0,0.17568,0.0,0.2233,0.14286,0.2027
PCAP1DarkApoHigh_Individual:33,0.09259,0.21805,0.22381,0.22941,0.29064,0.32579,0.34595,0.30519,0.30137,0.08392,0.20541,0.36559,0.22628
PCAP1DarkApoHigh_Individual:3;,0.20225,0.16429,0.07143,0.21053,0.14732,0.12,0.08587,0.10385,0.11871,0.12088,0.13421,0.21639,0.25401
PCAP1DarkApoHigh_Individual:32,0.19847,0.23744,0.17178,0.28527,0.30058,0.24409,0.14403,0.20321,0.24,0.26667,0.16667,0.30769,0.0
PCAP1DarkApoHigh_Individual:13,0.09302,0.15625,0.19858,0.16529,0.17254,0.17025,0.18664,0.15331,0.11538,0.08108,0.18293,0.28431,0.28261
PCAP1DarkApoHigh_Individual:12,0.07447,0.13074,0.29112,0.33742,0.20181,0.1295,0.10484,0.10606,0.15122,0.11184,0.1519,0.07979,0.10169
PCAP1DarkApoHigh_Individual:7;,0.16667,0,0.04242,0.07389,0.0,0.22162,0.2449,0.07426,0.08315,0.0587,0.08,0.29927,0.07143
PCAP1DarkApoHigh_Individual:10,0.07576,0.17045,0.1971,0.22257,0.18079,0.19863,0.23947,0.14405,0.1875,0.06667,0.125,0.16129,0.0303
PCAP1DarkApoHigh_Individual:17,0.06338,0.12139,0.04831,0.14791,0.17621,0.1676,0.11796,0.11236,0.08889,0.15447,0.04762,0.14054,0.10556
PCAP1DarkApoHigh_Individual:16,0.11565,0.15789,0.15528,0.17143,0.17928,0.22727,0.30769,0.28682,0.12088,0.24873,0.2967,0.1625,0.21472
PCAP1DarkApoHigh_Individual:15,0.12162,0.10101,0.16794,0.15341,0.12444,0.09449,0.08571,0.05102,0.173,0.15942,0.0,0,0.0625
PCAP1DarkApoHigh_Individual:14,0.15447,0.20548,0.21429,0.18824,0.131,0.25188,0.19608,0.10345,0.11786,0.08385,0.11429,0.17736,0.04082
