PCAP2DarkApoHigh_Individual:8;,0.0274,0.14179,0.13911,0.16854,0.18543,0.20548,0.17886,0.21675,0.26897,0.14451,0.15122,0.21111,0.11828
PCAP2DarkApoHigh_Individual:48,0.325,0.34432,0.24841,0.15882,0.11429,0.09124,0.04484,0.01896,0.03209,0.0,0.07292,0.01538,0.0
PCAP2DarkApoHigh_Individual:4;,0.03614,0.0,0.0,0.0,0.05405,0.0,0.0,0.03053,0.017,0.0,0.01193,0.00419,0.0063
PCAP2DarkApoHigh_Individual:40,0.11399,0.0383,0.02353,0.02087,0.06944,0.09677,0.07343,0.06582,0.016,0.03226,0.02075,0.00877,0.02326
PCAP2DarkApoHigh_Individual:41,0.0241,0.02183,0.08197,0.08122,0.08523,0.04878,0.1474,0.1342,0.13043,0.07927,0.03136,0.02685,0.01042
PCAP2DarkApoHigh_Individual:42,0.28846,0.08235,0.056,0.06897,0.04981,0.04651,0.04688,0.01942,0.0,0.05263,0.02105,0.0,0.02667
PCAP2DarkApoHigh_Individual:43,0.10092,0.06154,0.07895,0.12587,0.11814,0.12953,0.07619,0.12338,0.0989,0.01418,0.10101,0.03448,0.0
PCAP2DarkApoHigh_Individual:44,0.09179,0.04472,0.02632,0.02222,0.01786,0.01456,0.08333,0.0101,0.0,0.1505,0.0,0.03529,0.11111
PCAP2DarkApoHigh_Individual:45,0.04902,0.09424,0.08784,0.0,0.0,0.11111,0.09375,0.14783,0.04233,0.00398,0.01075,0.00766,0.01931
PCAP2DarkApoHigh_Individual:46,0.08889,0.06763,0.01402,0.02016,0.0473,0.02247,0.01389,0.0,0.03774,0.0,0.0,0.12021,0
PCAP2DarkApoHigh_Individual:47,0.37143,0.12376,0.15302,0.14371,0.17895,0.13158,0.17105,0.125,0.16667,0.14024,0.16438,0.05911,0.05
PCAP2DarkApoHigh_Individual:2;,0.07453,0.17647,0.08268,0.07813,0.04128,0.07241,0.07299,0.06601,0.03646,0.03486,0.02168,0.02048,0.04348
PCAP2DarkApoHigh_Individual:28,0.05161,0.01212,0.00568,0.01587,0.00382,0.05042,0.0382,0.03825,0.05348,0.04906,0.01575,0.0297,0.0179
PCAP2DarkApoHigh_Individual:29,0.05914,0.0578,0.01594,0.00746,0.01527,0.01852,0.03586,0.04481,0.07799,0.0508,0.02088,0.02074,0.01397
PCAP2DarkApoHigh_Individual:26,0.01183,0.0,0.0101,0.0,0.0,0.0,0.01293,0.01581,0.04103,0.04138,0.0,0.01717,0.01224
PCAP2DarkApoHigh_Individual:6;,0.04138,0.06557,0.02941,0.05051,0.04167,0.08125,0.06818,0.11634,0.09697,0.0509,0.09091,0.07975,0.06299
PCAP2DarkApoHigh_Individual:24,0.32258,0.16484,0.09231,0.08122,0.07932,0.13699,0.1391,0.14525,0.18713,0.03125,0.06557,0.10476,0.10738
PCAP2DarkApoHigh_Individual:25,0.1,0.08163,0.06107,0.01695,0.0,0.07661,0.04819,0.03252,0.0315,0.03429,0.01408,0.05,0.01587
PCAP2DarkApoHigh_Individual:22,0.38462,0,0.14754,0.07143,0.19149,0.28082,0.33333,0.27907,0.17,0.21429,0.1,0.16667,0.20779
PCAP2DarkApoHigh_Individual:23,0.14,0.13115,0.09343,0.0678,0.09871,0.08406,0.07605,0.12155,0.08511,0.11024,0.08527,0.02542,0.0
PCAP2DarkApoHigh_Individual:20,0.13834,0.05195,0.05667,0.02703,0.0427,0.05,0.04918,0.07831,0.01984,0.01579,0.05263,0.01923,0.0
PCAP2DarkApoHigh_Individual:21,0.2,0.275,0.13115,0.07619,0.17021,0.05542,0.13415,0.07738,0.08054,0.07797,0.05742,0.10497,0.02564
PCAP2DarkApoHigh_Individual:34,0.0201,0.0,0.02996,0.00621,0.02805,0.04674,0.02733,0.00556,0.00085,0.0,0.0,0.0,0.0
PCAP2DarkApoHigh_Individual:38,0.03632,0.04433,0.01075,0.0,0.05903,0.04927,0.0375,0.03082,0.01203,0.0033,0.0,0.00762,0.00168
PCAP2DarkApoHigh_Individual:35,0.07971,0.01587,0.00199,0.0,0.00735,0.0,0.00662,0.0,0.02113,0.06589,0.06118,0.06291,0.06471
PCAP2DarkApoHigh_Individual:27,0.01695,0.01092,0.00174,0.00568,0.01208,0.01911,0.03906,0.02709,0.03371,0.01173,0.00943,0.00239,0.0
PCAP2DarkApoHigh_Individual:11,0.04724,0.00288,0.0,0.0,0.0,0.0,0.0,0.0,0.00823,0.09341,0.01024,0.00865,0.0026
PCAP2DarkApoHigh_Individual:37,0.03788,0.02077,0.01425,0.08491,0.03953,0.02723,0.0303,0.02432,0.02941,0.05195,0.03571,0.01899,0.05882
PCAP2DarkApoHigh_Individual:36,0.0,0.0,0.01538,0.0,0.0,0.0,0.0,0.02778,0.0,0.0578,0.0,0.01095,0.02075
PCAP2DarkApoHigh_Individual:5;,0.0,0.0,0.0,0.01709,0.0,0.0,0.0,0.01734,0.0566,0.02308,0.01404,0.0142,0.01117
PCAP2DarkApoHigh_Individual:9;,0.09747,0.07273,0.07161,0.06039,0.04046,0.05128,0.03097,0.03571,0.02591,0.01255,0.02762,0.0,0.0
PCAP2DarkApoHigh_Individual:31,0.03371,0.0,0.0,0.0,0.0,0.0,0.0,0.02913,0.00671,0.00317,0.0,0.0,0.0
PCAP2DarkApoHigh_Individual:30,0.06742,0.0,0.04301,0.06731,0.086,0.1,0.10377,0.10263,0.125,0.10169,0.10241,0.09635,0.10026
PCAP2DarkApoHigh_Individual:1;,0.01149,0.0,0.01333,0.06173,0.0137,0.03478,0.0381,0.08108,0.0,0,0.0,0,0.06873
PCAP2DarkApoHigh_Individual:19,0.15385,0.01961,0.03175,0.02817,0.00625,0.01075,0.0,0.0,0.12903,0.0,0.0,0.0,0.0
PCAP2DarkApoHigh_Individual:18,0.11348,0.10309,0.13636,0,0.04348,0.1086,0.09278,0.03448,0.03704,0.03297,0.03053,0.00943,0.05
PCAP2DarkApoHigh_Individual:39,0.07483,0.03846,0.03846,0.08547,0.09795,0.14828,0.06186,0.09155,0.13978,0.10526,0.20896,0.0,0.17073
PCAP2DarkApoHigh_Individual:33,0.1978,0.0,0.08205,0.07046,0.10837,0.07798,0.09341,0.16038,0,0,0.11429,0.0,0.22222
PCAP2DarkApoHigh_Individual:3;,0.00763,0.0,0.05319,0.05797,0.08108,0.04348,0.07048,0.08936,0.08649,0.02222,0.0,0.0,0.0
PCAP2DarkApoHigh_Individual:32,0.0,0.03906,0.00897,0.00993,0.01596,0.02527,0.02875,0.04878,0.03333,0.01754,0.00779,0.00457,0.03297
PCAP2DarkApoHigh_Individual:13,0.15625,0.03125,0.01087,0.00901,0.0989,0.09524,0.10879,0.09479,0.08247,0.0583,0.04348,0.0,0
PCAP2DarkApoHigh_Individual:12,0.06536,0.07692,0.08537,0.06667,0.04484,0.03521,0.0,0.0,0.0,0.0,0.0,0.0,0.17889
PCAP2DarkApoHigh_Individual:7;,0.00943,0.00838,0.00474,0.00769,0.02857,0.02564,0.02618,0.04972,0.05495,0.03917,0.01548,0.0,0.0
PCAP2DarkApoHigh_Individual:10,0.01852,0.00315,0,0.0,0.0,0,0.02239,0.0538,0.02123,0.01618,0.00687,0.01198,0.02679
PCAP2DarkApoHigh_Individual:17,0.17561,0.1223,0.16384,0.17808,0.15493,0.14777,0.15086,0.1375,0.19048,0.12245,0.20313,0.1,0.14286
PCAP2DarkApoHigh_Individual:16,0.07968,0.02905,0.06154,0.07087,0.00472,0.0087,0.0,0.00617,0.0,0.0,0.0,0.03721,0.11133
PCAP2DarkApoHigh_Individual:15,0.19565,0.09239,0.15678,0.09627,0.16596,0.09662,0.10185,0.06787,0.0381,0.01047,0.00676,0.0,0.0
PCAP2DarkApoHigh_Individual:14,0.07558,0.03419,0.01376,0.0,0.0,0.0,0.06,0.01367,0.0,0.00543,0.0,0.0,0.0
