PCAP2DarkApoHigh_Individual:8;,0.80822,0.45149,0.4252,0.38483,0.42053,0.36986,0.41057,0.4532,0.26897,0.52601,0.52683,0.52222,0.62366
PCAP2DarkApoHigh_Individual:48,0.2,0.15018,0.17834,0.11176,0.19286,0.22993,0.43049,0.6872,0.50267,0.7027,0.41667,0.44615,0.65909
PCAP2DarkApoHigh_Individual:4;,0.59036,0.92391,0.89524,0.91045,0.81081,0.84615,0.95918,0.52672,0.58357,0.73721,0.7327,0.80713,0.82983
PCAP2DarkApoHigh_Individual:40,0.54922,0.51489,0.67451,0.52182,0.52315,0.74194,0.66084,0.73671,0.744,0.63134,0.63485,0.5,0.69767
PCAP2DarkApoHigh_Individual:41,0.85542,0.79039,0.7541,0.72081,0.61932,0.65505,0.52312,0.56277,0.56522,0.59756,0.71429,0.5302,0.42708
PCAP2DarkApoHigh_Individual:42,0.30769,0.71765,0.616,0.56322,0.55172,0.4186,0.51563,0.82524,0.75676,0.89474,0.91579,0.87692,0.70667
PCAP2DarkApoHigh_Individual:43,0.65138,0.83077,0.7193,0.44755,0.40928,0.4715,0.51746,0.44156,0.48352,0.83688,0.56061,0.85345,0.86145
PCAP2DarkApoHigh_Individual:44,0.31401,0.26423,0.28509,0.46222,0.47768,0.43204,0.47222,0.77778,0.78947,0.04571,0.56452,0.70588,0.55556
PCAP2DarkApoHigh_Individual:45,0.68627,0.44503,0.34459,1.0,1.0,0.38889,0.40179,0.28696,0.69841,0.88048,0.89247,0.7682,0.7722
PCAP2DarkApoHigh_Individual:46,0.48889,0.37198,0.49065,0.48387,0.34459,0.25843,0.43056,0.57143,0.45283,0.80769,0.88889,0.10597,0
PCAP2DarkApoHigh_Individual:47,0.14286,0.32673,0.28826,0.24551,0.43158,0.32895,0.44737,0.35833,0.40667,0.42683,0.34932,0.79803,0.76
PCAP2DarkApoHigh_Individual:2;,0.35404,0.39496,0.56693,0.5625,0.48624,0.5069,0.63139,0.74328,0.80903,0.77615,0.80623,0.78957,0.68896
PCAP2DarkApoHigh_Individual:28,0.50323,0.60606,0.64205,0.66667,0.69084,0.5042,0.57079,0.62842,0.63369,0.70943,0.69029,0.71535,0.79284
PCAP2DarkApoHigh_Individual:29,0.51613,0.68208,0.87251,0.90672,0.86641,0.66667,0.56329,0.54953,0.49025,0.70856,0.79814,0.80876,0.80168
PCAP2DarkApoHigh_Individual:26,0.7574,0.8169,0.71717,0.74346,0.85897,0.8254,0.90086,0.83399,0.60513,0.62759,0.51613,0.79399,0.65306
PCAP2DarkApoHigh_Individual:6;,0.58621,0.5082,0.55882,0.50505,0.66667,0.4375,0.44481,0.47368,0.58788,0.65868,0.61648,0.5092,0.56693
PCAP2DarkApoHigh_Individual:24,0.3871,0.37363,0.35385,0.37563,0.33144,0.43836,0.33835,0.24581,0.2807,0.53125,0.57377,0.42857,0.55705
PCAP2DarkApoHigh_Individual:25,0.575,0.5,0.48855,0.77966,0.97826,0.57258,0.60241,0.74797,0.6063,0.66857,0.78873,0.55,0.7619
PCAP2DarkApoHigh_Individual:22,0.30769,0,0.45902,0.51948,0.41489,0.30137,0.42424,0.4186,0.36,0.27143,0.375,0.39583,0.33766
PCAP2DarkApoHigh_Individual:23,0.4,0.51639,0.31488,0.24407,0.2618,0.22899,0.34221,0.50829,0.57447,0.37008,0.56589,0.49153,0.80952
PCAP2DarkApoHigh_Individual:20,0.24506,0.22511,0.25333,0.39189,0.3452,0.51154,0.42623,0.39157,0.63889,0.57895,0.55263,0.82692,0.85294
PCAP2DarkApoHigh_Individual:21,0.375,0.225,0.57377,0.59048,0.42021,0.53976,0.5061,0.51786,0.53356,0.53898,0.5311,0.54144,0.75641
PCAP2DarkApoHigh_Individual:34,0.8794,0.66044,0.47191,0.89814,0.68317,0.44741,0.64579,0.82759,0.90221,0.94113,0.97805,0.94545,0.75
PCAP2DarkApoHigh_Individual:38,0.69976,0.66256,0.5914,0.77586,0.51042,0.48358,0.52,0.70878,0.82086,0.76238,0.8114,0.88567,0.79461
PCAP2DarkApoHigh_Individual:35,0.61594,0.65079,0.78884,0.71149,0.83824,0.8449,0.88742,0.82787,0.69718,0.43992,0.53176,0.5596,0.61176
PCAP2DarkApoHigh_Individual:27,0.74576,0.79694,0.81913,0.8267,0.82367,0.71656,0.6224,0.6298,0.64326,0.81232,0.84906,0.86158,0.80081
PCAP2DarkApoHigh_Individual:11,0.68898,0.85879,0.96296,0.96133,0.98319,1.0,0.9927,0.93413,0.95062,0.47253,0.82253,0.74352,0.73247
PCAP2DarkApoHigh_Individual:37,0.82576,0.79525,0.81339,0.49057,0.57907,0.53465,0.7197,0.7973,0.8,0.76623,0.86607,0.87342,0.84314
PCAP2DarkApoHigh_Individual:36,0.93333,0.98969,0.87692,0.97333,1.0,1.0,1.0,0.86111,0.88372,0.60694,0.78261,0.64599,0.6805
PCAP2DarkApoHigh_Individual:5;,0.64103,0.71154,0.47273,0.42735,0.73077,0.85841,0.65714,0.6474,0.45597,0.46667,0.48772,0.6875,0.77933
PCAP2DarkApoHigh_Individual:9;,0.39711,0.31818,0.33504,0.31643,0.4104,0.50549,0.54425,0.56786,0.49741,0.57322,0.52486,0.58621,0.72222
PCAP2DarkApoHigh_Individual:31,0.76404,0.98765,1.0,0.98684,0.97561,0.9823,0.95833,0.60194,0.85906,0.7619,0.86957,0.81346,0.72254
PCAP2DarkApoHigh_Individual:30,0.57678,1.0,0.72043,0.62981,0.46437,0.46136,0.46934,0.44474,0.49242,0.55085,0.54217,0.49479,0.53826
PCAP2DarkApoHigh_Individual:1;,0.57471,0.5974,0.50667,0.38889,0.59932,0.65652,0.70952,0.72973,0.75949,0,0.76923,0,0.42955
PCAP2DarkApoHigh_Individual:19,0.26496,0.46569,0.62698,0.47183,0.6,0.55914,0.68293,0.62857,0.41935,0.93548,0.66667,0.74074,1.0
PCAP2DarkApoHigh_Individual:18,0.39007,0.74227,0.39091,0,0.69565,0.56561,0.50515,0.64138,0.55556,0.6044,0.53435,0.66981,0.46429
PCAP2DarkApoHigh_Individual:39,0.52381,0.88462,0.73846,0.52991,0.45786,0.34483,0.42268,0.48592,0.47312,0.57895,0.34328,0.46667,0.43902
PCAP2DarkApoHigh_Individual:33,0.37363,1.0,0.64103,0.65583,0.45437,0.49083,0.48352,0.51887,0,0,0.54286,0.77778,0.40741
PCAP2DarkApoHigh_Individual:3;,0.65649,0.66667,0.60638,0.63768,0.60811,0.54348,0.51101,0.60426,0.62703,0.79259,0.82667,0.87821,0.79447
PCAP2DarkApoHigh_Individual:32,0.73099,0.64063,0.75785,0.75497,0.63298,0.60289,0.53355,0.57317,0.56042,0.75,0.84416,0.63927,0.54945
PCAP2DarkApoHigh_Individual:13,0.4375,0.76042,0.69565,0.52252,0.47253,0.5119,0.51464,0.48815,0.49828,0.6861,0.47826,1.0,0
PCAP2DarkApoHigh_Individual:12,0.34641,0.29231,0.32317,0.49333,0.48879,0.59507,0.79111,0.81039,0.73118,1.0,0.85915,0.81176,0.0644
PCAP2DarkApoHigh_Individual:7;,0.73585,0.80168,0.76303,0.85385,0.89286,0.8141,0.87958,0.67956,0.5641,0.7235,0.75097,0.90476,0.92776
PCAP2DarkApoHigh_Individual:10,0.85802,0.92114,0,1.0,1.0,0,0.80597,0.44937,0.6242,0.62945,0.65979,0.68862,0.58929
PCAP2DarkApoHigh_Individual:17,0.3561,0.39568,0.37853,0.26484,0.32394,0.26804,0.39655,0.34375,0.4127,0.69388,0.54688,0.54286,0.74286
PCAP2DarkApoHigh_Individual:16,0.23904,0.41079,0.34615,0.33465,0.6934,0.66087,0.65174,0.66049,0.90909,1.0,1.0,0.1814,0.0798
PCAP2DarkApoHigh_Individual:15,0.42391,0.36413,0.40678,0.36335,0.42979,0.42512,0.51389,0.60181,0.58095,0.60209,0.49324,0.40394,0.40678
PCAP2DarkApoHigh_Individual:14,0.53488,0.71795,0.64679,0.54268,0.97222,0.80952,0.545,0.47608,0.45788,0.68478,0.92929,0.67586,0.77818
