PCAP814DarkApoHigh_Individual:8;,0.75676,0.9375,1.0,1.0,0.33333,0.94737,0.22222,0.96552,0,1.0,0.59193,0.51032,0.7605
PCAP814DarkApoHigh_Individual:48,0.5669,0.78109,0.65714,0.19842,0.04427,0.0,0.40976,0.67364,0.65766,0.58382,0.69565,0.69565,0.76623
PCAP814DarkApoHigh_Individual:4;,0.57143,0.72727,0.72727,0.72581,0.69565,0.92857,0.84848,0.94444,0.95652,0.82353,0.84615,0.92308,1.0
PCAP814DarkApoHigh_Individual:40,0.51057,0.65949,0.46667,0.56459,0.44164,0.57468,0.58712,0.76563,0.82731,0.71875,0.69737,0.625,0.61905
PCAP814DarkApoHigh_Individual:41,0.36321,0.54865,0.51163,0.59557,0.52952,0.56995,0.55216,0.66908,0.62272,0.7,0.81532,0.78395,0.66667
PCAP814DarkApoHigh_Individual:42,0.73786,0.90244,0.82836,0.90821,0.76647,0.69697,0.57746,0.59251,0.54463,0.6198,0.60697,0.73828,0.82864
PCAP814DarkApoHigh_Individual:43,0.61765,1.0,1.0,0.68317,0.63415,0.56995,0.89785,0.65806,0.52419,0.56338,0.60452,0.74834,0.78723
PCAP814DarkApoHigh_Individual:44,0.58659,0.81818,0.66337,0.95161,0.48199,0.68831,0.52451,0.80534,0.6055,0.78947,0.86486,0.59091,0.5102
PCAP814DarkApoHigh_Individual:45,0.51948,0.55691,0.48679,0.55269,0.55172,0.65148,0.58458,0.72566,0.67429,0.64286,0.60625,0.44928,0.70213
PCAP814DarkApoHigh_Individual:46,0.42213,0.63755,0.61252,0.53784,0.52778,0.54135,0.63333,0.69118,0.84348,0.74797,0.49612,0.51485,0.53846
PCAP814DarkApoHigh_Individual:47,0.59821,0.56419,0.57862,0.57778,0.62308,0.48858,0.85211,0,0.16117,0.18324,0.6506,0.89474,0.37042
PCAP814DarkApoHigh_Individual:2;,0.45,0.93671,0.5,0.68182,0.77922,0.89394,0.89063,0.93671,0.86957,0.82353,0.69388,0.775,0.72917
PCAP814DarkApoHigh_Individual:28,0.66221,0.89474,0.73333,0.90879,0.80719,0.7957,0.776,0.92481,0.88398,0.92045,0.83916,0.8617,0.88235
PCAP814DarkApoHigh_Individual:29,0.96748,1.0,0.98913,0.98113,0.96078,0.53448,0.59028,0.59104,0.52959,0.60079,0.61837,0.65705,0.67033
PCAP814DarkApoHigh_Individual:26,0.54348,0.75926,0.65,0.82986,0.74101,0.77303,0.78059,0.7971,0.78947,0.8617,0.77419,0.86458,0.8314
PCAP814DarkApoHigh_Individual:6;,0.90909,0.25,0.69767,0.8,0.85185,0.5,0.83333,0.96,0.71429,0.93333,0.31818,0.0,0
PCAP814DarkApoHigh_Individual:24,0.21019,0.68519,0.40351,0.46606,0.41159,0.39514,0.30808,0.58997,0.30078,0.25888,0.35945,0.4,0.39752
PCAP814DarkApoHigh_Individual:25,0.80597,0.86449,0.78061,0.78873,0.66456,0.7093,0.74051,0.87302,0.93452,0.93056,0.96479,0.86207,0.89873
PCAP814DarkApoHigh_Individual:22,0.57143,0.64444,0.70769,0.63687,0.67368,0.72464,0.75723,0.54386,0.91892,0.65823,0.53659,0.92857,0.06426
PCAP814DarkApoHigh_Individual:23,0.55556,0.33333,0.35537,0.51977,0.56364,0.58824,0.60633,0.81163,0.69732,0.71066,0.77206,0.75,0.08373
PCAP814DarkApoHigh_Individual:20,0.57895,0.64085,0.60256,0.35714,0.39175,0.55901,0.35616,0.48163,0.38961,0.3614,0.29323,0.34395,0.44878
PCAP814DarkApoHigh_Individual:21,1.0,0.98169,0.32402,0.50373,0.44444,0.54828,0.43602,0.63973,0.53293,0.73762,0.5,0.53521,0.47619
PCAP814DarkApoHigh_Individual:34,0.86567,1.0,0,0.5,0.81818,0.76471,0.55556,0.93229,0.79487,0.44643,0.45411,0.5,0.44667
PCAP814DarkApoHigh_Individual:38,0.39109,0.42366,0.43529,0.49225,0.42169,0.62222,0.65068,0.77642,0.79259,0.85263,0.9,0.88889,0.5
PCAP814DarkApoHigh_Individual:35,0.59712,0.84783,0.68644,0.52715,0.65328,0.51864,0.43175,0.574,0.51389,0.61151,0.72472,0.72571,0.72308
PCAP814DarkApoHigh_Individual:27,0.69884,0.75275,0.63562,0.77698,0.77812,0.81773,0.95082,0.94304,0.85465,0.92373,0.96296,0.92742,0.95506
PCAP814DarkApoHigh_Individual:11,0.56303,0.54379,0.59796,0.68058,0.68874,0.7989,0.82308,0.88356,0.89474,0.81818,1.0,0.91667,0.55556
PCAP814DarkApoHigh_Individual:37,0.572,0.71429,1.0,0,0.58683,0.75399,0.4607,0.87736,0.43966,0.56164,0.69811,0.7623,0.83152
PCAP814DarkApoHigh_Individual:36,0.5255,0.80682,0.71626,0.55595,0.54506,0.55128,0.53692,0.65808,0.71141,0.67376,0.70909,0.81313,0.78099
PCAP814DarkApoHigh_Individual:5;,0.55385,0.67464,0.71602,0.71396,0.92593,0.79907,0.74046,0.83721,0.76684,0.82517,0.86184,0.91051,0.89837
PCAP814DarkApoHigh_Individual:9;,0.54601,0.73598,0.44486,0.4347,0.57072,0.52201,0.39411,0.60998,0.58131,0.42369,0.56863,0.66769,0.78025
PCAP814DarkApoHigh_Individual:31,0.49231,0.59954,0.55759,0.53647,0.53671,0.63939,0.44344,0.49916,0.39105,0.42211,0.39766,0.44498,0.48806
PCAP814DarkApoHigh_Individual:30,0.71849,0.77844,0.76957,0.76125,0.63134,0.67114,0.74419,0.80524,0.86498,0.91912,0.92537,0.76744,0.84
PCAP814DarkApoHigh_Individual:1;,0.60976,0.85938,0.77895,0.80882,1.0,0.95185,1.0,0.97561,0.8,1.0,0.73684,1.0,0.88889
PCAP814DarkApoHigh_Individual:19,0.73973,0.79661,0.73171,0.88106,0.50719,0.66364,0.5285,0.69832,0.63758,0.65185,0.7821,0.7561,0.76316
PCAP814DarkApoHigh_Individual:18,0.5629,0.93643,0.71585,0.60112,0.48455,0.49869,0.43791,0.69283,0.69526,0.65103,0.65371,0.70652,0.64758
PCAP814DarkApoHigh_Individual:39,0.42291,0.4981,0.38441,0.51659,0.45928,0.65079,0.75328,0.8467,0.88832,0.8865,0.77647,0.57627,0.61832
PCAP814DarkApoHigh_Individual:33,0.46296,0.68367,0.66667,0.87931,0.73596,0.66667,0.4908,0.88406,0.72527,0.52,0.52747,0.85294,0.97101
PCAP814DarkApoHigh_Individual:3;,0.6087,0.74545,0.62633,0.76139,0.72857,0.68815,0.76531,0.84242,0.65741,0.72973,0.76471,0.76596,0.76772
PCAP814DarkApoHigh_Individual:32,0.3573,0.55414,0.48921,0.78523,0.57143,0.55773,0.65963,0.68506,0.53558,0.61421,0.54305,0.54237,0.57207
PCAP814DarkApoHigh_Individual:13,0.50617,0.05387,0.44654,0.83607,0.8,0.98901,0.96124,0.95652,1.0,1.0,0.71429,0.91935,0.5
PCAP814DarkApoHigh_Individual:12,0.52796,0.62415,0.51448,0.53221,0.49762,0.56149,0.47434,0.53333,0.47342,0.5072,0.5975,0.62724,0.68436
PCAP814DarkApoHigh_Individual:7;,0.65385,0.85714,0.84577,0.76824,0.77567,0.82,0.80952,0.80455,0.69388,0.53619,0.41624,0.45168,0.45269
PCAP814DarkApoHigh_Individual:10,0.42553,0.57345,0.4723,0.54255,0.50769,0.68,0.70082,0.92388,0.91324,0.93651,0.89216,1.0,1.0
PCAP814DarkApoHigh_Individual:17,0.43478,0.77033,0.86726,0.88936,0.73333,0.5183,0.55187,0.88095,1.0,0,0.52,0.49828,0.53892
PCAP814DarkApoHigh_Individual:16,0.50606,0.74934,0.59858,0,0,0,0.0503,0.07619,0.04865,0.54494,0.45092,0.36943,0.46761
PCAP814DarkApoHigh_Individual:15,0.48734,0.48248,0.48889,0.59434,0.56057,0.70801,0.76498,0.8617,0.85852,0.73504,0.8046,0.7619,0.76923
PCAP814DarkApoHigh_Individual:14,0.6626,0.87393,0.83499,0.72714,0.56581,0.59868,0.57509,0.62284,0.5,0.43038,0.55446,0.50633,0.56604
