sh,cc,ii,og,jg,ch,gh,sj,ec,sc,ih,gi,ig,es,eg,ie,gg,sg,si,os,hs,js,cs,is,gs,ss,TimeFactor
0.0,0.0,0.0,0.0,0.0,0.0,0.0,0.0,0.0,0.0005020080321285141,0.0008012820512820514,0.0008012820512820514,0.0009689922480620155,0.0010683760683760683,0.0023148148148148147,0.0023148148148148147,0.002942000560381059,0.003640005655420255,0.004309650647910665,0.005092592592592592,0.008809346173508707,0.011404663093772473,0.0355411501606061,0.10672553147954067,0.14795411228778074,0.6648093772677265,1.0
0.0,0.0,0.0,0.0,0.0,0.0003654970760233918,0.00040453074433656954,0.0006218905472636816,0.0009057971014492754,0.0003654970760233918,0.0,0.001221524208388857,0.0,0.0,0.0,0.0,0.008658465366796776,0.024183572631885693,0.001221524208388857,0.0031219220486843956,0.01966510104099566,0.024682402176112863,0.058868114722815244,0.08369820323509149,0.1438933689774872,0.6281225888382566,2.0
0.0,0.0,0.0008169934640522876,0.0010683760683760683,0.002440577249575552,0.0,0.0,0.0,0.0,0.0010162601626016261,0.0,0.001885369532428356,0.0010683760683760683,0.0033766063467086283,0.0,0.0,0.0038657739518571654,0.009145529599725201,0.002702362996480643,0.008493324605295708,0.004142452950307087,0.02238713655785125,0.01883801125345398,0.06446333283190464,0.15855437800097485,0.6957351383600309,3.0
0.0,0.0,0.0,0.0,0.0,0.0,0.0,0.0016025641025641027,0.0,0.0,0.0,0.0008012820512820514,0.0,0.0015671727628249366,0.0,0.0,0.0011574074074074073,0.00807514245014245,0.0014626577126577126,0.015069221090562553,0.012609456175632645,0.034464875580526515,0.02872389108002919,0.05967228447695979,0.14861859464036498,0.6861754504690456,4.0
0.0,0.010416666666666666,0.0,0.0,0.0,0.0,0.0,0.0,0.0,0.0024112654320987653,0.0,0.0,0.0,0.0,0.0,0.0,0.0,0.0,0.001984126984126984,0.028373015873015873,0.004571759259259259,0.039448302469135804,0.037461419753086415,0.06069541954958622,0.04934731549314883,0.6819573751865419,5.0
0.0012254901960784314,0.0,0.0,0.0007062146892655367,0.0,0.0,0.0,0.0,0.0,0.0,0.0,0.0,0.0,0.002713585434173669,0.0,0.0,0.0,0.0014124293785310734,0.0,0.006472354601746912,0.0163049637569626,0.09821491135424533,0.04160174274607235,0.06343993450467596,0.08253266764434186,0.6853757056939062,6.0
0.0,0.0,0.0,0.0,0.0,0.0,0.0,0.0,0.0,0.0,0.0,0.0,0.0,0.0025848765432098767,0.0,0.0,0.0,0.0038441145281018028,0.0,0.009454676179414855,0.00967720811406417,0.027648376148871345,0.025614320440883864,0.048798283946575365,0.14883090169222327,0.7235472424066555,7.0
0.0,0.0,0.0,0.0,0.0,0.0,0.0,0.0010416666666666667,0.0,0.0032051282051282055,0.0,0.0,0.0,0.0012254901960784314,0.0,0.0,0.0,0.0028735632183908046,0.0030257936507936505,0.00876517273576097,0.013989441930618402,0.05800696366312358,0.020679671072673104,0.09517352572965404,0.10586944134954564,0.6861441415815664,8.0
0.0,0.0,0.0,0.0,0.0,0.0,0.0,0.0,0.0,0.0,0.0,0.0,0.0,0.0,0.0,0.0,0.0,0.006276709401709401,0.0,0.0,0.018371212121212118,0.0562951485648854,0.03507643672117357,0.05630862193362193,0.049354519749256594,0.7783173515081411,9.0
0.0,0.0,0.0,0.0,0.0,0.0,0.0,0.0,0.0,0.0,0.0,0.0,0.0,0.0023148148148148147,0.0,0.0,0.0,0.0,0.0,0.001736111111111111,0.005717592592592593,0.09679832115315985,0.033037217412217414,0.05520893458393459,0.08214192617418424,0.7230450821579852,10.0
0.0,0.0,0.0,0.0,0.0,0.0,0.0,0.0010416666666666667,0.0,0.006944444444444444,0.0,0.0,0.0010964912280701754,0.0012626262626262627,0.0,0.0,0.0,0.0010162601626016261,0.0022226173541963017,0.004939420335761799,0.006171085858585858,0.026574192893191604,0.03318574329084598,0.05024088138056367,0.16101884812371012,0.7042857219987355,11.0
0.0,0.0,0.0,0.0,0.0,0.0,0.0,0.0,0.0,0.0010964912280701754,0.0,0.0,0.0006038647342995169,0.00586702262903636,0.0,0.0,0.0,0.0006038647342995169,0.001388888888888889,0.012955902323528758,0.006899641577060932,0.043228778963628006,0.04833334720419011,0.06059471230162374,0.14407674370480875,0.6743507417105653,12.0
0.0,0.0,0.001488095238095238,0.0,0.0,0.0,0.0,0.0,0.0,0.0,0.0,0.0,0.0,0.001488095238095238,0.0,0.0,0.0,0.0,0.0,0.001488095238095238,0.0039912917271407835,0.055076433437282496,0.018315018315018316,0.06607081990336706,0.0839967487962771,0.6014187354399619,13.0
