se,jc,jg,cg,so,go,es,ho,ec,ch,oi,ih,cc,hh,sh,jj,gi,ig,oc,sc,hs,sj,sg,os,gg,ii,js,si,cs,is,gs,ss,TimeFactor
0.0,0.0,0.0,0.0,0.0,0.0,0.0,0.0,0.0,0.0,0.0,0.0,0.0,0.0,0.0,0.0023148148148148147,0.003968253968253968,0.004629629629629629,0.006944444444444444,0.006944444444444444,0.006944444444444444,0.011574074074074075,0.011574074074074075,0.016203703703703703,0.017195767195767195,0.022486772486772486,0.02314814814814815,0.032407407407407406,0.05092592592592592,0.053571428571428575,0.08713624338624339,0.47536375661375657,1.0
0.0,0.0,0.0,0.0,0.0,0.0,0.0,0.0,0.0,0.0,0.0,0.0,0.0021367521367521365,0.003472222222222222,0.003472222222222222,0.0,0.003472222222222222,0.003472222222222222,0.0,0.0021367521367521365,0.0021367521367521365,0.0,0.031249999999999997,0.020833333333333332,0.06674382716049382,0.027777777777777776,0.0021367521367521365,0.04050925925925926,0.007716049382716049,0.02685778727445394,0.1312618708452042,0.5412808641975309,2.0
0.0,0.0,0.0,0.0,0.0,0.0,0.0,0.0,0.0,0.0,0.003472222222222222,0.004629629629629629,0.0,0.0,0.004629629629629629,0.004629629629629629,0.0,0.0,0.0,0.0,0.015542328042328043,0.004629629629629629,0.040839947089947086,0.006283068783068783,0.032242063492063495,0.003472222222222222,0.008597883597883597,0.00710978835978836,0.06944444444444443,0.04497354497354498,0.1238425925925926,0.6256613756613757,3.0
0.0,0.0,0.0,0.0,0.0,0.0,0.0,0.0,0.027777777777777776,0.027777777777777776,0.0,0.0,0.013888888888888888,0.0,0.05555555555555555,0.0,0.0,0.0,0.0,0.013888888888888888,0.05555555555555555,0.0,0.0,0.0,0.0,0.006944444444444444,0.006944444444444444,0.013888888888888888,0.05092592592592592,0.04398148148148148,0.03472222222222222,0.39814814814814814,4.0
0.0,0.0,0.0,0.0,0.0,0.0,0.006944444444444444,0.027777777777777776,0.0,0.0,0.006944444444444444,0.0,0.0,0.0,0.0,0.0,0.0,0.0,0.0,0.0,0.0,0.0,0.0,0.027777777777777776,0.0,0.02314814814814815,0.013888888888888888,0.037037037037037035,0.016203703703703703,0.03472222222222222,0.06481481481481481,0.49074074074074076,5.0
0.0,0.0,0.013888888888888888,0.013888888888888888,0.013888888888888888,0.027777777777777776,0.013888888888888888,0.0,0.0,0.0,0.0,0.0,0.0,0.0,0.0,0.0,0.0,0.0,0.0,0.027777777777777776,0.009259259259259259,0.0,0.0,0.041666666666666664,0.0,0.0,0.027777777777777776,0.048611111111111105,0.037037037037037035,0.05555555555555555,0.037037037037037035,0.3819444444444445,6.0
0.0,0.013888888888888888,0.0,0.0,0.0,0.0,0.0,0.0,0.0,0.0,0.0,0.0,0.0,0.0,0.0,0.0,0.0,0.0,0.0,0.0,0.0,0.0,0.003968253968253968,0.03273809523809524,0.003968253968253968,0.009259259259259259,0.0,0.009259259259259259,0.031746031746031744,0.06183862433862434,0.05092592592592593,0.6157407407407408,7.0
0.0,0.0,0.0,0.0,0.0,0.0,0.0,0.0,0.0,0.0,0.0,0.0,0.0,0.0,0.013888888888888888,0.0,0.0,0.0,0.0,0.0,0.027777777777777776,0.0,0.0,0.027777777777777776,0.0,0.0,0.0,0.0,0.04398148148148148,0.05092592592592592,0.05555555555555555,0.6967592592592592,8.0
0.027777777777777776,0.0,0.0,0.0,0.0,0.0,0.027777777777777776,0.0,0.0,0.0,0.0,0.0,0.0,0.0,0.0,0.0,0.0,0.0,0.0,0.0,0.0,0.0,0.0,0.0,0.0,0.0,0.013888888888888888,0.0,0.013888888888888888,0.0,0.027777777777777776,0.38888888888888884,9.0
0.0,0.0,0.0,0.0,0.0,0.0,0.0,0.0,0.0,0.0,0.0,0.0,0.0,0.0,0.0,0.0,0.0,0.0,0.0,0.0,0.0,0.0,0.0,0.027777777777777776,0.0,0.009259259259259259,0.009259259259259259,0.014814814814814814,0.027777777777777776,0.03518518518518519,0.06481481481481481,0.561111111111111,10.0
0.0,0.0,0.0,0.0,0.0,0.0,0.0,0.0,0.0,0.0,0.0,0.0,0.0,0.0,0.006944444444444444,0.0,0.0,0.0,0.0,0.0,0.006944444444444444,0.0,0.003472222222222222,0.006944444444444444,0.0,0.003968253968253968,0.006944444444444444,0.007440476190476189,0.027777777777777776,0.061507936507936505,0.09193121693121692,0.609457671957672,11.0
0.0,0.0,0.0,0.0,0.0,0.0,0.03472222222222222,0.0,0.0,0.0,0.0,0.0,0.0,0.013888888888888888,0.013888888888888888,0.013888888888888888,0.0,0.0,0.0,0.006944444444444444,0.011574074074074075,0.013888888888888888,0.013888888888888888,0.013888888888888888,0.013888888888888888,0.0,0.0,0.0,0.020833333333333332,0.05555555555555555,0.05555555555555555,0.5509259259259259,12.0
0.0,0.027777777777777776,0.0,0.0,0.027777777777777776,0.0,0.0,0.0,0.0,0.027777777777777776,0.0,0.0,0.0,0.0,0.0,0.0,0.0,0.0,0.0,0.0,0.027777777777777776,0.0,0.0,0.05555555555555555,0.0,0.009259259259259259,0.009259259259259259,0.009259259259259259,0.02314814814814815,0.009259259259259259,0.013888888888888888,0.25925925925925924,13.0
