ois,gso,soo,sgs,sis,jsg,sgg,ess,hss,css,sjs,jss,gss,oss,iss,sss,TimeFactor
0.0,0.0,0.0,0.0,0.0,0.0,0.0,0.0,0.0,0.013888888888888888,0.041666666666666664,0.041666666666666664,0.041666666666666664,0.05555555555555555,0.08333333333333333,0.3055555555555556,1.0
0.0,0.0,0.0,0.0,0.0,0.0,0.0,0.0,0.0625,0.041666666666666664,0.0,0.0,0.0625,0.010416666666666666,0.03125,0.5416666666666666,2.0
0.0,0.0,0.0,0.0,0.0,0.0,0.0,0.0,0.0,0.013888888888888888,0.005952380952380952,0.02023809523809524,0.06984126984126984,0.025793650793650796,0.029166666666666664,0.5851190476190476,3.0
0.0,0.0,0.0,0.006944444444444444,0.013888888888888888,0.013888888888888888,0.013888888888888888,0.041666666666666664,0.0,0.010416666666666666,0.0,0.041666666666666664,0.027777777777777776,0.0,0.0625,0.517361111111111,4.0
0.0,0.0,0.0,0.0,0.0,0.0,0.0,0.0,0.0,0.020833333333333332,0.0,0.041666666666666664,0.08333333333333333,0.041666666666666664,0.0625,0.4166666666666667,5.0
0.0,0.0,0.0,0.0,0.0,0.0,0.0,0.0,0.0,0.0,0.0,0.0,0.0625,0.0,0.08333333333333333,0.2708333333333333,6.0
0.0,0.010416666666666666,0.010416666666666666,0.010416666666666666,0.0,0.0,0.0,0.0,0.0,0.03125,0.0,0.0,0.11805555555555557,0.013888888888888888,0.03125,0.5243055555555556,7.0
0.0,0.0,0.0,0.0,0.0,0.0,0.0,0.041666666666666664,0.0,0.0,0.0,0.0,0.08333333333333333,0.041666666666666664,0.0,0.4166666666666667,8.0
0.0,0.0,0.0,0.0,0.0,0.0,0.0,0.0,0.0,0.0,0.0,0.041666666666666664,0.0,0.0,0.020833333333333332,0.4375,9.0
0.0,0.0,0.0,0.0,0.0,0.0,0.0,0.0,0.013888888888888888,0.0,0.020833333333333332,0.020833333333333332,0.0,0.0,0.0625,0.5486111111111112,10.0
0.013888888888888888,0.0,0.0,0.0,0.0,0.0,0.0,0.020833333333333332,0.0,0.0,0.0,0.0,0.1361111111111111,0.0,0.07777777777777777,0.6680555555555555,11.0
0.0,0.0,0.0,0.0,0.0,0.0,0.0,0.0,0.0,0.0,0.020833333333333332,0.041666666666666664,0.041666666666666664,0.041666666666666664,0.0,0.4375,12.0
0.0,0.0,0.0,0.0,0.0,0.0,0.0,0.0625,0.0,0.0,0.0,0.08333333333333333,0.027777777777777776,0.0,0.0,0.3263888888888889,13.0
