ii,hs,jh,cc,sg,os,gs,hi,sh,sc,si,cs,is,ss,TimeFactor
0.0,0.0,0.0,0.0,0.0,0.0,0.0,0.0,0.0,0.0,0.0,0.0,0.0,0.0,1.0
0.0,0.0,0.0,0.0,0.0,0.0,0.0,0.007575757575757576,0.007575757575757576,0.007575757575757576,0.007575757575757576,0.015151515151515152,0.015151515151515152,0.022727272727272724,2.0
0.0,0.0,0.0,0.0,0.0,0.0,0.006944444444444444,0.0,0.0,0.0,0.010416666666666666,0.0,0.01736111111111111,0.13194444444444445,3.0
0.0,0.0,0.0,0.0,0.010416666666666666,0.016666666666666666,0.020833333333333332,0.0,0.0,0.0,0.0,0.0,0.0,0.28541666666666665,4.0
0.0,0.0,0.0,0.0,0.0,0.016666666666666666,0.0,0.0,0.0,0.0,0.0,0.0,0.0,0.15,5.0
0.0,0.0,0.0,0.0,0.0,0.016666666666666666,0.0,0.0,0.0,0.0,0.0,0.0,0.0,0.06666666666666667,6.0
0.0,0.0,0.0,0.03333333333333333,0.0,0.016666666666666666,0.0,0.0,0.0,0.016666666666666666,0.0,0.0,0.03888888888888889,0.39444444444444443,7.0
0.0,0.0,0.0,0.0,0.0,0.0,0.0,0.0,0.0,0.0,0.0,0.0,0.013888888888888888,0.06944444444444445,8.0
0.0,0.0,0.0,0.0,0.0,0.0,0.0,0.0,0.0,0.0,0.0,0.0,0.0,0.08333333333333333,9.0
0.0,0.0,0.0,0.0,0.0,0.0,0.0,0.0,0.0,0.0,0.0,0.013888888888888888,0.0,0.06944444444444445,10.0
0.0,0.016666666666666666,0.016666666666666666,0.0,0.0,0.016666666666666666,0.016666666666666666,0.0,0.0,0.0,0.0,0.0,0.0,0.18333333333333335,11.0
0.0,0.0,0.0,0.0,0.0,0.0,0.0,0.0,0.0,0.0,0.0,0.0,0.0,0.08333333333333333,12.0
0.03333333333333333,0.0,0.0,0.0,0.0,0.0,0.0,0.0,0.0,0.0,0.016666666666666666,0.0,0.0,0.11666666666666665,13.0
