hg,se,ee,jg,jj,og,sj,ig,sc,ii,si,eo,js,es,hh,sh,gg,oo,so,oc,co,gi,sg,os,hs,cs,gs,is,ss,TimeFactor
0.0,0.0,0.0,0.0,0.0,0.0,0.0,0.0,0.0,0.0,0.0,0.0,0.0,0.0,0.004629629629629629,0.004629629629629629,0.004629629629629629,0.005555555555555556,0.005555555555555556,0.006944444444444444,0.009259259259259259,0.009259259259259259,0.011574074074074075,0.01893939393939394,0.021043771043771045,0.05319865319865321,0.07331649831649832,0.09280303030303032,0.5953282828282828,1.0
0.0,0.0,0.0,0.0,0.0,0.0,0.0,0.0,0.0,0.0,0.0,0.003472222222222222,0.006944444444444444,0.006944444444444444,0.0,0.003472222222222222,0.006944444444444444,0.003472222222222222,0.003472222222222222,0.0,0.0,0.0,0.016203703703703703,0.010416666666666666,0.013657407407407405,0.009259259259259259,0.06342592592592593,0.10254629629629629,0.49976851851851856,2.0
0.0,0.0,0.0,0.0,0.0,0.0,0.0012077294685990338,0.0038043478260869567,0.005555555555555556,0.011956521739130435,0.016304347826086956,0.0,0.0012077294685990338,0.015096618357487922,0.0,0.0,0.007608695652173913,0.0,0.0,0.0,0.0,0.010714285714285713,0.03315504945939728,0.016022544283413848,0.012318840579710144,0.058433977455716594,0.10992638601334254,0.047757073844030364,0.5655969634230503,3.0
0.0,0.0,0.0,0.0,0.0,0.0,0.005555555555555556,0.0,0.0,0.0023148148148148147,0.0023148148148148147,0.0,0.005555555555555556,0.003968253968253968,0.0,0.0,0.0,0.0,0.0,0.0,0.0,0.0,0.012566137566137565,0.04429012345679012,0.003968253968253968,0.041049382716049375,0.08357583774250439,0.032561728395061725,0.5956128747795414,4.0
0.0,0.0,0.0,0.0,0.0,0.0,0.009259259259259259,0.0,0.0,0.0,0.0,0.0,0.009259259259259259,0.0,0.0,0.0,0.0,0.0,0.0,0.0,0.0,0.0,0.0,0.013888888888888888,0.0,0.0,0.013888888888888888,0.0787037037037037,0.375,5.0
0.0,0.0,0.0,0.0,0.0,0.005555555555555556,0.0,0.0,0.027777777777777776,0.0,0.005555555555555556,0.0,0.011111111111111112,0.0,0.0,0.0,0.0,0.0,0.005555555555555556,0.005555555555555556,0.0,0.0,0.0,0.011111111111111112,0.013888888888888888,0.03333333333333333,0.08055555555555555,0.030555555555555555,0.5194444444444445,6.0
0.0,0.0,0.0,0.0,0.005555555555555556,0.0,0.005555555555555556,0.0,0.0023148148148148147,0.0,0.0023148148148148147,0.0,0.027777777777777776,0.009259259259259259,0.0,0.0,0.013888888888888888,0.0,0.0,0.0,0.0,0.0023148148148148147,0.005401234567901234,0.050308641975308634,0.0023148148148148147,0.015806878306878307,0.06545414462081128,0.0541225749559083,0.48761022927689585,7.0
0.0,0.0,0.0,0.018518518518518517,0.0,0.0,0.0,0.0,0.009259259259259259,0.0,0.0,0.0,0.0,0.0,0.0,0.0,0.003968253968253968,0.0,0.0,0.0,0.0,0.0,0.003968253968253968,0.026455026455026454,0.006944444444444444,0.013227513227513227,0.10284391534391533,0.02711640211640211,0.45436507936507936,8.0
0.0,0.0,0.0,0.0,0.0,0.0,0.0,0.0,0.0,0.0,0.0,0.0,0.0,0.0,0.0,0.0,0.0,0.0,0.0,0.0,0.0,0.0,0.0,0.0,0.0,0.0,0.027777777777777776,0.027777777777777776,0.27777777777777773,9.0
0.0,0.013888888888888888,0.013888888888888888,0.009259259259259259,0.0,0.0,0.0,0.0,0.004629629629629629,0.004629629629629629,0.009259259259259259,0.0,0.0,0.0,0.0,0.0,0.0,0.0,0.0,0.0,0.0,0.0,0.0,0.02314814814814815,0.004629629629629629,0.009259259259259259,0.06944444444444443,0.02314814814814815,0.39814814814814814,10.0
0.009259259259259259,0.0,0.0,0.009259259259259259,0.0,0.0,0.0,0.0,0.0,0.0,0.009259259259259259,0.0,0.0,0.0,0.0,0.0,0.014814814814814814,0.0,0.0,0.0,0.0,0.0,0.01597222222222222,0.04814814814814814,0.006944444444444444,0.006944444444444444,0.17430555555555552,0.03009259259259259,0.5916666666666667,11.0
0.0,0.0,0.0,0.041666666666666664,0.0,0.0,0.0,0.0,0.013888888888888888,0.0,0.0,0.0,0.0,0.027777777777777776,0.0,0.0,0.0,0.0,0.0,0.0,0.0,0.0,0.0,0.013888888888888888,0.0,0.027777777777777776,0.10555555555555556,0.019444444444444445,0.49999999999999994,12.0
0.0,0.0,0.0,0.0,0.0,0.0,0.0,0.0,0.0,0.0,0.0,0.0,0.0,0.0,0.0,0.0,0.0,0.0,0.0,0.0,0.0,0.0,0.0,0.032407407407407406,0.0,0.013888888888888888,0.05555555555555555,0.0,0.48148148148148145,13.0
