cs,so,js,os,he,hh,eh,ee,hg,gh,hi,ie,sh,eg,ge,es,ih,hs,ei,se,is,si,ig,gi,sg,ii,gs,ss,gg,TimeFactor
0.0,0.0,0.0,0.0,0.0,0.0,0.0,0.0,0.000380517503805175,0.000380517503805175,0.000380517503805175,0.000380517503805175,0.000380517503805175,0.00076103500761035,0.00076103500761035,0.00076103500761035,0.001141552511415525,0.001141552511415525,0.0015220700152207,0.001902587519025875,0.00684931506849315,0.011198086540552293,0.03207898456186127,0.03814687975646879,0.04545689280278322,0.04804033485540334,0.08150277234181343,0.1102576647097195,0.11657561426397041,1.0
0.0,0.0,0.0,0.0,0.00028935185185185184,0.0008680555555555555,0.0008680555555555555,0.002893518518518519,0.0,0.0008680555555555555,0.0023148148148148147,0.0031828703703703706,0.00815446127946128,0.00028935185185185184,0.001736111111111111,0.002025462962962963,0.002025462962962963,0.009022516835016835,0.002893518518518519,0.002025462962962963,0.021696127946127946,0.017997685185185186,0.004050925925925926,0.004050925925925926,0.01637205387205387,0.01099537037037037,0.050915404040404046,0.15969591750841752,0.008101851851851851,2.0
0.0,0.0036231884057971015,0.0036231884057971015,0.02028985507246377,0.0,0.0,0.0,0.0026041666666666665,0.0,0.003968253968253968,0.0,0.0,0.0,0.0,0.0,0.0,0.0,0.003968253968253968,0.0,0.0026041666666666665,0.026291839199447897,0.023324765512265516,0.022964015151515152,0.006572420634920635,0.046130952380952384,0.023324765512265516,0.08762606656628395,0.3386482252650731,0.05110254329004329,3.0
0.0,0.0,0.013888888888888888,0.0,0.0,0.0,0.0012077294685990338,0.0,0.0,0.0,0.0024154589371980675,0.0024154589371980675,0.0,0.0012077294685990338,0.0,0.0012077294685990338,0.0024154589371980675,0.0012077294685990338,0.0,0.0012077294685990338,0.02874396135265701,0.01328502415458937,0.0012077294685990338,0.0012077294685990338,0.008333333333333333,0.025362318840579712,0.03297101449275362,0.3617149758454106,0.0,4.0
0.013888888888888888,0.0,0.0,0.008333333333333333,0.0,0.0,0.0,0.0,0.0,0.0,0.0,0.0,0.0,0.0,0.0,0.0,0.0,0.0,0.0,0.0,0.013888888888888888,0.013888888888888888,0.0,0.0,0.0,0.0,0.0,0.11666666666666665,0.0,5.0
0.0,0.0,0.0,0.0,0.0,0.0,0.0,0.0,0.0,0.0,0.0,0.0,0.0,0.0,0.0,0.0,0.0,0.0,0.0,0.0,0.0,0.0,0.0,0.010416666666666666,0.010416666666666666,0.020833333333333332,0.010416666666666666,0.010416666666666666,0.020833333333333332,6.0
0.0,0.0,0.0,0.0,0.0,0.0,0.0,0.0,0.0,0.0,0.0,0.0,0.0,0.0,0.0,0.0,0.0,0.0,0.0,0.0,0.0,0.0,0.0,0.0,0.016666666666666666,0.0,0.016666666666666666,0.13333333333333333,0.0,7.0
0.0,0.0,0.0,0.0,0.0,0.0,0.0,0.0,0.0,0.0,0.0,0.0,0.0,0.0,0.0,0.0,0.0,0.0,0.0,0.0,0.0,0.0,0.0,0.0,0.0,0.0,0.0,0.08333333333333333,0.0,8.0
0.0,0.0,0.0,0.0,0.0,0.0,0.0,0.0,0.0,0.0,0.0,0.0,0.0,0.0,0.0,0.0,0.0,0.0,0.0,0.0,0.0,0.0,0.0,0.0,0.0,0.0,0.0,0.0,0.0,9.0
0.0,0.0,0.0,0.0,0.0,0.0,0.0,0.0,0.0,0.0,0.0,0.0,0.0,0.0,0.0,0.0,0.0,0.0,0.0,0.0,0.006410256410256411,0.0,0.0,0.012820512820512822,0.019230769230769232,0.012820512820512822,0.012820512820512822,0.012820512820512822,0.006410256410256411,10.0
0.016666666666666666,0.0,0.0,0.0,0.0,0.0,0.0,0.0,0.0,0.0,0.0,0.0,0.0,0.0,0.0,0.0,0.0,0.0,0.0,0.0,0.0,0.0,0.0,0.0,0.013888888888888888,0.0,0.02314814814814815,0.17777777777777778,0.018518518518518517,11.0
0.0,0.0,0.0,0.0,0.0,0.0,0.0,0.0,0.0,0.0,0.0,0.0,0.0,0.0,0.0,0.0,0.0,0.0,0.0,0.0,0.005208333333333333,0.005208333333333333,0.0,0.0,0.005208333333333333,0.0,0.017113095238095236,0.21726190476190477,0.0,12.0
0.0,0.0,0.0,0.0,0.0,0.0,0.0,0.0,0.0,0.0,0.0,0.0,0.0,0.0,0.0,0.0,0.0,0.0,0.0,0.0,0.0,0.0,0.0,0.0,0.0,0.0,0.0,0.0,0.0,13.0
