jc,he,ij,ch,ei,cg,oi,oc,og,oh,gc,jg,sj,ji,eg,ci,hg,ii,gh,ie,ig,eh,ge,ee,gi,jh,hh,se,hi,gg,sh,ih,so,sc,es,si,os,sg,hs,js,cs,is,gs,ss,TimeFactor
0.0,0.0,0.0,0.0,0.0,0.0,0.0,0.0,0.0,0.0,0.0,0.0,0.0,0.0,0.0,0.0,0.0,0.0,0.0,0.0,0.0,0.0,0.0,0.0,0.0,0.0,0.0,0.0,0.0,0.00048449612403100775,0.0007861635220125786,0.0008333333333333334,0.0013440860215053762,0.002443955583490467,0.0028321812596006145,0.0057772889168238,0.006285652523307385,0.0071852433125173185,0.013334669460389423,0.021598837725451098,0.03351513904208555,0.0757305541454748,0.15387587849399842,0.6739725205359789,1.0
0.0,0.0,0.0,0.0,0.0,0.0,0.0,0.0,0.0,0.0,0.0,0.0,0.0,0.0,0.0,0.0,0.0,0.0,0.0,0.0,0.0,0.0,0.0,0.0,0.0,0.0006830601092896175,0.0006830601092896175,0.0007309941520467836,0.0007309941520467836,0.003355927698032961,0.0,0.0007309941520467836,0.0,0.0005341880341880341,0.002977139819245082,0.0021716300189121586,0.0030440840675957158,0.0068093943093943095,0.020440210334515773,0.02970428124163541,0.026687250285949902,0.05562727748903049,0.1400882579005184,0.7050012561262622,2.0
0.0,0.0,0.0,0.0,0.0,0.0,0.0,0.0,0.0,0.0,0.0,0.0,0.0,0.0,0.00042517006802721087,0.00043402777777777775,0.0007575757575757576,0.0013721397649969077,0.001984126984126984,0.001984126984126984,0.001984126984126984,0.0027417027417027417,0.0031668728097299526,0.003968253968253968,0.0043934240362811785,0.0,0.0,0.0,0.001984126984126984,0.007120471294578437,0.0,0.005952380952380952,0.0,0.0,0.01066017316017316,0.003562409812409812,0.00878343761747123,0.005105118401657051,0.009960077430723224,0.008401610540438675,0.024105811481919457,0.049872197477994935,0.17311739414009686,0.6681632428293027,3.0
0.0,0.0,0.0,0.0,0.0,0.0,0.0,0.0,0.0,0.0,0.0,0.000744047619047619,0.000744047619047619,0.0027916636148343464,0.0,0.0,0.0,0.0,0.0,0.0,0.000744047619047619,0.0,0.0,0.0,0.0,0.0,0.0,0.0,0.0,0.005143540966711699,0.000946969696969697,0.0,0.000744047619047619,0.0,0.003967035217035217,0.004126082251082251,0.003528195601366333,0.013005717464558928,0.0125528283397948,0.020664734889201352,0.025102788155379616,0.0631013249153493,0.16293678657118696,0.6791561418403389,4.0
0.0,0.0,0.0,0.0,0.0,0.0,0.0,0.0,0.0,0.0011904761904761904,0.0011904761904761904,0.0,0.0,0.0,0.0,0.0010964912280701754,0.0,0.0,0.0,0.0010964912280701754,0.0,0.0,0.0,0.0,0.000946969696969697,0.0,0.002777777777777778,0.0,0.0,0.0008680555555555555,0.0,0.0,0.0010964912280701754,0.000946969696969697,0.008510989471372767,0.006626855287569573,0.007407689949983182,0.004723110683493978,0.007596371882086168,0.027283034425891566,0.022775123155149308,0.054752249176489125,0.10461900111499654,0.7444953760605321,5.0
0.0,0.0,0.0,0.0,0.0,0.0,0.0004734848484848485,0.0006613756613756613,0.001736111111111111,0.0,0.0,0.0,0.0006613756613756613,0.0,0.0,0.0,0.0,0.0,0.0,0.0,0.0006613756613756613,0.0,0.0,0.0,0.0,0.0,0.0,0.0,0.0,0.0,0.0,0.0,0.0,0.0,0.003242224596391263,0.0028336247086247087,0.007805235739234042,0.0058792287958954635,0.015732204603702903,0.035856608060555434,0.03220978667887269,0.05084954084671119,0.10964630582004355,0.7317515172062458,6.0
0.0,0.0,0.0,0.0,0.0,0.0006510416666666666,0.0,0.0,0.0,0.0,0.0,0.00219017094017094,0.0018574432304074278,0.0,0.0008012820512820514,0.0,0.0,0.0,0.0,0.0,0.0027703604806408543,0.0,0.0,0.0,0.0,0.0,0.0,0.0003894080996884735,0.0008012820512820514,0.006841322198661396,0.0008012820512820514,0.0,0.0,0.0003894080996884735,0.0037853177455981196,0.0017782969885773625,0.005776862026862027,0.015206915897499665,0.011977351568473063,0.011148646818486018,0.021339531525717274,0.059656795934884856,0.17449849723454725,0.677338783389584,7.0
0.0,0.0,0.0,0.0,0.0,0.0,0.0,0.0,0.0,0.0,0.0,0.001893939393939394,0.0007062146892655367,0.0,0.0,0.0,0.0,0.0021929824561403508,0.0,0.0,0.0004006410256410257,0.0,0.0,0.0,0.0008012820512820514,0.0,0.0,0.0,0.0,0.0004006410256410257,0.0,0.0,0.0014367816091954023,0.0,0.007186278103616814,0.004735157669155971,0.001744727047146402,0.005996381659745836,0.00893214849619179,0.024495421340273386,0.03947755053735918,0.07660540729938756,0.1670930765585592,0.655901369037459,8.0
0.0,0.0,0.0005952380952380952,0.0005952380952380952,0.0026041666666666665,0.0,0.0,0.0,0.0,0.0,0.0,0.0005952380952380952,0.0,0.0,0.0,0.0,0.0,0.0,0.0,0.0,0.0,0.0,0.0,0.0,0.0,0.0,0.0,0.003700657894736842,0.0,0.0,0.002261904761904762,0.0,0.0,0.0016917293233082705,0.019554093567251463,0.0005952380952380952,0.018440988835725678,0.002002288329519451,0.01741722244511146,0.023920317303469482,0.02071680663285354,0.04220213742524955,0.12192104417004303,0.7211856902632073,9.0
0.0,0.0,0.0,0.0,0.0,0.0,0.0,0.0,0.0,0.0,0.0,0.0,0.0008333333333333334,0.0,0.0,0.0,0.0,0.0,0.0,0.0008333333333333334,0.0,0.0,0.0008333333333333334,0.0033333333333333335,0.0,0.0,0.0,0.0008333333333333334,0.0,0.0,0.0013703208556149731,0.0,0.0,0.000946969696969697,0.0033333333333333335,0.0031986531986531986,0.012976568005637774,0.003577441077441077,0.022122190901260667,0.02632786195286195,0.024077663893840362,0.07028121358362467,0.1291966086998577,0.695924508134238,10.0
0.0016025641025641027,0.001736111111111111,0.0,0.0,0.0,0.0008012820512820514,0.0,0.0,0.0,0.0,0.0,0.0005274261603375527,0.0005274261603375527,0.0,0.001736111111111111,0.0,0.0,0.004941239316239316,0.0,0.0,0.0026975650492264414,0.0,0.0,0.001736111111111111,0.0,0.0,0.0,0.0,0.0,0.0021299902629016553,0.001736111111111111,0.0,0.0,0.0,0.0065222073677956025,0.00490399388609006,0.006838055675301433,0.005825299198218159,0.01654309298970424,0.012560473590922336,0.02040881213547353,0.048797486551598636,0.16954539501963292,0.6878832460379299,11.0
0.0,0.0,0.0,0.0,0.0,0.000925925925925926,0.0,0.0,0.0,0.0,0.0,0.0,0.0,0.0,0.0,0.0,0.0,0.0,0.0,0.0,0.0,0.0,0.0,0.0,0.0010683760683760683,0.0,0.0,0.0,0.0,0.0,0.0,0.0,0.0,0.0,0.0030487804878048777,0.003785316503086538,0.003827596687181825,0.0010683760683760683,0.003642268629731588,0.020121604848700327,0.03545880752379662,0.06257343433965108,0.13909525237749457,0.7253842605398745,12.0
0.0,0.0,0.0,0.0,0.0,0.0,0.0,0.0,0.0,0.0,0.0,0.0,0.0,0.0,0.00046816479400749064,0.0,0.0,0.00046816479400749064,0.0009057971014492754,0.0009057971014492754,0.0012626262626262627,0.0,0.0,0.0009057971014492754,0.0,0.0,0.0,0.00046816479400749064,0.0,0.0009057971014492754,0.0,0.0,0.0,0.0,0.00685851357566062,0.0020047056563910494,0.004041082540105501,0.003980674179588405,0.012103604342246258,0.027576323466650777,0.009942212702349488,0.03419952598018059,0.11489832543676093,0.7781047230696205,13.0
