hsc,osg,sos,gcc,ccs,gec,ecs,igg,ssc,gcs,ses,ise,ess,jgg,iig,iii,iis,his,ssi,hss,scc,ggi,sii,sig,igs,jsc,isg,ggg,gsg,ggs,hcs,csg,cis,jsg,ssj,sjj,sie,iee,isi,gis,ssg,sgg,sgs,gsi,sis,iss,jss,csc,scs,oss,css,cse,seg,egg,gss,sss,TimeFactor
0.0,0.0,0.0,0.0,0.0,0.0,0.0,0.0,0.0,0.0,0.0,0.0,0.0,0.0,0.0,0.0,0.0,0.0,0.0,0.0,0.0,0.0,0.0,0.0,0.0,0.0,0.0,0.0,0.0,0.0,0.0,0.0,0.0,0.0,0.0,0.0,0.0,0.0,0.0,0.0,0.0,0.0,0.0,0.0,0.0,0.0,0.0,0.005555555555555556,0.005555555555555556,0.016203703703703703,0.019444444444444445,0.027777777777777776,0.027777777777777776,0.027777777777777776,0.0773148148148148,0.7925925925925926,1.0
0.0,0.0,0.0,0.0,0.0,0.0,0.0,0.0,0.0,0.0,0.0,0.0,0.0,0.0,0.0,0.0,0.0,0.0,0.0,0.0,0.0,0.0,0.0,0.0,0.0,0.0,0.0,0.0,0.0,0.0,0.0,0.0,0.0,0.0,0.0,0.0,0.0023148148148148147,0.0023148148148148147,0.0023148148148148147,0.0023148148148148147,0.005555555555555556,0.005555555555555556,0.005555555555555556,0.013888888888888888,0.016203703703703703,0.026599326599326595,0.0462962962962963,0.0,0.0,0.0,0.0,0.0,0.0,0.0,0.0922138047138047,0.7788720538720538,2.0
0.0,0.0,0.0,0.0,0.0,0.0,0.0,0.0,0.0,0.0,0.0,0.0,0.0,0.0,0.0,0.0,0.0,0.0,0.0,0.0,0.0,0.0,0.0,0.0,0.0,0.0,0.0016339869281045752,0.0021367521367521365,0.0021367521367521365,0.004273504273504273,0.006944444444444444,0.009081196581196582,0.009259259259259259,0.013888888888888888,0.027777777777777776,0.027777777777777776,0.0,0.0,0.0,0.0016339869281045752,0.016203703703703703,0.01997444276856041,0.022970085470085472,0.0,0.0,0.020477207977207975,0.0,0.0,0.0,0.0,0.0,0.0,0.0,0.0,0.13324325456678396,0.680586978381096,3.0
0.0,0.0,0.0,0.0,0.0,0.0,0.0,0.0,0.0,0.0,0.0,0.0,0.0,0.0,0.0,0.0,0.0,0.0,0.0,0.0,0.0,0.0,0.0,0.0,0.0,0.009259259259259259,0.0,0.0,0.0,0.001984126984126984,0.0,0.0,0.0,0.0,0.0,0.0,0.0,0.0,0.0,0.0,0.0,0.0,0.0,0.0,0.005555555555555556,0.06458333333333333,0.013888888888888888,0.0,0.018518518518518517,0.0,0.018518518518518517,0.0,0.0,0.0,0.06669973544973545,0.7176587301587302,4.0
0.0,0.0,0.0,0.0,0.0,0.0,0.0,0.0,0.0,0.0,0.0,0.0,0.0,0.0,0.0,0.0,0.0,0.0,0.0,0.0,0.0,0.001736111111111111,0.001736111111111111,0.005555555555555556,0.005555555555555556,0.0,0.0025252525252525255,0.0,0.0025252525252525255,0.0,0.0,0.0,0.0,0.0,0.0,0.0,0.0,0.0,0.001736111111111111,0.005997474747474747,0.0,0.0025252525252525255,0.0025252525252525255,0.0,0.0,0.005208333333333333,0.032828282828282825,0.0,0.0,0.005555555555555556,0.006944444444444444,0.0,0.0,0.0,0.03859427609427609,0.5451178451178451,5.0
0.0,0.0,0.0,0.0,0.0,0.0,0.0,0.0,0.0,0.0,0.0,0.0,0.0,0.0,0.0,0.0,0.000992063492063492,0.001851851851851852,0.001851851851851852,0.02314814814814815,0.027777777777777776,0.003703703703703704,0.0038359788359788364,0.0,0.000992063492063492,0.0,0.0,0.0,0.001851851851851852,0.0,0.027777777777777776,0.0,0.0,0.0,0.0,0.0,0.0,0.0,0.000992063492063492,0.003703703703703704,0.014880952380952378,0.016732804232804235,0.001851851851851852,0.000992063492063492,0.0,0.014021164021164023,0.009259259259259259,0.027777777777777776,0.0,0.0,0.001851851851851852,0.0,0.0,0.0,0.09748677248677247,0.7166666666666668,6.0
0.0,0.0,0.0,0.0,0.0,0.0,0.0,0.0,0.0,0.0,0.0,0.0,0.0,0.003472222222222222,0.003472222222222222,0.003472222222222222,0.0,0.0,0.009259259259259259,0.0,0.0,0.0,0.003472222222222222,0.0,0.0,0.0,0.0,0.0023148148148148147,0.009259259259259259,0.008101851851851851,0.0,0.0,0.0,0.0,0.0,0.0,0.0,0.0,0.0,0.0,0.0,0.0023148148148148147,0.006944444444444444,0.0,0.009259259259259259,0.015277777777777777,0.0,0.0,0.0,0.0,0.0,0.0,0.0,0.0,0.13674242424242425,0.6199705387205388,7.0
0.0,0.0,0.0,0.0,0.0,0.0,0.0,0.0,0.0,0.0,0.0,0.0,0.0,0.0,0.0,0.0,0.0,0.0,0.003472222222222222,0.001736111111111111,0.0,0.0,0.003472222222222222,0.0,0.0,0.0,0.0,0.0,0.0,0.003968253968253968,0.0,0.0,0.0,0.0,0.0,0.0,0.0,0.0,0.0,0.0,0.0,0.0,0.0,0.0,0.0,0.028356481481481483,0.016666666666666666,0.0,0.0,0.0,0.0,0.0,0.0,0.0,0.139401455026455,0.719593253968254,8.0
0.0,0.0,0.0,0.0,0.0,0.0,0.0,0.0,0.0,0.0,0.027777777777777776,0.027777777777777776,0.027777777777777776,0.0,0.0,0.0,0.0,0.0,0.0,0.0,0.0,0.0,0.0,0.0,0.0,0.0,0.0,0.0,0.0030864197530864196,0.0,0.0,0.0,0.0,0.0,0.0,0.0,0.0,0.0,0.0,0.0,0.0,0.0,0.0030864197530864196,0.004629629629629629,0.032407407407407406,0.04208754208754208,0.037037037037037035,0.0,0.0,0.027777777777777776,0.00808080808080808,0.0,0.0,0.0,0.07225028058361392,0.6862233445566779,9.0
0.0,0.0,0.0,0.0,0.0,0.0,0.0,0.004629629629629629,0.004629629629629629,0.027777777777777776,0.0,0.0,0.006944444444444444,0.0,0.0,0.0,0.0,0.0,0.0,0.0,0.032407407407407406,0.0,0.0,0.004629629629629629,0.0,0.0,0.0,0.0,0.0,0.0,0.0,0.0,0.0,0.0,0.0,0.0,0.0,0.0,0.0,0.0,0.0,0.0,0.005555555555555556,0.004629629629629629,0.0,0.036502849002849,0.020833333333333332,0.027777777777777776,0.0,0.0,0.004629629629629629,0.0,0.0,0.0,0.08169515669515669,0.6540242165242165,10.0
0.0,0.0,0.0,0.0,0.0,0.0,0.0,0.0,0.0,0.0,0.0,0.0,0.0,0.0,0.0,0.002777777777777778,0.002777777777777778,0.0,0.0,0.013888888888888888,0.0,0.0,0.0,0.0,0.003472222222222222,0.0,0.0,0.0,0.0,0.0,0.003472222222222222,0.0,0.0,0.0,0.0,0.0,0.0,0.0,0.0,0.0,0.04330065359477125,0.013888888888888888,0.03104575163398693,0.0,0.005555555555555556,0.023842592592592592,0.0,0.0,0.0,0.005555555555555556,0.003472222222222222,0.0,0.0,0.0,0.13463144517066086,0.7123184458968773,11.0
0.001851851851851852,0.0030864197530864196,0.0030864197530864196,0.005555555555555556,0.005555555555555556,0.013888888888888888,0.013888888888888888,0.0,0.0,0.0,0.0,0.0,0.0,0.0,0.0,0.0,0.0,0.0,0.0,0.005555555555555556,0.0,0.0,0.0,0.0,0.0,0.0,0.0,0.0,0.0,0.0,0.0,0.0,0.0,0.0,0.0,0.0,0.0,0.0,0.0,0.0,0.0,0.0030864197530864196,0.016975308641975308,0.0,0.0,0.018055555555555557,0.014991181657848324,0.0,0.001851851851851852,0.0,0.024999999999999998,0.0,0.0,0.0,0.17433862433862435,0.6098985890652558,12.0
0.0,0.0,0.0,0.0,0.0,0.0,0.0,0.0,0.0,0.0,0.0,0.0,0.0,0.0,0.0,0.0,0.0,0.0,0.0,0.003968253968253968,0.0,0.0,0.0,0.0,0.0,0.0,0.0,0.0,0.0,0.0,0.0,0.0,0.0,0.0,0.0,0.0,0.0,0.0,0.0,0.0,0.013888888888888888,0.013888888888888888,0.0,0.0,0.0,0.003968253968253968,0.06944444444444443,0.0,0.0,0.0,0.0,0.0,0.0,0.0,0.035714285714285705,0.6091269841269841,13.0
