jc,sg,os,gg,hs,es,js,si,is,cs,gs,ss,TimeFactor
0.0,0.0,0.0,0.0,0.0,0.0,0.0,0.006944444444444444,0.01736111111111111,0.020833333333333332,0.03125,0.5069444444444445,1.0
0.0,0.0,0.0,0.0,0.0,0.012152777777777776,0.027777777777777776,0.0,0.036458333333333336,0.022569444444444444,0.03298611111111111,0.4513888888888889,2.0
0.0,0.006944444444444444,0.006944444444444444,0.006944444444444444,0.020833333333333332,0.0,0.020833333333333332,0.0,0.01736111111111111,0.006944444444444444,0.07638888888888888,0.6701388888888888,3.0
0.0,0.0,0.0,0.0,0.020833333333333332,0.0,0.0,0.0,0.024305555555555552,0.027777777777777776,0.052083333333333336,0.5416666666666666,4.0
0.0,0.0,0.0,0.020833333333333332,0.0,0.0,0.020833333333333332,0.0,0.0,0.010416666666666666,0.041666666666666664,0.3229166666666667,5.0
0.0,0.0,0.041666666666666664,0.0,0.0,0.0,0.041666666666666664,0.0,0.03125,0.010416666666666666,0.0,0.4583333333333333,6.0
0.0,0.0,0.0,0.0,0.014583333333333332,0.0,0.0,0.0,0.010416666666666666,0.006944444444444444,0.08194444444444444,0.7194444444444444,7.0
0.0,0.010416666666666666,0.0,0.0,0.0,0.0,0.010416666666666666,0.0,0.020833333333333332,0.020833333333333332,0.0625,0.4583333333333333,8.0
0.0,0.0,0.0,0.0,0.0,0.0,0.01736111111111111,0.0,0.006944444444444444,0.0,0.0,0.22569444444444445,9.0
0.0,0.0,0.0,0.0,0.010416666666666666,0.0,0.0,0.0,0.0,0.0,0.03819444444444444,0.2847222222222222,10.0
0.020833333333333332,0.0,0.010416666666666666,0.0,0.0,0.0,0.010416666666666666,0.0,0.0,0.020833333333333332,0.09375,0.4270833333333333,11.0
0.0,0.0,0.0,0.0,0.006944444444444444,0.0,0.0,0.0,0.013888888888888888,0.0,0.048611111111111105,0.5972222222222222,12.0
0.0,0.010416666666666666,0.0,0.0,0.0,0.0,0.0,0.0,0.0,0.0,0.020833333333333332,0.5520833333333334,13.0
