oo,ij,jg,ie,oi,hi,ic,ch,oh,so,cg,es,jj,ee,se,hg,ec,gh,sc,cc,jc,gc,oc,sj,gi,og,ii,ig,hh,eg,ge,hj,sh,hs,si,cs,sg,os,js,gg,gs,is,ss,TimeFactor
0.0,0.0,0.0,0.0,0.0,0.0,0.0,0.0,0.0,0.0,0.0,0.0,0.0,0.0,0.0,0.0,0.0,0.0,0.0,0.0,0.0,0.0,0.0,0.0,0.0,0.0,0.0,0.003968253968253968,0.006944444444444444,0.006944444444444444,0.006944444444444444,0.009259259259259259,0.01091269841269841,0.01091269841269841,0.011022927689594356,0.013227513227513227,0.020833333333333332,0.021164021164021163,0.040123456790123455,0.04629629629629629,0.06955467372134039,0.10063932980599648,0.6212522045855379,1.0
0.0,0.0,0.0,0.0,0.0,0.0,0.0,0.0,0.0,0.0,0.0,0.0,0.0,0.0,0.0,0.0,0.0,0.0,0.003472222222222222,0.003968253968253968,0.005555555555555556,0.005555555555555556,0.005555555555555556,0.006944444444444444,0.011408730158730158,0.013888888888888888,0.019047619047619046,0.003472222222222222,0.0,0.003968253968253968,0.003968253968253968,0.0,0.0,0.005555555555555556,0.02619047619047619,0.055853174603174606,0.028769841269841268,0.01785714285714286,0.010416666666666666,0.03531746031746032,0.10853174603174603,0.08293650793650792,0.541765873015873,2.0
0.0,0.0,0.0,0.0,0.0,0.0,0.0,0.0,0.0,0.0,0.0,0.0,0.0,0.0,0.0,0.0015432098765432098,0.0021367521367521365,0.0023148148148148147,0.014325013419216317,0.0035225442834138487,0.0,0.0,0.0,0.005555555555555556,0.013093542260208929,0.0,0.013633407655146784,0.009014555902876448,0.0,0.0,0.0,0.0,0.0,0.0023148148148148147,0.030032023957855165,0.022456542384078616,0.06597454477889261,0.003770739064856712,0.009235517568850903,0.06839310045831783,0.18030790725803514,0.0636376884458726,0.4887377253638976,3.0
0.0,0.0,0.0,0.0,0.0,0.0,0.0,0.0,0.0,0.0,0.0,0.0025252525252525255,0.003095975232198142,0.003577441077441077,0.003577441077441077,0.0,0.0,0.0,0.0030228758169934637,0.0,0.0,0.0,0.001388888888888889,0.003095975232198142,0.00970736779560309,0.0,0.009462269756387403,0.007136379272602183,0.0,0.0,0.0,0.0,0.0,0.009841057635175282,0.01649088928500693,0.018457928094151005,0.0490171321053674,0.00871720298964881,0.0,0.0462740146563676,0.17814223243789806,0.06262170205668659,0.5638479740646923,4.0
0.0,0.0,0.0,0.0,0.0,0.0,0.0,0.0,0.0,0.0023148148148148147,0.0025252525252525255,0.00484006734006734,0.005555555555555556,0.0,0.0,0.0,0.0,0.0,0.02567340067340067,0.009259259259259259,0.0,0.0,0.0,0.005555555555555556,0.0,0.0,0.0,0.005555555555555556,0.0,0.0,0.0,0.0,0.009259259259259259,0.02314814814814815,0.011784511784511785,0.023358585858585856,0.019654882154882154,0.00787037037037037,0.009259259259259259,0.012415824915824917,0.09431818181818181,0.0569023569023569,0.5040824915824916,5.0
0.0,0.0,0.0,0.0,0.0,0.0,0.0,0.001851851851851852,0.003968253968253968,0.0,0.0,0.006944444444444444,0.017857142857142856,0.0,0.0,0.0,0.0,0.0,0.003968253968253968,0.001851851851851852,0.0,0.003968253968253968,0.0,0.03333333333333333,0.007407407407407408,0.0,0.0021367521367521365,0.001851851851851852,0.0,0.0,0.006944444444444444,0.0,0.006944444444444444,0.01832010582010582,0.008241758241758242,0.0397028897028897,0.0811914936914937,0.02182539682539682,0.023412698412698413,0.06500814000814,0.10223850223850224,0.0374949124949125,0.42020248270248267,6.0
0.0,0.0,0.0,0.0,0.0,0.0,0.0,0.0,0.0,0.0,0.0,0.0,0.0029239766081871343,0.0,0.0,0.0,0.0,0.0,0.0,0.0,0.0,0.0,0.0,0.0029239766081871343,0.002777777777777778,0.0,0.006892230576441102,0.0016339869281045752,0.0,0.0014619883040935672,0.0,0.0,0.0,0.005555555555555556,0.015933624911953086,0.025046685340802986,0.03401149933657673,0.0,0.0067460317460317455,0.0403140203449801,0.1794072599800154,0.03401641358297705,0.6403549723983161,7.0
0.0,0.0,0.0,0.0,0.0,0.0,0.003472222222222222,0.0023148148148148147,0.0,0.0,0.009259259259259259,0.0016339869281045752,0.0,0.0,0.0,0.0023148148148148147,0.0,0.0,0.0016339869281045752,0.0,0.0,0.0,0.0,0.0,0.006937017231134878,0.0,0.012776575276575275,0.0025252525252525255,0.0,0.0,0.0,0.0,0.0,0.0030864197530864196,0.011333573833573835,0.05081245461147422,0.034065444359562005,0.009259259259259259,0.009336419753086418,0.03488632826868121,0.17020809165417006,0.06745689858434957,0.5666871799224741,8.0
0.0,0.0,0.0,0.0,0.0,0.0030864197530864196,0.0,0.0,0.0,0.0,0.0,0.0,0.0,0.0,0.0,0.0,0.0,0.0,0.0,0.0,0.027777777777777776,0.0,0.0,0.0,0.0,0.0,0.0,0.0,0.0,0.0,0.0,0.0,0.0,0.0,0.0,0.06790123456790123,0.006172839506172839,0.0030864197530864196,0.0,0.006172839506172839,0.018518518518518517,0.021604938271604937,0.2623456790123457,9.0
0.0,0.0,0.0,0.001984126984126984,0.001984126984126984,0.0,0.0,0.0,0.0,0.0,0.0,0.0,0.0,0.0,0.0,0.0,0.0,0.0,0.0,0.0,0.0,0.0,0.0,0.0,0.005456349206349205,0.0,0.001984126984126984,0.001984126984126984,0.0,0.0,0.0,0.0,0.0,0.01736111111111111,0.01966490299823633,0.005555555555555556,0.0,0.027777777777777776,0.0,0.005070546737213404,0.08320105820105819,0.06859567901234567,0.6760471781305114,10.0
0.0,0.001736111111111111,0.0021367521367521365,0.0,0.004629629629629629,0.001736111111111111,0.0,0.0,0.0,0.0,0.0,0.0,0.0,0.0,0.0,0.0,0.0,0.0,0.0,0.0,0.0,0.0,0.0,0.0,0.008260745102850365,0.0,0.007459463051568314,0.00872855012109398,0.0,0.0,0.0,0.0,0.0,0.01434294871794872,0.013936883454427314,0.01840277777777778,0.03779025352490265,0.0025252525252525255,0.004261363636363636,0.022403451405644387,0.14996283971064672,0.06366924985346038,0.554684283796126,11.0
0.001984126984126984,0.0,0.0,0.0,0.0,0.0,0.0,0.0,0.0,0.001984126984126984,0.0,0.0,0.0,0.0,0.0,0.0,0.0,0.0,0.013888888888888888,0.0,0.0,0.0,0.0,0.0,0.006558641975308641,0.0,0.001984126984126984,0.003472222222222222,0.0,0.0,0.0,0.0,0.0,0.003472222222222222,0.007054673721340388,0.013888888888888888,0.02843915343915344,0.005456349206349205,0.03284832451499118,0.03213183421516755,0.08322310405643739,0.09512786596119926,0.6684854497354497,12.0
0.0,0.0,0.0,0.0,0.0,0.0,0.0,0.0,0.0,0.0,0.0,0.0,0.0,0.0,0.0,0.0,0.0,0.0,0.0,0.0,0.0,0.0,0.0,0.0,0.0,0.0,0.0,0.0,0.0,0.0,0.0,0.0,0.0,0.0,0.0,0.041666666666666664,0.0,0.027777777777777776,0.0,0.0,0.027777777777777776,0.032407407407407406,0.4537037037037037,13.0
