hg,cg,so,gj,se,os,es,ig,js,cs,cc,sc,hs,ii,si,gi,gs,sg,gg,is,ss,TimeFactor
0.0,0.0,0.0,0.0,0.0,0.0,0.0,0.0,0.0,0.0,0.0,0.0,0.013888888888888888,0.013888888888888888,0.013888888888888888,0.016666666666666666,0.030555555555555558,0.03333333333333333,0.041666666666666664,0.048484848484848485,0.370959595959596,1.0
0.0,0.0,0.0,0.0,0.0,0.0,0.0,0.006944444444444444,0.016666666666666666,0.016666666666666666,0.03333333333333333,0.03333333333333333,0.0,0.013888888888888888,0.01827485380116959,0.006944444444444444,0.039327485380116954,0.008771929824561403,0.02010233918128655,0.022660818713450288,0.3464181286549708,2.0
0.0,0.0,0.0,0.0,0.0,0.0,0.0,0.010101010101010102,0.0012626262626262627,0.036111111111111115,0.0,0.0,0.0,0.0025252525252525255,0.003787878787878788,0.005050505050505051,0.08737373737373737,0.06186868686868687,0.03787878787878788,0.022222222222222223,0.3984848484848485,3.0
0.0,0.0,0.0,0.0,0.0,0.0,0.0,0.0,0.013888888888888888,0.03333333333333333,0.0,0.0,0.0,0.0,0.0,0.0,0.0,0.016666666666666666,0.03333333333333333,0.0,0.3194444444444445,4.0
0.0,0.0,0.010416666666666666,0.010416666666666666,0.013888888888888888,0.01875,0.027777777777777776,0.0,0.010416666666666666,0.008333333333333333,0.0,0.0,0.0,0.0,0.010416666666666666,0.0,0.0,0.0,0.0,0.010416666666666666,0.29583333333333334,5.0
0.0,0.0,0.0,0.0,0.0,0.0,0.0,0.0,0.0,0.0,0.0,0.0,0.0,0.0,0.0,0.0,0.016666666666666666,0.0,0.0,0.0,0.2333333333333333,6.0
0.0,0.0,0.0,0.0,0.0,0.0,0.0,0.0,0.0,0.0,0.0,0.0,0.0,0.0,0.0,0.0,0.011111111111111112,0.005555555555555556,0.0,0.011111111111111112,0.13888888888888887,7.0
0.0,0.016666666666666666,0.0,0.0,0.0,0.013888888888888888,0.0,0.0,0.013888888888888888,0.0,0.0,0.0,0.0,0.0,0.0,0.0,0.016666666666666666,0.0,0.0,0.0,0.27222222222222225,8.0
0.0,0.0,0.0,0.0,0.0,0.0,0.0,0.0,0.0,0.016666666666666666,0.0,0.0,0.0,0.0,0.0,0.0,0.0,0.0,0.0,0.0,0.15,9.0
0.0,0.0,0.0,0.0,0.0,0.016666666666666666,0.0,0.0,0.0,0.016666666666666666,0.0,0.016666666666666666,0.0,0.0,0.0,0.0,0.0,0.0,0.0,0.0,0.2833333333333333,10.0
0.013888888888888888,0.0,0.0,0.0,0.0,0.0,0.0,0.0,0.0,0.030555555555555558,0.0,0.0,0.0,0.0,0.0,0.0,0.044444444444444446,0.0,0.0,0.0,0.41111111111111104,11.0
0.0,0.0,0.0,0.0,0.0,0.0,0.0,0.0,0.0,0.0,0.0,0.0,0.0,0.0,0.0,0.0,0.016666666666666666,0.0,0.0,0.0,0.2333333333333333,12.0
0.0,0.0,0.0,0.0,0.0,0.0,0.0,0.0,0.0,0.0,0.0,0.0,0.0,0.0,0.0,0.0,0.0,0.0,0.0,0.0,0.16666666666666666,13.0
