ssj,sjj,sei,ise,ggs,gsg,ihi,iih,his,ess,isg,hss,sis,sgg,ssi,iss,ggg,sgs,jss,ssg,gss,scs,isi,sii,iii,iis,css,sss,TimeFactor
0.0,0.0,0.0,0.0,0.0,0.0,0.0,0.0,0.0,0.0,0.0,0.0,0.0,0.0,0.0,0.0,0.0,0.0,0.0,0.0,0.0,0.020833333333333332,0.020833333333333332,0.020833333333333332,0.020833333333333332,0.020833333333333332,0.020833333333333332,0.125,1.0
0.0,0.0,0.0,0.0,0.0,0.0,0.0,0.0,0.0,0.0,0.0,0.0,0.0,0.0,0.0,0.0,0.0,0.0,0.0,0.0,0.016666666666666666,0.0,0.0,0.0,0.0,0.0,0.016666666666666666,0.3833333333333333,2.0
0.0,0.0,0.0,0.0,0.0,0.0,0.0,0.0,0.0,0.0,0.0,0.0,0.0,0.0036231884057971015,0.006944444444444444,0.006944444444444444,0.007246376811594203,0.013888888888888888,0.016666666666666666,0.01751207729468599,0.07160385289381453,0.0,0.0,0.006944444444444444,0.006944444444444444,0.006944444444444444,0.0,0.5847367268163304,3.0
0.0,0.0,0.0,0.0,0.0,0.0,0.0,0.0,0.0,0.004901960784313725,0.004901960784313725,0.004901960784313725,0.004901960784313725,0.0,0.004901960784313725,0.004901960784313725,0.0,0.02573529411764706,0.0,0.020833333333333332,0.02573529411764706,0.0,0.0,0.0,0.0,0.0,0.0,0.1482843137254902,4.0
0.0,0.0,0.0,0.0,0.0,0.0,0.0,0.0,0.0,0.0,0.0,0.0,0.007575757575757576,0.0,0.007575757575757576,0.007575757575757576,0.0,0.020833333333333332,0.0,0.0,0.02840909090909091,0.0,0.0,0.0,0.0,0.0,0.0,0.09469696969696968,5.0
0.0,0.0,0.0,0.0,0.0,0.003787878787878788,0.005952380952380952,0.005952380952380952,0.005952380952380952,0.0,0.0,0.0,0.0,0.0,0.0,0.005952380952380952,0.0,0.013047138047138048,0.0,0.0,0.03962241462241462,0.0,0.0,0.0,0.0,0.0,0.0,0.16973304473304474,6.0
0.0,0.0,0.0033333333333333335,0.0033333333333333335,0.0033333333333333335,0.0,0.0,0.0,0.0,0.0,0.0,0.0,0.0033333333333333335,0.0033333333333333335,0.0,0.0,0.0,0.0033333333333333335,0.0,0.006666666666666667,0.0544047619047619,0.0,0.0033333333333333335,0.0,0.0,0.0033333333333333335,0.0033333333333333335,0.24226190476190476,7.0
0.0,0.0,0.0,0.0,0.0,0.0,0.0,0.0,0.0,0.0,0.0,0.0,0.0,0.0,0.0,0.016666666666666666,0.0,0.016666666666666666,0.016666666666666666,0.016666666666666666,0.09583333333333333,0.0,0.0,0.0,0.0,0.0,0.0,0.42083333333333334,8.0
0.0,0.0,0.0,0.0,0.0,0.0,0.0,0.0,0.0,0.0,0.0,0.0,0.0,0.0,0.0,0.008333333333333333,0.0,0.0,0.0,0.0,0.0,0.0,0.0,0.0,0.0,0.0,0.0,0.075,9.0
0.0,0.0,0.0,0.0,0.020833333333333332,0.0,0.0,0.0,0.0,0.0,0.0,0.0,0.0,0.0,0.0,0.0,0.0,0.0,0.0,0.0,0.06792328042328043,0.0,0.0,0.0,0.0,0.0,0.016666666666666666,0.3945767195767196,10.0
0.0,0.0,0.0,0.0,0.0,0.0,0.0,0.0,0.0,0.0,0.0,0.0,0.0,0.0,0.0,0.0327991452991453,0.0,0.0,0.0,0.0,0.01752136752136752,0.0,0.0,0.0,0.0,0.0,0.0,0.28301282051282056,11.0
0.0,0.0,0.0,0.0,0.0,0.0,0.0,0.0,0.0,0.0,0.0,0.0,0.0,0.0,0.0,0.0,0.0,0.0,0.0,0.0,0.025000000000000005,0.0,0.0,0.0,0.0,0.0,0.0,0.30833333333333335,12.0
0.020833333333333332,0.020833333333333332,0.0,0.0,0.0,0.0,0.0,0.0,0.0,0.0,0.0,0.0,0.0,0.0,0.0,0.0,0.0,0.0,0.009259259259259259,0.0,0.009259259259259259,0.0,0.0,0.0,0.0,0.0,0.020833333333333332,0.16898148148148148,13.0
