hi,ch,jo,ge,hc,ji,gh,co,cc,jj,jh,ic,ih,ei,ci,se,cg,gi,go,jg,hj,hg,ii,gc,gj,hh,jc,sh,so,sc,gg,ij,ig,es,sj,os,si,sg,js,cs,hs,ss,is,gs,TimeFactor
0.0,0.0,0.0,0.0,0.0,0.0,0.0,0.0,0.0,0.0,0.0,0.0,0.0,0.0,0.0,0.0,0.0,0.0,0.0,0.0,0.0015151515151515152,0.0015151515151515152,0.0015151515151515152,0.0016666666666666668,0.0017730496453900709,0.0017730496453900709,0.0017730496453900709,0.0023809523809523807,0.003327228327228327,0.0034397163120567374,0.003787878787878788,0.004074736632876168,0.0050628233555062825,0.0056995093645327176,0.006697292069632495,0.01210108582424871,0.0160032638756043,0.025821468871990546,0.026455858123401076,0.028619834371611762,0.04378640705034336,0.16171342615390397,0.2696080579863694,0.3698891903635715,1.0
0.0,0.0,0.0,0.0,0.0,0.0,0.0,0.0,0.0,0.0,0.0,0.0,0.0,0.0,0.0,0.0,0.0,0.0017730496453900709,0.0025252525252525255,0.02192555509201316,0.0,0.0,0.0010288065843621398,0.0,0.0,0.0,0.0,0.004502536501861054,0.003554059109614665,0.0017006802721088435,0.00893837965971784,0.0,0.010345804988662131,0.0277478097471343,0.0033346672002134183,0.0025252525252525255,0.024333326669952807,0.007770510358070204,0.042500165049184656,0.03646139993595642,0.02956187810297427,0.1812063561061826,0.19458067978350488,0.3936838301425915,2.0
0.0,0.0,0.0,0.0,0.0,0.0,0.0,0.0,0.0,0.0,0.0,0.0,0.0010548523206751054,0.0015432098765432098,0.0015432098765432098,0.0025252525252525255,0.004031042796865582,0.0,0.0,0.0,0.0,0.0,0.0,0.0,0.0,0.0,0.0,0.002755532592783949,0.003962034134447927,0.005804573512906846,0.017233197304498862,0.002976190476190476,0.004809112513171876,0.009660179380006967,0.0017006802721088435,0.013717125810124292,0.012357131404750454,0.03083034017191148,0.005838597771737307,0.02149896420790472,0.03191612590973347,0.22471011219508763,0.19857231405240314,0.4009602208943521,3.0
0.0,0.0,0.0,0.0,0.0,0.0,0.0,0.0,0.0,0.0,0.0023809523809523807,0.005555555555555556,0.0,0.0,0.0,0.0,0.0,0.0,0.0,0.0,0.0,0.0,0.0,0.0,0.0,0.0,0.0,0.0023809523809523807,0.0021367521367521365,0.0068986568986568984,0.0,0.0,0.0025252525252525255,0.014449914049070168,0.0,0.019703907203907203,0.009161998132586368,0.02472201125589063,0.021167227833894502,0.0318697285680408,0.059288593290827106,0.16165785562534135,0.30104026464972106,0.33506037751259893,4.0
0.0,0.0,0.0,0.0,0.0,0.0,0.0,0.0,0.011904761904761904,0.013888888888888888,0.0,0.0,0.0,0.0,0.0,0.0,0.0,0.0,0.0,0.027777777777777776,0.0,0.0,0.0,0.0,0.0,0.0,0.0,0.0,0.004901960784313725,0.0,0.0,0.0,0.0,0.002777777777777778,0.0,0.04047619047619048,0.0,0.002777777777777778,0.034287925696594425,0.05997239475500344,0.11908618519871715,0.09853160180929732,0.3620365919060225,0.22158016524687676,5.0
0.0,0.0,0.0,0.0,0.0,0.0,0.0,0.007575757575757576,0.0,0.016666666666666666,0.0,0.0,0.0,0.0,0.0,0.0,0.0,0.0,0.0,0.022222222222222223,0.0,0.0,0.0,0.0,0.0,0.0,0.0,0.0,0.0,0.0075880758807588084,0.008081896551724138,0.0,0.0,0.0,0.0020325203252032522,0.028496782591610176,0.01882128711397004,0.009969028261711187,0.02941347270615563,0.019694645719666743,0.050801806594489525,0.21570086349575412,0.24745331365127413,0.3154816606430358,6.0
0.0,0.0,0.0,0.0,0.0,0.0,0.0016666666666666668,0.0,0.0,0.0,0.004298302170642597,0.0,0.0,0.0,0.0021929824561403508,0.0,0.0,0.0,0.0,0.0038596491228070177,0.0,0.0,0.004642857142857143,0.0,0.0,0.0,0.008351997013811124,0.0051403965841655816,0.00682261208576998,0.014097744360902255,0.0,0.0,0.0016666666666666668,0.0,0.0021929824561403508,0.008013959802556385,0.020514132553606238,0.023304016811855555,0.028616929227831486,0.036241654001212466,0.03376976363883286,0.21194494550400364,0.20540482305874327,0.37725691867478844,7.0
0.0,0.0,0.0,0.0,0.0,0.001937984496124031,0.0,0.0,0.0,0.008333333333333333,0.0,0.0,0.0,0.0,0.0,0.0,0.0,0.0,0.0,0.0,0.0,0.0,0.0,0.0,0.0,0.0,0.0,0.0026041666666666665,0.0,0.0017006802721088435,0.009311868686868686,0.0,0.001937984496124031,0.00954861111111111,0.0069901315789473685,0.011716323441129642,0.026886751510811657,0.05747864112170591,0.004980001259763164,0.014923386990455095,0.04773458352737218,0.15615635461434552,0.271906672672304,0.36585252422082865,8.0
0.0,0.0,0.0,0.004166666666666667,0.0043859649122807015,0.0,0.0,0.0,0.0,0.01607142857142857,0.0,0.0,0.0,0.08333333333333333,0.0,0.0,0.0,0.0,0.0,0.0,0.0,0.0,0.007575757575757576,0.0,0.0,0.0,0.0,0.004166666666666667,0.0,0.0043859649122807015,0.0,0.0,0.004166666666666667,0.033207070707070706,0.009941520467836256,0.03333333333333333,0.01827485380116959,0.008552631578947369,0.004166666666666667,0.015277777777777779,0.049681020733652305,0.230528024606972,0.28485702893597636,0.18392762208551683,9.0
0.0,0.0,0.0,0.0,0.0,0.0,0.0,0.0,0.0,0.0,0.0,0.0,0.0,0.0,0.0,0.0,0.0022522522522522522,0.0,0.0,0.07453703703703704,0.0,0.0,0.003968253968253968,0.0,0.0,0.0,0.0,0.0,0.0,0.008472758472758473,0.0,0.0,0.0,0.025925925925925925,0.0022522522522522522,0.003968253968253968,0.009956709956709957,0.0022522522522522522,0.054533429533429524,0.07897182897182897,0.027384527384527384,0.2483103233103233,0.20451019201019197,0.2527040027040027,10.0
0.0,0.0,0.0,0.0,0.0,0.0,0.0,0.0,0.0,0.0,0.0,0.0015432098765432098,0.0,0.0,0.0,0.004388964888280894,0.0033333333333333335,0.0,0.0,0.0024509803921568627,0.0,0.0033333333333333335,0.0012437810945273632,0.0,0.0,0.0,0.0,0.0024509803921568627,0.0,0.006839945280437756,0.0075910931174089065,0.0,0.0016666666666666668,0.005929174788823911,0.0,0.018668203450465194,0.026539659624114947,0.045379177231557634,0.007229384638270442,0.01767485159264025,0.02738530803068794,0.17164900707947947,0.21927927519520818,0.4254236699939069,11.0
0.0,0.0,0.0,0.0,0.0,0.0,0.0,0.0,0.0,0.0,0.0,0.0,0.0,0.0,0.0,0.0,0.0,0.0,0.0,0.002777777777777778,0.0,0.0,0.0,0.0,0.0,0.0,0.0,0.0,0.013020833333333334,0.0,0.0,0.0,0.0,0.012326388888888887,0.0028735632183908046,0.00798611111111111,0.0016339869281045752,0.01046626984126984,0.03191380718954248,0.03218320374126662,0.04090069783110114,0.22571306249327805,0.28903717500083914,0.32916712264509623,12.0
0.0043859649122807015,0.008333333333333333,0.041666666666666664,0.0,0.0,0.0,0.0,0.0,0.0,0.0,0.005208333333333333,0.0,0.0,0.0,0.0,0.009259259259259259,0.0,0.0,0.0,0.0,0.0,0.0,0.0,0.0,0.0,0.0,0.0,0.0043859649122807015,0.0,0.0,0.0,0.0,0.008333333333333333,0.03781318082788671,0.0,0.05142973856209151,0.014161220043572986,0.0,0.06597222222222222,0.013235294117647059,0.03333333333333333,0.2270360337117303,0.23495692867790394,0.1571558594197913,13.0
