jc,se,cg,gc,ji,eo,hi,jh,hc,oh,ee,ie,og,sj,so,ic,ci,sc,gh,ih,jo,oe,hh,sh,jj,ig,ii,es,si,gi,sg,gg,os,hs,js,cs,is,gs,ss,TimeFactor
0.0,0.0,0.0,0.0,0.0,0.0,0.0,0.0,0.0,0.0,0.0,0.0,0.0,0.0,0.0,0.0,0.0,0.0,0.0,0.0,0.0,0.0008680555555555555,0.001388888888888889,0.001388888888888889,0.0015432098765432098,0.0016653605015673981,0.0016653605015673981,0.0022569444444444447,0.0023267361629430595,0.0026123301985370947,0.002890850697645829,0.004427355451062347,0.005642736892736893,0.01692983673593256,0.01718100333900297,0.03674877273158452,0.08095542797591915,0.15023824468524052,0.6692699964719394,1.0
0.0,0.0,0.0,0.0,0.0,0.0,0.0,0.0,0.0,0.0,0.0,0.0,0.0,0.0,0.0,0.000429553264604811,0.000429553264604811,0.000429553264604811,0.0005144032921810699,0.0005144032921810699,0.0005555555555555556,0.0,0.0,0.0,0.0,0.0014583598489669508,0.0017307910566337532,0.0034629253326958326,0.0032073153437600327,0.0025848765432098767,0.006340184436788875,0.005226245740760458,0.006298938620378233,0.011545064008677912,0.03111049483307017,0.02951887637044585,0.061816100546261715,0.13244376795231202,0.7003830374323061,2.0
0.0,0.0,0.0,0.0,0.0,0.0,0.0,0.0,0.0,0.0,0.0,0.0,0.0,0.0008503401360544217,0.001388888888888889,0.0,0.0,0.0,0.0,0.0,0.0008503401360544217,0.0,0.0,0.0012626262626262627,0.0,0.0,0.0006510416666666666,0.0,0.0023183752667733756,0.0,0.005721347735711621,0.0,0.004033878840080391,0.005436561125115616,0.01706226816972904,0.026405233209676138,0.044964344727283494,0.15272586578129513,0.7363288880540445,3.0
0.0,0.0,0.0,0.0,0.0,0.0,0.0,0.0,0.0,0.0,0.0,0.0,0.0008503401360544217,0.0,0.0,0.0,0.0,0.0006510416666666666,0.0,0.0,0.0,0.0,0.0,0.0005208333333333333,0.0,0.0008503401360544217,0.0,0.0,0.0026605535506885676,0.0016025641025641027,0.0,0.0,0.0028330547800959932,0.012553884459453829,0.022740468401411862,0.025334067208249714,0.07141162353790438,0.14689907292891116,0.7110921557586116,4.0
0.0,0.0,0.0,0.0,0.0,0.0,0.0,0.0,0.0009689922480620155,0.0009689922480620155,0.0032051282051282055,0.0032051282051282055,0.0,0.0,0.0,0.0,0.0,0.0,0.0,0.0,0.0,0.0007575757575757576,0.0,0.000641025641025641,0.0,0.0,0.0,0.0026094276094276096,0.0007575757575757576,0.0,0.0023148148148148147,0.0,0.0041741204531902205,0.017240752536295173,0.047779482172650774,0.026703434915644222,0.060025369539662164,0.10931009151091516,0.7193380883848423,5.0
0.0,0.0,0.0,0.0,0.0,0.0,0.00043402777777777775,0.006944444444444444,0.0,0.0,0.0,0.0005411255411255411,0.0,0.0,0.001339824879227053,0.0,0.0,0.0,0.00043402777777777775,0.0008680555555555555,0.0,0.0,0.00043402777777777775,0.0,0.0,0.0,0.0,0.002995943835638492,0.0011722459639126306,0.0,0.0012056327160493826,0.0006361323155216284,0.0027287137681159417,0.022359478869895533,0.023635746913435954,0.03461175279519745,0.06603083539665643,0.13096362835704162,0.6193310219815157,6.0
0.0,0.0,0.0,0.0,0.0,0.0,0.0,0.0,0.0,0.0,0.0,0.0,0.0,0.0,0.0,0.0,0.0,0.0,0.0,0.0,0.0,0.0,0.0,0.0,0.0,0.0,0.0,0.000925925925925926,0.0025132275132275137,0.0,0.0011904761904761904,0.0,0.006692565827315454,0.005522757626257253,0.013411511328177994,0.023507851504679194,0.05237662124606776,0.15469494879436863,0.7391641140435041,7.0
0.0,0.0,0.0,0.0,0.0,0.0,0.0,0.0,0.0,0.0,0.0,0.0,0.0,0.0,0.0023148148148148147,0.0,0.0,0.0,0.0,0.0,0.0,0.0,0.0,0.0,0.0,0.0,0.0,0.001984126984126984,0.0015671727628249366,0.0,0.004159201837904859,0.0,0.004874051069703243,0.008186227453154931,0.015919939094850857,0.024326283663218512,0.07031669403130535,0.16443786306540722,0.7019136252226884,8.0
0.0,0.0,0.0,0.0,0.0,0.0005274261603375527,0.0,0.0,0.0,0.0,0.0,0.0005274261603375527,0.0,0.0,0.0013020833333333333,0.0,0.0,0.0,0.0,0.0,0.0,0.0,0.0,0.0,0.0,0.0013020833333333333,0.0,0.0005274261603375527,0.0010548523206751054,0.0,0.0,0.0,0.005809294871794872,0.006846231901697641,0.08032120762755049,0.02233120108911248,0.04354910697740568,0.0736799289908811,0.7622217310732032,9.0
0.0,0.0,0.0,0.0,0.0,0.0,0.0,0.0,0.0,0.0,0.0,0.0,0.0,0.0005787037037037037,0.0,0.0,0.0,0.0,0.0,0.0,0.0,0.0,0.0,0.0,0.0,0.0,0.0,0.001736111111111111,0.0,0.0,0.004714007419884354,0.0,0.0032674501424501423,0.002893518518518519,0.038533844986881706,0.018784028079578925,0.03976154581848822,0.10830362732114453,0.7814271628982389,10.0
0.0,0.0,0.0,0.0,0.001893939393939394,0.0,0.0,0.0008680555555555555,0.0,0.0,0.0,0.0,0.0,0.0,0.0,0.0,0.0,0.0005787037037037037,0.0,0.0,0.0,0.0,0.0,0.0,0.0005787037037037037,0.0011904761904761904,0.0,0.0005482456140350877,0.0008680555555555555,0.0,0.0006830601092896175,0.0,0.004045414462081128,0.009243476430976432,0.01028183621933622,0.016126743626743625,0.06346748765473599,0.14883794798789765,0.7407878537919702,11.0
0.0,0.0,0.0,0.0,0.0,0.0,0.0,0.0,0.0,0.0,0.0,0.0,0.0,0.0,0.0,0.0,0.0,0.0016025641025641027,0.0,0.0,0.0,0.0,0.0,0.0,0.0,0.0,0.0,0.0,0.0016025641025641027,0.0,0.0006944444444444445,0.0,0.0061796290699403685,0.014734538889986173,0.04693499240746785,0.022527665108508742,0.06883183282074423,0.12518396400856932,0.7117078050452106,12.0
0.0005274261603375527,0.001736111111111111,0.0018115942028985507,0.0018115942028985507,0.0,0.0,0.0,0.0,0.0,0.0,0.0,0.0,0.0,0.0,0.0,0.0,0.0,0.0,0.0,0.0,0.0,0.0,0.0,0.0,0.0,0.0,0.0,0.002948791714614499,0.0,0.0023148148148148147,0.0005274261603375527,0.0,0.006448412698412699,0.003985164141414141,0.05515345349808063,0.01572055504232513,0.038183526854183615,0.10096411019234812,0.6845336858728897,13.0
