co,so,go,jo,og,oi,ci,ei,ih,oc,jh,ee,gh,ii,eg,ge,sj,se,gc,sc,cg,gi,io,hg,ie,ig,hi,sh,si,os,gg,es,sg,hs,cs,js,is,gs,ss,TimeFactor
0.0,0.0,0.0,0.0,0.0,0.0,0.0,0.0,0.0,0.0,0.0,0.0,0.0,0.0,0.0,0.0,0.0,0.0,0.0005144032921810699,0.0005144032921810699,0.0005144032921810699,0.0005144032921810699,0.000925925925925926,0.000925925925925926,0.001258450911228689,0.001258450911228689,0.001440329218106996,0.001488095238095238,0.002414021164021164,0.004280028896887135,0.004684969962747741,0.0054565749010193456,0.009359467692801026,0.010171381699159477,0.04608258243315714,0.04652815787873258,0.062426091377240804,0.1419499207933116,0.6572920119016862,1.0
0.0,0.0,0.0,0.0,0.0,0.0,0.0,0.0,0.0,0.0,0.0,0.0,0.0,0.0,0.00040453074433656954,0.00040453074433656954,0.0008090614886731391,0.0026041666666666665,0.0,0.0,0.00040453074433656954,0.001773735810113519,0.0,0.0005482456140350877,0.0,0.0012254901960784314,0.0,0.0024509803921568627,0.004569674506519805,0.00364527148507731,0.0012254901960784314,0.007549998580593878,0.0016300209404150011,0.017245191284203768,0.03714745200028985,0.06550077373763181,0.07907300586660031,0.08977619253075102,0.6820116564711053,2.0
0.0,0.0,0.0,0.0,0.0,0.0,0.0,0.0,0.0,0.0,0.0,0.0005555555555555556,0.0005555555555555556,0.003044644480814694,0.0,0.0,0.001726568005637773,0.0,0.0,0.0,0.0,0.004047946734116947,0.0,0.0005555555555555556,0.0005555555555555556,0.0014420803782505909,0.0,0.001356837606837607,0.008481996726677578,0.002357881136950904,0.01149968318233227,0.002828282828282828,0.010120476866056728,0.012009639785188425,0.021956946446836056,0.01872849065065824,0.06623262771892302,0.13226203615927537,0.6996816390709388,3.0
0.0,0.0,0.0,0.0,0.0,0.0,0.0,0.0,0.0,0.0,0.0008680555555555555,0.0,0.0,0.002976190476190476,0.0,0.0008680555555555555,0.0,0.006076388888888889,0.0,0.0,0.0,0.0,0.0,0.0,0.000496031746031746,0.0013640873015873013,0.0,0.000496031746031746,0.001488095238095238,0.004611855158730159,0.003968253968253968,0.007595486111111111,0.0006510416666666666,0.015207769660894661,0.029503968253968255,0.025001653439153438,0.08297066648629149,0.15297269570707073,0.6628836730399231,4.0
0.0,0.0,0.0,0.0,0.0,0.0,0.0,0.0,0.0,0.0,0.0,0.0,0.0,0.0024509803921568627,0.0,0.0,0.0,0.0,0.0,0.0,0.0,0.0,0.0,0.0,0.0,0.0024509803921568627,0.0,0.0,0.005275974025974027,0.007854308146584955,0.0,0.004578754578754579,0.0035507677414463746,0.004172857626053973,0.01611905045007289,0.05869565787209025,0.0701443232997377,0.09226666421849035,0.7324396812564813,5.0
0.0,0.0,0.0,0.0,0.0,0.0,0.0,0.0,0.0,0.002777777777777778,0.0,0.0,0.00035014005602240897,0.0,0.0,0.0,0.0,0.0,0.0,0.0,0.0,0.0,0.0,0.0,0.0,0.0,0.0,0.0,0.001276065981948335,0.003957396912253274,0.00035014005602240897,0.00035014005602240897,0.0039432791078308155,0.011320160687465752,0.033376291958182376,0.03362542110497711,0.06436292706919418,0.0940876915856989,0.7502225676466043,6.0
0.0,0.0,0.0,0.0,0.0,0.0005630630630630631,0.000992063492063492,0.0010964912280701754,0.0011261261261261261,0.0,0.0,0.0,0.0,0.004980182611761559,0.0,0.0,0.0,0.0016595542911332385,0.0,0.000992063492063492,0.0,0.006017404043719833,0.0,0.0,0.0005630630630630631,0.0016314391314391314,0.0005630630630630631,0.0,0.0,0.00960695967300528,0.0052133104764683705,0.005064079873078175,0.008480248611827558,0.006808725951727979,0.018979509851882233,0.008418845380052277,0.05909522346397942,0.15306475646776793,0.7050838266446448,7.0
0.0,0.0,0.0,0.0004901960784313725,0.0004901960784313725,0.0,0.0,0.0,0.0,0.0,0.0,0.0,0.0,0.0,0.0,0.0,0.0,0.001893939393939394,0.0,0.0,0.0,0.0004901960784313725,0.0,0.0,0.0,0.0018790849673202615,0.0,0.0,0.0048384168482207696,0.018180544945250825,0.0004901960784313725,0.011192032368502957,0.0042359873242226185,0.005758683944958455,0.02939681100155816,0.019218395314886543,0.07060704345534068,0.14860508371344286,0.682233192408631,8.0
0.0,0.0,0.0,0.0,0.0,0.0023148148148148147,0.0,0.0,0.0,0.0,0.0,0.0,0.0,0.0023148148148148147,0.0,0.0,0.0,0.0,0.0,0.00046816479400749064,0.0,0.0,0.0,0.0,0.0,0.0,0.0,0.0,0.003993055555555555,0.004651247628775719,0.0,0.005923202614379085,0.004340277777777777,0.0020328208160851568,0.01740411066253763,0.03263197728870234,0.05050546962045335,0.10708319564303449,0.7663368479690617,9.0
0.0,0.0,0.0,0.0,0.0,0.0,0.0,0.0,0.0,0.0,0.0,0.0,0.0,0.0,0.0,0.0,0.0,0.0,0.0,0.0,0.000744047619047619,0.0013440860215053762,0.0,0.0,0.0,0.0,0.0,0.0,0.000744047619047619,0.008065232360606476,0.000744047619047619,0.000744047619047619,0.003657164291072768,0.008306501463768162,0.012257660855112327,0.030953128399894586,0.051447573555873975,0.09957992809162963,0.7814125344843462,10.0
0.0,0.0,0.0,0.0,0.0,0.0,0.0006830601092896175,0.0,0.0,0.0,0.0,0.0,0.0004084967320261438,0.0,0.0,0.0,0.0006830601092896175,0.0,0.0,0.0,0.0,0.0010915568413157612,0.0,0.0,0.0,0.00301266339869281,0.0004084967320261438,0.0,0.0028011204481792717,0.017134331479979014,0.0015000535733419053,0.0033771810531694813,0.00938110996613767,0.009617585222423931,0.01462164927053305,0.013245094453099864,0.06809302592993627,0.15400163119183602,0.6999398834887235,11.0
0.0,0.0004385964912280702,0.0007861635220125786,0.0,0.0008771929824561404,0.0,0.0,0.0,0.0,0.0,0.0,0.0,0.0,0.003144654088050314,0.0,0.0,0.0,0.0,0.0,0.0,0.0,0.001572327044025157,0.0,0.0,0.0007861635220125786,0.001572327044025157,0.0,0.0,0.0018753781004234723,0.007017543859649123,0.002382167420648056,0.002535273368606702,0.006586073412041635,0.007211741236070928,0.02336755585679783,0.017960204947415164,0.055731160446643446,0.1543858271741537,0.71176964948374,12.0
0.008333333333333333,0.0,0.0,0.0,0.0,0.0,0.0,0.001893939393939394,0.0,0.0,0.0,0.0,0.0,0.0,0.0,0.0,0.0,0.0,0.0,0.0008503401360544217,0.0,0.0,0.0,0.0,0.0,0.0,0.0,0.0,0.001388888888888889,0.026108178314060666,0.0,0.004055468341182627,0.001893939393939394,0.006985294117647059,0.03027562812226678,0.02667066826730692,0.04129993683565112,0.07412823715344724,0.7761161477022823,13.0
