csi,eis,osi,gos,sjs,osg,shs,sos,hsh,ocs,oes,egs,ess,cgs,ggi,ggg,hsg,eos,jjs,igs,gis,sgg,hss,sgi,isg,ssg,scs,ggs,hsi,sii,isi,iis,css,soo,gso,jss,sis,oss,csh,shh,sgs,gsg,gss,iss,sss,TimeFactor
0.0,0.0,0.0,0.0,0.0,0.0,0.0,0.0,0.0,0.0,0.0,0.0,0.0,0.0,0.0,0.0,0.0,0.0,0.0,0.0,0.0,0.0,0.0,0.005952380952380952,0.005952380952380952,0.005952380952380952,0.005952380952380952,0.005952380952380952,0.006944444444444444,0.006944444444444444,0.006944444444444444,0.006944444444444444,0.011904761904761904,0.013888888888888888,0.013888888888888888,0.013888888888888888,0.013888888888888888,0.013888888888888888,0.020833333333333332,0.020833333333333332,0.0302579365079365,0.0302579365079365,0.07787698412698411,0.11706349206349205,0.31398809523809523,1.0
0.0,0.0,0.0,0.0,0.0,0.0,0.0,0.0,0.0,0.0,0.0,0.0,0.0,0.0,0.0,0.0,0.0,0.004166666666666667,0.005952380952380952,0.013888888888888888,0.017063492063492062,0.03373015873015873,0.06874999999999999,0.0,0.004166666666666667,0.014285714285714285,0.020833333333333332,0.02361111111111111,0.0,0.0,0.010416666666666666,0.013888888888888888,0.029166666666666664,0.0,0.0,0.01011904761904762,0.010416666666666666,0.014583333333333332,0.0,0.0,0.0,0.015277777777777779,0.17509920634920637,0.05744047619047619,0.37380952380952387,2.0
0.0,0.0,0.0,0.0,0.0,0.0,0.0,0.0,0.0,0.0,0.0,0.0,0.0,0.004166666666666667,0.006944444444444444,0.006944444444444444,0.006944444444444444,0.0,0.0,0.0,0.0,0.10069444444444443,0.013888888888888888,0.0,0.03263888888888889,0.020833333333333332,0.0,0.010416666666666666,0.0,0.0,0.0,0.0,0.011111111111111112,0.0,0.0,0.0,0.008333333333333333,0.041666666666666664,0.0,0.0,0.003472222222222222,0.052083333333333336,0.11458333333333333,0.06111111111111111,0.33749999999999997,3.0
0.0,0.0,0.0,0.0,0.0,0.0,0.0,0.0,0.0,0.0,0.010416666666666666,0.010416666666666666,0.020833333333333332,0.0,0.0,0.0,0.0,0.0,0.0,0.0,0.0,0.0,0.03125,0.0,0.0,0.0,0.0,0.052083333333333336,0.0,0.0,0.0,0.0,0.010416666666666666,0.0,0.0,0.0,0.0,0.010416666666666666,0.0,0.0,0.0,0.0,0.14930555555555555,0.048611111111111105,0.23958333333333334,4.0
0.0,0.0,0.0,0.0,0.0,0.0,0.0,0.0,0.0,0.0,0.0,0.0,0.006944444444444444,0.0,0.0,0.0,0.0,0.0,0.0,0.0,0.0,0.0,0.006944444444444444,0.0,0.0,0.0,0.0,0.0,0.0,0.0,0.0,0.0,0.0,0.0,0.0,0.04861111111111111,0.0,0.0,0.0,0.0,0.0,0.0,0.05555555555555555,0.020833333333333332,0.19444444444444445,5.0
0.0,0.0,0.0,0.0,0.0,0.0,0.0,0.0,0.008333333333333333,0.020833333333333332,0.0,0.008333333333333333,0.0,0.0,0.0,0.0,0.0,0.0,0.0,0.008333333333333333,0.0,0.008333333333333333,0.0,0.0,0.0,0.0,0.006944444444444444,0.0,0.0,0.0,0.0,0.0,0.027777777777777776,0.0,0.0,0.020833333333333332,0.0,0.006944444444444444,0.0,0.008333333333333333,0.0,0.008333333333333333,0.016666666666666666,0.027777777777777776,0.15555555555555556,6.0
0.0,0.0,0.0,0.0,0.0,0.0,0.008333333333333333,0.010416666666666666,0.0,0.0,0.0,0.0,0.005952380952380952,0.0,0.0,0.0,0.0,0.0,0.0,0.0,0.0,0.005952380952380952,0.022222222222222223,0.0,0.0,0.0,0.0,0.02619047619047619,0.0,0.0,0.0,0.0,0.0,0.0,0.0,0.005952380952380952,0.008333333333333333,0.010416666666666666,0.0,0.0,0.0,0.005952380952380952,0.11646825396825398,0.08958333333333333,0.43422619047619043,7.0
0.0,0.0,0.0,0.0,0.020833333333333332,0.020833333333333332,0.0,0.0,0.0,0.0,0.0,0.0,0.0,0.0,0.0,0.0,0.0,0.0,0.0,0.0,0.0,0.020833333333333332,0.020833333333333332,0.0,0.0,0.0,0.0,0.0,0.0,0.0,0.0,0.0,0.0625,0.0,0.0,0.041666666666666664,0.0,0.0,0.0,0.0,0.0,0.0,0.08333333333333333,0.0625,0.4166666666666667,8.0
0.0,0.0,0.0,0.0,0.0,0.0,0.0,0.0,0.0,0.0,0.0,0.0,0.0,0.0,0.0,0.0,0.0,0.0,0.0,0.0,0.0,0.0,0.0,0.0,0.0,0.0,0.0,0.0,0.0,0.0,0.0,0.0,0.041666666666666664,0.0,0.0,0.0,0.0,0.0,0.0,0.0,0.0,0.0,0.041666666666666664,0.0,0.16666666666666666,9.0
0.0,0.0,0.0,0.041666666666666664,0.0,0.0,0.0,0.0,0.0,0.0,0.0,0.0,0.0,0.0,0.0,0.0,0.0,0.0,0.0,0.0,0.0,0.041666666666666664,0.020833333333333332,0.0,0.0,0.041666666666666664,0.0,0.0,0.0,0.0,0.0,0.020833333333333332,0.0,0.0,0.0,0.0,0.0,0.041666666666666664,0.0,0.0,0.0,0.0,0.0,0.0625,0.3125,10.0
0.0,0.0,0.0,0.0,0.0,0.0,0.0,0.0,0.0,0.0,0.0,0.0,0.0,0.0,0.0,0.0,0.0,0.0,0.0,0.0,0.0,0.004629629629629629,0.0,0.0,0.0,0.0,0.0,0.0,0.0,0.0,0.0,0.0,0.05555555555555555,0.0,0.0,0.020833333333333332,0.0,0.05555555555555555,0.0,0.0,0.0,0.004629629629629629,0.13958333333333334,0.036111111111111115,0.43310185185185185,11.0
0.0,0.010416666666666666,0.013888888888888888,0.0,0.0,0.0,0.0,0.0,0.0,0.0,0.0,0.0,0.024305555555555552,0.0,0.0,0.0,0.0,0.0,0.020833333333333332,0.0,0.0,0.0,0.0,0.0,0.0,0.0,0.0,0.010416666666666666,0.0,0.013888888888888888,0.0,0.0,0.020833333333333332,0.0,0.0,0.0625,0.0,0.041666666666666664,0.0,0.0,0.0,0.0,0.09722222222222221,0.03125,0.23611111111111108,12.0
0.013888888888888888,0.0,0.0,0.0,0.0,0.0,0.0,0.0,0.0,0.0,0.0,0.0,0.0,0.0,0.0,0.0,0.0,0.0,0.0,0.0,0.0,0.0,0.0,0.0,0.0,0.0,0.0,0.0,0.0,0.013888888888888888,0.0,0.0,0.0,0.0,0.0,0.041666666666666664,0.0,0.0,0.0,0.0,0.0,0.0,0.0,0.0,0.2638888888888889,13.0
