oj,gj,ie,ij,ge,eo,jo,oe,ei,ee,ji,go,cj,io,gh,jc,so,co,gc,jh,ch,hi,ci,cg,se,hg,cc,hc,og,jj,gg,ec,oi,ii,eg,oc,eh,ic,sh,ig,js,gi,sj,sc,si,os,jg,sg,es,cs,hs,ss,is,gs,TimeFactor
0.0,0.0,0.0,0.0,0.0,0.0,0.0,0.0,0.0,0.0,0.0,0.0,0.0,0.0,0.0,0.0,0.0,0.0,0.0,0.0,0.0,0.0,0.0,0.0,0.0,0.0,0.0,0.0,0.0,0.0,0.0,0.0010683760683760683,0.0010683760683760683,0.0010683760683760683,0.0010683760683760683,0.001984126984126984,0.0021367521367521365,0.0021367521367521365,0.0021367521367521365,0.002611585944919278,0.004435107376283847,0.005952380952380952,0.006805555555555555,0.008115069389579193,0.008220560303893636,0.011126194067370539,0.012303781911625048,0.01563659651894946,0.028570909845419646,0.030343227034403505,0.03852714732616693,0.17886310222094537,0.22830710774338225,0.32418045280790375,1.0
0.0,0.0,0.0,0.0,0.0,0.0,0.0,0.0,0.0,0.0,0.0,0.0,0.0,0.0,0.0,0.0,0.0,0.0,0.0,0.0,0.000992063492063492,0.000992063492063492,0.000992063492063492,0.000992063492063492,0.001984126984126984,0.0020325203252032522,0.0022741147741147743,0.0022741147741147743,0.0027701465201465203,0.0032051282051282055,0.007263400556083484,0.0,0.000992063492063492,0.0022546897546897545,0.0025252525252525255,0.0,0.0,0.0012626262626262627,0.0012626262626262627,0.005856566273232939,0.009657057501885087,0.001488095238095238,0.0022741147741147743,0.006222943722943723,0.008111211748722263,0.017045809881175735,0.009615384615384616,0.019426810107003548,0.05021119350387643,0.03293165168165168,0.05468826086642178,0.1183531295460087,0.2773790529134656,0.3526696532215876,2.0
0.0,0.0,0.0,0.0,0.0,0.0,0.0,0.0,0.0,0.0,0.0,0.0009057971014492754,0.0009057971014492754,0.0011261261261261261,0.0011261261261261261,0.0020319232275754014,0.0022522522522522522,0.003968253968253968,0.005359299516908212,0.006944444444444444,0.0,0.0,0.0014124293785310734,0.006733441516050212,0.0,0.005607315389924085,0.0,0.0011261261261261261,0.0,0.0,0.009719555186151157,0.001984126984126984,0.027777777777777776,0.002318226479980349,0.0018115942028985507,0.0,0.0,0.0,0.0,0.010206260835900283,0.0064178881398561025,0.0022522522522522522,0.0,0.007671222978426369,0.02961322845718571,0.010625352287600432,0.0,0.0218163104930791,0.04247657168886521,0.049133189735161,0.03778466746736513,0.14385453229038006,0.21870472195662538,0.3363331885111515,3.0
0.0,0.0,0.0,0.0,0.0,0.0,0.0,0.0,0.0,0.003472222222222222,0.041666666666666664,0.0,0.0,0.0,0.0,0.007936507936507936,0.018849206349206348,0.0,0.0,0.0,0.0,0.0,0.0,0.006410256410256411,0.006944444444444444,0.0,0.0,0.0,0.0,0.0,0.0,0.0,0.0,0.0,0.019230769230769232,0.0,0.0,0.0,0.0,0.0,0.0,0.0,0.0,0.003968253968253968,0.020833333333333332,0.011965811965811965,0.0,0.031746031746031744,0.05109126984126985,0.003968253968253968,0.04916819291819291,0.40962301587301586,0.13222680097680098,0.18089896214896214,4.0
0.0,0.0,0.0,0.0,0.0,0.0,0.0,0.0,0.008333333333333333,0.0,0.0,0.0,0.0,0.0,0.0,0.0,0.011904761904761904,0.0,0.0,0.0,0.0,0.009259259259259259,0.0,0.011904761904761904,0.0,0.0,0.0,0.0,0.0,0.0,0.0,0.0,0.0,0.009259259259259259,0.0,0.0,0.0,0.0,0.0,0.008333333333333333,0.0,0.0,0.0,0.009259259259259259,0.016835016835016835,0.025925925925925925,0.0,0.1085016835016835,0.14666907166907167,0.03333333333333333,0.03425925925925926,0.18614718614718614,0.15428090428090427,0.2257936507936508,5.0
0.0,0.0,0.0,0.0,0.0,0.0,0.010416666666666666,0.06283068783068783,0.0,0.0,0.0,0.0,0.0,0.0,0.0,0.0,0.009259259259259259,0.0,0.0,0.0,0.0,0.009259259259259259,0.0,0.009259259259259259,0.0,0.0,0.0,0.0,0.0,0.0,0.03333333333333333,0.0,0.0,0.0,0.0,0.0,0.0,0.0,0.0,0.010416666666666666,0.0,0.0,0.0,0.0,0.0,0.02314814814814815,0.0,0.01909722222222222,0.041666666666666664,0.010416666666666666,0.009259259259259259,0.5969080687830688,0.03783068783068783,0.03356481481481482,6.0
0.0,0.0,0.0,0.0,0.0,0.0,0.0,0.0,0.0,0.0,0.0,0.0,0.0,0.0,0.0,0.0,0.0,0.0,0.008333333333333333,0.0,0.0,0.008333333333333333,0.01590909090909091,0.007575757575757576,0.04369918699186992,0.0,0.0,0.0,0.0,0.0,0.0,0.0,0.0,0.0,0.0,0.0,0.0,0.0,0.0,0.007575757575757576,0.0,0.013888888888888888,0.0,0.0,0.0,0.024242424242424242,0.0,0.029115853658536587,0.015151515151515152,0.0,0.0,0.6153039541759054,0.047739591032273966,0.0797979797979798,7.0
0.0,0.0,0.0,0.0,0.0,0.0,0.0,0.0,0.0,0.0,0.0,0.0,0.0,0.0,0.0,0.0,0.0,0.0,0.0,0.0,0.0,0.0,0.0,0.0,0.0,0.0,0.0,0.0,0.0,0.0,0.04576719576719576,0.0,0.009259259259259259,0.0,0.0,0.0,0.0,0.0,0.0,0.0,0.0,0.0,0.0,0.005952380952380952,0.0,0.0,0.0,0.024267399267399264,0.040140415140415144,0.0,0.0,0.7456450956450956,0.05357142857142857,0.07539682539682539,8.0
0.0,0.0,0.0,0.0,0.0,0.0,0.0,0.0,0.0,0.0,0.0,0.0,0.0,0.0,0.0,0.0043859649122807015,0.0,0.0,0.0,0.0,0.0,0.0,0.0,0.025219298245614034,0.0,0.0,0.0043859649122807015,0.0,0.0,0.0043859649122807015,0.0,0.0,0.0,0.013888888888888888,0.0,0.0,0.0,0.0,0.0,0.010338345864661654,0.0,0.005952380952380952,0.0043859649122807015,0.0,0.011904761904761904,0.041666666666666664,0.0,0.07077589807852966,0.04349415204678362,0.0,0.020833333333333332,0.5038899331662489,0.04432957393483709,0.023496240601503755,9.0
0.0,0.0,0.0,0.008333333333333333,0.011904761904761904,0.027777777777777776,0.0,0.0,0.0,0.0,0.0,0.0,0.0,0.0,0.0,0.008333333333333333,0.0,0.0,0.011904761904761904,0.0,0.0,0.0,0.0,0.0,0.011904761904761904,0.010763888888888887,0.0,0.0,0.0,0.0,0.016319444444444445,0.0,0.0,0.005208333333333333,0.005208333333333333,0.0,0.0,0.0,0.005208333333333333,0.010416666666666666,0.005208333333333333,0.0,0.016666666666666666,0.0,0.019097222222222224,0.013888888888888888,0.0,0.08159722222222222,0.016666666666666666,0.008333333333333333,0.0,0.4458829365079366,0.08854166666666667,0.08749999999999998,10.0
0.0,0.0,0.0043859649122807015,0.0,0.031629554655870445,0.0,0.0,0.005952380952380952,0.0,0.0,0.0,0.0,0.0,0.0,0.0,0.0,0.05246288798920377,0.0,0.0,0.0,0.0,0.0,0.0,0.006410256410256411,0.0,0.0043859649122807015,0.016666666666666666,0.0,0.020833333333333332,0.0,0.031629554655870445,0.0,0.041666666666666664,0.0,0.0,0.0,0.0,0.0,0.0,0.018315018315018316,0.0,0.0,0.010796221322537112,0.0,0.03184885290148448,0.006410256410256411,0.0,0.0418859649122807,0.023076923076923078,0.046052631578947366,0.015182186234817813,0.4112384326200116,0.027243589743589744,0.06859335839598997,11.0
0.0,0.003787878787878788,0.0,0.0,0.017992424242424244,0.0,0.0,0.0,0.008333333333333333,0.005555555555555556,0.0,0.0,0.013541666666666667,0.0,0.0,0.0,0.0,0.0,0.0,0.0,0.0,0.0,0.0,0.0,0.014898989898989898,0.0,0.0,0.0,0.005208333333333333,0.0,0.007575757575757576,0.0,0.0,0.005555555555555556,0.006944444444444444,0.0,0.003787878787878788,0.0,0.0,0.010732323232323232,0.003787878787878788,0.010763888888888887,0.021875000000000002,0.0,0.024621212121212117,0.008996212121212122,0.0,0.037784090909090906,0.05344065656565657,0.027777777777777776,0.016666666666666666,0.2626893939393939,0.06486742424242424,0.1961489898989899,12.0
0.008333333333333333,0.0,0.027777777777777776,0.0,0.008417508417508417,0.016666666666666666,0.0,0.008333333333333333,0.0,0.0,0.0,0.0,0.0,0.0,0.009259259259259259,0.0,0.003787878787878788,0.0,0.0,0.0,0.0,0.0,0.0,0.027777777777777776,0.008333333333333333,0.004629629629629629,0.0,0.0,0.0,0.003787878787878788,0.020833333333333332,0.0,0.003787878787878788,0.0,0.003787878787878788,0.0,0.020833333333333332,0.004629629629629629,0.009259259259259259,0.003787878787878788,0.0,0.02314814814814815,0.050084175084175085,0.007575757575757576,0.004629629629629629,0.0,0.0,0.05410353535353535,0.015046296296296295,0.0,0.004629629629629629,0.3194654882154882,0.07377946127946128,0.08684764309764309,13.0
