ssj,eos,gsj,shs,gcs,jis,sos,ssi,jsj,sjj,ggs,ess,gis,sis,gsi,sii,sjs,scs,sgs,oss,jss,hss,css,gss,iss,sss,TimeFactor
0.0,0.0,0.0,0.0,0.0,0.0,0.0,0.0,0.0,0.0,0.0,0.0,0.0,0.0,0.0,0.0,0.005952380952380952,0.008333333333333333,0.010416666666666666,0.015277777777777779,0.01636904761904762,0.03968253968253968,0.051388888888888894,0.07271825396825397,0.09275793650793651,0.4371031746031746,1.0
0.0,0.0,0.0,0.0,0.0,0.0,0.0,0.0,0.0,0.0,0.0,0.0,0.006944444444444444,0.006944444444444444,0.013888888888888888,0.013888888888888888,0.0,0.0,0.0,0.013888888888888888,0.0,0.0,0.041666666666666664,0.11805555555555557,0.05555555555555555,0.31250000000000006,2.0
0.0,0.0,0.0,0.0,0.0,0.0,0.0,0.0,0.0,0.0,0.0,0.005952380952380952,0.0,0.004629629629629629,0.0,0.0,0.0,0.010416666666666666,0.041666666666666664,0.047619047619047616,0.020833333333333332,0.0,0.047619047619047616,0.175760582010582,0.06514550264550263,0.4970238095238095,3.0
0.0,0.0,0.0,0.0,0.0,0.0,0.0,0.0,0.0,0.0,0.013888888888888888,0.0,0.0,0.0,0.0,0.0,0.0,0.0,0.013888888888888888,0.04484126984126984,0.027777777777777776,0.013888888888888888,0.025793650793650796,0.0788690476190476,0.06041666666666667,0.4706349206349207,4.0
0.0,0.0,0.0,0.0,0.0,0.0,0.0,0.0,0.020833333333333332,0.020833333333333332,0.0,0.0,0.0,0.013888888888888888,0.0,0.0,0.0,0.0,0.0,0.0,0.0,0.041666666666666664,0.0,0.013888888888888888,0.09722222222222221,0.4583333333333333,5.0
0.0,0.0,0.0,0.0,0.0,0.0,0.0,0.005208333333333333,0.0,0.0,0.0,0.0,0.0,0.0,0.0,0.005208333333333333,0.0,0.020833333333333332,0.0,0.0,0.005208333333333333,0.0,0.07291666666666667,0.041666666666666664,0.046875,0.46875,6.0
0.0,0.0,0.0,0.005952380952380952,0.005952380952380952,0.005952380952380952,0.020833333333333332,0.0,0.0,0.0,0.0,0.0,0.0,0.02023809523809524,0.0,0.0,0.0,0.0,0.0,0.05357142857142857,0.005952380952380952,0.011904761904761904,0.04107142857142857,0.07976190476190476,0.0994047619047619,0.5660714285714286,7.0
0.0,0.0,0.013888888888888888,0.0,0.0,0.0,0.0,0.0,0.0,0.013888888888888888,0.020833333333333332,0.0,0.0,0.0,0.0,0.0,0.0,0.0,0.0,0.020833333333333332,0.0,0.013888888888888888,0.05555555555555555,0.13888888888888887,0.03472222222222222,0.2708333333333333,8.0
0.0,0.0,0.0,0.0,0.0,0.0,0.0,0.0,0.0,0.0,0.0,0.0,0.0,0.0,0.0,0.0,0.0,0.0,0.0,0.0,0.0,0.0,0.0,0.020833333333333332,0.041666666666666664,0.2708333333333333,9.0
0.0,0.041666666666666664,0.0,0.0,0.0,0.0,0.0,0.0,0.0,0.0,0.0,0.0,0.0,0.010416666666666666,0.0,0.0,0.0,0.0,0.010416666666666666,0.041666666666666664,0.020833333333333332,0.0,0.0,0.010416666666666666,0.010416666666666666,0.2708333333333333,10.0
0.0,0.0,0.013888888888888888,0.0,0.0,0.0,0.0,0.0,0.0,0.013888888888888888,0.0,0.0,0.0,0.008333333333333333,0.0,0.0,0.0,0.020833333333333332,0.0,0.008333333333333333,0.0,0.041666666666666664,0.03472222222222222,0.10833333333333332,0.08472222222222224,0.4986111111111111,11.0
0.020833333333333332,0.0,0.0,0.0,0.0,0.0,0.0,0.0,0.0,0.0,0.0,0.0,0.0,0.005952380952380952,0.0,0.0,0.0,0.0,0.005952380952380952,0.013888888888888888,0.020833333333333332,0.0,0.08333333333333333,0.126984126984127,0.06746031746031746,0.32142857142857145,12.0
0.0,0.0,0.0,0.0,0.0,0.0,0.0,0.0,0.0,0.0,0.020833333333333332,0.0,0.0,0.020833333333333332,0.0,0.0,0.0,0.0,0.0,0.0,0.0,0.0,0.0,0.041666666666666664,0.020833333333333332,0.22916666666666666,13.0
