cgs,esg,isi,ecj,esi,hsc,osj,sgg,csi,his,sgh,gis,gcs,gsi,sge,sgc,eoi,isc,sse,ece,gsc,egs,ios,ees,seg,cgg,gsj,gsh,ses,oci,chs,egg,cso,sei,iso,ges,igg,cis,gso,gig,csg,isg,eoc,iis,ssg,sis,eis,ggs,shs,ssj,ggg,igs,gsg,sgs,ssi,ess,oss,hss,css,jss,gss,iss,sss,TimeFactor
0.0,0.0,0.0,0.0,0.0,0.0,0.0,0.0,0.0,0.0,0.0,0.0,0.0,0.0,0.0,0.0,0.0,0.0,0.0,0.0,0.0,0.0,0.0,0.0,0.0,0.0,0.0,0.0,0.0,0.0,0.0,0.0,0.0,0.0,0.0,0.0,0.0,0.0,0.0,0.0,0.0,0.0,0.0,0.0,0.0,0.0,0.0,0.0,0.0,0.0,0.001141552511415525,0.0030864197530864196,0.003125679495542509,0.005109806479669493,0.005871212121212122,0.010604535695115403,0.020679012345679013,0.037815787272309005,0.06553262053683931,0.10423935627677937,0.17783600729302537,0.2291087534734547,0.2525159234125384,1.0
0.0,0.0,0.0,0.0,0.0,0.0,0.0,0.0,0.0,0.0,0.0,0.0,0.0,0.0,0.0,0.0,0.0,0.0,0.0,0.0,0.0,0.0,0.0,0.0,0.0,0.0,0.0,0.0,0.0,0.0,0.0,0.0,0.0,0.0,0.0,0.0,0.0,0.0,0.0,0.0,0.001282051282051282,0.001282051282051282,0.001488095238095238,0.001488095238095238,0.001488095238095238,0.001488095238095238,0.0020325203252032522,0.004828042328042328,0.0077553091251721384,0.009259259259259259,0.0,0.001282051282051282,0.004464285714285714,0.006514019926565868,0.0,0.028181642051505067,0.051816886164512514,0.04731042324530391,0.12606149627069815,0.05131831066593701,0.19864686654088373,0.17732888440218228,0.27468351918191397,2.0
0.0,0.0,0.0,0.0,0.0,0.0,0.0,0.0,0.0,0.0,0.0,0.0,0.0,0.0,0.0,0.0,0.0,0.0,0.0,0.0,0.0,0.0,0.0,0.0,0.0,0.0,0.0,0.0,0.0,0.0014124293785310734,0.0014124293785310734,0.0014124293785310734,0.0017730496453900709,0.0017730496453900709,0.0017730496453900709,0.0022522522522522522,0.0022522522522522522,0.0022522522522522522,0.0024509803921568627,0.0026041666666666665,0.0,0.0040253018976423235,0.0,0.0,0.0,0.0066294685643089905,0.0,0.003473729917498914,0.0,0.0,0.0,0.006150265957446809,0.008033192090395479,0.0022522522522522522,0.0,0.04702120515092914,0.09156602551228703,0.04883124269500241,0.14092409523968225,0.02387424009866712,0.16685571486997652,0.1584870416823154,0.2705078831842516,3.0
0.0,0.0,0.0,0.0,0.0,0.0,0.0,0.0,0.0,0.0,0.0,0.0,0.0,0.0,0.0,0.0,0.0,0.0,0.0,0.0,0.0,0.0,0.0,0.0,0.0,0.0,0.005208333333333333,0.005208333333333333,0.010416666666666666,0.0,0.0,0.0,0.0,0.0,0.0,0.0,0.0,0.0,0.0,0.0,0.0,0.0,0.0,0.0,0.0,0.0,0.0,0.0,0.0,0.0,0.010416666666666666,0.0,0.0,0.0,0.0,0.05590277777777778,0.027367424242424238,0.03449074074074074,0.12530513468013468,0.005208333333333333,0.16356271043771042,0.22312710437710437,0.3337857744107744,4.0
0.0,0.0,0.0,0.0,0.0,0.0,0.0,0.0,0.0,0.0,0.0,0.0,0.0,0.0,0.0,0.0,0.0,0.0,0.0,0.0,0.0,0.0,0.006944444444444444,0.007575757575757576,0.020833333333333332,0.027777777777777776,0.0,0.0,0.0,0.0,0.0,0.0,0.0,0.0,0.0,0.0,0.0,0.0,0.0,0.0,0.0,0.0,0.0,0.0,0.0,0.006944444444444444,0.0,0.0,0.013888888888888888,0.0,0.0,0.0,0.0,0.0,0.0,0.13383838383838384,0.10416666666666667,0.016203703703703703,0.09785353535353536,0.0,0.03598484848484849,0.05155723905723906,0.3930976430976431,5.0
0.0,0.0,0.0,0.0,0.0,0.0,0.0,0.0,0.0,0.0,0.0,0.0,0.0,0.0,0.0,0.0,0.0,0.0,0.0,0.0,0.005952380952380952,0.005952380952380952,0.0,0.0,0.0,0.0,0.0,0.0,0.0,0.0,0.0,0.0,0.0,0.0,0.0,0.0,0.0,0.0,0.0,0.0,0.0,0.007575757575757576,0.0,0.0,0.041666666666666664,0.0,0.0,0.0,0.0,0.0,0.0,0.0,0.0,0.0,0.0,0.01948051948051948,0.018315018315018316,0.0,0.16325341325341325,0.006410256410256411,0.04791042291042291,0.018772893772893772,0.5813769563769563,6.0
0.0,0.0,0.0,0.0,0.0,0.0,0.0,0.0,0.0,0.0,0.0,0.0,0.0,0.0,0.0,0.0,0.0,0.0,0.0,0.0,0.0,0.0,0.0,0.0,0.0,0.0,0.0,0.0,0.0,0.0,0.0,0.0,0.0,0.0,0.0,0.0,0.0,0.0,0.0,0.0,0.0,0.0,0.0,0.0,0.0,0.0,0.0,0.0,0.0,0.0,0.0,0.0,0.0,0.0,0.0,0.0024509803921568627,0.030555555555555558,0.013888888888888888,0.06038011695906432,0.0,0.0043859649122807015,0.008552631578947369,0.8797858617131064,7.0
0.0,0.0,0.0,0.0,0.0,0.0,0.0,0.0,0.0,0.0,0.0,0.0,0.0,0.0,0.0,0.0,0.0,0.0,0.001851851851851852,0.006944444444444444,0.0,0.0,0.0,0.0,0.0,0.0,0.0,0.0,0.001851851851851852,0.0,0.0,0.0,0.0,0.0,0.0,0.0,0.0,0.010416666666666666,0.0,0.0,0.0,0.0,0.0,0.0,0.0,0.0,0.0,0.0,0.0,0.0,0.0,0.0,0.0,0.0,0.0,0.0,0.012820512820512822,0.0,0.0,0.0,0.0,0.027243589743589744,0.9388710826210828,8.0
0.0,0.0,0.0,0.0,0.0,0.0,0.0,0.0,0.0,0.0,0.0,0.0,0.0,0.0,0.006410256410256411,0.006410256410256411,0.006410256410256411,0.007575757575757576,0.0,0.0,0.0,0.0,0.0,0.0,0.0,0.0,0.0,0.0,0.0,0.0,0.0,0.0,0.0,0.0,0.0,0.0,0.003968253968253968,0.0,0.0,0.0,0.0,0.003968253968253968,0.0,0.0,0.0,0.0,0.0,0.0,0.0,0.0,0.006944444444444444,0.0,0.01091269841269841,0.007936507936507936,0.0,0.04807692307692307,0.018315018315018316,0.0,0.007936507936507936,0.0,0.06322843822843822,0.014880952380952378,0.7870254745254747,9.0
0.0,0.0,0.0,0.0,0.0,0.0,0.0,0.0,0.0,0.0,0.003968253968253968,0.005208333333333333,0.009259259259259259,0.013888888888888888,0.0,0.0,0.0,0.0,0.0,0.0,0.0,0.0,0.0,0.0,0.0,0.0,0.0,0.027777777777777776,0.005208333333333333,0.0,0.0,0.0,0.0,0.0,0.0,0.0,0.0,0.0,0.0,0.0,0.0,0.0,0.0,0.003968253968253968,0.019593253968253968,0.0,0.005208333333333333,0.0,0.0,0.0,0.0,0.0,0.0,0.0,0.0,0.017113095238095236,0.02058531746031746,0.0,0.0,0.0,0.052662037037037035,0.03819444444444444,0.6106977513227513,10.0
0.0,0.0,0.0,0.0,0.0,0.0,0.0,0.0,0.004166666666666667,0.009259259259259259,0.0,0.0,0.0,0.0,0.0,0.0,0.0,0.0,0.013888888888888888,0.0,0.0,0.0,0.0,0.0,0.0,0.0,0.0,0.0,0.004166666666666667,0.0,0.0,0.0,0.0,0.0,0.0,0.0,0.0,0.0,0.0,0.0,0.0,0.0,0.0,0.0,0.005952380952380952,0.0,0.0,0.041666666666666664,0.0,0.0,0.0,0.0,0.0,0.0,0.0,0.0,0.011904761904761904,0.004166666666666667,0.015527950310559006,0.0,0.041666666666666664,0.009259259259259259,0.5050408327582241,11.0
0.0,0.0,0.0,0.0,0.0,0.0,0.0,0.005555555555555556,0.0,0.0,0.0,0.0,0.0,0.0,0.0,0.0,0.003472222222222222,0.0,0.0,0.0,0.0,0.0,0.0,0.010416666666666666,0.0,0.016666666666666666,0.0,0.0,0.0,0.0,0.003472222222222222,0.005555555555555556,0.0,0.0,0.0,0.0,0.0,0.0,0.0,0.0,0.0,0.010416666666666666,0.0,0.003472222222222222,0.0,0.01388888888888889,0.0,0.0,0.0,0.0,0.0,0.0,0.010416666666666666,0.0,0.0,0.05833333333333333,0.018518518518518517,0.0,0.018055555555555557,0.0,0.02800925925925926,0.008333333333333333,0.4520833333333334,12.0
0.0026881720430107525,0.0026881720430107525,0.0026881720430107525,0.004901960784313725,0.007575757575757576,0.020833333333333332,0.020833333333333332,0.0,0.0,0.0,0.0,0.0,0.0,0.00980392156862745,0.0,0.0,0.0,0.0,0.007575757575757576,0.0,0.0,0.0,0.0,0.0,0.0,0.0,0.0,0.0,0.0,0.0,0.0,0.0,0.0,0.0,0.0,0.0,0.0,0.0,0.0,0.004901960784313725,0.0,0.0,0.0,0.0,0.0026881720430107525,0.0,0.0,0.0,0.0,0.020833333333333332,0.0,0.0,0.0,0.0,0.0,0.04924242424242425,0.0026881720430107525,0.0026881720430107525,0.02573529411764706,0.004901960784313725,0.012966476913345982,0.010263929618768328,0.36683485710999947,13.0
