ssi,gis,ogi,isi,his,jsi,sjs,jgs,ois,igg,shh,igs,ssh,ggs,jis,ses,ess,ihs,cso,sos,csi,hsg,sgs,cgs,sii,ssc,scc,gsg,gsi,ssg,sgg,oos,scs,isg,shs,sis,css,hss,gss,jss,oss,iss,sss,TimeFactor
0.0,0.0,0.0,0.0,0.0,0.0,0.0,0.0,0.0,0.0,0.0,0.0,0.0,0.0,0.0,0.0,0.0,0.0,0.0,0.0,0.0,0.0,0.0,0.0,0.0,0.0,0.0,0.0,0.0,0.0,0.0,0.008333333333333333,0.008333333333333333,0.008333333333333333,0.008333333333333333,0.008333333333333333,0.008333333333333333,0.015277777777777779,0.020833333333333332,0.041666666666666664,0.09166666666666667,0.09722222222222221,0.35000000000000003,1.0
0.0,0.0,0.0,0.0,0.0,0.0,0.0,0.0,0.0,0.0,0.0,0.0,0.0,0.0,0.0,0.0,0.0,0.0,0.0,0.0,0.0,0.0,0.0,0.0,0.0,0.0,0.0,0.0,0.0,0.0,0.0,0.0,0.0,0.0,0.0,0.020833333333333332,0.027777777777777776,0.04861111111111111,0.125,0.0,0.0,0.06944444444444443,0.375,2.0
0.0,0.0,0.0,0.0,0.0,0.0,0.0,0.0,0.0,0.0,0.0,0.0,0.0,0.0,0.0,0.0,0.0,0.0,0.0,0.0,0.0,0.008333333333333333,0.008333333333333333,0.010416666666666666,0.010416666666666666,0.013888888888888888,0.013888888888888888,0.013888888888888888,0.01736111111111111,0.03819444444444444,0.041666666666666664,0.0,0.0,0.0,0.013888888888888888,0.006944444444444444,0.0,0.013888888888888888,0.16527777777777777,0.010416666666666666,0.010416666666666666,0.03472222222222222,0.2347222222222222,3.0
0.0,0.0,0.0,0.0,0.0,0.0,0.0,0.0,0.0,0.0,0.0,0.0,0.0,0.0,0.0,0.0,0.0,0.0,0.0,0.0,0.005952380952380952,0.0,0.01984126984126984,0.0,0.005952380952380952,0.0,0.0,0.0,0.0,0.0,0.0,0.0,0.0,0.0,0.0,0.0,0.0,0.0,0.060515873015873016,0.0,0.047619047619047616,0.011904761904761904,0.18154761904761907,4.0
0.0,0.0,0.0,0.0,0.0,0.0,0.0,0.0,0.0,0.0,0.0,0.0,0.0,0.0,0.005208333333333333,0.005208333333333333,0.010416666666666666,0.020833333333333332,0.020833333333333332,0.020833333333333332,0.0,0.0,0.010416666666666666,0.0,0.0,0.0,0.0,0.0,0.0,0.0,0.0,0.0,0.0,0.005208333333333333,0.0,0.005208333333333333,0.0,0.0625,0.015625,0.0,0.0,0.052083333333333336,0.18229166666666666,5.0
0.0,0.0,0.0,0.0,0.0,0.0,0.0,0.0,0.0,0.0,0.005208333333333333,0.005208333333333333,0.005208333333333333,0.013888888888888888,0.0,0.0,0.041666666666666664,0.0,0.0,0.0,0.0,0.0,0.010416666666666666,0.0,0.0,0.0,0.0,0.010416666666666666,0.0,0.0,0.013888888888888888,0.0,0.0,0.01909722222222222,0.0,0.0,0.0,0.020833333333333332,0.05381944444444444,0.0,0.020833333333333332,0.015625,0.18055555555555558,6.0
0.0,0.0,0.0,0.0,0.0,0.0,0.0,0.0,0.0,0.005952380952380952,0.0,0.0,0.0,0.04067460317460317,0.0,0.0,0.0,0.0,0.0,0.0,0.0,0.0,0.005952380952380952,0.0,0.0,0.041666666666666664,0.041666666666666664,0.0,0.0,0.0,0.010416666666666666,0.0,0.013888888888888888,0.01636904761904762,0.0,0.0,0.04513888888888889,0.03125,0.14285714285714285,0.0,0.052083333333333336,0.05109126984126983,0.4176587301587302,7.0
0.0,0.0,0.0,0.0,0.0,0.0,0.0,0.020833333333333332,0.041666666666666664,0.0,0.0,0.0,0.0,0.0,0.0,0.0,0.0,0.0,0.0,0.0,0.0,0.0,0.0,0.0,0.0,0.0,0.0,0.0,0.0,0.0,0.0,0.0,0.0,0.0,0.0,0.0,0.0,0.0,0.10416666666666667,0.0,0.0,0.09375,0.3229166666666667,8.0
0.0,0.0,0.0,0.0,0.0,0.0,0.0,0.0,0.0,0.0,0.0,0.0,0.0,0.0,0.0,0.0,0.0,0.0,0.0,0.0,0.0,0.0,0.0,0.0,0.0,0.0,0.0,0.0,0.0,0.0,0.0,0.0,0.0,0.0,0.0,0.005952380952380952,0.005952380952380952,0.0,0.1369047619047619,0.0,0.0,0.10714285714285714,0.24404761904761907,9.0
0.0,0.0,0.0,0.0,0.006944444444444444,0.013888888888888888,0.013888888888888888,0.0,0.0,0.0,0.0,0.0,0.0,0.0,0.0,0.0,0.0,0.0,0.0,0.0,0.0,0.0,0.006944444444444444,0.0,0.013888888888888888,0.0,0.0,0.006944444444444444,0.0,0.0,0.0,0.0,0.013888888888888888,0.0,0.0,0.0,0.013888888888888888,0.0,0.05555555555555555,0.013888888888888888,0.08333333333333333,0.020833333333333332,0.3194444444444444,10.0
0.0,0.0,0.0,0.010416666666666666,0.0,0.0,0.010416666666666666,0.0,0.0,0.0,0.0,0.0,0.0,0.0,0.0,0.0,0.0,0.0,0.0,0.0,0.0,0.0,0.020833333333333332,0.0,0.0,0.0,0.0,0.0,0.0,0.0,0.0,0.0,0.020833333333333332,0.0,0.0,0.03125,0.03125,0.020833333333333332,0.11458333333333333,0.010416666666666666,0.010416666666666666,0.08333333333333333,0.3854166666666667,11.0
0.0,0.010416666666666666,0.010416666666666666,0.0,0.0,0.0,0.0,0.0,0.0,0.0,0.0,0.0,0.0,0.010416666666666666,0.0,0.0,0.0,0.0,0.0,0.0,0.0,0.0,0.0,0.0,0.0,0.0,0.0,0.0,0.0,0.0,0.0,0.0,0.0,0.0,0.0,0.0,0.0,0.010416666666666666,0.11458333333333333,0.0,0.0,0.0625,0.4479166666666667,12.0
0.013888888888888888,0.0,0.0,0.0,0.0,0.0,0.0,0.0,0.0,0.0,0.0,0.0,0.0,0.0,0.0,0.0,0.0,0.0,0.0,0.013888888888888888,0.0,0.0,0.0,0.0,0.05555555555555555,0.0,0.0,0.0,0.041666666666666664,0.0,0.0,0.0,0.0,0.0,0.0,0.0,0.0,0.0,0.09722222222222221,0.0,0.013888888888888888,0.013888888888888888,0.25,13.0
