jsg,hig,ccs,jgs,ssi,oos,sgi,ecs,sos,sjs,sso,igg,eis,gei,oes,jjs,jss,gig,jis,gii,ggi,jhs,ish,shs,iii,sig,isi,osg,iis,oss,ssg,gis,gsi,igs,isg,sis,gsg,sgg,jcs,ggg,csi,sii,scs,ggs,ess,sgs,hss,css,iss,gss,sss,TimeFactor
0.0,0.0,0.0,0.0,0.0,0.0,0.0,0.0,0.0,0.0,0.0,0.0,0.0,0.0,0.0,0.0,0.0,0.0,0.0,0.0,0.0,0.0,0.0,0.0,0.0,0.0,0.0,0.0,0.0,0.0,0.0,0.0,0.0,0.0,0.0,0.0,0.0,0.0,0.0024509803921568627,0.004901960784313725,0.008333333333333333,0.008333333333333333,0.008333333333333333,0.00980392156862745,0.010784313725490198,0.010784313725490198,0.016339869281045753,0.039950980392156867,0.10559640522875818,0.16752450980392156,0.5235294117647059,1.0
0.0,0.0,0.0,0.0,0.0,0.0,0.0,0.0,0.0,0.0,0.0,0.0,0.0,0.0,0.0,0.0,0.0,0.0,0.0,0.0,0.0,0.0,0.0,0.0,0.0,0.0,0.0,0.0,0.0,0.0,0.0,0.002777777777777778,0.002777777777777778,0.002777777777777778,0.009722222222222222,0.011507936507936509,0.022222222222222223,0.022222222222222223,0.002777777777777778,0.0,0.002777777777777778,0.002777777777777778,0.020833333333333332,0.002777777777777778,0.0,0.009722222222222222,0.014285714285714285,0.043452380952380944,0.12123015873015873,0.10952380952380952,0.42916666666666675,2.0
0.0,0.0,0.0,0.0,0.0,0.0,0.0,0.0,0.0,0.0,0.0,0.0,0.0,0.0,0.0,0.0,0.0,0.0,0.0,0.0,0.0,0.0,0.005208333333333333,0.005208333333333333,0.005208333333333333,0.005208333333333333,0.005208333333333333,0.005952380952380952,0.012152777777777776,0.027777777777777776,0.041666666666666664,0.0,0.005208333333333333,0.006944444444444444,0.0,0.005208333333333333,0.026041666666666668,0.026785714285714284,0.0,0.0,0.0,0.0,0.005952380952380952,0.03298611111111111,0.0,0.041666666666666664,0.0,0.011904761904761904,0.057638888888888885,0.12028769841269842,0.37911706349206353,3.0
0.0,0.0,0.0,0.0,0.0,0.0,0.0,0.0,0.0,0.0,0.0,0.0,0.0,0.0,0.0,0.0,0.0,0.0,0.0,0.0,0.0,0.010416666666666666,0.0,0.0,0.0,0.0,0.0,0.0,0.0,0.01984126984126984,0.005952380952380952,0.0,0.0,0.011904761904761904,0.0,0.0,0.0,0.005952380952380952,0.0,0.0,0.0,0.0,0.0,0.0,0.005952380952380952,0.05555555555555555,0.010416666666666666,0.01636904761904762,0.029761904761904757,0.12996031746031744,0.28125,4.0
0.0,0.0,0.0,0.0,0.0,0.0,0.0,0.0,0.0,0.0,0.0,0.0,0.0,0.0,0.0,0.0,0.0,0.0,0.0,0.005208333333333333,0.005208333333333333,0.0,0.0,0.0,0.0,0.0,0.013888888888888888,0.0,0.0,0.0,0.0,0.0,0.0,0.0,0.0,0.013888888888888888,0.0,0.0,0.0,0.0,0.0,0.0,0.0,0.005208333333333333,0.0,0.005208333333333333,0.024305555555555552,0.0,0.08854166666666667,0.09375,0.4947916666666667,5.0
0.0,0.0,0.0,0.0,0.0,0.0,0.0,0.0,0.0,0.0,0.0,0.0,0.0,0.0,0.008333333333333333,0.008333333333333333,0.008333333333333333,0.010416666666666666,0.020833333333333332,0.0,0.0,0.0,0.0,0.0,0.0,0.0,0.0,0.0,0.0,0.0,0.0,0.0,0.0,0.010416666666666666,0.0,0.0,0.0,0.0,0.0,0.010416666666666666,0.0,0.0,0.013888888888888888,0.010416666666666666,0.008333333333333333,0.0,0.041666666666666664,0.027777777777777776,0.125,0.13194444444444445,0.48055555555555557,6.0
0.0,0.0,0.0,0.0,0.0,0.0,0.0,0.0,0.0,0.0,0.0,0.006944444444444444,0.006944444444444444,0.006944444444444444,0.0,0.0,0.0,0.010416666666666666,0.0,0.0,0.006944444444444444,0.0,0.0,0.0,0.0,0.003472222222222222,0.0,0.0,0.0,0.044642857142857144,0.003472222222222222,0.0,0.0,0.0,0.0,0.0,0.010416666666666666,0.006944444444444444,0.0,0.0,0.0,0.0,0.0,0.003472222222222222,0.0,0.006448412698412699,0.008333333333333333,0.01478174603174603,0.0876984126984127,0.14811507936507937,0.4573412698412698,7.0
0.0,0.0,0.0,0.0,0.0,0.0,0.0,0.0,0.0,0.0,0.0,0.0,0.0,0.0,0.0,0.0,0.0,0.0,0.0,0.0,0.0,0.0,0.0,0.0,0.0,0.0,0.0,0.0,0.0,0.004629629629629629,0.0,0.0,0.0,0.0,0.0,0.0,0.0,0.0,0.0,0.0,0.0,0.0,0.0,0.0,0.0,0.0,0.0,0.0,0.08564814814814814,0.2060185185185185,0.3703703703703704,8.0
0.0,0.0,0.0,0.0,0.0,0.0,0.0,0.0,0.0,0.0,0.020833333333333332,0.0,0.0,0.0,0.0,0.0,0.0,0.0,0.0,0.0,0.0,0.0,0.0,0.0,0.0,0.0,0.0,0.0,0.0,0.0,0.0,0.006944444444444444,0.0,0.0,0.013888888888888888,0.0,0.013888888888888888,0.027777777777777776,0.0,0.0,0.0,0.0,0.0,0.006944444444444444,0.020833333333333332,0.0,0.0,0.020833333333333332,0.06944444444444445,0.11805555555555554,0.513888888888889,9.0
0.0,0.0,0.0,0.0,0.0,0.0,0.0,0.013888888888888888,0.020833333333333332,0.020833333333333332,0.0,0.0,0.0,0.0,0.0,0.013888888888888888,0.048611111111111105,0.0,0.0,0.0,0.0,0.0,0.0,0.0,0.0,0.0,0.0,0.0,0.0,0.05555555555555555,0.0,0.0,0.0,0.005952380952380952,0.0,0.013888888888888888,0.0,0.0,0.0,0.0,0.0,0.0,0.0,0.0,0.013888888888888888,0.0,0.020833333333333332,0.027777777777777776,0.03968253968253968,0.0853174603174603,0.36904761904761907,10.0
0.0,0.0,0.0,0.0,0.0,0.0,0.004166666666666667,0.0,0.0,0.0,0.0,0.0,0.0,0.0,0.0,0.0,0.0,0.0,0.0,0.0,0.0,0.0,0.0,0.0,0.0,0.0,0.0,0.0,0.0,0.027430555555555555,0.0,0.0,0.012500000000000002,0.0,0.004166666666666667,0.012500000000000002,0.004166666666666667,0.004166666666666667,0.005208333333333333,0.0,0.0,0.0,0.0,0.0,0.0,0.004166666666666667,0.041666666666666664,0.04270833333333333,0.06631944444444444,0.13020833333333334,0.5572916666666666,11.0
0.0,0.0,0.0,0.0,0.0,0.013888888888888888,0.0,0.0,0.0,0.013888888888888888,0.0,0.0,0.0,0.0,0.0,0.0,0.013888888888888888,0.0,0.0,0.0,0.0,0.0,0.0,0.0,0.0,0.0,0.0,0.0,0.0,0.05555555555555555,0.0,0.0,0.0,0.0,0.0,0.0,0.0,0.0,0.0,0.0,0.0,0.0,0.0,0.0,0.0,0.07291666666666667,0.010416666666666666,0.013888888888888888,0.048611111111111105,0.18402777777777776,0.40625,12.0
0.010416666666666666,0.041666666666666664,0.041666666666666664,0.041666666666666664,0.05555555555555555,0.0,0.0,0.0,0.0,0.0,0.0,0.0,0.0,0.0,0.0,0.0,0.0,0.0,0.0,0.0,0.0,0.0,0.0,0.0,0.0,0.0,0.013888888888888888,0.0,0.0,0.10763888888888888,0.013888888888888888,0.0,0.0,0.041666666666666664,0.0,0.013888888888888888,0.0,0.024305555555555552,0.0,0.0,0.0,0.027777777777777776,0.0,0.0,0.020833333333333332,0.0,0.0,0.041666666666666664,0.09722222222222221,0.10763888888888888,0.2986111111111111,13.0
