jhs,jsc,scs,hss,ses,sgi,ssi,sii,iis,jss,gis,isg,gsg,ggs,css,iss,oss,sgg,hgs,gsi,sis,ssg,ess,sgs,ggg,gss,sss,TimeFactor
0.0,0.0,0.0,0.0,0.0,0.0,0.0,0.0,0.0,0.0,0.0,0.007575757575757576,0.007575757575757576,0.009259259259259259,0.009259259259259259,0.009259259259259259,0.010416666666666666,0.010416666666666666,0.016666666666666666,0.016835016835016835,0.016835016835016835,0.01736111111111111,0.020833333333333332,0.022095959595959596,0.03125,0.07727272727272727,0.38375420875420874,1.0
0.0,0.0,0.0,0.0,0.0,0.006410256410256411,0.006410256410256411,0.006410256410256411,0.006410256410256411,0.016666666666666666,0.027243589743589744,0.0,0.0,0.0,0.0,0.07478632478632478,0.0,0.0,0.0,0.013888888888888888,0.013888888888888888,0.0,0.0,0.0,0.0,0.020833333333333332,0.307051282051282,2.0
0.0,0.0,0.0,0.0,0.0,0.0,0.0,0.0,0.0,0.0,0.0,0.0,0.0,0.0,0.0,0.0,0.006410256410256411,0.009157509157509158,0.0,0.0,0.0,0.009157509157509158,0.0,0.0,0.021520146520146517,0.0629502442002442,0.6408043345543345,3.0
0.0,0.0,0.0,0.0,0.0,0.0,0.0,0.0,0.0,0.016666666666666666,0.0,0.0,0.010416666666666666,0.0,0.0,0.010416666666666666,0.0,0.0,0.0,0.0,0.0,0.010416666666666666,0.0,0.020833333333333332,0.0,0.041666666666666664,0.47291666666666665,4.0
0.0,0.0,0.0,0.0,0.0,0.0,0.0,0.0,0.0,0.016666666666666666,0.0,0.0,0.0,0.0,0.0,0.0,0.0,0.0,0.0,0.0,0.0,0.0,0.0,0.0,0.0,0.0,0.06666666666666667,5.0
0.0,0.0,0.0,0.0,0.020833333333333332,0.0,0.0,0.0,0.0,0.0,0.0,0.0,0.0,0.0,0.0,0.0,0.0,0.0,0.0,0.0,0.0,0.0,0.020833333333333332,0.0,0.0,0.0,0.20833333333333334,6.0
0.0,0.005952380952380952,0.005952380952380952,0.020833333333333332,0.009259259259259259,0.0,0.0,0.0,0.0,0.009259259259259259,0.0,0.0,0.0,0.0,0.01521164021164021,0.0,0.005952380952380952,0.0,0.0,0.0,0.0,0.0,0.009259259259259259,0.0,0.0,0.06081649831649832,0.5241702741702742,7.0
0.0,0.0,0.0,0.0,0.0,0.0,0.0,0.0,0.0,0.0036231884057971015,0.0,0.0,0.0,0.024456521739130432,0.0,0.016666666666666666,0.016666666666666666,0.0,0.0,0.0,0.0,0.0,0.0,0.0,0.0,0.024456521739130432,0.24746376811594203,8.0
0.0,0.0,0.0,0.0,0.0,0.0,0.0,0.0,0.0,0.0,0.0,0.0,0.0,0.0,0.0,0.0,0.0,0.0,0.0,0.0,0.0,0.0,0.0,0.0,0.0,0.0,0.16666666666666666,9.0
0.008333333333333333,0.0,0.0,0.008333333333333333,0.0,0.0,0.0,0.0,0.0,0.0,0.0,0.0,0.0,0.0,0.0,0.0,0.0,0.0,0.0,0.0,0.0,0.0,0.0,0.0,0.0,0.016666666666666666,0.21666666666666667,10.0
0.0,0.0,0.0,0.009259259259259259,0.0,0.0,0.0,0.0,0.0,0.005952380952380952,0.0,0.0,0.0,0.0,0.0,0.020833333333333332,0.0,0.0,0.0,0.0,0.0,0.0,0.0,0.0,0.0,0.016666666666666666,0.3639550264550264,11.0
0.0,0.0,0.0,0.009259259259259259,0.0,0.0,0.0,0.0,0.0,0.007575757575757576,0.0,0.0,0.0,0.0,0.0,0.025925925925925925,0.0375,0.0,0.0,0.0,0.0,0.0,0.0,0.0,0.0,0.003787878787878788,0.41595117845117846,12.0
0.0,0.0,0.0,0.0,0.0,0.0,0.0,0.0,0.0,0.0,0.0,0.0,0.0,0.0,0.0,0.0,0.0,0.0,0.0,0.0,0.0,0.0,0.0,0.0,0.0,0.0,0.0,13.0
