oe,jh,jg,ij,ge,ee,ho,ic,ih,se,ce,ei,gc,jj,eg,sj,oo,gj,cg,jo,cc,jc,js,co,gi,ig,ci,hh,sh,so,oc,sc,ii,es,si,os,cs,sg,hs,gg,is,gs,ss,TimeFactor
0.0,0.0,0.0,0.0,0.0,0.0,0.0,0.0,0.0,0.0,0.0,0.0,0.0,0.0,0.0,0.0,0.0,0.0,0.0,0.0,0.0,0.0,0.0,0.001851851851851852,0.001851851851851852,0.001984126984126984,0.0025252525252525255,0.0025252525252525255,0.0025252525252525255,0.0025252525252525255,0.003472222222222222,0.005687830687830689,0.005687830687830689,0.009259259259259259,0.01073833573833574,0.011553030303030303,0.027383958633958625,0.04445646945646945,0.04789562289562289,0.04853896103896104,0.06950456950456951,0.10404641654641654,0.512653318903319,1.0
0.0,0.0,0.0,0.0,0.0,0.0,0.0,0.0,0.0,0.0,0.0,0.0,0.0,0.0,0.0,0.0,0.0,0.0,0.0,0.002777777777777778,0.004629629629629629,0.004914529914529914,0.0067460317460317455,0.0,0.005050505050505051,0.00927128427128427,0.0,0.0,0.0,0.004629629629629629,0.0,0.007407407407407407,0.009544159544159542,0.0,0.010185185185185184,0.04407999407999408,0.020258445258445255,0.02813945313945314,0.007154882154882154,0.027379564879564878,0.054173604173604166,0.12932784807784806,0.6243300680800681,2.0
0.0,0.0,0.0,0.0,0.0,0.0,0.0,0.0,0.0,0.0,0.0,0.0,0.0,0.0,0.0,0.0,0.001736111111111111,0.002777777777777778,0.005555555555555556,0.0,0.0,0.0,0.027777777777777776,0.0,0.013043091168091167,0.006623931623931624,0.0,0.0,0.003472222222222222,0.001736111111111111,0.0,0.0,0.007125474833808167,0.0,0.021747388414055085,0.0,0.0032793209876543204,0.056819800569800565,0.016203703703703703,0.0546949192782526,0.04926103988603988,0.15001187084520418,0.4948005698005699,3.0
0.0,0.0,0.0,0.0,0.0,0.0,0.0,0.0,0.0,0.0,0.0,0.0,0.0,0.0012077294685990338,0.003968253968253968,0.0058373590982286625,0.0,0.0,0.0,0.0,0.0,0.0,0.011574074074074075,0.0,0.0,0.003968253968253968,0.0,0.0012077294685990338,0.0012077294685990338,0.003968253968253968,0.0,0.004629629629629629,0.0012077294685990338,0.006944444444444444,0.0024154589371980675,0.015542328042328043,0.009259259259259259,0.027432712215320912,0.013707729468599031,0.016088681849551412,0.04373706004140787,0.15030768345985737,0.6757878997009431,4.0
0.0,0.0,0.0,0.0,0.0,0.0,0.0,0.0,0.0,0.0,0.0,0.0,0.0030864197530864196,0.0,0.0,0.0,0.0,0.0,0.0,0.0,0.0,0.0,0.013888888888888888,0.0,0.0,0.0,0.0,0.0,0.004629629629629629,0.027777777777777776,0.0,0.0,0.005864197530864197,0.0030864197530864196,0.008641975308641974,0.03364197530864197,0.03179012345679012,0.02716049382716049,0.0345679012345679,0.012037037037037035,0.04722222222222222,0.0632716049382716,0.6,5.0
0.0,0.0,0.0,0.0,0.0,0.0,0.0,0.0,0.0,0.0023148148148148147,0.0030864197530864196,0.003472222222222222,0.0,0.0,0.0,0.0,0.0,0.0,0.0,0.0,0.0,0.0,0.0030864197530864196,0.0,0.0,0.0,0.0,0.0,0.0,0.006944444444444444,0.0,0.0030864197530864196,0.004629629629629629,0.0023148148148148147,0.004629629629629629,0.03896604938271604,0.01214726631393298,0.04027777777777778,0.005401234567901234,0.022839506172839502,0.046285273368606696,0.09054232804232804,0.6266424162257497,6.0
0.0,0.0,0.0,0.0,0.0,0.0,0.0,0.0,0.0,0.0,0.0,0.0,0.0,0.0,0.0,0.003968253968253968,0.0,0.0,0.0,0.0,0.0,0.0,0.01091269841269841,0.0,0.008134920634920634,0.001388888888888889,0.0,0.001388888888888889,0.001388888888888889,0.0,0.0,0.005555555555555556,0.013558201058201056,0.0,0.017460317460317457,0.006944444444444444,0.02202380952380952,0.032046657046657046,0.0,0.026863876863876864,0.0326058201058201,0.10499037999037998,0.627435064935065,7.0
0.0,0.0,0.0,0.0,0.0,0.0,0.0,0.0,0.005555555555555556,0.0,0.0,0.0,0.0,0.0,0.0,0.0,0.0,0.0,0.0,0.0,0.0,0.0,0.005555555555555556,0.0,0.0,0.0,0.0,0.0,0.0,0.0,0.0,0.005555555555555556,0.0,0.0,0.003968253968253968,0.028968253968253966,0.00808080808080808,0.03308080808080808,0.009523809523809523,0.030555555555555555,0.05928330928330928,0.12436267436267438,0.6855098605098604,8.0
0.0,0.0,0.0,0.0,0.0,0.0,0.0,0.009259259259259259,0.0,0.0,0.0,0.0,0.0,0.0,0.0,0.009259259259259259,0.0,0.0,0.009259259259259259,0.0,0.0,0.0,0.02546296296296296,0.0,0.0,0.0,0.0,0.0,0.0,0.0,0.0,0.0,0.0,0.0,0.0,0.018518518518518517,0.02314814814814815,0.03472222222222222,0.006944444444444444,0.03472222222222222,0.07037037037037036,0.04907407407407407,0.625925925925926,9.0
0.0,0.0,0.0,0.0,0.0,0.002777777777777778,0.003472222222222222,0.0,0.0,0.002777777777777778,0.0,0.0,0.0,0.0,0.0,0.0,0.0,0.0,0.0,0.0,0.0,0.0,0.003472222222222222,0.0,0.0067460317460317455,0.005555555555555556,0.0,0.0,0.0,0.0,0.0,0.0,0.010879629629629628,0.0,0.02017195767195767,0.009722222222222222,0.01091269841269841,0.03898809523809524,0.013888888888888888,0.009027777777777779,0.06960978835978836,0.10462962962962963,0.5207010582010582,10.0
0.0,0.0,0.000992063492063492,0.000992063492063492,0.001984126984126984,0.0,0.0,0.0,0.0,0.003968253968253968,0.0,0.0,0.0,0.006944444444444444,0.0,0.006944444444444444,0.0,0.0,0.0,0.0,0.0,0.0,0.011111111111111112,0.0,0.0,0.0,0.0023148148148148147,0.0,0.0,0.0,0.0,0.0,0.012235449735449733,0.006944444444444444,0.012566137566137565,0.0,0.01355820105820106,0.02017195767195767,0.010515873015873015,0.020833333333333332,0.05720899470899471,0.09715608465608465,0.4635582010582011,11.0
0.0,0.003968253968253968,0.0,0.0,0.0,0.0,0.0,0.0,0.0,0.0,0.0,0.0,0.0,0.0,0.0,0.0,0.0,0.0,0.0,0.0,0.0,0.0,0.0,0.0,0.0,0.001736111111111111,0.0,0.0,0.0,0.0,0.0,0.0,0.0,0.003472222222222222,0.01273148148148148,0.006944444444444444,0.007440476190476189,0.02943121693121693,0.003968253968253968,0.007440476190476189,0.07919973544973545,0.10871362433862435,0.5682870370370371,12.0
0.002777777777777778,0.0,0.0,0.0,0.0,0.0,0.0,0.0,0.0,0.0,0.0,0.0,0.0,0.0,0.0,0.0,0.0,0.0,0.0,0.0,0.010030864197530864,0.0,0.006944444444444444,0.0,0.005555555555555556,0.0,0.0,0.0,0.0,0.006944444444444444,0.0,0.012808641975308642,0.0,0.002777777777777778,0.006944444444444444,0.022376543209876542,0.021759259259259256,0.03425925925925926,0.0,0.014814814814814814,0.04537037037037037,0.06543209876543209,0.49120370370370375,13.0
