ooo,sso,soo,sce,ees,see,ese,ces,ccs,ggi,gcs,gii,iis,sig,jss,csc,scs,igg,gig,igs,css,sgi,isi,sii,isg,gsi,gis,iii,ggg,gsg,sgg,ggs,ssj,jjj,sjj,ssc,cis,sci,ssi,sis,iss,hss,sgs,ssg,shs,hso,sos,gss,oss,sss,TimeFactor
0.0,0.0,0.0,0.0,0.0,0.0,0.0,0.0,0.0,0.0,0.0,0.0,0.0,0.0,0.0,0.0,0.0,0.0,0.0,0.0,0.0,0.0,0.0,0.0,0.0,0.0,0.0,0.0,0.0,0.0,0.0,0.0,0.0,0.0,0.0,0.0043859649122807015,0.0043859649122807015,0.0043859649122807015,0.0043859649122807015,0.0043859649122807015,0.008771929824561403,0.010416666666666666,0.010416666666666666,0.010416666666666666,0.013888888888888888,0.013888888888888888,0.013888888888888888,0.025219298245614034,0.027046783625730996,0.17744883040935674,1.0
0.0,0.0,0.0,0.0,0.0,0.0,0.0,0.0,0.0,0.0,0.0,0.0,0.0,0.0,0.0,0.0,0.0,0.0,0.0,0.0,0.0,0.000992063492063492,0.000992063492063492,0.000992063492063492,0.000992063492063492,0.000992063492063492,0.001984126984126984,0.002976190476190476,0.005555555555555556,0.008531746031746031,0.011111111111111112,0.013095238095238096,0.013888888888888888,0.013888888888888888,0.013888888888888888,0.0,0.0,0.0,0.000992063492063492,0.001984126984126984,0.001984126984126984,0.0,0.009523809523809523,0.011111111111111112,0.0,0.0,0.0,0.027579365079365082,0.020833333333333332,0.5027777777777778,2.0
0.0,0.0,0.0,0.0,0.0,0.0,0.0,0.0,0.0,0.0,0.0,0.0,0.0,0.0,0.0,0.0,0.0,0.0011261261261261261,0.0011261261261261261,0.007536382536382537,0.016666666666666666,0.0,0.0,0.0,0.0022522522522522522,0.006410256410256411,0.0,0.0,0.018224474474474475,0.0418081543081543,0.021202452452452458,0.02205715330715331,0.0,0.0,0.0,0.0,0.0,0.0,0.0,0.007536382536382537,0.006410256410256411,0.0,0.07643653268653268,0.05172672672672673,0.0,0.0,0.0,0.10923567798567797,0.0,0.19357771232771234,3.0
0.0,0.0,0.0,0.0,0.0,0.0,0.0,0.0,0.0,0.0,0.0,0.0,0.0,0.0,0.0,0.0,0.0,0.0,0.0,0.0,0.0,0.0,0.0,0.001937984496124031,0.0,0.0,0.0,0.001937984496124031,0.016284748842888375,0.001937984496124031,0.016284748842888375,0.003968253968253968,0.0,0.0,0.0,0.0,0.0,0.0,0.001937984496124031,0.0,0.05432692307692308,0.0,0.020702892069171138,0.016284748842888375,0.0,0.0,0.0,0.056933973649089926,0.0,0.5574617727234006,4.0
0.0,0.0,0.0,0.0,0.0,0.0,0.0,0.0,0.0,0.0,0.0,0.0,0.0,0.0,0.013888888888888888,0.0375,0.0375,0.0,0.001366120218579235,0.001366120218579235,0.0375,0.0,0.0,0.001366120218579235,0.001366120218579235,0.004098360655737705,0.0,0.001366120218579235,0.00273224043715847,0.026297814207650275,0.00273224043715847,0.00273224043715847,0.0,0.0,0.0,0.0,0.0,0.0,0.0,0.00273224043715847,0.00273224043715847,0.0,0.029030054644808744,0.004098360655737705,0.0,0.0,0.0,0.031762295081967214,0.0,0.34116575591985426,5.0
0.0,0.0,0.0,0.0,0.0,0.0,0.0,0.0,0.0,0.0,0.0,0.0012077294685990338,0.0012077294685990338,0.0012077294685990338,0.0,0.0,0.0,0.0012077294685990338,0.0,0.0,0.0,0.0024154589371980675,0.003472222222222222,0.0029438405797101446,0.0024154589371980675,0.0036231884057971015,0.005359299516908212,0.005359299516908212,0.004830917874396135,0.006567028985507247,0.004830917874396135,0.0012077294685990338,0.0,0.0,0.0,0.0,0.0,0.0,0.001736111111111111,0.004679951690821256,0.014190821256038646,0.016666666666666666,0.0152475845410628,0.012303743961352656,0.0,0.0,0.0,0.028608091787439616,0.0,0.35871074879227055,6.0
0.0,0.0,0.0,0.0,0.0,0.0,0.0,0.0,0.0,0.001984126984126984,0.006410256410256411,0.0,0.0,0.001984126984126984,0.006410256410256411,0.0,0.0,0.0,0.001984126984126984,0.003968253968253968,0.006410256410256411,0.003968253968253968,0.001984126984126984,0.001984126984126984,0.011111111111111112,0.001984126984126984,0.008134920634920636,0.0,0.003968253968253968,0.01736111111111111,0.001984126984126984,0.007936507936507936,0.0,0.0,0.0,0.0,0.0,0.0,0.0,0.0,0.024999999999999998,0.0,0.04301739926739926,0.018513431013431014,0.0,0.0,0.0,0.06351495726495728,0.0,0.26038614163614165,7.0
0.0,0.0,0.0,0.0,0.0,0.0,0.0,0.0,0.020833333333333332,0.0,0.0,0.0,0.0,0.0,0.0,0.0,0.0,0.0,0.0,0.0,0.027243589743589744,0.0021929824561403508,0.0,0.0,0.0021929824561403508,0.0021929824561403508,0.0021929824561403508,0.0,0.02431961313540261,0.02046783625730994,0.017740665766981554,0.0,0.0,0.0,0.0,0.0,0.0,0.0,0.010416666666666666,0.012609649122807017,0.03135964912280701,0.0,0.033822537112010796,0.024685110211425998,0.0,0.0,0.0,0.08628542510121458,0.0,0.348110661268556,8.0
0.0,0.0,0.0,0.016666666666666666,0.016666666666666666,0.016666666666666666,0.016666666666666666,0.016666666666666666,0.0,0.005952380952380952,0.0,0.0,0.0,0.0,0.0,0.0,0.0,0.0,0.0,0.0,0.0,0.0,0.0026041666666666665,0.0,0.0026041666666666665,0.016666666666666666,0.005952380952380952,0.0,0.013764880952380952,0.0026041666666666665,0.005208333333333333,0.0,0.0,0.0,0.0,0.0,0.0,0.0,0.0,0.019270833333333334,0.048660714285714286,0.0,0.0078125,0.005208333333333333,0.0,0.0,0.0,0.01636904761904762,0.0,0.4306547619047619,9.0
0.0,0.0,0.0,0.0,0.0,0.0,0.0,0.0,0.0,0.0,0.0,0.0,0.0,0.0,0.0375,0.0,0.0,0.0,0.0,0.0,0.0,0.0,0.0026041666666666665,0.0,0.024980709876543206,0.006751543209876543,0.0,0.0,0.006751543209876543,0.008294753086419753,0.004147376543209877,0.0,0.0,0.0,0.0,0.0,0.0,0.0,0.004147376543209877,0.013503086419753086,0.022183641975308643,0.0,0.03742283950617284,0.0015432098765432098,0.0,0.0,0.0,0.06491126543209876,0.0,0.43192515432098766,10.0
0.0,0.0,0.0,0.0,0.0,0.0,0.0,0.0,0.0,0.0,0.0,0.0,0.0,0.0,0.0,0.0,0.0033333333333333335,0.0,0.0,0.0,0.0033333333333333335,0.0,0.0033333333333333335,0.0,0.0033333333333333335,0.0,0.0,0.0,0.0,0.0036231884057971015,0.006666666666666667,0.006666666666666667,0.0,0.0,0.0,0.0,0.0,0.0,0.0,0.0033333333333333335,0.015925925925925927,0.0,0.028079710144927536,0.0033333333333333335,0.0,0.0,0.0,0.06615942028985507,0.0,0.2695450885668277,11.0
0.0,0.0,0.0,0.0,0.0,0.0,0.0,0.0,0.0,0.0,0.0,0.0,0.0,0.0,0.0,0.0,0.0,0.0,0.0,0.009259259259259259,0.005555555555555556,0.0,0.0,0.003968253968253968,0.0,0.0,0.0,0.003968253968253968,0.0,0.0033333333333333335,0.0,0.0033333333333333335,0.0,0.0,0.0,0.0,0.0,0.0,0.003968253968253968,0.0,0.0,0.0,0.023333333333333334,0.02,0.0,0.0,0.0,0.0986060236060236,0.0,0.4913410663410663,12.0
0.010416666666666666,0.010416666666666666,0.010416666666666666,0.0,0.0,0.0,0.0,0.0,0.0,0.0,0.0,0.0,0.0,0.0,0.0,0.0,0.0,0.0,0.0,0.0,0.010416666666666666,0.0,0.0,0.0,0.0,0.0,0.0,0.0,0.0,0.0,0.0,0.0,0.0,0.0,0.0,0.0,0.0,0.0,0.0,0.0,0.0,0.0,0.0,0.0,0.0,0.0,0.0,0.0,0.0,0.20833333333333334,13.0
