gos,csi,ecs,sis,jcs,isi,ois,gsi,sii,shs,jsc,igg,iii,shh,ssh,ggg,chs,sch,ssc,scs,iis,gis,ess,css,sgi,gii,sjs,ssj,gsj,sgs,ggs,gsg,ssg,hss,sgg,iss,oss,jss,gss,sss,TimeFactor
0.0,0.0,0.0,0.0,0.0,0.0,0.0,0.0,0.0,0.0,0.0,0.0,0.0,0.0,0.0,0.0,0.0,0.0,0.0,0.0,0.0,0.0,0.0,0.0,0.0,0.0,0.0,0.0,0.0,0.005555555555555556,0.006944444444444444,0.012499999999999999,0.013888888888888888,0.013888888888888888,0.020833333333333332,0.021759259259259256,0.027777777777777776,0.041666666666666664,0.04351851851851851,0.625,1.0
0.0,0.0,0.0,0.0,0.0,0.0,0.0,0.0,0.0,0.0,0.0,0.0,0.0,0.0,0.0,0.0,0.0,0.0,0.0,0.0,0.0,0.0,0.0,0.0,0.0025252525252525255,0.0025252525252525255,0.005555555555555556,0.005555555555555556,0.005555555555555556,0.0025252525252525255,0.0,0.005050505050505051,0.0,0.0,0.0025252525252525255,0.02567340067340067,0.0,0.04027777777777778,0.07138047138047138,0.4975168350168351,2.0
0.0,0.0,0.0,0.0,0.0,0.0,0.0,0.0,0.0,0.0,0.0,0.0,0.0,0.0,0.0,0.0,0.0,0.0,0.0,0.0,0.0,0.001851851851851852,0.003472222222222222,0.006944444444444444,0.0,0.0,0.0,0.0,0.0,0.0,0.0,0.0,0.0,0.0,0.0,0.022685185185185183,0.0,0.0,0.07615740740740741,0.6388888888888887,3.0
0.0,0.0,0.0,0.0,0.0,0.0,0.0,0.0,0.0,0.0,0.0,0.0,0.0,0.0,0.0,0.0,0.0,0.0,0.0,0.0,0.003472222222222222,0.0,0.0,0.007440476190476189,0.0,0.003472222222222222,0.0,0.0,0.0,0.0,0.003472222222222222,0.0,0.003472222222222222,0.02711640211640212,0.003472222222222222,0.035648148148148144,0.0,0.0,0.08594576719576719,0.6598214285714284,4.0
0.0,0.0,0.0,0.0,0.0,0.0,0.0,0.0,0.0,0.0,0.0,0.0,0.0,0.0,0.0,0.0,0.0,0.0,0.013888888888888888,0.013888888888888888,0.027777777777777776,0.0,0.0,0.013888888888888888,0.0,0.0,0.0,0.0,0.0,0.0,0.0,0.0,0.0,0.0,0.0,0.03125,0.0,0.027777777777777776,0.024305555555555556,0.2638888888888889,5.0
0.0,0.0,0.0,0.0,0.0,0.0,0.0,0.0,0.0,0.0,0.0,0.001851851851851852,0.001851851851851852,0.0021367521367521365,0.0021367521367521365,0.003703703703703704,0.009259259259259259,0.009259259259259259,0.0,0.0,0.001851851851851852,0.0,0.0,0.0,0.0,0.0,0.0,0.0,0.0,0.001851851851851852,0.003703703703703704,0.001851851851851852,0.001851851851851852,0.011396011396011395,0.001851851851851852,0.017236467236467237,0.006944444444444444,0.027777777777777776,0.0521011396011396,0.5080484330484331,6.0
0.0,0.0,0.0,0.0,0.0,0.0,0.0,0.0,0.0,0.0,0.0,0.0,0.0,0.0,0.0,0.0,0.0,0.0,0.0,0.0,0.0,0.0,0.0,0.009259259259259259,0.0,0.0,0.0,0.0,0.0,0.0,0.0,0.0,0.0,0.0,0.0,0.09027777777777778,0.0,0.0,0.03935185185185185,0.5277777777777778,7.0
0.0,0.0,0.0,0.0,0.0,0.0,0.0,0.003472222222222222,0.003472222222222222,0.009259259259259259,0.027777777777777776,0.0,0.003472222222222222,0.0,0.009259259259259259,0.0,0.0,0.0,0.0,0.027777777777777776,0.0,0.0,0.0,0.041666666666666664,0.0,0.0,0.0,0.0,0.0,0.0,0.005555555555555556,0.0,0.0,0.009259259259259259,0.0,0.009027777777777779,0.0,0.0,0.0861111111111111,0.4305555555555555,8.0
0.0,0.0,0.0,0.0,0.0,0.0,0.0,0.0,0.0,0.0,0.0,0.0,0.0,0.0,0.0,0.0,0.0,0.0,0.0,0.0,0.0,0.0,0.0,0.0462962962962963,0.0,0.0,0.0,0.0,0.0,0.006944444444444444,0.0,0.006944444444444444,0.0,0.0,0.0,0.0,0.018518518518518517,0.020833333333333332,0.006944444444444444,0.4768518518518518,9.0
0.0,0.0,0.0,0.0,0.0,0.0021367521367521365,0.0021367521367521365,0.0,0.0021367521367521365,0.0,0.0,0.0,0.0,0.0,0.0021367521367521365,0.0,0.0,0.0,0.0,0.0,0.0,0.004273504273504273,0.0,0.0,0.0,0.0,0.0,0.0,0.0,0.0,0.006410256410256411,0.004273504273504273,0.0021367521367521365,0.0,0.006410256410256411,0.008547008547008546,0.0,0.06944444444444443,0.06623931623931624,0.407051282051282,10.0
0.0,0.0,0.0,0.0,0.009259259259259259,0.0,0.0,0.0,0.0,0.0,0.0,0.0,0.0,0.0,0.0,0.0,0.0,0.0,0.0,0.0,0.0,0.0,0.0,0.0462962962962963,0.0,0.0,0.0,0.0,0.0,0.0,0.0,0.0,0.0,0.0,0.0,0.032407407407407406,0.0,0.0,0.13114478114478115,0.6142255892255893,11.0
0.0,0.003968253968253968,0.003968253968253968,0.027777777777777776,0.0,0.0,0.0,0.0,0.003968253968253968,0.0,0.0,0.0,0.0,0.0,0.0,0.0,0.0,0.0,0.0,0.0,0.0,0.0,0.0,0.0,0.0,0.0,0.0,0.0,0.0,0.0,0.0,0.0,0.0,0.0,0.0,0.06349206349206349,0.0,0.041666666666666664,0.0818001443001443,0.523358585858586,12.0
0.003472222222222222,0.0,0.0,0.0,0.0,0.0,0.0,0.0,0.0,0.0,0.0,0.0,0.0,0.0,0.0,0.0,0.0,0.0,0.0,0.0,0.0,0.0,0.0,0.03125,0.0,0.0,0.0,0.0,0.0,0.0,0.0,0.0,0.0,0.0,0.0,0.013888888888888888,0.003472222222222222,0.01736111111111111,0.024305555555555552,0.4895833333333333,13.0
