jg,so,cg,og,jo,se,gh,oi,jh,io,ih,ic,hg,gi,sh,sj,ig,gg,jc,es,sg,ce,ci,ii,ji,sc,os,si,hs,js,cs,is,gs,ss,TimeFactor
0.0,0.0,0.0,0.0,0.0,0.0,0.0,0.0,0.0,0.0,0.0,0.0,0.0,0.0,0.0,0.0,0.0,0.0,0.0008012820512820514,0.0010162601626016261,0.0012626262626262627,0.0014367816091954023,0.0014367816091954023,0.0022380636604774538,0.0023148148148148147,0.002453041771797028,0.0031204906204906208,0.004048035298035298,0.023319375686560995,0.03491019060230543,0.05178548530210251,0.05718216888952563,0.11748765219029196,0.6951869494686975,1.0
0.0,0.0,0.0,0.0,0.0,0.0,0.0,0.0,0.0,0.0,0.0,0.0007062146892655367,0.0007062146892655367,0.0008680555555555555,0.0012692777523285999,0.0014367816091954023,0.0015742702448210922,0.0018419826431358844,0.0,0.00045787545787545793,0.00658914560826349,0.0,0.0,0.0,0.0,0.0,0.008840283229947336,0.000429553264604811,0.009267234726665505,0.03699301489218203,0.047901862606827515,0.05749076542931205,0.15084735693388843,0.6727801106668658,2.0
0.0,0.0,0.0,0.0,0.0,0.0,0.0,0.0,0.0,0.0,0.0,0.0,0.0,0.00043402777777777775,0.0,0.0006313131313131314,0.00043402777777777775,0.001736111111111111,0.0,0.0006830601092896175,0.012436222786059124,0.0,0.000925925925925926,0.0007861635220125786,0.0,0.0,0.0024077868852459016,0.0036952205533792725,0.0014923782112781154,0.007882168232754954,0.01230530548757701,0.04724939069611453,0.1684604641763492,0.738440433616034,3.0
0.0,0.0,0.0,0.0,0.0,0.0,0.0,0.0,0.0,0.0,0.000641025641025641,0.0,0.0,0.0,0.0006127450980392157,0.001956831119544592,0.0,0.0007183908045977011,0.0,0.0022596228767336763,0.008323190453474226,0.0,0.0,0.0,0.0,0.0,0.004079382761621009,0.003685350615531026,0.008173939110331022,0.025506075468162793,0.022181353943946186,0.05878948550089088,0.18181007828474768,0.6812625283213544,4.0
0.0,0.0,0.0,0.0,0.0,0.0,0.0,0.0,0.0,0.0,0.0,0.0,0.0,0.0,0.0,0.0,0.0,0.0,0.0,0.0005868544600938967,0.0,0.0,0.0,0.0,0.0,0.007688492063492063,0.00607893450635386,0.0027040956926852604,0.009847562289324879,0.09719496911226878,0.022649544865800175,0.04807220963268998,0.08453711026698807,0.6373068937769696,5.0
0.0,0.0,0.0,0.0,0.0,0.0,0.0,0.0,0.0,0.000946969696969697,0.0,0.0,0.0,0.0005952380952380952,0.0,0.0,0.0005952380952380952,0.002106227106227106,0.0,0.007836424196718315,0.0056313615696608026,0.0,0.0,0.00030637254901960784,0.0,0.0,0.001893939393939394,0.0024448205208009127,0.008861236802413274,0.034280948677794375,0.019014164354637497,0.0519033920675012,0.14382115350785427,0.7197625133659874,6.0
0.0,0.0,0.0,0.0,0.0,0.00034722222222222224,0.00040453074433656954,0.00040453074433656954,0.000641025641025641,0.0,0.0,0.0,0.0,0.00034722222222222224,0.0005868544600938967,0.0,0.0027996554608898574,0.00034722222222222224,0.0,0.0010599415204678362,0.0018417253404848881,0.0,0.0,0.0011562837108953612,0.0,0.00040453074433656954,0.005481034354273791,0.004112124166735817,0.009713910263001951,0.02026138109314801,0.011107060189585488,0.038344057985594614,0.17144080513651863,0.7291988817776077,7.0
0.0,0.0,0.0,0.0,0.0011261261261261261,0.0,0.0,0.0,0.0,0.0,0.0,0.0,0.0,0.0,0.0009346282372598161,0.0,0.0,0.0,0.0,0.002043781346050335,0.0047764393893734445,0.0,0.0,0.0,0.0,0.0011261261261261261,0.004137987813360948,0.003977272727272728,0.002670792996623797,0.028342321346154695,0.02251511449528215,0.05120214451227711,0.18161868222961067,0.695528582654482,8.0
0.0,0.0,0.0,0.0,0.0,0.0,0.0,0.00048449612403100775,0.0,0.0,0.0,0.0,0.0,0.0006510416666666666,0.0,0.0,0.0,0.0,0.0,0.00048449612403100775,0.0,0.0,0.0,0.0006510416666666666,0.0,0.0,0.004529062668597552,0.0,0.00857709796663285,0.06428362698348163,0.027316258112042996,0.04468086520230416,0.08998215729683752,0.6750265228553746,9.0
0.0,0.0,0.00037537537537537537,0.0015432098765432098,0.0,0.0,0.0,0.0,0.0,0.0,0.0,0.0,0.0,0.0012839433293978747,0.0003443526170798898,0.0,0.0003443526170798898,0.0012626262626262627,0.0,0.005366161616161616,0.0014394559849105302,0.0,0.0,0.0,0.0,0.0,0.0006887052341597796,0.002896585668942388,0.014116923972614026,0.04493282044438993,0.01471202515236606,0.05253661841071261,0.14369353134072335,0.7144633120969172,10.0
0.0,0.0,0.0,0.0,0.0,0.0,0.0,0.0,0.0,0.0,0.0,0.0,0.0,0.0022178342490842494,0.0013020833333333333,0.0,0.0,0.003481359649122807,0.0,0.0,0.005676421209509445,0.0,0.0,0.0009157509157509159,0.0,0.0,0.0023845671871987662,0.0026041666666666665,0.001986371471665589,0.01220979662107758,0.013783171163202122,0.045789077945618185,0.204012168548256,0.7036372310395144,11.0
0.0,0.0,0.0,0.0,0.0,0.0,0.0,0.0,0.000992063492063492,0.0,0.0,0.0,0.0,0.0,0.0017215219421101774,0.0,0.0005630630630630631,0.0,0.0,0.0032692307692307695,0.0038397115602997957,0.0,0.0,0.0,0.0,0.0,0.0071662571662571665,0.0023076259489302965,0.006190182331823199,0.016409772442717654,0.009874126456943794,0.06711287683608992,0.18207347975200308,0.6984800882384675,12.0
0.0010683760683760683,0.006442053317053317,0.0,0.0,0.0,0.0,0.0,0.004629629629629629,0.0,0.0,0.0,0.0,0.0,0.0,0.0,0.0,0.0,0.0,0.0,0.0,0.004435107376283847,0.0,0.0,0.0,0.0,0.0,0.0084487271987272,0.0008503401360544217,0.022371886788903592,0.07179364267074352,0.05207210117924404,0.052615753955039674,0.0740337422847927,0.7012386393951521,13.0
