js,sg,es,gs,os,is,ss,TimeFactor
0.0,0.0,0.0,0.0,0.0,0.016666666666666666,0.06666666666666667,1.0
0.0,0.0,0.0,0.0,0.0,0.0,0.0,2.0
0.0,0.0,0.0,0.0,0.0,0.0,0.0,3.0
0.0,0.0,0.0,0.0,0.0,0.0,0.08333333333333333,4.0
0.0,0.0,0.0,0.0,0.0,0.0,0.0,5.0
0.0,0.0,0.0,0.0,0.016666666666666666,0.0,0.06666666666666667,6.0
0.0,0.0,0.0,0.030555555555555558,0.0,0.030555555555555558,0.35555555555555557,7.0
0.0,0.016666666666666666,0.016666666666666666,0.016666666666666666,0.0,0.0,0.11666666666666665,8.0
0.0,0.0,0.0,0.013888888888888888,0.0,0.0,0.1527777777777778,9.0
0.013888888888888888,0.0,0.0,0.0,0.0,0.0,0.1527777777777778,10.0
0.0,0.0,0.0,0.0,0.016666666666666666,0.0,0.15,11.0
0.0,0.0,0.0,0.016666666666666666,0.0,0.0,0.15,12.0
0.0,0.0,0.0,0.0,0.0,0.0,0.08333333333333333,13.0
