eo,hc,cg,eh,jg,ec,ee,jo,jh,hg,cc,ce,oi,gc,ei,hh,oc,ch,eg,jc,gh,gj,oh,ic,es,ih,io,ge,og,hj,ij,oj,go,sh,se,so,ie,ii,sc,js,ci,hi,ig,si,sj,gi,os,gg,cs,sg,hs,ss,is,gs,TimeFactor
0.0,0.0,0.0,0.0,0.0,0.0,0.0,0.0,0.0,0.0,0.0,0.0,0.0,0.0,0.0,0.0,0.0,0.0,0.0,0.0,0.0,0.0,0.0,0.0,0.0,0.000980392156862745,0.000980392156862745,0.000980392156862745,0.000980392156862745,0.0010040160642570282,0.0010040160642570282,0.0016025641025641027,0.0016025641025641027,0.0017730496453900709,0.0017730496453900709,0.002247797158784391,0.002777777777777778,0.0037817938420348063,0.004236660473372025,0.004619394842481537,0.004866631337219572,0.005524675582815118,0.005718954248366014,0.00676873791433527,0.011340276251356965,0.012675070028011203,0.01324196331609983,0.022327132969606086,0.02618749744249436,0.02920445820301332,0.04653726934956771,0.15852311024676352,0.24920501715640575,0.3775349536076214,1.0
0.0,0.0,0.0,0.0,0.0,0.0,0.0,0.0,0.0,0.0,0.0,0.0,0.0,0.0,0.0011904761904761904,0.001366120218579235,0.001366120218579235,0.0014124293785310734,0.0014124293785310734,0.0014367816091954023,0.001736111111111111,0.0020325203252032522,0.00273224043715847,0.002802901827774637,0.011658851206265001,0.0,0.0,0.0,0.001366120218579235,0.0,0.0,0.0,0.0,0.0021367521367521365,0.006532356532356533,0.001366120218579235,0.0032229965156794424,0.005652112815501113,0.002909330095122445,0.0022522522522522522,0.0,0.0,0.0032229965156794424,0.015216128987287192,0.0011904761904761904,0.01431286639495388,0.008413586641045658,0.024499000605960896,0.024944947193863722,0.03529631913686338,0.011713006216354302,0.16753358982711983,0.18218048470302506,0.4568915749011435,2.0
0.0,0.0,0.0,0.0,0.0,0.0,0.0,0.0,0.0,0.0,0.0,0.0,0.0020325203252032522,0.0026041666666666665,0.0,0.0,0.0,0.0,0.010416666666666666,0.007019927536231884,0.0,0.0,0.0,0.0,0.025046764155517626,0.0,0.0,0.0,0.0,0.0,0.0,0.0,0.0,0.0,0.0,0.006410256410256411,0.0,0.0,0.0032051282051282055,0.003968253968253968,0.0,0.0,0.008547008547008546,0.03345439282939283,0.005924630924630925,0.016237065779748705,0.019471509181875037,0.016572324273526864,0.040369919346589546,0.023121399069031115,0.0662106429272389,0.13078798275061757,0.20788970816680594,0.37070973226960935,3.0
0.0,0.0,0.0,0.0,0.0,0.0,0.0,0.0,0.0026041666666666665,0.0026041666666666665,0.003968253968253968,0.005208333333333333,0.0028735632183908046,0.0,0.0026041666666666665,0.0,0.0,0.000946969696969697,0.0,0.0,0.0,0.000946969696969697,0.0,0.000946969696969697,0.012863685736026162,0.0,0.0,0.0,0.000946969696969697,0.0,0.0,0.0,0.0,0.009112064796905224,0.006040131040131041,0.011321660756501184,0.0026041666666666665,0.03435019841269841,0.009196696696696696,0.0046466128637808754,0.0,0.020833333333333332,0.033023049645390073,0.029810116744957173,0.005208333333333333,0.008160058027079304,0.04924028695695056,0.007139211261551687,0.03700225359708118,0.02489489307973351,0.05642000738983497,0.1523644201503244,0.23644344681922633,0.22567484338394095,4.0
0.0,0.0,0.0,0.0,0.0,0.010416666666666666,0.010416666666666666,0.041666666666666664,0.0,0.0,0.0,0.0,0.0,0.0,0.0,0.0,0.0,0.0,0.0,0.0,0.0,0.0,0.0,0.0,0.021412037037037035,0.0,0.0,0.0,0.0,0.0,0.0,0.0,0.041666666666666664,0.004901960784313725,0.0,0.0,0.009259259259259259,0.03125,0.0,0.0,0.0,0.0,0.027777777777777776,0.03009259259259259,0.020833333333333332,0.0,0.040359477124183,0.0,0.034027777777777775,0.044444444444444446,0.025779809787162728,0.20863027903469078,0.14669850846321433,0.1670327425842132,5.0
0.0,0.0,0.0026041666666666665,0.006944444444444444,0.010416666666666666,0.0,0.006944444444444444,0.0,0.0,0.0,0.0,0.0,0.0,0.0,0.0,0.0,0.004901960784313725,0.0,0.0,0.0,0.0,0.0,0.0,0.0,0.0345736779560309,0.0,0.0,0.0,0.0,0.0,0.0,0.0,0.004901960784313725,0.007575757575757576,0.004629629629629629,0.0,0.0,0.0,0.08796296296296297,0.013888888888888888,0.0,0.0,0.0,0.01710734798970093,0.004629629629629629,0.0,0.02348661686896981,0.004629629629629629,0.004985119047619047,0.007506127450980392,0.014178240740740741,0.23910012237218117,0.14269060528251704,0.2730086668505786,6.0
0.0,0.004166666666666667,0.0,0.0,0.0,0.0,0.0,0.0,0.0,0.0,0.0,0.0,0.0,0.0026041666666666665,0.0,0.0,0.0,0.0,0.0,0.0,0.0,0.0,0.0,0.0,0.02189858383342426,0.0,0.0,0.0,0.005555555555555556,0.0,0.0,0.0,0.0,0.0,0.0,0.0026041666666666665,0.005555555555555556,0.003703703703703704,0.0017730496453900709,0.007945889151562911,0.0,0.007407407407407408,0.009101654846335697,0.00842911877394636,0.0030864197530864196,0.005555555555555556,0.0445965960261173,0.006711321250328343,0.006498464715632728,0.032869984085044573,0.02280092592592593,0.200264345320351,0.23150445834085043,0.3653664105542261,7.0
0.020833333333333332,0.0,0.0,0.0,0.020833333333333332,0.0,0.0,0.0,0.0,0.0,0.0,0.0,0.0,0.002976190476190476,0.0,0.0,0.0,0.0,0.0026881720430107525,0.0,0.0,0.0,0.0,0.0,0.04128904249871992,0.0,0.0,0.0,0.0,0.0,0.0,0.0,0.0,0.0,0.0,0.0,0.0,0.0,0.0,0.0,0.0,0.0,0.0,0.02272785458269329,0.0,0.008928571428571428,0.011904761904761904,0.008640552995391704,0.014592933947772656,0.06280721966205836,0.11998314558798429,0.28513398190817546,0.1589627069465779,0.21769819935142518,8.0
0.0,0.0,0.0,0.0,0.0,0.0,0.0,0.0,0.0,0.0,0.0,0.0,0.0,0.0,0.0,0.0,0.0,0.0,0.0,0.0,0.0,0.0,0.0,0.0,0.02411014911014911,0.0,0.0,0.0,0.011904761904761904,0.0,0.0,0.0,0.0,0.012205387205387205,0.0,0.0,0.0,0.0,0.025793650793650796,0.0,0.0,0.0,0.007575757575757576,0.02023809523809524,0.0,0.007575757575757576,0.04867724867724867,0.0,0.036904761904761905,0.06851851851851852,0.04431216931216931,0.23506493506493506,0.19315776815776817,0.1806277056277056,9.0
0.0,0.0,0.0,0.0,0.0,0.0,0.0,0.0,0.0,0.0,0.0,0.0,0.0,0.0,0.0,0.0,0.0,0.0,0.0,0.0,0.0,0.0,0.0,0.0,0.005555555555555556,0.0,0.0,0.0,0.0,0.0,0.0,0.0,0.0,0.0,0.013888888888888888,0.0,0.0,0.0,0.013888888888888888,0.0,0.0,0.0,0.016666666666666666,0.019812091503267973,0.005555555555555556,0.0,0.017810457516339872,0.0,0.030555555555555555,0.05896464646464647,0.051736111111111115,0.24400623885918005,0.1326370320855615,0.30558897801544865,10.0
0.0,0.0,0.0,0.0,0.0,0.0030864197530864196,0.0,0.0,0.0,0.004166666666666667,0.0,0.0,0.020833333333333332,0.0030864197530864196,0.0,0.0,0.0,0.0,0.0,0.0,0.0,0.0,0.0,0.0,0.005016722408026756,0.0,0.0,0.0,0.0,0.0,0.0030864197530864196,0.0,0.0,0.0,0.0,0.007954545454545455,0.0,0.0,0.0030864197530864196,0.01388888888888889,0.0030864197530864196,0.0,0.0,0.023276240667545012,0.0,0.007367149758454106,0.05599585599585599,0.011607622114868493,0.01865881032547699,0.024610842726784755,0.0608266331092418,0.2473936691327996,0.17328065117920188,0.30969026947287814,11.0
0.0,0.0,0.0,0.0,0.007575757575757576,0.0,0.0,0.0,0.0,0.0,0.0,0.0,0.0,0.0,0.0,0.0,0.0,0.0,0.0,0.0,0.0,0.0,0.0,0.0,0.05184659090909091,0.0,0.0,0.0,0.0,0.0,0.0,0.0,0.0,0.0,0.0,0.0,0.0,0.0026041666666666665,0.015873015873015872,0.011904761904761904,0.0,0.0,0.049479166666666664,0.006410256410256411,0.0026041666666666665,0.0,0.06971327283827283,0.005208333333333333,0.02182539682539682,0.044196428571428574,0.026709401709401708,0.3131489459614459,0.14941713379213378,0.2214832042957043,12.0
0.0,0.0,0.0,0.0,0.0,0.0,0.0,0.0,0.0,0.0,0.0,0.0,0.0,0.0,0.0,0.0,0.0,0.0,0.0,0.0,0.0,0.0,0.0,0.0,0.03968253968253968,0.0,0.0,0.008333333333333333,0.03535353535353535,0.0,0.0,0.0,0.0,0.0,0.036111111111111115,0.0,0.0,0.0,0.008333333333333333,0.0,0.0,0.0,0.011904761904761904,0.007575757575757576,0.011904761904761904,0.0,0.08921957671957671,0.023809523809523808,0.021464646464646464,0.08333333333333333,0.015277777777777779,0.28390452140452144,0.06538600288600288,0.25840548340548336,13.0
