es,se,so,sj,jj,sc,cs,os,js,gi,hs,ig,gg,sg,ii,si,is,gs,ss,TimeFactor
0.0,0.0,0.0,0.0,0.0,0.0,0.0,0.0,0.0,0.006410256410256411,0.008333333333333333,0.016666666666666666,0.030849358974358976,0.0327724358974359,0.03974358974358975,0.041666666666666664,0.046875,0.05900106837606837,0.21768162393162394,1.0
0.0,0.0,0.0,0.0,0.0,0.0,0.0,0.0,0.0,0.0,0.004166666666666667,0.0,0.10625143777317692,0.06073153899240855,0.0,0.04900793650793652,0.05263112491373362,0.09266160570508396,0.21788302277432714,2.0
0.0,0.0,0.0,0.0,0.0,0.0,0.0,0.003472222222222222,0.013888888888888888,0.0017730496453900709,0.0033333333333333335,0.008865248226950355,0.012411347517730495,0.0070921985815602835,0.008865248226950355,0.005319148936170213,0.013749999999999998,0.05148049645390071,0.7030821513002362,3.0
0.0,0.0,0.0,0.0,0.0,0.0,0.0,0.016666666666666666,0.0,0.008333333333333333,0.0,0.0,0.013888888888888888,0.009259259259259259,0.0,0.009259259259259259,0.03326210826210826,0.04715099715099715,0.36217948717948717,4.0
0.0,0.0,0.0,0.0,0.0,0.016666666666666666,0.025000000000000005,0.0,0.0,0.0,0.0,0.0,0.0,0.0,0.016666666666666666,0.016666666666666666,0.041666666666666664,0.0,0.13333333333333333,5.0
0.0,0.0,0.0,0.0,0.0,0.0,0.0,0.0,0.0,0.0,0.0,0.0,0.041666666666666664,0.010416666666666666,0.0,0.0,0.0,0.027083333333333334,0.1708333333333333,6.0
0.0,0.0,0.0,0.0,0.005208333333333333,0.0,0.0,0.0,0.005208333333333333,0.0,0.0,0.0,0.027083333333333334,0.035763888888888894,0.0,0.0,0.0,0.07777777777777778,0.3489583333333333,7.0
0.0,0.0,0.0,0.008333333333333333,0.0,0.0,0.0,0.0,0.008333333333333333,0.0,0.0,0.0,0.0,0.0,0.0,0.0,0.02369281045751634,0.004901960784313725,0.28807189542483663,8.0
0.0,0.0,0.0,0.0,0.0,0.0,0.007575757575757576,0.009259259259259259,0.0,0.0,0.0,0.0,0.0,0.0,0.0,0.0,0.0,0.008333333333333333,0.30816498316498314,9.0
0.0,0.0,0.0,0.0,0.0,0.0,0.0,0.016666666666666666,0.0,0.0,0.0,0.0,0.016666666666666666,0.016666666666666666,0.0,0.0,0.0,0.0,0.19999999999999998,10.0
0.0,0.0,0.0,0.0,0.0,0.0,0.016666666666666666,0.016666666666666666,0.0,0.0,0.0,0.0,0.0,0.013888888888888888,0.0,0.0,0.0,0.013888888888888888,0.18888888888888888,11.0
0.0,0.0,0.0,0.0,0.0,0.0,0.0,0.0,0.0,0.0,0.013888888888888888,0.0,0.0,0.0,0.0,0.0,0.0,0.0,0.23611111111111113,12.0
0.009259259259259259,0.009259259259259259,0.016666666666666666,0.0,0.0,0.0,0.0,0.016666666666666666,0.0,0.0,0.0,0.0,0.0,0.016666666666666666,0.0,0.0,0.0,0.016666666666666666,0.24814814814814815,13.0
