go,hi,jj,jo,ji,gc,oo,ci,ee,se,so,ig,hc,oc,gg,es,sj,ic,cc,gi,sc,hs,hh,sh,ii,js,os,sg,si,cs,gs,is,ss,TimeFactor
0.0,0.0,0.0,0.0,0.0,0.0,0.0,0.0,0.0,0.0,0.0,0.0,0.0,0.002777777777777778,0.002777777777777778,0.005555555555555556,0.005555555555555556,0.006944444444444444,0.006944444444444444,0.006944444444444444,0.006944444444444444,0.008597883597883597,0.011111111111111112,0.011111111111111112,0.013888888888888888,0.01507936507936508,0.015277777777777777,0.015343915343915342,0.016666666666666666,0.029166666666666664,0.08234126984126984,0.09583333333333334,0.6411375661375661,1.0
0.0,0.0,0.0,0.0,0.0,0.0,0.0,0.0,0.0,0.0,0.0,0.001736111111111111,0.005555555555555556,0.006944444444444444,0.019675925925925927,0.001736111111111111,0.009259259259259259,0.0,0.001736111111111111,0.0023148148148148147,0.007291666666666666,0.02683080808080808,0.0,0.0,0.0,0.016203703703703703,0.004261363636363636,0.027199074074074073,0.006944444444444444,0.0353956228956229,0.11289983164983165,0.03792087542087542,0.5094276094276093,2.0
0.0,0.0,0.0,0.0,0.0,0.0,0.0,0.0,0.0,0.0,0.0,0.0060457516339869274,0.0,0.0,0.0321078431372549,0.0,0.0,0.0,0.0,0.0016339869281045752,0.0,0.0030864197530864196,0.0,0.0,0.007407407407407407,0.0,0.0016339869281045752,0.04028231663035584,0.007407407407407407,0.0,0.2032225853304285,0.034195715323166294,0.4963099128540305,3.0
0.0,0.0,0.0,0.0,0.0,0.0,0.0,0.0,0.0,0.0,0.002777777777777778,0.0,0.0,0.0,0.025883838383838384,0.0,0.0,0.0,0.0025252525252525255,0.0023148148148148147,0.01893939393939394,0.0,0.0,0.0,0.004629629629629629,0.010606060606060605,0.002777777777777778,0.03977272727272727,0.010185185185185184,0.02845117845117845,0.14551767676767677,0.06662457912457913,0.6389941077441077,4.0
0.0,0.0,0.0,0.0,0.0,0.0,0.0,0.0,0.0,0.0,0.0,0.0,0.0,0.0,0.0231990231990232,0.0,0.006944444444444444,0.0,0.0,0.006105006105006104,0.0,0.0,0.0,0.0,0.017857142857142856,0.031746031746031744,0.0,0.012515262515262514,0.003968253968253968,0.006944444444444444,0.06021062271062271,0.0934065934065934,0.570436507936508,5.0
0.0,0.0,0.0,0.0,0.0,0.0,0.013888888888888888,0.013888888888888888,0.013888888888888888,0.013888888888888888,0.013888888888888888,0.0012077294685990338,0.0,0.0,0.02741833448355187,0.0,0.0,0.0,0.001736111111111111,0.006416062801932367,0.01736111111111111,0.001736111111111111,0.001736111111111111,0.001736111111111111,0.021135265700483092,0.029513888888888885,0.004629629629629629,0.03050475423663829,0.03728864734299517,0.03587962962962962,0.08876452150908672,0.0775906276359175,0.5459009086726478,6.0
0.0,0.0,0.0,0.0,0.0,0.003968253968253968,0.0,0.0,0.0,0.0,0.0,0.003703703703703704,0.0,0.0,0.024537037037037038,0.0,0.0,0.003968253968253968,0.001851851851851852,0.006481481481481481,0.007407407407407408,0.003968253968253968,0.0,0.0,0.006481481481481481,0.0,0.0,0.07175925925925926,0.004629629629629629,0.015343915343915342,0.1689153439153439,0.03267195767195767,0.560978835978836,7.0
0.0,0.0,0.0,0.0,0.0016339869281045752,0.0,0.0,0.0,0.0,0.0,0.0,0.0,0.0,0.0,0.014111705288175876,0.0,0.0,0.0,0.0,0.009259259259259259,0.0,0.02941176470588235,0.003472222222222222,0.003472222222222222,0.004901960784313725,0.006944444444444444,0.0,0.030820872119891724,0.004901960784313725,0.02456427015250544,0.13314187627913118,0.07520136000528158,0.6581620948042517,8.0
0.0,0.0,0.0,0.0,0.0,0.0,0.0,0.0,0.0,0.0,0.0,0.0,0.0,0.0,0.013503086419753086,0.0,0.0,0.0,0.0,0.006172839506172839,0.0,0.009027777777777779,0.0,0.003472222222222222,0.0,0.006944444444444444,0.0,0.016589506172839507,0.0,0.006944444444444444,0.0896604938271605,0.06844135802469135,0.5292438271604939,9.0
0.0,0.0,0.0,0.006944444444444444,0.0,0.0,0.0,0.0,0.001736111111111111,0.001736111111111111,0.0,0.0,0.0,0.0,0.022637527233115472,0.0,0.0,0.0,0.0,0.0,0.0,0.006944444444444444,0.0,0.0,0.00636574074074074,0.013888888888888888,0.013310185185185184,0.04597533457827576,0.026537698412698412,0.015625,0.132333488951136,0.04561546840958606,0.577016223155929,10.0
0.0,0.0,0.003968253968253968,0.0,0.0,0.0025252525252525255,0.0,0.0,0.0,0.0,0.0,0.0025252525252525255,0.0,0.0,0.02087703962703963,0.0,0.003968253968253968,0.0,0.0,0.0,0.0,0.006944444444444444,0.001851851851851852,0.001851851851851852,0.003472222222222222,0.003968253968253968,0.01574074074074074,0.04088226588226588,0.0025252525252525255,0.011994949494949494,0.1646425333925334,0.03586991711991712,0.6763916638916639,11.0
0.001388888888888889,0.0023148148148148147,0.0,0.0,0.0,0.0,0.0,0.0,0.0,0.0,0.0,0.004629629629629629,0.0,0.0,0.013888888888888888,0.0,0.0,0.0,0.0,0.0,0.0,0.005092592592592592,0.0,0.002777777777777778,0.001388888888888889,0.04519230769230769,0.0037037037037037034,0.037037037037037035,0.005662393162393162,0.001388888888888889,0.18048433048433052,0.06930199430199431,0.6257478632478631,12.0
0.0,0.0,0.0,0.0,0.0,0.0,0.0,0.0,0.0,0.0,0.0,0.0,0.0,0.0,0.0,0.0,0.0,0.0,0.013888888888888888,0.013888888888888888,0.0,0.013888888888888888,0.0,0.0,0.0,0.0,0.0,0.013888888888888888,0.0,0.041666666666666664,0.06944444444444443,0.06944444444444443,0.5138888888888888,13.0
