cg,hh,oh,ei,ig,oi,hg,sh,si,ch,gi,ii,hs,se,sc,so,es,hi,os,sg,gg,cs,is,gs,js,ss,TimeFactor
0.0,0.0,0.0,0.0,0.0,0.0,0.0,0.0,0.0,0.0,0.0,0.0,0.0,0.0,0.0,0.0,0.0,0.003472222222222222,0.004166666666666667,0.006944444444444444,0.013888888888888888,0.01736111111111111,0.024999999999999998,0.04652777777777778,0.07291666666666666,0.5597222222222222,1.0
0.0,0.0,0.0,0.0,0.0,0.0,0.0,0.0,0.0,0.0,0.0,0.0,0.001893939393939394,0.0026041666666666665,0.0026041666666666665,0.003472222222222222,0.004498106060606061,0.0,0.014362373737373736,0.005208333333333333,0.008680555555555554,0.02878787878787879,0.05689709595959596,0.04234532828282828,0.020833333333333332,0.6411458333333333,2.0
0.0,0.0,0.0,0.0,0.0,0.0,0.0023148148148148147,0.0023148148148148147,0.003472222222222222,0.003472222222222222,0.005208333333333333,0.006944444444444444,0.019675925925925923,0.0,0.0,0.0,0.015625,0.0,0.015625,0.015625,0.010416666666666666,0.028472222222222218,0.04282407407407408,0.03553240740740741,0.012847222222222223,0.7796296296296297,3.0
0.0,0.0,0.0,0.0,0.0,0.0,0.0,0.0,0.0,0.0,0.0,0.0,0.0,0.0,0.0,0.0,0.041666666666666664,0.0,0.0,0.020833333333333332,0.020833333333333332,0.027777777777777776,0.03819444444444444,0.01736111111111111,0.0,0.5,4.0
0.0,0.0,0.0,0.0,0.0,0.0,0.0,0.0,0.0,0.0,0.0,0.0,0.0,0.0,0.0,0.010416666666666666,0.010416666666666666,0.0,0.03125,0.0,0.0,0.03125,0.020833333333333332,0.0,0.0,0.5625,5.0
0.0,0.0,0.0,0.0,0.0,0.006944444444444444,0.0,0.0,0.0,0.006944444444444444,0.0,0.0,0.006944444444444444,0.0,0.0,0.0,0.0,0.0,0.0,0.0,0.0,0.010416666666666666,0.027777777777777776,0.012152777777777776,0.0,0.34548611111111116,6.0
0.0,0.0,0.0,0.0,0.0,0.0,0.0,0.0,0.0,0.0,0.0,0.0,0.020833333333333332,0.0,0.0,0.0,0.0,0.0,0.0,0.0,0.0,0.006944444444444444,0.0,0.0,0.0,0.7222222222222223,7.0
0.0,0.0,0.0,0.0,0.0,0.0,0.0,0.0,0.0,0.0,0.0,0.0,0.0,0.0,0.020833333333333332,0.0,0.0,0.0,0.0,0.005208333333333333,0.0,0.041666666666666664,0.0,0.005208333333333333,0.0,0.7604166666666666,8.0
0.0,0.0,0.0,0.006944444444444444,0.006944444444444444,0.0,0.0,0.0,0.0,0.0,0.0,0.0,0.0,0.0,0.0,0.0,0.0,0.0,0.0,0.006944444444444444,0.003472222222222222,0.003472222222222222,0.0,0.01736111111111111,0.0,0.5381944444444445,9.0
0.0,0.010416666666666666,0.010416666666666666,0.0,0.0,0.0,0.0,0.0,0.0,0.0,0.0,0.0,0.0,0.0,0.0,0.010416666666666666,0.005208333333333333,0.0,0.0,0.0,0.0,0.0,0.005208333333333333,0.010416666666666666,0.0,0.6979166666666666,10.0
0.005208333333333333,0.0,0.0,0.0,0.0,0.0,0.0,0.0,0.0,0.0,0.0,0.0,0.0,0.0,0.005208333333333333,0.0,0.005208333333333333,0.0,0.0,0.012152777777777776,0.006944444444444444,0.010416666666666666,0.0,0.01736111111111111,0.010416666666666666,0.34375,11.0
0.0,0.0,0.0,0.0,0.0,0.0,0.0,0.0,0.01636904761904762,0.0,0.0,0.002976190476190476,0.0,0.0,0.0,0.0,0.010416666666666666,0.0,0.0,0.013392857142857142,0.010416666666666666,0.0,0.013392857142857142,0.019345238095238096,0.0,0.33035714285714285,12.0
0.0,0.0,0.0,0.0,0.003472222222222222,0.0,0.0,0.0,0.010416666666666666,0.0,0.003472222222222222,0.003472222222222222,0.0,0.0,0.0,0.0,0.027777777777777776,0.0,0.026041666666666668,0.0,0.006944444444444444,0.0,0.006944444444444444,0.027777777777777776,0.0,0.4670138888888889,13.0
