oc,hc,ic,ie,hg,ci,og,ji,cg,jj,sj,ig,so,jc,sh,si,gi,sc,io,sg,gg,es,js,hs,os,is,gs,cs,ss,TimeFactor
0.0,0.0,0.0,0.0,0.0,0.0,0.0,0.0,0.0,0.0,0.0,0.0,0.0,0.0,0.0,0.0008012820512820514,0.0012254901960784314,0.0012254901960784314,0.001388888888888889,0.002063908313908314,0.0022522522522522522,0.002569576217583808,0.014893341162316496,0.018871581952701496,0.04625834803135561,0.06351698411801528,0.07705118892700037,0.10128777472761545,0.6665938929649231,1.0
0.0,0.0,0.0,0.0,0.0,0.0,0.0,0.0,0.0,0.0,0.0,0.0,0.0,0.0008503401360544217,0.0009057971014492754,0.004842790774846523,0.0,0.0,0.0,0.0010162601626016261,0.0,0.008144111303057809,0.043160777310521974,0.01975530477668085,0.008318234610917538,0.09197500216307682,0.11283572069263587,0.06059745898578833,0.6475982019823691,2.0
0.0,0.0,0.0,0.0,0.0,0.0,0.0,0.0,0.0,0.0009689922480620155,0.0009689922480620155,0.0017603077816492451,0.00487012987012987,0.0,0.0,0.005411255411255411,0.0,0.0,0.0,0.0037622850122850126,0.001893939393939394,0.004394638540980004,0.018132328019948553,0.011088031571582337,0.020330984902737593,0.09138996252559047,0.13883190774382073,0.04591141432037632,0.6502848304095811,3.0
0.0,0.0,0.0,0.0,0.0,0.0,0.0,0.0013440860215053762,0.0016025641025641027,0.0,0.0,0.0,0.0,0.0,0.0,0.0013440860215053762,0.0,0.0036858974358974362,0.0,0.0018115942028985507,0.0,0.005787037037037038,0.01255313160555096,0.0325709603497121,0.028889995225023276,0.08909439234211325,0.1044770615598105,0.12463250803012375,0.5922066860662583,4.0
0.0,0.0,0.0,0.0,0.0,0.0,0.0,0.0,0.0,0.0,0.0,0.0,0.020833333333333332,0.0,0.0,0.0,0.0,0.010416666666666666,0.0,0.0,0.0,0.0,0.09375000000000001,0.02638888888888889,0.01875,0.09652777777777778,0.07361111111111111,0.05625,0.5201388888888888,5.0
0.0,0.0,0.0,0.0,0.0,0.0,0.008333333333333333,0.0,0.0,0.0,0.0,0.0,0.0,0.0,0.0,0.0,0.0,0.0,0.0,0.004166666666666667,0.0,0.02147435897435897,0.040243090243090245,0.0019230769230769232,0.005952380952380952,0.06766983016983015,0.08826590076590075,0.06626290376290377,0.6957084582084582,6.0
0.0,0.0,0.0,0.0006613756613756613,0.0006613756613756613,0.0012254901960784314,0.0,0.0010683760683760683,0.0,0.0015432098765432098,0.0015432098765432098,0.0013227513227513227,0.0,0.0,0.0013440860215053762,0.0028659611992945325,0.0004432624113475177,0.0,0.0,0.003810867781456017,0.0006613756613756613,0.0032051282051282055,0.016751056845988033,0.02165823421874739,0.023926123445469558,0.11108337123264478,0.11384750829416089,0.049258035660132406,0.6431192003597062,7.0
0.0,0.0,0.0013440860215053762,0.0,0.0,0.0,0.0,0.003080197132616487,0.0013440860215053762,0.0,0.0,0.0,0.0,0.0,0.0,0.0,0.0023148148148148147,0.0,0.0,0.0023148148148148147,0.0,0.002777777777777778,0.017743558776167474,0.028417841930289334,0.04266807568438003,0.09547756177168287,0.10560014198396621,0.10776858994337957,0.5891484533270998,8.0
0.0,0.0,0.0,0.0,0.0,0.0,0.0,0.0,0.0,0.0,0.0,0.0,0.0,0.0,0.0,0.0,0.0,0.0,0.0,0.0,0.0,0.0,0.011904761904761904,0.0,0.0,0.051835317460317464,0.05555555555555555,0.06671626984126984,0.5639880952380952,9.0
0.0,0.0,0.0,0.0,0.0,0.0,0.0,0.0,0.0,0.0,0.0,0.0,0.0,0.0,0.0,0.0008333333333333334,0.0,0.0,0.0,0.008333333333333333,0.0,0.0043859649122807015,0.03349813928761297,0.019415204678362573,0.05740131578947368,0.09108139139937384,0.055792833303798216,0.07909600389863547,0.5668291467304625,10.0
0.0,0.0,0.0,0.0,0.0,0.0,0.0,0.001736111111111111,0.0007716049382716049,0.0,0.00048449612403100775,0.0007716049382716049,0.0,0.0,0.0,0.002535273368606702,0.0,0.0007716049382716049,0.0,0.004012345679012346,0.0,0.002777777777777778,0.01581837897244874,0.021505219228087447,0.015576319797811026,0.08408588517727644,0.1291438429953322,0.051946791252176806,0.6680627437015136,11.0
0.0,0.0012254901960784314,0.0,0.0,0.0,0.0,0.0,0.0,0.0,0.0,0.0,0.0,0.0012254901960784314,0.0,0.0,0.010317460317460317,0.0,0.0,0.0,0.0,0.0,0.007679738562091504,0.03866561117200503,0.029831171599074415,0.04875662221410303,0.07879534060000813,0.03857807615799943,0.10126481752121137,0.5603268481305564,12.0
0.005952380952380952,0.0,0.0,0.0,0.0,0.0,0.0,0.0,0.0,0.0,0.0,0.0,0.0,0.0,0.0,0.0,0.0,0.0,0.0,0.010416666666666666,0.0,0.004629629629629629,0.01607142857142857,0.0,0.05109126984126985,0.08511904761904761,0.014748677248677247,0.07162698412698412,0.6570105820105822,13.0
