ij,cc,sc,jh,hh,jj,ic,gh,ie,eh,go,oo,ig,eg,jg,ge,hi,ci,jc,ee,se,hg,ih,he,sh,sj,js,gi,es,so,ii,hs,si,os,sg,gg,cs,is,gs,ss,TimeFactor
0.0,0.0,0.0,0.0,0.0,0.0,0.0,0.0,0.0,0.0,0.0,0.0,0.0,0.0,0.0,0.0,0.0,0.0,0.0,0.0,0.0,0.0,0.0,0.0,0.0,0.0,0.005997474747474747,0.006493506493506493,0.007440476190476189,0.009027777777777779,0.009816919191919191,0.009816919191919191,0.01718223905723906,0.02810395622895623,0.0394796176046176,0.039607383357383355,0.04306758056758057,0.06175895863395864,0.09756042568542568,0.541313431938432,1.0
0.0,0.0,0.0,0.0,0.0,0.0,0.0,0.0,0.0,0.0,0.0,0.0,0.0,0.0,0.0,0.0,0.0,0.0012077294685990338,0.0012077294685990338,0.0012077294685990338,0.0012077294685990338,0.0025252525252525255,0.0025252525252525255,0.0025252525252525255,0.005050505050505051,0.005555555555555556,0.024999999999999998,0.0,0.0,0.003985507246376811,0.004940711462450593,0.04419191919191919,0.006258234519104084,0.003985507246376811,0.03579819938515591,0.018104962670180063,0.004940711462450593,0.05518774703557313,0.10722441809398331,0.6673693456302153,2.0
0.0,0.0,0.0,0.0,0.0,0.0,0.0,0.0,0.0,0.0,0.0,0.0,0.0013227513227513227,0.0013227513227513227,0.0016339869281045752,0.0016339869281045752,0.0026455026455026454,0.0,0.0,0.0,0.0,0.0,0.0,0.0,0.0,0.0013227513227513227,0.00496031746031746,0.004279489573607221,0.0,0.0,0.010192966075319016,0.006944444444444444,0.01893674136321195,0.005555555555555556,0.03447906940553999,0.026377217553688142,0.022916666666666665,0.050643868658574544,0.0963001867413632,0.6251984126984127,3.0
0.0,0.0,0.0,0.0,0.0,0.0,0.0014619883040935672,0.0021367521367521365,0.0021367521367521365,0.0029239766081871343,0.005555555555555556,0.005555555555555556,0.0,0.0,0.0,0.0014619883040935672,0.0021367521367521365,0.0,0.0,0.0021367521367521365,0.0035987404408457037,0.0,0.0,0.0014619883040935672,0.0,0.005555555555555556,0.003968253968253968,0.0014619883040935672,0.0035987404408457037,0.005555555555555556,0.00573549257759784,0.020994794679005207,0.00573549257759784,0.005555555555555556,0.007309941520467836,0.005847953216374269,0.00847953216374269,0.05574486429749587,0.16710017565280724,0.6667893023156181,4.0
0.0,0.0,0.0,0.0,0.0,0.0,0.0,0.0,0.0,0.0,0.0,0.0,0.0,0.006944444444444444,0.0,0.0,0.0,0.0,0.0,0.0,0.0,0.0,0.0,0.0,0.0,0.0,0.03333333333333333,0.0016339869281045752,0.0,0.0,0.0032679738562091504,0.0016339869281045752,0.004901960784313725,0.0,0.00718954248366013,0.0,0.0,0.029901960784313727,0.09158496732026145,0.5696078431372549,5.0
0.0,0.0,0.0,0.0,0.003968253968253968,0.016203703703703703,0.0,0.0,0.0,0.0,0.0,0.0,0.004629629629629629,0.0,0.005787037037037038,0.0,0.0,0.0,0.0,0.0,0.0,0.0,0.0,0.0,0.003968253968253968,0.016203703703703703,0.0,0.0,0.01273148148148148,0.0,0.004629629629629629,0.006944444444444444,0.004629629629629629,0.0248015873015873,0.003472222222222222,0.0023148148148148147,0.0,0.051421957671957674,0.12533068783068782,0.7129629629629629,6.0
0.0,0.0,0.0,0.0012626262626262627,0.0,0.0,0.0,0.0,0.0012626262626262627,0.0,0.0,0.0,0.0025252525252525255,0.0012626262626262627,0.0,0.0,0.0,0.0,0.0,0.0012626262626262627,0.015151515151515152,0.0,0.0033993783993783995,0.0,0.0,0.0,0.0,0.016414141414141412,0.02182539682539682,0.0,0.015604765604765605,0.006798756798756799,0.03093665593665593,0.0,0.03583916083916084,0.019425019425019424,0.00808080808080808,0.05690698190698191,0.11525789025789025,0.5634504384504384,7.0
0.0,0.0023148148148148147,0.00787037037037037,0.0,0.001851851851851852,0.0,0.0,0.0,0.0,0.0,0.0,0.0,0.0,0.0,0.027777777777777776,0.0,0.0,0.0,0.0,0.0,0.0,0.0,0.0,0.0,0.004166666666666667,0.001851851851851852,0.029629629629629627,0.0,0.001851851851851852,0.006944444444444444,0.01574074074074074,0.0023148148148148147,0.01574074074074074,0.020370370370370372,0.02037037037037037,0.011574074074074075,0.011574074074074075,0.041666666666666664,0.12546296296296294,0.5675925925925925,8.0
0.0,0.0,0.0,0.0,0.0,0.013888888888888888,0.0,0.0,0.0,0.004629629629629629,0.0,0.0,0.0,0.0,0.0,0.0,0.0,0.0,0.0,0.0,0.0,0.0,0.0,0.0,0.0,0.013888888888888888,0.005555555555555556,0.0,0.0030864197530864196,0.0,0.004629629629629629,0.013888888888888888,0.037037037037037035,0.004629629629629629,0.004629629629629629,0.0,0.02037037037037037,0.0898148148148148,0.040123456790123455,0.6604938271604938,9.0
0.0,0.001851851851851852,0.001851851851851852,0.0,0.0,0.0,0.0,0.0,0.0,0.0,0.0,0.0,0.0,0.0,0.0,0.0,0.0,0.0,0.0,0.0,0.0,0.0,0.0,0.0,0.0,0.0,0.004629629629629629,0.0,0.003703703703703704,0.004629629629629629,0.003703703703703704,0.0,0.005555555555555556,0.04629629629629629,0.009259259259259259,0.0,0.0,0.02037037037037037,0.14537037037037037,0.7527777777777778,10.0
0.0,0.0,0.0,0.0,0.0,0.0,0.0,0.0,0.0,0.0,0.0,0.0025252525252525255,0.0025252525252525255,0.0,0.0,0.0,0.0,0.0,0.0,0.0,0.0,0.0,0.0,0.0,0.0,0.0,0.0,0.0,0.0,0.0025252525252525255,0.0025252525252525255,0.004629629629629629,0.006493506493506493,0.03154761904761905,0.034932659932659926,0.0,0.009027777777777779,0.04097522847522847,0.10920815295815295,0.6697510822510825,11.0
0.002777777777777778,0.0,0.0010683760683760683,0.0,0.0,0.0,0.0,0.0,0.0,0.0,0.0010683760683760683,0.0,0.0038461538461538464,0.0,0.0,0.0,0.0,0.0,0.0,0.0,0.0010683760683760683,0.0010683760683760683,0.0,0.0,0.0,0.0,0.002777777777777778,0.0021367521367521365,0.0,0.0,0.0010683760683760683,0.0010683760683760683,0.0059829059829059825,0.008333333333333333,0.04301994301994302,0.013710826210826208,0.009401709401709401,0.1227207977207977,0.11217948717948718,0.6667022792022793,12.0
0.0,0.0,0.0,0.0,0.0,0.0,0.0,0.0,0.0030864197530864196,0.0,0.0,0.0,0.0,0.0,0.0,0.0,0.0,0.0,0.0,0.0,0.0,0.0,0.0,0.0,0.005555555555555556,0.0,0.013888888888888888,0.0,0.0030864197530864196,0.0,0.0,0.008641975308641974,0.0,0.0,0.0030864197530864196,0.0030864197530864196,0.0,0.08888888888888889,0.05339506172839506,0.6506172839506172,13.0
