sj,jj,se,ei,ih,hi,hs,es,gg,js,sg,gs,sc,si,is,cs,ii,ss,TimeFactor
0.0,0.0,0.0,0.0,0.0,0.0,0.0,0.0,0.0,0.0,0.0,0.0,0.016666666666666666,0.016666666666666666,0.016666666666666666,0.016666666666666666,0.049999999999999996,0.13333333333333333,1.0
0.0,0.0,0.0,0.0,0.0,0.0,0.0,0.0,0.0,0.0,0.0,0.013888888888888888,0.0,0.0,0.0,0.013888888888888888,0.0,0.3888888888888889,2.0
0.0,0.0,0.0,0.0,0.0,0.0,0.0,0.0,0.009259259259259259,0.013888888888888888,0.014991181657848324,0.058698935891918345,0.0,0.005555555555555556,0.005555555555555556,0.0,0.016666666666666666,0.6253839565243073,3.0
0.0,0.0,0.0,0.0,0.0,0.0,0.004166666666666667,0.004166666666666667,0.0,0.0,0.020833333333333332,0.020833333333333332,0.0,0.004166666666666667,0.008333333333333333,0.0,0.0,0.1875,4.0
0.0,0.0,0.0,0.0,0.0,0.0,0.0,0.0,0.0,0.0,0.016666666666666666,0.023076923076923078,0.0,0.006410256410256411,0.006410256410256411,0.0,0.0,0.1141025641025641,5.0
0.0,0.0,0.0,0.0,0.004901960784313725,0.004901960784313725,0.0,0.0,0.0,0.0,0.010780885780885782,0.036079116961469905,0.0,0.0,0.004901960784313725,0.0,0.004901960784313725,0.1835321541203894,6.0
0.0,0.0,0.0028735632183908046,0.0028735632183908046,0.0,0.0,0.0,0.0,0.0028735632183908046,0.0,0.005747126436781609,0.04552203065134099,0.0,0.0028735632183908046,0.005747126436781609,0.0028735632183908046,0.0028735632183908046,0.2590756704980843,7.0
0.0,0.0,0.0,0.0,0.0,0.0,0.0,0.0,0.0,0.013888888888888888,0.013888888888888888,0.07777777777777778,0.0,0.0,0.013888888888888888,0.0,0.0,0.46388888888888896,8.0
0.0,0.0,0.0,0.0,0.0,0.0,0.0,0.0,0.0,0.0,0.0,0.0,0.0,0.0,0.006944444444444444,0.0,0.0,0.07638888888888888,9.0
0.0,0.0,0.0,0.0,0.0,0.0,0.0,0.0,0.016666666666666666,0.0,0.0,0.056123737373737374,0.0,0.0,0.0,0.013888888888888888,0.0,0.41332070707070706,10.0
0.0,0.0,0.0,0.0,0.0,0.0,0.0,0.0,0.0,0.0,0.0,0.014467592592592593,0.0,0.0,0.026504629629629628,0.0,0.0,0.2923611111111111,11.0
0.0,0.0,0.0,0.0,0.0,0.0,0.0,0.0,0.0,0.0,0.0,0.020833333333333332,0.0,0.0,0.0,0.0,0.0,0.3125,12.0
0.016666666666666666,0.016666666666666666,0.0,0.0,0.0,0.0,0.0,0.0,0.0,0.007575757575757576,0.0,0.007575757575757576,0.0,0.0,0.0,0.016666666666666666,0.0,0.18484848484848485,13.0
