eo,sh,ji,gc,so,jj,gg,es,gi,ii,si,sj,sc,sg,os,js,hs,cs,gs,is,ss,TimeFactor
0.0,0.0,0.0,0.0,0.0,0.0,0.0,0.0,0.0,0.0,0.0,0.003968253968253968,0.005555555555555556,0.006944444444444444,0.010185185185185184,0.01091269841269841,0.026455026455026454,0.03425925925925926,0.048478835978835975,0.06183862433862434,0.5414021164021164,1.0
0.0,0.0,0.0,0.0,0.0,0.0,0.0,0.0,0.004629629629629629,0.009259259259259259,0.013888888888888888,0.0,0.0,0.0,0.009259259259259259,0.0,0.0,0.027777777777777776,0.08796296296296295,0.037037037037037035,0.39351851851851855,2.0
0.0,0.0,0.0,0.0,0.0,0.0,0.0,0.003968253968253968,0.0,0.0,0.0030864197530864196,0.0,0.006944444444444444,0.027777777777777776,0.031746031746031744,0.013888888888888888,0.0,0.031746031746031744,0.117173721340388,0.04343033509700176,0.636904761904762,3.0
0.0,0.0,0.0,0.0,0.0,0.0,0.009259259259259259,0.0,0.0,0.0,0.0,0.0,0.0,0.009259259259259259,0.029894179894179893,0.018518518518518517,0.009259259259259259,0.017195767195767195,0.05257936507936508,0.04027777777777778,0.5637566137566138,4.0
0.0,0.0,0.0,0.0,0.0,0.013888888888888888,0.0,0.0,0.0,0.0,0.009259259259259259,0.013888888888888888,0.0,0.0,0.0,0.013888888888888888,0.027777777777777776,0.0,0.009259259259259259,0.06481481481481481,0.5138888888888888,5.0
0.0,0.0,0.0,0.0,0.0,0.0,0.0,0.0,0.0,0.003472222222222222,0.003472222222222222,0.0,0.013888888888888888,0.0,0.0,0.003472222222222222,0.0,0.048611111111111105,0.027777777777777776,0.03125,0.5347222222222222,6.0
0.0,0.003968253968253968,0.003968253968253968,0.003968253968253968,0.013888888888888888,0.0,0.0,0.0,0.0,0.0,0.013492063492063491,0.0,0.0,0.0,0.035714285714285705,0.003968253968253968,0.007936507936507936,0.027380952380952377,0.05317460317460317,0.06626984126984127,0.6829365079365081,7.0
0.0,0.0,0.0,0.0,0.0,0.009259259259259259,0.013888888888888888,0.0,0.0,0.0,0.0,0.009259259259259259,0.0,0.0,0.013888888888888888,0.0,0.009259259259259259,0.037037037037037035,0.10185185185185186,0.02314814814814815,0.3657407407407407,8.0
0.0,0.0,0.0,0.0,0.0,0.0,0.0,0.0,0.0,0.0,0.0,0.0,0.0,0.0,0.0,0.0,0.0,0.0,0.013888888888888888,0.027777777777777776,0.2916666666666667,9.0
0.027777777777777776,0.0,0.0,0.0,0.0,0.0,0.0,0.0,0.0,0.0,0.006944444444444444,0.0,0.0,0.006944444444444444,0.027777777777777776,0.013888888888888888,0.0,0.0,0.006944444444444444,0.006944444444444444,0.3194444444444445,10.0
0.0,0.0,0.0,0.0,0.0,0.009259259259259259,0.0,0.0,0.0,0.0,0.005555555555555556,0.009259259259259259,0.013888888888888888,0.0,0.005555555555555556,0.0,0.027777777777777776,0.02314814814814815,0.08148148148148147,0.05648148148148149,0.600925925925926,11.0
0.0,0.0,0.0,0.0,0.0,0.0,0.0,0.0,0.0,0.0,0.003968253968253968,0.013888888888888888,0.0,0.003968253968253968,0.009259259259259259,0.013888888888888888,0.0,0.05555555555555555,0.08465608465608465,0.04497354497354497,0.4365079365079365,12.0
0.0,0.0,0.0,0.0,0.0,0.0,0.013888888888888888,0.0,0.0,0.0,0.013888888888888888,0.0,0.0,0.0,0.0,0.0,0.0,0.0,0.027777777777777776,0.013888888888888888,0.2638888888888889,13.0
