cg,gc,jg,oc,co,sh,so,oh,se,jh,ci,es,ii,ig,gi,ch,sc,hg,gg,sj,si,os,sg,hs,cs,js,is,gs,ss,TimeFactor
0.0,0.0,0.0,0.0,0.0,0.0,0.0,0.0,0.0,0.0,0.0,0.0007575757575757576,0.0007575757575757576,0.0010416666666666667,0.0010416666666666667,0.001488095238095238,0.001488095238095238,0.001488095238095238,0.0020833333333333333,0.0021464646464646464,0.0031614219114219112,0.0063399685110211434,0.006864601901366608,0.01899017036884684,0.04205492327589851,0.04822933398301046,0.09951656584299773,0.109795948268278,0.6527544973945902,1.0
0.0,0.0,0.0,0.0,0.0,0.0,0.0,0.0,0.0,0.0,0.0015432098765432098,0.0015432098765432098,0.0030275520371148786,0.001388888888888889,0.0015432098765432098,0.0,0.0,0.0009057971014492754,0.009851652727996813,0.0,0.0015432098765432098,0.010084936623683378,0.004897619496262798,0.01961921031504518,0.037552860506007556,0.050100045850611764,0.08645606085550937,0.10911501558469444,0.6608275205065628,2.0
0.0,0.0,0.0,0.0,0.0,0.0,0.0,0.0010162601626016261,0.0010162601626016261,0.0011904761904761904,0.0,0.003999505785220071,0.0007062146892655367,0.0007062146892655367,0.0025178088921640873,0.0,0.0011574074074074073,0.0010162601626016261,0.006448047162859248,0.0,0.006102875279893913,0.015727996507113606,0.00211864406779661,0.008938324037046452,0.03763578905476598,0.034188024598573806,0.07172227319775477,0.13197411677603646,0.6718175011765556,3.0
0.0,0.0,0.0,0.0,0.0,0.0,0.0024509803921568627,0.0,0.0,0.0,0.0,0.0046875,0.0,0.0,0.0,0.0,0.0010416666666666667,0.0,0.0,0.0,0.002853260869565217,0.015281069150687651,0.0,0.021430784471598626,0.06156023198329252,0.058535150171179585,0.13557205188838822,0.062247064687388644,0.634340239719076,4.0
0.0,0.0,0.0,0.0,0.0,0.005871212121212122,0.0,0.0,0.0,0.0,0.0,0.006944444444444444,0.0,0.008333333333333333,0.0,0.0,0.0,0.0,0.0,0.0,0.0,0.031173631476050827,0.0,0.0020833333333333333,0.03425382860866732,0.05288353000046548,0.07232768351719965,0.10301881138574687,0.6831101917795466,5.0
0.0,0.0,0.0,0.0021929824561403508,0.0021929824561403508,0.0014367816091954023,0.0,0.0,0.0,0.0,0.0,0.0,0.0,0.0023148148148148147,0.0023148148148148147,0.0,0.0014367816091954023,0.0032051282051282055,0.0,0.0,0.008267195767195767,0.018645267567681357,0.0,0.015412693611423193,0.049434275897524534,0.0749461056856701,0.06476466918844413,0.09263219387992527,0.6608033124367063,6.0
0.0,0.0,0.0,0.0,0.0,0.0,0.0,0.0,0.0,0.0,0.0,0.0,0.0,0.0013020833333333333,0.0,0.0,0.0,0.0,0.0016025641025641027,0.001388888888888889,0.001984126984126984,0.017825025216329563,0.0078125,0.011079978148701852,0.04220913884307994,0.02563980977725718,0.08447398075860557,0.10370550348241442,0.7009764004646982,7.0
0.0,0.0,0.004166666666666667,0.0,0.0,0.0020833333333333333,0.0,0.0,0.0,0.0,0.0,0.006617647058823529,0.0,0.0020833333333333333,0.0,0.0,0.0020833333333333333,0.0,0.0,0.0,0.007986111111111112,0.007392219708396178,0.004166666666666667,0.026784673659673658,0.04573235179852827,0.059604243795420266,0.08106741433947316,0.08781379976232917,0.6624182054329114,8.0
0.0,0.0023148148148148147,0.0,0.0,0.0,0.0,0.0,0.0,0.0,0.0,0.0,0.0,0.0,0.0,0.0,0.0,0.0,0.0,0.0,0.0,0.001893939393939394,0.001893939393939394,0.001893939393939394,0.022306397306397305,0.018032893032893033,0.040972222222222215,0.07229020979020978,0.05695091945091945,0.7814507252007252,9.0
0.0026041666666666665,0.0,0.0,0.0,0.0,0.0,0.0,0.0,0.0,0.0,0.0,0.01898148148148148,0.0012626262626262627,0.0,0.0,0.0,0.0,0.0,0.0,0.0,0.0,0.018075980392156864,0.0011574074074074073,0.01168919588037235,0.018112806991483463,0.0807345602382367,0.06357137551990494,0.05592196474549416,0.7278884344141696,10.0
0.0,0.0,0.0,0.0,0.0,0.0013440860215053762,0.0,0.0,0.0,0.0,0.0,0.004849377026796381,0.0,0.0021929824561403508,0.0,0.0,0.0,0.0,0.0,0.0011904761904761904,0.003787878787878788,0.012442881192881191,0.005321358748778104,0.01144313236047107,0.03178281964006355,0.025553785925459,0.096870410632884,0.1489603186372386,0.6542604923794273,11.0
0.0,0.0,0.0,0.0,0.0,0.0,0.0,0.0,0.0,0.0,0.0,0.003787878787878788,0.0,0.0,0.0,0.0,0.0,0.0,0.0,0.0,0.0,0.0059829059829059825,0.0016025641025641027,0.00893281101614435,0.056077247963212874,0.03317071979352681,0.09371078077218427,0.0857985216537848,0.710936569927798,12.0
0.0,0.0,0.0,0.0,0.001984126984126984,0.0,0.0,0.0,0.0,0.0,0.0,0.004629629629629629,0.0,0.0,0.0,0.0,0.0,0.0,0.0,0.0,0.009259259259259259,0.02328042328042328,0.0,0.003968253968253968,0.012863756613756612,0.03322585978835979,0.040976355820105816,0.063260582010582,0.7232184193121695,13.0
