jg,oo,so,ic,hh,ii,sh,sc,hi,gh,ig,eg,si,sj,es,gg,gi,og,os,hs,sg,cs,js,gs,is,ss,TimeFactor
0.0,0.0,0.0,0.0,0.0,0.0,0.0,0.0,0.0,0.0,0.0,0.0,0.0,0.0,0.003472222222222222,0.003472222222222222,0.003968253968253968,0.003968253968253968,0.006944444444444444,0.007440476190476189,0.007440476190476189,0.021329365079365076,0.027777777777777776,0.08482142857142856,0.08961640211640211,0.5730820105820105,1.0
0.0,0.0,0.0,0.0,0.0,0.0,0.0,0.0,0.0,0.0,0.0,0.0,0.006944444444444444,0.009259259259259259,0.0,0.006944444444444444,0.0,0.0,0.0,0.0,0.03009259259259259,0.003472222222222222,0.009259259259259259,0.12916666666666665,0.04259259259259259,0.42893518518518525,2.0
0.0,0.0,0.0,0.0,0.0,0.0,0.0,0.0,0.0025252525252525255,0.0025252525252525255,0.004509379509379509,0.009259259259259259,0.0,0.0,0.0,0.026214526214526215,0.0,0.0,0.009700176366843033,0.015873015873015872,0.03480238896905564,0.0,0.0,0.16293891293891297,0.0935746352413019,0.6380772005772006,3.0
0.0,0.0,0.0,0.0,0.0,0.003968253968253968,0.004629629629629629,0.006944444444444444,0.0,0.0,0.005555555555555556,0.0,0.016468253968253965,0.0,0.0,0.009259259259259259,0.0,0.0,0.0,0.037962962962962955,0.013227513227513227,0.012499999999999999,0.0,0.08029100529100529,0.08796296296296297,0.554563492063492,4.0
0.0,0.0,0.0,0.009259259259259259,0.013888888888888888,0.013888888888888888,0.013888888888888888,0.0,0.0,0.0,0.0,0.0,0.013888888888888888,0.0,0.0,0.0,0.0,0.0,0.0,0.013888888888888888,0.009259259259259259,0.018518518518518517,0.0,0.0462962962962963,0.0787037037037037,0.35185185185185186,5.0
0.0,0.0,0.0,0.0,0.0,0.0,0.0,0.0,0.0,0.0,0.0,0.0,0.0,0.0,0.0,0.0,0.0,0.0,0.0,0.0,0.0,0.0,0.027777777777777776,0.05555555555555555,0.027777777777777776,0.3888888888888889,6.0
0.0,0.0,0.0,0.0,0.0,0.0,0.0,0.0,0.0,0.0,0.0,0.0,0.006944444444444444,0.012499999999999999,0.0,0.0,0.0,0.0,0.05555555555555555,0.006944444444444444,0.0,0.0,0.018055555555555557,0.08888888888888889,0.048611111111111105,0.5958333333333333,7.0
0.0,0.0,0.0,0.0,0.0,0.0,0.0,0.0,0.0,0.0,0.0,0.0,0.0,0.0,0.0,0.0,0.0,0.0,0.02546296296296296,0.0,0.0,0.020833333333333332,0.0,0.048611111111111105,0.09953703703703703,0.47222222222222215,8.0
0.0,0.0,0.013888888888888888,0.0,0.0,0.0,0.0,0.0,0.0,0.0,0.0,0.0,0.0,0.0,0.0,0.0,0.0,0.0,0.013888888888888888,0.0,0.013888888888888888,0.0,0.0,0.08333333333333333,0.0,0.375,9.0
0.0,0.027777777777777776,0.027777777777777776,0.0,0.0,0.0,0.0,0.0,0.0,0.0,0.0,0.0,0.009259259259259259,0.0,0.0,0.0,0.0,0.0,0.0,0.006944444444444444,0.0,0.03472222222222222,0.027777777777777776,0.009259259259259259,0.06481481481481481,0.375,10.0
0.0,0.0,0.0,0.0,0.0,0.009259259259259259,0.0,0.0,0.0,0.0,0.0,0.0,0.009259259259259259,0.0,0.003968253968253968,0.006944444444444444,0.0,0.0,0.017857142857142856,0.0,0.006944444444444444,0.041666666666666664,0.0,0.09656084656084656,0.003968253968253968,0.7202380952380952,11.0
0.009259259259259259,0.0,0.0,0.0,0.0,0.006944444444444444,0.0,0.0,0.0,0.0,0.0,0.0,0.013888888888888888,0.0,0.0,0.0,0.0,0.0,0.006944444444444444,0.0,0.016203703703703703,0.013888888888888888,0.041666666666666664,0.1412037037037037,0.03472222222222222,0.7152777777777777,12.0
0.0,0.0,0.0,0.0,0.0,0.013888888888888888,0.0,0.0,0.0,0.0,0.0,0.0,0.013888888888888888,0.0,0.013888888888888888,0.0,0.0,0.0,0.0,0.0,0.0,0.0,0.0,0.041666666666666664,0.027777777777777776,0.3888888888888889,13.0
