eg,se,ei,jg,og,jj,sj,ch,ee,eh,cc,ci,ie,ec,oo,sc,gj,so,hs,gi,es,ig,ii,js,si,os,cs,hh,sh,is,sg,gg,gs,ss,TimeFactor
0.0,0.0,0.0,0.0,0.0,0.0,0.0,0.0,0.0,0.0,0.0,0.0,0.0,0.0,0.0030864197530864196,0.006944444444444444,0.009259259259259259,0.010030864197530864,0.010030864197530864,0.011728395061728394,0.013888888888888888,0.014197530864197531,0.014814814814814814,0.014814814814814814,0.015586419753086419,0.018518518518518517,0.020061728395061727,0.020833333333333332,0.020833333333333332,0.035493827160493825,0.04182098765432099,0.04243827160493827,0.12222222222222222,0.553395061728395,1.0
0.0,0.0,0.0,0.0,0.0,0.0,0.0,0.0,0.0,0.0,0.0,0.0,0.0,0.0,0.0,0.0,0.0,0.0,0.020061728395061727,0.0,0.007054673721340388,0.0,0.0,0.023358585858585856,0.0,0.011544011544011544,0.01052689594356261,0.0,0.013888888888888888,0.0670093795093795,0.03287337662337662,0.005050505050505051,0.1301507134840468,0.678481240981241,2.0
0.0,0.0,0.0,0.0,0.0,0.0,0.0,0.0,0.0,0.0,0.0025252525252525255,0.0025252525252525255,0.003472222222222222,0.009259259259259259,0.0025252525252525255,0.003968253968253968,0.0,0.0025252525252525255,0.009018759018759018,0.00946969696969697,0.003472222222222222,0.0,0.009259259259259259,0.0,0.01972101972101972,0.0316358024691358,0.01883918550585217,0.0,0.0,0.039918029501362834,0.03757816257816258,0.023193241943241943,0.10315456148789481,0.667939313772647,3.0
0.0,0.0,0.0,0.0,0.0,0.0,0.0,0.0,0.0,0.0,0.0,0.0,0.0,0.0,0.0,0.0,0.0,0.006944444444444444,0.006944444444444444,0.0,0.0025252525252525255,0.0,0.0,0.03472222222222222,0.0,0.006944444444444444,0.0,0.0,0.0,0.017045454545454544,0.027777777777777776,0.030303030303030304,0.05382996632996633,0.6462962962962963,4.0
0.0,0.0,0.0,0.0,0.0,0.004629629629629629,0.004629629629629629,0.013888888888888888,0.013888888888888888,0.013888888888888888,0.0,0.0,0.0,0.0,0.0,0.0,0.0,0.0,0.027777777777777776,0.0,0.0,0.0,0.0,0.003968253968253968,0.0,0.0,0.009259259259259259,0.0,0.0,0.11044973544973545,0.004629629629629629,0.0,0.08201058201058199,0.6276455026455027,5.0
0.0,0.0,0.0,0.0,0.006944444444444444,0.0,0.0,0.0,0.0,0.0,0.0,0.0,0.0,0.0,0.0,0.0,0.0,0.0,0.005555555555555556,0.005555555555555556,0.003472222222222222,0.002777777777777778,0.027777777777777776,0.005555555555555556,0.027777777777777776,0.014814814814814814,0.013888888888888888,0.006944444444444444,0.006944444444444444,0.04884259259259258,0.012037037037037035,0.013888888888888888,0.1087962962962963,0.6050925925925926,6.0
0.0,0.0,0.0,0.005555555555555556,0.0,0.0,0.013888888888888888,0.0,0.0,0.0,0.0,0.0,0.0,0.0,0.0,0.0,0.0,0.0,0.03051346801346801,0.0,0.005555555555555556,0.0,0.0025252525252525255,0.030303030303030304,0.005555555555555556,0.0025252525252525255,0.013888888888888888,0.0,0.0025252525252525255,0.04364478114478115,0.011553030303030303,0.014330808080808081,0.06473063973063974,0.7529040404040405,7.0
0.0,0.0,0.0,0.0,0.0,0.0,0.0,0.0,0.0,0.0,0.0,0.0,0.0,0.0,0.0,0.0,0.0,0.0,0.005555555555555556,0.0023148148148148147,0.0023148148148148147,0.0,0.0,0.003968253968253968,0.0,0.013888888888888888,0.013888888888888888,0.0,0.0,0.040806878306878305,0.0023148148148148147,0.0023148148148148147,0.12566137566137567,0.7869708994708994,8.0
0.0,0.0,0.0,0.0,0.0,0.0,0.0,0.0,0.0,0.0,0.0,0.0,0.0,0.0,0.0,0.0,0.0,0.0,0.0,0.0,0.006944444444444444,0.0,0.0,0.016975308641975308,0.0,0.0,0.018518518518518517,0.0,0.0,0.04282407407407407,0.007716049382716049,0.003472222222222222,0.10378086419753085,0.7997685185185186,9.0
0.0,0.0,0.0,0.0,0.0,0.0,0.0,0.0,0.0,0.0,0.0,0.0,0.0,0.0,0.0,0.0,0.0,0.0,0.012499999999999999,0.005555555555555556,0.0,0.0,0.019444444444444445,0.0,0.013888888888888888,0.005555555555555556,0.013888888888888888,0.0,0.0,0.0419753086419753,0.044753086419753084,0.016975308641975308,0.13966049382716048,0.6024691358024692,10.0
0.0,0.004629629629629629,0.004629629629629629,0.0,0.0,0.0,0.0,0.0,0.0,0.0,0.0,0.009259259259259259,0.0,0.0,0.0,0.0,0.0,0.004629629629629629,0.006944444444444444,0.0,0.0,0.014099326599326598,0.0,0.0,0.00808080808080808,0.004629629629629629,0.0,0.0,0.0,0.041877104377104374,0.0025252525252525255,0.0,0.08476430976430976,0.7305976430976431,11.0
0.0,0.0,0.0,0.0,0.0,0.0,0.0,0.0,0.0,0.0,0.0,0.0,0.0,0.0,0.0,0.0,0.0,0.0,0.0,0.0,0.0,0.0,0.003472222222222222,0.006944444444444444,0.01273148148148148,0.0,0.013888888888888888,0.0,0.0,0.04398148148148148,0.04976851851851852,0.0,0.10833333333333334,0.594212962962963,12.0
0.0030864197530864196,0.0,0.0,0.0,0.0,0.0,0.0,0.0,0.0,0.0,0.0,0.0,0.0,0.0,0.0,0.0,0.0,0.0,0.003968253968253968,0.0,0.0,0.005555555555555556,0.0,0.016203703703703703,0.0,0.0,0.0,0.0,0.0,0.025110229276895945,0.03190035273368606,0.010030864197530864,0.11567460317460317,0.705136684303351,13.0
