gh,se,os,ii,ce,es,sc,ee,gi,sh,hs,gs,js,cs,sg,si,is,gg,ss,TimeFactor
0.0,0.0,0.0,0.0,0.0,0.0,0.0,0.0,0.0,0.0,0.0,0.0,0.0,0.016666666666666666,0.016666666666666666,0.016666666666666666,0.016666666666666666,0.03333333333333333,0.15,1.0
0.0,0.0,0.0,0.0,0.0,0.0,0.0,0.0,0.0,0.0,0.0,0.0,0.016666666666666666,0.0,0.0,0.016666666666666666,0.016666666666666666,0.0,0.19999999999999998,2.0
0.0,0.0,0.0,0.0,0.0,0.0,0.0,0.0,0.0,0.0,0.0,0.01909722222222222,0.0,0.0,0.005208333333333333,0.0,0.005208333333333333,0.0,0.22048611111111113,3.0
0.0,0.0,0.0,0.0,0.0,0.0,0.0,0.0,0.0,0.0,0.0,0.016762452107279693,0.0,0.0028735632183908046,0.0,0.0,0.0028735632183908046,0.0,0.5608237547892719,4.0
0.0,0.0,0.0,0.0,0.0,0.0,0.0,0.0,0.0,0.0,0.016666666666666666,0.05000000000000001,0.0,0.0,0.016666666666666666,0.0,0.0,0.0,0.25,5.0
0.0,0.0,0.0,0.0,0.0,0.0,0.0,0.0,0.006944444444444444,0.016666666666666666,0.016666666666666666,0.013354700854700854,0.0,0.013888888888888888,0.013354700854700854,0.0,0.006944444444444444,0.0,0.32884615384615384,6.0
0.0,0.0,0.0,0.0,0.0,0.0,0.0,0.0,0.0,0.0,0.0,0.021464646464646464,0.0,0.0,0.005555555555555556,0.015151515151515152,0.02828282828282828,0.0,0.3462121212121212,7.0
0.0,0.0,0.0,0.0,0.0,0.0,0.0,0.0,0.0,0.0,0.0,0.016666666666666666,0.016666666666666666,0.0,0.0,0.0,0.0,0.0,0.21666666666666667,8.0
0.0,0.0,0.0,0.0,0.011904761904761904,0.011904761904761904,0.011904761904761904,0.023809523809523808,0.0,0.0,0.0,0.0036231884057971015,0.0,0.011904761904761904,0.0036231884057971015,0.00980392156862745,0.01832907075873828,0.0,0.22652539276580197,9.0
0.0,0.0,0.0,0.014705882352941178,0.0,0.0,0.0,0.0,0.0,0.0,0.0,0.013888888888888888,0.016666666666666666,0.006944444444444444,0.01184640522875817,0.004901960784313725,0.004901960784313725,0.00980392156862745,0.16633986928104574,10.0
0.0,0.0,0.016666666666666666,0.0,0.0,0.0,0.0,0.0,0.0,0.0,0.0,0.013888888888888888,0.0,0.0,0.0,0.0,0.0,0.0,0.3027777777777778,11.0
0.0,0.0,0.0,0.0,0.0,0.0,0.0,0.0,0.0,0.0,0.0,0.0,0.0,0.0,0.0,0.0,0.0,0.0,0.08333333333333333,12.0
0.010416666666666666,0.010416666666666666,0.0,0.0,0.0,0.010416666666666666,0.010416666666666666,0.0,0.0,0.0,0.010416666666666666,0.0,0.0,0.027083333333333334,0.0,0.0,0.0,0.0,0.1708333333333333,13.0
