so,ho,eg,os,sh,gi,ii,es,js,sc,gg,sg,hh,ih,hs,si,is,gs,cs,ss,TimeFactor
0.0,0.0,0.0,0.0,0.0,0.0,0.0,0.0,0.0,0.006944444444444444,0.006944444444444444,0.006944444444444444,0.010416666666666666,0.010416666666666666,0.010416666666666666,0.010416666666666666,0.03472222222222222,0.03472222222222222,0.03819444444444444,0.4131944444444445,1.0
0.0,0.0,0.0,0.0,0.0,0.0,0.0,0.0,0.0,0.0,0.0,0.0,0.0,0.0,0.0,0.0,0.020833333333333332,0.041666666666666664,0.03125,0.40625,2.0
0.0,0.0,0.0,0.0,0.002976190476190476,0.005208333333333333,0.00818452380952381,0.010416666666666666,0.03125,0.0,0.010416666666666666,0.026041666666666668,0.0,0.0,0.002976190476190476,0.005952380952380952,0.018601190476190476,0.0818452380952381,0.013392857142857142,0.5327380952380952,3.0
0.0,0.0,0.0,0.020833333333333332,0.0,0.0,0.0,0.0,0.0,0.0,0.0,0.0,0.0,0.0,0.0,0.0,0.0,0.0,0.052083333333333336,0.34375,4.0
0.0,0.0,0.0,0.0,0.0,0.0,0.0,0.020833333333333332,0.0,0.0,0.0,0.0,0.0,0.0,0.0,0.0,0.041666666666666664,0.0,0.0,0.4375,5.0
0.0,0.0,0.0,0.0,0.0,0.0,0.0,0.0,0.020833333333333332,0.0,0.0,0.0,0.0,0.0,0.0,0.0,0.0,0.020833333333333332,0.0,0.20833333333333334,6.0
0.0,0.010416666666666666,0.020833333333333332,0.03125,0.0,0.0,0.0,0.0,0.0,0.0,0.020833333333333332,0.020833333333333332,0.0,0.0,0.020833333333333332,0.0,0.022222222222222223,0.024999999999999998,0.0,0.49444444444444446,7.0
0.0,0.0,0.0,0.010416666666666666,0.0,0.0,0.0,0.0,0.020833333333333332,0.0,0.0,0.0,0.0,0.0,0.0,0.0,0.0,0.03125,0.020833333333333332,0.3333333333333333,8.0
0.0,0.0,0.0,0.0,0.0,0.0,0.0,0.0,0.0,0.0,0.0,0.0,0.0,0.0,0.0,0.0,0.0,0.020833333333333332,0.0,0.14583333333333334,9.0
0.0,0.0,0.0,0.0,0.0,0.0,0.0,0.0,0.0,0.0,0.0,0.0,0.0,0.0,0.0,0.0,0.0,0.0,0.041666666666666664,0.125,10.0
0.010416666666666666,0.0,0.0,0.020833333333333332,0.0,0.0,0.0,0.0,0.020833333333333332,0.0,0.0,0.0,0.0,0.0,0.010416666666666666,0.0,0.0,0.03125,0.03125,0.4583333333333333,11.0
0.0,0.0,0.0,0.020833333333333332,0.0,0.0,0.0,0.0,0.0,0.0,0.0,0.0,0.0,0.0,0.0,0.0,0.020833333333333332,0.0,0.020833333333333332,0.1875,12.0
0.0,0.0,0.0,0.0,0.0,0.0,0.0,0.0,0.0,0.0,0.0,0.0,0.0,0.0,0.0,0.0,0.0,0.0,0.020833333333333332,0.0625,13.0
