ec,jj,ho,jh,eh,ch,ij,ic,gh,ci,ei,so,oi,ge,ee,cg,ji,se,hi,ig,oh,co,oo,og,sh,sc,sj,es,gg,ii,gi,si,sg,hs,os,js,cs,is,gs,ss,TimeFactor
0.0,0.0,0.0,0.0,0.0,0.0,0.0,0.0,0.0,0.0,0.0,0.0,0.0,0.0,0.0,0.0,0.0,0.0,0.0004166666666666667,0.0005707762557077625,0.0006218905472636816,0.0007183908045977011,0.0007183908045977011,0.0007309941520467836,0.0007309941520467836,0.0007309941520467836,0.0007716049382716049,0.0010205314009661835,0.0014619883040935672,0.001485042735042735,0.0018660516233111515,0.0026376565615827564,0.0056027051889683535,0.012088573703865785,0.014173548538623917,0.0144558624299108,0.043584491980418194,0.058433328638111535,0.16062979757320153,0.676549718848658,1.0
0.0,0.0,0.0,0.0,0.0,0.0,0.0,0.0,0.0,0.0,0.0,0.0,0.0,0.0,0.0,0.0,0.0006720430107526881,0.0006830601092896175,0.0,0.0004789272030651341,0.0,0.0,0.0,0.0,0.0006830601092896175,0.0016300298062593144,0.0,0.0015588127091801483,0.00784836218877919,0.0021597710122300286,0.002241570244777943,0.005357204610412309,0.005369210255069215,0.01721875621211154,0.006719348844288265,0.030565600856105133,0.03176205391360837,0.061257392604425115,0.18361395193098187,0.6401808443793745,2.0
0.0,0.0,0.0,0.0,0.0,0.0,0.0,0.0,0.0,0.0,0.00037537537537537537,0.0006830601092896175,0.0008503401360544217,0.0008680555555555555,0.0008680555555555555,0.0012574636552440289,0.0,0.0,0.0,0.0003894080996884735,0.0,0.0,0.0,0.0,0.0008503401360544217,0.0,0.0017006802721088435,0.001072468208978091,0.009042056810609324,0.002029068593515634,0.0033829828660436136,0.0017006802721088435,0.008639927976365631,0.00616253949611222,0.011672427774995851,0.010154181587632016,0.013873241230708558,0.046838062802660306,0.20401434612265892,0.6735752373626847,3.0
0.0,0.0,0.0,0.0,0.0,0.0,0.0,0.0,0.0,0.0004734848484848485,0.0,0.0,0.0009689922480620155,0.0,0.0,0.0,0.0,0.0,0.0008012820512820514,0.0019159619450317125,0.0,0.0,0.0,0.0,0.0017276654504915373,0.0011892712550607288,0.0022510435301132978,0.0009689922480620155,0.002929985747734908,0.0,0.0010217304625199362,0.006405278106367145,0.006235431235431237,0.006347928116702481,0.008325543569550205,0.017625991675674677,0.022352845075513984,0.0681126298717948,0.20035012338805783,0.6499958191740646,4.0
0.0,0.0,0.0,0.0,0.0,0.0,0.0,0.0007183908045977011,0.0007183908045977011,0.0,0.0,0.000992063492063492,0.0,0.0,0.0,0.0,0.0,0.0,0.0,0.0,0.0,0.0,0.0,0.0007183908045977011,0.0,0.0008680555555555555,0.0,0.0015864463601532569,0.0007183908045977011,0.0012739463601532568,0.0,0.0046718964492798165,0.0,0.011579986411832844,0.009559831040384369,0.05797758656369321,0.03594253942676922,0.05126260098480192,0.13807042457453444,0.6833410595623879,5.0
0.0,0.0,0.0,0.0,0.0,0.0005208333333333333,0.0013020833333333333,0.0,0.0,0.0,0.0,0.0005208333333333333,0.0,0.0,0.0,0.0,0.0,0.0005208333333333333,0.0,0.0010416666666666667,0.0,0.0,0.0,0.0,0.0,0.0003687315634218289,0.0009057971014492754,0.0031249999999999997,0.0010416666666666667,0.0,0.0005208333333333333,0.0007374631268436578,0.0045353982300884955,0.010009283493375933,0.006058389074693422,0.04348513805035545,0.032325711834657586,0.06418517068466568,0.13602087420563277,0.6927742926348158,6.0
0.0,0.0,0.0,0.0,0.0005144032921810699,0.0,0.0,0.0,0.0003687315634218289,0.0,0.0,0.0007062146892655367,0.0,0.0,0.0,0.0,0.0,0.0,0.0005144032921810699,0.0021252978124323154,0.0,0.0,0.0,0.0005144032921810699,0.0005482456140350877,0.0,0.0006313131313131314,0.001984126984126984,0.0063744168234846155,0.0010964912280701754,0.0015770521983972275,0.0028479958980774365,0.0022840629704790043,0.009588050074621044,0.013127568489349676,0.010220262393543199,0.0114040305141482,0.048870143757244355,0.1943070160091502,0.6903957699722968,7.0
0.0,0.0,0.0,0.0011261261261261261,0.0,0.0,0.0,0.0,0.0,0.0,0.0,0.0,0.0,0.0,0.0,0.0,0.0,0.001736111111111111,0.0,0.0,0.0,0.0,0.0,0.0011574074074074073,0.0011574074074074073,0.0,0.0,0.0,0.000925925925925926,0.0,0.0,0.003052325581395349,0.003472222222222222,0.01265717540992138,0.009464199385456232,0.016484600239324295,0.033511896900201225,0.06536068915085692,0.16167679698433407,0.6882171161483104,8.0
0.0,0.0015432098765432098,0.001736111111111111,0.0,0.0,0.0,0.0,0.0,0.0,0.0,0.0,0.0023488562091503267,0.0,0.0,0.0,0.0,0.0,0.0,0.0,0.0,0.0,0.0,0.0,0.0,0.0015432098765432098,0.0015597147950089125,0.0,0.0,0.0,0.0,0.0,0.0,0.0024112654320987653,0.020186945913650573,0.012516709588210601,0.057338973406215514,0.029426039183338845,0.050916348300285,0.07250147159259697,0.7459711447152468,9.0
0.0,0.0,0.0,0.0,0.0,0.0,0.0,0.0,0.0,0.0,0.0,0.0,0.0,0.0,0.0,0.0,0.0,0.0,0.0,0.0,0.0,0.0,0.0,0.0,0.0003720238095238095,0.0003720238095238095,0.0,0.001258548632218845,0.0,0.001258548632218845,0.0008865248226950354,0.004159902597402597,0.0016025641025641027,0.011577704784708332,0.016905126848241504,0.04132544820340329,0.027852775757833168,0.04683393291887044,0.11850305310675541,0.7270918219740409,10.0
0.0006218905472636816,0.0,0.0,0.0,0.0,0.0,0.0,0.0,0.0,0.0,0.0,0.0,0.001736111111111111,0.0,0.0,0.0,0.0,0.0,0.0,0.0012437810945273632,0.0,0.0,0.0,0.0,0.0006218905472636816,0.000744047619047619,0.0011560785814517156,0.0,0.002323792572441569,0.0018656716417910447,0.0,0.0059877657237105445,0.006927561860544971,0.008676022405511867,0.009228451823072864,0.010130920177791613,0.020347557301740392,0.06891736257088765,0.1899450273716544,0.6695260670501879,11.0
0.0,0.0,0.0,0.0,0.0,0.0,0.0,0.0,0.0,0.0,0.0,0.0,0.0,0.0,0.0,0.0,0.0,0.000946969696969697,0.0,0.0010162601626016261,0.0,0.0,0.0,0.0,0.0005020080321285141,0.0010162601626016261,0.0006313131313131314,0.000946969696969697,0.0,0.0,0.0,0.0032457664229370853,0.0051334167187825725,0.004659036395739304,0.003627846107520904,0.025631907237598294,0.016651765679008074,0.07673141426425724,0.17666939838275827,0.682589667908814,12.0
0.0,0.0,0.0,0.0,0.0,0.0,0.0,0.0,0.0,0.0006038647342995169,0.0,0.0,0.0,0.0,0.0,0.0,0.000744047619047619,0.0,0.0,0.0017603077816492451,0.0,0.0,0.0,0.0,0.0,0.0012077294685990338,0.0,0.0,0.0,0.0006038647342995169,0.001347912353347136,0.002364172515948762,0.0014208581983518045,0.010068215754513348,0.015945464265321105,0.07123309746219059,0.03598840101858596,0.048496425311708835,0.09747868572020968,0.7107369530619279,13.0
