ji,ie,ee,ih,hh,es,go,so,ei,se,gh,os,si,ig,ci,ii,sg,gi,gg,hs,sc,cs,js,is,gs,ss,TimeFactor
0.0,0.0,0.0,0.0,0.0,0.0,0.0,0.0,0.0,0.0,0.0,0.0,0.0,0.0,0.0,0.0,0.0,0.0,0.0,0.004166666666666667,0.006944444444444444,0.006944444444444444,0.006944444444444444,0.03472222222222222,0.03541666666666666,0.5715277777777779,1.0
0.0,0.0,0.0,0.0,0.0,0.0,0.0,0.0,0.0016025641025641027,0.0016025641025641027,0.0023148148148148147,0.0026041666666666665,0.0036858974358974362,0.003917378917378918,0.004166666666666667,0.006109775641025641,0.008373397435897436,0.009014423076923078,0.026802884615384614,0.0023148148148148147,0.0,0.006944444444444444,0.03269675925925926,0.04939013532763534,0.07923344017094018,0.7592258725071225,2.0
0.0,0.0,0.0,0.0,0.0,0.0,0.0,0.0,0.0,0.0,0.0,0.0,0.004166666666666667,0.004166666666666667,0.0,0.001388888888888889,0.006944444444444445,0.001388888888888889,0.005555555555555556,0.0,0.0,0.029166666666666664,0.004166666666666667,0.023148148148148143,0.10601851851851851,0.8138888888888888,3.0
0.0,0.0,0.0,0.0,0.0,0.0,0.0,0.001893939393939394,0.0,0.0,0.0,0.007954545454545455,0.0,0.0,0.0,0.004166666666666667,0.004166666666666667,0.004166666666666667,0.0,0.0020833333333333333,0.0,0.0,0.001893939393939394,0.017361111111111112,0.07560425685425685,0.7140422077922078,4.0
0.0,0.0,0.005208333333333333,0.006944444444444444,0.006944444444444444,0.010416666666666666,0.020833333333333332,0.0,0.0,0.005208333333333333,0.0,0.020833333333333332,0.00954861111111111,0.020833333333333332,0.0,0.005208333333333333,0.0,0.005208333333333333,0.005208333333333333,0.0,0.0,0.0,0.027777777777777776,0.010416666666666666,0.04513888888888889,0.5442708333333334,5.0
0.0,0.0020833333333333333,0.0020833333333333333,0.0,0.0,0.0020833333333333333,0.0,0.0,0.0,0.0020833333333333333,0.0,0.003472222222222222,0.001893939393939394,0.0,0.0,0.001893939393939394,0.003787878787878788,0.0020833333333333333,0.005871212121212122,0.0,0.0,0.0,0.0,0.010037878787878788,0.06861402486402486,0.6440122377622378,6.0
0.0,0.0,0.0,0.0,0.0,0.0,0.0,0.0,0.0,0.0,0.0,0.006944444444444444,0.0,0.0,0.0,0.0,0.0,0.0,0.0,0.0,0.0,0.005208333333333333,0.0,0.03177083333333333,0.05000000000000001,0.7394097222222222,7.0
0.0,0.0,0.0,0.0,0.0,0.0,0.0,0.010416666666666666,0.0,0.0,0.0,0.010416666666666666,0.010416666666666666,0.0,0.0,0.0,0.0,0.0,0.0,0.0,0.0,0.0,0.015625,0.029166666666666664,0.03721590909090909,0.8034090909090909,8.0
0.0,0.0,0.0,0.0,0.0,0.0,0.0,0.0,0.0,0.0,0.0,0.0026041666666666665,0.0,0.0,0.0,0.0,0.0,0.0,0.0,0.00954861111111111,0.0,0.010416666666666666,0.005208333333333333,0.01984126984126984,0.018973214285714284,0.5167410714285715,9.0
0.0,0.0,0.0,0.0,0.0,0.0,0.0,0.0,0.0,0.0,0.0,0.0,0.0010416666666666667,0.0,0.0,0.0,0.006944444444444444,0.0,0.013888888888888888,0.0010416666666666667,0.0,0.0,0.020833333333333332,0.03229166666666666,0.036458333333333336,0.7208333333333332,10.0
0.002976190476190476,0.0,0.0,0.0,0.0,0.0,0.0,0.0,0.0,0.0,0.0,0.0,0.0,0.0,0.0,0.0,0.0,0.0,0.0,0.0,0.0,0.002976190476190476,0.041666666666666664,0.002976190476190476,0.0685515873015873,0.7975198412698412,11.0
0.0,0.0,0.0,0.0,0.0,0.0,0.0,0.0,0.0,0.0,0.0,0.0,0.0,0.0,0.0,0.0,0.0,0.0,0.0,0.006944444444444444,0.0,0.01736111111111111,0.03616898148148148,0.017485119047619044,0.052455357142857144,0.7862516534391534,12.0
0.0,0.0,0.0,0.0,0.0,0.005208333333333333,0.0,0.0,0.0,0.0,0.0,0.005208333333333333,0.010416666666666666,0.0,0.0,0.0,0.003472222222222222,0.0,0.0,0.0,0.0,0.0,0.041666666666666664,0.013888888888888888,0.03009259259259259,0.6400462962962963,13.0
