og,os,jg,jj,hi,sh,ge,sc,si,ie,eg,es,ii,hs,js,ig,sg,gi,gg,cs,is,gs,ss,TimeFactor
0.0,0.0,0.0,0.0,0.0,0.0,0.0,0.0,0.0,0.0,0.0,0.0,0.0,0.0,0.0,0.002976190476190476,0.004166666666666667,0.007142857142857143,0.012499999999999999,0.023809523809523808,0.04583333333333334,0.07827380952380952,0.575297619047619,1.0
0.0,0.0,0.0,0.0,0.0,0.0,0.0,0.004166666666666667,0.004166666666666667,0.006944444444444444,0.006944444444444444,0.006944444444444444,0.006944444444444444,0.010416666666666666,0.029513888888888885,0.004166666666666667,0.004166666666666667,0.010416666666666666,0.015277777777777779,0.011111111111111112,0.06840277777777778,0.019791666666666666,0.6239583333333333,2.0
0.0,0.0,0.0,0.0,0.005208333333333333,0.005208333333333333,0.007291666666666666,0.0,0.010416666666666666,0.0,0.0,0.0020833333333333333,0.026041666666666668,0.0,0.0020833333333333333,0.005208333333333333,0.017708333333333333,0.0,0.028125,0.020833333333333332,0.019791666666666666,0.05590277777777777,0.6274305555555555,3.0
0.0,0.0,0.0,0.0,0.0,0.0,0.0,0.0,0.0,0.0,0.0,0.0,0.0,0.006944444444444444,0.03125,0.0,0.0,0.0,0.0,0.010416666666666666,0.05277777777777778,0.027777777777777776,0.7875,4.0
0.0,0.0,0.0,0.0,0.0,0.0,0.0,0.0,0.0,0.0,0.0,0.0,0.0,0.0,0.0625,0.0,0.0,0.0,0.0,0.020833333333333332,0.0,0.0,0.4166666666666667,5.0
0.0,0.0,0.0,0.0,0.0,0.0,0.0,0.0,0.0,0.0,0.0,0.0,0.0,0.0,0.041666666666666664,0.0,0.005208333333333333,0.005208333333333333,0.005208333333333333,0.0,0.046875,0.020833333333333332,0.375,6.0
0.0,0.0,0.0,0.0,0.0,0.0,0.0,0.0,0.0,0.0,0.0,0.0,0.0,0.006944444444444444,0.010416666666666666,0.0,0.0,0.0,0.0,0.005208333333333333,0.041666666666666664,0.010416666666666666,0.5920138888888888,7.0
0.0,0.0,0.010416666666666666,0.010416666666666666,0.0,0.0,0.0,0.0,0.0,0.0,0.0,0.0,0.0,0.010416666666666666,0.052083333333333336,0.0,0.020833333333333332,0.0,0.020833333333333332,0.0,0.049999999999999996,0.035416666666666666,0.5395833333333333,8.0
0.0,0.0,0.0,0.0,0.0,0.0,0.0,0.0,0.0,0.0,0.0,0.0,0.0,0.0,0.08333333333333333,0.0,0.0,0.0,0.0,0.0,0.0,0.0,0.3333333333333333,9.0
0.0,0.0,0.0,0.0,0.0,0.0,0.0,0.0,0.006944444444444444,0.0,0.0,0.0,0.0,0.006944444444444444,0.06249999999999999,0.0,0.0,0.0,0.0,0.006944444444444444,0.04513888888888889,0.0,0.4548611111111111,10.0
0.0,0.003472222222222222,0.0,0.0,0.0,0.0,0.0,0.0,0.0,0.0,0.0,0.0,0.0,0.0,0.0,0.0,0.003472222222222222,0.0,0.0,0.005208333333333333,0.006944444444444444,0.029513888888888885,0.45138888888888884,11.0
0.0,0.0,0.0,0.0,0.0,0.0,0.0,0.0,0.0,0.0,0.0,0.0,0.0,0.0,0.03125,0.0,0.0,0.0,0.0,0.010416666666666666,0.020833333333333332,0.0625,0.7083333333333334,12.0
0.006944444444444444,0.0,0.0,0.0,0.0,0.0,0.0,0.0,0.0,0.0,0.0,0.0,0.0,0.0,0.04265873015873015,0.0,0.0,0.0,0.0,0.006944444444444444,0.027777777777777776,0.006944444444444444,0.4920634920634921,13.0
