ee,ij,ce,hi,cg,ei,eg,ci,ec,oj,oc,jj,og,oi,so,ch,sh,gc,se,sc,cc,ge,js,hg,jg,ih,ii,hc,sj,gi,os,ie,ig,gg,sg,si,es,cs,hs,ss,is,gs,TimeFactor
0.0,0.0,0.0,0.0,0.0,0.0,0.0,0.0,0.0,0.0,0.0,0.0,0.0016666666666666668,0.0017730496453900709,0.0030864197530864196,0.003128654970760234,0.0032350379494836385,0.0036231884057971015,0.0036231884057971015,0.004590643274853801,0.0048594693984764905,0.004901960784313725,0.006172839506172839,0.006675010429703796,0.007988380537400145,0.008348240906380441,0.008482657804273592,0.009431524547803617,0.010777401442363077,0.0111795149342083,0.012217646088618526,0.012820512820512822,0.013835531108116333,0.013931887693834619,0.01565527368256323,0.016496929405946135,0.020611039482011918,0.029006363504647522,0.044473552637877535,0.08513518291867854,0.21499633419013642,0.4172758971041253,1.0
0.0,0.0,0.0,0.0,0.0,0.0,0.0,0.0017006802721088435,0.0020325203252032522,0.0020325203252032522,0.0020325203252032522,0.011904761904761904,0.0,0.0017006802721088435,0.0,0.0020325203252032522,0.006602641056422568,0.0,0.0,0.0012437810945273632,0.0017006802721088435,0.0,0.006934481109516978,0.0059206518428266824,0.047534013605442176,0.007142857142857143,0.009428304904051173,0.0020325203252032522,0.0017006802721088435,0.0020325203252032522,0.019738836174948298,0.0,0.016254776391809,0.020637814714307253,0.02858062136394419,0.01674922569661062,0.02138668900395979,0.023797458098638067,0.04917242346548758,0.15684170631786534,0.19841068754455174,0.24938709219448385,2.0
0.0,0.0,0.0,0.0009157509157509159,0.001736111111111111,0.0020325203252032522,0.0037686314363143633,0.0037686314363143633,0.0,0.0,0.0,0.0,0.001572327044025157,0.0,0.001736111111111111,0.0,0.0,0.0,0.001736111111111111,0.0,0.0,0.0037686314363143633,0.0,0.002777777777777778,0.008333333333333333,0.0009157509157509159,0.017310298102981028,0.0,0.0,0.011672008547008547,0.03255523302693114,0.008333333333333333,0.021230158730158728,0.046014351821415785,0.02008223040062663,0.01286127490395783,0.05109769126537419,0.010630341880341879,0.027060381614856993,0.17662629018473475,0.20552904457356824,0.3259356736605931,3.0
0.0,0.0,0.0,0.0,0.0,0.0,0.0375,0.0016025641025641027,0.0,0.0,0.0,0.0,0.0,0.0,0.0,0.0,0.0,0.0,0.0,0.0,0.0,0.020833333333333332,0.0,0.0,0.03333333333333333,0.0,0.0032051282051282055,0.0,0.027777777777777776,0.0,0.10160818713450293,0.0,0.0043859649122807015,0.0043859649122807015,0.0391025641025641,0.0,0.02982456140350877,0.0,0.023954116059379218,0.12159806567701308,0.17295883940620782,0.29459626630679264,4.0
0.0,0.0,0.0,0.0,0.0,0.0,0.0,0.0,0.0,0.0,0.0,0.0,0.0,0.0,0.020833333333333332,0.0,0.0,0.0,0.0,0.0,0.0,0.0,0.0,0.0,0.0,0.0,0.0,0.0,0.0,0.0,0.016666666666666666,0.0,0.0,0.006410256410256411,0.0,0.0,0.020833333333333332,0.027243589743589744,0.006410256410256411,0.32585470085470086,0.2331196581196581,0.2592948717948718,5.0
0.0,0.006944444444444444,0.08333333333333333,0.0,0.0,0.0,0.0,0.0,0.0,0.0,0.0,0.0,0.0,0.0,0.0,0.0,0.0,0.0,0.0,0.006944444444444444,0.0,0.0,0.013888888888888888,0.0,0.007575757575757576,0.0,0.0,0.0,0.0,0.0,0.04031385281385281,0.0,0.0,0.015151515151515152,0.007575757575757576,0.0,0.007575757575757576,0.015151515151515152,0.02556818181818182,0.22005772005772006,0.3208423520923521,0.22907647907647907,6.0
0.0,0.0,0.0,0.0,0.0,0.0,0.0,0.0,0.0,0.0,0.0,0.0,0.0,0.0,0.0,0.0,0.0,0.0,0.011904761904761904,0.011904761904761904,0.0,0.0,0.0,0.0,0.0,0.0,0.0,0.0,0.004629629629629629,0.0020833333333333333,0.02843915343915344,0.0,0.011111111111111112,0.013888888888888888,0.02996031746031746,0.010416666666666666,0.013988095238095237,0.003968253968253968,0.02318121693121693,0.3966931216931217,0.12939814814814818,0.30843253968253964,7.0
0.0,0.0,0.0,0.0,0.0,0.0,0.0,0.0,0.0,0.0,0.0,0.0,0.0,0.0,0.0,0.0,0.0,0.0,0.0,0.0,0.0,0.0,0.0,0.0,0.016666666666666666,0.0,0.013888888888888888,0.0,0.0,0.0,0.10714285714285714,0.0,0.0,0.027777777777777776,0.025793650793650796,0.020833333333333332,0.027777777777777776,0.0375,0.011904761904761904,0.29047619047619044,0.10079365079365078,0.15277777777777776,8.0
0.0,0.0,0.0,0.0,0.0,0.0,0.020833333333333332,0.0,0.0,0.0,0.0,0.0,0.0,0.0,0.0,0.0,0.0,0.0,0.0,0.0,0.0,0.0,0.0,0.0,0.049999999999999996,0.0,0.0,0.0,0.0,0.0,0.020833333333333332,0.0,0.0,0.0,0.125,0.020833333333333332,0.016666666666666666,0.016666666666666666,0.016666666666666666,0.36111111111111116,0.05833333333333333,0.20972222222222223,9.0
0.0,0.0,0.0,0.0,0.027777777777777776,0.0,0.027777777777777776,0.0,0.0,0.0,0.027777777777777776,0.0,0.0,0.0,0.0,0.0,0.0,0.0,0.0,0.0,0.0,0.0,0.0,0.0,0.0,0.0,0.0,0.0,0.008333333333333333,0.0,0.011904761904761904,0.0,0.0,0.0,0.02314814814814815,0.0,0.0,0.0,0.0,0.496494708994709,0.14788359788359787,0.2289021164021164,10.0
0.0,0.0,0.0,0.0,0.005555555555555556,0.0,0.0,0.0,0.0,0.0,0.0,0.0,0.009259259259259259,0.0,0.0,0.0,0.0,0.0,0.0,0.0,0.0,0.0,0.0,0.009259259259259259,0.0,0.0,0.0,0.0,0.0,0.0,0.017992424242424244,0.0,0.005555555555555556,0.0,0.03597883597883598,0.0,0.030555555555555558,0.010416666666666666,0.017992424242424244,0.4791756854256854,0.15033369408369407,0.14459175084175083,11.0
0.0,0.0,0.009259259259259259,0.0,0.0,0.0,0.011904761904761904,0.0,0.0,0.0,0.0,0.0,0.0,0.0,0.0,0.0,0.0,0.0,0.0,0.0,0.0,0.005555555555555556,0.03009259259259259,0.009259259259259259,0.0,0.0,0.0,0.0,0.0,0.0,0.05555555555555555,0.0,0.0,0.03273809523809524,0.030555555555555558,0.0,0.0,0.0,0.0,0.42658730158730157,0.0988095238095238,0.2896825396825397,12.0
0.020833333333333332,0.0,0.0,0.004901960784313725,0.0,0.0,0.0,0.0,0.0,0.0,0.0,0.0,0.0,0.0,0.0,0.0,0.0,0.0,0.0,0.0,0.0,0.004901960784313725,0.004901960784313725,0.0,0.0,0.0,0.0,0.0,0.0,0.0,0.011904761904761904,0.0,0.0,0.05357142857142857,0.05430672268907563,0.0032051282051282055,0.0124777183600713,0.0,0.00980392156862745,0.27109479572714873,0.08967405143875733,0.3750889225153931,13.0
