gc,og,jg,go,sh,so,ic,ii,si,es,cc,sc,ih,sg,os,js,cs,hs,gs,is,ss,TimeFactor
0.0,0.0,0.0,0.0,0.0,0.0,0.0,0.0,0.0,0.0,0.0010162601626016261,0.0010162601626016261,0.0014367816091954023,0.004922952296161332,0.010824019619642447,0.0287095927792968,0.031142645422385744,0.03215496418595112,0.10776232399009354,0.12250598593299333,0.658508213839077,1.0
0.0,0.0,0.0,0.0,0.0,0.0,0.0,0.0,0.0,0.006897546897546898,0.0,0.0,0.0,0.0,0.005925925925925926,0.05036784081221422,0.03153600960586255,0.01319909529468353,0.1102340794684145,0.08601933927940962,0.6958201627159427,2.0
0.0,0.0,0.0,0.0,0.0,0.0,0.0,0.0,0.0024509803921568627,0.002892156862745098,0.0,0.0,0.0,0.0,0.0072132402316478226,0.01114132112584125,0.02729434070643477,0.008496443080621578,0.18724012863344,0.04804061349612005,0.7052307754709926,3.0
0.0,0.0,0.0,0.0,0.0,0.0,0.0,0.0,0.0016666666666666668,0.0,0.0,0.0007716049382716049,0.0,0.001984126984126984,0.0064919242550821495,0.05890258052538755,0.040407268170426065,0.024399192425508216,0.11982943469785574,0.10171888053467,0.6438283208020051,4.0
0.0,0.0,0.0,0.0,0.0,0.002777777777777778,0.002777777777777778,0.002777777777777778,0.0032051282051282055,0.007605820105820105,0.0,0.0,0.0,0.0,0.01530830280830281,0.04824481074481074,0.045701058201058194,0.02466931216931217,0.06557030932030931,0.06493691493691493,0.7164250101750103,5.0
0.0,0.0,0.0,0.0,0.001984126984126984,0.0,0.0,0.0,0.0,0.008417508417508417,0.0,0.0,0.0,0.0011904761904761904,0.016089466089466088,0.03238232074438971,0.02986391003632383,0.008748196248196248,0.061416090295400634,0.05004727073692591,0.789860634257186,6.0
0.0,0.0,0.0010162601626016261,0.002976190476190476,0.0,0.0,0.0,0.0,0.0010162601626016261,0.0024509803921568627,0.0,0.0,0.0,0.002976190476190476,0.027699229097411456,0.01285753399328668,0.036525359026318656,0.014619201339072215,0.16264839929845618,0.05441473900583004,0.6807996565698837,7.0
0.0,0.0,0.0,0.0,0.0,0.0,0.0,0.0,0.0,0.005555555555555556,0.0,0.0,0.0,0.0,0.008230706075533662,0.029372128237259817,0.04133237760676508,0.022522843567251465,0.15304050601294253,0.1192647661309753,0.6206811168137166,8.0
0.005208333333333333,0.005208333333333333,0.005208333333333333,0.0,0.0,0.0,0.0,0.0,0.0023148148148148147,0.0,0.0,0.0,0.0,0.027777777777777776,0.002976190476190476,0.039252645502645504,0.05600348725348725,0.010648148148148148,0.07506613756613757,0.0400974025974026,0.7302383958633959,9.0
0.0,0.0,0.0,0.0009057971014492754,0.0,0.0,0.0,0.0,0.0,0.004629629629629629,0.0,0.0,0.0,0.000992063492063492,0.009007648953301127,0.048092330388168486,0.02773937409949996,0.01145224171539961,0.08836128288716961,0.06569838318622644,0.7431212485470923,10.0
0.0,0.0,0.0015432098765432098,0.0,0.0,0.0,0.0,0.0,0.002976190476190476,0.003472222222222222,0.0,0.0,0.0,0.0020833333333333333,0.007859848484848485,0.025178872053872054,0.03296005691839025,0.01203202661535995,0.14535784431617763,0.08338143338143338,0.683154962321629,11.0
0.0,0.0,0.0,0.0,0.0010964912280701754,0.0,0.0,0.0,0.002777777777777778,0.006944444444444444,0.0,0.0,0.0,0.0016025641025641027,0.012885743642322589,0.08394166597291597,0.03493467272250167,0.006478435672514621,0.11090486328973172,0.09659499096176728,0.6418383501853896,12.0
0.0,0.0,0.0,0.0,0.0,0.0,0.0,0.0,0.0,0.004166666666666667,0.0,0.0016025641025641027,0.0,0.0,0.008547008547008546,0.03375159642401022,0.03010487277728657,0.010769230769230769,0.11439065723548482,0.12182581786030063,0.6748415856174477,13.0
