gj,ec,ge,cg,jc,oo,so,io,oi,ei,ic,hc,gc,og,gi,eg,hh,sh,ig,ie,hs,jg,si,hg,ci,cc,ii,es,sc,os,ee,se,cs,gg,js,sg,jj,sj,is,gs,ss,TimeFactor
0.0,0.0,0.0,0.0,0.0,0.0,0.0,0.0,0.0,0.0,0.0,0.0,0.0,0.0,0.0,0.0,0.0,0.0,0.0,0.0,0.0,0.0,0.0,0.0021367521367521365,0.0021367521367521365,0.004629629629629629,0.005555555555555556,0.005555555555555556,0.009259259259259259,0.009259259259259259,0.009259259259259259,0.009259259259259259,0.009259259259259259,0.009829059829059829,0.019444444444444445,0.025498575498575496,0.027777777777777776,0.03333333333333333,0.04501424501424501,0.07015669515669515,0.45263532763532766,1.0
0.0,0.0,0.0,0.0,0.0,0.0,0.0,0.0,0.0,0.0,0.0,0.0014619883040935672,0.0014619883040935672,0.0014619883040935672,0.0014619883040935672,0.0014619883040935672,0.0014619883040935672,0.0014619883040935672,0.0014619883040935672,0.004239766081871345,0.009523809523809523,0.013888888888888888,0.013888888888888888,0.0,0.0,0.0030864197530864196,0.0,0.013690476190476189,0.002777777777777778,0.003968253968253968,0.006944444444444444,0.006944444444444444,0.021162860855843308,0.014944769330734242,0.0,0.013482781026640675,0.013888888888888888,0.013888888888888888,0.04674417525294718,0.06684535412605587,0.5517265385686438,2.0
0.0,0.0,0.0,0.0,0.0,0.0,0.001388888888888889,0.002777777777777778,0.002777777777777778,0.003968253968253968,0.007054673721340388,0.0,0.0,0.0,0.0,0.0,0.002777777777777778,0.002777777777777778,0.005357142857142856,0.003968253968253968,0.011684303350970017,0.0,0.010030864197530864,0.0,0.0,0.0,0.004475308641975308,0.016005291005291005,0.012037037037037035,0.025925925925925925,0.0,0.0,0.03428130511463844,0.02429453262786596,0.007407407407407407,0.02619047619047619,0.0,0.004629629629629629,0.06302910052910052,0.09226190476190477,0.6348985890652558,3.0
0.0,0.0,0.0,0.0,0.0,0.0,0.0,0.0,0.0,0.0,0.0,0.0,0.0,0.0,0.0,0.0,0.0,0.0,0.0,0.0,0.037037037037037035,0.0,0.0,0.0,0.0,0.0,0.0,0.0,0.013888888888888888,0.0,0.0,0.0,0.041666666666666664,0.027777777777777776,0.0,0.041666666666666664,0.0,0.0,0.027777777777777776,0.02314814814814815,0.28703703703703703,4.0
0.0,0.0,0.0,0.0,0.013888888888888888,0.018518518518518517,0.018518518518518517,0.0,0.0,0.0,0.027777777777777776,0.0,0.0,0.0,0.0,0.0,0.0,0.0,0.009259259259259259,0.0,0.009259259259259259,0.0,0.013888888888888888,0.0,0.0,0.0,0.0,0.013888888888888888,0.0,0.0462962962962963,0.0,0.0,0.041666666666666664,0.0,0.0,0.02314814814814815,0.0,0.0,0.05555555555555556,0.0462962962962963,0.32870370370370366,5.0
0.0,0.0,0.0,0.0,0.0,0.0,0.0,0.0,0.0,0.0,0.0,0.0,0.0,0.0,0.0,0.027777777777777776,0.0,0.0,0.0,0.0,0.0,0.0,0.0,0.0,0.0,0.0,0.0,0.0,0.0,0.013888888888888888,0.0,0.0,0.013888888888888888,0.05555555555555555,0.0,0.05555555555555555,0.0,0.0,0.027777777777777776,0.05555555555555555,0.3333333333333333,6.0
0.0,0.0,0.0,0.0,0.0,0.0,0.0,0.0,0.0,0.0,0.0,0.0,0.0,0.0,0.0,0.0,0.0,0.027777777777777776,0.0,0.013888888888888888,0.027777777777777776,0.0,0.0,0.0,0.0,0.0,0.013888888888888888,0.013888888888888888,0.0,0.027777777777777776,0.0,0.0,0.0,0.0,0.0,0.013888888888888888,0.0,0.0,0.027777777777777776,0.027777777777777776,0.47222222222222215,7.0
0.0,0.0,0.0,0.0,0.0,0.0,0.0,0.0,0.0,0.0,0.0,0.0,0.0,0.0,0.0,0.0,0.0,0.0,0.0,0.0,0.0,0.0,0.0,0.0,0.0,0.0,0.0,0.0,0.0,0.0,0.0,0.0,0.0,0.009259259259259259,0.0,0.009259259259259259,0.0,0.0,0.0,0.0,0.8148148148148149,8.0
0.0,0.0,0.0030864197530864196,0.0030864197530864196,0.0,0.0,0.0,0.0,0.0,0.0,0.0,0.0,0.0,0.0,0.0,0.0,0.0,0.0,0.0030864197530864196,0.0,0.0,0.0,0.016975308641975308,0.0,0.0,0.0,0.010030864197530864,0.0030864197530864196,0.0,0.013888888888888888,0.0,0.0,0.013888888888888888,0.0,0.0,0.023919753086419752,0.0030864197530864196,0.0030864197530864196,0.02546296296296296,0.020061728395061727,0.3572530864197531,9.0
0.0,0.0,0.0,0.0,0.0,0.027777777777777776,0.027777777777777776,0.0,0.0,0.0,0.0,0.0,0.0,0.0,0.009259259259259259,0.0,0.0,0.004629629629629629,0.027777777777777776,0.0,0.004629629629629629,0.0,0.0,0.0,0.0,0.0,0.0,0.027777777777777776,0.0,0.032407407407407406,0.004629629629629629,0.004629629629629629,0.0,0.0574074074074074,0.0,0.019444444444444445,0.009259259259259259,0.009259259259259259,0.014814814814814814,0.04722222222222222,0.5879629629629629,10.0
0.0,0.0,0.0,0.0,0.0,0.0,0.027777777777777776,0.0,0.0,0.0,0.0,0.0,0.0,0.0,0.0,0.0,0.0,0.0,0.027777777777777776,0.0,0.0,0.0,0.013888888888888888,0.0,0.0,0.009259259259259259,0.013888888888888888,0.006944444444444444,0.009259259259259259,0.041666666666666664,0.027777777777777776,0.027777777777777776,0.0,0.03009259259259259,0.0,0.11342592592592592,0.0,0.0,0.02546296296296296,0.10648148148148147,0.2685185185185185,11.0
0.0,0.0,0.0,0.0,0.0,0.0,0.0,0.0,0.0,0.0,0.0,0.0,0.0,0.0,0.0,0.0,0.0,0.0,0.0,0.0,0.0,0.0,0.0,0.0,0.0,0.0,0.006944444444444444,0.0,0.0,0.0,0.0,0.0,0.0,0.009259259259259259,0.009259259259259259,0.009259259259259259,0.009259259259259259,0.009259259259259259,0.043981481481481476,0.006944444444444444,0.3958333333333333,12.0
0.013888888888888888,0.013888888888888888,0.0,0.006944444444444444,0.0,0.0,0.0,0.0,0.0,0.0,0.0,0.0,0.0,0.006944444444444444,0.0,0.013888888888888888,0.0,0.0,0.013888888888888888,0.0,0.0,0.0,0.0,0.0,0.0,0.0,0.0,0.0,0.0,0.006944444444444444,0.013888888888888888,0.020833333333333332,0.013888888888888888,0.020833333333333332,0.013888888888888888,0.06249999999999999,0.027777777777777776,0.027777777777777776,0.013888888888888888,0.11574074074074076,0.17592592592592593,13.0
