jg,gg,hs,js,cs,sg,ii,si,os,is,gs,ss,TimeFactor
0.0,0.0,0.0,0.0,0.006944444444444444,0.01736111111111111,0.020833333333333332,0.020833333333333332,0.027777777777777776,0.052083333333333336,0.05902777777777777,0.545138888888889,1.0
0.0,0.0,0.0,0.052083333333333336,0.003472222222222222,0.0,0.0,0.0,0.0,0.020833333333333332,0.013888888888888888,0.4930555555555555,2.0
0.0,0.005208333333333333,0.03125,0.0,0.026041666666666668,0.005208333333333333,0.0,0.0,0.0,0.005208333333333333,0.041666666666666664,0.71875,3.0
0.0,0.004166666666666667,0.0,0.013888888888888888,0.03125,0.004166666666666667,0.0,0.0,0.004166666666666667,0.017708333333333333,0.04305555555555555,0.7149305555555555,4.0
0.0,0.0,0.0,0.020833333333333332,0.0,0.0,0.010416666666666666,0.010416666666666666,0.010416666666666666,0.0,0.020833333333333332,0.2604166666666667,5.0
0.0,0.0,0.0,0.041666666666666664,0.0,0.0,0.0,0.0,0.0,0.006944444444444444,0.006944444444444444,0.4444444444444445,6.0
0.0,0.0,0.020833333333333332,0.005208333333333333,0.0,0.0,0.0,0.0,0.012152777777777776,0.020833333333333332,0.03125,0.4930555555555556,7.0
0.010416666666666666,0.0,0.0,0.0,0.0,0.0,0.0,0.0,0.0,0.041666666666666664,0.010416666666666666,0.5208333333333334,8.0
0.0,0.0,0.0,0.0625,0.020833333333333332,0.0,0.0,0.0,0.0,0.0,0.0,0.5833333333333334,9.0
0.0,0.0,0.006944444444444444,0.041666666666666664,0.020833333333333332,0.0,0.0,0.0,0.006944444444444444,0.0,0.006944444444444444,0.6666666666666666,10.0
0.0,0.0,0.020833333333333332,0.0,0.016319444444444445,0.0,0.0,0.0,0.005208333333333333,0.029513888888888885,0.024999999999999998,0.4864583333333334,11.0
0.0,0.0,0.006944444444444444,0.041666666666666664,0.01909722222222222,0.0,0.0,0.0,0.0,0.020833333333333332,0.020833333333333332,0.5572916666666666,12.0
0.0,0.0,0.0,0.005208333333333333,0.0,0.0,0.0,0.0,0.010416666666666666,0.010416666666666666,0.005208333333333333,0.3854166666666667,13.0
