ei,jh,ij,oc,eo,se,jj,jc,hh,ce,ee,co,oj,oi,ic,ih,ie,gj,ge,ig,so,jg,hg,ji,og,cg,hc,jo,gh,ci,hi,sj,es,sc,gi,gg,ii,os,sh,si,sg,js,hs,cs,ss,is,gs,TimeFactor
0.0,0.0,0.0,0.0,0.0,0.0,0.0,0.0,0.0,0.0,0.0,0.0,0.0,0.0,0.0,0.0,0.000992063492063492,0.000992063492063492,0.000992063492063492,0.000992063492063492,0.0011574074074074073,0.0014124293785310734,0.0014124293785310734,0.0016339869281045752,0.0016339869281045752,0.0016339869281045752,0.001736111111111111,0.001736111111111111,0.001736111111111111,0.0024044928705945654,0.0024509803921568627,0.0033386752136752135,0.0037272441933458877,0.0049991204652221595,0.00582010582010582,0.006173124306908928,0.006613756613756613,0.008564775411795329,0.011457123499806425,0.02324180506820088,0.027205161972734256,0.03129477013586879,0.04127588436984943,0.04371455890716706,0.1795326610986339,0.24447909757248507,0.33564584783732226,1.0
0.0,0.0,0.0,0.0,0.0,0.0,0.0,0.0,0.0,0.000896057347670251,0.000896057347670251,0.0013227513227513227,0.0017732503301263914,0.001792114695340502,0.002411208862821766,0.002976190476190476,0.0,0.0,0.003584229390681004,0.006631341812244569,0.0,0.0,0.000896057347670251,0.0,0.0,0.0014367816091954023,0.0,0.0,0.000896057347670251,0.003472222222222222,0.0,0.005631466486729644,0.00924635672564658,0.003074165977391784,0.003853383458646616,0.015078875095853025,0.003853383458646616,0.0058136543705304316,0.009452241307080016,0.01738234883396174,0.027660992850384574,0.012263247242537098,0.052135836111818185,0.01788462313131536,0.16193349685460803,0.23815220942804224,0.3875993985545534,2.0
0.0,0.0,0.0,0.0,0.0,0.0,0.0,0.0009578544061302681,0.0009578544061302681,0.0,0.0,0.0,0.0,0.0,0.0,0.0009578544061302681,0.0,0.0020325203252032522,0.0,0.005629949368606356,0.0,0.0,0.0,0.0,0.0,0.0,0.0,0.0,0.0,0.0,0.0,0.002825261158594492,0.00453358460787673,0.004487179487179488,0.005863937949724324,0.01400770988659971,0.005113468906572355,0.015584538618600855,0.0,0.011166823319155368,0.023132050582510208,0.007503192848020434,0.02357270265618723,0.02304271664562636,0.20417157913506015,0.20448537771771205,0.4399738435683797,3.0
0.0,0.0,0.0,0.0,0.0,0.0014619883040935672,0.0026041666666666665,0.0,0.0,0.0,0.0,0.0,0.0,0.0014619883040935672,0.0,0.0014619883040935672,0.0,0.0,0.0,0.0014619883040935672,0.0008333333333333334,0.0,0.0026041666666666665,0.0,0.003968253968253968,0.0,0.0,0.0,0.0,0.0023148148148148147,0.0,0.004797149122807018,0.0,0.001366120218579235,0.0014619883040935672,0.0043859649122807015,0.0,0.028928721222455045,0.006413690476190476,0.010139933166248956,0.028862172793093846,0.012015890420495683,0.06008040935672515,0.06152981069476971,0.18198048627945093,0.20699641864223403,0.372868555724466,4.0
0.0,0.0,0.0,0.0023809523809523807,0.005555555555555556,0.003787878787878788,0.0,0.0,0.0,0.0,0.0,0.0,0.0,0.0,0.0,0.0,0.0,0.0,0.0,0.0043859649122807015,0.0,0.0,0.0,0.0,0.013888888888888888,0.0,0.0,0.0,0.0,0.0,0.0,0.0,0.007142857142857143,0.0043859649122807015,0.0,0.0,0.01011904761904762,0.012121212121212121,0.0,0.017699579831932776,0.02224025974025974,0.0205765639589169,0.06739246735376765,0.08773733576365154,0.13102757450667668,0.24504543444171925,0.2611791287487882,5.0
0.0,0.0,0.0028735632183908046,0.0,0.0,0.0,0.0,0.0,0.0,0.0,0.0,0.0,0.0,0.0,0.0,0.0,0.0,0.0,0.0,0.007589285714285714,0.004155614500442086,0.0,0.0,0.0,0.0,0.0,0.0,0.0,0.0,0.0,0.0023809523809523807,0.0023809523809523807,0.02757936507936508,0.007631257631257631,0.0026041666666666665,0.0,0.0,0.03042661361626879,0.005586080586080586,0.03672430897646415,0.03433230442928719,0.021230158730158728,0.021364889899372658,0.02104437707885984,0.253467441721752,0.23935970239849555,0.2792689649909477,6.0
0.0,0.0,0.0,0.0,0.0,0.0,0.0,0.0,0.0,0.0,0.0,0.0,0.0,0.0,0.0,0.0,0.0,0.0008865248226950354,0.0,0.0017730496453900709,0.0,0.0,0.0,0.0,0.0,0.0,0.0,0.0,0.0,0.0,0.0,0.002777777777777778,0.004091653027823241,0.0027383766745468874,0.0038673039366841403,0.006526878404769246,0.002777777777777778,0.024456972552668547,0.0,0.011448855803694513,0.035974139034205814,0.014368009947402666,0.035127593653697504,0.041237283906610266,0.183383403253809,0.18904672036022643,0.4395176794202211,7.0
0.002976190476190476,0.003472222222222222,0.0,0.0,0.0,0.002976190476190476,0.0,0.0,0.0,0.0,0.0,0.0,0.0,0.0,0.0,0.0,0.0,0.0,0.0,0.0,0.004901960784313725,0.003472222222222222,0.0,0.0043859649122807015,0.0,0.0,0.0,0.0,0.0,0.0,0.0,0.005427170868347338,0.0,0.01005032743148193,0.003472222222222222,0.0,0.0,0.011168474481991377,0.0,0.015050809405648116,0.01757873089224779,0.025286385087093632,0.06296125244881755,0.03726975347448519,0.20882392938669248,0.3378545336474735,0.24287165956007897,8.0
0.0,0.0,0.0,0.0,0.0,0.0,0.0,0.0,0.0,0.0,0.0,0.0,0.0,0.0,0.0,0.0,0.0,0.0,0.0,0.0,0.0,0.0,0.0,0.0,0.0,0.0,0.0,0.0,0.0,0.0,0.0,0.0,0.011904761904761904,0.0,0.0,0.0,0.0,0.010416666666666666,0.007575757575757576,0.027777777777777776,0.013888888888888888,0.024936868686868688,0.06263528138528139,0.026620370370370367,0.3154761904761905,0.2728625541125541,0.22590488215488216,9.0
0.0,0.0,0.0,0.0,0.0,0.0,0.0,0.0,0.0,0.0,0.0,0.0,0.0,0.0,0.0,0.0,0.0,0.0,0.0,0.003472222222222222,0.003472222222222222,0.004901960784313725,0.0,0.0,0.0,0.0,0.0,0.0016025641025641027,0.0,0.0,0.0,0.008979720001225378,0.0032051282051282055,0.0,0.0,0.0,0.0,0.029897186147186144,0.0,0.0016025641025641027,0.013196713870733479,0.010780885780885782,0.027314240419079133,0.00936552247036118,0.25519281287386913,0.2643565672503054,0.36265968954733974,10.0
0.0,0.005952380952380952,0.0,0.0,0.0,0.0013020833333333333,0.0,0.0,0.0,0.0,0.0,0.0,0.0,0.0,0.0,0.0,0.0,0.0,0.0,0.0,0.0,0.0026041666666666665,0.0013020833333333333,0.0,0.0,0.0,0.0,0.0,0.0,0.0,0.0,0.010780885780885782,0.0026041666666666665,0.0,0.0,0.0032400678294573645,0.0,0.015982912561576353,0.0,0.017767120637760172,0.03478331206127918,0.01596374769866149,0.019376268487259866,0.025042925824175822,0.24082093144091943,0.18557828908984178,0.4168986576358018,11.0
0.0,0.0,0.0,0.0,0.0,0.0,0.007575757575757576,0.0,0.0,0.0,0.0,0.0,0.0,0.0,0.0,0.0,0.0,0.0,0.0,0.0,0.0024509803921568627,0.003787878787878788,0.0,0.0,0.0,0.0,0.0,0.0014367816091954023,0.0,0.0,0.0,0.01533189033189033,0.00623885918003565,0.01579252390611417,0.0,0.0028735632183908046,0.0,0.029839030701099667,0.0,0.015395021645021647,0.018059031345035403,0.012820512820512822,0.046058802308802306,0.03674590003190409,0.17485536071996519,0.2075016951157925,0.4032364103104469,12.0
0.0,0.0,0.0,0.0,0.0,0.0,0.0,0.0,0.0,0.0,0.0,0.0,0.0,0.0,0.0,0.0,0.0,0.0,0.0,0.0,0.0,0.0,0.0,0.0,0.0,0.0025252525252525255,0.0,0.0,0.0,0.0,0.0,0.031746031746031744,0.011904761904761904,0.0,0.0,0.0,0.0,0.011904761904761904,0.012265512265512266,0.04545454545454545,0.022966269841269843,0.0211489898989899,0.015309343434343434,0.11856511544011544,0.27674963924963925,0.17674963924963924,0.2527101370851371,13.0
