see,sse,eee,sso,ssc,hsc,scs,iii,ssi,sjj,jjj,ssj,isi,jsi,sos,oss,sii,igs,gig,jss,css,ggs,ssg,gsi,shs,ssh,ggg,isg,sis,hss,sgg,gsg,sgs,gss,ses,ese,gis,ess,ges,iss,sss,TimeFactor
0.0,0.0,0.0,0.0,0.0,0.0,0.0,0.0,0.0,0.0,0.0,0.0,0.0,0.0,0.0,0.0,0.0,0.0,0.0,0.0,0.0,0.0,0.0,0.0,0.0,0.0,0.0,0.0,0.0,0.0,0.0,0.016666666666666666,0.016666666666666666,0.016666666666666666,0.020833333333333332,0.020833333333333332,0.020833333333333332,0.020833333333333332,0.020833333333333332,0.020833333333333332,0.075,1.0
0.0,0.0,0.0,0.0,0.0,0.0,0.0,0.0,0.0,0.0,0.0,0.0,0.0,0.0,0.0,0.0,0.0,0.0,0.0,0.0,0.006410256410256411,0.006410256410256411,0.006410256410256411,0.006944444444444444,0.006944444444444444,0.006944444444444444,0.006944444444444444,0.006944444444444444,0.006944444444444444,0.006944444444444444,0.013354700854700854,0.0,0.01865079365079365,0.04436813186813187,0.0,0.0,0.0,0.0,0.0,0.001984126984126984,0.27046703296703295,2.0
0.0,0.0,0.0,0.0,0.0,0.0,0.0,0.0,0.0,0.0,0.0,0.0,0.0,0.0,0.0,0.0,0.0,0.0023809523809523807,0.0023809523809523807,0.006410256410256411,0.0,0.0047619047619047615,0.03068783068783069,0.0,0.0,0.0,0.0,0.0,0.0,0.0023809523809523807,0.0023809523809523807,0.021428571428571432,0.04973544973544974,0.04021164021164021,0.0,0.0,0.0,0.0,0.0,0.0,0.3372405372405372,3.0
0.0,0.0,0.0,0.0,0.0,0.0,0.0,0.0,0.0,0.0,0.0,0.0,0.0,0.0,0.0,0.0,0.0,0.0,0.0,0.0,0.0,0.0,0.0,0.0,0.0,0.0,0.0,0.0,0.006944444444444444,0.0,0.0,0.0,0.004629629629629629,0.02546296296296296,0.0,0.0,0.0,0.0,0.0,0.006944444444444444,0.28935185185185186,4.0
0.0,0.0,0.0,0.0,0.0,0.0,0.0,0.0,0.0,0.0,0.0,0.0,0.0,0.0,0.0,0.0,0.0,0.0,0.0,0.0,0.0,0.0,0.010416666666666666,0.0,0.0,0.0,0.0,0.0,0.0,0.0,0.0,0.0,0.010416666666666666,0.010416666666666666,0.0,0.0,0.0,0.0,0.0,0.0,0.13541666666666666,5.0
0.0,0.0,0.0,0.0,0.0,0.0,0.0,0.0,0.0,0.0,0.0,0.0,0.009259259259259259,0.009259259259259259,0.009259259259259259,0.009259259259259259,0.009259259259259259,0.0,0.0,0.009259259259259259,0.0,0.0,0.0,0.0,0.0,0.0,0.0,0.0,0.009259259259259259,0.0,0.0,0.0,0.009259259259259259,0.009259259259259259,0.0,0.0,0.0,0.0,0.0,0.0,0.16666666666666666,6.0
0.0,0.0,0.0,0.0,0.0,0.0,0.0,0.005952380952380952,0.005952380952380952,0.016666666666666666,0.016666666666666666,0.016666666666666666,0.0,0.0,0.0,0.0,0.005952380952380952,0.0,0.0,0.0,0.0,0.0,0.005952380952380952,0.0,0.0,0.0,0.0,0.0,0.005952380952380952,0.0,0.005952380952380952,0.0,0.0,0.0,0.0,0.0,0.0,0.0,0.0,0.04986263736263736,0.28108974358974365,7.0
0.0,0.0,0.0,0.0,0.0,0.0,0.0,0.0,0.009259259259259259,0.0,0.0,0.0,0.0,0.0,0.0,0.020833333333333332,0.0,0.0,0.0,0.0,0.0,0.0,0.0,0.0,0.0,0.0,0.0,0.0,0.009259259259259259,0.0,0.0,0.0,0.0,0.061111111111111116,0.0,0.0,0.0,0.0,0.0,0.009259259259259259,0.47361111111111115,8.0
0.0,0.0,0.0,0.0,0.0,0.020833333333333332,0.020833333333333332,0.0,0.0,0.0,0.0,0.0,0.0,0.0,0.0,0.0,0.0,0.0,0.0,0.016666666666666666,0.020833333333333332,0.006410256410256411,0.006410256410256411,0.0,0.0,0.0,0.0,0.0,0.0,0.0,0.006410256410256411,0.0,0.0,0.019230769230769232,0.0,0.0,0.0,0.0,0.0,0.006410256410256411,0.2092948717948718,9.0
0.0,0.0,0.0,0.0,0.005555555555555556,0.0,0.005555555555555556,0.0,0.0,0.0,0.0,0.0,0.0,0.0,0.0,0.010416666666666666,0.0,0.0,0.0,0.0,0.005555555555555556,0.0,0.005555555555555556,0.0,0.0,0.0,0.011111111111111112,0.020833333333333332,0.0,0.0,0.005555555555555556,0.0,0.020833333333333332,0.03234126984126984,0.0,0.0,0.0,0.0,0.0,0.0,0.2933531746031746,10.0
0.0,0.0,0.0,0.0,0.0,0.0,0.0,0.0,0.0,0.0,0.0,0.0,0.0,0.0,0.0,0.006410256410256411,0.0,0.0,0.0,0.0,0.0,0.0,0.0,0.0,0.009259259259259259,0.009259259259259259,0.0,0.0,0.0,0.009259259259259259,0.0,0.0,0.0,0.04973544973544972,0.0,0.0,0.0,0.0,0.0,0.023076923076923078,0.3929995929995931,11.0
0.006410256410256411,0.006410256410256411,0.006410256410256411,0.016666666666666666,0.0,0.0,0.0,0.0,0.0,0.0,0.0,0.0,0.0,0.0,0.016666666666666666,0.016666666666666666,0.0,0.0,0.0,0.0,0.0,0.0,0.0,0.0,0.0,0.0,0.0,0.0,0.0,0.0,0.0,0.005952380952380952,0.005952380952380952,0.03901098901098901,0.0,0.0,0.0,0.0,0.0,0.014743589743589745,0.3651098901098901,12.0
0.0,0.0,0.0,0.0,0.006944444444444444,0.0,0.006944444444444444,0.0,0.0,0.0,0.0,0.0,0.0,0.0,0.0,0.020833333333333332,0.0,0.0,0.0,0.0,0.006944444444444444,0.0,0.0,0.008333333333333333,0.0,0.0,0.0,0.010416666666666666,0.008333333333333333,0.0,0.0,0.0,0.01875,0.01875,0.0,0.0,0.0,0.0,0.0,0.008333333333333333,0.3020833333333333,13.0
