jss,ess,sgs,gss,oss,iss,sss,TimeFactor
0.0,0.0,0.0,0.0,0.0,0.020833333333333332,0.0625,1.0
0.0,0.0,0.0,0.0,0.0,0.0,0.0,2.0
0.0,0.0,0.0,0.0,0.0,0.0,0.0,3.0
0.0,0.0,0.0,0.0,0.0,0.0,0.08333333333333333,4.0
0.0,0.0,0.0,0.0,0.0,0.0,0.0,5.0
0.0,0.0,0.0,0.0,0.020833333333333332,0.0,0.0625,6.0
0.0,0.0,0.0,0.0375,0.0,0.0375,0.3416666666666666,7.0
0.0,0.020833333333333332,0.020833333333333332,0.020833333333333332,0.0,0.0,0.10416666666666667,8.0
0.0,0.0,0.0,0.016666666666666666,0.0,0.0,0.15,9.0
0.016666666666666666,0.0,0.0,0.0,0.0,0.0,0.15,10.0
0.0,0.0,0.0,0.0,0.020833333333333332,0.0,0.14583333333333334,11.0
0.0,0.0,0.0,0.020833333333333332,0.0,0.0,0.14583333333333334,12.0
0.0,0.0,0.0,0.0,0.0,0.0,0.08333333333333333,13.0
