jg,so,cc,hc,oi,io,oo,ig,se,gi,ei,jc,ii,hh,sc,jj,js,sj,ic,sh,gg,hs,sg,os,si,es,cs,is,gs,ss,TimeFactor
0.0,0.0,0.0,0.0,0.0,0.0,0.0,0.0,0.0,0.0,0.0,0.0,0.0,0.0,0.0,0.0,0.0,0.0,0.0,0.006944444444444444,0.010030864197530864,0.012499999999999999,0.013117283950617281,0.015586419753086419,0.019290123456790122,0.027777777777777776,0.0433641975308642,0.08703703703703702,0.08873456790123456,0.592283950617284,1.0
0.0,0.0,0.0,0.0,0.0,0.0,0.0,0.0,0.0,0.0,0.0,0.0,0.0,0.003968253968253968,0.003968253968253968,0.006944444444444444,0.006944444444444444,0.006944444444444444,0.009259259259259259,0.003968253968253968,0.013888888888888888,0.02314814814814815,0.017857142857142856,0.0,0.0,0.0,0.028306878306878308,0.07533068783068782,0.08029100529100529,0.5525132275132275,2.0
0.0,0.0,0.0,0.0,0.0,0.0,0.0,0.0,0.003472222222222222,0.004629629629629629,0.005555555555555556,0.006944444444444444,0.013888888888888888,0.0,0.0,0.0,0.003472222222222222,0.003472222222222222,0.0,0.0,0.021329365079365076,0.003472222222222222,0.028935185185185185,0.01736111111111111,0.03657407407407407,0.003472222222222222,0.02638888888888889,0.08759920634920636,0.098478835978836,0.6349537037037036,3.0
0.0,0.0,0.0,0.0,0.0,0.0,0.0,0.009259259259259259,0.0,0.0,0.0,0.0,0.0030864197530864196,0.0,0.0,0.0,0.0,0.0,0.0,0.0,0.006172839506172839,0.0,0.006172839506172839,0.043981481481481476,0.014197530864197531,0.0,0.02314814814814815,0.10694444444444445,0.07438271604938272,0.7126543209876542,4.0
0.0,0.0,0.0,0.006944444444444444,0.027777777777777776,0.027777777777777776,0.027777777777777776,0.0,0.0,0.0,0.0,0.0,0.0,0.0,0.0,0.027777777777777776,0.016203703703703703,0.03472222222222222,0.0,0.0,0.006944444444444444,0.027777777777777776,0.006944444444444444,0.009259259259259259,0.0,0.0,0.013888888888888888,0.013888888888888888,0.037037037037037035,0.2986111111111111,5.0
0.0,0.0,0.009259259259259259,0.0,0.0,0.0,0.0,0.0,0.0,0.0,0.0,0.0,0.009259259259259259,0.0,0.009259259259259259,0.0,0.0,0.0,0.0,0.0,0.009259259259259259,0.009259259259259259,0.009259259259259259,0.018518518518518517,0.009259259259259259,0.0,0.027777777777777776,0.05555555555555556,0.0462962962962963,0.3703703703703704,6.0
0.0,0.0,0.0,0.0,0.0,0.0,0.0,0.0,0.0,0.0,0.0,0.0,0.0,0.0,0.0,0.0,0.0,0.0,0.0,0.0,0.0,0.0,0.0,0.03472222222222222,0.0,0.0,0.028703703703703703,0.07361111111111111,0.0773148148148148,0.6189814814814815,7.0
0.0,0.0,0.0,0.0,0.0,0.0,0.0,0.006944444444444444,0.0,0.0,0.0,0.0,0.0,0.0,0.005555555555555556,0.0,0.0,0.0,0.0,0.0,0.0,0.004629629629629629,0.013888888888888888,0.0,0.0,0.005555555555555556,0.019444444444444445,0.04583333333333334,0.0935185185185185,0.4712962962962963,8.0
0.0,0.0,0.013888888888888888,0.0,0.0,0.0,0.0,0.0,0.0,0.0,0.0,0.0,0.0,0.0,0.013888888888888888,0.0,0.013888888888888888,0.0,0.0,0.0,0.0,0.0,0.0,0.013888888888888888,0.0,0.0,0.027777777777777776,0.013888888888888888,0.0,0.4861111111111111,9.0
0.0,0.0,0.0,0.0,0.0,0.0,0.0,0.0,0.0,0.0,0.0,0.0,0.0,0.0,0.009259259259259259,0.0,0.041666666666666664,0.0,0.0,0.0,0.0,0.009259259259259259,0.0,0.009259259259259259,0.0,0.0,0.037037037037037035,0.030092592592592587,0.02314814814814815,0.5069444444444444,10.0
0.0,0.027777777777777776,0.0,0.0,0.0,0.0,0.0,0.0,0.0,0.0,0.0,0.0,0.0,0.0,0.0,0.0,0.0,0.0,0.0,0.0,0.0,0.0,0.002777777777777778,0.03472222222222222,0.013888888888888888,0.0,0.02314814814814815,0.07037037037037036,0.03425925925925926,0.4597222222222222,11.0
0.013888888888888888,0.0,0.0,0.0,0.0,0.0,0.0,0.0,0.0,0.0,0.0,0.0,0.0,0.0,0.004629629629629629,0.0,0.0,0.0,0.0,0.0,0.0,0.01736111111111111,0.008101851851851851,0.005555555555555556,0.013888888888888888,0.0,0.018518518518518517,0.09444444444444444,0.08425925925925926,0.6560185185185184,12.0
0.0,0.0,0.0,0.0,0.0,0.0,0.0,0.0,0.006944444444444444,0.0,0.0,0.0,0.0,0.0,0.0,0.0,0.0,0.0,0.0,0.0,0.013888888888888888,0.0,0.0,0.027777777777777776,0.0,0.006944444444444444,0.0,0.08333333333333333,0.041666666666666664,0.40277777777777773,13.0
