ocs,hcs,sjs,osg,ics,cgs,hgs,igg,sie,cis,csg,osh,isi,ogs,ssc,jso,csi,jis,scg,sig,gsg,sjj,igs,ggs,sso,sos,jcs,ssh,jsi,sgs,sis,ggg,gis,scs,isg,ios,ess,jss,hss,oss,iss,gss,css,sss,TimeFactor
0.0,0.0,0.0,0.0,0.0,0.0,0.0,0.0,0.0,0.0,0.0,0.0,0.0,0.0,0.0,0.0,0.0,0.0,0.0,0.0,0.0,0.0,0.0,0.0,0.0,0.0,0.0,0.0,0.0,0.0016025641025641027,0.0016025641025641027,0.0022522522522522522,0.0024509803921568627,0.0024509803921568627,0.0025252525252525255,0.002777777777777778,0.005139152435167616,0.029786682324632992,0.03774316390540299,0.08973891828493345,0.12045517121605707,0.15249981375143665,0.200124569063074,0.34885015747457065,1.0
0.0,0.0,0.0,0.0,0.0,0.0,0.0,0.0,0.0,0.0,0.0,0.0,0.0,0.0,0.0,0.0,0.0,0.0,0.0,0.0,0.0,0.0,0.0,0.0,0.0,0.0,0.0017006802721088435,0.0018115942028985507,0.0020325203252032522,0.0020325203252032522,0.007653061224489795,0.0,0.0,0.0,0.0,0.0,0.016288222606115618,0.08428903429584068,0.0395106095533617,0.016636469221835076,0.17629694310166386,0.22363892106006847,0.11949423769946782,0.30861518611174316,2.0
0.0,0.0,0.0,0.0,0.0,0.0,0.0,0.0,0.0,0.0,0.0,0.0,0.0,0.0,0.0,0.0,0.0,0.0,0.0,0.001488095238095238,0.001893939393939394,0.001937984496124031,0.0020325203252032522,0.003787878787878788,0.003787878787878788,0.005952380952380952,0.0,0.0,0.001488095238095238,0.005630630630630631,0.007846320346320346,0.0,0.0,0.0,0.0,0.0,0.008789277081960008,0.034776560801801866,0.022176063143164674,0.03470958885309424,0.17493360470486055,0.2643188463499894,0.09182282864075264,0.33262750622783,3.0
0.0,0.0,0.0,0.0,0.0,0.0,0.0,0.0,0.0,0.0,0.0,0.0,0.0,0.0,0.0,0.0,0.0026881720430107525,0.0026881720430107525,0.0032051282051282055,0.0,0.0,0.0,0.0,0.0,0.0,0.0,0.0,0.0,0.0,0.0036231884057971015,0.0,0.0,0.0,0.004166666666666667,0.0,0.0,0.011574074074074075,0.02510626321110192,0.0651419206994242,0.05777999045004655,0.17550061264121575,0.2053309347138239,0.24241017735057005,0.20078469949613006,4.0
0.0,0.0,0.0,0.0,0.0,0.0,0.0,0.0,0.0,0.0,0.0,0.0,0.0,0.0,0.020833333333333332,0.041666666666666664,0.0,0.0,0.0,0.0,0.0,0.0,0.0,0.0,0.0,0.0,0.0,0.0,0.0,0.0,0.0,0.0,0.0,0.0,0.0,0.0,0.0,0.14583333333333334,0.05277777777777778,0.0375,0.19305555555555556,0.14722222222222223,0.1125,0.16527777777777777,5.0
0.0,0.0,0.0,0.0,0.0,0.0,0.0,0.0,0.0,0.0,0.0,0.0,0.0,0.016666666666666666,0.0,0.0,0.0,0.0,0.0,0.0,0.0,0.0,0.0,0.0,0.0,0.0,0.0,0.0,0.0,0.008333333333333333,0.0,0.0,0.0,0.0,0.0,0.0,0.04294871794871794,0.08048618048618049,0.0038461538461538464,0.011904761904761904,0.1353396603396603,0.1515318015318015,0.13252580752580753,0.4164169164169164,6.0
0.0,0.0,0.0,0.0,0.0,0.0,0.0013227513227513227,0.0013227513227513227,0.0013227513227513227,0.0024509803921568627,0.0026455026455026454,0.0026881720430107525,0.0030864197530864196,0.0,0.0,0.0,0.0,0.0021367521367521365,0.0,0.0,0.0,0.0030864197530864196,0.0013227513227513227,0.0,0.0,0.0,0.0,0.0,0.0,0.004976232917409388,0.0013227513227513227,0.0,0.0008865248226950354,0.0,0.0,0.0,0.006410256410256411,0.03350211369197607,0.04331646843749478,0.045164074847928365,0.21228331403784775,0.2200732810254097,0.09587056867476218,0.31480916179686846,7.0
0.0,0.0,0.0,0.0,0.0026881720430107525,0.0026881720430107525,0.0,0.0,0.0,0.0,0.0,0.0,0.0,0.0,0.0,0.0,0.0,0.006160394265232974,0.0,0.0,0.0,0.0,0.0,0.0,0.0,0.0,0.0,0.0,0.0,0.004629629629629629,0.0,0.0,0.004629629629629629,0.0,0.0,0.0,0.005555555555555556,0.03548711755233495,0.05683568386057867,0.08533615136876006,0.1801650996485031,0.20388248229529202,0.21284900784374836,0.19909290426471352,8.0
0.0,0.0,0.0,0.0,0.0,0.0,0.0,0.0,0.0,0.0,0.0,0.0,0.0,0.0,0.0,0.0,0.0,0.0,0.0,0.0,0.0,0.0,0.0,0.0,0.0,0.0,0.0,0.0,0.0,0.0,0.0,0.0,0.0,0.0,0.0,0.0,0.0,0.023809523809523808,0.0,0.0,0.10367063492063493,0.1111111111111111,0.13343253968253968,0.37797619047619047,9.0
0.0,0.0,0.0,0.016666666666666666,0.0,0.0,0.0,0.0,0.0,0.0,0.0,0.0,0.0,0.0,0.0,0.0,0.0,0.0,0.0,0.0,0.0,0.0,0.0,0.0,0.0,0.0,0.0,0.0,0.0,0.0,0.0016666666666666668,0.0,0.0,0.0,0.0,0.0,0.008771929824561403,0.06699627857522594,0.038830409356725146,0.0981359649122807,0.18049611613208102,0.11158566660759643,0.15819200779727094,0.23532496012759171,10.0
0.0,0.0,0.0009689922480620155,0.0,0.0,0.0015432098765432098,0.0,0.0,0.0,0.0,0.0,0.0,0.001984126984126984,0.0,0.0,0.0,0.0,0.003472222222222222,0.0,0.0015432098765432098,0.0,0.0,0.0,0.0,0.0,0.0,0.0,0.0,0.0015432098765432098,0.006481481481481481,0.0,0.0,0.0,0.0015432098765432098,0.0015432098765432098,0.0,0.005555555555555556,0.029124555820292258,0.043010438456174895,0.03115263959562205,0.16117221127166048,0.2502629946326397,0.1023503726278104,0.3567483597216359,11.0
0.0,0.0024509803921568627,0.0,0.0,0.0,0.0,0.0,0.0,0.0,0.0,0.0,0.0,0.0,0.0,0.0,0.0,0.0,0.0,0.0,0.0,0.0,0.0,0.0,0.0,0.0,0.0024509803921568627,0.0,0.0,0.0,0.0,0.020634920634920634,0.0,0.0,0.0,0.0,0.0,0.015359477124183007,0.07733122234401006,0.05966234319814883,0.09506226403604918,0.1369557605650956,0.07715615231599886,0.2000786546502659,0.22952391101368078,12.0
0.011904761904761904,0.0,0.0,0.020833333333333332,0.0,0.0,0.0,0.0,0.0,0.0,0.0,0.0,0.0,0.0,0.0,0.0,0.0,0.0,0.0,0.0,0.0,0.0,0.0,0.0,0.0,0.0,0.0,0.0,0.0,0.0,0.0,0.0,0.0,0.0,0.0,0.0,0.009259259259259259,0.03214285714285714,0.0,0.08134920634920634,0.17023809523809522,0.029497354497354494,0.13134920634920635,0.4300925925925925,13.0
