sj,jj,js,cc,gh,hh,eg,os,hg,eh,he,hi,ih,se,es,sh,hs,ig,ge,ii,gg,ie,gi,si,ei,is,ee,sg,cs,gs,ss,TimeFactor
0.0,0.0,0.0,0.0,0.0,0.0,0.0,0.0,0.0,0.0,0.0,0.0,0.0,0.0,0.0,0.0,0.0,0.0028735632183908046,0.0028735632183908046,0.0028735632183908046,0.0028735632183908046,0.005747126436781609,0.005747126436781609,0.005747126436781609,0.008620689655172414,0.011494252873563218,0.014367816091954025,0.01619644723092999,0.016666666666666666,0.042363288052943225,0.19488854057819574,1.0
0.0,0.0,0.0,0.0,0.0,0.0,0.0,0.0,0.0007507507507507507,0.0015758332590015758,0.0016501650165016502,0.0016501650165016502,0.0024752475247524753,0.004578836262004579,0.005701245800255702,0.011904761904761904,0.011904761904761904,0.003902417268753903,0.004051080783754051,0.01914042755626914,0.03699390209291199,0.004125412541254126,0.007202747301757202,0.016583415098266583,0.00787916629500788,0.04048918405354049,0.006600660066006601,0.03800785483953801,0.011904761904761904,0.058289410022083286,0.28597112607013603,2.0
0.0,0.0,0.0,0.0,0.0008503401360544217,0.0012722646310432569,0.0017006802721088435,0.008333333333333333,0.0018045386093368644,0.0003180661577608142,0.0,0.0006361323155216284,0.0019083969465648854,0.001168406293815236,0.003420658546067488,0.0,0.0003180661577608142,0.01141262132663376,0.0028690865659240796,0.025153523379198493,0.054763719065916296,0.0003180661577608142,0.015901857383651987,0.05539678399753087,0.001168406293815236,0.08853905500709515,0.0,0.051276205505660054,0.01780821917808219,0.09242230362257858,0.47790593578345164,3.0
0.0,0.0,0.0,0.0,0.0,0.003968253968253968,0.001984126984126984,0.0,0.0,0.0,0.0,0.0,0.0,0.0,0.0,0.001984126984126984,0.0,0.01106366459627329,0.0,0.04290890269151138,0.0374611801242236,0.001984126984126984,0.016768029675638372,0.04773629148629149,0.0,0.059645366710584104,0.0,0.03210874270656879,0.0,0.0531675450153711,0.5225529754062362,4.0
0.0,0.0,0.0,0.011904761904761904,0.0,0.0,0.0,0.0,0.001984126984126984,0.001984126984126984,0.0,0.0,0.003968253968253968,0.001984126984126984,0.0,0.0,0.003968253968253968,0.007936507936507936,0.0,0.003968253968253968,0.027777777777777776,0.001984126984126984,0.005952380952380952,0.00992063492063492,0.001984126984126984,0.005952380952380952,0.0,0.017857142857142856,0.011904761904761904,0.04365079365079364,0.16865079365079363,5.0
0.0,0.0,0.0,0.0,0.0,0.0,0.0,0.008333333333333333,0.0,0.0,0.0,0.0,0.0009157509157509159,0.0,0.0009157509157509159,0.0,0.0009157509157509159,0.0018315018315018317,0.0009157509157509159,0.012881562881562883,0.02857142857142857,0.0018315018315018317,0.01686777275012569,0.012227968110321051,0.0009157509157509159,0.026348488113193996,0.0009157509157509159,0.0464770523594053,0.008333333333333333,0.040005745888098826,0.2907958055016879,6.0
0.001572327044025157,0.0047169811320754715,0.006697108066971081,0.0,0.0,0.0,0.0,0.0,0.0,0.0,0.0,0.0,0.0,0.0007575757575757576,0.0018991282689912825,0.005555555555555556,0.006697108066971081,0.026102290899080893,0.001141552511415525,0.012515566625155664,0.05252445585932055,0.0,0.013474854627126595,0.017176139137563277,0.0,0.042716610739205914,0.0,0.0797715725096989,0.001572327044025157,0.12133888746791338,0.3537699586873288,7.0
0.0,0.0,0.0,0.0,0.0,0.0,0.0,0.0,0.0,0.0,0.0,0.0,0.0,0.0,0.0,0.0,0.0,0.012040887040887042,0.0011261261261261261,0.01066066066066066,0.028586278586278588,0.0,0.006756756756756757,0.02792792792792793,0.0011261261261261261,0.05022522522522523,0.0,0.029054054054054052,0.023076923076923078,0.05671055671055671,0.4193751443751444,8.0
0.0,0.0,0.0,0.0,0.0,0.0,0.0,0.017676767676767676,0.0,0.0,0.0,0.0,0.0,0.0,0.0,0.0,0.0,0.0,0.0,0.0,0.007575757575757576,0.0,0.0,0.021464646464646464,0.0,0.021464646464646464,0.0,0.007575757575757576,0.0,0.015151515151515152,0.24242424242424243,9.0
0.0,0.0,0.0,0.0,0.0,0.0,0.0,0.0,0.0,0.0,0.0,0.0,0.0,0.0012254901960784314,0.0,0.0,0.008333333333333333,0.0036764705882352945,0.0,0.006127450980392157,0.022794117647058826,0.0,0.004901960784313725,0.006127450980392157,0.0012254901960784314,0.014133986928104575,0.0,0.02679738562091503,0.0,0.06470588235294117,0.4232843137254902,10.0
0.0,0.0,0.0,0.0,0.0,0.012499999999999999,0.0,0.001141552511415525,0.0,0.0,0.0,0.0,0.0,0.0,0.0,0.004166666666666667,0.006410256410256411,0.010869565217391304,0.0,0.01188455429819337,0.03925947984911654,0.004166666666666667,0.008387929323009727,0.013931903911058169,0.0,0.018482547331564604,0.004166666666666667,0.05114403414730991,0.0,0.09628367793942542,0.3838711657279257,11.0
0.0,0.0,0.0,0.0,0.0,0.0,0.0,0.0,0.0,0.0,0.0,0.0,0.0,0.0,0.0,0.0,0.0026881720430107525,0.0036231884057971015,0.0,0.03333333333333333,0.01075268817204301,0.0,0.0026881720430107525,0.02297802711547452,0.0,0.008999532491818606,0.0,0.01075268817204301,0.0,0.012622720897615708,0.2248948106591865,12.0
0.0,0.0,0.0,0.0,0.0,0.0,0.0,0.0,0.0,0.0,0.0,0.0,0.0,0.0,0.0,0.0,0.0,0.0,0.0,0.0,0.016666666666666666,0.0,0.016666666666666666,0.0,0.0,0.016666666666666666,0.0,0.016666666666666666,0.0,0.016666666666666666,0.08333333333333333,13.0
