sis,jjs,gsc,scc,ihi,jsg,ess,shs,sos,csg,his,sgg,jgs,jss,hss,oss,gis,scs,sgs,iss,gss,css,sss,TimeFactor
0.0,0.0,0.0,0.0,0.0,0.0,0.0,0.0,0.0,0.0,0.0,0.0,0.0,0.0,0.013888888888888888,0.013888888888888888,0.020833333333333332,0.020833333333333332,0.020833333333333332,0.048611111111111105,0.06944444444444443,0.1388888888888889,0.40277777777777785,1.0
0.0,0.0,0.0,0.0,0.0,0.0,0.0,0.0,0.0,0.0,0.0,0.0,0.0,0.008333333333333333,0.008333333333333333,0.008333333333333333,0.0,0.0,0.0,0.06388888888888888,0.13888888888888887,0.0,0.6055555555555555,2.0
0.0,0.0,0.0,0.0,0.0,0.0,0.0,0.0,0.0,0.0,0.0,0.0,0.041666666666666664,0.0,0.0,0.020833333333333332,0.0,0.0,0.0,0.041666666666666664,0.20833333333333334,0.041666666666666664,0.5625,3.0
0.0,0.0,0.0,0.0,0.0,0.0,0.0,0.0,0.0,0.041666666666666664,0.041666666666666664,0.041666666666666664,0.0,0.0,0.049999999999999996,0.0,0.0,0.0,0.0,0.10416666666666667,0.10694444444444444,0.016666666666666666,0.34722222222222215,4.0
0.0,0.0,0.0,0.0,0.0,0.0,0.008333333333333333,0.008333333333333333,0.020833333333333332,0.0,0.0,0.0,0.0,0.025000000000000005,0.008333333333333333,0.020833333333333332,0.0,0.0,0.0,0.016666666666666666,0.0375,0.041666666666666664,0.3125,5.0
0.0,0.0,0.0,0.0,0.0,0.0,0.0,0.013888888888888888,0.0,0.0,0.0,0.0,0.0,0.020833333333333332,0.05555555555555555,0.020833333333333332,0.0,0.013888888888888888,0.020833333333333332,0.022222222222222223,0.020833333333333332,0.03472222222222222,0.4430555555555556,6.0
0.0,0.0,0.0,0.0,0.0,0.0,0.0,0.0,0.0,0.0,0.0,0.0,0.0,0.020833333333333332,0.0,0.0,0.0,0.0,0.04513888888888889,0.07638888888888888,0.12152777777777778,0.09027777777777778,0.6458333333333334,7.0
0.0,0.0,0.0,0.0,0.0,0.010416666666666666,0.0,0.0,0.0,0.0,0.0,0.010416666666666666,0.0,0.0,0.0,0.0625,0.0,0.0,0.0,0.04513888888888889,0.12847222222222224,0.041666666666666664,0.5347222222222222,8.0
0.0,0.0,0.0,0.0,0.020833333333333332,0.0,0.0,0.0,0.0,0.0,0.020833333333333332,0.0,0.0,0.041666666666666664,0.010416666666666666,0.0,0.0,0.041666666666666664,0.0,0.020833333333333332,0.0,0.041666666666666664,0.21875,9.0
0.0,0.0,0.013888888888888888,0.013888888888888888,0.0,0.0,0.0,0.0,0.0,0.0,0.0,0.0,0.0,0.0,0.0,0.0,0.0,0.013888888888888888,0.0,0.027777777777777776,0.020833333333333332,0.013888888888888888,0.3958333333333333,10.0
0.0,0.0,0.0,0.0,0.0,0.0,0.0,0.0,0.010416666666666666,0.0,0.0,0.0,0.0,0.0,0.0,0.020833333333333332,0.0,0.0,0.010416666666666666,0.10416666666666667,0.12847222222222224,0.0,0.5590277777777778,11.0
0.0,0.0,0.0,0.0,0.0,0.0,0.0,0.0,0.0,0.0,0.0,0.0,0.0,0.0,0.010416666666666666,0.03472222222222222,0.0,0.0,0.0,0.10069444444444443,0.07638888888888888,0.06944444444444443,0.375,12.0
0.020833333333333332,0.020833333333333332,0.0,0.0,0.0,0.0,0.0,0.0,0.0,0.0,0.0,0.0,0.0,0.020833333333333332,0.0,0.0,0.0,0.0,0.0,0.041666666666666664,0.10416666666666667,0.0,0.375,13.0
