jg,jc,ee,se,gc,gi,oi,js,oe,cc,gh,jj,sj,ig,ii,si,sc,sh,hh,ji,es,gg,sg,hs,cs,os,is,gs,ss,TimeFactor
0.0,0.0,0.0,0.0,0.0,0.0,0.0,0.0,0.0,0.0,0.0,0.0,0.0,0.0,0.0,0.0,0.0,0.0,0.0,0.0030864197530864196,0.003472222222222222,0.003968253968253968,0.010030864197530864,0.012345679012345678,0.01399911816578483,0.018353174603174604,0.05654761904761905,0.13062169312169314,0.5809082892416225,1.0
0.0,0.0,0.0,0.0,0.0,0.0,0.0,0.0,0.0,0.0,0.0,0.0,0.0,0.0,0.0,0.002777777777777778,0.0030864197530864196,0.005555555555555556,0.005555555555555556,0.0,0.0,0.018981481481481478,0.02978395061728395,0.007407407407407407,0.008950617283950616,0.004629629629629629,0.09212962962962962,0.12762345679012346,0.6935185185185185,2.0
0.0,0.0,0.0,0.0,0.0,0.0,0.0,0.0,0.0,0.0,0.0030864197530864196,0.0030864197530864196,0.0030864197530864196,0.006172839506172839,0.007716049382716049,0.013580246913580245,0.0,0.0,0.0,0.0,0.0,0.004629629629629629,0.013888888888888888,0.014660493827160491,0.0025252525252525255,0.0,0.02845117845117845,0.1404040404040404,0.5920454545454545,3.0
0.0,0.0,0.0,0.0,0.0,0.0,0.0,0.0,0.0,0.0,0.0,0.0,0.0,0.0,0.0,0.008597883597883597,0.0,0.0,0.0,0.0,0.004629629629629629,0.0,0.031746031746031744,0.004629629629629629,0.005050505050505051,0.0025252525252525255,0.0887145262145262,0.16717772967772968,0.6035954785954787,4.0
0.0,0.0,0.0,0.0,0.0,0.0,0.0,0.005555555555555556,0.013888888888888888,0.027777777777777776,0.0,0.005555555555555556,0.005555555555555556,0.0,0.009259259259259259,0.009259259259259259,0.0,0.0,0.0,0.0,0.013888888888888888,0.0,0.0,0.013888888888888888,0.07037037037037036,0.0,0.016203703703703703,0.04814814814814814,0.42731481481481487,5.0
0.0,0.0,0.0,0.0,0.0,0.0,0.006944444444444444,0.0,0.0,0.0,0.0,0.0,0.0,0.0,0.006944444444444444,0.006944444444444444,0.0,0.006944444444444444,0.006944444444444444,0.0,0.0,0.003472222222222222,0.003472222222222222,0.010416666666666666,0.010416666666666666,0.0,0.0625,0.08101851851851853,0.4606481481481481,6.0
0.0,0.0,0.0030864197530864196,0.0030864197530864196,0.0030864197530864196,0.0030864197530864196,0.0,0.03333333333333333,0.0,0.0,0.0,0.0,0.005555555555555556,0.0,0.0030864197530864196,0.009259259259259259,0.0,0.0,0.0,0.0,0.004629629629629629,0.005555555555555556,0.01635802469135802,0.0070987654320987656,0.007716049382716049,0.0,0.04758698092031425,0.10875420875420876,0.6553872053872054,7.0
0.0,0.005555555555555556,0.0,0.0,0.0,0.0,0.0,0.0,0.0,0.0,0.0,0.0,0.0,0.0,0.0,0.0,0.0,0.0,0.0,0.0,0.0,0.011111111111111112,0.009523809523809523,0.0,0.019047619047619046,0.0,0.0443121693121693,0.14947089947089945,0.5943121693121692,8.0
0.0,0.0,0.0,0.0,0.0,0.0,0.0,0.0,0.0,0.0,0.0,0.0,0.0,0.0,0.0,0.0,0.0,0.0,0.0,0.0,0.0,0.0,0.006944444444444444,0.0,0.0,0.009259259259259259,0.0787037037037037,0.07638888888888888,0.412037037037037,9.0
0.0,0.0,0.0,0.0,0.0,0.0,0.0,0.009259259259259259,0.0,0.003472222222222222,0.0,0.0,0.0,0.0,0.013888888888888888,0.027777777777777776,0.0,0.0,0.0,0.0,0.0,0.005555555555555556,0.019212962962962963,0.005555555555555556,0.003472222222222222,0.013888888888888888,0.043981481481481476,0.1162037037037037,0.4043981481481482,10.0
0.0,0.0,0.0,0.0,0.0,0.004629629629629629,0.0,0.0,0.0,0.0,0.0,0.0,0.0,0.0,0.011574074074074075,0.022486772486772486,0.004629629629629629,0.0,0.0,0.0,0.0,0.003968253968253968,0.03042328042328042,0.031746031746031744,0.018518518518518517,0.013888888888888888,0.0419973544973545,0.11607142857142856,0.6167328042328043,11.0
0.0,0.0,0.0,0.0,0.0,0.0,0.0,0.009259259259259259,0.0,0.0,0.0,0.009259259259259259,0.0,0.0,0.0,0.0,0.005555555555555556,0.0,0.0,0.0,0.0,0.0,0.011728395061728394,0.016666666666666666,0.005555555555555556,0.018518518518518517,0.01728395061728395,0.1324074074074074,0.6070987654320987,12.0
0.013888888888888888,0.0,0.0,0.0,0.0,0.0,0.0,0.037037037037037035,0.0,0.0,0.0,0.0,0.0,0.0,0.0,0.0,0.0,0.0,0.0,0.0,0.0,0.003472222222222222,0.020833333333333332,0.027777777777777776,0.0,0.013888888888888888,0.006944444444444444,0.07291666666666667,0.46990740740740744,13.0
