hs,sc,cc,cs,os,ii,si,is,js,gs,ss,TimeFactor
0.0,0.0,0.0,0.0,0.0,0.0,0.0,0.0,0.010416666666666666,0.020833333333333332,0.3020833333333333,1.0
0.0,0.0,0.0,0.0,0.0,0.010416666666666666,0.010416666666666666,0.020833333333333332,0.0,0.041666666666666664,0.4166666666666667,2.0
0.0,0.0,0.0,0.0,0.010416666666666666,0.0,0.0,0.010416666666666666,0.0,0.057291666666666664,0.5885416666666666,3.0
0.0,0.010416666666666666,0.010416666666666666,0.020833333333333332,0.0,0.0,0.0,0.05902777777777777,0.03472222222222222,0.024305555555555552,0.5902777777777778,4.0
0.0,0.0,0.0,0.026041666666666668,0.0,0.0,0.005208333333333333,0.026041666666666668,0.057291666666666664,0.005208333333333333,0.546875,5.0
0.0,0.0,0.0,0.006944444444444444,0.004166666666666667,0.0,0.0,0.015625,0.04895833333333333,0.004166666666666667,0.5034722222222222,6.0
0.0,0.0,0.0,0.024999999999999998,0.020833333333333332,0.0,0.0,0.006944444444444444,0.014583333333333332,0.03125,0.5680555555555556,7.0
0.0,0.0,0.0,0.0,0.020833333333333332,0.0,0.0,0.0,0.010416666666666666,0.020833333333333332,0.53125,8.0
0.0,0.0,0.0,0.020833333333333332,0.0,0.0,0.0,0.0,0.010416666666666666,0.0,0.21875,9.0
0.006944444444444444,0.0,0.0,0.0,0.0,0.0,0.0,0.006944444444444444,0.013888888888888888,0.03472222222222222,0.4375,10.0
0.020833333333333332,0.0,0.0,0.0,0.0,0.0,0.0,0.01736111111111111,0.0,0.04513888888888889,0.5,11.0
0.0,0.0,0.0,0.03819444444444444,0.020833333333333332,0.0,0.0,0.01736111111111111,0.006944444444444444,0.07638888888888888,0.5902777777777778,12.0
0.0,0.0,0.0,0.0,0.03125,0.0,0.0,0.010416666666666666,0.020833333333333332,0.0,0.3541666666666667,13.0
