cgs,gse,ecs,gjs,eec,jsg,egg,seg,gsj,isc,osi,esj,esh,gis,ges,cge,shs,egs,osg,jcs,soo,oso,sig,sos,igs,ioi,ois,jsh,isi,gsi,eig,iei,sis,sii,ics,csh,gcs,ieg,gie,ggg,hcs,ogs,igg,shh,ies,ccs,ssg,cse,hss,jgs,ssi,cis,hgs,ggs,gsg,scc,ssc,csg,scs,css,iis,sjs,isg,ess,sgg,sse,oss,see,sgs,jss,ssj,sjj,iss,gss,sss,TimeFactor
0.0,0.0,0.0,0.0,0.0,0.0,0.0,0.0,0.0,0.0,0.0,0.0,0.0,0.0,0.0,0.0,0.0,0.0,0.0,0.0,0.0,0.0,0.0,0.0,0.0,0.0,0.0,0.0,0.0,0.0,0.0,0.0,0.0,0.0,0.0,0.0,0.0,0.0,0.0,0.0,0.0,0.0,0.0,0.0,0.0,0.0,0.0,0.0,0.0,0.0,0.0,0.0032051282051282055,0.0032051282051282055,0.0032051282051282055,0.006410256410256411,0.006944444444444444,0.006944444444444444,0.006944444444444444,0.006944444444444444,0.006944444444444444,0.008333333333333333,0.008333333333333333,0.008333333333333333,0.008333333333333333,0.011538461538461539,0.013888888888888888,0.013888888888888888,0.013888888888888888,0.023504273504273504,0.029166666666666664,0.041666666666666664,0.041666666666666664,0.05918803418803418,0.09188034188034187,0.3256410256410256,1.0
0.0,0.0,0.0,0.0,0.0,0.0,0.0,0.0,0.0,0.0,0.0,0.0,0.0,0.0,0.0,0.0,0.0,0.0,0.0,0.0,0.0,0.0,0.0,0.0,0.0,0.0,0.0,0.0,0.0,0.0,0.0,0.0,0.0,0.0,0.0,0.0021929824561403508,0.0021929824561403508,0.0021929824561403508,0.0021929824561403508,0.0021929824561403508,0.0021929824561403508,0.0021929824561403508,0.0021929824561403508,0.0021929824561403508,0.004166666666666667,0.004629629629629629,0.009015594541910331,0.010416666666666666,0.014285714285714285,0.020833333333333332,0.020833333333333332,0.0,0.0,0.006578947368421052,0.006578947368421052,0.0,0.0,0.0,0.004166666666666667,0.01913464216095795,0.0,0.0,0.004629629629629629,0.020535714285714286,0.01364522417153996,0.0,0.005952380952380952,0.010416666666666666,0.0043859649122807015,0.0,0.020833333333333332,0.020833333333333332,0.06548663324979113,0.08491715399610138,0.4413203146755778,2.0
0.0,0.0,0.0,0.0,0.0,0.0,0.0,0.0,0.0,0.0,0.0,0.0,0.0,0.0,0.0,0.0,0.0,0.0,0.0,0.0,0.0,0.0,0.0020833333333333333,0.0020833333333333333,0.0020833333333333333,0.004166666666666667,0.004166666666666667,0.004166666666666667,0.004166666666666667,0.004629629629629629,0.005952380952380952,0.005952380952380952,0.0062499999999999995,0.006712962962962962,0.010582010582010581,0.0,0.0,0.0,0.0,0.0,0.0,0.0,0.0,0.004166666666666667,0.0,0.0,0.004166666666666667,0.0,0.017526455026455025,0.0,0.0,0.0,0.0,0.008035714285714285,0.010879629629629628,0.0,0.0020833333333333333,0.005952380952380952,0.01597222222222222,0.04546957671957672,0.0,0.006944444444444444,0.013657407407407408,0.024007936507936506,0.028406084656084653,0.0,0.03888888888888889,0.0,0.008796296296296297,0.006944444444444444,0.0,0.0,0.07046957671957672,0.11663359788359788,0.5080026455026455,3.0
0.0,0.0,0.0,0.0,0.0,0.0,0.0,0.0,0.0,0.0,0.0,0.0,0.0,0.0,0.0,0.0,0.0,0.0,0.0,0.0,0.0,0.0,0.0,0.0,0.0,0.0,0.0,0.0,0.0,0.0,0.0,0.0,0.0,0.0,0.0,0.0,0.0,0.0,0.0,0.0,0.0,0.0,0.0,0.0,0.0,0.0,0.0,0.0,0.05555555555555555,0.0,0.0,0.0,0.0,0.0,0.0,0.0,0.0,0.041666666666666664,0.020833333333333332,0.020833333333333332,0.0,0.0,0.0,0.0,0.041666666666666664,0.0,0.0,0.0,0.020833333333333332,0.0,0.0,0.0,0.041666666666666664,0.03472222222222222,0.2222222222222222,4.0
0.0,0.0,0.0,0.0,0.0,0.0,0.0,0.0,0.0,0.0,0.0,0.0,0.0,0.0,0.0,0.0,0.0,0.0,0.020833333333333332,0.020833333333333332,0.027777777777777776,0.027777777777777776,0.0,0.0,0.013888888888888888,0.0,0.0,0.0,0.0,0.020833333333333332,0.0,0.0,0.020833333333333332,0.0,0.041666666666666664,0.0,0.0,0.0,0.0,0.0,0.0,0.0,0.0,0.0,0.0,0.0,0.0,0.0,0.013888888888888888,0.0,0.0,0.0,0.0,0.0,0.0,0.0,0.0,0.0,0.0,0.0625,0.0,0.0,0.013888888888888888,0.020833333333333332,0.0,0.0,0.020833333333333332,0.0,0.03472222222222222,0.0,0.0,0.0,0.048611111111111105,0.013888888888888888,0.24305555555555558,5.0
0.0,0.0,0.0,0.0,0.0,0.0,0.0,0.0,0.0,0.0,0.0,0.0,0.0,0.0,0.0,0.0,0.0,0.041666666666666664,0.0,0.0,0.0,0.0,0.0,0.0,0.0,0.0,0.0,0.0,0.0,0.0,0.0,0.0,0.0,0.0,0.0,0.0,0.0,0.0,0.0,0.0,0.0,0.0,0.0,0.0,0.0,0.0,0.041666666666666664,0.0,0.0,0.0,0.0,0.0,0.0,0.0,0.041666666666666664,0.0,0.0,0.0,0.0,0.020833333333333332,0.0,0.0,0.0,0.0,0.08333333333333333,0.0,0.020833333333333332,0.0,0.0,0.0,0.0,0.0,0.041666666666666664,0.041666666666666664,0.25,6.0
0.0,0.0,0.0,0.0,0.0,0.0,0.0,0.0,0.0,0.0,0.0,0.0,0.0,0.0,0.0,0.0,0.041666666666666664,0.0,0.0,0.0,0.0,0.0,0.0,0.0,0.0,0.0,0.0,0.0,0.0,0.0,0.0,0.0,0.0,0.0,0.0,0.0,0.0,0.0,0.0,0.0,0.0,0.0,0.0,0.0,0.020833333333333332,0.0,0.0,0.0,0.041666666666666664,0.0,0.0,0.0,0.0,0.0,0.020833333333333332,0.0,0.0,0.0,0.0,0.0,0.020833333333333332,0.0,0.0,0.020833333333333332,0.0,0.0,0.041666666666666664,0.0,0.020833333333333332,0.0,0.0,0.0,0.041666666666666664,0.0,0.3958333333333333,7.0
0.0,0.0,0.0,0.0,0.0,0.0,0.0,0.0,0.0,0.0,0.0,0.0,0.0,0.0,0.0,0.0,0.0,0.0,0.0,0.0,0.0,0.0,0.0,0.0,0.0,0.0,0.0,0.0,0.0,0.0,0.0,0.0,0.0,0.0,0.0,0.0,0.0,0.0,0.0,0.0,0.0,0.0,0.0,0.0,0.0,0.0,0.013888888888888888,0.0,0.0,0.0,0.0,0.0,0.0,0.0,0.0,0.0,0.0,0.0,0.0,0.0,0.0,0.0,0.0,0.0,0.013888888888888888,0.0,0.0,0.0,0.0,0.0,0.0,0.0,0.0,0.0,0.8055555555555557,8.0
0.0,0.0,0.0,0.0,0.0,0.0,0.0,0.0,0.0,0.0,0.0,0.0,0.0,0.0,0.004629629629629629,0.004629629629629629,0.0,0.0,0.0,0.0,0.0,0.0,0.0,0.0,0.004629629629629629,0.0,0.0,0.0,0.004629629629629629,0.0,0.0,0.0,0.010416666666666666,0.015046296296296295,0.0,0.0,0.0,0.0,0.0,0.0,0.0,0.0,0.0,0.0,0.0,0.0,0.0,0.0,0.0,0.0,0.010416666666666666,0.0,0.0,0.0,0.010416666666666666,0.0,0.0,0.0,0.0,0.020833333333333332,0.0,0.0,0.0,0.0,0.0,0.0,0.020833333333333332,0.0,0.025462962962962965,0.0,0.004629629629629629,0.004629629629629629,0.03356481481481482,0.019675925925925927,0.3055555555555555,9.0
0.0,0.0,0.0,0.0,0.0,0.0,0.0,0.0,0.0,0.0,0.0,0.006944444444444444,0.006944444444444444,0.013888888888888888,0.0,0.0,0.006944444444444444,0.0,0.0,0.0,0.041666666666666664,0.041666666666666664,0.0,0.0,0.0,0.0,0.0,0.0,0.0,0.0,0.0,0.0,0.0,0.0,0.0,0.0,0.0,0.0,0.0,0.0,0.0,0.0,0.041666666666666664,0.0,0.0,0.0,0.029166666666666664,0.0,0.0,0.0,0.0,0.0,0.0,0.05694444444444444,0.0,0.0,0.0,0.0,0.0,0.0,0.0,0.0,0.0,0.027777777777777776,0.029166666666666664,0.006944444444444444,0.006944444444444444,0.006944444444444444,0.0,0.0,0.006944444444444444,0.013888888888888888,0.022222222222222223,0.029166666666666664,0.5208333333333334,10.0
0.0,0.0,0.0,0.0,0.0,0.0,0.0,0.0,0.0,0.013888888888888888,0.020833333333333332,0.0,0.0,0.0,0.0,0.0,0.0,0.0,0.0,0.0,0.0,0.0,0.0,0.041666666666666664,0.041666666666666664,0.0,0.0,0.0,0.0,0.0,0.0,0.0,0.0,0.020833333333333332,0.0,0.0,0.0,0.0,0.0,0.0,0.0,0.0,0.0,0.0,0.0,0.0,0.03472222222222222,0.0,0.0,0.0,0.0,0.0,0.0,0.0,0.041666666666666664,0.013888888888888888,0.0,0.0,0.0,0.0,0.0,0.0,0.010416666666666666,0.010416666666666666,0.04513888888888889,0.041666666666666664,0.041666666666666664,0.041666666666666664,0.08333333333333333,0.0,0.0,0.0,0.013888888888888888,0.11805555555555554,0.11458333333333333,11.0
0.0,0.0,0.0,0.0,0.0,0.0,0.0,0.0,0.0,0.0,0.0,0.0,0.0,0.0,0.0,0.0,0.0,0.0,0.0,0.0,0.0,0.0,0.0,0.0,0.0,0.0,0.0,0.0,0.0,0.0,0.0,0.0,0.0,0.0,0.0,0.0,0.0,0.0,0.0,0.0,0.0,0.0,0.0,0.0,0.0,0.0,0.013888888888888888,0.0,0.0,0.0,0.0,0.0,0.0,0.0,0.0,0.0,0.0,0.0,0.0,0.0,0.010416666666666666,0.0,0.0,0.0,0.013888888888888888,0.0,0.0,0.0,0.0,0.013888888888888888,0.013888888888888888,0.013888888888888888,0.06597222222222222,0.010416666666666666,0.34375,12.0
0.010416666666666666,0.010416666666666666,0.020833333333333332,0.020833333333333332,0.020833333333333332,0.020833333333333332,0.020833333333333332,0.020833333333333332,0.041666666666666664,0.0,0.0,0.0,0.0,0.0,0.0,0.0,0.0,0.0,0.0,0.0,0.0,0.0,0.0,0.0,0.020833333333333332,0.0,0.0,0.0,0.0,0.0,0.0,0.0,0.0,0.0,0.0,0.0,0.0,0.0,0.0,0.0,0.0,0.010416666666666666,0.0,0.0,0.0,0.0,0.052083333333333336,0.0,0.0,0.0,0.0,0.0,0.0,0.0,0.0,0.0,0.0,0.0,0.0,0.0,0.0,0.0,0.010416666666666666,0.0,0.010416666666666666,0.0,0.010416666666666666,0.0,0.0625,0.0,0.0,0.041666666666666664,0.010416666666666666,0.06944444444444443,0.09722222222222221,13.0
