ssi,ois,scs,scg,seg,ghg,ihs,ies,jgg,ics,osc,isg,shs,ssg,csg,ios,ses,sei,jsc,isj,hsh,esg,jos,jsh,gig,sis,igs,hsg,sig,sjs,iii,isi,gis,iis,gsi,gsg,eii,csi,ssc,eis,isc,hgs,sgg,ggg,his,gsc,sgs,osi,ess,ggs,hss,oss,css,jss,iss,gss,sss,TimeFactor
0.0,0.0,0.0,0.0,0.0,0.0,0.0,0.0,0.0,0.0,0.0,0.0,0.0,0.0,0.0,0.0,0.0,0.0,0.0,0.0,0.0,0.0,0.0,0.0,0.0,0.0,0.0,0.0,0.0,0.0,0.0,0.0,0.0,0.0,0.0,0.0,0.0,0.0,0.0,0.0,0.0,0.0,0.001937984496124031,0.001937984496124031,0.003472222222222222,0.003472222222222222,0.004588293650793651,0.004633204633204633,0.006128221244500315,0.006944444444444444,0.018721817282111988,0.03048691401488114,0.08137935510128774,0.088522138890523,0.13836719623482854,0.2226548103214603,0.3867531907452717,1.0
0.0,0.0,0.0,0.0,0.0,0.0,0.0,0.0,0.0,0.0,0.0,0.0,0.0,0.0,0.0,0.0,0.0,0.0,0.0,0.0,0.0,0.0,0.0,0.0,0.0,0.0,0.0,0.0,0.0,0.0,0.0,0.0,0.0,0.0,0.0,0.0012626262626262627,0.001937984496124031,0.001937984496124031,0.001937984496124031,0.001937984496124031,0.0021929824561403508,0.004166666666666667,0.0,0.0,0.0,0.0,0.0032006107587502935,0.0,0.00829763361893105,0.0,0.034965793287327025,0.011848362788855265,0.0636530947683524,0.07084742246278058,0.0925425833058598,0.24311356012794594,0.4561567255112682,2.0
0.0,0.0,0.0,0.0,0.0,0.0,0.0,0.0,0.0,0.0,0.0,0.0,0.0,0.0,0.0,0.0,0.0,0.0,0.0,0.0,0.0,0.001141552511415525,0.0012626262626262627,0.0012626262626262627,0.0017730496453900709,0.0023148148148148147,0.003577441077441077,0.003787878787878788,0.003787878787878788,0.003787878787878788,0.004629629629629629,0.005892255892255892,0.006102693602693603,0.009259259259259259,0.011994949494949494,0.0,0.0,0.0,0.0,0.0,0.0,0.0023148148148148147,0.0,0.0,0.0,0.0,0.006122118622118622,0.0,0.001141552511415525,0.0023148148148148147,0.00990112846312406,0.0128084766957478,0.018219986390089486,0.011327479889475488,0.07156075409907132,0.3413230506406338,0.462391288241956,3.0
0.0,0.0,0.0,0.0,0.0,0.0,0.0,0.0,0.0,0.0,0.0,0.0,0.0,0.0,0.0,0.0,0.0,0.0,0.001572327044025157,0.001984126984126984,0.002976190476190476,0.0,0.0,0.0,0.0,0.0017730496453900709,0.0,0.0,0.0,0.001984126984126984,0.0,0.0,0.0021367521367521365,0.0,0.0020325203252032522,0.0,0.0,0.0,0.0,0.0,0.0,0.0,0.0,0.0017730496453900709,0.0,0.0,0.002928577672873503,0.0,0.0021367521367521365,0.0,0.020878737948630422,0.009661460133158247,0.08087013241295331,0.022862503945628682,0.13085855712991745,0.34758092767379606,0.3659902077050851,4.0
0.0,0.0,0.0,0.0,0.0,0.0,0.0,0.0,0.0,0.0,0.0,0.0,0.0,0.0,0.0,0.0,0.0026041666666666665,0.0033333333333333335,0.0,0.0,0.0,0.0,0.0,0.0,0.0,0.0,0.0,0.0,0.0,0.0,0.0,0.0,0.0,0.0,0.0,0.0033333333333333335,0.0,0.0,0.0,0.0,0.0,0.0,0.0,0.0,0.0,0.0,0.0,0.0,0.0026041666666666665,0.0,0.04147015577565238,0.021895854668032084,0.08084538147038146,0.15076015967463335,0.15145454730768823,0.1782521747886773,0.3634467263149351,5.0
0.0,0.0,0.0,0.0,0.0,0.0,0.0,0.0,0.0,0.0,0.0,0.0,0.0,0.0020833333333333333,0.0032051282051282055,0.006538461538461539,0.0,0.0,0.0,0.0,0.0,0.0,0.0,0.0,0.0,0.0015432098765432098,0.0,0.0,0.0,0.0,0.0,0.0032051282051282055,0.0,0.0,0.0,0.0017006802721088435,0.0,0.0,0.0,0.0,0.0,0.0,0.0,0.0033333333333333335,0.0,0.0,0.0,0.0036231884057971015,0.010134366895220641,0.0,0.04369733283872155,0.009519874565641157,0.05760613858030875,0.1238294888964779,0.09848185591857973,0.18834070101933395,0.4431577781158825,6.0
0.0,0.0,0.0,0.0,0.0,0.0,0.0,0.0,0.0,0.0,0.001937984496124031,0.001984126984126984,0.007575757575757576,0.0,0.0,0.0,0.0,0.0,0.0,0.0,0.0,0.0,0.0,0.001937984496124031,0.0,0.0,0.0014367816091954023,0.0,0.0,0.0,0.0014367816091954023,0.0,0.0,0.0,0.0,0.0,0.0,0.0,0.0,0.0,0.0,0.0,0.0,0.001937984496124031,0.0,0.0,0.005331088664421998,0.0,0.0014367816091954023,0.0,0.009598965848965848,0.013460744941298267,0.03344758575669906,0.03501186437316482,0.10605239583406233,0.29213964783259666,0.4852735238729482,7.0
0.0,0.0,0.0,0.0,0.0,0.0,0.0,0.0,0.0,0.0,0.0,0.0,0.0,0.0,0.0,0.0,0.0,0.0,0.0,0.0,0.0,0.0,0.0,0.0,0.0,0.001893939393939394,0.0,0.0,0.0,0.0,0.0,0.0,0.0,0.0,0.0,0.001893939393939394,0.0,0.0,0.0,0.0,0.0,0.0,0.0,0.0,0.0,0.0,0.008226057568162831,0.0,0.001388888888888889,0.0,0.02764925133346186,0.024217772967772968,0.0438909725751831,0.0684734360830852,0.13299767970820606,0.292353533406165,0.3970145286811954,8.0
0.0,0.0,0.0,0.0,0.0,0.0,0.0,0.0,0.0026041666666666665,0.0043859649122807015,0.0,0.0,0.0,0.0036231884057971015,0.0,0.0,0.0,0.0,0.0,0.0,0.0,0.0,0.0,0.0,0.0,0.008159722222222223,0.0,0.0,0.0,0.0,0.0,0.0,0.0,0.0,0.0,0.0,0.0,0.0,0.0,0.0,0.0,0.0,0.0,0.0,0.0,0.0,0.0,0.0,0.0036231884057971015,0.0,0.020740167411994036,0.015428276573787411,0.1385272345775526,0.18276434589805332,0.1054841878712016,0.07804543445759457,0.43661412259705273,9.0
0.0,0.0,0.0,0.0,0.0,0.0,0.0,0.0026041666666666665,0.0,0.0,0.0,0.008333333333333333,0.0,0.0,0.0,0.0,0.0,0.0,0.0,0.0,0.0,0.0,0.0,0.0,0.0,0.0,0.0,0.0,0.0,0.0,0.0,0.0,0.0,0.0,0.0,0.0,0.0,0.0,0.0,0.0,0.0,0.0,0.0,0.0,0.0,0.0,0.009430894308943089,0.0,0.01026781444285031,0.0,0.019770880242048972,0.0031491384432560904,0.04562760289571152,0.10327611115586123,0.09305110708396717,0.1831758334011818,0.5213131180261797,10.0
0.0,0.0,0.0,0.0,0.0010822510822510823,0.0010822510822510823,0.0032051282051282055,0.0,0.0,0.0,0.0,0.0,0.005952380952380952,0.0,0.0,0.0,0.0,0.0,0.0,0.0,0.0,0.0,0.0,0.0,0.0,0.0052489177489177495,0.002802901827774637,0.0,0.0,0.001388888888888889,0.0,0.0,0.0,0.0,0.0,0.0014367816091954023,0.0,0.0,0.0,0.0,0.0,0.0,0.0,0.011904761904761904,0.0,0.0,0.0050380653828929695,0.0,0.0010822510822510823,0.002976190476190476,0.018684746625923097,0.030132204396910278,0.025802226007144036,0.04143405613993849,0.11473950802667592,0.23416320938766322,0.49184327917286047,11.0
0.0,0.0,0.0,0.011904761904761904,0.0,0.0,0.0,0.0,0.0,0.0,0.0,0.0,0.0,0.0,0.0,0.0,0.0,0.0,0.0,0.0,0.0,0.0,0.0,0.0,0.0,0.003968253968253968,0.0,0.0,0.0,0.0,0.0,0.0,0.0,0.0,0.0,0.0,0.0,0.0,0.0,0.0,0.0,0.0,0.0,0.0,0.0,0.0,0.0,0.0,0.0,0.0,0.013660606744956338,0.013635912698412697,0.04063069721606307,0.1138945433330596,0.14502019199935864,0.2188473231638882,0.4384377089712455,12.0
0.004629629629629629,0.005208333333333333,0.005555555555555556,0.0,0.0,0.0,0.0,0.0,0.0,0.0,0.0,0.0,0.0,0.0,0.0,0.0,0.0,0.0,0.0,0.0,0.0,0.0,0.0,0.0,0.0,0.0,0.0,0.0,0.0,0.0,0.0,0.0,0.0,0.0,0.0,0.0,0.0,0.0,0.0,0.0,0.0,0.0,0.0,0.0,0.0,0.0,0.0,0.0,0.008294753086419753,0.0,0.030430646657827187,0.03279220779220779,0.07780467855898891,0.173306829117343,0.14693379064153236,0.1348452895613139,0.3801982860658486,13.0
