cc,ee,je,sj,ii,ig,gi,sc,oi,jo,hh,sh,si,es,hs,gg,sg,is,cs,so,js,os,gs,ss,TimeFactor
0.0,0.0,0.0,0.0,0.0,0.0,0.0,0.0,0.0023148148148148147,0.0023148148148148147,0.0023148148148148147,0.0023148148148148147,0.005208333333333333,0.006944444444444444,0.006944444444444444,0.006944444444444444,0.006944444444444444,0.007523148148148148,0.011574074074074075,0.020833333333333332,0.020833333333333332,0.020833333333333332,0.021990740740740738,0.5208333333333334,1.0
0.0,0.0,0.0,0.0,0.0,0.0,0.0,0.0,0.0,0.0,0.0,0.0,0.013888888888888888,0.0,0.0,0.0,0.003472222222222222,0.04513888888888889,0.02689393939393939,0.0,0.004166666666666667,0.010416666666666666,0.023737373737373738,0.705618686868687,2.0
0.0,0.0,0.0,0.0,0.001488095238095238,0.001488095238095238,0.001488095238095238,0.001488095238095238,0.0,0.0,0.0,0.0,0.001488095238095238,0.0,0.002976190476190476,0.010813492063492062,0.01121933621933622,0.0034722222222222225,0.001488095238095238,0.0,0.01597222222222222,0.02291666666666667,0.041107503607503613,0.7159271284271286,3.0
0.0,0.0,0.0,0.0,0.0,0.0,0.0,0.0,0.0,0.0,0.0,0.0,0.0,0.0,0.0020833333333333333,0.0020833333333333333,0.0020833333333333333,0.005871212121212122,0.0,0.0,0.017187499999999998,0.0,0.03986742424242424,0.5974905303030303,4.0
0.0,0.0,0.0,0.0,0.0,0.0,0.0,0.0,0.0,0.0,0.0,0.005208333333333333,0.0,0.0,0.005208333333333333,0.0,0.0,0.0,0.020833333333333332,0.0,0.028645833333333332,0.013888888888888888,0.0,0.5095486111111112,5.0
0.0,0.0,0.0,0.0,0.0,0.0,0.0,0.0,0.0,0.0,0.0,0.0,0.0,0.0,0.0,0.0,0.0,0.013541666666666667,0.0026041666666666665,0.0,0.02673611111111111,0.02326388888888889,0.026041666666666668,0.6578125,6.0
0.0,0.0,0.0,0.0,0.0,0.0,0.0,0.0,0.0,0.0,0.0,0.0,0.0,0.0,0.0,0.0,0.0023148148148148147,0.007846320346320346,0.0,0.0,0.029596560846560847,0.0,0.031467953342953346,0.6787743506493508,7.0
0.0,0.0,0.0,0.0,0.0,0.0,0.0,0.010416666666666666,0.0,0.0,0.0,0.0,0.006944444444444444,0.0,0.0,0.0,0.0,0.01736111111111111,0.010416666666666666,0.0,0.006944444444444444,0.010416666666666666,0.03993055555555555,0.564236111111111,8.0
0.0,0.0,0.0,0.0,0.0,0.0,0.0,0.003472222222222222,0.0,0.0,0.0,0.0,0.0,0.0,0.0,0.0,0.0,0.01736111111111111,0.015625,0.0,0.013888888888888888,0.005208333333333333,0.03125,0.49652777777777785,9.0
0.0,0.0,0.0,0.0,0.0,0.0,0.0,0.0,0.0,0.0,0.004166666666666667,0.004166666666666667,0.0,0.004166666666666667,0.0,0.0,0.0,0.014583333333333332,0.0,0.0,0.026041666666666668,0.0,0.027777777777777776,0.5857638888888889,10.0
0.0,0.0,0.0,0.0,0.0,0.0,0.0,0.0,0.0,0.0,0.0,0.0,0.0,0.0,0.0,0.0,0.020833333333333332,0.005787037037037038,0.0,0.006944444444444444,0.012731481481481483,0.006944444444444444,0.048400673400673395,0.6483585858585857,11.0
0.0,0.010416666666666666,0.010416666666666666,0.010416666666666666,0.0,0.0,0.0,0.0,0.0,0.0,0.0,0.0,0.0,0.006944444444444444,0.0,0.0,0.0,0.020833333333333332,0.0,0.0,0.0,0.0,0.013888888888888888,0.59375,12.0
0.020833333333333332,0.0,0.0,0.0,0.0,0.0,0.0,0.020833333333333332,0.0,0.0,0.0,0.0,0.0,0.0,0.0,0.0,0.010416666666666666,0.024305555555555552,0.03125,0.0,0.027777777777777776,0.0,0.010416666666666666,0.3541666666666667,13.0
