jj,sc,se,es,ec,cs,ee,sj,js,ii,sg,si,os,is,gi,ig,gg,gs,ss,TimeFactor
0.0,0.0,0.0,0.0,0.0,0.0,0.0,0.0,0.0,0.0033333333333333335,0.01,0.01375,0.016666666666666666,0.017083333333333336,0.020416666666666666,0.025654761904761902,0.03791666666666667,0.0606547619047619,0.37785714285714284,1.0
0.0,0.0,0.0,0.0,0.0,0.0,0.0,0.0043859649122807015,0.0043859649122807015,0.013157894736842105,0.0043859649122807015,0.0043859649122807015,0.0,0.021464646464646464,0.0,0.0,0.0,0.02543859649122807,0.25572833599149386,2.0
0.0,0.0,0.0,0.0,0.0,0.0,0.0,0.0,0.0,0.0,0.016666666666666666,0.044444444444444446,0.016666666666666666,0.07777777777777777,0.0,0.016666666666666666,0.0,0.04722222222222222,0.36388888888888893,3.0
0.0,0.0,0.0,0.0,0.0,0.0,0.0,0.0,0.016666666666666666,0.0,0.0,0.0,0.0,0.022222222222222223,0.0,0.0,0.0,0.016666666666666666,0.4444444444444444,4.0
0.0,0.0,0.013888888888888888,0.013888888888888888,0.016666666666666666,0.016666666666666666,0.027777777777777776,0.0,0.0,0.0,0.0,0.0,0.013888888888888888,0.0,0.0,0.0,0.0,0.0,0.14722222222222223,5.0
0.0,0.0,0.0,0.0,0.0,0.016666666666666666,0.0,0.0,0.013888888888888888,0.016666666666666666,0.0,0.013888888888888888,0.013888888888888888,0.030555555555555558,0.0,0.0,0.0,0.0,0.22777777777777777,6.0
0.0,0.0,0.0,0.0,0.0,0.0,0.0,0.0,0.0,0.0,0.0,0.0,0.0,0.03888888888888889,0.0,0.0,0.0,0.008333333333333333,0.36944444444444446,7.0
0.0,0.0,0.0,0.0,0.0,0.0,0.0,0.0,0.026672979797979796,0.0,0.0,0.0,0.0,0.013888888888888888,0.0,0.0,0.005208333333333333,0.005208333333333333,0.282354797979798,8.0
0.0,0.0,0.0,0.0,0.0,0.0,0.0,0.0,0.0,0.0,0.0,0.0,0.0,0.0,0.0,0.0,0.0,0.0,0.0,9.0
0.0,0.0,0.0,0.0,0.0,0.0,0.0,0.0,0.0,0.0,0.0,0.0,0.0,0.0,0.0,0.0,0.0,0.0,0.0,10.0
0.0,0.016666666666666666,0.0,0.0,0.0,0.05000000000000001,0.0,0.0,0.0,0.0,0.0,0.0,0.0,0.03333333333333333,0.0,0.0,0.0,0.016666666666666666,0.5499999999999999,11.0
0.016666666666666666,0.0,0.0,0.0,0.0,0.0,0.0,0.0,0.016666666666666666,0.0,0.0,0.0,0.0,0.016666666666666666,0.0,0.0,0.0,0.0,0.19999999999999998,12.0
0.0,0.0,0.0,0.0,0.0,0.0,0.0,0.0,0.0,0.0,0.016666666666666666,0.0,0.0,0.016666666666666666,0.0,0.0,0.0,0.016666666666666666,0.03333333333333333,13.0
