sc,so,oo,hh,hg,gi,jo,sh,ig,cc,js,ci,ii,si,hs,sg,is,gg,os,cs,gs,ss,TimeFactor
0.0,0.0,0.0,0.0,0.0,0.0,0.0,0.0,0.0,0.0,0.0,0.0,0.0,0.005208333333333333,0.006944444444444444,0.006944444444444444,0.012152777777777776,0.013888888888888888,0.020833333333333332,0.020833333333333332,0.05381944444444445,0.359375,1.0
0.0,0.0,0.0,0.0,0.0,0.0,0.0,0.0,0.0,0.004166666666666667,0.012152777777777776,0.020833333333333332,0.020833333333333332,0.020833333333333332,0.0,0.03472222222222222,0.05243055555555556,0.044444444444444446,0.0,0.014583333333333332,0.07430555555555556,0.4506944444444445,2.0
0.0,0.0,0.0,0.0,0.0,0.003472222222222222,0.005208333333333333,0.006944444444444444,0.006944444444444444,0.0,0.0,0.0,0.0,0.01875,0.006944444444444444,0.035416666666666666,0.04895833333333333,0.03819444444444445,0.005208333333333333,0.006944444444444444,0.05347222222222223,0.596875,3.0
0.0,0.0,0.0,0.0,0.0,0.003472222222222222,0.0,0.0,0.006944444444444444,0.0,0.005208333333333333,0.0,0.005208333333333333,0.010416666666666666,0.005208333333333333,0.03472222222222222,0.020833333333333332,0.026041666666666668,0.0,0.03125,0.09970238095238095,0.6676587301587302,4.0
0.0,0.0,0.0,0.0,0.020833333333333332,0.0,0.0,0.0,0.0,0.0,0.006944444444444444,0.0,0.006944444444444444,0.024999999999999998,0.004166666666666667,0.006944444444444444,0.03611111111111111,0.0,0.027777777777777776,0.013888888888888888,0.049999999999999996,0.4680555555555556,5.0
0.0,0.006944444444444444,0.006944444444444444,0.010416666666666666,0.0,0.006944444444444444,0.0,0.010416666666666666,0.0,0.0,0.010416666666666666,0.0,0.01736111111111111,0.015625,0.013888888888888888,0.00992063492063492,0.02628968253968254,0.002976190476190476,0.015625,0.02157738095238095,0.025049603174603172,0.3829365079365079,6.0
0.0,0.0,0.0,0.0,0.0,0.0,0.0,0.0,0.0,0.0,0.0,0.0,0.0,0.0,0.0,0.03958333333333333,0.004166666666666667,0.05625,0.0,0.0,0.13819444444444443,0.4284722222222222,7.0
0.0,0.0,0.0,0.0,0.0,0.0,0.0,0.0,0.0,0.0,0.012152777777777776,0.0,0.0,0.0,0.0,0.006944444444444444,0.020833333333333332,0.0,0.0,0.0,0.05902777777777778,0.6510416666666666,8.0
0.0,0.0,0.0,0.0,0.0,0.0,0.0,0.0,0.0,0.0,0.041666666666666664,0.0,0.0,0.0,0.0,0.0,0.041666666666666664,0.0,0.0,0.020833333333333332,0.017857142857142856,0.37797619047619047,9.0
0.0,0.0,0.0,0.006944444444444444,0.0,0.0,0.0,0.0,0.0,0.0,0.0,0.0,0.0,0.0020833333333333333,0.013888888888888888,0.024305555555555552,0.01840277777777778,0.013888888888888888,0.0,0.03125,0.046875,0.6756944444444445,10.0
0.0,0.0,0.0,0.0,0.0,0.0,0.0,0.0,0.0,0.0,0.0,0.0,0.006944444444444444,0.0,0.0,0.029513888888888885,0.024305555555555552,0.020833333333333332,0.0,0.015625,0.057291666666666664,0.5954861111111112,11.0
0.0,0.0,0.0,0.0,0.0,0.0,0.0,0.0,0.0,0.0,0.011111111111111112,0.0,0.0,0.0,0.0,0.0,0.006944444444444444,0.0,0.024999999999999998,0.011111111111111112,0.06944444444444443,0.4597222222222222,12.0
0.010416666666666666,0.0,0.0,0.006944444444444444,0.0,0.0,0.0,0.006944444444444444,0.0,0.0,0.05555555555555555,0.010416666666666666,0.010416666666666666,0.0,0.0,0.0,0.0,0.0,0.0,0.0,0.041666666666666664,0.5243055555555556,13.0
