jh,jo,ec,ji,ch,cg,hi,ci,jg,jc,ig,gg,ho,ge,hg,og,se,si,ii,gh,es,sc,gi,oc,io,sh,oi,so,sg,sj,os,hs,cs,gs,is,js,ss,TimeFactor
0.0,0.0,0.0,0.0,0.0,0.0,0.0,0.0,0.0,0.0,0.0,0.0,0.0,0.0,0.0,0.0,0.0,0.0,0.0,0.0,0.0,0.0006038647342995169,0.0006038647342995169,0.000992063492063492,0.000992063492063492,0.0010683760683760683,0.0011904761904761904,0.0012254901960784314,0.0017943409247757074,0.004856254856254856,0.008712262682850918,0.009559864451168798,0.03513028712943462,0.07662833697040858,0.08672804414985254,0.10945649607587482,0.6604579138517225,1.0
0.0,0.0,0.0,0.0,0.0,0.0,0.0,0.0,0.0,0.0,0.0,0.0,0.0006720430107526881,0.0006830601092896175,0.0010964912280701754,0.0010964912280701754,0.0010964912280701754,0.001366120218579235,0.0016666666666666668,0.004166666666666667,0.02033658460152379,0.0,0.0,0.0,0.0,0.0006830601092896175,0.0,0.0,0.0024626114466494106,0.000462962962962963,0.0024790919952210277,0.018577704820103024,0.021202430248604645,0.061948223300038685,0.055046232236976474,0.12484084887883005,0.6801162190436348,2.0
0.0,0.0,0.0,0.0,0.0,0.0,0.0,0.0,0.0,0.00046816479400749064,0.0014124293785310734,0.004705452929600711,0.0,0.0,0.0,0.0,0.0010416666666666667,0.001642544277280518,0.0007062146892655367,0.0,0.0,0.0,0.0007062146892655367,0.0,0.0,0.0,0.0,0.0,0.02170692203407017,0.0,0.0031433578564726106,0.00428761748202252,0.00872026356967334,0.1357737024579729,0.04188636286320498,0.02137450058575036,0.7524245857262155,3.0
0.0,0.0,0.0,0.0,0.0,0.0,0.0,0.0,0.0023148148148148147,0.0,0.0,0.0,0.0,0.0,0.0,0.0,0.0,0.0014808006535947712,0.0,0.0,0.0015659041394335512,0.0,0.0,0.0,0.0,0.0006127450980392157,0.0,0.0008680555555555555,0.003558873044167162,0.0,0.007161614645858343,0.008469968447148974,0.0121903886075503,0.11846740611953593,0.05082707869807623,0.051010594938079724,0.7414717552381455,4.0
0.0,0.0,0.0,0.0,0.0,0.0,0.0,0.0014367816091954023,0.0,0.0,0.0,0.0,0.0,0.0,0.0,0.0,0.0,0.0,0.0,0.0,0.0016025641025641027,0.0,0.0,0.0,0.0,0.0018115942028985507,0.0,0.0014367816091954023,0.0014367816091954023,0.020833333333333332,0.013264401453119594,0.01318199344515134,0.04418100286901084,0.050413162779512494,0.09481676256290594,0.15060199621126394,0.6049828442126536,5.0
0.0,0.0,0.0,0.0,0.0,0.0,0.001488095238095238,0.0,0.0,0.0,0.0010162601626016261,0.0,0.0,0.0,0.0,0.0,0.0,0.004134927842439518,0.0,0.0,0.003600110256868705,0.0008865248226950354,0.0,0.0,0.0,0.001488095238095238,0.0,0.0,0.002789309807991697,0.0,0.012665299982044666,0.005008710801393728,0.04559376147554454,0.07049547719894948,0.07848814031866365,0.09170739718012157,0.6806378896744953,6.0
0.0,0.0,0.0003787878787878788,0.0007062146892655367,0.0008503401360544217,0.0010850025680534156,0.0,0.0,0.0,0.0,0.000744047619047619,0.001515652557319224,0.0,0.0,0.0,0.0,0.0,0.0003787878787878788,0.0,0.0,0.008333333333333333,0.0,0.0007716049382716049,0.0,0.0,0.0,0.0,0.0007716049382716049,0.004395708290635827,0.0,0.014548761423761424,0.004419328849970671,0.020720220017843453,0.11352297503515175,0.023186168645668772,0.021835455857458174,0.7818360053423173,7.0
0.0009689922480620155,0.0012626262626262627,0.0,0.0,0.0,0.0,0.0,0.0,0.0,0.0,0.0023871527777777775,0.0012254901960784314,0.0,0.0,0.0,0.0,0.0012626262626262627,0.0006510416666666666,0.0,0.0,0.0029987373737373735,0.0,0.0,0.0,0.0,0.0009689922480620155,0.0,0.0009689922480620155,0.0034373338649654438,0.0,0.019476652425416963,0.004463237021376556,0.005651591150907157,0.1318758202636707,0.0366632459470812,0.06835776161906004,0.7173797064238231,8.0
0.0,0.0,0.0,0.0,0.0,0.0,0.0,0.0,0.0,0.0,0.0,0.0,0.0,0.0,0.0,0.0,0.0,0.003939075630252101,0.0,0.0,0.008333333333333333,0.0,0.0,0.0,0.0,0.0,0.0,0.0,0.0,0.0,0.004567067067067067,0.013163163163163162,0.05018371284818653,0.03282182558498348,0.027024345774345773,0.17229103273994917,0.604343110525386,9.0
0.0,0.0,0.0,0.0,0.0,0.0,0.0,0.0,0.0,0.0,0.0,0.0,0.0,0.0,0.0,0.0,0.0,0.0,0.0,0.0,0.0061177248677248665,0.0,0.001984126984126984,0.0,0.0,0.0,0.0,0.0,0.0,0.005952380952380952,0.011421957671957672,0.011339285714285713,0.02996031746031746,0.06411044973544973,0.032549603174603176,0.07511243386243387,0.6781183862433863,10.0
0.0,0.0,0.0,0.0,0.0,0.0,0.0,0.0,0.0,0.0,0.000925925925925926,0.0,0.0,0.0,0.0,0.0,0.0,0.005241698128526773,0.0,0.0,0.006454388984509466,0.0008865248226950354,0.0,0.0,0.0,0.0,0.0,0.0,0.002275413711583924,0.0,0.0077376998759459545,0.005961035103756886,0.008690362264778557,0.12048108526787021,0.034593691821644554,0.008608066239888626,0.7981441078528743,11.0
0.0,0.0,0.0,0.0,0.0,0.0,0.0,0.0,0.0,0.0,0.0,0.0,0.0,0.0,0.0,0.0,0.004191919191919192,0.0007861635220125786,0.0,0.0,0.0,0.0,0.0,0.0,0.0,0.0007716049382716049,0.0,0.00037537537537537537,0.006389069910575287,0.0,0.0032968574635241304,0.0060526406910054705,0.05223758174153792,0.07406794451453613,0.05674192326142119,0.013489165265894826,0.7815997541239263,12.0
0.0,0.0,0.0,0.0,0.0,0.0,0.0,0.002976190476190476,0.0,0.0,0.0,0.0,0.0,0.0,0.0,0.0,0.0,0.002976190476190476,0.0,0.0,0.0,0.0,0.0,0.0,0.0,0.003981481481481482,0.0,0.0,0.0,0.0033333333333333335,0.021208513708513708,0.013734968734968734,0.03701539201539202,0.0814201539201539,0.04752284752284752,0.13162157287157286,0.6542093554593554,13.0
