es,sc,sh,gg,sg,hs,ii,si,cs,ig,os,is,gs,js,ss,TimeFactor
0.0,0.0,0.0,0.0,0.0,0.0,0.0,0.0,0.0,0.0,0.0,0.0,0.0,0.005208333333333333,0.328125,1.0
0.0,0.0,0.0,0.0,0.0,0.0,0.0,0.0,0.0,0.010416666666666666,0.020833333333333332,0.020833333333333332,0.020833333333333332,0.020833333333333332,0.5729166666666666,2.0
0.0,0.0,0.0,0.0,0.0,0.0,0.005208333333333333,0.005208333333333333,0.005208333333333333,0.0026041666666666665,0.006944444444444444,0.041666666666666664,0.0642361111111111,0.0,0.5355902777777778,3.0
0.0,0.0,0.0,0.0,0.004166666666666667,0.006944444444444444,0.0,0.0,0.03888888888888889,0.0,0.020833333333333332,0.008333333333333333,0.024999999999999998,0.020833333333333332,0.4583333333333333,4.0
0.0,0.0,0.0,0.0026041666666666665,0.005208333333333333,0.0,0.0026041666666666665,0.0026041666666666665,0.0026041666666666665,0.0,0.0,0.059895833333333336,0.0078125,0.0,0.25,5.0
0.0,0.0020833333333333333,0.0020833333333333333,0.0,0.0,0.02291666666666667,0.0,0.0,0.0020833333333333333,0.0,0.0020833333333333333,0.011111111111111112,0.009027777777777779,0.0,0.36527777777777776,6.0
0.020833333333333332,0.0,0.020833333333333332,0.036458333333333336,0.078125,0.020833333333333332,0.0,0.0,0.005208333333333333,0.0,0.0,0.026041666666666668,0.07291666666666667,0.006944444444444444,0.4618055555555556,7.0
0.0,0.0,0.0,0.0,0.0,0.0,0.0,0.0,0.020833333333333332,0.0,0.020833333333333332,0.0,0.006944444444444444,0.0,0.3680555555555556,8.0
0.0,0.0,0.0,0.0,0.0,0.0,0.0,0.0,0.020833333333333332,0.0,0.0,0.0,0.0,0.0,0.22916666666666666,9.0
0.0,0.0,0.0,0.0,0.020833333333333332,0.0,0.0,0.0,0.015625,0.0,0.0,0.046875,0.052083333333333336,0.0,0.4479166666666667,10.0
0.0,0.0,0.0,0.0,0.0,0.0,0.0,0.020833333333333332,0.013888888888888888,0.020833333333333332,0.0,0.027777777777777776,0.041666666666666664,0.0,0.20833333333333334,11.0
0.020833333333333332,0.0,0.0,0.0,0.0,0.0,0.0,0.0,0.0,0.0,0.0,0.0,0.020833333333333332,0.010416666666666666,0.28125,12.0
0.0,0.0,0.0,0.0,0.012499999999999999,0.0,0.0,0.004166666666666667,0.0,0.004166666666666667,0.020833333333333332,0.029166666666666664,0.0375,0.0,0.30833333333333335,13.0
