ce,hh,co,cg,sh,hg,ig,js,jc,ij,gi,oo,so,jg,sg,gg,sj,jj,hs,ee,sc,es,ii,os,si,cs,gs,is,ss,TimeFactor
0.0,0.0,0.0,0.0,0.0,0.0,0.0,0.0,0.0,0.0,0.0,0.0,0.0,0.0,0.0,0.004629629629629629,0.005555555555555556,0.005555555555555556,0.005555555555555556,0.013888888888888888,0.013888888888888888,0.013888888888888888,0.013888888888888888,0.01712962962962963,0.027777777777777776,0.04722222222222222,0.05601851851851852,0.0787037037037037,0.5296296296296297,1.0
0.0,0.0,0.0,0.0,0.0,0.0,0.0,0.0,0.0,0.0030864197530864196,0.0030864197530864196,0.003968253968253968,0.003968253968253968,0.006944444444444444,0.007054673721340388,0.01966490299823633,0.0,0.0,0.007054673721340388,0.0,0.0,0.0,0.0,0.0,0.03472222222222222,0.007054673721340388,0.1058862433862434,0.05864197530864198,0.4888668430335097,2.0
0.0,0.0,0.0,0.0,0.0,0.0015432098765432098,0.004629629629629629,0.005555555555555556,0.006944444444444444,0.0,0.006944444444444444,0.0,0.0,0.0,0.017957351290684622,0.0030864197530864196,0.0,0.0,0.02196969696969697,0.0,0.0,0.0025252525252525255,0.022530864197530864,0.02932098765432099,0.02407407407407407,0.008487654320987654,0.0677749719416386,0.10360549943883275,0.5063832772166107,3.0
0.0,0.001736111111111111,0.001736111111111111,0.001736111111111111,0.003472222222222222,0.0,0.0,0.027777777777777776,0.0,0.0,0.0,0.0,0.0,0.0,0.02025462962962963,0.015625,0.0,0.013888888888888888,0.008294753086419753,0.0,0.0,0.0,0.0,0.014081790123456788,0.0,0.018518518518518517,0.0826168430335097,0.031746031746031744,0.4251818783068783,4.0
0.0,0.0,0.0,0.0,0.0,0.0,0.0,0.0,0.0,0.0,0.0,0.0,0.0,0.0,0.027777777777777776,0.0,0.0,0.0,0.0,0.0,0.0,0.0,0.0,0.003968253968253968,0.0,0.007936507936507936,0.06349206349206349,0.09126984126984126,0.3055555555555555,5.0
0.0,0.0,0.0,0.027777777777777776,0.0,0.0,0.0,0.013888888888888888,0.0,0.0,0.0,0.0,0.0,0.0,0.004629629629629629,0.004629629629629629,0.0,0.0,0.02182539682539682,0.0,0.032407407407407406,0.0,0.0,0.031746031746031744,0.004629629629629629,0.041005291005291,0.07936507936507936,0.013227513227513227,0.39153439153439157,6.0
0.0,0.0,0.0,0.0,0.0,0.0,0.0,0.031746031746031744,0.0,0.0,0.0,0.0,0.0,0.0,0.016203703703703703,0.0,0.0,0.0,0.0,0.0,0.0,0.0,0.0,0.02943121693121693,0.0,0.006944444444444444,0.08253968253968252,0.07592592592592591,0.5905423280423281,7.0
0.0,0.0,0.0,0.0,0.0,0.0,0.0,0.027777777777777776,0.0,0.0,0.0,0.0,0.0,0.0,0.0030864197530864196,0.0030864197530864196,0.0,0.0,0.006944444444444444,0.0,0.0,0.0030864197530864196,0.0030864197530864196,0.0,0.006172839506172839,0.016975308641975308,0.04845679012345679,0.06419753086419754,0.48379629629629634,8.0
0.005555555555555556,0.0,0.0,0.0,0.0,0.0,0.0,0.027777777777777776,0.0,0.0,0.0,0.0,0.027777777777777776,0.0,0.005555555555555556,0.0,0.0,0.0,0.0,0.0,0.0,0.005555555555555556,0.0,0.027777777777777776,0.0,0.005555555555555556,0.03333333333333333,0.04722222222222222,0.5638888888888889,9.0
0.0,0.0,0.0,0.0,0.0,0.0,0.0,0.013888888888888888,0.0,0.0,0.0,0.027777777777777776,0.0,0.005555555555555556,0.013888888888888888,0.0,0.0,0.013888888888888888,0.0,0.0,0.005555555555555556,0.0,0.0,0.013888888888888888,0.0,0.014814814814814814,0.06666666666666667,0.013888888888888888,0.39351851851851855,10.0
0.0,0.0,0.0,0.0,0.0,0.0,0.0,0.0,0.0,0.0,0.0,0.0,0.006944444444444444,0.0,0.004629629629629629,0.004629629629629629,0.0,0.0,0.0,0.0,0.0,0.0,0.0,0.10879629629629628,0.0,0.0,0.06574074074074074,0.04722222222222222,0.6787037037037038,11.0
0.0,0.0,0.0,0.0,0.0,0.0,0.0,0.027777777777777776,0.0,0.0,0.0,0.0,0.0,0.0,0.0,0.0,0.009259259259259259,0.0,0.03472222222222222,0.0,0.0,0.0,0.0,0.020833333333333332,0.0,0.0,0.027777777777777776,0.013888888888888888,0.36574074074074076,12.0
0.0,0.0,0.0,0.0,0.0,0.0,0.0,0.0,0.0,0.0,0.0,0.0,0.0,0.0,0.013888888888888888,0.0,0.0,0.0,0.0,0.0,0.0,0.0,0.0,0.0,0.0,0.0,0.013888888888888888,0.0,0.47222222222222215,13.0
