eg,ih,ei,ie,gh,hi,hs,hh,sh,ii,ig,si,cs,ci,gg,og,es,sg,gi,js,os,gs,is,ss,TimeFactor
0.0,0.0,0.0,0.0,0.0,0.0,0.0,0.0,0.0,0.0026041666666666665,0.003787878787878788,0.004498106060606061,0.005366161616161616,0.006944444444444444,0.01175820707070707,0.020833333333333332,0.020833333333333332,0.021622474747474748,0.02911931818181818,0.02951388888888889,0.031249999999999997,0.04245580808080809,0.06676136363636363,0.6193181818181818,1.0
0.0,0.0,0.0,0.0,0.0,0.0,0.006944444444444444,0.020833333333333332,0.027777777777777776,0.005208333333333333,0.006944444444444444,0.008680555555555554,0.010416666666666666,0.0,0.010416666666666666,0.0,0.0,0.013392857142857142,0.005208333333333333,0.024305555555555556,0.010416666666666666,0.11557539682539685,0.011160714285714286,0.722718253968254,2.0
0.0,0.0,0.0,0.001893939393939394,0.004166666666666667,0.004166666666666667,0.0,0.0,0.0,0.009848484848484848,0.011309523809523811,0.0,0.011111111111111112,0.0,0.01135161135161135,0.0,0.001893939393939394,0.009457671957671958,0.00487012987012987,0.001893939393939394,0.021527777777777774,0.06784211159211158,0.015286796536796536,0.7400462962962964,3.0
0.0,0.0,0.0,0.0,0.0,0.0,0.0,0.0,0.0,0.0,0.0,0.005208333333333333,0.016319444444444442,0.005208333333333333,0.005208333333333333,0.0,0.004166666666666667,0.004166666666666667,0.0,0.014583333333333332,0.004166666666666667,0.07465277777777778,0.042361111111111106,0.6572916666666666,4.0
0.0,0.0,0.0,0.0,0.0,0.0,0.005208333333333333,0.0,0.005208333333333333,0.0,0.0,0.020833333333333332,0.026041666666666668,0.0,0.020833333333333332,0.0,0.0,0.010416666666666666,0.0,0.0,0.0,0.06145833333333334,0.03993055555555555,0.7267361111111111,5.0
0.0,0.004166666666666667,0.004166666666666667,0.0,0.0,0.0,0.004166666666666667,0.0,0.0,0.008333333333333333,0.0,0.02135416666666667,0.006944444444444444,0.0,0.005580357142857143,0.0,0.0,0.0,0.0,0.003472222222222222,0.013888888888888888,0.07085813492063492,0.041493055555555554,0.7322420634920634,6.0
0.0,0.0,0.0,0.0,0.0,0.0,0.0,0.0,0.0,0.0,0.0,0.0020833333333333333,0.004166666666666667,0.0,0.005208333333333333,0.0,0.0,0.017708333333333333,0.0,0.0,0.006944444444444444,0.049305555555555554,0.035069444444444445,0.7961805555555554,7.0
0.0,0.0,0.0,0.0,0.0,0.0,0.020833333333333332,0.0,0.0,0.0,0.0,0.006944444444444444,0.01736111111111111,0.0,0.0,0.0,0.0,0.010416666666666666,0.0,0.0,0.006944444444444444,0.03993055555555555,0.030092592592592587,0.8674768518518517,8.0
0.0,0.0,0.0,0.0,0.0,0.0,0.010416666666666666,0.0,0.0,0.0,0.0,0.0,0.0,0.0,0.0,0.0,0.0,0.006944444444444444,0.0,0.010416666666666666,0.0,0.022222222222222223,0.05711805555555555,0.8095486111111111,9.0
0.0,0.0,0.0,0.0,0.0,0.0,0.0,0.0,0.0,0.0,0.0,0.0,0.005208333333333333,0.0,0.0,0.0,0.005208333333333333,0.0,0.0,0.0,0.010416666666666666,0.026041666666666668,0.0,0.703125,10.0
0.0,0.0,0.0,0.004166666666666667,0.0,0.0,0.0,0.0,0.0,0.016666666666666666,0.003472222222222222,0.009375,0.008680555555555554,0.0,0.015277777777777779,0.005208333333333333,0.004166666666666667,0.011805555555555555,0.004166666666666667,0.0,0.0,0.03263888888888889,0.027083333333333334,0.7739583333333332,11.0
0.0,0.0,0.0,0.0,0.0,0.0,0.0,0.0,0.0,0.0,0.0,0.0,0.006944444444444444,0.0,0.0,0.0,0.0,0.0,0.0,0.010416666666666666,0.0,0.05815972222222222,0.03819444444444444,0.8029513888888888,12.0
0.0026041666666666665,0.0,0.0,0.0,0.0,0.0,0.002976190476190476,0.0,0.0,0.0,0.0,0.002976190476190476,0.020833333333333332,0.0023148148148148147,0.004918981481481482,0.0,0.0,0.02314814814814815,0.0,0.0,0.0,0.04137731481481482,0.013971560846560848,0.8015459656084657,13.0
