ei,sj,ji,gc,jg,so,ii,gi,sh,hs,ig,se,es,si,sg,cs,os,gg,gs,is,js,ss,TimeFactor
0.0,0.0,0.0,0.0,0.0,0.0,0.0,0.0,0.0,0.0,0.005208333333333333,0.005208333333333333,0.005208333333333333,0.009375,0.010416666666666666,0.010416666666666666,0.011458333333333334,0.026041666666666668,0.036111111111111115,0.03923611111111111,0.041666666666666664,0.6329861111111111,1.0
0.0,0.0,0.0,0.0,0.0,0.0,0.004166666666666667,0.004166666666666667,0.005208333333333333,0.005208333333333333,0.0,0.020833333333333332,0.020833333333333332,0.004166666666666667,0.004166666666666667,0.016319444444444442,0.0,0.0,0.043750000000000004,0.03263888888888889,0.041666666666666664,0.7135416666666666,2.0
0.0,0.0,0.0,0.0,0.0,0.0,0.000946969696969697,0.001893939393939394,0.0,0.0,0.000946969696969697,0.0,0.0,0.000946969696969697,0.003787878787878788,0.01736111111111111,0.0,0.005681818181818181,0.04283459595959596,0.04962121212121212,0.006944444444444444,0.7857007575757576,3.0
0.0,0.0,0.0,0.0,0.006944444444444444,0.010416666666666666,0.0,0.0,0.0,0.020833333333333332,0.0,0.0,0.0,0.0,0.0,0.015625,0.01736111111111111,0.0,0.027777777777777776,0.013888888888888888,0.027777777777777776,0.609375,4.0
0.0,0.0,0.0,0.0,0.0,0.0,0.0,0.0,0.0,0.013888888888888888,0.0,0.0,0.0,0.0,0.0,0.006944444444444444,0.0,0.0,0.0,0.010416666666666666,0.027777777777777776,0.3576388888888889,5.0
0.0,0.0,0.0,0.006944444444444444,0.0,0.0,0.0,0.0,0.0,0.0,0.0,0.0,0.0,0.0,0.006944444444444444,0.03125,0.0,0.0,0.022569444444444444,0.020833333333333332,0.059375000000000004,0.7687499999999999,6.0
0.0,0.0,0.0,0.0,0.0,0.0,0.0,0.0,0.0,0.0,0.0,0.0,0.0,0.0,0.010416666666666666,0.0,0.010416666666666666,0.0,0.020833333333333332,0.010416666666666666,0.0,0.53125,7.0
0.0,0.006944444444444444,0.006944444444444444,0.0,0.0,0.0,0.0,0.0,0.0,0.0,0.0,0.0,0.0,0.0,0.020833333333333332,0.0,0.01736111111111111,0.0,0.04861111111111111,0.04513888888888889,0.006944444444444444,0.34722222222222227,8.0
0.0,0.0,0.0,0.0,0.0,0.0,0.0,0.0,0.0,0.0,0.0,0.0,0.0,0.0,0.0,0.027777777777777776,0.0,0.0,0.0,0.006944444444444444,0.052083333333333336,0.579861111111111,9.0
0.0,0.0,0.0,0.0,0.0,0.0,0.0,0.0,0.0,0.0,0.0,0.0,0.020833333333333332,0.0,0.010416666666666666,0.006944444444444444,0.010416666666666666,0.0,0.041666666666666664,0.0,0.020833333333333332,0.8888888888888888,10.0
0.0,0.0,0.0,0.0,0.0,0.0,0.0,0.0,0.0,0.0,0.0,0.0,0.0,0.0,0.006944444444444444,0.0,0.006944444444444444,0.0,0.09027777777777778,0.006944444444444444,0.0,0.638888888888889,11.0
0.0,0.0,0.0,0.0,0.0,0.0,0.0,0.0,0.0,0.0,0.0,0.0,0.0,0.0,0.0,0.0,0.041666666666666664,0.0,0.006944444444444444,0.03472222222222222,0.01736111111111111,0.6493055555555556,12.0
0.010416666666666666,0.0,0.0,0.0,0.0,0.0,0.010416666666666666,0.0,0.0,0.0,0.0,0.010416666666666666,0.0,0.0,0.0,0.010416666666666666,0.006944444444444444,0.0,0.0,0.0,0.0,0.45138888888888884,13.0
