gc,cc,go,jj,eh,hg,jg,sj,gh,ee,sc,hh,sh,ci,ge,ie,eg,gg,hi,ih,hs,ei,se,ic,ii,gi,ig,sg,so,cs,os,si,js,es,is,gs,ss,TimeFactor
0.0,0.0,0.0,0.0,0.0,0.0,0.0,0.0,0.0,0.0,0.0,0.0,0.0,0.0,0.0,0.0,0.0,0.0,0.0,0.0,0.0,0.0020833333333333333,0.0020833333333333333,0.003472222222222222,0.004398148148148148,0.004629629629629629,0.006944444444444444,0.009259259259259259,0.010416666666666666,0.010416666666666666,0.012499999999999999,0.015046296296296295,0.020833333333333332,0.025000000000000005,0.03263888888888889,0.05138888888888888,0.7888888888888891,1.0
0.0,0.0,0.0,0.0,0.0,0.0,0.0,0.0,0.0,0.0,0.0,0.0,0.0,0.0,0.0,0.0,0.0,0.0,0.0010416666666666667,0.0010416666666666667,0.021875000000000002,0.0,0.0,0.0,0.0010416666666666667,0.0020833333333333333,0.0010416666666666667,0.0,0.0,0.019871794871794874,0.004166666666666667,0.0,0.052083333333333336,0.0,0.016266025641025642,0.021554487179487176,0.6912660256410256,2.0
0.0,0.0,0.0,0.0,0.0,0.0,0.0,0.0,0.0,0.0,0.0008680555555555555,0.0008680555555555555,0.0008680555555555555,0.0008680555555555555,0.0013020833333333333,0.001736111111111111,0.0021701388888888886,0.00390625,0.0,0.0008680555555555555,0.003472222222222222,0.0008680555555555555,0.003038194444444444,0.0,0.00390625,0.0,0.004774305555555555,0.006882440476190476,0.0,0.0054687500000000005,0.005208333333333333,0.009052579365079366,0.003472222222222222,0.010677083333333332,0.034474206349206345,0.07454117063492063,0.8207093253968254,3.0
0.0,0.0,0.0,0.0,0.0,0.0,0.0,0.001388888888888889,0.001736111111111111,0.001736111111111111,0.0,0.0,0.0,0.0,0.0,0.001736111111111111,0.0,0.001388888888888889,0.0,0.0,0.0031249999999999997,0.002777777777777778,0.0031249999999999997,0.0,0.009375,0.001388888888888889,0.002777777777777778,0.011111111111111112,0.0,0.001736111111111111,0.0,0.009722222222222222,0.041666666666666664,0.010069444444444443,0.03754960317460317,0.08169642857142857,0.6092261904761905,4.0
0.0,0.0,0.0,0.0,0.0,0.0,0.0,0.0,0.0,0.0,0.0,0.0,0.0,0.0,0.0,0.0,0.0,0.0,0.0,0.0,0.010416666666666666,0.0,0.0,0.0,0.0,0.0,0.0,0.005208333333333333,0.0,0.034747023809523804,0.005208333333333333,0.0,0.0587797619047619,0.0,0.017187499999999998,0.01171875,0.7734002976190476,5.0
0.0,0.0,0.0,0.0,0.0,0.0,0.000946969696969697,0.0,0.0,0.0,0.0,0.0,0.0,0.000946969696969697,0.0,0.0,0.0,0.020833333333333332,0.0,0.0,0.0030303030303030303,0.0,0.0,0.0,0.001893939393939394,0.0,0.0,0.010416666666666666,0.0,0.021527777777777774,0.011111111111111112,0.0028409090909090906,0.04678030303030303,0.0,0.010416666666666666,0.04160353535353536,0.8276515151515151,6.0
0.0,0.0,0.0,0.0,0.001388888888888889,0.002777777777777778,0.0,0.0,0.0,0.004861111111111111,0.0,0.0,0.001388888888888889,0.0,0.0,0.003472222222222222,0.0,0.018055555555555557,0.0,0.001388888888888889,0.001388888888888889,0.0,0.002777777777777778,0.0,0.012499999999999999,0.012499999999999999,0.013194444444444444,0.024999999999999998,0.0,0.008680555555555554,0.002976190476190476,0.015277777777777777,0.006944444444444444,0.0,0.05198412698412697,0.07177579365079363,0.4916666666666667,7.0
0.0,0.0,0.0,0.001488095238095238,0.0,0.0,0.0,0.001488095238095238,0.001488095238095238,0.0,0.0,0.001488095238095238,0.001488095238095238,0.0,0.001488095238095238,0.0,0.0,0.00818452380952381,0.0,0.0,0.001488095238095238,0.0,0.0,0.0,0.0,0.00496031746031746,0.001488095238095238,0.00818452380952381,0.0,0.027777777777777776,0.041666666666666664,0.0,0.010416666666666666,0.001488095238095238,0.031746031746031744,0.016121031746031744,0.8375496031746033,8.0
0.0,0.0,0.0,0.0,0.0,0.0,0.0,0.0,0.0,0.020833333333333332,0.0,0.0,0.0,0.0,0.0,0.0,0.0,0.0,0.0,0.0,0.0,0.0,0.0,0.0,0.001736111111111111,0.0,0.0,0.0,0.0,0.010416666666666666,0.0,0.022569444444444444,0.006944444444444444,0.041666666666666664,0.022569444444444444,0.03819444444444444,0.5850694444444444,9.0
0.0,0.0,0.001488095238095238,0.0,0.0,0.0,0.0,0.0,0.0,0.0,0.0,0.0,0.0,0.0,0.0,0.0,0.0,0.0,0.0,0.0,0.0,0.0,0.0,0.0,0.0,0.010416666666666666,0.0,0.001488095238095238,0.0,0.002976190476190476,0.008432539682539682,0.0,0.04141865079365079,0.0,0.031249999999999997,0.04141865079365079,0.611111111111111,10.0
0.0,0.005208333333333333,0.0,0.003472222222222222,0.0,0.0,0.0,0.006944444444444444,0.0,0.0,0.0,0.0,0.0,0.0,0.0,0.0,0.0,0.005456349206349205,0.0,0.0,0.002886002886002886,0.0,0.0,0.0,0.0,0.0,0.0,0.000992063492063492,0.0,0.03819444444444444,0.000992063492063492,0.004464285714285714,0.013888888888888888,0.0,0.03562409812409812,0.03801406926406927,0.6771960678210679,11.0
0.010416666666666666,0.0,0.0,0.0,0.0,0.0,0.001736111111111111,0.0,0.0,0.0,0.0,0.0,0.0,0.0,0.0,0.001488095238095238,0.0010416666666666667,0.004464285714285714,0.0,0.0,0.0,0.001488095238095238,0.0010416666666666667,0.0,0.001488095238095238,0.0,0.0,0.014434523809523809,0.0,0.01840277777777778,0.010416666666666666,0.001488095238095238,0.013888888888888888,0.002976190476190476,0.02673611111111111,0.05014880952380952,0.8383432539682539,12.0
0.0,0.0,0.0,0.0,0.0,0.0,0.0,0.0,0.0,0.0,0.0,0.0,0.0,0.0,0.0,0.0,0.0,0.0,0.0,0.0,0.0020833333333333333,0.0,0.0,0.0,0.0,0.0,0.0,0.0,0.0,0.010416666666666666,0.024999999999999998,0.010416666666666666,0.03194444444444444,0.0,0.014583333333333332,0.03333333333333333,0.8722222222222221,13.0
