ji,go,ic,og,ih,jh,cc,eo,ie,gc,ce,ij,jj,se,jo,ej,hj,hh,cg,jc,ei,sh,gj,sc,ci,oh,ii,so,gi,es,sj,ch,gg,jg,ec,ig,oi,os,si,sg,js,hs,cs,ss,is,gs,TimeFactor
0.0,0.0,0.0,0.0,0.0,0.0,0.0,0.0,0.0,0.0,0.0,0.0,0.0,0.0,0.0,0.0,0.0,0.0,0.0,0.0,0.0,0.0,0.0,0.0,0.001488095238095238,0.001736111111111111,0.001736111111111111,0.001736111111111111,0.002544677544677545,0.002544677544677545,0.002564102564102564,0.002976190476190476,0.0032242063492063495,0.004629629629629629,0.005208333333333333,0.005582264957264957,0.005952380952380952,0.009865557148165843,0.011408730158730158,0.030764178454395844,0.03348063613979763,0.04138576011635017,0.04817926782212497,0.17367102790239433,0.2405379809688816,0.36878396936626756,1.0
0.0,0.0,0.0,0.0,0.0,0.0,0.0,0.0,0.0,0.0,0.0,0.0,0.0,0.0,0.0,0.0,0.0,0.0,0.0,0.0017730496453900709,0.002777777777777778,0.003624901497241923,0.0042658730158730155,0.00537037037037037,0.005555555555555556,0.0,0.0,0.0032051282051282055,0.0017730496453900709,0.011095902718243143,0.0018115942028985507,0.0,0.00507273908638386,0.0,0.002777777777777778,0.0017730496453900709,0.001488095238095238,0.0042658730158730155,0.023980172314012813,0.02460372523971044,0.025843695777906305,0.0631169978986937,0.03591849780685654,0.1707348753841402,0.1894307282691576,0.40974056991213387,2.0
0.0,0.0,0.0,0.0,0.0,0.0,0.0,0.0,0.0,0.0,0.0,0.0,0.0,0.0,0.000778816199376947,0.001388888888888889,0.0017730496453900709,0.0021367521367521365,0.0021367521367521365,0.0,0.0,0.0017730496453900709,0.0,0.004917703733440385,0.0,0.0,0.006476556343577619,0.0,0.004550827423167848,0.0033829828660436136,0.000778816199376947,0.0,0.011186046703132101,0.0,0.0,0.006275833742212707,0.001572327044025157,0.0029155683361290837,0.014252146635356623,0.049525600791172776,0.011085117602376461,0.02099132409497149,0.013738043603821271,0.20471409059790877,0.14120230256330715,0.4924474030674297,3.0
0.0,0.0,0.0,0.0,0.0,0.0,0.0,0.0,0.0,0.0,0.0,0.0013020833333333333,0.0016339869281045752,0.0021929824561403508,0.0,0.0,0.0,0.0,0.003929093567251462,0.003472222222222222,0.0,0.003573533745947539,0.0,0.0028735632183908046,0.0,0.0,0.0,0.0,0.0018115942028985507,0.01995435259344012,0.0043859649122807015,0.0,0.0,0.0,0.0,0.0013020833333333333,0.0,0.0051062091503267975,0.0185288725694147,0.02201958264522244,0.009160636549722337,0.026882436593745316,0.014305787173634404,0.15829417601740903,0.2130033083594889,0.4862675304276931,4.0
0.0,0.0,0.0,0.0,0.0,0.0,0.0,0.0,0.0,0.0,0.020833333333333332,0.0,0.0,0.0,0.0,0.0,0.0,0.0,0.0,0.0,0.0,0.0,0.0033333333333333335,0.0054673721340388,0.0,0.0,0.020833333333333332,0.0,0.0,0.08974358974358974,0.013430335097001764,0.0,0.0,0.010416666666666666,0.0,0.004629629629629629,0.0,0.005714285714285714,0.0054673721340388,0.01784832451499118,0.042195767195767196,0.05324091032424366,0.05490011531678198,0.17112874779541443,0.2304661850495184,0.25035069868403204,5.0
0.0,0.0,0.0,0.0,0.0,0.0,0.0,0.0,0.0,0.0,0.0,0.0,0.0,0.0012626262626262627,0.0,0.0,0.0,0.0,0.0,0.0,0.0,0.0045045045045045045,0.0,0.0,0.0,0.0,0.0021367521367521365,0.0021929824561403508,0.0,0.012688700188700186,0.009818007662835249,0.0,0.013125194159676917,0.007575757575757576,0.0,0.0,0.0,0.02761132545615304,0.022236578271061028,0.022907104123075086,0.012671385516213102,0.02508363542846302,0.026248134437789613,0.1929946090790011,0.23039462601622307,0.30321474339169435,6.0
0.0,0.0,0.0,0.0,0.0,0.0,0.0011111111111111111,0.0011111111111111111,0.001893939393939394,0.0023809523809523807,0.0,0.0,0.005952380952380952,0.0024509803921568627,0.0,0.0,0.0,0.0,0.002976190476190476,0.0009363295880149813,0.0018115942028985507,0.0,0.0,0.0,0.0,0.0,0.0018115942028985507,0.0009363295880149813,0.004498106060606061,0.0018115942028985507,0.006725872167048637,0.0,0.01869706860035246,0.0,0.0,0.003540496254681648,0.0,0.004262574595055414,0.008699226413411806,0.020345272343318264,0.016267037612146307,0.022419172725269887,0.009381910719018107,0.21122028830456152,0.1537795048368269,0.4949793617651351,7.0
0.0,0.0,0.0,0.0,0.0,0.0021367521367521365,0.0,0.0,0.0,0.0,0.0,0.0,0.0,0.0036231884057971015,0.0,0.0,0.0,0.0,0.0,0.003472222222222222,0.0,0.006862167206994793,0.0,0.006481481481481481,0.0,0.0,0.0,0.0012437810945273632,0.0,0.013184380032206117,0.0,0.0,0.0028735632183908046,0.001851851851851852,0.0,0.003703703703703704,0.0,0.011503156730965058,0.03044250634588419,0.019073116746307395,0.031167574962100517,0.05000690380554464,0.0225630185527349,0.16036988981019476,0.2130079032498116,0.41643283844252926,8.0
0.0,0.0,0.0,0.0,0.004901960784313725,0.0,0.0,0.0,0.0,0.0,0.0,0.0,0.003968253968253968,0.003472222222222222,0.003472222222222222,0.0,0.0,0.0,0.0,0.0,0.0,0.0,0.0,0.0,0.0,0.0,0.006410256410256411,0.0,0.0,0.015214646464646465,0.0,0.0,0.0,0.0,0.0,0.0,0.0,0.008374183006535947,0.013425925925925924,0.009882478632478632,0.01523033126293996,0.0687175666129204,0.0637781109594835,0.2524469535232536,0.2474278770154729,0.28327701098907404,9.0
0.0,0.0,0.0032051282051282055,0.009259259259259259,0.0,0.0,0.0,0.0,0.0,0.001984126984126984,0.0,0.0,0.0,0.0,0.0,0.0,0.0,0.0,0.006410256410256411,0.004166666666666667,0.0,0.0,0.0,0.006150793650793651,0.0017006802721088435,0.0,0.010796221322537112,0.0,0.0,0.025925925925925925,0.003968253968253968,0.0,0.0,0.0,0.0,0.0,0.0,0.011243386243386243,0.0053854875283446705,0.021629164486307344,0.007936507936507936,0.07287085999492014,0.032418117944433736,0.20358795339998345,0.27936775699933597,0.29199345280172345,10.0
0.0,0.0025252525252525255,0.0,0.0,0.0,0.0,0.0,0.0,0.0,0.0,0.0,0.0,0.0,0.0,0.0,0.0,0.0,0.0,0.0,0.0,0.0,0.003472222222222222,0.00984848484848485,0.0022522522522522522,0.0,0.0,0.003350247202706219,0.0,0.0022522522522522522,0.006886205899363794,0.006833781833781835,0.0,0.004342310694769712,0.0,0.0,0.005257492962410996,0.0,0.007782745487663521,0.012574296932282411,0.031191761762296707,0.014675686469321957,0.025541768127517805,0.012420792106943962,0.1674139598111114,0.19487995790649462,0.48649852870287097,11.0
0.001488095238095238,0.0,0.0,0.0,0.0,0.001893939393939394,0.0,0.0,0.0,0.0,0.0,0.0,0.0,0.0,0.0,0.0,0.0,0.0,0.0,0.0,0.0,0.0,0.001488095238095238,0.0050244042492104506,0.0,0.0,0.0,0.0033333333333333335,0.0011111111111111111,0.017426046176046175,0.0025992063492063493,0.0,0.0,0.0,0.0,0.004574514991181658,0.0,0.013346714654854189,0.009030336588476124,0.03136109153551014,0.017213403880070546,0.041637105178771845,0.01810275722339676,0.20606489288417582,0.2630364297273212,0.36126852224720435,12.0
0.0,0.0,0.0,0.0,0.0,0.0,0.0,0.0,0.0,0.0,0.0,0.0,0.0,0.0,0.0,0.0,0.0,0.0,0.0,0.0,0.0,0.006666666666666667,0.006944444444444444,0.0,0.0,0.0,0.0,0.0,0.0,0.011965811965811965,0.006666666666666667,0.0,0.0033333333333333335,0.0033333333333333335,0.0,0.0,0.0,0.019270833333333334,0.016931652046783624,0.035312500000000004,0.042024244639376214,0.05375918428550008,0.0456469298245614,0.21253477577490734,0.28570210917250394,0.24990751451277762,13.0
