sh,hh,ci,sc,hs,os,ii,gi,si,js,es,ig,cs,sg,ji,gg,gs,is,ss,TimeFactor
0.0,0.0,0.0,0.0,0.0,0.0,0.0,0.0,0.0,0.005208333333333333,0.005208333333333333,0.005208333333333333,0.005208333333333333,0.009375,0.010416666666666666,0.019791666666666666,0.035416666666666666,0.03958333333333333,0.4479166666666667,1.0
0.0,0.0,0.0,0.0,0.0,0.0,0.001488095238095238,0.0056547619047619055,0.011111111111111112,0.0,0.004166666666666667,0.011111111111111112,0.012599206349206351,0.004166666666666667,0.0,0.00992063492063492,0.054017857142857145,0.048263888888888884,0.5875,2.0
0.0,0.0,0.0,0.0,0.0,0.0,0.006944444444444444,0.0,0.010416666666666666,0.0,0.006944444444444444,0.006944444444444444,0.03125,0.011111111111111112,0.0,0.015277777777777779,0.052083333333333336,0.01736111111111111,0.6749999999999999,3.0
0.0,0.0,0.0,0.0,0.0,0.0,0.0,0.0,0.0,0.020833333333333332,0.0,0.0,0.0,0.0,0.0,0.0,0.05347222222222222,0.03715277777777778,0.471875,4.0
0.0,0.0,0.0,0.0,0.0,0.0,0.0,0.0,0.0,0.020833333333333332,0.0,0.0,0.0,0.0,0.0,0.0,0.020833333333333332,0.041666666666666664,0.3333333333333333,5.0
0.0,0.0,0.003472222222222222,0.003472222222222222,0.003472222222222222,0.006944444444444444,0.003472222222222222,0.0,0.0,0.0,0.0,0.0,0.003472222222222222,0.0,0.0,0.0,0.027777777777777776,0.0,0.28125,6.0
0.0,0.0,0.0,0.0,0.023809523809523808,0.002976190476190476,0.0,0.0,0.0,0.0,0.0,0.0,0.02291666666666667,0.013392857142857142,0.0,0.0,0.033928571428571426,0.01011904761904762,0.39285714285714285,7.0
0.0,0.0,0.0,0.0,0.010416666666666666,0.010416666666666666,0.0,0.0,0.0,0.03125,0.0,0.0,0.020833333333333332,0.0,0.0,0.0,0.0,0.0,0.34375,8.0
0.0,0.0,0.0,0.0,0.0,0.0,0.0,0.0,0.0,0.0,0.0,0.0,0.0,0.0,0.0,0.0,0.020833333333333332,0.020833333333333332,0.2916666666666667,9.0
0.0,0.0,0.0,0.0,0.0,0.0,0.0,0.0,0.0,0.020833333333333332,0.0,0.0,0.0,0.0,0.0,0.0,0.006944444444444444,0.027777777777777776,0.4444444444444445,10.0
0.0,0.0,0.0,0.020833333333333332,0.0,0.0,0.0,0.0,0.0,0.041666666666666664,0.0,0.0,0.020833333333333332,0.03125,0.0,0.0,0.0625,0.020833333333333332,0.3854166666666667,11.0
0.006944444444444444,0.006944444444444444,0.0,0.006944444444444444,0.0,0.0,0.020833333333333332,0.006944444444444444,0.020833333333333332,0.08333333333333333,0.0,0.006944444444444444,0.027777777777777776,0.0,0.0,0.0,0.006944444444444444,0.020833333333333332,0.4513888888888889,12.0
0.0,0.0,0.0,0.0,0.0,0.0,0.0,0.0,0.0,0.010416666666666666,0.0,0.0,0.006944444444444444,0.006944444444444444,0.0,0.0,0.024305555555555552,0.006944444444444444,0.2777777777777778,13.0
