ih,jg,ji,cc,og,jc,jo,gc,ij,gj,se,hg,oi,go,eg,cg,sj,gg,gi,co,es,oh,sc,ig,ii,sh,si,so,ci,sg,os,js,hs,cs,is,gs,ss,TimeFactor
0.0,0.0,0.0,0.0,0.0,0.0,0.0,0.0,0.0,0.0,0.0,0.0,0.0,0.0,0.0,0.0,0.0,0.0,0.0007575757575757576,0.0008169934640522876,0.0011574074074074073,0.0012626262626262627,0.0012626262626262627,0.0012626262626262627,0.0020796197266785502,0.0025941890166028096,0.003282828282828283,0.00404040404040404,0.00404040404040404,0.006355218855218854,0.011831872484574138,0.015310431905259492,0.023540157520132488,0.06962135952115345,0.09581448194342546,0.10056365283464891,0.6544055244117551,1.0
0.0,0.0,0.0,0.0,0.0,0.0,0.0,0.0,0.0,0.0,0.0,0.0,0.0,0.0,0.0,0.0019810170672239637,0.002095959595959596,0.006908369408369409,0.0005952380952380952,0.0,0.0014014509138873185,0.0,0.0012626262626262627,0.0012626262626262627,0.0008333333333333334,0.0012626262626262627,0.0037796330653473514,0.0,0.001893939393939394,0.005778949882598746,0.010696248196248197,0.03329626290759976,0.009639085622086511,0.05230063698205007,0.0938455262584365,0.12108005519738495,0.6500864152924181,2.0
0.0,0.0,0.0,0.0,0.0,0.0,0.0,0.0,0.0,0.0,0.0,0.0,0.0,0.0,0.0012626262626262627,0.0,0.0,0.021132165818214577,0.004587126749955698,0.0,0.0022175536881419234,0.0,0.002777777777777778,0.010181724038631932,0.0013020833333333333,0.0,0.012334656084656085,0.0,0.0011904761904761904,0.030108386356935118,0.00315531475748194,0.03368103308574892,0.010082366279845273,0.035533225118862,0.0637957470667693,0.1356866039544473,0.6309711334360963,3.0
0.0,0.0,0.0,0.0,0.0,0.0,0.0,0.0,0.0,0.0007062146892655367,0.0009689922480620155,0.0010964912280701754,0.001388888888888889,0.001388888888888889,0.0,0.0,0.00248015873015873,0.0075114341579214094,0.004565863812072554,0.0,0.0016779638490164806,0.0,0.0,0.007337561977470282,0.0,0.0,0.010554746406184595,0.0,0.001388888888888889,0.008879867922095584,0.0317166583659333,0.010294579540788282,0.010478655550020402,0.04599316402401791,0.07185970040928498,0.14889878694713196,0.6308124934758392,4.0
0.0,0.0,0.0,0.0,0.0,0.0,0.0,0.0,0.0013440860215053762,0.0,0.0,0.0,0.0,0.0,0.0,0.0013440860215053762,0.0,0.0,0.0,0.0,0.01115699032365699,0.0,0.0,0.0010964912280701754,0.0,0.04276315789473684,0.004147376543209877,0.0013020833333333333,0.002440577249575552,0.0013440860215053762,0.019465187545355204,0.03907716653056565,0.05916204652586939,0.043746452752271237,0.06255868559561259,0.07172887330950078,0.553989319770393,5.0
0.0,0.0,0.0,0.0,0.0,0.0,0.0005707762557077625,0.0013020833333333333,0.0,0.0,0.0,0.0,0.0,0.0,0.0,0.0,0.0,0.0011904761904761904,0.0011904761904761904,0.0,0.005264452145035826,0.0,0.0,0.0,0.0,0.0,0.004734848484848485,0.0,0.0,0.0009057971014492754,0.012772982932552121,0.039042348756945115,0.01679630189012324,0.053938880744193306,0.049176574238382474,0.1064303404520951,0.6233503279510483,6.0
0.0,0.0,0.0,0.0,0.0,0.0,0.0015432098765432098,0.0,0.0,0.0,0.0,0.0,0.0,0.0,0.0,0.0,0.0008865248226950354,0.0050531914893617025,0.000925925925925926,0.0,0.0,0.0,0.0,0.000925925925925926,0.0,0.0,0.0037318180325715787,0.0023148148148148147,0.001488095238095238,0.008523397785039943,0.012806011503928169,0.025412674539512774,0.006374311446406774,0.019035987375643715,0.055979712677212155,0.1511524805450155,0.7038459180013076,7.0
0.0,0.0,0.0,0.0,0.0012626262626262627,0.0029914529914529912,0.0,0.0,0.0006720430107526881,0.0,0.0,0.0,0.0,0.0020833333333333333,0.0,0.0006720430107526881,0.0016025641025641027,0.0,0.0,0.0,0.0020161290322580645,0.0,0.0,0.004290736145574855,0.0,0.0,0.009619405385534418,0.0,0.0016025641025641027,0.011352579735021578,0.013363316790736145,0.029539839840838533,0.04647869022869023,0.03619819199418513,0.07856898592710122,0.12551098757874404,0.6321745105272696,8.0
0.0,0.0,0.0,0.0,0.0,0.002777777777777778,0.0,0.0015432098765432098,0.0,0.0,0.005952380952380952,0.0,0.0,0.0,0.0,0.0,0.0032051282051282055,0.0,0.0,0.0015432098765432098,0.005952380952380952,0.0,0.0,0.0,0.0,0.0,0.0,0.0016666666666666668,0.0,0.0032051282051282055,0.016888455501674986,0.10711074410631653,0.009451175010947306,0.08686078946120059,0.04379217544935445,0.05873161386602247,0.6513191640919344,9.0
0.0,0.0,0.0010683760683760683,0.0010683760683760683,0.0,0.0,0.0,0.0,0.0,0.0,0.0,0.0,0.0,0.0,0.0,0.0010683760683760683,0.0,0.0010683760683760683,0.0,0.0,0.0007309941520467836,0.0,0.002457264957264957,0.0010683760683760683,0.0,0.0,0.0063034188034188044,0.0,0.0,0.005062248483301115,0.00604065604065604,0.035122280925007986,0.012787099423928068,0.04977068108209581,0.04433432286520984,0.10148815071748298,0.7305610022077073,10.0
0.0,0.0,0.0,0.0,0.0017730496453900709,0.0,0.0,0.0,0.0,0.0008865248226950354,0.0,0.0,0.0,0.0,0.0,0.0,0.0,0.005464061647572286,0.0008865248226950354,0.0008865248226950354,0.0018124507486209614,0.0,0.0,0.0,0.0,0.0026226359338061465,0.006629304501644927,0.0,0.0,0.0076084794834794835,0.006342874029044242,0.0312744372772703,0.006361343296183722,0.030617890809553617,0.05347250524170042,0.15638202735653015,0.6869793655611186,11.0
0.0,0.0011261261261261261,0.0,0.0,0.0,0.0,0.0,0.0,0.0,0.0,0.0,0.0,0.0,0.0,0.0,0.0,0.0,0.0,0.0,0.0,0.003440940940940941,0.0,0.0,0.0,0.0,0.0,0.002937720329024677,0.0011261261261261261,0.0,0.0016025641025641027,0.0478991757715162,0.0406726768624395,0.013097165195808497,0.05437330452077177,0.05784398367557084,0.1204165140622287,0.6554637022868826,12.0
0.005952380952380952,0.0016666666666666668,0.0,0.0,0.0,0.0,0.0,0.0,0.0,0.0,0.0,0.0,0.0,0.0,0.0,0.0,0.0,0.0,0.0,0.0,0.004166666666666667,0.0,0.0015432098765432098,0.0,0.0,0.0,0.0,0.0,0.0,0.004629629629629629,0.022004519400352734,0.07583388447971783,0.02432726224392891,0.06370234703568035,0.02695678164428164,0.03795986806403473,0.7312567833401168,13.0
