oe,ce,hg,sh,eg,ji,og,gh,sc,cg,ge,sj,ie,ih,hc,gi,so,ci,jg,se,si,ig,ii,gg,es,os,sg,js,hs,cs,is,gs,ss,TimeFactor
0.0,0.0,0.0,0.0,0.0,0.0,0.0,0.0,0.0,0.0,0.0,0.0,0.0,0.0005555555555555556,0.0005555555555555556,0.0005555555555555556,0.000946969696969697,0.0012626262626262627,0.0013440860215053762,0.001423611111111111,0.0017185746352413019,0.0024494949494949497,0.002665544332210999,0.0027619949494949495,0.004610718984011334,0.006719022117729015,0.006990059312794197,0.009852015465433637,0.013500723333619387,0.04740316594709979,0.07853888724806145,0.17113865260474573,0.645007186361184,1.0
0.0,0.0,0.0,0.0,0.0,0.0,0.0,0.0,0.0005630630630630631,0.0005630630630630631,0.0006830601092896175,0.0012254901960784314,0.0012254901960784314,0.0,0.0,0.005401983906770255,0.0005630630630630631,0.0,0.0,0.0,0.0015100327600327602,0.0007861635220125786,0.002093545751633987,0.007491314213012326,0.004766662825559134,0.007191013912712026,0.008297232493509171,0.015385051620973455,0.008816761992991503,0.020981213978720162,0.06312437817166737,0.17411717393960482,0.6752142412201647,2.0
0.0,0.0,0.0,0.0,0.0,0.0012254901960784314,0.0016666666666666668,0.001893939393939394,0.0,0.0,0.0,0.0,0.0,0.0,0.0016666666666666668,0.0,0.0,0.0,0.0,0.0,0.0,0.0,0.0,0.0016666666666666668,0.010519545758093484,0.007674149250224585,0.006467373834779813,0.026672956124090753,0.020672181124264524,0.04576010226436394,0.07642554921223517,0.14730531409343292,0.6503833987484969,3.0
0.0,0.0,0.0006218905472636816,0.0008865248226950354,0.011904761904761904,0.0,0.0,0.0,0.0,0.001488095238095238,0.0,0.0007575757575757576,0.0013794663048394393,0.0007575757575757576,0.0,0.007635882635882635,0.0,0.0006218905472636816,0.0,0.0,0.004997867460157075,0.001965976568769058,0.0008865248226950354,0.006574271499644633,0.003793487468860603,0.02735808566925588,0.009088278500194983,0.00878181109984357,0.010642193151101625,0.024288383920246178,0.09165780805714992,0.18122320480381615,0.6026884434623122,4.0
0.0,0.008333333333333333,0.0,0.0,0.0,0.0,0.0,0.0,0.0,0.0,0.0,0.0,0.0,0.0,0.008333333333333333,0.0,0.0,0.0,0.0,0.0,0.003977272727272728,0.001893939393939394,0.0,0.0,0.0020833333333333333,0.028234649122807015,0.0,0.023042929292929296,0.023152578415736313,0.03801433452168746,0.07161729524345624,0.06829391046689808,0.7230230908152734,5.0
0.008333333333333333,0.0,0.0,0.0,0.0,0.0,0.0,0.0,0.0,0.0,0.0,0.0,0.0,0.0,0.0,0.0,0.0,0.0,0.0,0.0018115942028985507,0.0,0.0,0.0,0.0010416666666666667,0.015574220465524813,0.015574220465524813,0.0012626262626262627,0.051940359477124186,0.005159313725490197,0.04151180926916221,0.04201027215892945,0.08477960551809656,0.6476676451212896,6.0
0.0,0.0,0.0,0.0,0.0,0.0,0.0,0.0,0.0,0.0,0.0,0.0,0.0,0.0,0.0,0.0018837018837018838,0.0,0.0,0.0,0.0,0.0,0.0022522522522522522,0.0,0.003682944307944308,0.014650756727939014,0.016235336894836253,0.0037674037674037676,0.011943238277079741,0.017498454173490042,0.04745605867377747,0.07284191242744818,0.14072966841339754,0.6670582722007296,7.0
0.0,0.0,0.0,0.0,0.0,0.0,0.0,0.0,0.0,0.0,0.0,0.0,0.0,0.0,0.0,0.0012254901960784314,0.0,0.0,0.0,0.0,0.0006127450980392157,0.0,0.0,0.0,0.00987752244356805,0.02590515114234279,0.005821078431372549,0.009179746811020122,0.011480086546132154,0.09950591963490281,0.040375925865522154,0.1467080350255283,0.6493082988054935,8.0
0.0,0.0,0.0,0.0,0.0,0.0,0.0,0.005208333333333333,0.0,0.0,0.0,0.0,0.0,0.0,0.0,0.0,0.0,0.0,0.0,0.0,0.0,0.0,0.0,0.0,0.005208333333333333,0.011904761904761904,0.005952380952380952,0.01286764705882353,0.027430555555555555,0.03169642857142857,0.07057470715558951,0.06602686529157116,0.6797966535098888,9.0
0.0,0.0,0.0,0.0,0.0,0.0,0.0,0.0,0.0,0.0,0.0,0.0,0.0,0.0,0.0,0.0,0.0,0.0,0.0,0.0,0.0,0.013888888888888888,0.013888888888888888,0.0016666666666666668,0.0076388888888888895,0.028136446886446887,0.0,0.008611111111111111,0.01282814407814408,0.04665903540903541,0.06481837606837608,0.08139499389499388,0.6371352258852259,10.0
0.0,0.0,0.0,0.0,0.0015432098765432098,0.0,0.0,0.0,0.0014367816091954023,0.0,0.0,0.0,0.0,0.0,0.0,0.0,0.0,0.0,0.0,0.0,0.00225377507324769,0.0010162601626016261,0.0,0.0028278543655001764,0.012366310160427807,0.027139603077461355,0.0018115942028985507,0.009631914707134452,0.009282748576148863,0.04273545228875491,0.05015193001014922,0.1527060896461607,0.685096476243776,11.0
0.0,0.0,0.0,0.0,0.0,0.0,0.0,0.0,0.0,0.0,0.0,0.0,0.0,0.0,0.0,0.0,0.0,0.0,0.0,0.0,0.0,0.0,0.0,0.0,0.006899350649350649,0.026364838864838865,0.0,0.01748136123136123,0.006899350649350649,0.028875060125060123,0.046781871510132376,0.16207559549950853,0.6212892381370642,12.0
0.0,0.0,0.0,0.0,0.0,0.0,0.0,0.0,0.0,0.0,0.0,0.0,0.0,0.0,0.0,0.0,0.0,0.0,0.0,0.0,0.0,0.0,0.0,0.0,0.007575757575757576,0.033243145743145734,0.0031565656565656565,0.010858585858585859,0.0012626262626262627,0.07433399933399933,0.022523310023310025,0.09419885669885669,0.7528471528471529,13.0
