ce,io,sc,oh,go,ge,he,sj,jj,hg,eg,gh,ih,es,so,ei,hi,sh,se,hs,js,ie,ig,ee,os,cs,sg,gi,gg,si,ii,is,gs,ss,TimeFactor
0.0,0.0,0.0,0.0,0.0,0.0,0.0,0.0,0.0,0.0,0.0,0.0,0.0,0.0,0.0,0.0,0.0,0.0,0.0,0.0,0.0,0.0020833333333333333,0.002886002886002886,0.004166666666666667,0.010416666666666666,0.012499999999999999,0.015611471861471861,0.016982323232323234,0.018407287157287157,0.023042929292929292,0.030997474747474746,0.061850649350649343,0.0751533189033189,0.7259018759018759,1.0
0.0,0.0,0.0,0.0,0.0,0.0013020833333333333,0.0013020833333333333,0.0013020833333333333,0.0013020833333333333,0.0013020833333333333,0.0026041666666666665,0.0026041666666666665,0.0026041666666666665,0.0026041666666666665,0.004166666666666667,0.004166666666666667,0.004166666666666667,0.004166666666666667,0.004278273809523809,0.016517857142857143,0.01875,0.0013020833333333333,0.006510416666666667,0.0013020833333333333,0.006448412698412699,0.010416666666666666,0.07786458333333333,0.012760416666666665,0.05538194444444444,0.014843750000000003,0.007663690476190477,0.045535714285714284,0.10406746031746034,0.5827628968253968,2.0
0.0,0.0,0.0,0.0,0.0,0.0,0.0,0.0,0.0,0.0,0.0,0.0,0.002976190476190476,0.006944444444444444,0.0,0.0,0.0,0.0,0.0,0.0012254901960784314,0.009259259259259259,0.0,0.013026189496777732,0.0,0.008838383838383838,0.006944444444444444,0.0482183257918552,0.014555501687854628,0.04558737830796653,0.035334491216844156,0.04244917664035311,0.051350338115044,0.11836475071769188,0.5949256353668119,3.0
0.0,0.0,0.0,0.0,0.0,0.0,0.0,0.0,0.0,0.0,0.0,0.0,0.0,0.0,0.0,0.0,0.001488095238095238,0.001488095238095238,0.0,0.0026041666666666665,0.001488095238095238,0.0,0.004092261904761905,0.0,0.0,0.00496031746031746,0.017485119047619044,0.004092261904761905,0.020833333333333332,0.017361111111111112,0.019717261904761904,0.05223214285714286,0.08497023809523808,0.7671875,4.0
0.0,0.0,0.0,0.005208333333333333,0.005208333333333333,0.0,0.0,0.0,0.0,0.0,0.0,0.0,0.0,0.020833333333333332,0.0,0.0,0.0,0.0,0.0,0.005208333333333333,0.0390625,0.0,0.0,0.0,0.020833333333333332,0.005208333333333333,0.0026041666666666665,0.0,0.0026041666666666665,0.0,0.0,0.013888888888888888,0.06684027777777778,0.7291666666666666,5.0
0.0,0.005208333333333333,0.020833333333333332,0.0,0.0,0.0,0.0,0.0,0.0,0.0,0.0,0.0,0.0,0.0,0.0,0.0,0.0,0.0,0.0,0.0,0.017939814814814815,0.0,0.0,0.0,0.005208333333333333,0.028356481481481483,0.0023148148148148147,0.005208333333333333,0.02314814814814815,0.006944444444444444,0.0023148148148148147,0.013043091168091167,0.04188924501424501,0.5775908119658119,6.0
0.0,0.0,0.0,0.0,0.0,0.0,0.0,0.0,0.0,0.0,0.0,0.0026041666666666665,0.005208333333333333,0.024999999999999998,0.0,0.0,0.0,0.0,0.0,0.0078125,0.0,0.0,0.004498106060606061,0.0,0.004166666666666667,0.0016729797979797981,0.04605429292929294,0.0023042929292929294,0.036900252525252523,0.018039772727272727,0.014804292929292931,0.028156565656565657,0.07962436868686869,0.5564867424242425,7.0
0.0,0.0,0.0,0.0,0.0,0.0,0.0,0.0006720430107526881,0.0006720430107526881,0.010416666666666666,0.0,0.0,0.0,0.001736111111111111,0.0,0.0,0.0,0.0,0.0,0.0,0.005208333333333333,0.0,0.006710247637666992,0.0,0.0,0.001736111111111111,0.022493075920495275,0.004582111436950147,0.005926197458455522,0.011088709677419354,0.0013440860215053762,0.03932251664106503,0.10181597076758368,0.7862757761951311,8.0
0.0,0.0,0.0,0.0,0.0,0.0,0.0,0.0,0.0,0.0,0.0,0.0,0.0,0.0,0.0,0.0,0.0,0.0,0.0,0.003787878787878788,0.06960227272727272,0.0,0.0,0.0,0.001893939393939394,0.015625,0.0,0.0,0.0,0.0,0.0,0.003787878787878788,0.019412878787878788,0.7192234848484849,9.0
0.0,0.0,0.0,0.0,0.0,0.0,0.0,0.0,0.0,0.0,0.0,0.0,0.0,0.010416666666666666,0.0,0.0,0.0,0.0,0.0,0.004166666666666667,0.024999999999999998,0.0,0.0,0.0,0.03819444444444444,0.010416666666666666,0.004166666666666667,0.004166666666666667,0.0,0.006944444444444444,0.006944444444444444,0.01990740740740741,0.048611111111111105,0.7377314814814815,10.0
0.0010964912280701754,0.0,0.00291005291005291,0.0,0.0,0.0,0.0,0.0,0.0,0.0010964912280701754,0.0020833333333333333,0.0010964912280701754,0.0,0.0,0.0,0.0010964912280701754,0.0,0.0023148148148148147,0.0,0.0023148148148148147,0.012731481481481483,0.0,0.002788220551378446,0.0,0.0023148148148148147,0.03068783068783069,0.04052840434419381,0.00706453634085213,0.024456975772765246,0.01094924812030075,0.0011904761904761904,0.04283799777220831,0.07398182957393484,0.6531258702311334,11.0
0.0,0.0,0.0,0.0,0.0,0.0,0.0,0.0,0.0,0.0,0.0,0.0,0.0,0.020833333333333332,0.0,0.0,0.0,0.0,0.0,0.0026041666666666665,0.003472222222222222,0.0,0.0008680555555555555,0.0,0.0008680555555555555,0.012152777777777776,0.014409722222222221,0.0008680555555555555,0.019965277777777776,0.002951388888888889,0.0008680555555555555,0.025694444444444447,0.06475694444444444,0.8296875,12.0
0.0,0.0,0.0,0.0,0.0,0.0,0.0,0.0,0.0,0.0,0.0,0.0,0.0,0.0,0.0,0.0,0.0,0.0,0.0,0.0,0.048611111111111105,0.0,0.0,0.0,0.0,0.0,0.0,0.0,0.0,0.0,0.0,0.01736111111111111,0.027777777777777776,0.4895833333333333,13.0
