hh,jj,cc,hi,oi,ci,gi,he,ih,cg,ig,so,sc,ii,sj,js,go,ee,se,es,cs,os,si,sh,hs,sg,gg,is,gs,ss,TimeFactor
0.0,0.0,0.0,0.0,0.0,0.0,0.0,0.0,0.0,0.0,0.003703703703703704,0.004629629629629629,0.004629629629629629,0.004629629629629629,0.006944444444444444,0.006944444444444444,0.006944444444444444,0.009259259259259259,0.009259259259259259,0.009259259259259259,0.01574074074074074,0.021141975308641977,0.023456790123456788,0.027777777777777776,0.027777777777777776,0.03977072310405644,0.046913580246913576,0.094157848324515,0.13331128747795415,0.503747795414462,1.0
0.0,0.0,0.0,0.0,0.0025252525252525255,0.002777777777777778,0.003472222222222222,0.006944444444444444,0.006944444444444444,0.006944444444444444,0.012247474747474748,0.0,0.003472222222222222,0.006944444444444444,0.0025252525252525255,0.0025252525252525255,0.003472222222222222,0.0,0.0,0.0,0.006944444444444444,0.016435185185185185,0.0,0.0,0.016877104377104376,0.02104377104377104,0.024999999999999998,0.03695286195286195,0.10084175084175084,0.3817760942760942,2.0
0.0,0.0011574074074074073,0.0011574074074074073,0.002777777777777778,0.0,0.0,0.006944444444444444,0.0,0.0,0.0,0.0023148148148148147,0.004629629629629629,0.0011574074074074073,0.004629629629629629,0.0011574074074074073,0.002777777777777778,0.0,0.002777777777777778,0.002777777777777778,0.011871693121693122,0.009259259259259259,0.010416666666666666,0.03406084656084656,0.0,0.003472222222222222,0.016435185185185185,0.019212962962962963,0.06471560846560846,0.16603835978835976,0.38025793650793654,3.0
0.0,0.0,0.0,0.0,0.0,0.0,0.0,0.0,0.0,0.05555555555555555,0.0,0.0,0.0,0.0,0.0,0.0,0.0,0.0,0.0,0.016203703703703703,0.013888888888888888,0.027777777777777776,0.0,0.0,0.0,0.0,0.0,0.04398148148148148,0.17129629629629628,0.5046296296296297,4.0
0.0,0.0,0.0,0.0,0.0,0.0,0.0,0.0,0.0,0.0,0.0,0.0,0.0,0.0,0.0,0.0,0.0,0.0,0.0,0.0,0.027777777777777776,0.013888888888888888,0.0,0.0,0.0,0.0,0.0,0.0,0.041666666666666664,0.4166666666666667,5.0
0.0,0.0,0.0,0.0,0.0,0.005555555555555556,0.0,0.0,0.0,0.0,0.0,0.0,0.0,0.0,0.0,0.0,0.0,0.0,0.0,0.0,0.0,0.016666666666666666,0.0,0.0,0.019444444444444445,0.013888888888888888,0.0,0.019444444444444445,0.05833333333333333,0.44999999999999996,6.0
0.0,0.0,0.0,0.0,0.0,0.0,0.0,0.0,0.0,0.0,0.0,0.0,0.0,0.0,0.0,0.0,0.0,0.0,0.0,0.006944444444444444,0.005555555555555556,0.016666666666666666,0.0,0.009259259259259259,0.009259259259259259,0.018055555555555557,0.027314814814814816,0.013888888888888888,0.04212962962962963,0.4342592592592593,7.0
0.027777777777777776,0.0,0.0,0.027777777777777776,0.027777777777777776,0.0,0.0,0.0,0.0,0.0,0.0,0.0,0.0,0.0,0.0,0.0,0.0,0.0,0.0,0.0,0.0,0.0,0.0,0.0,0.0,0.027777777777777776,0.027777777777777776,0.1111111111111111,0.05555555555555555,0.3611111111111111,8.0
0.0,0.0,0.0,0.0,0.0,0.0,0.0,0.0,0.0,0.0,0.0,0.0,0.0,0.0,0.0,0.0,0.0,0.0,0.0,0.0,0.0,0.027777777777777776,0.0,0.0,0.0,0.006944444444444444,0.006944444444444444,0.05555555555555555,0.006944444444444444,0.4791666666666667,9.0
0.027777777777777776,0.0,0.0,0.0,0.0,0.0,0.0,0.0,0.0,0.027777777777777776,0.0,0.0,0.0,0.0,0.0,0.0,0.0,0.0,0.0,0.0,0.0,0.027777777777777776,0.0,0.027777777777777776,0.0,0.06944444444444443,0.041666666666666664,0.027777777777777776,0.10648148148148147,0.39351851851851855,10.0
0.0,0.0,0.0,0.0,0.0,0.0,0.0,0.0,0.0,0.0,0.0,0.0,0.0,0.0,0.0,0.0,0.0,0.0,0.0,0.0,0.0,0.0,0.0,0.0,0.009259259259259259,0.032407407407407406,0.027777777777777776,0.027777777777777776,0.013888888888888888,0.38888888888888884,11.0
0.0,0.0,0.0,0.0,0.0,0.0,0.0,0.0,0.0,0.0,0.0,0.0,0.0,0.005555555555555556,0.0,0.0,0.0,0.0,0.0,0.0,0.027777777777777776,0.027777777777777776,0.005555555555555556,0.0,0.005555555555555556,0.05555555555555555,0.05555555555555555,0.0,0.09444444444444444,0.3055555555555555,12.0
0.0,0.0,0.0,0.013888888888888888,0.0,0.0,0.006944444444444444,0.0,0.0,0.0,0.0,0.0,0.006944444444444444,0.0,0.0,0.0,0.0,0.0,0.0,0.0,0.013888888888888888,0.0,0.013888888888888888,0.0,0.0,0.02314814814814815,0.1064814814814815,0.048611111111111105,0.02546296296296296,0.5740740740740741,13.0
