cg,ic,hh,sh,co,jg,ie,oo,hc,gc,ch,eh,ih,hg,es,hs,gh,oh,so,hi,jc,ci,jj,ee,sj,se,js,gj,ei,ge,ig,cc,gi,ii,si,os,sc,cs,sg,is,gg,gs,ss,TimeFactor
0.0,0.0,0.0,0.0,0.0,0.0,0.0,0.0,0.0,0.0,0.0,0.0,0.0,0.0,0.0,0.0013227513227513227,0.0013227513227513227,0.0014619883040935672,0.0014619883040935672,0.0025252525252525255,0.0030864197530864196,0.003968253968253968,0.003968253968253968,0.003968253968253968,0.003968253968253968,0.003968253968253968,0.003968253968253968,0.004629629629629629,0.004629629629629629,0.004629629629629629,0.007955494797600061,0.009259259259259259,0.010640025990903183,0.011664261664261663,0.015531252373357637,0.016534391534391533,0.02037037037037037,0.027444030952802876,0.03240318810494249,0.051649325333535855,0.06181700041349164,0.16313679822451752,0.4393817034167911,1.0
0.0,0.0,0.0,0.0,0.0,0.0,0.0,0.0,0.0,0.0,0.0,0.0,0.0025252525252525255,0.003472222222222222,0.010185185185185184,0.0025252525252525255,0.003472222222222222,0.0,0.0030864197530864196,0.0,0.0,0.0,0.0,0.0025252525252525255,0.006944444444444444,0.009932659932659932,0.013888888888888888,0.0,0.003472222222222222,0.003472222222222222,0.011790701128936423,0.0,0.018756189344424638,0.01640671420083185,0.01362893642305407,0.010030864197530864,0.0,0.01759259259259259,0.06147298144847165,0.06109625668449198,0.0855004291278801,0.17268766092295504,0.4655344292599195,2.0
0.0,0.0,0.0,0.0,0.0,0.0,0.0,0.0,0.000925925925925926,0.000925925925925926,0.000925925925925926,0.003472222222222222,0.001851851851851852,0.003472222222222222,0.0,0.020833333333333332,0.0,0.0,0.0015432098765432098,0.0025252525252525255,0.0,0.0,0.00736331569664903,0.0025252525252525255,0.00736331569664903,0.0025252525252525255,0.013447971781305114,0.0,0.000925925925925926,0.000925925925925926,0.020580808080808078,0.0,0.015004208754208754,0.04012345679012346,0.04426907968574636,0.0015432098765432098,0.000925925925925926,0.013271604938271606,0.04683942600609267,0.05593434343434343,0.04394941478274811,0.16453423120089786,0.48147146063812735,3.0
0.0,0.0,0.0,0.0,0.0,0.0,0.0,0.003968253968253968,0.0,0.0,0.0,0.0,0.0,0.0007122507122507123,0.0,0.01025132275132275,0.0007122507122507123,0.0,0.003968253968253968,0.005555555555555556,0.0,0.0,0.0,0.0,0.0,0.0,0.0,0.0,0.0,0.0,0.0021367521367521365,0.0,0.01288355364442321,0.010632885632885633,0.015313390313390312,0.0007122507122507123,0.0,0.003968253968253968,0.033027861832209654,0.08681208083381996,0.03352444656792483,0.19328670524322697,0.582533931446975,4.0
0.0,0.0,0.0,0.0,0.009259259259259259,0.013888888888888888,0.027777777777777776,0.006944444444444444,0.0,0.0,0.027777777777777776,0.0,0.0,0.0,0.027777777777777776,0.05555555555555555,0.0,0.0,0.006944444444444444,0.0,0.0,0.0,0.0030864197530864196,0.0,0.0030864197530864196,0.0,0.041666666666666664,0.0,0.0,0.0,0.0,0.0,0.0,0.0,0.027777777777777776,0.040123456790123455,0.0,0.016203703703703703,0.0,0.013888888888888888,0.0,0.07407407407407407,0.5208333333333334,5.0
0.0,0.0,0.002777777777777778,0.002777777777777778,0.0,0.0,0.0,0.0,0.0,0.0,0.0,0.0,0.0,0.0,0.005840455840455841,0.03482905982905982,0.0,0.0,0.0,0.0,0.0,0.0,0.0,0.0,0.0,0.0,0.0023148148148148147,0.0023148148148148147,0.0,0.001388888888888889,0.002777777777777778,0.002777777777777778,0.002777777777777778,0.005555555555555556,0.005555555555555556,0.005555555555555556,0.002777777777777778,0.021581196581196577,0.008796296296296295,0.022222222222222223,0.04212962962962963,0.08457977207977209,0.4073361823361823,6.0
0.0,0.0,0.0,0.0013227513227513227,0.0,0.0,0.0,0.0,0.0,0.0,0.0,0.0,0.0013227513227513227,0.0,0.004629629629629629,0.0026455026455026454,0.0,0.0,0.0,0.0,0.0,0.0,0.005555555555555556,0.0,0.005555555555555556,0.0,0.004629629629629629,0.0,0.0,0.0,0.006283068783068783,0.0,0.006283068783068783,0.01025132275132275,0.021164021164021163,0.037037037037037035,0.0,0.018518518518518517,0.06933940242763773,0.07233504512916278,0.052209772798008085,0.1293300653594771,0.4682539682539682,7.0
0.0,0.0,0.0,0.0,0.0,0.0,0.0,0.009259259259259259,0.0,0.0,0.0,0.0,0.0,0.0,0.0,0.010648148148148148,0.0,0.0,0.0,0.0,0.0,0.0,0.0,0.0,0.0,0.0,0.0,0.0,0.003968253968253968,0.0,0.004451566951566952,0.0,0.012037037037037035,0.007407407407407407,0.019444444444444445,0.02314814814814815,0.0,0.006481481481481481,0.025035612535612536,0.06600529100529101,0.032086894586894586,0.11333943833943834,0.4166870166870167,8.0
0.0,0.0,0.0,0.0,0.0,0.0,0.009259259259259259,0.009259259259259259,0.0,0.0,0.0,0.0,0.0,0.0,0.009259259259259259,0.0,0.0,0.0,0.009259259259259259,0.0,0.0,0.0,0.0,0.0,0.0,0.0,0.0,0.0,0.0,0.0,0.0,0.0,0.0,0.0,0.0,0.02314814814814815,0.027777777777777776,0.05555555555555555,0.041666666666666664,0.027777777777777776,0.0,0.041666666666666664,0.4953703703703704,9.0
0.0,0.004629629629629629,0.0,0.0,0.0,0.0,0.0,0.0,0.0,0.0,0.0,0.0,0.0,0.0,0.0,0.0,0.0,0.0,0.0,0.0,0.0,0.0,0.0,0.0,0.0,0.0,0.0,0.0,0.0,0.0,0.0,0.004629629629629629,0.0,0.0,0.0,0.018518518518518517,0.004629629629629629,0.004629629629629629,0.009259259259259259,0.060185185185185196,0.004629629629629629,0.1388888888888889,0.5,10.0
0.0012077294685990338,0.0,0.0,0.0011111111111111111,0.0,0.0,0.0,0.0,0.0,0.0,0.0,0.0,0.0,0.0011111111111111111,0.0011111111111111111,0.008055555555555555,0.0,0.0,0.0,0.0,0.0,0.0,0.0,0.0,0.0,0.0,0.0,0.0,0.0,0.0011111111111111111,0.007627482555018787,0.0,0.009170692431561996,0.007627482555018787,0.023341768269304498,0.004739858906525573,0.0,0.0011111111111111111,0.06516122229890346,0.03930660992255195,0.031100759144237405,0.17106721110344295,0.4593714055670577,11.0
0.0,0.0,0.0,0.0,0.0,0.0,0.0,0.0,0.0,0.0,0.0,0.0,0.0,0.0,0.0,0.027777777777777776,0.0,0.0,0.0,0.0,0.0,0.0,0.0,0.0,0.0,0.0,0.0,0.0,0.0,0.0,0.0022222222222222222,0.0,0.0011111111111111111,0.0022222222222222222,0.005555555555555556,0.018518518518518517,0.0,0.007777777777777778,0.022222222222222223,0.022592592592592595,0.014444444444444446,0.09962962962962962,0.5259259259259259,12.0
0.0,0.0,0.0,0.0,0.0,0.0,0.0,0.0,0.0,0.0,0.0,0.0,0.0,0.0,0.0,0.0,0.0,0.0,0.0,0.0,0.0,0.0,0.0,0.0,0.0,0.0,0.0,0.0,0.0,0.0,0.0,0.0,0.0,0.0,0.0,0.0,0.013888888888888888,0.041666666666666664,0.0,0.041666666666666664,0.0,0.05092592592592592,0.4351851851851852,13.0
