cse,see,sgg,gsg,scs,gis,isi,sos,oss,css,sjs,ssi,sii,sgs,jss,ess,hss,sis,iss,gss,sss,TimeFactor
0.0,0.0,0.0,0.0,0.0,0.0,0.0,0.0,0.0,0.0,0.006944444444444444,0.006944444444444444,0.006944444444444444,0.010416666666666666,0.013888888888888888,0.020833333333333332,0.031249999999999997,0.041666666666666664,0.125,0.17708333333333334,0.39236111111111116,1.0
0.0,0.0,0.0,0.0,0.0,0.0,0.0,0.010416666666666666,0.010416666666666666,0.0625,0.0,0.010416666666666666,0.010416666666666666,0.0,0.0,0.0,0.020833333333333332,0.0,0.03472222222222222,0.041666666666666664,0.3819444444444445,2.0
0.0,0.0,0.0,0.0,0.0,0.0,0.010416666666666666,0.0,0.008333333333333333,0.0,0.0,0.0,0.010416666666666666,0.03958333333333333,0.008333333333333333,0.0,0.0,0.020833333333333332,0.07916666666666666,0.2152777777777778,0.44097222222222215,3.0
0.0,0.0,0.0,0.0,0.0,0.0,0.0,0.0,0.005952380952380952,0.026785714285714284,0.0,0.0,0.0,0.006944444444444444,0.0,0.005952380952380952,0.047619047619047616,0.052083333333333336,0.22916666666666666,0.04563492063492063,0.4131944444444445,4.0
0.0,0.0,0.0,0.0,0.0,0.0,0.0,0.0,0.0,0.013888888888888888,0.0,0.0,0.0,0.0,0.0,0.013888888888888888,0.0,0.0,0.05555555555555555,0.08333333333333333,0.4166666666666667,5.0
0.0,0.0,0.0,0.0,0.0,0.0,0.0,0.0,0.0,0.0,0.0,0.0,0.0,0.0,0.041666666666666664,0.0,0.013888888888888888,0.0,0.0625,0.0625,0.3194444444444445,6.0
0.0,0.0,0.0,0.0,0.0,0.0,0.0,0.0,0.0,0.05555555555555555,0.0,0.0,0.0,0.0,0.0,0.0,0.020833333333333332,0.008333333333333333,0.07430555555555556,0.11458333333333333,0.4763888888888889,7.0
0.0,0.0,0.0,0.0,0.0,0.0,0.0,0.0,0.03472222222222222,0.013888888888888888,0.0,0.0,0.0,0.0,0.0,0.0,0.013888888888888888,0.0,0.10694444444444444,0.0,0.4138888888888889,8.0
0.0,0.0,0.0,0.0,0.0,0.041666666666666664,0.0,0.0,0.0,0.0,0.0,0.0,0.0,0.0,0.0,0.0,0.0,0.0,0.08333333333333333,0.041666666666666664,0.25,9.0
0.0,0.0,0.0,0.0,0.013888888888888888,0.0,0.0,0.0,0.0,0.013888888888888888,0.0,0.0,0.0,0.0,0.0,0.0,0.03472222222222222,0.0,0.041666666666666664,0.0625,0.3333333333333333,10.0
0.0,0.0,0.020833333333333332,0.020833333333333332,0.0,0.0,0.0,0.0,0.048611111111111105,0.05555555555555555,0.0,0.0,0.0,0.010416666666666666,0.041666666666666664,0.0,0.0,0.0,0.1076388888888889,0.09027777777777778,0.5208333333333334,11.0
0.0,0.0,0.0,0.0,0.0,0.0,0.0,0.020833333333333332,0.041666666666666664,0.010416666666666666,0.0,0.005952380952380952,0.005952380952380952,0.020833333333333332,0.0,0.010416666666666666,0.0,0.0,0.005952380952380952,0.1056547619047619,0.5223214285714286,12.0
0.041666666666666664,0.041666666666666664,0.0,0.0,0.0,0.0,0.0,0.0,0.020833333333333332,0.0,0.0,0.0,0.0,0.020833333333333332,0.0,0.0,0.0,0.0,0.03472222222222222,0.11805555555555554,0.2222222222222222,13.0
