jis,csj,sjj,iis,esg,jsc,ssh,ijs,ggi,osg,cos,sco,ocs,esi,cis,sos,hsh,iig,ogs,igs,scs,jcs,gis,jsi,ses,gig,igi,sig,igg,csi,isg,ess,gsc,ssi,ssc,scc,hhs,sci,hsg,isc,ggg,ssg,oss,gsg,sgg,csh,gsi,shh,hsi,sii,sis,sgs,ggs,shs,hss,css,jss,iss,gss,sss,TimeFactor
0.0,0.0,0.0,0.0,0.0,0.0,0.0,0.0,0.0,0.0,0.0,0.0,0.0,0.0,0.0,0.0,0.0,0.0,0.0,0.0,0.0,0.0,0.0,0.0,0.0,0.0,0.0,0.0,0.0,0.0,0.0,0.0,0.0,0.0,0.0,0.0,0.0,0.0,0.0,0.0,0.0,0.0,0.0,0.0,0.0,0.005952380952380952,0.005952380952380952,0.005952380952380952,0.005952380952380952,0.005952380952380952,0.005952380952380952,0.005952380952380952,0.012896825396825398,0.041666666666666664,0.041666666666666664,0.04305555555555555,0.047619047619047616,0.04811507936507936,0.1818452380952381,0.45813492063492073,1.0
0.0,0.0,0.0,0.0,0.0,0.0,0.0,0.0,0.0,0.0,0.0,0.0,0.0,0.0,0.0,0.0,0.0,0.0,0.0,0.0,0.0,0.0,0.0,0.0,0.0,0.0,0.0,0.0,0.0,0.0,0.0,0.0,0.0,0.0,0.0,0.0,0.010416666666666666,0.010416666666666666,0.010416666666666666,0.010416666666666666,0.020833333333333332,0.024007936507936506,0.041666666666666664,0.04553571428571429,0.06954365079365078,0.0,0.0,0.0,0.0,0.0,0.0,0.013888888888888888,0.0,0.010416666666666666,0.054563492063492064,0.0,0.013888888888888888,0.1066468253968254,0.14107142857142854,0.4162698412698413,2.0
0.0,0.0,0.0,0.0,0.0,0.0,0.0,0.0,0.0,0.0,0.0,0.0,0.0,0.0,0.0,0.0,0.0,0.0,0.0,0.0,0.0,0.0,0.0,0.0013020833333333333,0.0032051282051282055,0.0032051282051282055,0.0032051282051282055,0.0032051282051282055,0.0032051282051282055,0.0032051282051282055,0.004166666666666667,0.004507211538461539,0.005208333333333333,0.005208333333333333,0.020833333333333332,0.026041666666666668,0.0,0.0,0.0,0.0,0.004507211538461539,0.012665719696969696,0.008333333333333333,0.03627804487179487,0.046117424242424244,0.0,0.0,0.0,0.0013020833333333333,0.006510416666666667,0.02534054487179487,0.01115967365967366,0.00997596153846154,0.0,0.0,0.032371794871794875,0.005208333333333333,0.10072843822843823,0.12634292790542792,0.4866596944721944,3.0
0.0,0.0,0.0,0.0,0.0,0.0,0.0,0.0,0.0,0.0,0.0,0.0,0.0,0.0,0.0,0.0,0.0,0.001736111111111111,0.001736111111111111,0.001736111111111111,0.003787878787878788,0.005208333333333333,0.010416666666666666,0.003787878787878788,0.0,0.0,0.0,0.0,0.0,0.0,0.003472222222222222,0.001736111111111111,0.0,0.0,0.0,0.0,0.0,0.0,0.0,0.0,0.003472222222222222,0.005523989898989899,0.0,0.020699786324786324,0.02448766511266511,0.0,0.0,0.0,0.0,0.003787878787878788,0.005208333333333333,0.014204545454545456,0.005208333333333333,0.0,0.009311868686868686,0.10795454545454546,0.041666666666666664,0.07048853923853925,0.1480065073815074,0.42302836052836046,4.0
0.0,0.0,0.0,0.0,0.0,0.0,0.0,0.0,0.0,0.0,0.0,0.0,0.0,0.004166666666666667,0.004166666666666667,0.004166666666666667,0.041666666666666664,0.0,0.0,0.0,0.05416666666666667,0.0,0.0,0.0,0.0,0.0,0.0,0.0,0.0,0.0,0.0,0.0,0.0,0.0,0.0,0.0,0.0,0.0,0.0,0.004166666666666667,0.0,0.004166666666666667,0.008333333333333333,0.0,0.004166666666666667,0.0,0.0,0.041666666666666664,0.0,0.0,0.004166666666666667,0.004166666666666667,0.0,0.0,0.020833333333333332,0.05416666666666667,0.008333333333333333,0.016666666666666666,0.10833333333333332,0.3625,5.0
0.0,0.0,0.0,0.0,0.0,0.0,0.004629629629629629,0.006944444444444444,0.008333333333333333,0.008333333333333333,0.020833333333333332,0.020833333333333332,0.041666666666666664,0.0,0.0,0.0,0.0,0.0,0.0,0.0,0.0,0.0,0.0,0.0,0.0,0.0,0.0,0.0,0.0,0.0,0.0,0.0,0.0,0.0,0.0,0.0,0.0,0.0,0.0,0.0,0.008333333333333333,0.008333333333333333,0.02361111111111111,0.0,0.015277777777777779,0.0,0.0,0.004629629629629629,0.0,0.0,0.008333333333333333,0.049999999999999996,0.006944444444444444,0.0,0.0,0.049999999999999996,0.006944444444444444,0.05254629629629629,0.1708333333333333,0.3159722222222222,6.0
0.0,0.0,0.0,0.004629629629629629,0.013888888888888888,0.015046296296296295,0.0,0.0,0.0,0.0,0.0,0.0,0.0,0.0,0.0,0.0,0.0,0.0,0.0,0.013888888888888888,0.010416666666666666,0.0,0.0,0.0,0.0,0.0,0.0,0.0,0.0,0.013888888888888888,0.0,0.0,0.0,0.0,0.0,0.004629629629629629,0.0,0.0,0.0,0.0,0.0,0.024038461538461536,0.0302579365079365,0.015046296296296295,0.04976851851851852,0.0,0.005952380952380952,0.0,0.0,0.0,0.013888888888888888,0.02162189662189662,0.0182514245014245,0.0,0.005952380952380952,0.03373015873015873,0.0,0.010582010582010581,0.2105591168091168,0.48396164021164023,7.0
0.0,0.0,0.0,0.0,0.0,0.0,0.0,0.0,0.0,0.0,0.0,0.0,0.0,0.0,0.0,0.0,0.0,0.0,0.0,0.002777777777777778,0.0,0.0,0.0,0.0,0.0,0.0,0.0,0.0,0.0,0.0,0.002777777777777778,0.0,0.0,0.002777777777777778,0.0,0.0,0.0,0.0,0.0,0.0,0.0,0.0,0.008333333333333333,0.011111111111111112,0.01388888888888889,0.0,0.0,0.0,0.0,0.002777777777777778,0.008333333333333333,0.005555555555555556,0.002777777777777778,0.0,0.022222222222222223,0.013888888888888888,0.0,0.10277777777777779,0.1318452380952381,0.4181547619047619,8.0
0.0,0.0,0.0,0.0,0.0,0.0,0.0,0.0,0.0,0.0,0.0,0.0,0.0,0.0,0.0,0.0,0.0,0.0,0.006944444444444444,0.0,0.0,0.0,0.0,0.0,0.0,0.0,0.0,0.0,0.0,0.0,0.0,0.0,0.0,0.041666666666666664,0.0,0.0,0.0,0.0,0.0,0.0,0.0,0.0,0.0,0.0,0.0,0.0,0.0,0.0,0.0,0.041666666666666664,0.0,0.0,0.006944444444444444,0.0,0.0,0.041666666666666664,0.0,0.0,0.0763888888888889,0.11805555555555557,9.0
0.0,0.013888888888888888,0.013888888888888888,0.0,0.0,0.0,0.0,0.0,0.0,0.0,0.0,0.0,0.0,0.0,0.0,0.0,0.0,0.0,0.0,0.008333333333333333,0.0,0.0,0.004629629629629629,0.0,0.0,0.0,0.0,0.0,0.0,0.004629629629629629,0.0,0.0,0.0,0.0,0.0,0.0,0.0,0.0,0.0,0.0,0.0,0.015046296296296295,0.0,0.008333333333333333,0.01875,0.0,0.0,0.0,0.0,0.004629629629629629,0.0,0.012962962962962963,0.010416666666666666,0.0,0.0462962962962963,0.013888888888888888,0.004629629629629629,0.0925925925925926,0.1011574074074074,0.37592592592592594,10.0
0.0,0.0,0.0,0.0,0.0,0.0,0.0,0.0,0.0,0.0,0.0,0.0,0.0,0.0,0.0,0.0,0.0,0.0,0.0,0.0,0.0,0.0,0.0,0.009395424836601307,0.0,0.0,0.0,0.0,0.0,0.0,0.0,0.0,0.0,0.010416666666666666,0.0,0.0,0.0,0.0,0.0,0.0,0.0,0.0,0.010416666666666666,0.013888888888888888,0.013888888888888888,0.0,0.0,0.0,0.0,0.019812091503267973,0.0,0.03370098039215686,0.006944444444444444,0.0,0.013888888888888888,0.027777777777777776,0.0,0.03819444444444444,0.11580882352941176,0.4358660130718955,11.0
0.013888888888888888,0.0,0.0,0.0,0.0,0.0,0.0,0.0,0.0,0.0,0.0,0.0,0.0,0.0,0.0,0.0,0.0,0.0,0.0,0.0,0.013888888888888888,0.0,0.0,0.0,0.0,0.0,0.0,0.0,0.0,0.0,0.0,0.0,0.0,0.006944444444444444,0.0,0.0,0.0,0.0,0.0,0.0,0.0,0.012896825396825398,0.020833333333333332,0.004629629629629629,0.004629629629629629,0.0,0.0,0.0,0.0,0.0,0.006944444444444444,0.02169312169312169,0.004629629629629629,0.0,0.013888888888888888,0.06192129629629629,0.0,0.12428902116402117,0.17195767195767195,0.43363095238095245,12.0
0.0,0.0,0.0,0.0,0.0,0.0,0.0,0.0,0.0,0.0,0.0,0.0,0.0,0.0,0.0,0.020833333333333332,0.0,0.0,0.0,0.0,0.0,0.0,0.0,0.0,0.0,0.0,0.0,0.0,0.0,0.0,0.0,0.0,0.0,0.0,0.0,0.0,0.0,0.0,0.0,0.0,0.0,0.0,0.0625,0.0,0.0,0.0,0.0,0.0,0.0,0.0,0.0,0.0,0.0,0.0,0.041666666666666664,0.013888888888888888,0.013888888888888888,0.06944444444444443,0.07638888888888888,0.4513888888888889,13.0
