sj,jj,ic,jo,oo,so,ig,sg,ji,jg,se,sc,is,hc,ce,js,gc,hs,es,gg,ii,os,si,cs,gs,ss,TimeFactor
0.0,0.0,0.0,0.0,0.0,0.0,0.0,0.0,0.0,0.0,0.0,0.0,0.0,0.0,0.006944444444444444,0.006944444444444444,0.006944444444444444,0.013888888888888888,0.016203703703703703,0.020833333333333332,0.027777777777777776,0.027777777777777776,0.027777777777777776,0.05555555555555555,0.0787037037037037,0.46064814814814814,1.0
0.0,0.0,0.0,0.0,0.0,0.0,0.0,0.0,0.0,0.0,0.0,0.004629629629629629,0.009259259259259259,0.027777777777777776,0.0,0.004629629629629629,0.013888888888888888,0.0,0.0,0.0,0.004629629629629629,0.004629629629629629,0.004629629629629629,0.07962962962962962,0.02407407407407407,0.4055555555555556,2.0
0.0,0.0,0.0,0.0,0.0,0.0,0.0,0.0,0.0,0.0,0.004629629629629629,0.0,0.020833333333333332,0.0,0.0,0.0,0.0,0.020833333333333332,0.018518518518518517,0.0,0.0,0.0,0.0,0.0,0.14120370370370372,0.7939814814814814,3.0
0.0,0.0,0.0,0.0,0.0,0.0,0.0,0.0,0.0,0.009259259259259259,0.0,0.0,0.1111111111111111,0.0,0.0,0.0,0.0,0.0,0.0,0.0,0.0,0.0,0.013888888888888888,0.009259259259259259,0.045370370370370366,0.6444444444444445,4.0
0.0,0.0,0.0,0.0,0.0,0.0,0.0,0.0,0.0,0.0,0.0,0.0,0.027777777777777776,0.0,0.0,0.0,0.0,0.0,0.009259259259259259,0.0,0.0,0.0,0.0,0.0,0.02314814814814815,0.4398148148148148,5.0
0.0,0.0,0.0,0.0,0.0,0.0,0.0,0.005050505050505051,0.027777777777777776,0.0,0.0,0.0,0.04858104858104858,0.0,0.0,0.0,0.0,0.0,0.0,0.003968253968253968,0.0,0.03838383838383838,0.0025252525252525255,0.0,0.0884078884078884,0.6186387686387685,6.0
0.0,0.0,0.0,0.0,0.006944444444444444,0.006944444444444444,0.009259259259259259,0.013888888888888888,0.0,0.006944444444444444,0.0,0.0,0.06018518518518518,0.0,0.0,0.0,0.0,0.0,0.006944444444444444,0.009259259259259259,0.0,0.0,0.0,0.009259259259259259,0.13888888888888892,0.7314814814814814,7.0
0.0,0.0,0.0,0.005555555555555556,0.0,0.0,0.0,0.006944444444444444,0.0,0.0,0.0,0.0,0.03009259259259259,0.0,0.0,0.0,0.0,0.006944444444444444,0.0,0.006944444444444444,0.0,0.005555555555555556,0.0,0.0,0.05787037037037037,0.5467592592592593,8.0
0.0,0.0,0.0,0.0,0.0,0.0,0.0,0.009259259259259259,0.0,0.0,0.0,0.0,0.009259259259259259,0.0,0.0,0.0,0.0,0.0,0.013888888888888888,0.009259259259259259,0.0,0.027777777777777776,0.0,0.0,0.037037037037037035,0.6435185185185186,9.0
0.0,0.0,0.0,0.0,0.0,0.0,0.0,0.013888888888888888,0.0,0.0,0.0,0.027777777777777776,0.013888888888888888,0.0,0.0,0.0,0.0,0.0,0.0,0.0,0.0,0.0,0.0,0.0,0.03425925925925926,0.5768518518518518,10.0
0.005555555555555556,0.005555555555555556,0.013888888888888888,0.0,0.0,0.0,0.0,0.009259259259259259,0.0,0.0,0.0,0.0,0.006944444444444444,0.0,0.0,0.0,0.0,0.0,0.0,0.0,0.0,0.006944444444444444,0.006944444444444444,0.013888888888888888,0.08657407407407407,0.7611111111111112,11.0
0.0,0.0,0.0,0.0,0.0,0.0,0.0,0.03125,0.0,0.0,0.0,0.0,0.0,0.0,0.0,0.013888888888888888,0.0,0.0,0.0,0.01736111111111111,0.0,0.0,0.0,0.003472222222222222,0.026620370370370367,0.8240740740740741,12.0
0.0,0.0,0.0,0.0,0.0,0.0,0.0,0.011111111111111112,0.0,0.0,0.0,0.0,0.0,0.0,0.0,0.0,0.0,0.0,0.0,0.0,0.0,0.0,0.0,0.0,0.024999999999999998,0.46388888888888885,13.0
