je,gh,eg,jj,jh,jc,ic,cj,ih,oo,ei,se,hc,gc,gj,ie,oh,oi,cg,he,jg,ee,ij,ci,jo,so,ji,ii,sj,cc,og,ge,gi,sc,ig,sg,hi,si,es,sh,gg,cs,os,hs,js,ss,is,gs,TimeFactor
0.0,0.0,0.0,0.0,0.0,0.0,0.0,0.0,0.0,0.0,0.0,0.0,0.0,0.0,0.0,0.0,0.0,0.0,0.0,0.0,0.0,0.0,0.0,0.0,0.0,0.0,0.0015151515151515152,0.0015151515151515152,0.0016666666666666668,0.001984126984126984,0.001984126984126984,0.0033333333333333335,0.004292929292929293,0.0044444444444444444,0.00595959595959596,0.00878968253968254,0.009259259259259259,0.010456349206349205,0.01299485236985237,0.015486111111111112,0.01754419191919192,0.023349567099567096,0.041281288156288155,0.07170186295186295,0.08072991822991823,0.1675562863062863,0.20304824804824806,0.3111068561068561,1.0
0.0,0.0,0.0,0.0,0.0,0.0,0.0,0.0,0.0,0.0,0.0,0.0,0.0,0.0,0.0,0.001736111111111111,0.0018115942028985507,0.0018115942028985507,0.0018115942028985507,0.0023809523809523807,0.0023809523809523807,0.0023809523809523807,0.0035477053140096615,0.0035477053140096615,0.005952380952380952,0.007142857142857143,0.0,0.0018115942028985507,0.001736111111111111,0.0,0.0,0.0023809523809523807,0.048111465502769846,0.0,0.013593426501035196,0.022244488277096974,0.0,0.061129763303676345,0.020070207570207572,0.0,0.020386904761904762,0.036491015023623716,0.005357142857142856,0.031128101644405992,0.06542400469030904,0.1043116381431599,0.2411794543588022,0.2901393300849822,2.0
0.0,0.0,0.0,0.0,0.0,0.0,0.0,0.0014124293785310734,0.0017006802721088435,0.0017006802721088435,0.0017006802721088435,0.0017006802721088435,0.002777777777777778,0.00423728813559322,0.007575757575757576,0.0,0.0,0.0,0.004861111111111111,0.0,0.0,0.0014124293785310734,0.0,0.0014124293785310734,0.0,0.006410256410256411,0.0014124293785310734,0.0,0.00927643784786642,0.0,0.0,0.0,0.002777777777777778,0.018103656414585695,0.007685969868173259,0.02281973738074346,0.0014124293785310734,0.022782113689686537,0.024586477552579245,0.002777777777777778,0.024512293991256026,0.03140875264204019,0.028185132957221675,0.032143265272387755,0.08374481728461702,0.14634400785329724,0.19149607289017137,0.31162864980823174,3.0
0.0,0.0,0.0,0.0,0.0,0.0,0.0026881720430107525,0.0,0.0,0.0,0.0,0.0,0.0,0.0,0.0,0.0,0.0,0.0015151515151515152,0.0,0.0,0.003966131907308378,0.0,0.0024509803921568627,0.0,0.0024509803921568627,0.0,0.0,0.0026881720430107525,0.007575757575757576,0.0,0.0,0.0,0.0,0.01722248576850095,0.007932263814616756,0.010857627508481398,0.0,0.0031818181818181815,0.0124777183600713,0.0,0.004203323558162267,0.014586567764935887,0.02616187970789489,0.03187367028923006,0.05021045368293945,0.10694506737201236,0.31015182661529905,0.2975266181741513,4.0
0.0,0.0,0.0,0.0,0.0,0.011904761904761904,0.0,0.0,0.0,0.0,0.0,0.007575757575757576,0.0,0.0,0.0,0.0,0.0,0.0,0.0,0.0,0.007575757575757576,0.0,0.0,0.0,0.0,0.0,0.0,0.0,0.011904761904761904,0.0,0.0,0.0,0.0,0.0,0.011904761904761904,0.0,0.0,0.0,0.0,0.0,0.0,0.0462962962962963,0.0,0.048484848484848485,0.013888888888888888,0.3037037037037037,0.1477994227994228,0.2222943722943723,5.0
0.0,0.0,0.0,0.0,0.0,0.0,0.0,0.0,0.0,0.0,0.0,0.08333333333333333,0.0,0.008333333333333333,0.0,0.0,0.0,0.0,0.0,0.0,0.05416666666666667,0.0,0.0017730496453900709,0.0035460992907801418,0.0,0.011904761904761904,0.0,0.0,0.008333333333333333,0.0,0.020833333333333332,0.0,0.0035460992907801418,0.0,0.0,0.008183306055646482,0.0017730496453900709,0.014184397163120567,0.014743589743589745,0.0,0.0,0.03376587951056036,0.008333333333333333,0.07972391084093211,0.0017730496453900709,0.2274754500818331,0.2148741329592393,0.1993998908892526,6.0
0.0,0.0,0.0020833333333333333,0.0020833333333333333,0.004166666666666667,0.0,0.0,0.0,0.0,0.0,0.0,0.0020833333333333333,0.0,0.0,0.0020833333333333333,0.0,0.0,0.0020833333333333333,0.0,0.0,0.011342592592592593,0.0,0.0,0.0028735632183908046,0.0,0.0,0.005561172901921132,0.0028735632183908046,0.010663418290854572,0.0,0.0,0.0,0.004166666666666667,0.0036231884057971015,0.00787037037037037,0.020370370370370372,0.0,0.015665842789199715,0.008434736120311937,0.004021317829457365,0.014206503014642552,0.03011348008166459,0.03253976209569634,0.03244763644135179,0.0251918158567775,0.1863798473488456,0.22836290904693435,0.3387079100064305,7.0
0.0,0.0,0.0,0.011904761904761904,0.0,0.0,0.0,0.0,0.0,0.0,0.0,0.0,0.0,0.0,0.0,0.0,0.0,0.0,0.0,0.0,0.0028735632183908046,0.0,0.027777777777777776,0.0,0.0,0.0024509803921568627,0.0023809523809523807,0.0,0.0028735632183908046,0.0,0.0,0.0,0.0,0.007936507936507936,0.0,0.011904761904761904,0.0,0.013657876943881,0.003968253968253968,0.004831932773109244,0.0,0.016552124725859336,0.017111263109895122,0.04101657236003196,0.05635270681381347,0.10200428741397655,0.32492124890587076,0.18281419758494147,8.0
0.0,0.009259259259259259,0.0,0.006944444444444444,0.0,0.0,0.0,0.0,0.0,0.0,0.0,0.0,0.0,0.0,0.0,0.0,0.0,0.0,0.0,0.0,0.08333333333333333,0.0,0.0,0.0,0.0,0.0,0.0,0.0,0.006944444444444444,0.0,0.0,0.0,0.0,0.006944444444444444,0.0,0.0,0.0,0.0,0.020833333333333332,0.0,0.0,0.03472222222222222,0.006944444444444444,0.03472222222222222,0.02314814814814815,0.2824074074074074,0.21064814814814814,0.1064814814814815,9.0
0.0,0.0,0.0,0.0,0.0,0.041666666666666664,0.0,0.0,0.0,0.0,0.0,0.0,0.0,0.0,0.0,0.0,0.0,0.0,0.0,0.0,0.011904761904761904,0.0,0.0,0.0,0.0,0.0,0.0,0.0,0.0,0.0,0.0,0.0,0.0,0.026785714285714284,0.0,0.019841269841269844,0.0,0.0,0.016666666666666666,0.0,0.0,0.021875000000000002,0.05059523809523809,0.10243055555555554,0.0,0.2673115079365079,0.24543650793650795,0.11215277777777778,10.0
0.004166666666666667,0.0,0.0,0.0030864197530864196,0.0,0.0,0.0,0.0,0.0,0.0,0.0,0.0,0.0,0.0,0.0015151515151515152,0.0,0.0,0.0,0.0015151515151515152,0.0,0.008018490754622689,0.0,0.0,0.0030864197530864196,0.0,0.002777777777777778,0.003472222222222222,0.0,0.005864197530864197,0.0,0.0,0.0,0.0,0.01273148148148148,0.0030303030303030303,0.017656028887912945,0.0,0.025638553272383416,0.021583880678708266,0.0018115942028985507,0.006104523495827844,0.0122675026123302,0.02508588298443371,0.03591645304303681,0.03724422510966739,0.1720080565883767,0.20517775507317504,0.39024126205083515,11.0
0.0,0.0,0.0,0.004901960784313725,0.0,0.0,0.0,0.0,0.0,0.0,0.0022522522522522522,0.0,0.0,0.0,0.0,0.0,0.0,0.0,0.0,0.0,0.041666666666666664,0.0,0.0,0.0,0.0,0.0,0.0,0.0,0.007108671171171171,0.0,0.0,0.0,0.0,0.0025252525252525255,0.0026041666666666665,0.011248464373464375,0.0,0.020053475935828877,0.030569431396637276,0.0022522522522522522,0.0025252525252525255,0.0625156824605354,0.0025252525252525255,0.025252525252525252,0.03828615547365547,0.11750446134637312,0.2690571002151884,0.3571509761767115,12.0
0.0,0.0,0.0,0.0,0.0,0.0,0.020833333333333332,0.0,0.0,0.0,0.0,0.0,0.0,0.0,0.0,0.0,0.0,0.0,0.0,0.0,0.011904761904761904,0.0,0.0,0.016666666666666666,0.0,0.007575757575757576,0.0,0.0,0.010416666666666666,0.0,0.0,0.0,0.0,0.0,0.006410256410256411,0.006410256410256411,0.0,0.0,0.05965909090909091,0.0,0.0,0.06841422466422466,0.09586940836940838,0.010416666666666666,0.027083333333333334,0.08053613053613055,0.14220779220779223,0.26892898767898765,13.0
