ie,hh,ji,jc,cc,ei,jj,ee,ge,sc,sj,se,ig,oo,so,sh,cs,gi,si,ii,es,sg,os,gg,js,hs,is,gs,ss,TimeFactor
0.0,0.0,0.0,0.0,0.0,0.0,0.0,0.0,0.0,0.0,0.0,0.0012254901960784314,0.001736111111111111,0.0026041666666666665,0.0026041666666666665,0.0026041666666666665,0.0029616013071895424,0.003472222222222222,0.003472222222222222,0.003472222222222222,0.0036764705882352945,0.009906045751633986,0.011642156862745098,0.01678240740740741,0.017429193899782133,0.026041666666666668,0.03096064814814815,0.07136778322440086,0.7880412581699345,1.0
0.0,0.0,0.0,0.0,0.0,0.0,0.0,0.0,0.0,0.0,0.004166666666666667,0.0,0.005208333333333333,0.0,0.0,0.001893939393939394,0.017424242424242422,0.000946969696969697,0.003282828282828283,0.005176767676767676,0.0,0.013162878787878788,0.010227272727272729,0.007449494949494949,0.011174242424242425,0.001893939393939394,0.04215593434343434,0.07356376262626262,0.7189393939393939,2.0
0.0,0.0,0.0,0.0,0.0,0.0,0.0,0.000946969696969697,0.000946969696969697,0.003472222222222222,0.0,0.0,0.004384469696969697,0.0,0.0,0.0,0.003472222222222222,0.0034375,0.005681818181818181,0.005681818181818181,0.0,0.015471906565656566,0.0,0.030628156565656567,0.025138888888888888,0.0,0.015748106060606063,0.11600694444444444,0.6023153409090908,3.0
0.0,0.0,0.0,0.0,0.0,0.0,0.0,0.0,0.0,0.0,0.0,0.0,0.0,0.0,0.0,0.0,0.0034965034965034965,0.0,0.004807692307692308,0.0016025641025641027,0.0,0.016346153846153847,0.002976190476190476,0.004807692307692308,0.005208333333333333,0.0,0.03092948717948718,0.1219119422244422,0.7245801073926074,4.0
0.0,0.0,0.0,0.0,0.0,0.0,0.0,0.0,0.0,0.0,0.0,0.0,0.0,0.0,0.010416666666666666,0.0,0.010416666666666666,0.0,0.010416666666666666,0.0,0.0,0.010416666666666666,0.015625,0.010416666666666666,0.010416666666666666,0.0,0.03125,0.04548611111111111,0.5951388888888889,5.0
0.0,0.0,0.0,0.0,0.0023148148148148147,0.0023148148148148147,0.010416666666666666,0.0,0.0023148148148148147,0.0023148148148148147,0.010416666666666666,0.0,0.0,0.0,0.0,0.0,0.0037037037037037034,0.0,0.0037037037037037034,0.013888888888888888,0.0,0.0023148148148148147,0.0,0.009259259259259259,0.015046296296296295,0.010416666666666666,0.021296296296296296,0.06736111111111111,0.4895833333333333,6.0
0.0,0.0,0.0,0.0,0.0,0.0,0.0,0.0013020833333333333,0.0013020833333333333,0.0,0.0,0.0,0.002459490740740741,0.0,0.0,0.0,0.020833333333333332,0.009982638888888888,0.0026041666666666665,0.007667824074074074,0.006944444444444444,0.009693287037037037,0.0,0.013165509259259259,0.0,0.0,0.02372685185185185,0.0970362103174603,0.7199487433862434,7.0
0.0,0.0,0.0,0.003472222222222222,0.0,0.0,0.0,0.0,0.0,0.0,0.0,0.0,0.0,0.0,0.0,0.003472222222222222,0.013392857142857142,0.0,0.0,0.0,0.003472222222222222,0.00992063492063492,0.0,0.0,0.016185897435897434,0.003472222222222222,0.0330509768009768,0.06622405372405372,0.7640033577533578,8.0
0.0,0.0,0.0,0.0,0.0,0.0,0.0,0.0,0.0,0.0,0.0,0.0,0.0,0.0,0.0,0.0,0.0,0.0,0.0,0.0,0.0,0.0,0.0,0.0,0.03125,0.0,0.020833333333333332,0.04513888888888889,0.736111111111111,9.0
0.0,0.0023148148148148147,0.0026041666666666665,0.0,0.0,0.0,0.0,0.0,0.0,0.0,0.004166666666666667,0.0,0.0,0.0,0.0,0.0023148148148148147,0.0,0.0,0.0,0.0,0.0,0.004166666666666667,0.0,0.004166666666666667,0.04722222222222222,0.0,0.01900628306878307,0.04801587301587301,0.6993551587301589,10.0
0.001488095238095238,0.0,0.0,0.0,0.0,0.001488095238095238,0.0,0.002976190476190476,0.001488095238095238,0.0,0.0,0.0,0.007440476190476189,0.0,0.0,0.0,0.0,0.002976190476190476,0.001488095238095238,0.0,0.0,0.015042701863354038,0.003472222222222222,0.007440476190476189,0.0,0.020833333333333332,0.018838423050379572,0.09544297791580401,0.7362512939958591,11.0
0.0,0.0,0.0,0.0,0.0,0.0,0.0,0.0,0.0,0.0,0.001488095238095238,0.0,0.0,0.0,0.010416666666666666,0.0,0.001488095238095238,0.0,0.0,0.0,0.0,0.018601190476190476,0.010416666666666666,0.0,0.0,0.0,0.019370039682539683,0.09211309523809523,0.7627728174603176,12.0
0.0,0.0,0.0,0.0,0.0,0.0,0.0,0.0020833333333333333,0.0,0.0,0.0,0.0020833333333333333,0.0,0.0,0.0,0.0,0.020023148148148144,0.0,0.0023148148148148147,0.0023148148148148147,0.010416666666666666,0.0020833333333333333,0.020833333333333332,0.0,0.03530092592592593,0.020833333333333332,0.03425925925925926,0.027662037037037037,0.8197916666666666,13.0
