ji,jg,oe,og,sh,sc,so,ho,jh,ig,si,es,sg,os,hs,js,cs,is,gs,ss,TimeFactor
0.0,0.0,0.0,0.0,0.0,0.0,0.0,0.0,0.0005707762557077625,0.0005707762557077625,0.0005707762557077625,0.0012254901960784314,0.0013020833333333333,0.011745481180412687,0.01464601679712981,0.024065974958652234,0.027775988337027824,0.07756900251612177,0.1249356851832174,0.7150219487309032,1.0
0.0,0.0,0.0,0.0,0.0,0.0,0.0,0.0006038647342995169,0.0,0.0,0.0,0.0023148148148148147,0.0018115942028985507,0.006925262858766695,0.007119210002841717,0.03967500601132315,0.05881408434797181,0.05676298445799724,0.10044495631771848,0.6421948889180348,2.0
0.0,0.0,0.0,0.0,0.0011261261261261261,0.0012254901960784314,0.0013020833333333333,0.0,0.0,0.0,0.0011261261261261261,0.001847380743342113,0.0028777680226319386,0.02092956573655103,0.01974498989095126,0.006386015107344124,0.02873967391320881,0.08464258808049963,0.12396115622232283,0.7060910365014843,3.0
0.0,0.0,0.0,0.0,0.0,0.0016666666666666668,0.004166666666666667,0.0,0.0,0.0,0.0028706518068220195,0.003968253968253968,0.002112015018773467,0.012475151512797324,0.010300991279252148,0.03962377218103491,0.046610222835395614,0.06681768263478177,0.11095015583457402,0.6984377695949814,4.0
0.0,0.0,0.0,0.0023148148148148147,0.0,0.0032051282051282055,0.0,0.0,0.0,0.0,0.0,0.0,0.0,0.050422705314009664,0.026904422737756072,0.0700944838173099,0.03510931500061935,0.10137029000253639,0.07550585652940725,0.6350729835784182,5.0
0.0,0.0,0.041666666666666664,0.0,0.0,0.0010683760683760683,0.0,0.0,0.0,0.0,0.001488095238095238,0.041666666666666664,0.0,0.003472222222222222,0.012795075295075294,0.04453500203500204,0.04123015873015873,0.06901200651200651,0.0641417378917379,0.5955906593406594,6.0
0.0,0.0,0.0,0.0,0.0,0.0,0.0,0.0,0.0,0.000744047619047619,0.0029265873015873016,0.001736111111111111,0.0035477053140096615,0.014877270810241825,0.007620677095314776,0.0184486993816704,0.027233972750277096,0.10505306388458563,0.13790335402654244,0.6799085107056122,7.0
0.0,0.004166666666666667,0.0,0.0,0.0,0.0,0.0,0.0,0.0,0.0,0.0013440860215053762,0.0,0.0013440860215053762,0.013657638657638657,0.008715880893300249,0.028483210338049052,0.059020847730525156,0.09060657084850633,0.08532405467889338,0.6240036248100765,8.0
0.0,0.0,0.0,0.0,0.0,0.0,0.0,0.0,0.0,0.0,0.0,0.002976190476190476,0.0,0.012152777777777776,0.0,0.05000901875901875,0.03839285714285714,0.033252164502164505,0.07293470418470419,0.6236156204906205,9.0
0.0,0.0,0.0,0.0,0.0,0.0,0.0,0.0,0.0,0.0,0.0,0.0,0.0,0.008850213472485768,0.01376371473354232,0.03715992764248374,0.03362372643604596,0.06387903836628922,0.05703782848707036,0.7856855508620825,10.0
0.0016666666666666668,0.0,0.0,0.0,0.0,0.0011261261261261261,0.0,0.0,0.0,0.0,0.00476466049382716,0.003577441077441077,0.004412746079412746,0.010867019537362674,0.01679428346095013,0.025490686765196568,0.04285769647289255,0.10511959470292802,0.10831394539115129,0.6750091332260449,11.0
0.0,0.0032051282051282055,0.0,0.0,0.0,0.0032051282051282055,0.0,0.0,0.0,0.0,0.0,0.005208333333333333,0.0,0.015150327480490522,0.02201928883314753,0.016475055741360087,0.05618003298030472,0.13064119983277592,0.07563521924934968,0.6722802861389819,12.0
0.0,0.0,0.0,0.0,0.0,0.0,0.0,0.0,0.0,0.0,0.0,0.0,0.001488095238095238,0.008333333333333333,0.009027777777777779,0.040945512820512814,0.07942612942612942,0.05306776556776557,0.06481227106227107,0.6595657814407815,13.0
