oi,ic,oc,ee,ge,he,eh,hg,js,gh,es,se,ei,ie,hi,so,sc,os,cs,ih,hs,ig,ci,gi,si,ii,is,sg,gg,gs,ss,TimeFactor
0.0,0.0,0.0,0.0,0.0,0.0,0.0,0.0,0.0,0.0,0.0,0.0,0.0,0.0,0.0009363295880149813,0.0009363295880149813,0.0009363295880149813,0.0009363295880149813,0.0009363295880149813,0.0009363295880149813,0.0009363295880149813,0.0018726591760299626,0.005208333333333333,0.0065543071161048684,0.010826310861423221,0.013635299625468165,0.02071629213483146,0.029260299625468167,0.033005617977528094,0.04050795880149813,0.16519194756554306,1.0
0.0,0.0,0.0,0.0,0.0,0.0005952380952380952,0.0005952380952380952,0.0005952380952380952,0.0005952380952380952,0.0005952380952380952,0.0011904761904761904,0.0011904761904761904,0.0011904761904761904,0.0011904761904761904,0.0,0.0,0.0,0.0,0.0,0.0011904761904761904,0.0011904761904761904,0.00541044776119403,0.0,0.00660092395167022,0.018935744557635106,0.02559359288215009,0.023644344415488693,0.028501671536497408,0.016773276474769012,0.05950933164863514,0.2215782858195793,2.0
0.0,0.0,0.0,0.0,0.000782472613458529,0.0,0.0,0.0,0.0,0.0003912363067292645,0.000782472613458529,0.0011737089201877935,0.008749466495945369,0.015542751458244417,0.0,0.0,0.0,0.0,0.017676767676767676,0.0003912363067292645,0.000782472613458529,0.002347417840375587,0.0,0.010705648029591694,0.012395077535922608,0.006259780907668232,0.01630744060321525,0.04015862853891023,0.007042253521126761,0.030626689429506332,0.2445511452553706,3.0
0.0,0.0,0.0,0.0,0.0,0.0,0.0,0.0,0.013888888888888888,0.0,0.015151515151515152,0.007575757575757576,0.0,0.0,0.0,0.0,0.0,0.0,0.0,0.0,0.0,0.0,0.0,0.0,0.007575757575757576,0.0,0.007575757575757576,0.0,0.007575757575757576,0.0457070707070707,0.394949494949495,4.0
0.0,0.002777777777777778,0.002777777777777778,0.008333333333333333,0.0,0.0,0.0,0.0,0.0,0.0,0.002777777777777778,0.002777777777777778,0.0,0.002777777777777778,0.0,0.0,0.008333333333333333,0.008333333333333333,0.021527777777777774,0.008333333333333333,0.008333333333333333,0.0,0.005555555555555556,0.008333333333333333,0.002777777777777778,0.0,0.005555555555555556,0.0,0.0,0.0,0.15069444444444444,5.0
0.0,0.0,0.0,0.0,0.0,0.0,0.0,0.0,0.0,0.0,0.0,0.0,0.0,0.0,0.0,0.0,0.0,0.0,0.0,0.0,0.0,0.0,0.0,0.0,0.013888888888888888,0.0,0.013888888888888888,0.013888888888888888,0.0,0.013888888888888888,0.19444444444444442,6.0
0.0,0.0,0.0,0.0,0.0,0.0,0.0,0.0,0.0,0.0,0.0,0.0,0.0,0.0,0.0,0.0,0.0,0.0,0.0,0.0,0.0,0.0,0.0,0.0,0.011904761904761904,0.0033333333333333335,0.015238095238095238,0.018484848484848486,0.007575757575757576,0.031464646464646466,0.3286652236652237,7.0
0.0,0.0,0.0,0.0,0.0,0.0,0.0,0.0,0.0,0.0,0.0,0.0,0.0,0.0,0.0,0.0,0.0,0.0,0.0,0.0,0.0,0.0,0.0,0.0,0.0,0.0,0.0,0.0,0.0,0.027777777777777776,0.1388888888888889,8.0
0.016666666666666666,0.0,0.0,0.0,0.0,0.0,0.0,0.0,0.0,0.0,0.0,0.0,0.0,0.0,0.0,0.0,0.0,0.0,0.0,0.0,0.0,0.0,0.0,0.0,0.0,0.0,0.016666666666666666,0.0,0.0,0.0,0.13333333333333333,9.0
0.0,0.0,0.0,0.0,0.0,0.0,0.0,0.0,0.0,0.0,0.0,0.0,0.0,0.0,0.0,0.0,0.0,0.0,0.0,0.0,0.0,0.0,0.0,0.0,0.0,0.0,0.0,0.013888888888888888,0.0,0.013888888888888888,0.05555555555555555,10.0
0.001937984496124031,0.0,0.0,0.0,0.0,0.0,0.0,0.0,0.0,0.0,0.0,0.0,0.0,0.0,0.0,0.0,0.001937984496124031,0.018604651162790697,0.001937984496124031,0.0,0.0,0.0,0.0,0.0,0.0,0.0,0.001937984496124031,0.003875968992248062,0.0,0.005813953488372093,0.29728682170542636,11.0
0.0,0.0,0.0,0.0,0.0,0.0,0.0,0.0,0.0,0.0,0.0,0.0,0.0,0.0,0.0,0.0,0.0,0.0,0.0,0.0,0.0,0.0,0.0,0.0,0.0,0.0,0.011904761904761904,0.0,0.0,0.0,0.07142857142857142,12.0
0.0,0.0,0.0,0.0,0.0,0.0,0.0,0.0,0.0,0.0,0.0,0.0,0.0,0.0,0.0,0.0,0.0,0.0,0.0,0.0,0.0,0.0,0.0,0.0,0.0,0.0,0.0,0.0,0.0,0.0,0.0,13.0
