scs,ssc,sos,oss,ssj,sjs,ics,csc,scc,isi,csi,jcs,ijs,gsi,sis,ssg,shh,ssh,cgs,ssi,sii,hss,ess,sgs,hgi,gis,css,hgs,iss,gss,jss,sss,TimeFactor
0.0,0.0,0.0,0.0,0.0,0.0,0.0,0.0,0.0,0.0,0.0,0.0,0.0,0.0,0.0,0.0,0.0,0.0,0.0,0.0,0.0,0.0,0.0,0.0,0.004629629629629629,0.004629629629629629,0.016203703703703703,0.027777777777777776,0.032407407407407406,0.05555555555555555,0.06712962962962964,0.4583333333333333,1.0
0.0,0.0,0.0,0.0,0.0,0.0,0.0,0.0,0.0,0.0,0.0,0.0,0.0,0.0,0.0,0.0,0.0,0.0,0.0,0.0,0.0,0.0,0.005555555555555556,0.02314814814814815,0.0,0.0,0.004629629629629629,0.0,0.008333333333333333,0.08055555555555555,0.037037037037037035,0.5907407407407407,2.0
0.0,0.0,0.0,0.0,0.0,0.0,0.0,0.0,0.0,0.0,0.0,0.0,0.0,0.0,0.0,0.0,0.003968253968253968,0.003968253968253968,0.005555555555555556,0.005555555555555556,0.005555555555555556,0.005555555555555556,0.0,0.0,0.0,0.0,0.0,0.0,0.03227513227513227,0.06904761904761904,0.05092592592592593,0.7342592592592593,3.0
0.0,0.0,0.0,0.0,0.0,0.0,0.0,0.0,0.0,0.0,0.0,0.0,0.0,0.0,0.0,0.027777777777777776,0.0,0.0,0.0,0.0,0.0,0.0023148148148148147,0.027777777777777776,0.027777777777777776,0.0,0.0,0.0,0.0,0.013574735449735448,0.09971891534391535,0.041666666666666664,0.5927248677248677,4.0
0.0,0.0,0.0,0.0,0.0,0.0,0.0,0.0,0.0,0.0,0.0,0.0,0.0,0.0,0.0,0.0,0.0,0.0,0.0,0.0,0.0,0.003968253968253968,0.0021367521367521365,0.0021367521367521365,0.0,0.003968253968253968,0.013888888888888888,0.0,0.033221408221408226,0.04273504273504273,0.06878306878306878,0.7458282458282457,5.0
0.0,0.0,0.0,0.0,0.0,0.0,0.0,0.0,0.0,0.0,0.003472222222222222,0.003472222222222222,0.003968253968253968,0.003968253968253968,0.003968253968253968,0.0,0.0,0.0,0.0,0.0,0.003472222222222222,0.027777777777777776,0.003968253968253968,0.0,0.0,0.0,0.003968253968253968,0.0,0.07076719576719577,0.04728835978835979,0.05191798941798942,0.6886574074074073,6.0
0.0,0.0,0.0,0.0,0.0,0.0,0.0,0.0,0.0,0.003968253968253968,0.0,0.0,0.0,0.0,0.003968253968253968,0.0,0.0,0.0,0.0,0.003968253968253968,0.003968253968253968,0.027777777777777776,0.0,0.0,0.0,0.0,0.0,0.0,0.02513227513227513,0.06977513227513227,0.02314814814814815,0.5049603174603176,7.0
0.0,0.0,0.0,0.0,0.0,0.0,0.0,0.0,0.0,0.0,0.0,0.0,0.0,0.0,0.0,0.0,0.0,0.0,0.0,0.0023148148148148147,0.0023148148148148147,0.0023148148148148147,0.0,0.0,0.0,0.0,0.0,0.0,0.004629629629629629,0.07902421652421653,0.0537037037037037,0.6056980056980057,8.0
0.0,0.0,0.0,0.0,0.003472222222222222,0.003472222222222222,0.003968253968253968,0.003968253968253968,0.003968253968253968,0.0,0.0,0.0,0.0,0.0,0.0,0.0,0.0,0.0,0.0,0.0,0.0,0.001984126984126984,0.0,0.0,0.0,0.0,0.027777777777777776,0.0,0.009424603174603174,0.05853174603174604,0.0441468253968254,0.5892857142857143,9.0
0.0,0.0,0.0,0.0,0.0,0.0,0.0,0.0,0.0,0.0,0.0,0.0,0.0,0.0,0.0,0.0,0.0,0.0,0.0,0.0,0.0,0.0,0.0,0.001984126984126984,0.0,0.0,0.0,0.0,0.03643578643578643,0.052789802789802796,0.07196969696969696,0.6701539201539202,10.0
0.0,0.0,0.027777777777777776,0.027777777777777776,0.0,0.0,0.0,0.0,0.0,0.0,0.0,0.0,0.0,0.0,0.0,0.0,0.0,0.0,0.0,0.0,0.0,0.0,0.0,0.0,0.0,0.0,0.027777777777777776,0.0,0.013888888888888888,0.05873015873015872,0.03333333333333333,0.5607142857142857,11.0
0.006944444444444444,0.006944444444444444,0.0,0.0,0.0,0.0,0.0,0.0,0.0,0.0,0.0,0.0,0.0,0.005555555555555556,0.005555555555555556,0.0,0.0,0.0,0.0,0.0,0.0,0.0,0.0015432098765432098,0.0,0.0,0.0015432098765432098,0.006944444444444444,0.0,0.024228395061728396,0.050617283950617285,0.027777777777777776,0.6123456790123457,12.0
0.0,0.0,0.0,0.027777777777777776,0.0,0.0,0.0,0.0,0.0,0.0,0.0,0.0,0.0,0.0,0.001736111111111111,0.0,0.0,0.0,0.0,0.0,0.0,0.001736111111111111,0.0,0.0,0.0,0.0,0.003968253968253968,0.0,0.04786706349206349,0.026372354497354495,0.0,0.7238756613756613,13.0
