scc,ssc,ose,ccs,ess,shs,hgs,osi,iis,gis,iii,iig,igs,ssi,hss,ssh,shh,ggg,sjs,sii,iie,isi,ies,isg,gii,sis,gsi,sgg,oss,sgi,gsg,gse,ses,sgs,ssg,ggs,gss,jss,css,iss,sss,TimeFactor
0.0,0.0,0.0,0.0,0.0,0.0,0.0,0.0,0.0,0.0,0.0,0.0,0.0,0.0,0.0,0.0,0.0,0.0,0.0,0.0,0.0,0.0,0.0,0.0,0.0,0.0,0.0,0.0,0.005555555555555556,0.006944444444444444,0.006944444444444444,0.009259259259259259,0.009259259259259259,0.009259259259259259,0.009259259259259259,0.02314814814814815,0.031018518518518515,0.043981481481481476,0.04722222222222222,0.06018518518518518,0.487962962962963,1.0
0.0,0.0,0.0,0.0,0.0,0.0,0.0,0.0,0.0,0.0,0.0,0.0,0.0,0.0,0.0,0.0,0.0,0.0,0.0,0.003968253968253968,0.003968253968253968,0.003968253968253968,0.003968253968253968,0.003968253968253968,0.003968253968253968,0.003968253968253968,0.003968253968253968,0.017460317460317457,0.027777777777777776,0.0,0.009523809523809523,0.0,0.0,0.0,0.007936507936507936,0.021428571428571425,0.08187830687830687,0.027777777777777776,0.01507936507936508,0.013888888888888888,0.4121693121693122,2.0
0.0,0.0,0.0,0.0,0.0,0.0,0.0,0.0,0.0,0.0,0.0,0.0,0.0,0.004629629629629629,0.004629629629629629,0.005555555555555556,0.005555555555555556,0.009259259259259259,0.013888888888888888,0.0,0.0,0.0,0.0,0.0,0.0,0.004629629629629629,0.009259259259259259,0.013888888888888888,0.005555555555555556,0.0,0.0,0.0,0.0,0.0,0.013888888888888888,0.009259259259259259,0.042195767195767196,0.027777777777777776,0.02182539682539682,0.03571428571428571,0.5224867724867724,3.0
0.0,0.0,0.0,0.0,0.0,0.0,0.0,0.0,0.0,0.018518518518518517,0.027777777777777776,0.027777777777777776,0.027777777777777776,0.0,0.0,0.0,0.0,0.0,0.0,0.0,0.0,0.0,0.0,0.0,0.0,0.0,0.0,0.005555555555555556,0.03333333333333333,0.0,0.0,0.0,0.0,0.0,0.005555555555555556,0.0,0.0,0.049999999999999996,0.027777777777777776,0.029629629629629627,0.412962962962963,4.0
0.0,0.0,0.0,0.0,0.0,0.0,0.0,0.0,0.009259259259259259,0.0,0.0,0.0,0.0,0.0,0.05555555555555555,0.0,0.0,0.0,0.0,0.0,0.0,0.0,0.0,0.0,0.009259259259259259,0.0,0.0,0.0,0.009259259259259259,0.0,0.0,0.0,0.0,0.0,0.0,0.0,0.027777777777777776,0.041666666666666664,0.027777777777777776,0.009259259259259259,0.5601851851851851,5.0
0.0,0.0,0.0,0.0,0.0,0.0,0.0,0.006944444444444444,0.0,0.0,0.0,0.0,0.0,0.0,0.0,0.0,0.0,0.0,0.0,0.0,0.0,0.0,0.0,0.0,0.0,0.006944444444444444,0.0,0.0,0.006944444444444444,0.0,0.0,0.0,0.0,0.0,0.0,0.0,0.037037037037037035,0.05092592592592592,0.027777777777777776,0.016203703703703703,0.5972222222222222,6.0
0.0,0.0,0.0,0.0,0.0,0.0,0.0,0.0,0.0,0.0,0.0,0.0,0.0,0.0,0.0,0.0,0.0,0.0,0.0,0.0,0.0,0.0,0.0,0.005555555555555556,0.0,0.019444444444444445,0.0,0.005555555555555556,0.027777777777777776,0.0,0.013888888888888888,0.0,0.0,0.013888888888888888,0.0,0.0,0.020833333333333332,0.05277777777777778,0.0,0.04027777777777778,0.3,7.0
0.0,0.0,0.0,0.0,0.0,0.0,0.009259259259259259,0.0,0.0,0.0,0.0,0.0,0.006944444444444444,0.0,0.0,0.0,0.0,0.0,0.0,0.0,0.0,0.0,0.0,0.0,0.0,0.0,0.0,0.0,0.009259259259259259,0.0,0.0,0.0,0.0,0.0,0.0,0.0,0.07407407407407407,0.027777777777777776,0.009259259259259259,0.037037037037037035,0.576388888888889,8.0
0.0,0.0,0.0,0.0,0.0,0.0,0.0,0.0,0.0,0.0,0.0,0.0,0.0,0.0,0.0,0.0,0.0,0.0,0.0,0.0,0.0,0.0,0.0,0.0,0.0,0.006944444444444444,0.0,0.0,0.0,0.0,0.0,0.0,0.0,0.0,0.0,0.0,0.018518518518518517,0.0,0.006944444444444444,0.006944444444444444,0.46064814814814814,9.0
0.0,0.0,0.0,0.0,0.005555555555555556,0.006944444444444444,0.0,0.0,0.0,0.0,0.0,0.0,0.0,0.0,0.012499999999999999,0.0,0.0,0.0,0.0,0.0,0.0,0.0,0.0,0.0,0.0,0.0,0.0,0.027777777777777776,0.0,0.0,0.0,0.0,0.0,0.0,0.013888888888888888,0.013888888888888888,0.06944444444444443,0.027777777777777776,0.006944444444444444,0.020833333333333332,0.5444444444444444,10.0
0.0,0.0,0.0,0.006944444444444444,0.0,0.0,0.0,0.0,0.0,0.0,0.0,0.0,0.0,0.0,0.0,0.0,0.0,0.0,0.0,0.0,0.0,0.0,0.0,0.0,0.0,0.0,0.0,0.0,0.013888888888888888,0.0,0.0,0.0,0.0,0.0,0.0,0.0,0.041666666666666664,0.0,0.0625,0.006944444444444444,0.4513888888888889,11.0
0.0,0.0,0.027777777777777776,0.0,0.027777777777777776,0.0,0.0,0.0,0.0,0.0,0.0,0.0,0.0,0.0,0.0,0.0,0.0,0.0,0.0,0.0,0.0,0.0,0.0,0.0,0.0,0.0,0.0,0.0,0.027777777777777776,0.0,0.0,0.0,0.027777777777777776,0.0,0.0,0.0,0.027777777777777776,0.027777777777777776,0.0,0.013888888888888888,0.6527777777777778,12.0
0.013888888888888888,0.013888888888888888,0.0,0.0,0.013888888888888888,0.0,0.0,0.0,0.0,0.0,0.0,0.0,0.0,0.0,0.0,0.0,0.0,0.0,0.0,0.0,0.0,0.0,0.0,0.0,0.0,0.0,0.0,0.0,0.03796296296296296,0.0,0.0,0.0,0.0,0.0,0.0,0.0,0.019444444444444445,0.0,0.0,0.004629629629629629,0.31296296296296294,13.0
