soo,sso,iii,sgi,eis,ghs,ssg,cgs,his,ehs,ihs,ssi,osc,ses,gie,ish,oss,gsh,hsg,iis,shh,ijs,hsc,egg,iei,eig,isg,ieg,ggi,gii,ies,ise,esi,scs,sjs,ccs,sis,gig,igi,geh,sge,gsi,gis,jss,ggh,ghi,csg,csc,isi,ges,scc,igs,ess,sii,ggs,sgs,gsg,sgg,gss,sse,cic,ice,see,css,hss,iss,sss,TimeFactor
0.0,0.0,0.0,0.0,0.0,0.0,0.0,0.0,0.0,0.0,0.0,0.0,0.0,0.0,0.0,0.0,0.0,0.0,0.0,0.0,0.0,0.0,0.0,0.0,0.0,0.0,0.0,0.0,0.0,0.0,0.0,0.0,0.0,0.0,0.0,0.0,0.0,0.0,0.0,0.0,0.0,0.0,0.0,0.0,0.0023148148148148147,0.0023148148148148147,0.0023148148148148147,0.0023148148148148147,0.0023148148148148147,0.0023148148148148147,0.0023148148148148147,0.0023148148148148147,0.0023148148148148147,0.0023148148148148147,0.0023148148148148147,0.004629629629629629,0.006944444444444444,0.009259259259259259,0.011574074074074075,0.013888888888888888,0.013888888888888888,0.013888888888888888,0.013888888888888888,0.020833333333333332,0.030092592592592587,0.037037037037037035,0.2986111111111111,1.0
0.0,0.0,0.0,0.0,0.0,0.0,0.0,0.0,0.0,0.0,0.0,0.0,0.0,0.0,0.0,0.0,0.0,0.0,0.0,0.0,0.0,0.0,0.0,0.0,0.0,0.0,0.0,0.0,0.0,0.0,0.0,0.0,0.0,0.0,0.0,0.0,0.0,0.001893939393939394,0.001893939393939394,0.001893939393939394,0.001893939393939394,0.001893939393939394,0.00946969696969697,0.0625,0.0,0.0,0.0,0.0,0.0,0.0,0.0,0.0,0.0,0.001893939393939394,0.001893939393939394,0.001893939393939394,0.003787878787878788,0.003787878787878788,0.07954545454545454,0.0,0.0,0.0,0.0,0.041666666666666664,0.0,0.054924242424242424,0.3125,2.0
0.0,0.0,0.0,0.0,0.0,0.0,0.0,0.0,0.0,0.0,0.0,0.0,0.0,0.0,0.0,0.0,0.0,0.0,0.0,0.0,0.0,0.0,0.0,0.0,0.0,0.0,0.0,0.0,0.0,0.0,0.0,0.0,0.0,0.0,0.0,0.0023148148148148147,0.004629629629629629,0.0,0.0,0.0,0.0,0.0,0.009259259259259259,0.0,0.0,0.0,0.0,0.0,0.0,0.0,0.0,0.0,0.0023148148148148147,0.0,0.006944444444444444,0.0,0.004629629629629629,0.004629629629629629,0.013888888888888888,0.0,0.0,0.0,0.0,0.04398148148148148,0.0,0.11342592592592593,0.5439814814814815,3.0
0.0,0.0,0.0,0.0,0.0,0.0,0.0,0.0,0.0,0.0,0.0,0.0,0.0,0.0,0.0,0.0,0.0,0.0,0.0,0.0,0.0,0.0,0.0,0.0,0.0,0.0,0.0,0.0,0.0020833333333333333,0.0020833333333333333,0.0020833333333333333,0.0020833333333333333,0.0062499999999999995,0.013888888888888888,0.013888888888888888,0.0,0.0,0.0,0.0,0.0,0.0,0.010416666666666666,0.0062499999999999995,0.022222222222222223,0.0,0.0,0.0,0.0,0.0,0.0,0.0,0.008333333333333333,0.0020833333333333333,0.016666666666666666,0.004166666666666667,0.0020833333333333333,0.004166666666666667,0.004166666666666667,0.08541666666666665,0.0,0.0,0.0,0.0020833333333333333,0.013888888888888888,0.0,0.08958333333333333,0.3527777777777778,4.0
0.0,0.0,0.0,0.0,0.0,0.0,0.0,0.0,0.0,0.0,0.0,0.0,0.0,0.0,0.0,0.0,0.0,0.0,0.0,0.0,0.0,0.0,0.0,0.002777777777777778,0.002777777777777778,0.002777777777777778,0.002777777777777778,0.002777777777777778,0.0,0.0,0.0,0.0,0.0,0.0,0.0,0.0,0.013888888888888888,0.0,0.0,0.0,0.0,0.005555555555555556,0.011111111111111112,0.020833333333333332,0.0,0.0,0.0,0.0,0.0,0.0,0.0,0.002777777777777778,0.0,0.005555555555555556,0.002777777777777778,0.002777777777777778,0.0,0.002777777777777778,0.18402777777777776,0.0,0.0,0.0,0.0,0.029166666666666664,0.010416666666666666,0.052083333333333336,0.3923611111111111,5.0
0.0,0.0,0.0,0.0,0.0,0.0,0.0,0.0,0.0,0.0,0.0,0.0,0.0,0.0,0.0,0.0,0.0,0.0026041666666666665,0.0026041666666666665,0.0026041666666666665,0.0026041666666666665,0.013888888888888888,0.041666666666666664,0.0,0.0,0.0,0.0,0.0,0.0,0.0,0.0,0.0026041666666666665,0.0,0.0,0.0,0.0,0.0,0.0,0.0,0.0,0.0,0.0026041666666666665,0.005208333333333333,0.10555555555555557,0.0,0.0,0.0,0.0,0.0,0.0026041666666666665,0.041666666666666664,0.0026041666666666665,0.0026041666666666665,0.0026041666666666665,0.0,0.0026041666666666665,0.0026041666666666665,0.005208333333333333,0.02690972222222222,0.0,0.0,0.0,0.0026041666666666665,0.008333333333333333,0.0,0.032638888888888884,0.3517361111111111,6.0
0.0,0.0,0.0,0.0,0.0,0.0,0.0,0.0,0.0,0.0,0.0,0.0,0.0,0.002777777777777778,0.002777777777777778,0.002777777777777778,0.010416666666666666,0.0,0.0,0.0,0.002777777777777778,0.0,0.0,0.0,0.0,0.0,0.0,0.002777777777777778,0.0,0.0,0.005555555555555556,0.0,0.002777777777777778,0.0,0.0,0.0,0.0,0.0,0.0,0.0,0.0,0.002777777777777778,0.0,0.0,0.0,0.0,0.0,0.0,0.005555555555555556,0.0,0.0,0.002777777777777778,0.008333333333333333,0.011111111111111112,0.005555555555555556,0.041666666666666664,0.002777777777777778,0.002777777777777778,0.16319444444444445,0.0,0.0,0.0,0.0,0.010416666666666666,0.0,0.024305555555555552,0.18611111111111112,7.0
0.0,0.0,0.0,0.0,0.0,0.0,0.0,0.0,0.0,0.0,0.0023148148148148147,0.004629629629629629,0.020833333333333332,0.0,0.0,0.0,0.0,0.0,0.0,0.0023148148148148147,0.0,0.0,0.0,0.0,0.0,0.0,0.0,0.0,0.0,0.0,0.0023148148148148147,0.0023148148148148147,0.0,0.020833333333333332,0.049999999999999996,0.0,0.004629629629629629,0.0,0.0,0.0,0.0,0.004629629629629629,0.006944444444444444,0.1125,0.0,0.0,0.0,0.0,0.0023148148148148147,0.0,0.0,0.0023148148148148147,0.0023148148148148147,0.009259259259259259,0.0,0.0,0.0,0.0,0.07638888888888888,0.0,0.0,0.0,0.0023148148148148147,0.0,0.0023148148148148147,0.04398148148148148,0.37453703703703706,8.0
0.0,0.0,0.0,0.0,0.0,0.0,0.0,0.0,0.0032051282051282055,0.0032051282051282055,0.0,0.010416666666666666,0.0,0.0,0.0,0.0032051282051282055,0.0,0.0,0.0,0.006410256410256411,0.0032051282051282055,0.0,0.0,0.0,0.0,0.0,0.0032051282051282055,0.0,0.0,0.0,0.0,0.0,0.0,0.0,0.0,0.0,0.0,0.0,0.0,0.0,0.0,0.0,0.009615384615384616,0.005208333333333333,0.0,0.0,0.0,0.0,0.0,0.0,0.0,0.0,0.0,0.0,0.0032051282051282055,0.0,0.0,0.0032051282051282055,0.07836538461538461,0.0,0.0,0.0,0.0,0.0,0.0032051282051282055,0.0483974358974359,0.3159455128205128,9.0
0.0,0.0,0.0,0.0,0.0,0.001893939393939394,0.001893939393939394,0.001893939393939394,0.0,0.0,0.0,0.005208333333333333,0.0,0.0,0.0,0.0,0.013888888888888888,0.0,0.0,0.005681818181818181,0.0,0.0,0.0,0.0,0.0,0.0,0.0,0.0,0.0,0.0,0.0,0.0,0.001893939393939394,0.0,0.0,0.0,0.001893939393939394,0.0,0.0,0.0,0.0,0.005681818181818181,0.001893939393939394,0.0,0.0,0.0,0.0,0.0,0.001893939393939394,0.0,0.0,0.003787878787878788,0.0,0.014678030303030304,0.003787878787878788,0.001893939393939394,0.003787878787878788,0.005681818181818181,0.1141098484848485,0.0,0.0,0.0,0.0,0.05555555555555555,0.001893939393939394,0.02509469696969697,0.3926767676767677,10.0
0.0,0.0,0.0,0.0,0.0032051282051282055,0.0,0.0,0.0,0.0,0.0,0.0,0.0032051282051282055,0.0,0.0,0.0,0.0,0.0,0.0,0.0,0.0,0.0,0.0,0.0,0.0,0.0,0.0,0.0,0.0,0.0,0.0,0.0032051282051282055,0.0,0.0,0.0,0.0,0.0,0.0,0.0,0.0,0.0,0.0,0.0,0.006410256410256411,0.0,0.0,0.0,0.0,0.0,0.0032051282051282055,0.009615384615384616,0.0,0.0,0.012820512820512822,0.006410256410256411,0.0,0.0032051282051282055,0.0,0.0,0.07211538461538462,0.0,0.0,0.0,0.0,0.0,0.0,0.08600427350427352,0.37393162393162394,11.0
0.0,0.0,0.0032051282051282055,0.0032051282051282055,0.0,0.0,0.0,0.0,0.0,0.0,0.0,0.0,0.0,0.0,0.0,0.0,0.0,0.0,0.0,0.009615384615384616,0.0,0.0,0.0,0.0,0.0,0.0,0.0032051282051282055,0.0,0.0,0.0032051282051282055,0.0,0.0,0.0,0.0,0.0,0.0,0.0,0.0,0.0,0.0,0.0,0.009615384615384616,0.0,0.0,0.0,0.0,0.0,0.0,0.0032051282051282055,0.0,0.0,0.0,0.0,0.012820512820512822,0.0,0.011538461538461539,0.0032051282051282055,0.0032051282051282055,0.11153846153846154,0.0,0.0,0.0,0.0,0.0,0.0,0.048931623931623924,0.35683760683760685,12.0
0.041666666666666664,0.041666666666666664,0.0,0.0,0.0,0.0,0.0,0.0,0.0,0.0,0.0,0.0,0.0,0.0,0.0,0.0,0.0,0.0,0.0,0.0,0.0,0.0,0.0,0.0,0.0,0.0,0.0,0.0,0.0,0.0,0.0,0.0,0.0,0.0,0.0,0.0,0.041666666666666664,0.0,0.0,0.0,0.0,0.0,0.0,0.0,0.0,0.0,0.0,0.0,0.0,0.0,0.0,0.0,0.0,0.0,0.016666666666666666,0.008333333333333333,0.008333333333333333,0.008333333333333333,0.036904761904761905,0.0,0.0,0.0,0.0,0.026785714285714284,0.0,0.07827380952380952,0.3580357142857143,13.0
