eos,osg,ssg,ses,sos,igs,gih,osh,jii,gei,ohs,iii,ggg,cig,ggs,isi,ise,oog,isg,ssi,ish,gsj,sgg,gii,gsg,iis,scs,sgs,sis,gis,ess,jss,hss,oss,css,iss,gss,sss,TimeFactor
0.0,0.0,0.0,0.0,0.0,0.0,0.0,0.0,0.0,0.0,0.0,0.0,0.0,0.0,0.0,0.0,0.0,0.0014619883040935672,0.0014619883040935672,0.0015432098765432098,0.0016025641025641027,0.0016025641025641027,0.0017730496453900709,0.0022522522522522522,0.0030864197530864196,0.0032051282051282055,0.003795462128795462,0.004697026253577205,0.006800660309432239,0.007872244714349977,0.011612878190892373,0.028837856232433887,0.031382430680209704,0.05338633807745417,0.1188829845381072,0.1632560635851482,0.25645987882363397,0.2950270119202502,1.0
0.0,0.0,0.0,0.0,0.0,0.0,0.0,0.0,0.0,0.0014124293785310734,0.0014124293785310734,0.001937984496124031,0.001937984496124031,0.0020833333333333333,0.0020833333333333333,0.0023809523809523807,0.0023809523809523807,0.0,0.0020833333333333333,0.0,0.0,0.0,0.0,0.0,0.0023809523809523807,0.001937984496124031,0.0,0.001937984496124031,0.0014124293785310734,0.004318936877076411,0.01332245937301639,0.024854651162790693,0.02977990503211624,0.033648889483481464,0.11311959913024004,0.14320744547645564,0.29353061745446785,0.3188354127474088,2.0
0.0,0.0,0.0,0.0,0.0,0.0,0.0026881720430107525,0.004166666666666667,0.004166666666666667,0.0,0.0,0.0,0.004166666666666667,0.0,0.0067708333333333336,0.0,0.0,0.0,0.0,0.0,0.0,0.0,0.0,0.0,0.0,0.0,0.0026041666666666665,0.01158008658008658,0.016053391053391052,0.0,0.021840912969945225,0.018478515958354667,0.015556268328445748,0.02567531594749337,0.13975015613120448,0.1684334706512126,0.22519227897252092,0.3328764313643346,3.0
0.0,0.0,0.0,0.0,0.0,0.005952380952380952,0.0,0.0,0.0,0.0,0.0,0.0,0.0,0.0,0.0030864197530864196,0.0,0.0,0.0,0.006410256410256411,0.0,0.0,0.0,0.0,0.0,0.0,0.0,0.0,0.006410256410256411,0.0,0.0,0.022321428571428572,0.040250644417311084,0.03720238095238095,0.018315018315018316,0.1067697734364401,0.10590913715913715,0.17487874779541446,0.22249355582688915,4.0
0.0,0.0,0.0,0.0026881720430107525,0.0026881720430107525,0.0,0.0,0.0,0.0,0.0,0.0,0.0,0.0,0.0,0.004166666666666667,0.0,0.0,0.0,0.0,0.0,0.0,0.0026041666666666665,0.005952380952380952,0.0,0.0,0.0,0.0,0.0,0.0,0.0,0.004166666666666667,0.08677849927849927,0.005208333333333333,0.007980510752688172,0.07897727272727272,0.058184523809523804,0.15896239177489177,0.33164224328538844,5.0
0.0,0.0,0.004901960784313725,0.0,0.0,0.0,0.0,0.0,0.0,0.0,0.0,0.0,0.0,0.0,0.08333333333333333,0.0,0.0,0.0,0.0,0.0,0.0,0.0,0.0,0.0,0.0,0.0,0.0,0.0030864197530864196,0.0,0.0,0.021052631578947368,0.022566939233605903,0.03778193257359924,0.023809523809523808,0.05050381263616558,0.10408271018436137,0.07232681629611454,0.32655391981694865,6.0
0.0,0.0,0.0,0.0,0.0,0.0,0.0,0.0,0.0,0.0,0.0,0.0,0.0,0.0,0.0,0.0,0.0,0.0,0.0,0.0,0.0,0.0,0.0,0.0,0.0,0.0,0.0,0.004166666666666667,0.0,0.0,0.043859649122807015,0.018859649122807017,0.04662698412698413,0.07163742690058479,0.04187552213868003,0.05567517278043593,0.11207089693931799,0.43856136553504976,7.0
0.0,0.0,0.0,0.0,0.0,0.0,0.0,0.0,0.0,0.0,0.0,0.0,0.0,0.0,0.005952380952380952,0.0,0.0,0.0,0.0,0.0,0.0,0.0,0.0,0.0,0.005952380952380952,0.010416666666666666,0.0,0.02857142857142857,0.0,0.0,0.0,0.03930659983291562,0.010338345864661654,0.01589390142021721,0.05858570036201614,0.05012009189640768,0.16066555277081593,0.4475302840434419,8.0
0.0,0.005952380952380952,0.009259259259259259,0.0,0.0,0.0,0.0,0.0,0.0,0.0,0.0,0.0,0.0,0.0,0.0,0.0,0.0,0.0,0.0,0.0,0.0,0.0,0.0,0.0,0.0,0.0,0.0,0.0,0.0,0.0,0.005208333333333333,0.02372685185185185,0.005952380952380952,0.020833333333333332,0.07827380952380952,0.10353835978835979,0.09656084656084656,0.5673611111111111,9.0
0.020833333333333332,0.0,0.0,0.0,0.0,0.0,0.0,0.0,0.0,0.0,0.0,0.0,0.0,0.0,0.0,0.0,0.0,0.0,0.0,0.0,0.0,0.0,0.0,0.0,0.0,0.0,0.0,0.0,0.0,0.0,0.0,0.02546296296296296,0.0,0.041666666666666664,0.05952380952380953,0.031746031746031744,0.17294973544973544,0.3978174603174603,10.0
0.0,0.0,0.0,0.0,0.0,0.0,0.0,0.0,0.0,0.0,0.0,0.0,0.0,0.0,0.0,0.0,0.007575757575757576,0.0,0.0,0.0,0.0,0.0,0.0,0.0,0.0,0.0,0.0,0.0,0.0,0.0,0.0,0.011904761904761904,0.013986013986013986,0.08306970806970806,0.013888888888888888,0.031611362493715434,0.21657868275515335,0.5380514909926676,11.0
0.0,0.0,0.0,0.0,0.0,0.0,0.0,0.0,0.0,0.0,0.0,0.0,0.0,0.0,0.0,0.0,0.0,0.0,0.0,0.0,0.0,0.0,0.0,0.0,0.007575757575757576,0.0,0.0,0.006944444444444444,0.007575757575757576,0.0,0.011904761904761904,0.0,0.0,0.013131313131313133,0.029040404040404044,0.1244047619047619,0.07705627705627704,0.5556998556998557,12.0
0.0,0.0,0.0,0.0,0.0,0.0,0.0,0.0,0.0,0.0,0.0,0.0,0.0,0.0,0.0,0.0,0.0,0.0,0.0,0.0,0.0,0.0,0.0,0.0,0.0,0.0,0.0,0.0,0.0,0.0,0.004901960784313725,0.0,0.0,0.035515873015873015,0.0375,0.05847338935574229,0.22772750125691302,0.4692146089204913,13.0
