ggg,gsh,isg,ssg,gsj,ssh,sjj,jsc,ihs,jhs,shi,sos,gse,ses,ish,iis,jjs,gsc,hsi,scc,isi,ocs,jgs,ihi,his,cci,cis,gsi,hcs,shs,ess,jcs,sis,ssi,csi,sii,oss,sjs,sse,see,jss,sgg,gsg,ggs,sgs,scs,hss,gis,iss,css,gss,sss,TimeFactor
0.0,0.0,0.0,0.0,0.0,0.0,0.0,0.0,0.0,0.0,0.0,0.0,0.0,0.0,0.0,0.0,0.0,0.0,0.0,0.0,0.0,0.0,0.0,0.0,0.0,0.0,0.0,0.0,0.0,0.0,0.0,0.0,0.0,0.0,0.0,0.0,0.0,0.0,0.0,0.0,0.0,0.0032051282051282055,0.0032051282051282055,0.0032051282051282055,0.0032051282051282055,0.013888888888888888,0.020833333333333332,0.020833333333333332,0.0515491452991453,0.10069444444444443,0.1201923076923077,0.49252136752136755,1.0
0.0,0.0,0.0,0.0,0.0,0.0,0.0,0.0,0.0,0.0,0.0,0.0,0.0,0.0,0.0,0.0,0.0,0.0,0.0,0.0,0.0,0.0,0.0,0.0,0.0,0.0,0.0,0.0,0.0,0.0,0.0,0.0,0.0,0.0,0.0,0.0,0.0,0.005952380952380952,0.013888888888888888,0.013888888888888888,0.05357142857142857,0.0,0.0,0.0,0.01984126984126984,0.0,0.0,0.0,0.05178571428571429,0.049999999999999996,0.0744047619047619,0.5499999999999999,2.0
0.0,0.0,0.0,0.0,0.0,0.0,0.0,0.0,0.0,0.0,0.0,0.0,0.0,0.0,0.0,0.0,0.0,0.0,0.0,0.0,0.0,0.0,0.0,0.0,0.0,0.0,0.0,0.0,0.0,0.0,0.0,0.0,0.0,0.0,0.005952380952380952,0.005952380952380952,0.005952380952380952,0.006944444444444444,0.0,0.0,0.027777777777777776,0.0,0.0,0.0,0.020833333333333332,0.0,0.0,0.01984126984126984,0.0744047619047619,0.005952380952380952,0.12003968253968252,0.5396825396825397,3.0
0.0,0.0,0.0,0.0,0.0,0.0,0.0,0.0,0.0,0.0,0.0,0.0,0.0,0.0,0.0,0.0,0.0,0.0,0.0,0.0,0.0,0.0,0.0,0.0,0.0,0.0,0.0,0.0,0.0,0.0,0.005208333333333333,0.005952380952380952,0.005952380952380952,0.010416666666666666,0.0,0.005208333333333333,0.005952380952380952,0.0,0.0,0.0,0.0,0.0,0.0,0.0,0.03472222222222222,0.0,0.0587797619047619,0.0,0.09598214285714285,0.011904761904761904,0.1550099206349206,0.6049107142857143,4.0
0.0,0.0,0.0,0.0,0.0,0.0,0.0,0.0,0.0,0.0,0.0,0.0,0.0,0.0,0.0,0.0,0.0,0.0,0.0,0.0,0.0,0.0,0.0,0.003787878787878788,0.003787878787878788,0.003787878787878788,0.003787878787878788,0.003787878787878788,0.013888888888888888,0.013888888888888888,0.0,0.0,0.003787878787878788,0.0,0.0,0.0,0.013888888888888888,0.0,0.0,0.0,0.013888888888888888,0.0,0.0,0.0,0.041666666666666664,0.0,0.013888888888888888,0.0,0.08396464646464646,0.03156565656565657,0.10227272727272728,0.31502525252525254,5.0
0.0,0.0,0.0,0.0,0.0,0.0,0.0,0.0,0.0,0.0,0.0,0.0,0.0,0.0,0.0,0.0,0.0,0.0,0.0,0.0,0.0,0.010416666666666666,0.013888888888888888,0.0,0.0,0.0,0.0,0.0,0.0,0.0,0.0,0.0,0.0,0.0,0.0,0.0,0.014583333333333332,0.0,0.0,0.0,0.08333333333333333,0.0,0.0,0.0,0.013888888888888888,0.0,0.013888888888888888,0.0,0.07916666666666666,0.05625,0.09305555555555556,0.5381944444444444,6.0
0.0,0.0,0.0,0.0,0.0,0.0,0.0,0.0,0.0,0.0,0.0,0.0,0.0,0.0,0.0,0.0,0.0,0.002777777777777778,0.002777777777777778,0.002777777777777778,0.002777777777777778,0.0,0.041666666666666664,0.0,0.0,0.0,0.0,0.0,0.0,0.0,0.0,0.0,0.06527777777777778,0.0,0.0,0.002777777777777778,0.0,0.0,0.0,0.0,0.0,0.0,0.002777777777777778,0.002777777777777778,0.0,0.0,0.0,0.0,0.16458333333333333,0.041666666666666664,0.061111111111111116,0.5229166666666667,7.0
0.0,0.0,0.0,0.0,0.0,0.0,0.0,0.0,0.0,0.0,0.0,0.0,0.002777777777777778,0.002777777777777778,0.002777777777777778,0.002777777777777778,0.041666666666666664,0.0,0.0,0.0,0.002777777777777778,0.0,0.0,0.0,0.0,0.0,0.0,0.002777777777777778,0.0,0.0,0.0,0.0,0.002777777777777778,0.002777777777777778,0.0,0.005555555555555556,0.0,0.0,0.0,0.0,0.041666666666666664,0.0,0.0,0.0,0.041666666666666664,0.0,0.0,0.0,0.022222222222222223,0.002777777777777778,0.06944444444444443,0.25277777777777777,8.0
0.0,0.0,0.0,0.0,0.0,0.0,0.0,0.0,0.0,0.006944444444444444,0.006944444444444444,0.020833333333333332,0.0,0.0,0.006944444444444444,0.013888888888888888,0.0,0.0,0.0,0.0,0.0,0.0,0.041666666666666664,0.0,0.0,0.0,0.0,0.0,0.0,0.0,0.0,0.0,0.041666666666666664,0.0,0.0,0.0,0.020833333333333332,0.0,0.0,0.0,0.006944444444444444,0.0,0.0,0.0,0.013888888888888888,0.0,0.006944444444444444,0.0,0.09722222222222221,0.0,0.06944444444444443,0.14583333333333334,9.0
0.0,0.0,0.0,0.0,0.0,0.0,0.0,0.0,0.010416666666666666,0.0,0.0,0.0,0.0,0.0,0.0,0.0,0.0,0.0,0.0,0.0,0.0,0.0,0.013888888888888888,0.0,0.0,0.0,0.0,0.0,0.0,0.0,0.0,0.013888888888888888,0.020833333333333332,0.0,0.0,0.0,0.0,0.0,0.0,0.0,0.013888888888888888,0.0,0.0,0.0,0.0,0.0,0.03125,0.0,0.09513888888888888,0.013888888888888888,0.03263888888888889,0.42083333333333334,10.0
0.0,0.0,0.0,0.0,0.008333333333333333,0.008333333333333333,0.008333333333333333,0.008333333333333333,0.0,0.0,0.0,0.0,0.0,0.0,0.0,0.0,0.0,0.0,0.0,0.0,0.0,0.0,0.041666666666666664,0.0,0.0,0.0,0.0,0.0,0.0,0.008333333333333333,0.0,0.0,0.0,0.0,0.008333333333333333,0.008333333333333333,0.0,0.0,0.0,0.0,0.0,0.0,0.0,0.008333333333333333,0.0,0.008333333333333333,0.020833333333333332,0.0,0.049999999999999996,0.03472222222222222,0.05833333333333333,0.38611111111111107,11.0
0.0,0.0,0.0,0.01984126984126984,0.0,0.0,0.0,0.005952380952380952,0.0,0.0,0.0,0.0,0.0,0.0,0.0,0.0,0.0,0.0,0.0,0.005952380952380952,0.0,0.0,0.0,0.0,0.0,0.0,0.0,0.0,0.0,0.0,0.020833333333333332,0.0,0.0,0.0,0.0,0.0,0.0,0.0,0.0,0.0,0.0,0.01984126984126984,0.0,0.005952380952380952,0.0,0.0,0.0625,0.0,0.11011904761904762,0.020833333333333332,0.05257936507936508,0.5089285714285715,12.0
0.003472222222222222,0.003472222222222222,0.006944444444444444,0.0,0.0,0.0,0.0,0.0,0.0,0.0,0.0,0.0,0.0,0.0,0.0,0.0,0.0,0.0,0.0,0.0,0.0,0.0,0.003472222222222222,0.0,0.0,0.0,0.0,0.0,0.0,0.0,0.0,0.003472222222222222,0.0,0.0,0.0,0.0,0.005952380952380952,0.0,0.0,0.0,0.041666666666666664,0.006944444444444444,0.0,0.006944444444444444,0.013888888888888888,0.041666666666666664,0.005952380952380952,0.0,0.09722222222222221,0.04513888888888889,0.11954365079365077,0.4275793650793651,13.0
