coi,ois,ssg,soo,sis,ics,csi,ess,ssh,shs,hss,jgs,sgs,sos,sso,oss,gss,ssi,sii,jss,iss,css,sss,TimeFactor
0.0,0.0,0.0,0.0,0.0,0.0,0.0,0.0,0.0,0.0,0.0,0.0,0.005555555555555556,0.013888888888888888,0.013888888888888888,0.013888888888888888,0.016666666666666666,0.027777777777777776,0.027777777777777776,0.027777777777777776,0.03333333333333333,0.041666666666666664,0.4444444444444444,1.0
0.0,0.0,0.0,0.0,0.0,0.0,0.0,0.0,0.0,0.0,0.0,0.013888888888888888,0.0,0.0,0.0,0.0,0.0625,0.0,0.0,0.0,0.027777777777777776,0.06481481481481481,0.41435185185185186,2.0
0.0,0.0,0.0,0.0,0.0,0.0,0.0,0.0,0.0,0.0,0.0,0.0,0.013888888888888888,0.0,0.0,0.0,0.041666666666666664,0.0,0.0,0.06944444444444443,0.0,0.0,0.4583333333333333,3.0
0.0,0.0,0.0,0.0,0.0,0.0,0.0,0.0,0.0,0.0,0.009259259259259259,0.0,0.0,0.0,0.0,0.009259259259259259,0.05555555555555555,0.0,0.0,0.041666666666666664,0.0,0.018518518518518517,0.5324074074074073,4.0
0.0,0.0,0.0,0.0,0.0,0.0,0.0,0.0,0.006944444444444444,0.006944444444444444,0.006944444444444444,0.0,0.0,0.0,0.0,0.0,0.125,0.0,0.0,0.048611111111111105,0.009259259259259259,0.006944444444444444,0.7893518518518517,5.0
0.0,0.0,0.0,0.0,0.0,0.013888888888888888,0.013888888888888888,0.027777777777777776,0.0,0.0,0.0,0.0,0.0,0.0,0.0,0.0,0.060185185185185175,0.0,0.013888888888888888,0.048611111111111105,0.0,0.0,0.6550925925925927,6.0
0.0,0.0,0.0,0.0,0.0,0.0,0.0,0.009259259259259259,0.0,0.0,0.0,0.0,0.0,0.0,0.0,0.0,0.0625,0.0,0.0,0.041666666666666664,0.0,0.0,0.6365740740740741,7.0
0.0,0.0,0.0,0.0,0.009259259259259259,0.0,0.009259259259259259,0.0,0.0,0.0,0.006944444444444444,0.0,0.0,0.0,0.0,0.0,0.048611111111111105,0.0,0.0,0.013888888888888888,0.030092592592592587,0.0,0.46527777777777773,8.0
0.0,0.0,0.006944444444444444,0.009259259259259259,0.0,0.0,0.0,0.0,0.0,0.0,0.009259259259259259,0.0,0.006944444444444444,0.0,0.009259259259259259,0.0,0.09027777777777778,0.006944444444444444,0.006944444444444444,0.048611111111111105,0.027777777777777776,0.0,0.5277777777777778,9.0
0.002777777777777778,0.002777777777777778,0.0,0.0,0.0,0.0,0.0,0.0,0.0,0.0,0.0,0.0,0.0,0.0,0.0,0.0,0.06527777777777778,0.0,0.0,0.013888888888888888,0.024999999999999998,0.009259259259259259,0.3810185185185185,10.0
0.0,0.0,0.0,0.0,0.0,0.0,0.0,0.009259259259259259,0.0,0.0,0.004629629629629629,0.0,0.0,0.0,0.0,0.0,0.004629629629629629,0.0,0.0,0.041666666666666664,0.009259259259259259,0.032407407407407406,0.5648148148148149,11.0
0.0,0.0,0.0,0.0,0.0,0.0,0.0,0.0,0.0,0.0,0.0,0.0,0.0,0.0,0.0,0.0,0.02314814814814815,0.0,0.0,0.009259259259259259,0.018518518518518517,0.004629629629629629,0.5277777777777778,12.0
0.0,0.0,0.0,0.0,0.0,0.0,0.0,0.0,0.0,0.0,0.027777777777777776,0.0,0.0,0.0,0.0,0.0,0.041666666666666664,0.0,0.0,0.0,0.012499999999999999,0.027777777777777776,0.6402777777777778,13.0
