os,hs,si,sg,js,cg,is,cs,gs,ss,TimeFactor
0.0,0.0,0.0,0.0,0.0,0.005208333333333333,0.01736111111111111,0.029513888888888885,0.046875,0.484375,1.0
0.0,0.0,0.0,0.0,0.006944444444444444,0.0,0.01736111111111111,0.006944444444444444,0.024305555555555552,0.4444444444444444,2.0
0.0,0.0,0.0,0.010416666666666666,0.013888888888888888,0.0,0.027777777777777776,0.0,0.027777777777777776,0.5868055555555555,3.0
0.0,0.0,0.004166666666666667,0.0,0.04583333333333334,0.0,0.013541666666666667,0.01736111111111111,0.013541666666666667,0.5722222222222222,4.0
0.0,0.0,0.0,0.0,0.020833333333333332,0.0,0.010416666666666666,0.0,0.010416666666666666,0.375,5.0
0.0,0.004166666666666667,0.0,0.0,0.010416666666666666,0.0,0.0,0.0,0.004166666666666667,0.3979166666666667,6.0
0.0,0.0,0.0,0.0,0.020833333333333332,0.0,0.006944444444444444,0.006944444444444444,0.0,0.5486111111111112,7.0
0.0,0.0,0.0,0.0,0.022817460317460316,0.0,0.002976190476190476,0.0,0.005952380952380952,0.5515873015873015,8.0
0.010416666666666666,0.0,0.0,0.0,0.005208333333333333,0.0,0.020833333333333332,0.0,0.0,0.4635416666666667,9.0
0.010416666666666666,0.0,0.006944444444444444,0.0,0.006944444444444444,0.0,0.006944444444444444,0.005208333333333333,0.015625,0.3645833333333333,10.0
0.03125,0.0,0.0,0.0,0.010416666666666666,0.0,0.0,0.010416666666666666,0.020833333333333332,0.59375,11.0
0.0,0.0,0.0,0.0,0.0,0.0,0.0,0.0,0.041666666666666664,0.5416666666666666,12.0
0.03125,0.0,0.0,0.0,0.027777777777777776,0.0,0.0,0.010416666666666666,0.010416666666666666,0.5868055555555556,13.0
