ssj,shs,igc,jgs,ghi,ggi,sgg,hig,isg,ggg,gig,sig,ssi,ssg,sce,gsg,igi,osi,sgs,iis,sis,scs,ggs,ess,oss,hss,jss,css,iss,gss,sss,TimeFactor
0.0,0.0,0.0,0.0,0.0,0.0,0.0,0.0,0.0,0.0,0.0,0.0,0.0,0.0,0.0,0.0,0.0,0.0,0.001572327044025157,0.0020325203252032522,0.0020325203252032522,0.0021367521367521365,0.0021367521367521365,0.005050505050505051,0.006141328795791039,0.03541101123620518,0.03661072664764215,0.053613494898326626,0.10062597279897756,0.21105182025930846,0.5415842683453079,1.0
0.0,0.0,0.0,0.0,0.0,0.0,0.0,0.0,0.0,0.0,0.0,0.0,0.0,0.0,0.0010288065843621398,0.0010288065843621398,0.0014124293785310734,0.0017006802721088435,0.004430167128579827,0.0,0.0017006802721088435,0.0,0.0,0.010490543735224586,0.0010288065843621398,0.009963621296921592,0.026711626552797196,0.08628242549695157,0.14522497012001676,0.24578004776041076,0.4632163882332625,2.0
0.0,0.0,0.0,0.0,0.0,0.0,0.0,0.0,0.0,0.001141552511415525,0.001141552511415525,0.001141552511415525,0.0020325203252032522,0.0026881720430107525,0.0,0.0,0.0,0.0,0.0026881720430107525,0.0,0.0,0.0,0.0,0.00980392156862745,0.005068012230558171,0.007938813753831403,0.05228878927008317,0.04597709303255607,0.05169233093538276,0.17897538242767885,0.6374221348358108,3.0
0.0,0.0,0.0,0.0,0.0,0.0,0.0,0.0010162601626016261,0.0018115942028985507,0.0,0.0,0.0010162601626016261,0.0,0.0,0.0,0.0,0.0,0.0,0.0032051282051282055,0.0,0.0,0.0,0.0,0.0018115942028985507,0.0,0.0228297473991364,0.06390405664330252,0.04269430293737844,0.06713307547361798,0.21010223517025886,0.5844757454401771,4.0
0.0,0.0,0.0,0.0,0.0012077294685990338,0.0021929824561403508,0.0021929824561403508,0.0,0.0,0.0,0.0021929824561403508,0.0,0.0,0.0,0.0,0.0,0.0021929824561403508,0.0,0.007407407407407407,0.0,0.0,0.0,0.0021929824561403508,0.027555315055315055,0.005952380952380952,0.013930976430976431,0.08846168451431609,0.024419634945950734,0.09293680512215981,0.1224841033193436,0.6046790505028491,5.0
0.0,0.0,0.001893939393939394,0.005208333333333333,0.0,0.0,0.0,0.0,0.0,0.0,0.0018115942028985507,0.0,0.0,0.0,0.0,0.0,0.0,0.0,0.004901960784313725,0.0,0.0,0.0,0.0,0.013047138047138048,0.004166666666666667,0.0,0.04746110400682011,0.043884174223048904,0.06197261606559248,0.13478616794950096,0.5975329719934145,6.0
0.0015151515151515152,0.005555555555555556,0.0,0.0,0.0,0.0,0.0,0.0,0.0,0.0,0.0,0.0014367816091954023,0.0,0.0,0.0,0.0,0.0,0.0,0.004166666666666667,0.0,0.0,0.0,0.0,0.0,0.010960591133004925,0.006841817186644773,0.04483712140912952,0.03865041995024542,0.053443918745112194,0.16756020782106917,0.6650317684082249,7.0
0.0,0.0,0.0,0.0,0.0,0.0,0.0,0.0,0.0,0.0,0.0,0.0,0.0025252525252525255,0.0,0.0,0.0,0.0,0.0,0.0025252525252525255,0.0,0.0030864197530864196,0.0,0.0,0.013888888888888888,0.00946969696969697,0.018939393939393936,0.07266032578532579,0.02994227994227994,0.07647428736138413,0.12656831420272277,0.643919888106716,8.0
0.0,0.0,0.0,0.004901960784313725,0.0,0.0,0.0,0.0,0.0,0.0,0.0,0.0,0.0,0.0,0.0,0.0,0.0,0.0,0.0,0.0,0.0,0.0,0.0,0.006538461538461539,0.005208333333333333,0.02379663986806844,0.06218397207367796,0.0808582144979204,0.049399455003446606,0.08641319289953743,0.5973664366679072,9.0
0.0,0.0,0.0,0.0,0.0,0.0,0.0,0.0,0.0,0.0,0.0,0.0,0.0,0.0,0.0,0.0,0.0,0.0,0.0,0.0,0.0,0.0,0.0,0.0032051282051282055,0.0,0.005208333333333333,0.08964013040099995,0.015151515151515152,0.022035256410256412,0.1098521798250059,0.504907456673761,10.0
0.0,0.0,0.0,0.0,0.0,0.0,0.0,0.0,0.0,0.0,0.0,0.0,0.0,0.0,0.0,0.0,0.0,0.0,0.0,0.0,0.0,0.0,0.0,0.0,0.004629629629629629,0.010137666992505701,0.13183738304706047,0.03998316498316498,0.024326599326599325,0.06284620397523623,0.5595726853791371,11.0
0.0,0.0,0.0,0.0,0.0,0.0,0.0,0.0,0.0,0.0,0.0,0.0,0.0,0.0,0.0,0.0,0.0,0.0,0.0,0.0,0.0,0.0,0.0,0.0,0.025793650793650796,0.008333333333333333,0.09802903035661657,0.03065134099616858,0.05704022988505747,0.07023467432950191,0.5432510736390047,12.0
0.0,0.0,0.0,0.0,0.0,0.0,0.0,0.0,0.0,0.0,0.0,0.0,0.0,0.0015432098765432098,0.0,0.0,0.0,0.0,0.0030864197530864196,0.0,0.003472222222222222,0.0,0.0,0.0,0.02029320987654321,0.0030864197530864196,0.028169091710758376,0.014263668430335096,0.053904385828405434,0.1944081336238199,0.5944399055918664,13.0
