jo,sh,jh,oi,ii,sc,eg,so,sj,jg,cc,cg,ig,sg,ih,gi,gg,os,si,es,hs,cs,js,gs,is,ss,TimeFactor
0.0,0.0,0.0,0.0,0.0,0.0,0.0,0.0,0.0,0.0,0.0,0.0,0.0,0.0015453296703296703,0.0024509803921568627,0.0024509803921568627,0.0031478937728937734,0.007679820179820179,0.009147408963585435,0.015513149704326176,0.019169021485197956,0.027915775673128616,0.040418543543543545,0.09014681334534275,0.09353109775903894,0.6868831851184792,1.0
0.0,0.0,0.0,0.0,0.0,0.0,0.0,0.0,0.0,0.0,0.00041254125412541255,0.0008169934640522876,0.0008250825082508251,0.0036805151103345628,0.0,0.00041254125412541255,0.0008250825082508251,0.0119569880926899,0.0012295347181777003,0.005456349206349205,0.0064835216553329545,0.0410724479849407,0.04298614385248048,0.09111877641653414,0.184857216598626,0.6078662653757295,2.0
0.0,0.0,0.0,0.0,0.00034153005464480874,0.00034153005464480874,0.0005630630630630631,0.0005630630630630631,0.0012626262626262627,0.0032051282051282055,0.0,0.0,0.00034153005464480874,0.0021672193803341346,0.0,0.0,0.0006830601092896175,0.0005630630630630631,0.0005630630630630631,0.007285974499089253,0.03848072550941403,0.04610346977150256,0.056619171332286077,0.08961206556915331,0.10215841896410845,0.6491452979808813,3.0
0.0,0.0,0.0,0.005208333333333333,0.0,0.0,0.0,0.0,0.0,0.0,0.0,0.0,0.0,0.002243589743589744,0.0,0.0,0.0,0.008974358974358975,0.0,0.000641025641025641,0.02026862026862027,0.09505494505494505,0.04526862026862027,0.13801268176268175,0.08047022422022422,0.6038576007326008,4.0
0.0,0.0,0.0,0.0,0.0,0.0007062146892655367,0.0,0.0,0.0,0.0,0.0,0.0,0.0,0.0007062146892655367,0.0,0.0,0.0,0.005208333333333333,0.0007062146892655367,0.006658595641646489,0.03210948655863909,0.046132892531197615,0.04863879058794313,0.08189335382131992,0.06968263022288446,0.624223939901906,5.0
0.0,0.0,0.0024509803921568627,0.0,0.0,0.0,0.0,0.0,0.0,0.0,0.0,0.0,0.0,0.0,0.0,0.0,0.0,0.0024509803921568627,0.0,0.0,0.016353096794273266,0.05788593215063803,0.06101190476190477,0.08231870525988173,0.0906080765639589,0.520253657018363,6.0
0.0,0.0,0.0,0.0,0.0,0.0,0.0,0.0,0.0,0.0,0.0,0.0,0.0,0.0,0.0,0.0,0.0,0.027777777777777776,0.0,0.0,0.0,0.03148148148148148,0.14276094276094276,0.058038720538720535,0.08249158249158249,0.6574494949494949,7.0
0.0,0.0,0.0,0.0,0.0,0.0016025641025641027,0.0,0.013888888888888888,0.0,0.0,0.0,0.0,0.0,0.0023148148148148147,0.0,0.0,0.0,0.0023148148148148147,0.0,0.0,0.06267806267806268,0.05181623931623932,0.04807692307692307,0.056623931623931624,0.07692307692307693,0.6004273504273504,8.0
0.0012254901960784314,0.0032051282051282055,0.0,0.0,0.0,0.0,0.0,0.0,0.0,0.0,0.0,0.0,0.0,0.0,0.0,0.0,0.0,0.01511437908496732,0.004086921850079745,0.0,0.005312412046158176,0.1116759702286018,0.04613118864279855,0.050868081866533875,0.06282551942381663,0.6995549084558372,9.0
0.0,0.0,0.0,0.0,0.0,0.0,0.0,0.0,0.0,0.0,0.0,0.0,0.0,0.0,0.0,0.0,0.0,0.027083333333333334,0.0,0.0,0.011160714285714286,0.05213293650793651,0.046502976190476185,0.09350198412698413,0.09188988095238095,0.6777281746031746,10.0
0.0,0.0,0.0,0.0,0.0,0.0,0.0,0.0,0.0,0.0,0.0,0.0,0.0,0.0,0.0,0.0,0.0,0.03194444444444444,0.0,0.004166666666666667,0.020248538011695905,0.07361111111111111,0.11052631578947368,0.016885964912280702,0.06016081871345028,0.6824561403508772,11.0
0.0,0.0,0.0,0.0,0.0,0.0,0.0,0.0,0.0,0.0,0.0,0.0,0.0,0.013888888888888888,0.0,0.0,0.0,0.041666666666666664,0.010416666666666666,0.008333333333333333,0.012121212121212121,0.01532567049808429,0.09776936026936027,0.09393794264483918,0.08611981887843956,0.620420440032509,12.0
0.0,0.0,0.0,0.0,0.0,0.0,0.0,0.0,0.0,0.0,0.0,0.0,0.008333333333333333,0.0,0.0,0.008333333333333333,0.0,0.014467592592592593,0.0,0.008333333333333333,0.025514069264069263,0.08361742424242424,0.05676406926406926,0.06175895863395863,0.06159511784511784,0.6712827681577682,13.0
