co,oi,oo,ic,es,sh,hs,jg,sg,so,os,gs,ii,si,js,is,cs,ss,TimeFactor
0.0,0.0,0.0,0.0,0.0,0.0,0.0,0.0,0.004166666666666667,0.010416666666666666,0.010416666666666666,0.012499999999999999,0.020833333333333332,0.020833333333333332,0.020833333333333332,0.024999999999999998,0.03125,0.5104166666666666,1.0
0.0,0.0,0.0,0.0,0.0,0.0,0.0,0.010416666666666666,0.0,0.0,0.0,0.046875,0.0,0.0,0.0,0.020833333333333332,0.048611111111111105,0.45659722222222215,2.0
0.0,0.0,0.0,0.0,0.0,0.0,0.0,0.0,0.010416666666666666,0.0,0.0,0.03125,0.0,0.0,0.052083333333333336,0.0,0.0,0.4895833333333333,3.0
0.0,0.0,0.0,0.0,0.0,0.0,0.006944444444444444,0.0,0.0,0.0,0.006944444444444444,0.041666666666666664,0.0,0.0,0.03125,0.0,0.013888888888888888,0.5659722222222222,4.0
0.0,0.0,0.0,0.0,0.0,0.005208333333333333,0.005208333333333333,0.0,0.0,0.0,0.0,0.09375,0.0,0.0,0.036458333333333336,0.006944444444444444,0.005208333333333333,0.8472222222222223,5.0
0.0,0.0,0.0,0.010416666666666666,0.020833333333333332,0.0,0.0,0.0,0.0,0.0,0.0,0.04513888888888889,0.010416666666666666,0.010416666666666666,0.036458333333333336,0.0,0.010416666666666666,0.6892361111111112,6.0
0.0,0.0,0.0,0.0,0.006944444444444444,0.0,0.0,0.0,0.0,0.0,0.0,0.046875,0.0,0.0,0.03125,0.0,0.0,0.6649305555555556,7.0
0.0,0.0,0.0,0.0,0.0,0.0,0.005208333333333333,0.0,0.0,0.0,0.0,0.036458333333333336,0.0,0.006944444444444444,0.010416666666666666,0.022569444444444444,0.006944444444444444,0.4947916666666667,8.0
0.0,0.0,0.006944444444444444,0.0,0.0,0.0,0.006944444444444444,0.0,0.005208333333333333,0.006944444444444444,0.0,0.06770833333333333,0.005208333333333333,0.005208333333333333,0.036458333333333336,0.020833333333333332,0.0,0.5885416666666666,9.0
0.0020833333333333333,0.0020833333333333333,0.0,0.0,0.0,0.0,0.0,0.0,0.0,0.0,0.0,0.048958333333333326,0.0,0.0,0.010416666666666666,0.01875,0.006944444444444444,0.4107638888888889,10.0
0.0,0.0,0.0,0.0,0.006944444444444444,0.0,0.003472222222222222,0.0,0.0,0.0,0.0,0.003472222222222222,0.0,0.0,0.03125,0.006944444444444444,0.024305555555555556,0.5902777777777778,11.0
0.0,0.0,0.0,0.0,0.0,0.0,0.0,0.0,0.0,0.0,0.0,0.01736111111111111,0.0,0.0,0.006944444444444444,0.013888888888888888,0.003472222222222222,0.5416666666666666,12.0
0.0,0.0,0.0,0.0,0.0,0.0,0.020833333333333332,0.0,0.0,0.0,0.0,0.03125,0.0,0.0,0.0,0.009375,0.020833333333333332,0.6677083333333332,13.0
