oss,hss,isi,sis,sgs,ssg,jss,cgs,iss,css,gss,sss,TimeFactor
0.0,0.0,0.0,0.0,0.0,0.0,0.0,0.006944444444444444,0.02314814814814815,0.039351851851851846,0.0625,0.4513888888888889,1.0
0.0,0.0,0.0,0.0,0.0,0.0,0.009259259259259259,0.0,0.02314814814814815,0.009259259259259259,0.032407407407407406,0.425925925925926,2.0
0.0,0.0,0.0,0.0,0.013888888888888888,0.013888888888888888,0.018518518518518517,0.0,0.037037037037037035,0.0,0.037037037037037035,0.5462962962962963,3.0
0.0,0.0,0.005555555555555556,0.005555555555555556,0.0,0.0,0.06111111111111111,0.0,0.012499999999999999,0.02314814814814815,0.018055555555555557,0.5407407407407409,4.0
0.0,0.0,0.0,0.0,0.0,0.0,0.027777777777777776,0.0,0.013888888888888888,0.0,0.013888888888888888,0.3611111111111111,5.0
0.0,0.005555555555555556,0.0,0.0,0.0,0.0,0.013888888888888888,0.0,0.0,0.0,0.005555555555555556,0.39166666666666666,6.0
0.0,0.0,0.0,0.0,0.0,0.0,0.027777777777777776,0.0,0.009259259259259259,0.009259259259259259,0.0,0.5370370370370371,7.0
0.0,0.0,0.0,0.0,0.0,0.0,0.03042328042328042,0.0,0.003968253968253968,0.0,0.007936507936507936,0.541005291005291,8.0
0.013888888888888888,0.0,0.0,0.0,0.0,0.0,0.006944444444444444,0.0,0.027777777777777776,0.0,0.0,0.45138888888888884,9.0
0.013888888888888888,0.0,0.0,0.009259259259259259,0.0,0.0,0.009259259259259259,0.0,0.009259259259259259,0.006944444444444444,0.020833333333333332,0.34722222222222227,10.0
0.041666666666666664,0.0,0.0,0.0,0.0,0.0,0.013888888888888888,0.0,0.0,0.013888888888888888,0.027777777777777776,0.5694444444444445,11.0
0.0,0.0,0.0,0.0,0.0,0.0,0.0,0.0,0.0,0.0,0.05555555555555555,0.5277777777777778,12.0
0.041666666666666664,0.0,0.0,0.0,0.0,0.0,0.037037037037037035,0.0,0.0,0.013888888888888888,0.013888888888888888,0.5601851851851851,13.0
