eg,ce,co,ic,ei,oc,jj,jo,go,se,ho,ci,jc,ig,gc,es,so,sj,jg,gg,ji,cc,sh,gi,oi,sc,si,sg,cs,os,js,hs,is,ss,gs,TimeFactor
0.0,0.0,0.0,0.0,0.0,0.0,0.0,0.0,0.0,0.0,0.0,0.0,0.0,0.0,0.0010822510822510823,0.001388888888888889,0.001388888888888889,0.0018115942028985507,0.0021367521367521365,0.0021367521367521365,0.0022522522522522522,0.0027829313543599257,0.0028938452851496334,0.0032190032190032186,0.004589371980676328,0.005341821413249984,0.01354186843317278,0.014781646924504066,0.026110489425706818,0.033138251383593005,0.035982410982410985,0.04278639321341185,0.18995794529796176,0.22139467070276353,0.39128197079535226,1.0
0.0,0.0,0.0,0.0,0.0,0.0,0.0,0.0,0.0,0.0,0.0021367521367521365,0.0021367521367521365,0.0024509803921568627,0.002976190476190476,0.0,0.0,0.0024509803921568627,0.0017730496453900709,0.002976190476190476,0.004681135076358797,0.0017730496453900709,0.0,0.004787784679089027,0.0,0.003584643848288622,0.007074752097635393,0.008115013006317354,0.05473705699984926,0.03186234219740299,0.029664118837179367,0.01298714704511806,0.02403980597011741,0.1740974631663221,0.2403066328991804,0.30205482554282875,2.0
0.0,0.0,0.0,0.0,0.0,0.0,0.0,0.0016025641025641027,0.005390442890442891,0.013888888888888888,0.0,0.0,0.0,0.0,0.0,0.0,0.0016025641025641027,0.0,0.0,0.0,0.0,0.0,0.0,0.0,0.0,0.0032051282051282055,0.012803473329789117,0.006881881881881882,0.022666897666897667,0.01566951566951567,0.008012820512820514,0.010618158644474435,0.15039867342498922,0.1878172568962043,0.3927750671171724,3.0
0.0,0.0,0.0,0.0,0.0,0.0,0.0032051282051282055,0.0,0.020833333333333332,0.0,0.0,0.0,0.0,0.0011574074074074073,0.0,0.0,0.020833333333333332,0.0,0.05555555555555555,0.0,0.0,0.0,0.0,0.0,0.0,0.0016666666666666668,0.007314814814814815,0.01940883190883191,0.00551994301994302,0.019490740740740743,0.006700779727095516,0.010648148148148148,0.11470197930724246,0.3093240847846111,0.40363925304714776,4.0
0.0,0.0,0.0,0.0,0.009259259259259259,0.016666666666666666,0.0,0.0,0.0,0.0,0.0,0.0,0.0,0.0,0.016666666666666666,0.003935185185185185,0.0,0.0,0.0,0.0,0.0,0.0,0.011342592592592592,0.0,0.001851851851851852,0.0,0.0,0.0020833333333333333,0.013425925925925924,0.0026881720430107525,0.0,0.005555555555555556,0.28507385684805037,0.16019808298034102,0.3045861844248941,5.0
0.0,0.0,0.0,0.0,0.0,0.0,0.0,0.0,0.0,0.0,0.0,0.0,0.0024509803921568627,0.0,0.0,0.006944444444444444,0.0,0.0,0.016666666666666666,0.0,0.0,0.0,0.0,0.0,0.0,0.0,0.0026041666666666665,0.03117559523809524,0.03630514705882353,0.010825163398692812,0.0026041666666666665,0.06979166666666665,0.18779616013071895,0.22065972222222227,0.32884278711484594,6.0
0.0,0.0,0.0,0.0,0.0,0.0,0.0,0.0,0.0,0.0,0.0,0.0,0.0,0.0,0.008333333333333333,0.020803270803270803,0.0,0.0,0.0,0.0,0.0,0.0,0.005555555555555556,0.0,0.0,0.0,0.008333333333333333,0.005952380952380952,0.016975308641975308,0.015873015873015872,0.012125220458553791,0.022751322751322748,0.16700336700336696,0.17414622414622416,0.4588143338143338,7.0
0.0,0.0,0.0018115942028985507,0.005208333333333333,0.0,0.0,0.0,0.0,0.0,0.0,0.0,0.0,0.0,0.0,0.0,0.0,0.0018115942028985507,0.0,0.023809523809523808,0.0,0.0,0.0,0.0,0.0,0.0,0.0,0.0,0.018304649758454108,0.006227355072463768,0.0,0.0,0.018592677345537757,0.1931283144455341,0.23165391967236929,0.4161187048236534,8.0
0.0,0.0,0.0,0.010416666666666666,0.0,0.0,0.0,0.0,0.0,0.0,0.0,0.0,0.0,0.0,0.0,0.017676767676767676,0.013888888888888888,0.0,0.013888888888888888,0.0,0.0,0.0,0.0,0.0,0.0,0.010416666666666666,0.0,0.024166666666666666,0.024402680652680652,0.0,0.08712121212121211,0.06575369075369075,0.09511946386946386,0.25834498834498837,0.29547008547008546,9.0
0.0,0.0,0.0,0.0,0.0,0.0,0.0,0.0,0.0,0.0,0.0,0.0,0.0,0.0,0.0,0.0,0.0,0.0,0.0,0.0,0.0,0.0,0.0,0.0,0.0,0.008333333333333333,0.0,0.029166666666666664,0.014743589743589745,0.008333333333333333,0.029166666666666664,0.036111111111111115,0.2189102564102564,0.22772435897435894,0.42751068376068374,10.0
0.020833333333333332,0.027777777777777776,0.0,0.0,0.0,0.0,0.0,0.0,0.0,0.006410256410256411,0.0,0.0,0.0,0.0,0.0,0.03333333333333333,0.0,0.0,0.0,0.0,0.0,0.0,0.0,0.0,0.0,0.006410256410256411,0.0028735632183908046,0.013888888888888888,0.02602171136653895,0.0,0.019444444444444445,0.013354700854700854,0.146810836034974,0.16757785637095982,0.3485963748894783,11.0
0.0,0.0,0.0,0.0,0.0,0.0,0.0,0.0,0.0,0.0,0.0,0.0,0.0,0.0,0.0,0.0022522522522522522,0.0,0.0,0.0,0.0,0.0,0.0,0.0,0.0022522522522522522,0.0,0.020833333333333332,0.0,0.043918918918918914,0.008204633204633204,0.041666666666666664,0.0022522522522522522,0.05952380952380953,0.1152992277992278,0.21244101244101246,0.4913556413556413,12.0
0.0,0.0,0.0,0.0,0.0,0.0,0.008756038647342994,0.0,0.0,0.0,0.0,0.0,0.0,0.011904761904761904,0.0,0.04149413388543823,0.0,0.009259259259259259,0.009259259259259259,0.025793650793650796,0.0,0.0,0.0,0.0,0.0,0.0,0.009259259259259259,0.03273809523809524,0.01932367149758454,0.027777777777777776,0.0018115942028985507,0.0018115942028985507,0.14810501495284104,0.15287842190016102,0.4164941338854382,13.0
