ic,jj,eh,oo,ij,ce,ec,cc,ji,jg,hh,hi,eg,io,ee,ho,oe,ie,oc,eo,og,go,jo,ge,gc,hg,jc,co,sc,cg,se,oi,jh,ch,ih,ei,so,gh,sh,ii,ci,gg,ig,gi,sg,si,es,os,sj,hs,js,cs,is,gs,ss,TimeFactor
0.0,0.0,0.0,0.0,0.0,0.0,0.0,0.0,0.0,0.0,0.0,0.0,0.0,0.0,0.0,0.0,0.0,0.0,0.0,0.0,0.0,0.0,0.0,0.0,0.0,0.0,0.0,0.0,0.0,0.0,0.0,0.0,0.0008333333333333334,0.0013020833333333333,0.0013440860215053762,0.0013440860215053762,0.0013440860215053762,0.0013440860215053762,0.0014124293785310734,0.00217741935483871,0.0025345622119815666,0.004364406779661017,0.005002278111900856,0.005740776901247103,0.005752841218942914,0.006412465539037436,0.008335090308524843,0.008441529453181997,0.018705197132616484,0.02501168649358153,0.029444449103199665,0.07304893563613372,0.07552310145654105,0.10125205322473901,0.619329016942653,1.0
0.0,0.0,0.0,0.0,0.0,0.0,0.0,0.0,0.0,0.0,0.0,0.0,0.0,0.0,0.0,0.0,0.0,0.0,0.0,0.0,0.0,0.0,0.0005707762557077625,0.0005707762557077625,0.0005707762557077625,0.0005707762557077625,0.0007716049382716049,0.000992063492063492,0.00132835201328352,0.0013423811939793674,0.0013440860215053762,0.0014765733571570378,0.0,0.0005707762557077625,0.0,0.0,0.0005707762557077625,0.0011261261261261261,0.0023344446860428594,0.0005707762557077625,0.0,0.003040680780406808,0.0019148622772131388,0.0005707762557077625,0.009506640854047134,0.012684345304208318,0.014230964835803545,0.01331670438573474,0.0013440860215053762,0.012218524609893,0.019975952008424894,0.030565158167937773,0.0873966165590505,0.12470824114120505,0.6538153811804782,2.0
0.0,0.0,0.0,0.0,0.0,0.0,0.0,0.0,0.0,0.0,0.0,0.0,0.0,0.0,0.0,0.0,0.0,0.0,0.0,0.0,0.0005630630630630631,0.0011261261261261261,0.0,0.0,0.0,0.0005630630630630631,0.0,0.0,0.0005630630630630631,0.0,0.0,0.0005630630630630631,0.0,0.0,0.0,0.0,0.0012626262626262627,0.0,0.008333333333333333,0.0,0.0005630630630630631,0.007912742287742287,0.0011261261261261261,0.0014311186186186185,0.0052311380436380435,0.001579323225664689,0.003375592661306947,0.014981390809443806,0.0018843157181571816,0.015160617020092129,0.006626825823254395,0.038902693435295725,0.06551684005214688,0.1030096675577596,0.6363908742500192,3.0
0.0,0.0,0.0,0.0,0.0,0.0,0.0,0.0,0.0,0.0,0.0,0.0,0.0,0.0,0.0,0.0,0.0,0.0,0.0006613756613756613,0.0011261261261261261,0.0006613756613756613,0.0,0.0,0.0,0.0,0.0,0.0,0.0,0.0006613756613756613,0.0006613756613756613,0.0006613756613756613,0.0,0.0,0.0,0.0,0.0,0.002173091458805744,0.0,0.0006613756613756613,0.0006613756613756613,0.0,0.0011261261261261261,0.002173091458805744,0.003866503866503867,0.0037957986462969846,0.010362157683586254,0.01725960654532083,0.027973414549411223,0.0,0.018458546074825142,0.01614114114114114,0.06228441942727656,0.10726392749856206,0.05952072148085436,0.5785123649533949,4.0
0.0,0.0,0.0,0.0,0.0,0.0,0.0,0.0,0.0,0.0,0.0,0.0,0.0,0.0,0.0,0.0,0.0,0.0006720430107526881,0.0,0.0,0.0006720430107526881,0.0009689922480620155,0.0,0.0,0.0,0.0,0.0,0.0,0.0,0.0,0.0,0.0,0.0,0.0,0.0,0.0010683760683760683,0.0006720430107526881,0.0,0.0,0.0,0.0,0.0,0.0017404190791287565,0.005208333333333333,0.0009689922480620155,0.0,0.019957586278854095,0.04486745958051284,0.0010683760683760683,0.006586321454100899,0.004166666666666667,0.04748662398699907,0.06484865012387518,0.05964193584575242,0.6560718046523092,5.0
0.0,0.0,0.0,0.0,0.0,0.0,0.0,0.0,0.0,0.0,0.0,0.0,0.0,0.0,0.0,0.0011904761904761904,0.013888888888888888,0.0,0.0,0.0,0.00582010582010582,0.0,0.0,0.0,0.0,0.0,0.0,0.0,0.0010964912280701754,0.0010964912280701754,0.0011904761904761904,0.0,0.0,0.0,0.0,0.013888888888888888,0.0,0.0,0.0,0.0,0.0,0.0,0.0,0.0,0.0021929824561403508,0.004629629629629629,0.022840970594047844,0.07107485054482082,0.0,0.049383469313965915,0.0020833333333333333,0.08035117756308334,0.04179991028197735,0.05704148925180335,0.6304303685962218,6.0
0.0,0.0,0.0,0.0,0.0,0.0,0.0,0.0,0.0,0.0,0.0,0.0,0.0,0.0,0.0,0.0,0.0,0.0,0.0,0.0,0.0,0.0,0.0,0.0,0.0,0.0,0.0,0.0,0.005523989898989899,0.001388888888888889,0.0,0.003993055555555555,0.0,0.0,0.0,0.0,0.0,0.0,0.0,0.0,0.001388888888888889,0.001388888888888889,0.0,0.0,0.0015432098765432098,0.001388888888888889,0.08069760101010101,0.048095538720538726,0.0,0.026152146464646465,0.01246141975308642,0.0666999859708193,0.0629033389450056,0.02347958754208754,0.6628945707070707,7.0
0.0,0.0,0.0,0.0,0.0,0.0,0.0,0.0,0.0,0.0,0.0,0.0,0.0,0.0010416666666666667,0.0010416666666666667,0.0,0.0,0.0,0.0,0.0,0.001893939393939394,0.0,0.0,0.0,0.0,0.0,0.0,0.0,0.0010416666666666667,0.0011904761904761904,0.0022321428571428575,0.0,0.0,0.0,0.0,0.0,0.0,0.0,0.0010416666666666667,0.0,0.0022321428571428575,0.0,0.0,0.0,0.004613095238095238,0.0011904761904761904,0.04718314093314093,0.05552799823633157,0.0,0.013640873015873014,0.0,0.05228324915824915,0.044873837582170915,0.09118466410133076,0.6777872975789642,8.0
0.0,0.0,0.0,0.0,0.0,0.0,0.0,0.0,0.0,0.0,0.0,0.0,0.003472222222222222,0.0,0.0,0.0,0.0,0.0,0.0,0.0,0.0023148148148148147,0.0,0.0,0.0,0.0,0.0,0.0,0.0,0.0,0.0,0.0,0.0,0.0,0.0,0.0,0.0,0.003472222222222222,0.0,0.0,0.0023148148148148147,0.0,0.0,0.0,0.0,0.004765795206971677,0.0024509803921568627,0.022331154684095866,0.017429193899782137,0.0,0.0051062091503267975,0.003472222222222222,0.040836056644880166,0.03504901960784313,0.029139433551198256,0.7445125272331156,9.0
0.0,0.0,0.0,0.0,0.0,0.0,0.0,0.0,0.0,0.0,0.002777777777777778,0.002777777777777778,0.0020833333333333333,0.0,0.0,0.0,0.0,0.002777777777777778,0.0,0.0,0.0,0.0,0.0,0.0,0.0,0.0,0.0,0.0,0.0023148148148148147,0.0,0.0,0.0,0.0,0.0023148148148148147,0.002777777777777778,0.0,0.0,0.0,0.0023148148148148147,0.0,0.0020833333333333333,0.009722222222222222,0.008061594202898552,0.0,0.020289855072463767,0.011180502584964827,0.025650251837322776,0.0043859649122807015,0.0,0.007407407407407407,0.00505952380952381,0.04209307992202729,0.012882447665056362,0.06218406826244355,0.6855275265458332,10.0
0.0,0.0,0.0,0.0,0.0,0.0,0.0,0.0,0.0,0.004166666666666667,0.0,0.0,0.0023148148148148147,0.0,0.0,0.0,0.0,0.0,0.0,0.0,0.004629629629629629,0.0,0.0,0.0023148148148148147,0.002777777777777778,0.004629629629629629,0.0021929824561403508,0.0,0.0021929824561403508,0.0021929824561403508,0.0,0.004166666666666667,0.0,0.0,0.00682261208576998,0.001984126984126984,0.004629629629629629,0.0,0.0,0.0,0.0,0.006944444444444445,0.001984126984126984,0.011243386243386243,0.010526315789473684,0.00973266499582289,0.013401559454191032,0.010790866054023948,0.0,0.009015594541910331,0.0023148148148148147,0.016677109440267332,0.04341757170704539,0.036208576998050676,0.6993943191311612,11.0
0.0,0.0,0.0,0.0,0.0,0.0,0.0,0.0016666666666666668,0.0023148148148148147,0.0,0.0,0.0,0.01480872319688109,0.0,0.024166666666666666,0.0,0.0,0.006875,0.0,0.0,0.0032051282051282055,0.0,0.0,0.0023148148148148147,0.0021929824561403508,0.0,0.002777777777777778,0.0,0.0016666666666666668,0.0,0.0023148148148148147,0.0,0.0,0.0,0.0,0.020833333333333332,0.0,0.002777777777777778,0.0,0.0023148148148148147,0.0032051282051282055,0.004970760233918128,0.0016666666666666668,0.009189814814814816,0.017748538011695906,0.010416666666666666,0.031502849002849005,0.021267056530214424,0.0,0.011191239316239316,0.009067982456140352,0.020195868945868944,0.031490384615384615,0.04593511021142601,0.6085886189833558,12.0
0.0026041666666666665,0.0026041666666666665,0.0026041666666666665,0.0026041666666666665,0.0026041666666666665,0.003472222222222222,0.003472222222222222,0.0,0.0011261261261261261,0.0026041666666666665,0.0011261261261261261,0.0026041666666666665,0.00505514705882353,0.0,0.0,0.0,0.0,0.008333333333333333,0.0,0.0,0.0,0.0,0.0,0.00807057057057057,0.0,0.003472222222222222,0.0,0.00633445945945946,0.0,0.0,0.009395424836601307,0.0,0.0,0.0,0.0,0.0,0.0,0.0,0.0011261261261261261,0.0024509803921568627,0.0,0.0131257176293941,0.0,0.03557692307692308,0.04428028141263435,0.004331254331254332,0.03160862361230008,0.01971824765942413,0.0011261261261261261,0.006944444444444444,0.015535848348348348,0.007307399311075782,0.04190393023113611,0.07763136439607028,0.5459123787248789,13.0
