soo,sso,shh,ssh,igs,sis,sjs,sgs,scs,oss,hss,ees,jss,ess,css,gss,iss,sss,TimeFactor
0.0,0.0,0.0,0.0,0.0,0.0,0.0,0.0,0.0,0.013888888888888888,0.013888888888888888,0.020833333333333332,0.020833333333333332,0.020833333333333332,0.03472222222222222,0.0625,0.08333333333333333,0.4791666666666666,1.0
0.0,0.0,0.0,0.0,0.0,0.0,0.0,0.03472222222222222,0.041666666666666664,0.0,0.0,0.0,0.0,0.0,0.041666666666666664,0.09027777777777778,0.03472222222222222,0.17361111111111113,2.0
0.0,0.0,0.0,0.0,0.0,0.0,0.0,0.008333333333333333,0.041666666666666664,0.0,0.0,0.0,0.0,0.041666666666666664,0.041666666666666664,0.008333333333333333,0.008333333333333333,0.09999999999999999,3.0
0.0,0.0,0.0,0.0,0.0,0.0,0.0,0.0625,0.0,0.0,0.0,0.0,0.0,0.0,0.0,0.14583333333333334,0.041666666666666664,0.16666666666666666,4.0
0.0,0.0,0.0,0.0,0.0,0.0,0.0,0.047619047619047616,0.0,0.0,0.0,0.0,0.08333333333333333,0.0,0.005952380952380952,0.05357142857142857,0.08333333333333333,0.30952380952380953,5.0
0.0,0.0,0.0,0.0,0.0,0.0,0.0,0.0,0.020833333333333332,0.0,0.0,0.0,0.005208333333333333,0.0,0.026041666666666668,0.026041666666666668,0.09027777777777778,0.3315972222222222,6.0
0.0,0.0,0.0,0.0,0.0,0.0,0.0,0.0,0.0,0.0,0.0,0.0,0.0,0.0,0.027777777777777776,0.16666666666666666,0.05555555555555555,0.3333333333333333,7.0
0.0,0.0,0.0,0.0,0.0,0.0,0.041666666666666664,0.0,0.0,0.041666666666666664,0.0625,0.0,0.041666666666666664,0.0,0.0,0.0625,0.020833333333333332,0.3125,8.0
0.0,0.0,0.0,0.0,0.0,0.0,0.0,0.0,0.0,0.0,0.0,0.0,0.0,0.0,0.0,0.041666666666666664,0.0,0.2916666666666667,9.0
0.0,0.0,0.0,0.0,0.0,0.0,0.041666666666666664,0.0,0.0,0.0,0.0,0.0,0.08333333333333333,0.0,0.0,0.05833333333333333,0.0,0.39999999999999997,10.0
0.0,0.0,0.0,0.0,0.0,0.013888888888888888,0.020833333333333332,0.0,0.0,0.0,0.0,0.0,0.020833333333333332,0.041666666666666664,0.0,0.06944444444444443,0.013888888888888888,0.40277777777777773,11.0
0.010416666666666666,0.010416666666666666,0.013888888888888888,0.013888888888888888,0.013888888888888888,0.041666666666666664,0.0,0.0,0.0,0.0,0.0,0.0,0.0,0.0,0.0,0.09375,0.05555555555555555,0.3298611111111111,12.0
0.0,0.0,0.0,0.0,0.0,0.0,0.0,0.020833333333333332,0.0,0.0,0.041666666666666664,0.0,0.020833333333333332,0.0,0.0,0.07916666666666666,0.049999999999999996,0.28750000000000003,13.0
