hi,gh,sj,jh,ji,cc,ge,og,ci,ig,sc,gc,co,gi,sg,so,hg,si,ie,ii,gg,sh,hs,es,os,cs,is,js,gs,ss,TimeFactor
0.0,0.0,0.0,0.0,0.0,0.0,0.0,0.0,0.0,0.0,0.0,0.0,0.0,0.0,0.0015432098765432098,0.001893939393939394,0.0021929824561403508,0.002535273368606702,0.003787878787878788,0.003787878787878788,0.003787878787878788,0.003971209470216421,0.007792833264531378,0.007964988228146123,0.012229220562553897,0.04235930202497564,0.06696208983531063,0.09177816266114841,0.1124289837960808,0.6349841686981706,1.0
0.0,0.0,0.0,0.0,0.0,0.0,0.0,0.0,0.000992063492063492,0.000992063492063492,0.000992063492063492,0.005952380952380952,0.005952380952380952,0.010416666666666666,0.0023148148148148147,0.0010683760683760683,0.0,0.005952380952380952,0.0,0.0,0.010416666666666666,0.0,0.024147262743753974,0.001984126984126984,0.0036059213690792635,0.029567500400833734,0.07168356335023002,0.12103530809671159,0.09092242228207141,0.6120040372233355,2.0
0.0,0.0,0.0,0.0,0.0,0.0009057971014492754,0.0013440860215053762,0.0013440860215053762,0.0,0.0,0.0,0.0,0.0,0.0,0.0013440860215053762,0.0,0.0,0.0,0.0,0.0,0.0,0.0,0.011401829410063456,0.0,0.0035858363801854337,0.051177341297070265,0.04478714464054612,0.09572371194934258,0.09114215618353268,0.6972439249732941,3.0
0.0,0.0,0.0,0.0,0.0,0.0,0.0,0.0,0.0,0.0,0.0,0.0,0.0,0.0,0.0,0.0,0.0,0.0,0.0,0.0,0.0,0.0,0.007161829785677711,0.0014817629179331307,0.0026881720430107525,0.008998971838852942,0.046321274200249056,0.13814012668336298,0.06984422021406426,0.7253636423168491,4.0
0.0,0.0,0.0,0.0005144032921810699,0.0010964912280701754,0.0,0.0,0.0,0.0,0.0,0.000925925925925926,0.0,0.0,0.0,0.000925925925925926,0.0,0.0,0.003383458646616541,0.0,0.0,0.0,0.0,0.010949518858875585,0.001440329218106996,0.005208333333333333,0.020693629759979144,0.08919895491618458,0.13232853854494392,0.07051052243163726,0.6628239679182195,5.0
0.0,0.0,0.0007861635220125786,0.0006944444444444445,0.0,0.0,0.0,0.0,0.0,0.001736111111111111,0.0,0.0,0.0,0.0,0.0004385964912280702,0.0,0.0,0.0032051282051282055,0.0,0.0004385964912280702,0.0,0.0,0.01006265760274286,0.0006944444444444445,0.002888116517709368,0.020575754369048866,0.06957348308334999,0.0944339213418161,0.0846103597629956,0.7098622226127403,6.0
0.0,0.0,0.0,0.0,0.0,0.0,0.0,0.0,0.0004084967320261438,0.0,0.0,0.0,0.0,0.0,0.0008865248226950354,0.0,0.0,0.001488095238095238,0.0,0.0008865248226950354,0.0,0.0,0.011640863241848464,0.0,0.0,0.03093165850142127,0.05822518866517831,0.10017670827622421,0.07520535640481023,0.720150583295006,7.0
0.0,0.0,0.0023148148148148147,0.0,0.0,0.0,0.0,0.0,0.0,0.0,0.0,0.0,0.0,0.0,0.005963048301757978,0.0,0.0,0.005208333333333333,0.0,0.0,0.0,0.0,0.014033189033189031,0.000925925925925926,0.011002886002886002,0.02518065334809817,0.05132646511705297,0.07503020799391767,0.09820652126201786,0.7108079548670062,8.0
0.0,0.0018115942028985507,0.0,0.0,0.0,0.000496031746031746,0.0,0.0,0.0,0.0,0.0,0.0,0.0,0.0,0.0008012820512820514,0.0,0.0,0.0,0.0,0.0,0.0,0.0,0.009788583112090849,0.0,0.0007062146892655367,0.017188897496100884,0.08734511229974568,0.09123198371310015,0.07174050163157568,0.718889799057909,9.0
0.0,0.0,0.0,0.0,0.0,0.0,0.0,0.0,0.0,0.0,0.0,0.0,0.0,0.000992063492063492,0.004126103993509972,0.0,0.0,0.0,0.0,0.0,0.0,0.0,0.011265851002872862,0.0,0.0,0.019579060511437558,0.07346252081370287,0.068975322891918,0.07620818364060282,0.7453908936538923,10.0
0.0,0.0,0.0,0.0,0.0,0.0,0.0,0.0,0.0,0.0,0.0,0.0,0.0,0.0,0.0006613756613756613,0.0,0.0,0.000992063492063492,0.0,0.0,0.0,0.0,0.00286925609615827,0.0015671727628249366,0.004449254449254449,0.01530156638852291,0.0919226362674606,0.06918658985614244,0.09019595389350193,0.7228541311326954,11.0
0.0007062146892655367,0.0,0.0,0.0,0.0,0.0,0.0,0.0,0.0,0.0,0.0,0.0,0.0,0.0007183908045977011,0.0018445169307238273,0.0,0.0,0.00198502722323049,0.0,0.0,0.0,0.0007062146892655367,0.011678981937602627,0.0014367816091954023,0.0010964912280701754,0.024992873217595604,0.034980173795578766,0.0957422803100154,0.05224260014356604,0.771869453421293,12.0
0.0,0.0,0.0,0.0,0.0,0.0,0.0,0.0,0.0,0.0,0.0,0.0,0.0,0.0,0.0,0.0,0.0,0.0,0.0,0.0,0.0,0.0,0.019782073886266054,0.0121297065337763,0.014632936507936506,0.021690880044388215,0.03636741184520887,0.09069455383017144,0.08620332340139235,0.7184991139508602,13.0
