iii,jcs,sjs,iis,sse,ssi,his,ses,cig,gos,jos,gis,scg,oci,csi,ihs,jis,ics,sjo,scs,gie,ghs,ssc,eie,jjc,chs,ise,ssg,gsi,ggs,shs,cis,isg,ggg,gsg,osi,csj,sis,sgs,oss,ess,hss,css,iss,gss,jss,sss,TimeFactor
0.0,0.0,0.0,0.0,0.0,0.0,0.0,0.0,0.0,0.0,0.0,0.0,0.0,0.0,0.0,0.0,0.0,0.0,0.0,0.0,0.0,0.0,0.0,0.0,0.0,0.0,0.0,0.0,0.0,0.0,0.0,0.0,0.0,0.001282051282051282,0.001282051282051282,0.0022522522522522522,0.0022522522522522522,0.005668016194331983,0.008320764203117144,0.010313345658173245,0.011078196423024008,0.04096483913861409,0.08277261201489876,0.10725243861586875,0.11744172142512059,0.13939091410733878,0.4697285451509056,1.0
0.0,0.0,0.0,0.0,0.0,0.0,0.0,0.0,0.0,0.0,0.0,0.0,0.0,0.0,0.0,0.0,0.0,0.0,0.0,0.0,0.0,0.0,0.0,0.0,0.0,0.0,0.0,0.0,0.0,0.0,0.0016666666666666668,0.0020325203252032522,0.0030864197530864196,0.0,0.0,0.0,0.0,0.0,0.008225308641975309,0.0057317073170731715,0.0,0.024563384522734117,0.09473090407033496,0.09692432793042549,0.16316053770830194,0.11204846380659389,0.48782975925760486,2.0
0.0,0.0,0.0,0.0,0.0,0.0,0.0,0.0,0.0,0.0,0.0,0.0,0.0,0.0,0.0,0.0,0.0,0.0,0.0,0.0,0.0,0.0,0.0,0.0,0.0,0.0,0.0016339869281045752,0.0016339869281045752,0.0016339869281045752,0.0024875621890547263,0.003472222222222222,0.0,0.003787878787878788,0.0,0.0016339869281045752,0.0,0.0,0.0016339869281045752,0.006944444444444444,0.005456349206349205,0.0029444613666362064,0.016026311021921206,0.04551754159375193,0.13016551996194226,0.1625539465560082,0.05879067762337862,0.5536831503858893,3.0
0.0,0.0,0.0,0.0,0.0,0.0,0.0,0.0,0.0,0.0,0.0,0.0,0.0,0.0,0.0,0.0,0.0,0.0,0.0,0.0,0.0,0.0,0.0016339869281045752,0.001851851851851852,0.0025252525252525255,0.004901960784313725,0.0,0.0,0.0,0.0,0.0,0.0,0.0,0.0,0.0,0.0,0.0,0.0,0.007313174638542286,0.011740588419925408,0.001851851851851852,0.013068202799010378,0.03817862887883429,0.10822570182891696,0.159037155136841,0.08233217459445026,0.5673394697621049,4.0
0.0,0.0,0.0,0.0,0.0,0.0,0.0,0.0,0.0,0.0,0.0,0.0,0.0,0.0,0.0,0.0,0.0,0.0,0.001736111111111111,0.0024509803921568627,0.009259259259259259,0.009259259259259259,0.0,0.0,0.0,0.0,0.0,0.0,0.0,0.0,0.0,0.0,0.001572327044025157,0.0,0.001572327044025157,0.0,0.0,0.003966131907308378,0.0015151515151515152,0.006627247673262854,0.001736111111111111,0.009798958038369445,0.03785769497400391,0.07644364222662081,0.16215997993380202,0.06390672007750701,0.6101380984330261,5.0
0.0,0.0,0.0,0.0,0.0,0.0,0.0,0.0,0.0,0.0,0.0,0.0,0.0,0.0,0.0,0.0,0.0021929824561403508,0.0024509803921568627,0.0,0.0,0.0,0.0,0.0,0.0,0.0,0.0,0.0,0.0,0.0021929824561403508,0.0,0.0,0.0,0.0,0.0,0.0,0.0,0.0,0.0016666666666666668,0.0,0.01173444976076555,0.004901960784313725,0.011075411396708826,0.02723771124053882,0.08845755464749681,0.14198281461031673,0.0640109046987184,0.6420955808900369,6.0
0.0,0.0,0.0,0.0,0.0,0.0,0.0,0.0,0.0,0.0,0.0,0.0,0.0,0.0,0.0015432098765432098,0.005208333333333333,0.0,0.0,0.0,0.0,0.0,0.0,0.0,0.0,0.0,0.0,0.0,0.0,0.0,0.0,0.0,0.0,0.0,0.0,0.0,0.0,0.0,0.003177196804647785,0.0020325203252032522,0.010416666666666666,0.0038580246913580245,0.03935492406917562,0.03908232417318979,0.11732725483622185,0.15238116649672126,0.05169333661980721,0.573925042107132,7.0
0.0,0.0,0.0,0.0,0.0,0.0,0.0,0.0,0.0,0.0,0.001366120218579235,0.003472222222222222,0.005952380952380952,0.006410256410256411,0.0,0.0,0.0,0.0,0.0,0.0,0.0,0.0,0.0018115942028985507,0.0,0.0,0.0,0.0,0.0,0.0,0.0,0.0,0.0,0.0,0.0,0.0,0.0,0.0,0.001366120218579235,0.001366120218579235,0.003177714421477786,0.0020325203252032522,0.002976190476190476,0.08177413812659715,0.11124031346920453,0.1985852491036287,0.04973664676685643,0.5287324128673458,8.0
0.0,0.0,0.0,0.0,0.0,0.0,0.0,0.0,0.0,0.004629629629629629,0.0,0.0,0.0,0.0,0.0,0.0,0.0,0.0,0.0,0.0,0.0,0.0,0.0,0.0,0.0,0.0,0.0,0.0,0.0,0.0,0.0,0.0,0.0,0.0,0.0,0.0,0.0,0.004388964888280894,0.0043859649122807015,0.02323428079242033,0.007575757575757576,0.004629629629629629,0.04862078344752552,0.09055073029233306,0.19372570720744417,0.06630293367909466,0.5519556179456038,9.0
0.0,0.0,0.0,0.0,0.001937984496124031,0.001937984496124031,0.003968253968253968,0.003968253968253968,0.004166666666666667,0.0,0.0,0.0,0.0,0.0,0.0,0.0,0.0,0.0,0.0,0.0,0.0,0.0,0.0,0.0,0.0,0.0,0.0,0.0,0.0,0.0,0.0,0.0,0.0,0.0,0.0,0.0,0.0,0.002777777777777778,0.0024509803921568627,0.023614571797711332,0.004861111111111111,0.012375075999392004,0.033162266844722385,0.05000854993160054,0.1875663355929742,0.12126891101754304,0.5459352759395881,10.0
0.0,0.0,0.0,0.0020325203252032522,0.0,0.0,0.0,0.0,0.0,0.0,0.0,0.0,0.0,0.0,0.0,0.0,0.0,0.0,0.0,0.0,0.0,0.0,0.0,0.0,0.0,0.0,0.0,0.0017006802721088435,0.0,0.010416666666666666,0.0,0.0,0.0,0.0,0.0,0.0,0.0,0.006938603868797309,0.0,0.010278608569864728,0.015978401928068223,0.016505636070853463,0.03570911675899361,0.053791340383693514,0.14525346864669245,0.10119170147332997,0.6002032550357279,11.0
0.0,0.0,0.0021929824561403508,0.020833333333333332,0.0,0.0,0.0,0.0,0.0,0.0,0.0,0.0,0.0,0.0,0.0,0.0,0.0,0.0,0.0,0.0,0.0,0.0,0.0,0.0,0.0,0.0,0.0,0.0,0.0,0.0,0.0021929824561403508,0.0,0.0,0.0,0.0,0.0,0.0,0.0,0.0021929824561403508,0.004629629629629629,0.0,0.021469288472964945,0.025946858713009086,0.09409925586396174,0.10610085032739651,0.09529187159359868,0.625049964697685,12.0
0.004629629629629629,0.006944444444444444,0.0,0.0,0.0,0.0,0.0,0.0,0.0,0.0,0.0,0.0,0.0,0.0,0.0,0.0,0.0,0.0,0.0,0.0,0.0,0.0,0.007260101010101011,0.0,0.0,0.0,0.0,0.0,0.004629629629629629,0.0,0.0,0.0,0.0,0.0,0.0,0.0,0.0,0.0,0.01827485380116959,0.008680555555555554,0.004629629629629629,0.0,0.06234217171717171,0.06036239588871168,0.16980938773701929,0.10686912989544568,0.5455680710614922,13.0
