oi,so,gc,ei,hh,ig,sh,jg,es,ge,gi,os,hs,ii,cc,sc,si,cs,js,gg,sg,is,gs,ss,TimeFactor
0.0,0.0,0.0,0.0,0.0,0.0,0.0,0.0,0.0,0.0,0.0,0.0,0.0,0.005555555555555556,0.006944444444444444,0.006944444444444444,0.011111111111111112,0.012499999999999999,0.027777777777777776,0.037808641975308636,0.06867283950617283,0.08271604938271604,0.10910493827160495,0.4641975308641975,1.0
0.0,0.0,0.0,0.0,0.0,0.0,0.0,0.0,0.0,0.0,0.003472222222222222,0.007936507936507936,0.01091269841269841,0.0,0.0,0.0,0.0,0.0,0.013888888888888888,0.007440476190476189,0.010416666666666666,0.05654761904761904,0.12830687830687829,0.5110780423280423,2.0
0.0,0.0,0.0,0.0,0.0,0.0,0.0,0.0,0.0,0.0,0.005555555555555556,0.0,0.009259259259259259,0.0,0.0,0.01734006734006734,0.005555555555555556,0.024284511784511784,0.03333333333333333,0.011111111111111112,0.027525252525252526,0.025420875420875417,0.09271885521885521,0.5812289562289562,3.0
0.0,0.0,0.0,0.0,0.0,0.0,0.0,0.0,0.002777777777777778,0.002777777777777778,0.0,0.0025252525252525255,0.013888888888888888,0.0025252525252525255,0.0,0.0,0.016414141414141412,0.02567340067340067,0.0,0.019444444444444445,0.010858585858585859,0.03308080808080808,0.09132996632996633,0.44537037037037036,4.0
0.0,0.0,0.0,0.0,0.0,0.0030864197530864196,0.013888888888888888,0.027777777777777776,0.0,0.0,0.0030864197530864196,0.0023148148148148147,0.018518518518518517,0.0023148148148148147,0.016203703703703703,0.020833333333333332,0.0023148148148148147,0.006944444444444444,0.013888888888888888,0.019290123456790122,0.022376543209876542,0.033179012345679014,0.1280864197530864,0.4992283950617284,5.0
0.0,0.0,0.0,0.0,0.0,0.0,0.0,0.0,0.0,0.0,0.006481481481481481,0.0,0.0,0.003703703703703704,0.003472222222222222,0.003472222222222222,0.003703703703703704,0.0,0.0025252525252525255,0.032407407407407406,0.009006734006734006,0.06388888888888888,0.12135942760942763,0.41664562289562285,6.0
0.0,0.0,0.0,0.0023148148148148147,0.003968253968253968,0.0023148148148148147,0.003968253968253968,0.0,0.0,0.0023148148148148147,0.0,0.0,0.0,0.003968253968253968,0.0,0.0,0.008597883597883597,0.013888888888888888,0.0,0.032407407407407406,0.032407407407407406,0.04662698412698412,0.0734126984126984,0.44047619047619047,7.0
0.0,0.0,0.0,0.0,0.0,0.007917055711173357,0.0,0.0,0.0,0.0,0.003968253968253968,0.0,0.0032679738562091504,0.006535947712418301,0.0,0.0023148148148148147,0.0032679738562091504,0.011574074074074075,0.0,0.03968253968253968,0.010231870525988172,0.03944262890341322,0.14700046685340803,0.47479640004149815,8.0
0.0,0.0,0.001984126984126984,0.0,0.0,0.0,0.0,0.0,0.0,0.0,0.0,0.0,0.0,0.001984126984126984,0.0,0.0,0.009424603174603174,0.001984126984126984,0.0,0.001984126984126984,0.015873015873015872,0.018849206349206348,0.11359126984126983,0.6676587301587302,9.0
0.0030864197530864196,0.0030864197530864196,0.004629629629629629,0.0,0.0,0.004629629629629629,0.0,0.0,0.0,0.0,0.0,0.0,0.0,0.0,0.0,0.0,0.019290123456790122,0.0,0.0,0.009259259259259259,0.020833333333333332,0.03472222222222222,0.11188271604938271,0.6219135802469136,10.0
0.0,0.0,0.0,0.0,0.0,0.0,0.0,0.0,0.0,0.0,0.0,0.0,0.027777777777777776,0.005555555555555556,0.0,0.0,0.008641975308641974,0.0,0.0030864197530864196,0.013888888888888888,0.011111111111111112,0.010030864197530864,0.11589506172839505,0.5540123456790124,11.0
0.0,0.004629629629629629,0.0,0.0,0.0,0.0,0.0,0.0,0.0,0.0,0.0030864197530864196,0.004629629629629629,0.009259259259259259,0.0,0.0,0.007936507936507936,0.027777777777777776,0.011022927689594356,0.0,0.009259259259259259,0.020061728395061727,0.06966490299823631,0.10030864197530863,0.5656966490299823,12.0
0.0,0.0,0.0,0.0,0.0,0.0,0.027777777777777776,0.0,0.0,0.0,0.013888888888888888,0.0,0.030303030303030304,0.0,0.0,0.0,0.005555555555555556,0.027777777777777776,0.0025252525252525255,0.0,0.005555555555555556,0.05648148148148147,0.07466329966329965,0.5888047138047139,13.0
