se,ei,ho,gh,ie,ge,eg,ci,jo,cc,so,jg,ii,oc,sj,ji,ig,hi,jc,es,gi,os,jj,jh,gg,sc,sg,si,sh,cs,js,hs,ss,is,gs,TimeFactor
0.0,0.0,0.0,0.0,0.0,0.0,0.0,0.0,0.0,0.0,0.0,0.0,0.0,0.0012626262626262627,0.0014124293785310734,0.0014124293785310734,0.0014124293785310734,0.0021929824561403508,0.0021929824561403508,0.0025252525252525255,0.0025385555046571998,0.003559102674719586,0.0036231884057971015,0.0036231884057971015,0.006110618815536849,0.010129490392648287,0.011151052534830638,0.011573747435507403,0.013872275385433279,0.02273843163665724,0.027651911909074355,0.043371898953584655,0.2221145102903629,0.2517964255788662,0.3537344702407745,1.0
0.0,0.0,0.0,0.0,0.0,0.0,0.0,0.0,0.0,0.0,0.0,0.0,0.002861319966583124,0.0,0.0,0.0008771929824561404,0.000992063492063492,0.0,0.001984126984126984,0.00248015873015873,0.009020274776577297,0.010409163665466186,0.0,0.001984126984126984,0.026997343771816718,0.006714049256066063,0.02030049836698812,0.015664832298327807,0.0042658730158730155,0.043096951256135975,0.004588853085093686,0.018455900878870068,0.1723838299275053,0.26795493627186834,0.38896850428989604,2.0
0.0,0.0,0.0,0.0,0.0,0.0,0.0,0.0,0.0020833333333333333,0.003472222222222222,0.003472222222222222,0.005952380952380952,0.004160927456382002,0.0,0.0041158536585365856,0.0020325203252032522,0.004166666666666667,0.0,0.001572327044025157,0.0,0.020507262753292742,0.003472222222222222,0.0,0.0,0.016570165312200538,0.00817014922876167,0.01746924770923568,0.016575548407217196,0.0037653095001655076,0.01702445474729006,0.010129819040125885,0.06425195176152772,0.1446815579720606,0.2220089214175417,0.42434493604738605,3.0
0.0,0.0,0.0,0.0,0.0,0.001572327044025157,0.0017006802721088435,0.004901960784313725,0.0,0.0,0.0,0.005952380952380952,0.006674367860351687,0.0,0.0,0.0,0.003814132857259541,0.0,0.0,0.019836182336182336,0.010804385790908701,0.0011111111111111111,0.004166666666666667,0.0,0.02585380178372092,0.0,0.03426794960408406,0.010040612999995842,0.0,0.001572327044025157,0.01886002886002886,0.04361404781292646,0.21314515724237001,0.196713466946432,0.39539841203110804,4.0
0.0,0.0,0.0,0.0,0.0021929824561403508,0.0,0.0,0.0,0.0,0.0,0.0007645259938837921,0.017857142857142856,0.005915016900048285,0.0,0.0,0.0,0.007342920277196109,0.0,0.0,0.002130646212463027,0.02102642128882719,0.004239559732075425,0.0,0.0,0.019403774929338726,0.0021929824561403508,0.028638285905306666,0.007770270704546535,0.0,0.005094260586776279,0.009455253307712325,0.02418931761610914,0.1525530152671906,0.33224629408928114,0.3569873294198212,5.0
0.0,0.0005868544600938967,0.0005868544600938967,0.0005868544600938967,0.0,0.0,0.0,0.0020325203252032522,0.0,0.0,0.0,0.0,0.003698547876405721,0.0,0.001937984496124031,0.003970504821327283,0.00946269249253014,0.0,0.0,0.012614905116976369,0.011367600574138726,0.0,0.004629629629629629,0.0,0.011273064745059505,0.0,0.02166247401515708,0.020771372229234763,0.001937984496124031,0.011891222442319724,0.02583453141898674,0.002976190476190476,0.1792478457647836,0.24764270814629508,0.42528765755323206,6.0
0.0,0.0,0.0,0.0,0.0,0.0,0.0,0.0,0.0,0.0,0.0,0.006944444444444444,0.0016835016835016836,0.0,0.0,0.0021367521367521365,0.0016835016835016836,0.0,0.0,0.013011525511525512,0.004208754208754209,0.0,0.0,0.0,0.004273504273504273,0.0,0.012367262367262365,0.013141025641025641,0.0,0.021344858844858844,0.029681429681429682,0.09730315980315979,0.2569217819217819,0.27306073556073557,0.26223776223776224,7.0
0.0028735632183908046,0.0,0.0,0.0,0.0,0.0,0.0,0.0,0.0,0.0,0.0,0.0,0.0,0.0,0.0028735632183908046,0.0,0.0011904761904761904,0.0,0.0,0.010449320794148379,0.0069376026272578,0.001937984496124031,0.0,0.010416666666666666,0.008134920634920636,0.008348240906380441,0.02306929181929182,0.008138776041743163,0.006410256410256411,0.012586072930900518,0.027034124878952463,0.06351598982412936,0.25809751706904877,0.23770431597717087,0.3102813162957509,8.0
0.0,0.0,0.0,0.0,0.0,0.0,0.0,0.0,0.0,0.0,0.0,0.0,0.0,0.0,0.001893939393939394,0.0,0.0,0.0,0.0,0.020833333333333332,0.0,0.019444444444444445,0.0,0.011904761904761904,0.0,0.0,0.009016321516321516,0.017658730158730155,0.0046717171717171714,0.00487012987012987,0.011953999453999456,0.033838383838383834,0.2794735482235482,0.17815686565686564,0.40628382503382504,9.0
0.0,0.0,0.0,0.0,0.0,0.0,0.0,0.0,0.0,0.0,0.0,0.003472222222222222,0.0020325203252032522,0.0,0.003472222222222222,0.0,0.0,0.0,0.004629629629629629,0.018171296296296297,0.0020325203252032522,0.0,0.0,0.0,0.0030487804878048777,0.006881881881881882,0.018019132729498583,0.006786616161616161,0.0022522522522522522,0.015376984126984126,0.0022522522522522522,0.02545594374862668,0.22817000560903,0.2649215427416647,0.3096908636542783,10.0
0.0,0.0,0.0,0.0,0.0,0.0,0.0,0.001388888888888889,0.0,0.0,0.006410256410256411,0.020833333333333332,0.00101010101010101,0.0,0.0033333333333333335,0.0036231884057971015,0.0030303030303030303,0.0,0.0,0.0,0.003914141414141414,0.0,0.0,0.0,0.005934343434343434,0.0036231884057971015,0.0570648514126775,0.006956521739130435,0.0036231884057971015,0.011666666666666667,0.02393162393162393,0.026950919450919455,0.21471690145603187,0.19785133948177425,0.4041369097890837,11.0
0.0,0.0,0.0,0.0,0.0,0.0,0.0,0.0,0.0,0.0,0.0,0.0,0.0,0.0,0.0,0.012499999999999999,0.0,0.0,0.0,0.0021929824561403508,0.0,0.0021929824561403508,0.0,0.0,0.0,0.008333333333333333,0.03257575757575757,0.02142606621773288,0.0030864197530864196,0.013850308641975307,0.02107884399551066,0.030051691729323305,0.2600840801498696,0.23098692649131244,0.2783072738664844,12.0
0.0,0.0,0.0,0.0028735632183908046,0.0,0.0,0.009259259259259259,0.0,0.0,0.0,0.0,0.014520202020202022,0.0,0.0,0.009325396825396825,0.0,0.0,0.0,0.013227513227513227,0.0028735632183908046,0.0,0.014520202020202022,0.0,0.009259259259259259,0.009259259259259259,0.020833333333333332,0.013924963924963925,0.0,0.0,0.009325396825396825,0.04467893217893218,0.04622331691297208,0.27897737639116943,0.15523917334262163,0.34567928878273696,13.0
