scs,oss,ssi,sii,ess,iss,jss,esc,ees,scc,sgs,csg,css,gss,sss,TimeFactor
0.0,0.0,0.0,0.0,0.006944444444444444,0.013888888888888888,0.02546296296296296,0.027777777777777776,0.027777777777777776,0.027777777777777776,0.027777777777777776,0.027777777777777776,0.032407407407407406,0.03472222222222222,0.2476851851851852,1.0
0.0,0.0,0.0,0.0,0.0,0.0787037037037037,0.0462962962962963,0.0,0.0,0.0,0.0,0.0,0.0,0.0,0.4583333333333333,2.0
0.0,0.0,0.005555555555555556,0.005555555555555556,0.0,0.0,0.1111111111111111,0.0,0.0,0.0,0.0,0.0,0.0,0.044444444444444446,0.5,3.0
0.0,0.0,0.0,0.0,0.0,0.004629629629629629,0.06944444444444443,0.0,0.0,0.0,0.0,0.0,0.0,0.013888888888888888,0.32870370370370366,4.0
0.0,0.0,0.0,0.0,0.0,0.013888888888888888,0.08333333333333333,0.0,0.0,0.0,0.0,0.0,0.013888888888888888,0.05357142857142857,0.5853174603174603,5.0
0.0,0.006944444444444444,0.0,0.0,0.0,0.02314814814814815,0.027777777777777776,0.0,0.0,0.0,0.0,0.0,0.041666666666666664,0.03472222222222222,0.5324074074074073,6.0
0.0,0.0,0.0,0.0,0.0,0.0,0.06111111111111111,0.0,0.0,0.0,0.0,0.0,0.0,0.027777777777777776,0.5777777777777778,7.0
0.004629629629629629,0.0,0.0,0.0,0.0,0.027777777777777776,0.060185185185185196,0.0,0.0,0.0,0.0,0.0,0.004629629629629629,0.032407407407407406,0.5370370370370371,8.0
0.0,0.0,0.0,0.0,0.0,0.009259259259259259,0.09358465608465609,0.0,0.0,0.0,0.0,0.0,0.0,0.05357142857142857,0.7602513227513228,9.0
0.0,0.0,0.0,0.0,0.0,0.027777777777777776,0.05092592592592593,0.0,0.0,0.0,0.0,0.0,0.0,0.016203703703703703,0.6550925925925927,10.0
0.0,0.0,0.0,0.0,0.0,0.013888888888888888,0.032407407407407406,0.0,0.0,0.0,0.0,0.0,0.005555555555555556,0.04398148148148148,0.5708333333333334,11.0
0.0,0.0,0.0,0.0,0.0,0.027777777777777776,0.06111111111111111,0.0,0.0,0.0,0.0,0.0,0.0,0.009259259259259259,0.5685185185185185,12.0
0.0,0.0,0.0,0.0,0.0,0.0,0.02314814814814815,0.0,0.0,0.0,0.0,0.0,0.0,0.013888888888888888,0.5462962962962964,13.0
