gcs,gsh,sgc,sse,osi,gsc,jhs,ise,ses,ohs,shs,hsg,jsc,jgs,ssj,ssi,eis,gis,ghs,ssg,eso,hos,isg,ois,iis,goc,isi,cis,sig,gsj,scs,sos,gsi,sis,ggs,esi,hig,jis,ehs,his,ggi,esc,igs,gsg,ess,sgs,oss,jss,hss,css,iss,gss,sss,TimeFactor
0.0,0.0,0.0,0.0,0.0,0.0,0.0,0.0,0.0,0.0,0.0,0.0,0.0,0.0,0.0,0.0,0.0,0.0,0.0,0.0,0.0,0.0,0.0,0.0,0.0,0.0,0.0,0.0,0.0,0.0,0.0,0.0,0.0,0.0,0.0,0.0014367816091954023,0.0014367816091954023,0.0014367816091954023,0.0014367816091954023,0.0014367816091954023,0.0014619883040935672,0.0015151515151515152,0.0031626685762024104,0.004901960784313725,0.00944741532976827,0.010371620716448302,0.010578936518786141,0.04522075524268824,0.048663418510449884,0.13328119032801314,0.15437734311654344,0.1657721542836841,0.4040614887278802,1.0
0.0,0.0,0.0,0.0,0.0,0.0,0.0,0.0,0.0,0.0,0.0,0.0,0.0,0.0,0.0,0.0,0.0,0.0,0.0,0.0,0.0,0.0,0.0,0.0,0.0,0.0,0.0,0.0017006802721088435,0.0020833333333333333,0.0020833333333333333,0.0020833333333333333,0.0023148148148148147,0.0023148148148148147,0.0040154950869236575,0.006985294117647059,0.0,0.0,0.0,0.0,0.0033333333333333335,0.0,0.0,0.0,0.004629629629629629,0.015550108932461873,0.0,0.04418839758125472,0.11237648763208989,0.016676114890400603,0.11125031494079113,0.12922380063136366,0.21506973159634224,0.3241209817260237,2.0
0.0,0.0,0.0,0.0,0.0,0.0,0.0,0.0,0.0,0.0,0.0,0.0,0.0,0.0,0.0,0.0,0.0,0.0,0.0,0.0,0.0,0.0,0.0,0.0012437810945273632,0.0012437810945273632,0.0025252525252525255,0.003658900836320191,0.0023148148148148147,0.0,0.0,0.0023148148148148147,0.0,0.0,0.0023148148148148147,0.004166666666666667,0.0,0.0,0.0,0.0,0.0,0.0,0.0,0.0,0.001488095238095238,0.001488095238095238,0.009041748012336247,0.005028400248988484,0.09060538615861567,0.022574535679374386,0.06600131031048077,0.09173982408772052,0.24330487711471627,0.44894490124983855,3.0
0.0,0.0,0.0,0.0,0.0,0.0,0.0,0.0,0.0,0.0,0.0,0.0,0.0,0.0,0.0,0.0,0.0,0.0,0.0,0.0,0.0021367521367521365,0.0025252525252525255,0.005555555555555556,0.0,0.003787878787878788,0.0,0.0014619883040935672,0.0014619883040935672,0.0,0.0,0.0,0.0021367521367521365,0.003787878787878788,0.0048710792131844765,0.003787878787878788,0.0,0.0,0.0,0.0014619883040935672,0.0,0.0,0.0,0.0,0.0,0.010721247563352826,0.012320574162679426,0.014393939393939395,0.05219250778461305,0.024631435815646346,0.10263880855986118,0.13266443595390964,0.24380285893443787,0.3736591989881463,4.0
0.0,0.0,0.0,0.0,0.0,0.0,0.0,0.0,0.0,0.0,0.0,0.0,0.0,0.0,0.0,0.0,0.0014367816091954023,0.0014367816091954023,0.0018115942028985507,0.007575757575757576,0.0,0.0,0.0,0.0,0.0036231884057971015,0.0,0.0,0.0,0.0,0.0,0.0,0.0,0.0018115942028985507,0.009828009828009828,0.0016339869281045752,0.0,0.0,0.0,0.0,0.0,0.0,0.0,0.001937984496124031,0.0,0.005228442728442729,0.00956447451949701,0.00983483780136924,0.02887066957518394,0.012392529950669487,0.05715418897734204,0.14119070929759037,0.24056453451792034,0.46410393377400383,5.0
0.0,0.0,0.0,0.0,0.0,0.0,0.0,0.0,0.0,0.0,0.0,0.0,0.0,0.0,0.0022522522522522522,0.002777777777777778,0.0,0.005555555555555556,0.002777777777777778,0.0,0.0,0.0,0.0,0.0,0.002777777777777778,0.0,0.0,0.0,0.0,0.0,0.0,0.0,0.0,0.0015432098765432098,0.004901960784313725,0.0,0.0,0.0,0.0,0.0,0.0,0.0,0.005555555555555556,0.0,0.008689839572192513,0.002777777777777778,0.008581922797609073,0.06718611052976377,0.013030979697646364,0.05863349294721843,0.21366334542289137,0.14734144339407496,0.4519532205032721,6.0
0.0,0.0,0.0,0.0,0.0,0.0,0.0,0.0,0.0,0.0,0.0,0.001984126984126984,0.0023148148148148147,0.0025252525252525255,0.0026881720430107525,0.0,0.0,0.0,0.0,0.0,0.0,0.0,0.0,0.0,0.0,0.0,0.0023148148148148147,0.0,0.0,0.0,0.0,0.0,0.0,0.0023148148148148147,0.004629629629629629,0.0,0.0,0.001984126984126984,0.0,0.0,0.0,0.0,0.0,0.0,0.013888888888888888,0.005291005291005291,0.015278359633198341,0.1000412818961206,0.03457850393334264,0.03191588877072748,0.14716836329739555,0.18792164526035496,0.44316031041837495,7.0
0.0,0.0,0.0,0.0,0.0,0.0,0.0,0.0,0.0,0.0028735632183908046,0.003472222222222222,0.0,0.0,0.0020325203252032522,0.0,0.0,0.0,0.0,0.0,0.0,0.0,0.0,0.003472222222222222,0.0,0.0,0.0,0.0,0.0,0.0,0.0,0.0,0.0,0.0,0.0,0.0,0.0,0.0,0.0,0.0,0.0,0.0,0.0,0.0,0.0,0.007074136955291454,0.046052631578947366,0.02058786766558274,0.07862965147266739,0.021288152685674324,0.09423435059473746,0.15080355368993545,0.21647116644769507,0.3530079609214302,8.0
0.0,0.0,0.0,0.0,0.0,0.0,0.0,0.0021929824561403508,0.0032051282051282055,0.0,0.0032051282051282055,0.0,0.0,0.0,0.0,0.0,0.0,0.0,0.0,0.0,0.0,0.0,0.0,0.0,0.0,0.0,0.0,0.0,0.0,0.0,0.0,0.0,0.0,0.0,0.0,0.0,0.0,0.0,0.0,0.0,0.0,0.0,0.0,0.0,0.027243589743589744,0.001572327044025157,0.018140533805495445,0.049164756170812875,0.021588486470501617,0.04903654029744225,0.15799400656918172,0.26619243860062286,0.40046408243193143,9.0
0.0,0.0,0.0,0.0,0.0,0.0025252525252525255,0.0028735632183908046,0.0,0.0,0.0,0.0,0.0,0.0,0.0,0.0,0.0,0.0,0.0,0.0,0.0,0.0,0.0,0.0,0.0,0.0,0.0,0.0,0.0,0.0,0.0,0.0033333333333333335,0.0,0.0,0.01185344827586207,0.0,0.0,0.0,0.0,0.0,0.0,0.0,0.0,0.004901960784313725,0.0,0.007962962962962963,0.01371302400270453,0.003472222222222222,0.0652951805068945,0.02146397734633029,0.033841883904003583,0.12896531125676666,0.17444217849833976,0.5253557011626231,10.0
0.0,0.0,0.0011737089201877935,0.0023809523809523807,0.0023809523809523807,0.0,0.0,0.0,0.0,0.0,0.004906204906204906,0.0,0.0,0.0,0.0,0.0,0.0,0.0,0.0,0.0,0.0,0.0,0.0,0.0,0.0,0.0,0.0,0.0,0.0,0.0036231884057971015,0.0,0.0025252525252525255,0.0,0.0023809523809523807,0.0026041666666666665,0.0,0.0,0.0023809523809523807,0.0,0.0,0.0,0.0,0.0,0.0,0.08333333333333333,0.0,0.005050505050505051,0.04206879478809975,0.007555751173708921,0.04742378098547725,0.1361368322100104,0.22286577876557978,0.431208892745367,11.0
0.0,0.027777777777777776,0.0,0.0,0.0,0.0,0.0,0.0,0.0,0.0,0.006666666666666667,0.0,0.0,0.0,0.0,0.0,0.0,0.0,0.0,0.0,0.0,0.0,0.0,0.0020833333333333333,0.0,0.0,0.0,0.0,0.0,0.0,0.0,0.0,0.0,0.005227272727272727,0.0,0.0,0.0,0.0,0.0,0.0,0.0,0.0,0.0,0.0,0.02967171717171717,0.001984126984126984,0.018386994949494948,0.07368098275993014,0.017444677033492822,0.04919972753854333,0.08696608946608947,0.1819587083238399,0.49895192526771476,12.0
0.0023809523809523807,0.0,0.0,0.0,0.0,0.0,0.0,0.0,0.0,0.0,0.0,0.0,0.0,0.0,0.0,0.0,0.0,0.0,0.0,0.0,0.0,0.0,0.0,0.0,0.0,0.0,0.0,0.0,0.0,0.0,0.0,0.0,0.0,0.0,0.0,0.0,0.0,0.0,0.0,0.0,0.0,0.0,0.0,0.0,0.008825944170771757,0.004166666666666667,0.016894727239554822,0.16626672044094912,0.015770388615216197,0.08256248859697135,0.16747628170041962,0.11954395087335197,0.41611187931514615,13.0
