jhs,jsi,gcs,sis,ess,gsg,ois,shs,ggs,chs,jjs,sgg,ssg,hss,sjs,see,sse,oss,ssi,sii,ccs,jss,css,sgs,iss,gss,sss,TimeFactor
0.0,0.0,0.0,0.0,0.0,0.0,0.0,0.0,0.0,0.0,0.0,0.0,0.0,0.0,0.005952380952380952,0.010416666666666666,0.010416666666666666,0.010416666666666666,0.010416666666666666,0.010416666666666666,0.013888888888888888,0.01636904761904762,0.025793650793650796,0.03125,0.040674603174603176,0.17857142857142858,0.3854166666666667,1.0
0.0,0.0,0.0,0.0,0.0,0.0,0.0,0.0,0.0,0.0,0.0,0.0,0.0,0.010416666666666666,0.0,0.0,0.0,0.0,0.013888888888888888,0.013888888888888888,0.0,0.0,0.013888888888888888,0.0,0.018518518518518517,0.16203703703703703,0.2673611111111111,2.0
0.0,0.0,0.0,0.0,0.0,0.0,0.0,0.0,0.0,0.0,0.0,0.0,0.0,0.016666666666666666,0.0,0.0,0.0,0.0,0.020833333333333332,0.020833333333333332,0.0,0.0,0.008333333333333333,0.0,0.023484848484848487,0.031060606060606056,0.5454545454545454,3.0
0.0,0.0,0.0,0.0,0.0,0.0,0.0,0.0,0.0,0.0,0.008333333333333333,0.041666666666666664,0.041666666666666664,0.0,0.005208333333333333,0.0,0.0,0.0,0.0,0.0,0.0,0.03784722222222222,0.0,0.0,0.020833333333333332,0.08263888888888889,0.5951388888888888,4.0
0.0,0.0,0.0,0.0,0.0,0.0,0.0,0.0,0.0,0.0,0.0,0.0,0.0,0.0,0.0,0.0,0.0,0.0,0.0,0.0,0.0,0.008333333333333333,0.041666666666666664,0.006944444444444444,0.008333333333333333,0.21805555555555556,0.6333333333333333,5.0
0.0,0.0,0.0,0.0,0.0,0.0,0.0,0.0,0.0,0.020833333333333332,0.0,0.0,0.0,0.024999999999999998,0.0,0.0,0.0,0.0,0.0,0.0,0.0,0.0,0.0,0.0,0.13333333333333333,0.13819444444444445,0.5159722222222222,6.0
0.0,0.0,0.0,0.0,0.0,0.004629629629629629,0.004629629629629629,0.008333333333333333,0.013888888888888888,0.0,0.0,0.0,0.0,0.008333333333333333,0.0,0.0,0.0,0.0,0.0,0.0,0.0,0.041666666666666664,0.008333333333333333,0.05462962962962963,0.06851851851851852,0.1738425925925926,0.5298611111111112,7.0
0.0,0.0,0.0,0.0,0.013888888888888888,0.0,0.0,0.0,0.0,0.0,0.0,0.0,0.0,0.041666666666666664,0.0,0.0,0.0,0.0,0.0,0.0,0.0,0.0,0.020833333333333332,0.0,0.013888888888888888,0.13541666666666666,0.607638888888889,8.0
0.0,0.0,0.004166666666666667,0.008333333333333333,0.004166666666666667,0.0,0.0,0.0,0.0,0.0,0.0,0.020833333333333332,0.020833333333333332,0.0,0.0,0.0,0.0,0.0,0.0,0.0,0.0,0.0,0.004166666666666667,0.0,0.03888888888888889,0.08333333333333333,0.5652777777777778,9.0
0.0,0.0,0.0,0.008333333333333333,0.0,0.0,0.0,0.0,0.0,0.0,0.0,0.0,0.0,0.013888888888888888,0.0,0.0,0.0,0.0,0.0,0.0,0.0,0.0,0.008333333333333333,0.010416666666666666,0.08437499999999999,0.12375992063492063,0.5842261904761904,10.0
0.0,0.007575757575757576,0.0,0.0,0.006944444444444444,0.0,0.0,0.0,0.0,0.0,0.0,0.0,0.0,0.003787878787878788,0.003787878787878788,0.0,0.0,0.013888888888888888,0.0,0.003787878787878788,0.0,0.005952380952380952,0.0,0.020833333333333332,0.1000180375180375,0.09586940836940837,0.6542207792207793,11.0
0.0,0.0,0.0,0.020833333333333332,0.0,0.0,0.0,0.0,0.0,0.0,0.0,0.020833333333333332,0.041666666666666664,0.041666666666666664,0.0,0.0,0.0,0.0,0.008333333333333333,0.0,0.0,0.008333333333333333,0.049999999999999996,0.020833333333333332,0.07083333333333333,0.05833333333333333,0.5750000000000001,12.0
0.020833333333333332,0.0,0.0,0.008333333333333333,0.0,0.0,0.0,0.0,0.0,0.0,0.0,0.004629629629629629,0.004629629629629629,0.020833333333333332,0.041666666666666664,0.0,0.0,0.0,0.0,0.0,0.0,0.049999999999999996,0.013888888888888888,0.008333333333333333,0.03518518518518519,0.12407407407407407,0.33425925925925926,13.0
