scc,ssc,ccc,his,isg,isi,csi,iii,shs,ssh,sii,ggg,sgg,css,ess,hss,ssg,ssi,sis,oss,ssj,sjs,jss,gsg,sgs,gss,iss,sss,TimeFactor
0.0,0.0,0.0,0.0,0.0,0.0,0.0,0.0,0.0,0.0,0.0,0.0,0.0,0.0,0.0,0.0,0.0,0.0,0.0,0.0,0.0,0.0,0.0,0.020833333333333332,0.020833333333333332,0.020833333333333332,0.020833333333333332,0.16666666666666666,1.0
0.0,0.0,0.0,0.0,0.0,0.0,0.0,0.0,0.0,0.0,0.0,0.0,0.0,0.0,0.0,0.0,0.0,0.0036231884057971015,0.0036231884057971015,0.007246376811594203,0.020833333333333332,0.020833333333333332,0.020833333333333332,0.0,0.0,0.0,0.007246376811594203,0.2490942028985507,2.0
0.0,0.0,0.0,0.0,0.0,0.0,0.0,0.0,0.0,0.0,0.0,0.0,0.0,0.0,0.0,0.020833333333333332,0.02370689655172414,0.0,0.020833333333333332,0.020833333333333332,0.0,0.0,0.016666666666666666,0.0,0.02370689655172414,0.04899425287356322,0.02370689655172414,0.30071839080459767,3.0
0.0,0.0,0.0,0.0,0.0,0.0,0.0,0.0,0.0,0.0,0.0,0.0,0.0,0.010416666666666666,0.020833333333333332,0.0,0.0,0.0,0.0,0.0,0.0,0.0,0.0,0.010416666666666666,0.010416666666666666,0.010416666666666666,0.025925925925925925,0.3282407407407407,4.0
0.0,0.0,0.0,0.0,0.0,0.0,0.0,0.0,0.0,0.0,0.0,0.0,0.0,0.0,0.008333333333333333,0.0,0.0,0.0,0.0,0.0,0.0,0.0,0.0,0.029166666666666664,0.029166666666666664,0.029166666666666664,0.008333333333333333,0.22916666666666666,5.0
0.0,0.0,0.0,0.0,0.0,0.0,0.0,0.0,0.0,0.0,0.0,0.020833333333333332,0.020833333333333332,0.0,0.0,0.0,0.020833333333333332,0.0,0.0,0.0,0.0,0.0,0.0,0.0,0.0,0.03125,0.020833333333333332,0.3020833333333333,6.0
0.0,0.0,0.0,0.0,0.0,0.0,0.0,0.0,0.004901960784313725,0.004901960784313725,0.004901960784313725,0.02573529411764706,0.02573529411764706,0.020833333333333332,0.0,0.004901960784313725,0.02573529411764706,0.004901960784313725,0.0,0.0,0.0,0.0,0.004901960784313725,0.004901960784313725,0.004901960784313725,0.02573529411764706,0.021568627450980395,0.3154411764705882,7.0
0.0,0.0,0.0,0.0,0.0,0.006410256410256411,0.006410256410256411,0.013354700854700854,0.0,0.0,0.019764957264957264,0.0,0.0,0.0,0.0,0.0,0.0,0.013354700854700854,0.006410256410256411,0.0,0.0,0.0,0.006944444444444444,0.0,0.0,0.006410256410256411,0.006944444444444444,0.1639957264957265,8.0
0.0,0.0,0.0,0.0,0.0,0.0,0.0,0.0,0.0,0.0,0.0,0.0,0.0,0.0,0.0,0.0,0.0,0.0,0.004901960784313725,0.0,0.0,0.0,0.0,0.0,0.0,0.01636904761904762,0.02573529411764706,0.28632703081232497,9.0
0.0,0.0,0.0,0.0,0.009259259259259259,0.0,0.0,0.0,0.0,0.0,0.0,0.0,0.0,0.0,0.0,0.0,0.0,0.0,0.0,0.0,0.0,0.0,0.0,0.0,0.009259259259259259,0.049999999999999996,0.0,0.3481481481481481,10.0
0.0,0.0,0.0,0.0,0.0,0.0,0.0,0.0,0.0,0.0,0.0,0.0,0.0,0.0,0.0,0.0,0.0,0.004166666666666667,0.004166666666666667,0.0,0.008333333333333333,0.008333333333333333,0.008333333333333333,0.0,0.0,0.02916666666666667,0.012500000000000002,0.2583333333333333,11.0
0.020833333333333332,0.020833333333333332,0.020833333333333332,0.020833333333333332,0.0,0.0,0.0,0.0,0.0,0.0,0.0,0.0,0.0,0.0,0.0,0.0,0.0,0.004629629629629629,0.004629629629629629,0.0,0.0,0.0,0.0,0.0,0.0,0.004629629629629629,0.03472222222222222,0.20138888888888887,12.0
0.0,0.0,0.0,0.0,0.0,0.0,0.0,0.0,0.0,0.0,0.0,0.0,0.0,0.0,0.0,0.0,0.0,0.0,0.0,0.0,0.0,0.0,0.020833333333333332,0.0,0.0,0.020833333333333332,0.0,0.2916666666666667,13.0
