"cc","cg","ch","ci","cj","co","cs","ee","eg","eh","ei","eo","es","gc","ge","gg","gh","gi","gj","gs","hg","hh","hi","hs","ic","ie","ig","ih","ii","ij","is","jc","jg","ji","jj","jo","js","og","oi","oo","os","sc","se","sg","sh","si","sj","so","ss","TimeFactor"
"1",0,0,0,0,0,0,0.0265473434744268,0.000496031746031746,0,0,0,0.000347222222222222,0.00423534798534799,0,0,0.00749834656084656,0,0.0029210758377425,0,0.0741389397639398,0,0.000881834215167548,0.000496031746031746,0.0103339947089947,0,0,0.00134182946682947,0.000496031746031746,0.0167877068918736,0,0.0508477055352055,0,0,0,0,0,0.0375868055555556,0,0,0,0.0108589616402116,0.00115740740740741,0.000496031746031746,0.0135595789241623,0.00154320987654321,0.013976860331027,0,0.00231481481481481,1.165581332248,2
"2",0.000165343915343915,0.00115740740740741,0.000694444444444444,0,0,0,0.0242959104938272,0,0.000983796296296296,0.000289351851851852,0.000868055555555556,0,0.00347222222222222,0,0.000983796296296296,0.0149319334215168,0,0.00496307319223986,0,0.076242334054834,0,0.000983796296296296,0,0.0091820987654321,0.000434027777777778,0.00115740740740741,0.00151840828924162,0,0.0072310405643739,0,0.0433380180776014,0.000694444444444444,0.00173611111111111,0,0,0,0.0465966710758377,0,0,0,0.00520833333333333,0.00317460317460317,0.000289351851851852,0.0149113906926407,0.00108024691358025,0.00750799162257496,0.000694444444444444,0,1.18354727833894,4
"3",0,0,0,0.000694444444444444,0,0,0.0231605489417989,0,0,0,0.000182748538011696,0,0.00202546296296296,0,0,0.0103159374129769,0.000165343915343915,0.00541262009189641,0.000248015873015873,0.0869672009885826,0.000165343915343915,0.000182748538011696,0,0.0115740740740741,0.00303819444444444,0,0.00261330409356725,0,0.00921139654692286,0,0.0532527064188248,0,0,0,0.000248015873015873,0,0.0594287367724868,0,0.000434027777777778,0,0.00427000661375661,0.00202546296296296,0,0.0175760582010582,0.000182748538011696,0.0149470899470899,0,0.00217013888888889,1.1061742898914,6
"4",0.00115740740740741,0,0,0,0,0,0.0187227124727125,0,0,0,0.000385802469135802,0,0.00100160256410256,0,0,0.0128826420493087,0,0.00207061457061457,0,0.081958560343977,0,0.000248015873015873,0.000694444444444444,0.00530478395061728,0,0,0.000480769230769231,0,0.002629662004662,0,0.0298056881390215,0,0,0,0,0,0.0777216610549944,0,0,0.000563672438672439,0.00317760942760943,0.000248015873015873,0,0.00990687553187553,0.000248015873015873,0.00616865773115773,0.000434027777777778,0.000563672438672439,1.22973619744453,8
"5",0,0,0.000496031746031746,0.00118371212121212,0.000315656565656566,0,0.0118678100448934,0.000157828282828283,0,0,0.000157828282828283,0,0.000582750582750583,0,0.000267094017094017,0.00391872787706121,0.000868055555555556,0.00493530389363723,0,0.0720213717609551,0,0.000749684343434343,0.000434027777777778,0.0137681762681763,0,0.000315656565656566,0.00135786281619615,0,0.00477747561080894,0,0.0251755574672241,0.000315656565656566,0,0,0,0,0.0693372214205548,0,0,0,0.00590277777777778,0.000811688311688312,0.000315656565656566,0.00692340067340067,0.00291982323232323,0.00729249531332865,0,0.000694444444444444,1.31769177967095,10
"6",0,0,0,0.00243055555555556,0,0,0.0128858024691358,0,0,0,0.000182748538011696,0,0.00347222222222222,0,0,0.010634488156418,0,0.00303166771094403,0,0.0875822566200856,0,0,0.000182748538011696,0.00222436351822317,0.00173611111111111,0,0.00622106481481481,0.000498405103668262,0.00450344611528822,0,0.0431087253592736,0.000694444444444444,0,0,0,0,0.0634522306397306,0,0,0,0.00194279100529101,0.00212191358024691,0.000182748538011696,0.0118182002776301,0,0.0148939662919926,0,0,1.24008798827878,12
"7",0.000315656565656566,0,0,0,0,0,0.013878367003367,0,0,0,0,0,0.00266203703703704,0.00173611111111111,0.000347222222222222,0.0127590388007055,0.000694444444444444,0.00497835497835498,0,0.0772467694342694,0,0,0.000694444444444444,0.00170717592592593,0.00347222222222222,0,0.000347222222222222,0.000347222222222222,0.00515747755331089,0,0.0309235421214588,0,0.00115740740740741,0,0,0.000165343915343915,0.0648447039072039,0.000165343915343915,0,0,0.0042989417989418,0.000315656565656566,0,0.0100241001282668,0.000925925925925926,0.00613300665383999,0,0.000165343915343915,1.15731469533553,14
"8",0.000694444444444444,0,0,0.000662878787878788,0,0,0.00735367063492064,0.000173611111111111,0,0,0,0,0.00306712962962963,0.000347222222222222,0,0.00521810365560366,0.000173611111111111,0.00340186433936434,0,0.0638507036944537,0,0.000267094017094017,0,0.00755876068376068,0,0.000173611111111111,0.00106534090909091,0,0.00369621697746698,0,0.052159934972435,0,0,0,0.000315656565656566,0,0.0605654761904762,0,0,0,0.00868055555555555,0.00138888888888889,0.000347222222222222,0.00545626248751249,0.00200320512820513,0.0136133542383542,0.000315656565656566,0,1.229671746078,16
"9",0.000868055555555556,0,0,0,0,0,0.0184483726150393,0,0.000204248366013072,0,0,0,0.00194035947712418,0,0.000204248366013072,0.0104005624685772,0.000471342383107089,0.000831177378358751,0,0.0821367624523262,0,0,0.000898692810457516,0.0049849070682404,0,0,0.000727089268755936,0.000694444444444444,0.0028991920842411,0,0.0298590735018431,0,0,0.00127314814814815,0,0,0.063260582010582,0,0,0.00115740740740741,0.00138888888888889,0.000868055555555556,0,0.0097174651555779,0.000694444444444444,0.00251949960896039,0.000385802469135802,0.00185185185185185,1.28909210399713,18
"10",0.000868055555555556,0,0,0,0,0.000347222222222222,0.0108989197530864,0,0,0,0,0,0.000434027777777778,0,0.000434027777777778,0.00883487654320988,0,0.00183256172839506,0,0.0642631673881674,0,0.000315656565656566,0,0.00967261904761905,0,0,0.000482253086419753,0.000192901234567901,0.00241126543209877,0,0.0470448532948533,0,0,0.000192901234567901,0,0,0.076195987654321,0,0.000347222222222222,0.000868055555555556,0.00250771604938272,0.00549768518518519,0,0.010570987654321,0.00205176767676768,0.00462962962962963,0,0.00144675925925926,1.12265888047138,20
"11",0.000385802469135802,0,0,0,0,0,0.0131699670608984,0,0,0,0,0,0.00202546296296296,0,0,0.00418044532627866,0.000248015873015873,0,0,0.0617699741933811,0,0.00173611111111111,0.000694444444444444,0.00757826278659612,0,0,0.000881834215167548,0,0.00270612874779541,0,0.035995248793962,0,0,0,0,0,0.0498105029048657,0,0,0,0.00282219369229173,0.000590050835148874,0,0.012527557319224,0.00173611111111111,0.00418044532627866,0,0.00173611111111111,1.23966977415966,22
"12",0,0,0,0,0,0,0.0139219576719577,0.000631313131313131,0,0,0.000868055555555556,0,0.000631313131313131,0,0,0.000631313131313131,0.000868055555555556,0.000434027777777778,0,0.0609133292497263,0,0.000204248366013072,0,0.00492302836052836,0,0,0.00149936868686869,0,0.00326704545454545,0.000496031746031746,0.0343864740923564,0,0,0,0.00173611111111111,0,0.0548016508954009,0,0,0,0.00654773127199598,0,0.000631313131313131,0.00471024584076055,0.00251906318082789,0.00717329545454545,0.00231481481481481,0,1.18477910127726,24
"13",0,0,0,0,0,0,0.0143077601410935,0,0,0,0,0,0.00359623015873016,0,0,0.000675154320987654,0,0,0,0.0567833593875261,0,0,0,0.00405092592592593,0,0,0.000868055555555556,0,0.000675154320987654,0,0.0314416486291486,0.00115740740740741,0,0,0,0,0.0595899470899471,0,0,0,0.00771780303030303,0,0,0.00322420634920635,0.000578703703703704,0.0043058311287478,0.000496031746031746,0.000289351851851852,1.17135354036396,26
