gc,hi,hh,ch,sc,so,cc,hs,ig,es,gi,sg,cs,si,ii,gg,os,is,js,gs,ss,TimeFactor
0.0,0.0,0.0,0.0,0.0,0.0,0.0,0.0,0.0,0.0,0.0023148148148148147,0.005787037037037038,0.006448412698412699,0.011574074074074075,0.011574074074074075,0.011574074074074075,0.012235449735449733,0.015046296296296295,0.041666666666666664,0.044146825396825386,0.6709656084656084,1.0
0.0,0.0,0.0,0.0,0.0,0.0,0.0,0.0,0.0020833333333333333,0.020833333333333332,0.008333333333333333,0.0,0.0,0.0,0.004166666666666667,0.004166666666666667,0.006944444444444444,0.010416666666666666,0.01736111111111111,0.024999999999999998,0.7340277777777776,2.0
0.0,0.0,0.0,0.0,0.0,0.0,0.0,0.006944444444444444,0.0,0.0,0.0,0.020833333333333332,0.006944444444444444,0.0,0.0,0.0,0.004166666666666667,0.011309523809523811,0.03472222222222222,0.11944444444444446,0.628968253968254,3.0
0.0,0.0,0.0,0.0,0.0,0.0,0.006944444444444444,0.006944444444444444,0.0,0.0,0.0,0.0,0.011111111111111112,0.005208333333333333,0.0,0.004166666666666667,0.004166666666666667,0.012152777777777776,0.05555555555555555,0.044097222222222225,0.5996527777777777,4.0
0.0,0.0026041666666666665,0.0026041666666666665,0.002976190476190476,0.002976190476190476,0.004166666666666667,0.0,0.002976190476190476,0.0,0.0,0.0,0.004166666666666667,0.00954861111111111,0.00818452380952381,0.0,0.004166666666666667,0.004166666666666667,0.020337301587301588,0.009375,0.042931547619047626,0.5454861111111111,5.0
0.0,0.0,0.0,0.0,0.0,0.0,0.0,0.0,0.003472222222222222,0.0,0.0,0.0,0.006944444444444444,0.0076388888888888895,0.0,0.003472222222222222,0.002976190476190476,0.05694444444444444,0.020833333333333332,0.04831349206349206,0.5994047619047619,6.0
0.010416666666666666,0.0,0.0,0.0,0.0,0.0,0.0,0.0,0.0,0.0,0.0,0.003472222222222222,0.013888888888888888,0.013888888888888888,0.01736111111111111,0.006944444444444444,0.0,0.010416666666666666,0.020833333333333332,0.041666666666666664,0.4444444444444444,7.0
0.0,0.0,0.0,0.0,0.0,0.0,0.0,0.010416666666666666,0.0,0.0,0.0,0.0,0.006944444444444444,0.0,0.0,0.0,0.0,0.020833333333333332,0.020833333333333332,0.041666666666666664,0.6493055555555555,8.0
0.0,0.0,0.0,0.0,0.005208333333333333,0.0,0.005208333333333333,0.0,0.0,0.0,0.0,0.006944444444444444,0.006944444444444444,0.0,0.0,0.0,0.0,0.010416666666666666,0.026041666666666668,0.08680555555555554,0.685763888888889,9.0
0.0,0.0,0.0,0.0,0.026041666666666668,0.0,0.005208333333333333,0.0,0.0,0.0,0.0,0.004166666666666667,0.041666666666666664,0.0,0.0,0.0,0.0,0.07187500000000001,0.004166666666666667,0.04583333333333334,0.634375,10.0
0.0,0.0,0.0,0.0,0.0,0.0,0.0,0.0,0.0,0.0,0.0,0.014583333333333332,0.0,0.004166666666666667,0.004166666666666667,0.0,0.0,0.020833333333333332,0.020833333333333332,0.03333333333333333,0.56875,11.0
0.0,0.0,0.0,0.0,0.0,0.0,0.0,0.0,0.0,0.0,0.0,0.0,0.005208333333333333,0.010416666666666666,0.010416666666666666,0.0,0.005208333333333333,0.0,0.027777777777777776,0.07708333333333334,0.6138888888888889,12.0
0.0,0.0,0.0,0.0,0.0,0.0,0.0,0.0,0.0,0.0,0.0,0.0,0.010416666666666666,0.0,0.0,0.0,0.0,0.012500000000000002,0.025694444444444447,0.03125,0.5034722222222222,13.0
