ho,eo,cj,ec,io,ih,gc,jh,eh,hg,ie,oi,ji,og,ic,ge,jj,hc,gj,eg,jg,ei,jc,ch,ij,cg,cc,so,hi,se,ci,sj,sh,gi,gh,sc,ii,es,si,js,gg,ig,sg,os,cs,hs,is,ss,gs,TimeFactor
0.0,0.0,0.0,0.0,0.0,0.0,0.0,0.0,0.0,0.0,0.0,0.0,0.0,0.0,0.0,0.0,0.0,0.0,0.0,0.0,0.0,0.0,0.0,0.000980392156862745,0.000980392156862745,0.000980392156862745,0.0010416666666666667,0.001388888888888889,0.0020833333333333333,0.003472222222222222,0.003956582633053221,0.004452614379084967,0.00537173202614379,0.005801049233252624,0.006944444444444444,0.008333333333333333,0.008928571428571428,0.009016106442577032,0.010654818607604985,0.01211035696329814,0.01340472629729858,0.014857609710550885,0.01910611211478347,0.019840041279669762,0.02311139368027913,0.04170394878599212,0.15687329635186723,0.18123078122005684,0.4433751934864387,1.0
0.0,0.0,0.0,0.0,0.0,0.0,0.0,0.0,0.0,0.0,0.0,0.0,0.0,0.0,0.0,0.0,0.0,0.0,0.0,0.0,0.0,0.0010548523206751054,0.0016025641025641027,0.0,0.0,0.009259259259259259,0.001736111111111111,0.001736111111111111,0.0010548523206751054,0.001572327044025157,0.001572327044025157,0.0030864197530864196,0.005360205831903945,0.004684902825725611,0.0,0.011630381228552497,0.003472222222222222,0.014059922777028036,0.015369978318290553,0.01671733920026725,0.007254145225843338,0.005232614607614608,0.02273285544625354,0.012931632537102578,0.04581913971504295,0.023037473634907973,0.2715631512153283,0.22962754229315196,0.28783166885423206,2.0
0.0,0.0,0.0,0.0,0.0,0.0,0.0,0.0,0.0,0.0,0.0,0.0,0.0,0.0,0.0,0.0,0.0,0.0017730496453900709,0.0017730496453900709,0.006410256410256411,0.00969945355191257,0.0,0.0012626262626262627,0.0,0.0,0.0,0.0012626262626262627,0.003586600887335766,0.0,0.0,0.0,0.002220480668756531,0.002777777777777778,0.001984126984126984,0.007776376628835646,0.008338706211046636,0.008394383394383394,0.009498480243161094,0.018946503484287783,0.016814698711250436,0.010900033772374198,0.001984126984126984,0.018214032034648324,0.007586503331184182,0.025704971627057666,0.06280751406709094,0.1822866520539506,0.2582928827523983,0.3297040866080052,3.0
0.0,0.0,0.0,0.0,0.0,0.0,0.0,0.0,0.0,0.0,0.0,0.0008680555555555555,0.001736111111111111,0.0030864197530864196,0.0030864197530864196,0.0030864197530864196,0.005952380952380952,0.0,0.0,0.0,0.017113095238095236,0.0008680555555555555,0.0,0.0008680555555555555,0.0012077294685990338,0.0,0.001851851851851852,0.0013440860215053762,0.0,0.0,0.0008680555555555555,0.0013440860215053762,0.0,0.0024509803921568627,0.0024509803921568627,0.011439387004708444,0.004901960784313725,0.01752484213987837,0.01751514490089759,0.009643654875071425,0.0038959015116097864,0.0012077294685990338,0.02080367641966142,0.0036587098607558967,0.03450218825080568,0.050406118597228954,0.26083430793560214,0.1921534514961395,0.323330143823884,4.0
0.0,0.0,0.0,0.0,0.0,0.0,0.0,0.0015432098765432098,0.0022522522522522522,0.0022522522522522522,0.004718543046357616,0.0,0.0,0.0,0.0,0.0005518763796909492,0.0,0.0,0.0005518763796909492,0.0,0.0,0.0,0.0,0.0005518763796909492,0.0,0.0,0.0,0.0,0.0,0.003795462128795462,0.0,0.0195720378681415,0.003703703703703704,0.0,0.0,0.003875968992248062,0.0033560050116341507,0.021630779330054695,0.010172991316584551,0.03732357508289692,0.012207848024625068,0.006285323004610442,0.03138775513937162,0.0030864197530864196,0.015657577756302155,0.02153566610088349,0.26357992242375977,0.1913372201712764,0.33906985762554737,5.0
0.0,0.0,0.0,0.0,0.0,0.0005868544600938967,0.0005868544600938967,0.0,0.0,0.0,0.0,0.0,0.0,0.0,0.0025252525252525255,0.0,0.0022522522522522522,0.0,0.0,0.0,0.009259259259259259,0.0026041666666666665,0.0,0.0,0.0,0.0,0.0,0.0025252525252525255,0.0005868544600938967,0.0005868544600938967,0.0,0.008547008547008546,0.0,0.0037778755868544604,0.0005868544600938967,0.012317004504504505,0.010746772300469484,0.005597169815236838,0.02101803508053508,0.0011737089201877935,0.009870337995337994,0.0005868544600938967,0.040878815220121684,0.004777504777504778,0.018175518175518175,0.062431228894014236,0.26169444853196067,0.20662156789979766,0.3096856937617016,6.0
0.0,0.0,0.0,0.0008012820512820514,0.0008012820512820514,0.0,0.0023148148148148147,0.016666666666666666,0.0,0.0,0.0,0.0,0.005555555555555556,0.0,0.0,0.0,0.0,0.0,0.0,0.0,0.025000000000000005,0.0,0.0,0.0,0.0,0.0,0.0,0.0023148148148148147,0.0,0.0026041666666666665,0.0,0.004787100025195262,0.0,0.009259259259259259,0.0,0.004206730769230769,0.0030864197530864196,0.004424470457079153,0.03359380200736308,0.017864774114774117,0.012125220458553791,0.0030864197530864196,0.03019824522153715,0.006944444444444444,0.020527840765936004,0.020135534084809448,0.24482254455727537,0.1881118054028251,0.34076680630446154,7.0
0.0,0.0014619883040935672,0.0021367521367521365,0.0,0.0,0.0,0.0,0.0,0.0,0.001572327044025157,0.0,0.003787878787878788,0.0,0.0,0.0,0.0,0.013888888888888888,0.0,0.0,0.0,0.016339869281045753,0.0,0.0,0.0,0.0,0.0,0.0,0.007017543859649123,0.0014619883040935672,0.0,0.0,0.00620290710751237,0.0021367521367521365,0.0,0.0,0.009334233018443544,0.001572327044025157,0.00505514705882353,0.008406432748538011,0.003787878787878788,0.0,0.0026041666666666665,0.014798478203083465,0.0297809829059829,0.021733151771413352,0.01754736234243653,0.2876348429837974,0.23120542125978336,0.3105326793584358,8.0
0.0024509803921568627,0.0,0.0,0.0,0.0,0.0,0.0,0.0,0.0,0.0,0.0,0.0,0.0,0.0,0.0,0.0,0.0,0.0,0.0038539553752535496,0.0,0.010416666666666666,0.0,0.0,0.0,0.0,0.0,0.0,0.0030864197530864196,0.0,0.001893939393939394,0.0030864197530864196,0.008833546189868029,0.008996212121212122,0.0024509803921568627,0.0,0.0,0.0030864197530864196,0.006188725490196078,0.016918572984749455,0.0221929259919456,0.0,0.0,0.02114415225047409,0.034240541828016474,0.014877796729977258,0.040952942770048927,0.2212129535722335,0.2256636755770461,0.3484521730147998,9.0
0.0,0.0,0.0,0.0,0.0016025641025641027,0.0,0.0,0.0016025641025641027,0.0,0.0,0.0,0.0,0.0,0.0,0.0,0.0,0.0,0.0,0.0,0.0,0.0,0.0,0.0,0.0,0.0,0.0,0.0,0.0026041666666666665,0.0010822510822510823,0.013047138047138048,0.0,0.007309606154714851,0.0,0.0,0.0,0.008012820512820514,0.0010822510822510823,0.0010822510822510823,0.008722256004864702,0.016087575870184567,0.001893939393939394,0.0,0.030758867958013924,0.005580357142857143,0.013188448456305598,0.020455652152080724,0.21718412532659426,0.30826800227033146,0.34043516259160667,10.0
0.0,0.0,0.0,0.0,0.0,0.0,0.0,0.0,0.0,0.0,0.0,0.0,0.0,0.0,0.0,0.0,0.013888888888888888,0.0,0.0,0.0,0.006944444444444444,0.0,0.0,0.0,0.001937984496124031,0.0,0.0,0.0,0.003624733475479744,0.0,0.0023809523809523807,0.0026881720430107525,0.001893939393939394,0.0,0.0,0.006520095933074177,0.0,0.004975124378109453,0.030677397615540735,0.001893939393939394,0.009325396825396825,0.0,0.021867118747122327,0.019172366143483922,0.01635770567956973,0.026095286178590586,0.1834426759028712,0.22708766776238865,0.33589277698374004,11.0
0.0,0.0,0.0,0.0,0.0,0.0,0.0,0.0,0.0,0.002777777777777778,0.0,0.0,0.0025252525252525255,0.0,0.0,0.0,0.0,0.0,0.0024509803921568627,0.0,0.005952380952380952,0.0,0.0,0.0024509803921568627,0.0,0.0,0.0,0.0,0.0,0.008477633477633478,0.0,0.0,0.004224030037546934,0.0,0.0,0.0024509803921568627,0.0,0.018431040051679587,0.05461217917399518,0.009873048675185068,0.0043859649122807015,0.005129419191919192,0.012630904634581107,0.008009336312156697,0.032525621806630954,0.05903930657474332,0.1904432739600255,0.25595613935696415,0.31765374940277624,12.0
0.0,0.0,0.0,0.0,0.0,0.0,0.0,0.0,0.0,0.0,0.003968253968253968,0.0,0.0,0.0,0.0,0.0,0.0,0.0,0.0,0.0,0.010416666666666666,0.0,0.0,0.0,0.0,0.0,0.0,0.004166666666666667,0.0,0.0,0.0,0.0,0.005555555555555556,0.0,0.0,0.006359649122807017,0.0,0.02638888888888889,0.01054720133667502,0.01074561403508772,0.007094943240454076,0.0,0.014583333333333332,0.10099206349206351,0.021527777777777774,0.07323377516875969,0.2605258783470857,0.1893811046481325,0.25451262775179184,13.0
