cc,cg,gj,hc,jo,so,go,hi,gc,gh,se,ec,oo,og,io,ii,ig,ij,ch,oc,sj,ic,ci,ge,ei,sc,ji,gi,jc,jh,jj,gg,sh,jg,os,js,es,cs,si,sg,hs,is,ss,gs,TimeFactor
0.0,0.0,0.0,0.0,0.0,0.0,0.0,0.0,0.0,0.0,0.0,0.0,0.0,0.0,0.0,0.0,0.0,0.0,0.0,0.001893939393939394,0.001893939393939394,0.0023148148148148147,0.0023148148148148147,0.0023148148148148147,0.0023148148148148147,0.0023148148148148147,0.0032051282051282055,0.003787878787878788,0.004166666666666667,0.0043859649122807015,0.006538461538461539,0.006996462754889721,0.007039023190708584,0.008981481481481481,0.012803473329789117,0.017163285630777892,0.022738323890009283,0.02798054342171989,0.02978947003401729,0.03203276304817335,0.04005141601890828,0.1807733562823659,0.19559312330314524,0.38061122464164526,1.0
0.0,0.0,0.0,0.0,0.0,0.0,0.0,0.0,0.0,0.0,0.0,0.0013440860215053762,0.001488095238095238,0.001488095238095238,0.0025252525252525255,0.0025252525252525255,0.0033333333333333335,0.004166666666666667,0.009259259259259259,0.0,0.010466559021325756,0.0,0.0,0.0,0.0,0.005050505050505051,0.0,0.0,0.0,0.0,0.0025252525252525255,0.006487286659700453,0.004383431733264881,0.006944444444444444,0.0016025641025641027,0.03676787265022558,0.003962034134447927,0.04440286287477611,0.016673998893826477,0.02511381246364561,0.0409890596086042,0.14582028493576457,0.285241591391153,0.33743839870303916,2.0
0.0,0.0,0.0,0.0,0.0,0.0,0.0,0.0011904761904761904,0.0017730496453900709,0.0017730496453900709,0.005555555555555556,0.0,0.0,0.0,0.0,0.0011904761904761904,0.0,0.0,0.0,0.0,0.011034255599472992,0.0,0.0,0.0,0.001851851851851852,0.0023809523809523807,0.0,0.0036231884057971015,0.0017730496453900709,0.0,0.0036231884057971015,0.0049362674362674365,0.005908878702996351,0.01205065359477124,0.00683020683020683,0.03524962356484095,0.009619369991710418,0.01213088441349311,0.0035714285714285713,0.04413398333923991,0.0247041079487888,0.13725707699900982,0.2362022104516119,0.34830288130575165,3.0
0.0,0.0,0.0,0.0,0.0010683760683760683,0.001736111111111111,0.003869047619047619,0.0,0.0,0.0,0.0,0.0,0.0,0.0010683760683760683,0.0,0.0,0.003632478632478632,0.0,0.0,0.0,0.010896799959299958,0.0,0.0,0.0,0.0,0.008508022774327122,0.0,0.0,0.005911680911680911,0.0,0.0,0.008248560014864363,0.0023504273504273503,0.012408088235294117,0.018663318867123215,0.01444787851037851,0.0,0.010202161968466317,0.02276312420174313,0.02321472810603245,0.013422552688857036,0.14335593467227098,0.17862355923417306,0.43227543967233867,4.0
0.0,0.0,0.0,0.0013227513227513227,0.0,0.0026455026455026454,0.0,0.0026881720430107525,0.0,0.0,0.0,0.0,0.0,0.0,0.0,0.0,0.0,0.0,0.0,0.0,0.0,0.0,0.0,0.0,0.0,0.0054659498207885295,0.0,0.0013227513227513227,0.0,0.0,0.001984126984126984,0.0,0.004672299027137737,0.007192460317460317,0.001366120218579235,0.017861607302301612,0.004010923365762076,0.012299418856795905,0.014467592592592593,0.03390625126012564,0.02311330953146286,0.2241503625952408,0.1867626835092695,0.3714343839510068,5.0
0.0,0.0,0.0,0.0,0.0,0.0,0.0,0.0,0.0,0.0,0.0016666666666666668,0.0,0.0,0.0,0.0,0.0,0.0035606060606060605,0.0,0.0,0.0,0.005,0.0,0.0,0.0,0.0,0.001984126984126984,0.003787878787878788,0.0,0.0,0.0,0.0,0.0016666666666666668,0.011153198653198653,0.0,0.0,0.009381174381174381,0.005952380952380952,0.013792656292656294,0.019697412723728512,0.03002370107633266,0.02377341627341627,0.18837484173010488,0.22040610448505185,0.37644583493267697,6.0
0.0,0.0,0.0021929824561403508,0.0,0.0,0.0,0.0,0.0,0.0,0.0,0.0,0.0,0.0,0.0,0.0,0.0,0.0,0.0,0.0,0.0,0.021856725146198835,0.0,0.0,0.004445234708392603,0.0,0.0021929824561403508,0.0,0.0,0.0,0.0,0.008333333333333333,0.0,0.0,0.003968253968253968,0.0,0.007591442374051069,0.01614114114114114,0.0036231884057971015,0.0043859649122807015,0.06917276053431659,0.01636337219861247,0.18657702324750383,0.31304646015744414,0.3401091349603936,7.0
0.003787878787878788,0.005208333333333333,0.0,0.0,0.0,0.0,0.0,0.0,0.0,0.0,0.0,0.005208333333333333,0.0,0.0,0.0,0.003787878787878788,0.0,0.003787878787878788,0.0,0.0,0.006448412698412699,0.0,0.0,0.0,0.002976190476190476,0.003472222222222222,0.0,0.0,0.0,0.0,0.0,0.0,0.0,0.016826923076923076,0.013888888888888888,0.002976190476190476,0.010416666666666666,0.012362637362637362,0.00992063492063492,0.030077561327561328,0.020396270396270396,0.20382279757279753,0.334473396973397,0.22682757057757055,8.0
0.0,0.0,0.0,0.0,0.0,0.016666666666666666,0.0,0.0,0.0,0.0,0.0036231884057971015,0.0,0.0,0.0,0.0,0.0,0.0,0.0,0.0,0.0,0.011904761904761904,0.0,0.0,0.0,0.0,0.0032051282051282055,0.0036231884057971015,0.0,0.0,0.0,0.0036231884057971015,0.0,0.0,0.03666666666666667,0.005208333333333333,0.02023809523809524,0.03298611111111111,0.021938206720815413,0.027163461538461536,0.02941951566951567,0.047488542053759436,0.2577113526570049,0.21564646705951052,0.17955379262444482,9.0
0.0,0.0,0.0,0.0,0.0,0.0,0.0,0.0,0.0,0.0,0.0,0.0,0.0,0.0,0.0,0.0,0.0,0.0,0.0,0.0,0.009259259259259259,0.0,0.0,0.0,0.0,0.004166666666666667,0.0,0.0,0.0,0.0,0.0,0.003787878787878788,0.0,0.018518518518518517,0.0,0.0,0.041666666666666664,0.0,0.01607142857142857,0.03217592592592592,0.010416666666666666,0.13877465127465125,0.26525372775372774,0.20990860990860993,10.0
0.0,0.0,0.0,0.0,0.006944444444444444,0.0028735632183908046,0.0,0.0,0.0,0.0,0.0,0.0,0.0,0.0,0.0,0.0,0.0,0.0,0.0,0.0,0.0,0.0,0.0,0.0,0.0,0.0028735632183908046,0.0,0.0,0.0,0.0,0.0,0.0,0.004901960784313725,0.041666666666666664,0.008620689655172414,0.017879948914431672,0.0,0.037037037037037035,0.0,0.0,0.04288679073161832,0.13075541954852296,0.43811326341752305,0.1821133190301547,11.0
0.0,0.0,0.0,0.0,0.0,0.0,0.0,0.0,0.0,0.0,0.0,0.0,0.0,0.0,0.0,0.0,0.0,0.0,0.0,0.0,0.017592592592592594,0.0,0.0,0.0,0.0,0.006410256410256411,0.0,0.0,0.0,0.0,0.0,0.0,0.0,0.022222222222222223,0.0,0.0,0.0,0.028205128205128206,0.0032051282051282055,0.03653846153846154,0.03161421911421911,0.14533152033152033,0.4039594664594665,0.22158767158767156,12.0
0.0,0.0,0.0,0.0,0.0,0.0,0.0,0.0,0.0,0.0,0.005952380952380952,0.0,0.0,0.0,0.0,0.0,0.0026881720430107525,0.0,0.0,0.0,0.0,0.0,0.006944444444444444,0.0,0.0,0.0,0.0,0.0,0.0,0.0,0.0,0.0,0.0,0.0202991452991453,0.006410256410256411,0.059821428571428574,0.012362637362637362,0.0026881720430107525,0.01935483870967742,0.02369136240103982,0.04204453700421443,0.10964615581551064,0.38189465104787684,0.30620181789536627,13.0
