sj,os,sc,cs,hs,js,gi,ig,is,gs,ss,TimeFactor
0.0,0.0,0.0,0.0,0.0,0.0,0.002976190476190476,0.002976190476190476,0.011532738095238096,0.03050595238095238,0.6186755952380952,1.0
0.0,0.0,0.010416666666666666,0.010416666666666666,0.013020833333333334,0.06547619047619048,0.0,0.0,0.010416666666666666,0.02728174603174603,0.6129712301587302,2.0
0.0,0.0,0.0,0.010416666666666666,0.0,0.027777777777777776,0.0,0.0,0.0,0.04861111111111111,0.6631944444444445,3.0
0.0,0.0,0.0,0.010416666666666666,0.0,0.07291666666666667,0.0,0.0,0.0,0.020833333333333332,0.4791666666666667,4.0
0.0,0.0,0.0,0.010416666666666666,0.0,0.041666666666666664,0.0,0.0,0.020833333333333332,0.026041666666666668,0.5677083333333334,5.0
0.0,0.020833333333333332,0.0,0.0,0.020833333333333332,0.036458333333333336,0.0,0.0,0.005208333333333333,0.036458333333333336,0.6302083333333334,6.0
0.0,0.0,0.0,0.041666666666666664,0.003472222222222222,0.10833333333333334,0.0,0.0,0.0,0.003472222222222222,0.7597222222222221,7.0
0.0,0.0,0.0,0.0,0.0,0.0625,0.0,0.0,0.006944444444444444,0.01736111111111111,0.6631944444444444,8.0
0.0,0.0,0.0,0.002976190476190476,0.0,0.04662698412698413,0.0,0.0,0.002976190476190476,0.0,0.36408730158730157,9.0
0.0,0.020833333333333332,0.0,0.0,0.010416666666666666,0.052083333333333336,0.0,0.0,0.026041666666666668,0.0,0.640625,10.0
0.0,0.0,0.0,0.004166666666666667,0.0,0.010416666666666666,0.0,0.0,0.0,0.014583333333333332,0.5541666666666667,11.0
0.020833333333333332,0.0,0.0,0.0,0.027777777777777776,0.05902777777777777,0.0,0.0,0.010416666666666666,0.0,0.5486111111111112,12.0
0.0,0.0,0.0,0.0,0.006944444444444444,0.01736111111111111,0.0,0.0,0.013020833333333334,0.0,0.5460069444444445,13.0
