so,gh,es,ih,sh,ge,hi,sc,ei,ii,hs,gi,ig,si,os,is,sg,gg,js,cs,gs,ss,TimeFactor
0.0,0.0,0.0,0.0,0.0,0.0,0.0,0.0,0.0,0.0,0.0,0.0,0.0,0.0,0.0026041666666666665,0.0026041666666666665,0.006944444444444444,0.01909722222222222,0.027777777777777776,0.03125,0.059895833333333336,0.599826388888889,1.0
0.0,0.0,0.0,0.0,0.0,0.0,0.0,0.0,0.0,0.0,0.0,0.0023148148148148147,0.0023148148148148147,0.0026041666666666665,0.0023148148148148147,0.030381944444444444,0.010416666666666666,0.013020833333333334,0.0630787037037037,0.0023148148148148147,0.02980324074074074,0.6747685185185185,2.0
0.0,0.0,0.0,0.0,0.0,0.0,0.0,0.0,0.0,0.005208333333333333,0.041666666666666664,0.003472222222222222,0.006944444444444444,0.012152777777777778,0.0,0.03888888888888889,0.015625,0.015625,0.03134920634920635,0.010416666666666666,0.029513888888888885,0.5391369047619048,3.0
0.0,0.0,0.0,0.0,0.0,0.0,0.0,0.0,0.0023148148148148147,0.0,0.0023148148148148147,0.0,0.0,0.008101851851851851,0.004166666666666667,0.019675925925925927,0.013888888888888888,0.011574074074074075,0.09027777777777778,0.0,0.02962962962962963,0.5680555555555555,4.0
0.0,0.0,0.0,0.0,0.0,0.0,0.0,0.0,0.0,0.0023148148148148147,0.010416666666666666,0.005787037037037038,0.0023148148148148147,0.0023148148148148147,0.020833333333333332,0.005787037037037038,0.010416666666666666,0.0023148148148148147,0.05555555555555555,0.026620370370370374,0.032407407407407406,0.6562499999999999,5.0
0.0,0.0,0.0,0.0,0.0,0.0,0.0,0.0023148148148148147,0.0,0.0,0.0,0.003472222222222222,0.0,0.013888888888888888,0.0,0.024305555555555552,0.01736111111111111,0.019675925925925927,0.041666666666666664,0.03356481481481482,0.06712962962962964,0.5266203703703703,6.0
0.0,0.0,0.0020833333333333333,0.0020833333333333333,0.0020833333333333333,0.0020833333333333333,0.004166666666666667,0.0,0.0,0.006481481481481481,0.0,0.004166666666666667,0.0020833333333333333,0.011342592592592592,0.0,0.020601851851851854,0.013657407407407408,0.008796296296296297,0.04340277777777777,0.0,0.02847222222222222,0.43182870370370363,7.0
0.0,0.0,0.0,0.0,0.0,0.0,0.0,0.0,0.0,0.0078125,0.005208333333333333,0.008928571428571428,0.0026041666666666665,0.014136904761904762,0.0,0.049107142857142856,0.008556547619047618,0.011160714285714286,0.0625,0.0026041666666666665,0.034102182539682536,0.6266121031746031,8.0
0.0,0.0016025641025641027,0.0,0.0,0.0,0.0,0.0,0.0,0.0,0.0,0.012019230769230768,0.0026041666666666665,0.0032051282051282055,0.0016025641025641027,0.0,0.01622596153846154,0.012219551282051282,0.017427884615384616,0.04861111111111111,0.0,0.027577457264957264,0.523571047008547,9.0
0.0,0.0,0.0,0.0,0.0,0.0,0.0,0.0,0.0,0.001736111111111111,0.020833333333333332,0.003472222222222222,0.001736111111111111,0.001736111111111111,0.0,0.005208333333333333,0.01099537037037037,0.010416666666666666,0.051388888888888894,0.0,0.0318287037037037,0.6106481481481482,10.0
0.0,0.0,0.0,0.0,0.0,0.0,0.004166666666666667,0.0,0.0,0.0,0.0,0.0,0.0,0.0,0.002976190476190476,0.008072916666666667,0.008333333333333333,0.004166666666666667,0.04583333333333334,0.0,0.02068452380952381,0.4890997023809524,11.0
0.0,0.0,0.0,0.0,0.0,0.0,0.0,0.0,0.0,0.003977272727272728,0.001893939393939394,0.0,0.001893939393939394,0.0020833333333333333,0.0,0.006060606060606061,0.004166666666666667,0.0,0.023809523809523808,0.002976190476190476,0.0329004329004329,0.5869047619047619,12.0
0.001736111111111111,0.0,0.0,0.0,0.0,0.0,0.0,0.0,0.0,0.001736111111111111,0.0,0.0,0.005208333333333333,0.004340277777777777,0.001736111111111111,0.007523148148148148,0.003472222222222222,0.001736111111111111,0.036458333333333336,0.0,0.027777777777777776,0.6582754629629629,13.0
