hc,oc,cg,go,gh,ic,he,jj,so,gj,jc,hi,og,jg,co,hj,ie,ee,eg,oi,hg,se,ij,ci,sh,ii,ei,ce,es,gi,ge,ig,gg,sc,ch,sj,cs,js,sg,os,hs,si,is,ss,gs,TimeFactor
0.0,0.0,0.0,0.0,0.0,0.0,0.0,0.0,0.0,0.0,0.0,0.0,0.0,0.0,0.0,0.0,0.0,0.0,0.0,0.0,0.0,0.0012437810945273632,0.0021929824561403508,0.0021929824561403508,0.0023148148148148147,0.0024875621890547263,0.0026041666666666665,0.0026881720430107525,0.0032051282051282055,0.003436763550667714,0.005208333333333333,0.007284711311861744,0.00865032476506357,0.010195259784075573,0.010416666666666666,0.011618589743589744,0.018509146798620483,0.018898757166842143,0.021097454976579093,0.023026315789473683,0.024777523159512302,0.027876524726422092,0.21116596443742286,0.2851325427603365,0.2937755311040493,1.0
0.0,0.0,0.0,0.0,0.0,0.0,0.0,0.0,0.0,0.0014124293785310734,0.0014124293785310734,0.0014367816091954023,0.0014367816091954023,0.0015151515151515152,0.001572327044025157,0.001572327044025157,0.0017730496453900709,0.0023148148148148147,0.0023148148148148147,0.0028735632183908046,0.0046466128637808754,0.0,0.0028735632183908046,0.0030091086532205596,0.0017730496453900709,0.0014367816091954023,0.0,0.0,0.002976190476190476,0.004749240121580547,0.0023148148148148147,0.009769813730451335,0.017522339682114873,0.005537383030737229,0.0,0.01377921737591549,0.015313918245917041,0.03246839345773889,0.02215865463854909,0.004581435697245717,0.04266858734524401,0.011061222272004817,0.19139301669956824,0.21488359666441917,0.3754485896854652,2.0
0.0,0.0,0.0,0.0,0.0,0.0,0.0,0.0,0.007575757575757576,0.0,0.0026041666666666665,0.0,0.0,0.007575757575757576,0.0,0.0,0.0,0.0,0.0,0.0,0.0,0.0,0.0,0.0,0.0,0.0023148148148148147,0.0,0.0,0.01051363306265267,0.0026041666666666665,0.0,0.0025252525252525255,0.02098799713931293,0.010839460784313725,0.0,0.02944323403204982,0.01605180881496671,0.016765386710239652,0.03650733525733525,0.0,0.028202345088310002,0.01372730278980279,0.16021269488213505,0.3201356251343352,0.3114132604796304,3.0
0.0,0.0,0.0,0.0,0.0026881720430107525,0.0026881720430107525,0.0026881720430107525,0.03046594982078853,0.0,0.0,0.0026881720430107525,0.0,0.0021929824561403508,0.0,0.0,0.0,0.0,0.0,0.0021929824561403508,0.0,0.0,0.0030864197530864196,0.0,0.0,0.006578947368421052,0.0026881720430107525,0.0,0.0,0.027777777777777776,0.0043859649122807015,0.0,0.0,0.007074136955291454,0.0021929824561403508,0.0,0.0191131790822715,0.010510900505959167,0.007569326542161856,0.0164075173936732,0.008145363408521303,0.006578947368421052,0.015412861290272894,0.14606691616758877,0.27236487180990915,0.3984411122601003,4.0
0.0,0.0,0.0,0.0026881720430107525,0.0,0.0,0.0,0.0,0.001937984496124031,0.0,0.0,0.0,0.0,0.0,0.0,0.0,0.0,0.0,0.0,0.0,0.0,0.0,0.0,0.0,0.0026881720430107525,0.004626156539134784,0.0,0.0,0.0016025641025641027,0.0,0.0,0.005725863284002819,0.004054292261589988,0.0016025641025641027,0.0,0.03997034460605783,0.002968684321143338,0.01249586435070306,0.01929870577144076,0.003787878787878788,0.021935057095655647,0.02762304159177968,0.1260533970308084,0.30493505633666185,0.41600620123586923,5.0
0.0,0.0018115942028985507,0.0018115942028985507,0.0,0.0,0.0,0.0,0.0,0.0,0.0,0.0,0.0,0.0,0.010416666666666666,0.0,0.002777777777777778,0.0,0.0,0.0,0.0,0.002777777777777778,0.0,0.0,0.0,0.0,0.0018115942028985507,0.0,0.0,0.0,0.0,0.0,0.0,0.008101851851851851,0.0,0.0,0.011965811965811965,0.011070853462157809,0.019635668276972624,0.02723429951690821,0.0,0.002777777777777778,0.007407407407407407,0.15972996407779017,0.39514856620834876,0.33552079462405554,6.0
0.0025252525252525255,0.0,0.0,0.0,0.0,0.0,0.0,0.0,0.0,0.0,0.0,0.0,0.0,0.020833333333333332,0.0,0.0,0.0,0.0,0.0,0.0,0.0,0.0,0.0,0.0,0.010648148148148148,0.0,0.0,0.0,0.0020325203252032522,0.002777777777777778,0.0020325203252032522,0.0,0.004166666666666667,0.0018115942028985507,0.0,0.01847826086956522,0.0023148148148148147,0.01725955204216074,0.04817981103771135,0.0023148148148148147,0.03182367149758454,0.0,0.18455027602694626,0.24274286698729966,0.40550811860461905,7.0
0.0,0.0,0.0,0.0,0.0,0.0,0.0,0.0,0.0,0.0,0.0,0.0,0.0,0.008333333333333333,0.0,0.0,0.0,0.0,0.0,0.0,0.0025252525252525255,0.0,0.0,0.0,0.0,0.0,0.0,0.0,0.003472222222222222,0.0,0.008333333333333333,0.0,0.0,0.0026041666666666665,0.0,0.01966374269005848,0.005050505050505051,0.010714285714285716,0.031167169818485607,0.0,0.0026041666666666665,0.005129419191919192,0.14836262056656793,0.4099724927849928,0.34206728943571046,8.0
0.0,0.0,0.0,0.0,0.0,0.0,0.0021929824561403508,0.0,0.0,0.0022522522522522522,0.0,0.0,0.0,0.013888888888888888,0.0,0.0,0.0,0.0,0.0021367521367521365,0.0,0.0014619883040935672,0.0,0.0,0.0,0.0,0.0,0.0,0.0,0.015350877192982455,0.0,0.0,0.0014619883040935672,0.01608187134502924,0.0014619883040935672,0.0021929824561403508,0.0022522522522522522,0.008831199620673304,0.0021929824561403508,0.02517410837844274,0.0,0.019433198380566803,0.0061059511523907815,0.13217670516432126,0.32351315056423413,0.421837880390512,9.0
0.0,0.0,0.0,0.0,0.0,0.0,0.0,0.0,0.002976190476190476,0.0,0.0,0.0,0.0,0.0,0.0,0.0,0.0,0.0,0.0,0.004629629629629629,0.0,0.0,0.0,0.0,0.001851851851851852,0.0,0.0,0.0,0.0,0.006172839506172839,0.0,0.0030864197530864196,0.0049382716049382715,0.0,0.0,0.008465608465608466,0.003703703703703704,0.017094017094017092,0.01487979207277453,0.0,0.0,0.0032051282051282055,0.1463369070825211,0.3870531028425765,0.3122732043784675,10.0
0.0,0.0,0.001851851851851852,0.0,0.0,0.0,0.0,0.0,0.0,0.0,0.0,0.0,0.0,0.0,0.0,0.001851851851851852,0.0,0.0,0.0,0.0,0.001851851851851852,0.0,0.0,0.0,0.0,0.0,0.0,0.0,0.0,0.0,0.0,0.0,0.0,0.0,0.0,0.012037037037037035,0.0,0.026368760064412234,0.06552795031055901,0.0,0.016666666666666666,0.004629629629629629,0.09504700211221952,0.4245375598636469,0.3496298387602736,11.0
0.0,0.0,0.0,0.0,0.0,0.0,0.0,0.0,0.0,0.0,0.0,0.0,0.0,0.0,0.0,0.0,0.0,0.0,0.0,0.0,0.0,0.0,0.0,0.0,0.001572327044025157,0.0,0.0,0.0,0.0,0.001282051282051282,0.0,0.002564102564102564,0.001282051282051282,0.0,0.0,0.008394959338355565,0.0,0.004258241758241758,0.007814407814407814,0.0,0.001572327044025157,0.0038461538461538464,0.18529021205908,0.3445667627271401,0.3542230699070322,12.0
0.0,0.0,0.0,0.0,0.0,0.0,0.0,0.007988380537400145,0.0,0.0,0.0,0.0,0.005555555555555556,0.0,0.0,0.0,0.004901960784313725,0.0,0.0,0.0,0.0021367521367521365,0.0,0.0,0.0,0.0,0.0,0.0036231884057971015,0.0,0.0032467532467532465,0.0021367521367521365,0.0,0.0021367521367521365,0.001984126984126984,0.001984126984126984,0.0,0.007756132756132756,0.01596850861556744,0.0021367521367521365,0.02354697771364438,0.006105006105006104,0.00808080808080808,0.00721677559912854,0.12458137202382724,0.33460380081224067,0.35097618391522917,13.0
