io,ie,jo,ji,og,oj,hc,ec,hg,hi,ee,gh,jg,ij,cg,ge,jc,oi,ii,gj,ch,je,eg,cc,oc,so,ic,hh,jj,ci,es,gi,jh,se,sc,ig,sj,gg,os,si,sg,sh,hs,cs,js,ss,is,gs,TimeFactor
0.0,0.0,0.0,0.0,0.0,0.0,0.0,0.0,0.0,0.0,0.0,0.0,0.0,0.0,0.0,0.0,0.0,0.0,0.0,0.0,0.0,0.0,0.0,0.001141552511415525,0.001141552511415525,0.001388888888888889,0.001388888888888889,0.001572327044025157,0.001572327044025157,0.001572327044025157,0.0016025641025641027,0.00228310502283105,0.0024509803921568627,0.0026881720430107525,0.002713879555440682,0.0035925329035723878,0.005139152435167616,0.010760494427804723,0.011764170573425908,0.014912697089542792,0.017447760628663128,0.02240566037735849,0.027075312261082275,0.030040138033945046,0.04046676685720089,0.16788719489030135,0.2757740244078226,0.351217530065425,1.0
0.0,0.0,0.0,0.0,0.0,0.0,0.0,0.0,0.0,0.0,0.0,0.0,0.0,0.000641025641025641,0.000641025641025641,0.000641025641025641,0.000641025641025641,0.000641025641025641,0.000641025641025641,0.0014619883040935672,0.001736111111111111,0.003968253968253968,0.004629629629629629,0.0,0.0,0.0,0.0,0.0,0.0,0.0,0.003968253968253968,0.003472222222222222,0.0,0.0,0.004934210526315789,0.004113247863247863,0.002103013945119208,0.009241452991452992,0.009962606837606837,0.010641119358224621,0.013970343092683517,0.0,0.03207282418858567,0.05344275542693796,0.05660826746353063,0.15784861031921502,0.3078963106643678,0.31408262427299377,2.0
0.0,0.0,0.0,0.0,0.0,0.0,0.0,0.0,0.0,0.0,0.0016666666666666668,0.0026881720430107525,0.011904761904761904,0.0,0.0,0.0,0.0,0.0008169934640522876,0.0024836601307189543,0.0008169934640522876,0.0,0.0,0.0,0.0,0.0,0.0,0.0,0.0,0.0,0.0016666666666666668,0.013085511982570805,0.003300653594771242,0.0,0.0,0.006410256410256411,0.0,0.0008169934640522876,0.006601307189542484,0.011135671480499066,0.003300653594771242,0.03600524599902994,0.009259259259259259,0.07333937269421141,0.030062946665503427,0.022590811965811964,0.11676392130205189,0.31022340159265166,0.3350600784650873,3.0
0.0,0.0,0.0,0.0,0.0,0.0,0.0,0.0,0.0006887052341597796,0.001984126984126984,0.0,0.0,0.01607142857142857,0.0,0.0,0.0,0.010416666666666666,0.0,0.001984126984126984,0.0,0.0,0.0,0.0,0.0,0.0,0.0,0.001984126984126984,0.0,0.0006887052341597796,0.0,0.005952380952380952,0.0027548209366391185,0.0,0.0,0.0006887052341597796,0.006198347107438017,0.0015432098765432098,0.004298030813182328,0.0006887052341597796,0.008264462809917356,0.02758464879677,0.01597222222222222,0.03215388007054674,0.06333154780124477,0.013243819872607749,0.13301922544346786,0.2756079918958707,0.37488011427405366,4.0
0.0,0.0,0.0,0.0,0.000641025641025641,0.0015432098765432098,0.006944444444444444,0.007585470085470085,0.0,0.0,0.0,0.0,0.019907407407407405,0.0,0.0,0.0,0.0,0.0,0.001282051282051282,0.0,0.0,0.0,0.0,0.0,0.0,0.0,0.0,0.0,0.0,0.0,0.0,0.002825261158594492,0.010416666666666666,0.0,0.0031155369205683667,0.0021842355175688507,0.004629629629629629,0.0021842355175688507,0.006944444444444444,0.006872099482162375,0.009635236732951106,0.004629629629629629,0.07575643550486318,0.03095205757807384,0.01671415004748338,0.1853262723382757,0.2626513630847117,0.33725913700986565,5.0
0.0,0.0,0.0,0.0017006802721088435,0.0,0.0,0.0,0.0,0.0,0.0,0.0,0.0,0.020833333333333332,0.0,0.0,0.0,0.0017006802721088435,0.0,0.0042104220328908265,0.016666666666666666,0.0,0.0,0.0,0.0,0.0,0.0,0.0,0.0,0.0,0.0,0.011225728155339806,0.003401360544217687,0.005208333333333333,0.0,0.0008090614886731391,0.005828545010237105,0.017475728155339806,0.008621733483037226,0.0025097417607819823,0.010763888888888887,0.020429536431616876,0.0025097417607819823,0.0370619855528574,0.014808941940590488,0.025047216052824377,0.17254981937523797,0.2579545311213628,0.3586823243677706,6.0
0.0,0.0,0.009259259259259259,0.001736111111111111,0.0,0.0,0.0,0.0,0.0,0.0,0.0,0.0,0.012820512820512822,0.0,0.0,0.0,0.0,0.0,0.0030193236714975845,0.0,0.0,0.0,0.0,0.0,0.0,0.0021929824561403508,0.0,0.0,0.0,0.001736111111111111,0.004629629629629629,0.003472222222222222,0.0,0.001736111111111111,0.006076388888888888,0.0018115942028985507,0.010893246187363833,0.010492149758454106,0.002237851662404092,0.0066536125319693095,0.002339975845410628,0.0,0.04486773733139327,0.009137426900584795,0.04195181417048425,0.20795513033490887,0.2757151733397695,0.33926563545287464,7.0
0.0,0.0,0.0,0.0018115942028985507,0.0,0.0,0.0,0.0,0.0018115942028985507,0.0,0.0,0.0,0.0021367521367521365,0.0,0.0,0.0018115942028985507,0.0,0.0005707762557077625,0.003523922970021838,0.0,0.0,0.0,0.0,0.0,0.0,0.0,0.0,0.0,0.0,0.0,0.026041666666666668,0.004764740917212626,0.0,0.0,0.0,0.0005707762557077625,0.0021367521367521365,0.008288663887234465,0.015385591070522576,0.016768859160163508,0.01325137889871362,0.0021367521367521365,0.04524303275420013,0.032429157072421916,0.0225037270494636,0.19068268768176946,0.30437623915140294,0.30375374118983905,8.0
0.0,0.0005868544600938967,0.0,0.0,0.0,0.0,0.0,0.0,0.0,0.0,0.0,0.0,0.01510989010989011,0.0,0.0,0.0,0.0,0.0,0.0005868544600938967,0.0,0.0,0.0,0.0,0.0,0.0,0.003472222222222222,0.0,0.0,0.0,0.0,0.005208333333333333,0.0030378348522507592,0.0,0.003472222222222222,0.0030864197530864196,0.0011737089201877935,0.0030378348522507592,0.006662524164595416,0.0,0.0011737089201877935,0.005476541164196508,0.005537400145243283,0.04019450307509546,0.005476541164196508,0.017086923153099624,0.1264186540698554,0.2393553661720259,0.5138456627858726,9.0
0.0,0.0,0.001893939393939394,0.001893939393939394,0.0,0.0,0.0,0.0,0.0,0.0,0.0,0.0,0.001937984496124031,0.0,0.0,0.0,0.0,0.0,0.0004816955684007707,0.0,0.0,0.0,0.0,0.0,0.0,0.0,0.0,0.0,0.0,0.0,0.02548169556840077,0.0009633911368015414,0.0,0.0,0.0004816955684007707,0.0009633911368015414,0.01570767195767196,0.007142972721343469,0.0,0.016513500069263415,0.03765540416551977,0.010271317829457364,0.037565216575332176,0.0024196800645248017,0.03042328042328042,0.21348863699571022,0.20634800657188626,0.38836658036320193,10.0
0.0,0.0,0.0,0.0022522522522522522,0.0,0.0,0.0,0.0,0.0,0.0005518763796909492,0.0,0.0,0.027777777777777776,0.0,0.0,0.0,0.0,0.0,0.002207505518763797,0.0,0.0,0.0,0.0,0.0,0.0,0.0,0.0,0.0,0.0,0.0,0.0,0.0033560050116341507,0.0,0.0,0.0005518763796909492,0.0,0.003795462128795462,0.015169142652586362,0.0070987654320987656,0.011425977449365875,0.009190053740274491,0.0,0.020249508934557407,0.024104395030248815,0.021731101581904652,0.19354604420683139,0.2437270231943235,0.41326523232920337,11.0
0.0,0.0,0.0,0.0,0.0,0.0,0.0,0.0,0.0,0.0,0.0,0.0,0.0,0.0,0.0,0.0,0.009608277900960827,0.0,0.0020325203252032522,0.0,0.0,0.0,0.0,0.0,0.0,0.0,0.0,0.0,0.0016339869281045752,0.0,0.005952380952380952,0.0005081300813008131,0.0,0.0,0.013888888888888888,0.009608277900960827,0.013888888888888888,0.0066056910569105695,0.00417463733460864,0.01205913291137341,0.011351974732982625,0.0009689922480620155,0.035198192989474554,0.023540233111985803,0.06389309850572404,0.19396379948337986,0.22341207759752976,0.3677108181612796,12.0
0.001984126984126984,0.0,0.0,0.0,0.0,0.0,0.0,0.0,0.0,0.0,0.0017730496453900709,0.0,0.011904761904761904,0.0,0.0,0.0,0.0,0.0,0.0,0.0,0.0,0.0,0.0,0.0,0.0,0.0,0.0,0.0,0.0,0.0,0.005526315789473685,0.004580999066293184,0.0,0.0029807791139891044,0.0006127450980392157,0.0,0.0017730496453900709,0.02007703081232493,0.007932064203060843,0.04044642857142857,0.02772842454897469,0.001984126984126984,0.01826324389404885,0.050854627965407885,0.03887013485628602,0.15824549279844694,0.20001417678826403,0.404448421330166,13.0
