se,es,hs,gg,sg,os,si,is,cs,gs,js,ss,TimeFactor
0.0,0.0,0.0,0.0,0.0,0.0,0.0,0.0,0.0,0.010416666666666666,0.03125,0.5416666666666666,1.0
0.0,0.0,0.0,0.0,0.0,0.0,0.020833333333333332,0.03819444444444444,0.041666666666666664,0.020833333333333332,0.024305555555555552,0.5208333333333333,2.0
0.0,0.0,0.0,0.0,0.0,0.006944444444444444,0.0,0.013888888888888888,0.0,0.048611111111111105,0.041666666666666664,0.7222222222222222,3.0
0.0,0.0,0.0,0.0,0.020833333333333332,0.0,0.0,0.018055555555555557,0.020833333333333332,0.07361111111111111,0.03333333333333333,0.6666666666666666,4.0
0.0,0.0,0.0,0.041666666666666664,0.03125,0.0,0.003472222222222222,0.045138888888888895,0.0,0.08333333333333333,0.003472222222222222,0.5416666666666666,5.0
0.0,0.0,0.0,0.0,0.0,0.0,0.0,0.041666666666666664,0.0,0.01736111111111111,0.029513888888888885,0.7447916666666666,6.0
0.0,0.0,0.0,0.0,0.0,0.0,0.0,0.015625,0.0,0.031249999999999997,0.029513888888888885,0.7569444444444443,7.0
0.006944444444444444,0.006944444444444444,0.020833333333333332,0.0,0.0,0.0,0.0,0.0,0.0,0.041666666666666664,0.052083333333333336,0.6215277777777778,8.0
0.0,0.0,0.0,0.013888888888888888,0.004166666666666667,0.0,0.0,0.010416666666666666,0.0,0.03888888888888889,0.010416666666666666,0.4222222222222222,9.0
0.0,0.0,0.0,0.0,0.005208333333333333,0.0,0.010416666666666666,0.01736111111111111,0.006944444444444444,0.03298611111111111,0.03125,0.5625,10.0
0.0,0.0,0.0,0.020833333333333332,0.010416666666666666,0.0,0.002976190476190476,0.01636904761904762,0.0,0.03720238095238095,0.006944444444444444,0.4052579365079365,11.0
0.0,0.0,0.0,0.0,0.0,0.0,0.0,0.03125,0.0,0.010416666666666666,0.01736111111111111,0.5243055555555555,12.0
0.0,0.0,0.0,0.0,0.0,0.0,0.0,0.023809523809523808,0.0,0.022321428571428572,0.03125,0.4226190476190476,13.0
