gg,sg,sc,se,os,js,cs,gs,is,es,ss,TimeFactor
0.0,0.0,0.0,0.0,0.0,0.0,0.0,0.007575757575757576,0.016666666666666666,0.016666666666666666,0.2090909090909091,1.0
0.0,0.0,0.0,0.0,0.0,0.0,0.0,0.0,0.0,0.0,0.0,2.0
0.0,0.0,0.0,0.0,0.0,0.013888888888888888,0.016666666666666666,0.0,0.0,0.0,0.1361111111111111,3.0
0.0,0.0,0.0,0.0,0.007575757575757576,0.0,0.0,0.016666666666666666,0.0,0.016666666666666666,0.20909090909090908,4.0
0.0,0.0,0.0,0.0,0.0,0.027777777777777776,0.0,0.0,0.0,0.0,0.3888888888888889,5.0
0.0,0.0,0.0,0.0,0.0,0.0,0.0,0.013888888888888888,0.0,0.0,0.23611111111111113,6.0
0.0,0.0,0.0,0.0,0.013888888888888888,0.013888888888888888,0.0,0.0,0.0,0.0,0.1388888888888889,7.0
0.0,0.0,0.013888888888888888,0.013888888888888888,0.0,0.006944444444444444,0.027777777777777776,0.0,0.0,0.013888888888888888,0.09027777777777778,8.0
0.0,0.0,0.0,0.0,0.0,0.013888888888888888,0.0,0.013888888888888888,0.0,0.0,0.22222222222222224,9.0
0.0,0.016666666666666666,0.0,0.0,0.0,0.0,0.0,0.03333333333333333,0.0,0.0,0.2833333333333333,10.0
0.006944444444444444,0.02361111111111111,0.0,0.0,0.0,0.0,0.013888888888888888,0.04722222222222222,0.0,0.006944444444444444,0.3180555555555556,11.0
0.0,0.0,0.0,0.0,0.016666666666666666,0.013888888888888888,0.0,0.0,0.016666666666666666,0.0,0.4527777777777778,12.0
0.011904761904761904,0.003968253968253968,0.0,0.0,0.0,0.006944444444444444,0.0,0.003968253968253968,0.0,0.0,0.306547619047619,13.0
