ggg,ggs,jcs,ssh,shs,osh,shh,sos,scs,isc,ess,ssg,sgg,gis,sis,sgs,ssi,sii,oss,jss,gss,css,hss,iss,sss,TimeFactor
0.0,0.0,0.0,0.0,0.0,0.0,0.0,0.0,0.0,0.0,0.0,0.0,0.0,0.0,0.0,0.0,0.006944444444444444,0.006944444444444444,0.012499999999999999,0.013888888888888888,0.019444444444444445,0.020833333333333332,0.027777777777777776,0.06944444444444443,0.5722222222222222,1.0
0.0,0.0,0.0,0.0,0.0,0.0,0.0,0.0,0.0,0.0,0.0,0.0,0.0,0.0,0.0,0.005555555555555556,0.0,0.0,0.0,0.005555555555555556,0.005555555555555556,0.0,0.027777777777777776,0.027777777777777776,0.3444444444444445,2.0
0.0,0.0,0.0,0.0,0.0,0.0,0.0,0.0,0.0,0.0,0.0,0.0,0.0,0.0,0.0,0.0,0.0,0.0,0.0,0.0,0.041666666666666664,0.041666666666666664,0.0,0.0,0.5833333333333334,3.0
0.0,0.0,0.0,0.0,0.0,0.0,0.0,0.0,0.0,0.0,0.0,0.0,0.0,0.004629629629629629,0.004629629629629629,0.0,0.0,0.0,0.0,0.004629629629629629,0.03333333333333333,0.027777777777777776,0.006944444444444444,0.009259259259259259,0.49212962962962964,4.0
0.0,0.0,0.0,0.0,0.0,0.0,0.0,0.0,0.0,0.0,0.0,0.0,0.0,0.0,0.0,0.0,0.0,0.0,0.0,0.006944444444444444,0.009259259259259259,0.0,0.0,0.013888888888888888,0.46990740740740744,5.0
0.0,0.0,0.0,0.0,0.0,0.0,0.0,0.0,0.0,0.0,0.0,0.013888888888888888,0.013888888888888888,0.0,0.0,0.0,0.0,0.0,0.0,0.018518518518518517,0.09027777777777778,0.0,0.0,0.043981481481481476,0.5694444444444444,6.0
0.0,0.0,0.0,0.0,0.0,0.0,0.0,0.0,0.0,0.0,0.0,0.0,0.0,0.0,0.0,0.003968253968253968,0.0,0.0,0.003968253968253968,0.027777777777777776,0.04563492063492063,0.0,0.003472222222222222,0.01736111111111111,0.564484126984127,7.0
0.0,0.0,0.0,0.0,0.0,0.0,0.0,0.0,0.0,0.0,0.0,0.0,0.0,0.0,0.0,0.0,0.0,0.0,0.0,0.004629629629629629,0.037037037037037035,0.0,0.0,0.032407407407407406,0.5925925925925927,8.0
0.0,0.0,0.0,0.0,0.0,0.0,0.0,0.0,0.0,0.0,0.013888888888888888,0.0,0.0,0.0,0.0,0.0,0.0,0.0,0.0,0.014814814814814814,0.012626262626262626,0.011784511784511785,0.0,0.01893939393939394,0.6779461279461279,9.0
0.0,0.0,0.0,0.0,0.0,0.0,0.0,0.0,0.009259259259259259,0.009259259259259259,0.0,0.0,0.0,0.0,0.0,0.0,0.0,0.0,0.0,0.040123456790123455,0.02561728395061728,0.009259259259259259,0.009259259259259259,0.027777777777777776,0.4527777777777778,10.0
0.0,0.0,0.0,0.0,0.0,0.013888888888888888,0.013888888888888888,0.013888888888888888,0.0,0.0,0.0,0.0,0.0,0.0,0.0,0.0,0.0,0.0,0.0,0.013888888888888888,0.03819444444444444,0.0,0.009259259259259259,0.037037037037037035,0.6099537037037036,11.0
0.0,0.0,0.0,0.004629629629629629,0.004629629629629629,0.0,0.0,0.0,0.0,0.0,0.0,0.0,0.0,0.0,0.0,0.0,0.0,0.0,0.0021367521367521365,0.03917378917378917,0.021901709401709404,0.0,0.0067663817663817655,0.0021367521367521365,0.5019586894586895,12.0
0.0015432098765432098,0.0015432098765432098,0.009259259259259259,0.0,0.0,0.0,0.0,0.0,0.0,0.0,0.0,0.0,0.0,0.0,0.009259259259259259,0.0,0.0,0.0,0.013888888888888888,0.013888888888888888,0.026234567901234563,0.013888888888888888,0.0,0.02314814814814815,0.47067901234567905,13.0
