ssg,sjs,jjs,jsi,jsg,shs,egs,iii,igg,sgi,gsh,jic,iie,iis,jgs,osc,jhs,hgs,sgg,igs,gii,ess,jsj,igi,ggg,sij,ges,iig,isi,ssh,scs,gis,gig,isg,gsg,ggi,ggs,ses,ois,csi,cis,sig,gsi,oii,jis,sos,sgs,sis,oss,hss,css,jss,gss,iss,sss,TimeFactor
0.0,0.0,0.0,0.0,0.0,0.0,0.0,0.0,0.0,0.0,0.0,0.0,0.0,0.0,0.0,0.0,0.0,0.0,0.0,0.0,0.0,0.0,0.0,0.0,0.0,0.0,0.0,0.0,0.0,0.0,0.0,0.0,0.0,0.0,0.0,0.0,0.0,0.0012077294685990338,0.0014619883040935672,0.0014619883040935672,0.0014619883040935672,0.0014619883040935672,0.0014619883040935672,0.001572327044025157,0.001572327044025157,0.0030864197530864196,0.004131706076786168,0.004901960784313725,0.008325211176088369,0.027596408474015222,0.061146431961967625,0.10767923067761088,0.15301929642963438,0.27724857469312425,0.34120243489625574,1.0
0.0,0.0,0.0,0.0,0.0,0.0,0.0,0.0,0.0,0.0,0.0,0.0,0.0,0.0,0.0,0.0,0.0,0.0,0.0,0.0,0.0,0.0,0.0,0.0,0.0,0.0,0.0,0.0,0.0,0.0,0.0,0.0,0.0014367816091954023,0.0014367816091954023,0.0028735632183908046,0.003137461881304246,0.004310344827586207,0.0,0.0,0.0,0.0,0.0,0.0014367816091954023,0.0,0.0,0.0014367816091954023,0.0028735632183908046,0.0014367816091954023,0.0017006802721088435,0.046109984223574485,0.07379932048467992,0.15346494618923767,0.16101666480273483,0.18795363253595668,0.3555759303000585,2.0
0.0,0.0,0.0,0.0,0.0,0.0,0.0,0.0,0.0,0.0,0.0,0.0,0.0,0.0,0.0,0.0,0.0,0.0,0.0,0.0,0.0,0.0,0.0008417508417508418,0.0008417508417508418,0.0008417508417508418,0.0020833333333333333,0.0020833333333333333,0.0020833333333333333,0.0020833333333333333,0.0026881720430107525,0.0026881720430107525,0.0062499999999999995,0.0,0.0020833333333333333,0.004166666666666667,0.004166666666666667,0.0,0.0,0.0,0.0,0.0,0.0,0.0,0.0,0.0,0.0,0.0020833333333333333,0.0036231884057971015,0.0,0.04976583892118697,0.06510852862662692,0.23013397428512106,0.15887322419687408,0.1400303917394095,0.317479923880377,3.0
0.0,0.0,0.0,0.0,0.0,0.0,0.0,0.0,0.0,0.0,0.0,0.0,0.0,0.0,0.0,0.0008090614886731391,0.0008090614886731391,0.0014124293785310734,0.0014124293785310734,0.0014124293785310734,0.0022214908672042125,0.008333333333333333,0.0,0.0,0.0,0.0,0.0,0.0014124293785310734,0.0014124293785310734,0.0,0.0,0.005649717514124294,0.0,0.002824858757062147,0.00423728813559322,0.0014124293785310734,0.002824858757062147,0.0,0.0,0.0,0.0,0.0,0.002824858757062147,0.0,0.0,0.0,0.002824858757062147,0.0014124293785310734,0.005208333333333333,0.044410957228699706,0.06887384050606793,0.2262774895774753,0.17614124976551146,0.12772550945209613,0.30811622663124877,4.0
0.0,0.0,0.0,0.0,0.0,0.0,0.0,0.0,0.0,0.0,0.0,0.0,0.0012254901960784314,0.002112015018773467,0.008246527777777778,0.0,0.0,0.0,0.0,0.0,0.0024509803921568627,0.010416666666666666,0.0,0.0,0.0008865248226950354,0.0,0.0012254901960784314,0.0,0.0012254901960784314,0.0,0.0,0.0012254901960784314,0.0,0.0024509803921568627,0.0024509803921568627,0.0,0.0012254901960784314,0.0,0.0,0.0,0.0,0.0,0.0,0.0,0.0,0.0,0.0012254901960784314,0.0008865248226950354,0.005392156862745099,0.02898728761330451,0.07247141397661579,0.20371690318616165,0.1262489745253356,0.1358824821837181,0.39004664019057006,5.0
0.0,0.0,0.0,0.0,0.0,0.0,0.0,0.0,0.0010416666666666667,0.0010416666666666667,0.001893939393939394,0.0022522522522522522,0.0,0.005681818181818181,0.0,0.0,0.0,0.0,0.0,0.0,0.0,0.027928743961352656,0.0,0.0,0.0,0.0,0.0,0.001893939393939394,0.0,0.0,0.0,0.003787878787878788,0.0,0.001893939393939394,0.001893939393939394,0.0,0.001893939393939394,0.0,0.0,0.0,0.0,0.0,0.0,0.0,0.0,0.0,0.001893939393939394,0.0,0.001893939393939394,0.041492023149631845,0.05070355505138114,0.18498006935506936,0.16532870214935436,0.13114393861676474,0.3713601094035876,6.0
0.0,0.0,0.0,0.0,0.0,0.0,0.0,0.0013440860215053762,0.0,0.0013440860215053762,0.0,0.0,0.0,0.0,0.0,0.0,0.0,0.0,0.0,0.0031755878530072084,0.0,0.007575757575757576,0.0,0.0,0.0,0.0,0.0,0.0,0.0022598369372562924,0.0,0.0,0.0026881720430107525,0.0,0.0013440860215053762,0.008064516129032258,0.0,0.004032258064516129,0.0,0.0,0.0,0.0,0.0009157509157509159,0.0,0.0,0.0,0.0,0.004032258064516129,0.0,0.012194344882516925,0.02388674127804562,0.049091636442618214,0.23713030262293935,0.1381209660294513,0.10420046280144457,0.3985991502956206,7.0
0.0,0.0,0.0,0.0,0.0,0.0,0.0,0.0,0.0,0.0,0.0,0.0,0.0,0.001851851851851852,0.0,0.0,0.0,0.0,0.0,0.0,0.0,0.0,0.0,0.0,0.0,0.0,0.0,0.0,0.0,0.0,0.0,0.001851851851851852,0.000992063492063492,0.005555555555555556,0.007407407407407408,0.0,0.014814814814814815,0.0,0.0,0.0,0.0,0.0,0.0,0.0,0.000992063492063492,0.020833333333333332,0.007175925925925926,0.0,0.0,0.06396446884562335,0.05271090759206209,0.18984221227430056,0.11802460964175736,0.1169399267022357,0.39704300721915325,8.0
0.0,0.0,0.0,0.0,0.0,0.0,0.0021367521367521365,0.0,0.0,0.0,0.0,0.0,0.0,0.0,0.0,0.0,0.0,0.0,0.0,0.0021367521367521365,0.0,0.005952380952380952,0.0,0.0,0.0,0.0,0.0,0.0,0.0,0.0,0.0,0.0021367521367521365,0.0,0.0,0.004273504273504273,0.0008503401360544217,0.0029870922728065584,0.0,0.0,0.0,0.0,0.0,0.0,0.0,0.0,0.0,0.0021367521367521365,0.006802721088435374,0.0022522522522522522,0.04974156329198346,0.08841161512038002,0.2042947535466345,0.14673861925058915,0.05174988293759058,0.42739826633037986,9.0
0.0,0.0,0.0,0.0,0.0021367521367521365,0.002777777777777778,0.0,0.0,0.0,0.0,0.0,0.0,0.0,0.0029239766081871343,0.0,0.0,0.0,0.0,0.0,0.0043859649122807015,0.0,0.0,0.0,0.0,0.0014619883040935672,0.0,0.0,0.0,0.0029239766081871343,0.0,0.0,0.0014619883040935672,0.0014619883040935672,0.008771929824561403,0.0029239766081871343,0.0,0.0043859649122807015,0.0,0.0,0.0,0.0,0.0,0.0029239766081871343,0.0,0.0,0.0,0.0049838137009189645,0.0014619883040935672,0.009081196581196582,0.009939100800782443,0.03907845069992053,0.20796130855903003,0.15167649337658962,0.08470257426451265,0.45257481280427364,10.0
0.0,0.0,0.0,0.0007183908045977011,0.0,0.0,0.0,0.0,0.0,0.0,0.0,0.0,0.0,0.0,0.0,0.0,0.0,0.0,0.0,0.0016025641025641027,0.0,0.0,0.0,0.0,0.0007183908045977011,0.0,0.0,0.0,0.0016025641025641027,0.0,0.0,0.0,0.0,0.0,0.003923519009725907,0.0,0.004807692307692308,0.0007183908045977011,0.0,0.0,0.0,0.0,0.0032051282051282055,0.0,0.010416666666666666,0.0,0.006828316610925307,0.0036231884057971015,0.011135057471264366,0.0013440860215053762,0.020363553041293118,0.14101667158954304,0.15344870867506935,0.09964702508665035,0.5348800862898174,11.0
0.0,0.0,0.0007861635220125786,0.0,0.0,0.0,0.0,0.0,0.0,0.0,0.0,0.0,0.0,0.0,0.0,0.0,0.0,0.0,0.0,0.0,0.0,0.008361921097770154,0.0,0.0,0.0,0.0,0.0,0.0,0.0,0.0,0.0,0.0015151515151515152,0.0,0.0,0.0015151515151515152,0.0,0.003603398370497427,0.0,0.0,0.0,0.0,0.0,0.0,0.0,0.0,0.0,0.004332386363636364,0.0,0.007796098237274708,0.021282796518645578,0.0265957297727553,0.12180146024485648,0.16992735219445124,0.07250144006525805,0.559980950582539,12.0
0.0015432098765432098,0.0015432098765432098,0.0,0.0,0.0,0.0,0.0,0.0,0.0,0.000896057347670251,0.0,0.0,0.0,0.0,0.0,0.0,0.0,0.0,0.000896057347670251,0.0,0.0,0.0,0.0,0.0,0.0,0.0,0.0,0.0,0.0,0.0,0.0,0.0015432098765432098,0.0,0.0,0.0,0.0,0.0,0.0,0.0,0.0,0.0,0.0,0.0015432098765432098,0.0,0.0,0.0,0.004629629629629629,0.000896057347670251,0.025095785440613028,0.027842493030665074,0.025066719237630385,0.12636787967247737,0.12800786793923302,0.10114443330126448,0.5529841801993035,13.0
