sis,ssg,ess,eis,scs,isg,his,ois,sgs,jss,sjj,ssi,ssj,sii,iss,hss,css,gss,sss,TimeFactor
0.0,0.0,0.0,0.0,0.0,0.003968253968253968,0.003968253968253968,0.003968253968253968,0.003968253968253968,0.011904761904761904,0.013888888888888888,0.013888888888888888,0.013888888888888888,0.013888888888888888,0.02711640211640211,0.027777777777777776,0.027777777777777776,0.07275132275132275,0.5112433862433862,1.0
0.0,0.0,0.0,0.0,0.006944444444444444,0.0,0.0,0.0,0.0,0.013888888888888888,0.0,0.0,0.0,0.0,0.0,0.0,0.06481481481481481,0.013888888888888888,0.48379629629629634,2.0
0.0,0.0,0.0,0.0,0.0,0.0,0.0,0.0,0.0,0.0,0.0,0.0,0.0,0.0,0.0,0.0,0.009259259259259259,0.0,0.32407407407407407,3.0
0.0,0.0,0.0,0.0,0.0,0.0,0.0,0.0,0.0,0.0,0.0,0.0,0.0,0.0,0.013888888888888888,0.027777777777777776,0.013888888888888888,0.041666666666666664,0.5694444444444444,4.0
0.0,0.0,0.0,0.0,0.0,0.0,0.0,0.0,0.0,0.0,0.0,0.0,0.0,0.0,0.0,0.0,0.0,0.018518518518518517,0.3148148148148148,5.0
0.0,0.0,0.0,0.0,0.0,0.0,0.0,0.0,0.0,0.0,0.0,0.0,0.0,0.0,0.0,0.0,0.0,0.013888888888888888,0.3194444444444445,6.0
0.0,0.0,0.0,0.0,0.0,0.0,0.0,0.0,0.0,0.013888888888888888,0.0,0.0,0.0,0.0,0.013888888888888888,0.0,0.0,0.041666666666666664,0.34722222222222227,7.0
0.0,0.0,0.009259259259259259,0.027777777777777776,0.0,0.0,0.0,0.0,0.0,0.0,0.0,0.0,0.0,0.0,0.037037037037037035,0.0,0.0,0.005555555555555556,0.337037037037037,8.0
0.0,0.018518518518518517,0.0,0.0,0.0,0.0,0.0,0.0,0.018518518518518517,0.0,0.0,0.0,0.0,0.0,0.0,0.0,0.013888888888888888,0.027777777777777776,0.4212962962962963,9.0
0.0,0.0,0.0,0.0,0.0,0.0,0.0,0.0,0.027777777777777776,0.0,0.0,0.0,0.0,0.0,0.0,0.009259259259259259,0.009259259259259259,0.027777777777777776,0.25925925925925924,10.0
0.009259259259259259,0.0,0.0,0.0,0.0,0.0,0.0,0.0,0.0,0.0,0.0,0.0,0.0,0.0,0.009259259259259259,0.0,0.0,0.009259259259259259,0.38888888888888884,11.0
0.0,0.0,0.0,0.0,0.0,0.0,0.0,0.0,0.0,0.0,0.0,0.0,0.0,0.0,0.0,0.0,0.0,0.013227513227513227,0.4867724867724868,12.0
0.0,0.016203703703703703,0.0,0.0,0.0,0.0,0.0,0.0,0.016203703703703703,0.0,0.0,0.0,0.0,0.0,0.0,0.0,0.0,0.03472222222222222,0.5995370370370371,13.0
