egi,seg,scs,gsc,sos,csi,jcc,sjc,ssj,chs,jos,iii,gii,iig,jig,sii,sgi,isi,oss,sjs,osi,osj,iis,ies,ggi,ess,isg,ssi,gis,sis,gsg,sig,igs,ssg,sgg,ghs,esg,ses,igg,ggg,sgs,jss,gig,gsi,ggs,iss,hss,gss,css,sss,TimeFactor
0.0,0.0,0.0,0.0,0.0,0.0,0.0,0.0,0.0,0.0,0.0,0.0,0.0,0.0,0.0,0.0,0.0,0.0,0.0,0.0,0.0,0.0,0.0,0.0,0.0,0.0,0.0,0.0,0.0,0.0,0.0,0.004629629629629629,0.004629629629629629,0.004629629629629629,0.004629629629629629,0.005555555555555556,0.005555555555555556,0.005555555555555556,0.005555555555555556,0.005555555555555556,0.005555555555555556,0.005555555555555556,0.010185185185185184,0.014814814814814814,0.01574074074074074,0.01574074074074074,0.03333333333333333,0.03518518518518518,0.044444444444444446,0.3564814814814814,1.0
0.0,0.0,0.0,0.0,0.0,0.0,0.0,0.0,0.0,0.0,0.0,0.0,0.0,0.0,0.0,0.0,0.0,0.0,0.0,0.003472222222222222,0.003472222222222222,0.003472222222222222,0.003472222222222222,0.004629629629629629,0.004629629629629629,0.004629629629629629,0.008101851851851851,0.009259259259259259,0.010185185185185184,0.01273148148148148,0.01273148148148148,0.0,0.0,0.0,0.006944444444444444,0.0,0.0,0.0,0.0,0.003472222222222222,0.004629629629629629,0.008101851851851851,0.0,0.0,0.013657407407407408,0.03078703703703704,0.005555555555555556,0.05879629629629629,0.009259259259259259,0.4446759259259259,2.0
0.0,0.0,0.0,0.0,0.0,0.0,0.0,0.0,0.0,0.0,0.0,0.0,0.0,0.0,0.0,0.001736111111111111,0.001736111111111111,0.001736111111111111,0.03506944444444444,0.0,0.0,0.0,0.005555555555555556,0.0,0.0,0.0,0.0,0.001736111111111111,0.001736111111111111,0.0,0.013888888888888888,0.0,0.006944444444444444,0.019444444444444445,0.019444444444444445,0.0,0.0,0.0,0.0,0.0,0.006944444444444444,0.04618055555555556,0.0,0.0,0.006944444444444444,0.04374999999999999,0.011111111111111112,0.05416666666666667,0.016319444444444445,0.37222222222222223,3.0
0.0,0.0,0.0,0.0,0.0,0.0,0.0,0.0,0.0,0.0,0.0,0.0,0.0,0.009259259259259259,0.027777777777777776,0.0,0.0,0.0,0.003472222222222222,0.0,0.0,0.0,0.0,0.0,0.0,0.003472222222222222,0.0,0.0,0.0,0.0,0.009259259259259259,0.0,0.037037037037037035,0.0,0.0,0.0,0.0,0.0,0.0,0.0,0.0,0.006944444444444444,0.0,0.0,0.0,0.003472222222222222,0.013888888888888888,0.06828703703703703,0.041666666666666664,0.27546296296296297,4.0
0.0,0.0,0.0,0.0,0.0,0.0,0.0,0.0,0.0,0.0,0.0,0.009259259259259259,0.016203703703703703,0.0,0.0,0.0,0.006944444444444444,0.009259259259259259,0.0,0.0,0.0,0.0,0.016203703703703703,0.0,0.009259259259259259,0.0,0.0,0.0,0.009259259259259259,0.0,0.0,0.0,0.0,0.0,0.0,0.0,0.0,0.0,0.006944444444444444,0.0,0.0,0.03472222222222222,0.006944444444444444,0.0,0.006944444444444444,0.0,0.0,0.05555555555555555,0.043981481481481476,0.5185185185185186,5.0
0.0,0.0,0.0,0.0,0.0,0.0,0.0,0.0,0.0,0.0,0.0,0.0,0.0,0.0,0.0,0.0,0.0,0.0,0.0,0.0,0.0,0.0,0.0,0.0,0.0,0.0,0.0,0.0,0.0,0.0,0.0,0.0,0.0,0.0,0.0,0.0,0.0,0.0,0.0,0.0,0.0,0.013888888888888888,0.0,0.0,0.0,0.027777777777777776,0.0,0.0,0.027777777777777776,0.18055555555555555,6.0
0.0,0.0,0.0,0.0,0.0,0.0,0.0,0.0,0.0,0.003968253968253968,0.013888888888888888,0.0,0.009259259259259259,0.0,0.0,0.0,0.009259259259259259,0.009523809523809523,0.017857142857142856,0.0,0.0,0.0,0.0,0.0,0.0,0.0,0.0,0.0,0.003968253968253968,0.003968253968253968,0.009259259259259259,0.005555555555555556,0.005555555555555556,0.011111111111111112,0.011111111111111112,0.0,0.0,0.0,0.0,0.0,0.0,0.037037037037037035,0.0,0.0,0.003968253968253968,0.013492063492063491,0.02711640211640212,0.031746031746031744,0.0,0.35568783068783066,7.0
0.0,0.0,0.0,0.0,0.0,0.0,0.006944444444444444,0.006944444444444444,0.006944444444444444,0.0,0.0,0.0,0.0,0.0,0.0,0.0,0.0,0.0,0.0,0.0,0.0,0.0,0.0,0.0,0.0,0.0,0.0,0.0,0.0,0.0,0.0,0.0,0.0,0.0,0.0,0.0,0.0,0.0,0.0,0.0,0.0,0.05555555555555555,0.0,0.0,0.0,0.006944444444444444,0.0,0.0,0.013888888888888888,0.23611111111111108,8.0
0.0,0.0,0.0,0.0,0.0,0.0,0.0,0.0,0.0,0.0,0.0,0.0,0.0,0.0,0.0,0.0,0.0,0.0,0.0,0.0,0.0,0.0,0.0,0.0,0.0,0.0,0.0,0.0,0.0,0.0,0.0,0.0,0.0,0.0,0.0,0.0,0.0,0.0,0.0,0.0,0.013888888888888888,0.06944444444444443,0.0,0.0,0.0,0.06944444444444443,0.0,0.013888888888888888,0.013888888888888888,0.4861111111111111,9.0
0.0,0.0,0.002777777777777778,0.002777777777777778,0.002777777777777778,0.006944444444444444,0.0,0.0,0.0,0.0,0.0,0.0,0.0,0.0,0.0,0.0,0.0,0.0,0.002777777777777778,0.0,0.0,0.0,0.0,0.0,0.0,0.0,0.0,0.0,0.0,0.0,0.0,0.006944444444444444,0.0,0.0,0.0,0.0,0.0,0.0,0.006944444444444444,0.0,0.0,0.013888888888888888,0.0,0.0,0.0,0.03888888888888889,0.0,0.08472222222222221,0.005555555555555556,0.49166666666666664,10.0
0.009259259259259259,0.009259259259259259,0.0,0.0,0.0,0.0,0.0,0.0,0.0,0.0,0.0,0.0,0.0,0.0,0.0,0.0,0.0,0.0,0.027777777777777776,0.0,0.0,0.0,0.0,0.0,0.0,0.0,0.0,0.0,0.009259259259259259,0.0,0.0,0.0,0.0,0.0,0.0,0.0,0.0,0.0,0.0,0.0,0.0,0.027777777777777776,0.0,0.0,0.0,0.009259259259259259,0.0,0.03472222222222222,0.03472222222222222,0.5879629629629629,11.0
0.0,0.0,0.0,0.0,0.0,0.0,0.0,0.0,0.0,0.0,0.0,0.0,0.0,0.0,0.0,0.0,0.0,0.0,0.0,0.0,0.0,0.0,0.0,0.0,0.0,0.0,0.0,0.0,0.0,0.0,0.0,0.0,0.0,0.013888888888888888,0.013888888888888888,0.0,0.0,0.0,0.0,0.0,0.0,0.032407407407407406,0.0,0.0,0.0,0.027777777777777776,0.0,0.013888888888888888,0.0,0.39814814814814814,12.0
0.0,0.0,0.0,0.0,0.0,0.0,0.0,0.0,0.0,0.0,0.0,0.0,0.0,0.0,0.0,0.0,0.0,0.0,0.0,0.0,0.0,0.0,0.0,0.0,0.0,0.0,0.0,0.0,0.0,0.0,0.0,0.0,0.0,0.0,0.0,0.0,0.0,0.0,0.0,0.0,0.013888888888888888,0.0,0.0,0.0,0.0,0.027777777777777776,0.0,0.027777777777777776,0.0,0.34722222222222215,13.0
