ssh,jss,hhh,shh,sgg,ggg,scs,css,ssg,isi,ese,gsg,ess,ses,sgs,gss,ssi,sis,iss,sss,TimeFactor
0.0,0.0,0.0,0.0,0.0,0.0,0.0,0.0,0.0,0.0,0.0,0.020833333333333332,0.020833333333333332,0.020833333333333332,0.020833333333333332,0.020833333333333332,0.041666666666666664,0.041666666666666664,0.08273809523809524,0.3130952380952381,1.0
0.0,0.0,0.0,0.0,0.0,0.0,0.0,0.0,0.0,0.0,0.004629629629629629,0.0,0.004629629629629629,0.004629629629629629,0.004629629629629629,0.021296296296296296,0.0,0.0,0.004629629629629629,0.12222222222222223,2.0
0.0,0.0,0.0,0.0,0.0,0.0,0.0,0.0,0.0,0.0,0.0,0.020833333333333332,0.0,0.0,0.020833333333333332,0.020833333333333332,0.0,0.0,0.0,0.020833333333333332,3.0
0.0,0.0,0.0,0.0,0.0,0.0,0.0,0.0,0.0,0.0,0.0,0.0,0.0,0.0,0.0,0.0,0.0,0.0,0.0,0.0,4.0
0.0,0.0,0.0,0.0,0.0,0.0,0.0,0.0,0.0,0.020833333333333332,0.0,0.0,0.0,0.0,0.0,0.0,0.0,0.020833333333333332,0.0375,0.1708333333333333,5.0
0.0,0.0,0.0,0.0,0.0,0.0,0.0,0.0,0.0,0.0,0.0,0.0,0.0,0.0,0.0,0.0,0.0,0.0,0.0,0.16666666666666666,6.0
0.0,0.0,0.0,0.0,0.0,0.0,0.0,0.0,0.0,0.0,0.0,0.0,0.0,0.0,0.0,0.016666666666666666,0.0,0.0,0.0,0.15,7.0
0.0,0.0,0.0,0.0,0.0,0.0,0.0,0.0,0.013888888888888888,0.0,0.0,0.0,0.0,0.0,0.013888888888888888,0.030555555555555558,0.0,0.0,0.0,0.19166666666666665,8.0
0.0,0.0,0.0,0.0,0.0,0.0,0.0,0.0,0.0,0.0,0.0,0.0,0.0,0.0,0.0,0.026785714285714284,0.0,0.0,0.0,0.3898809523809524,9.0
0.0,0.0,0.0,0.0,0.0043859649122807015,0.0043859649122807015,0.020833333333333332,0.020833333333333332,0.0043859649122807015,0.0,0.0,0.0,0.0,0.0,0.0,0.0,0.0,0.0,0.0,0.19517543859649122,10.0
0.0,0.0,0.0,0.0,0.0,0.0,0.0,0.0,0.0,0.0,0.0,0.0,0.0,0.0,0.0,0.0043859649122807015,0.0,0.0,0.0,0.24561403508771928,11.0
0.009259259259259259,0.009259259259259259,0.009259259259259259,0.009259259259259259,0.0,0.0,0.0,0.009259259259259259,0.0,0.0,0.0,0.0,0.0,0.0,0.0,0.020833333333333332,0.0,0.0,0.0,0.18287037037037038,12.0
0.0,0.0,0.0,0.0,0.0,0.0,0.0,0.0,0.0,0.0,0.0,0.0,0.0,0.0,0.0,0.0,0.0,0.0,0.0,0.25,13.0
