shi,sos,hsg,hgs,cos,ois,hsj,iig,jgs,scg,jis,ssc,ssi,ise,jhs,gig,oos,gii,jcs,his,ohs,hhs,gcg,isi,ggi,scs,gih,iie,iii,ces,csh,iis,sis,isg,ogs,osi,osg,cis,ggg,ssg,jso,gis,gsg,igs,ess,gsi,ggs,sgs,oss,hss,jss,css,gss,iss,sss,TimeFactor
0.0,0.0,0.0,0.0,0.0,0.0,0.0,0.0,0.0,0.0,0.0,0.0,0.0,0.0,0.0,0.0,0.0,0.0,0.0,0.0,0.0,0.0,0.0,0.0,0.0,0.0,0.0,0.0,0.0,0.0,0.0,0.0,0.0,0.0,0.0013440860215053762,0.0013440860215053762,0.0013440860215053762,0.0013440860215053762,0.001984126984126984,0.0021367521367521365,0.0021367521367521365,0.0021367521367521365,0.003480838158257513,0.004120879120879121,0.00561759029500965,0.00687767094017094,0.009259259259259259,0.01067329847571783,0.011590321267740622,0.026225408930150306,0.061180856335194496,0.07958569330753702,0.1618297728437467,0.21872666411216188,0.38706101947376975,1.0
0.0,0.0,0.0,0.0,0.0,0.0,0.0,0.0,0.0,0.0,0.0,0.0,0.0,0.0,0.0,0.0,0.0,0.0,0.0015432098765432098,0.0016025641025641027,0.0018115942028985507,0.0018115942028985507,0.0018115942028985507,0.0018115942028985507,0.0020325203252032522,0.0020325203252032522,0.0023148148148148147,0.0023148148148148147,0.0023148148148148147,0.003968253968253968,0.004166666666666667,0.004629629629629629,0.00600077429345722,0.006172839506172839,0.0,0.0,0.0,0.0,0.0036350844277673548,0.0,0.0,0.01917270531400966,0.01154625374756163,0.0023148148148148147,0.004126409017713366,0.0,0.02389865405727901,0.0043473351400180665,0.0032051282051282055,0.023220824480103375,0.06778002282597546,0.05509682228929313,0.1719927315036011,0.17964329701692727,0.30034678387674146,2.0
0.0,0.0,0.0,0.0,0.0,0.0,0.0,0.0,0.0,0.0,0.0,0.0,0.0,0.0,0.0022522522522522522,0.0022522522522522522,0.004901960784313725,0.004901960784313725,0.0,0.0,0.0,0.0,0.0,0.0022522522522522522,0.0,0.0,0.0,0.0,0.0,0.0,0.0,0.0037142405563458194,0.0022522522522522522,0.014729970612323553,0.0,0.0,0.0,0.0029239766081871343,0.0022522522522522522,0.0,0.0,0.0,0.005966492808598072,0.0,0.009828009828009828,0.004901960784313725,0.00940646528881823,0.0022522522522522522,0.034931990814343755,0.04101042870199217,0.03499170736012841,0.17610369715439375,0.19063652993993552,0.14770057384366592,0.29983652061680316,3.0
0.0,0.0,0.0,0.0,0.0,0.0,0.0,0.0,0.0,0.0,0.0,0.0,0.0,0.003968253968253968,0.0,0.0,0.0,0.0033333333333333335,0.0,0.0,0.0,0.0,0.0,0.0,0.0,0.0,0.0,0.0,0.0,0.0,0.001736111111111111,0.0,0.012013888888888888,0.02253968253968254,0.0,0.0,0.0,0.0,0.0033333333333333335,0.0,0.0,0.0,0.007301587301587302,0.0,0.05079517704517705,0.0,0.003968253968253968,0.02,0.008333333333333333,0.03962530525030525,0.09173611111111113,0.19845136345136347,0.0940571581196581,0.16648529711029708,0.2723218101343101,4.0
0.0,0.0,0.0,0.0,0.0,0.0,0.0,0.0,0.0,0.0,0.0,0.0,0.006944444444444444,0.0,0.0,0.0,0.0,0.0,0.0,0.0,0.0,0.0,0.0,0.005555555555555556,0.0,0.0,0.0,0.0,0.006944444444444444,0.0,0.0,0.013888888888888888,0.0,0.006944444444444444,0.0,0.0,0.0,0.0,0.0,0.0,0.0,0.006944444444444444,0.010416666666666666,0.013888888888888888,0.025219298245614034,0.0,0.0,0.0,0.014802631578947366,0.025913742690058483,0.09532163742690057,0.15482456140350878,0.1525219298245614,0.19393274853801168,0.26593567251461986,5.0
0.0,0.0,0.0,0.0,0.0,0.0,0.0,0.0,0.0,0.0,0.0,0.0,0.0,0.0,0.0,0.0,0.0,0.0,0.0,0.0,0.0,0.0,0.0,0.006944444444444444,0.0,0.0,0.0,0.0,0.0,0.0,0.0,0.005952380952380952,0.0,0.0,0.0,0.0,0.0,0.0,0.0,0.0,0.0,0.0,0.005952380952380952,0.0,0.025793650793650796,0.0,0.0,0.0,0.031746031746031744,0.01984126984126984,0.047619047619047616,0.10257936507936506,0.1451388888888889,0.18551587301587302,0.33958333333333335,6.0
0.0,0.0,0.0,0.0,0.0,0.0,0.0,0.0,0.0,0.0,0.0,0.005747126436781609,0.0,0.0,0.0,0.0,0.0,0.0,0.0,0.0,0.0,0.0,0.0,0.0,0.0,0.0,0.0,0.0,0.0,0.0,0.0,0.0,0.009837962962962963,0.0,0.0,0.0,0.0,0.0,0.0,0.0,0.0,0.0,0.006410256410256411,0.0,0.013888888888888888,0.006410256410256411,0.006410256410256411,0.006410256410256411,0.04309640522875816,0.02288629126864421,0.08481252567205914,0.11614286519205384,0.18188521272319447,0.12015485969593474,0.3759068362896964,7.0
0.0,0.0,0.0,0.0,0.0,0.0,0.0,0.0,0.0,0.0,0.008333333333333333,0.0,0.0,0.0,0.0,0.0,0.0,0.008333333333333333,0.0,0.0,0.0,0.0,0.0,0.0,0.0,0.0,0.0,0.0,0.0,0.0,0.0,0.0,0.0,0.0,0.0,0.0,0.0,0.0,0.0,0.0,0.0,0.010526315789473684,0.008333333333333333,0.027192982456140352,0.059137426900584794,0.0,0.008333333333333333,0.008333333333333333,0.052083333333333336,0.022321428571428572,0.04248120300751881,0.0702798663324979,0.13701441102756892,0.14329573934837092,0.31066729323308273,8.0
0.0,0.0,0.0,0.0,0.0,0.0,0.0028735632183908046,0.004629629629629629,0.005208333333333333,0.011206896551724138,0.0,0.0,0.0,0.0,0.0,0.0,0.0,0.005952380952380952,0.0,0.0,0.0,0.0,0.0,0.0,0.0,0.0,0.0,0.0,0.0,0.0,0.0,0.0,0.0,0.0,0.0,0.0,0.0,0.0,0.0,0.0,0.0,0.0,0.0,0.0,0.013455573800401388,0.0,0.009259259259259259,0.0028735632183908046,0.030368589743589743,0.03607254016736776,0.0982822055020331,0.06757294429708223,0.15866262170141482,0.13889527617975891,0.3313532891119098,9.0
0.0,0.0,0.0,0.0,0.0,0.011904761904761904,0.0,0.0,0.0,0.0,0.0,0.0,0.0,0.0,0.0,0.0,0.0,0.0,0.0,0.0,0.0,0.0,0.0,0.0,0.0,0.0,0.0,0.0,0.0,0.0,0.0,0.0,0.0,0.0,0.0,0.0,0.0,0.0,0.0,0.0,0.0,0.0,0.0,0.0,0.009259259259259259,0.0,0.0,0.013621794871794872,0.0359076109076109,0.027777777777777776,0.10833333333333334,0.15716621341621342,0.13954101454101456,0.11046245421245422,0.3026924464424464,10.0
0.0,0.0,0.005952380952380952,0.005952380952380952,0.009259259259259259,0.0,0.0,0.0,0.0,0.0,0.0,0.0,0.0,0.0,0.0,0.0,0.0,0.0,0.0,0.0,0.0,0.0,0.0,0.0,0.0,0.005952380952380952,0.0,0.0,0.0,0.0,0.0,0.0,0.0,0.0,0.0,0.0,0.0,0.0,0.0,0.0,0.0,0.0,0.0,0.0,0.023809523809523808,0.0,0.0,0.0,0.036273911273911275,0.009157509157509158,0.041666666666666664,0.13016950369891545,0.2104780159927219,0.13360566448801744,0.3877228027963322,11.0
0.0,0.005952380952380952,0.0,0.0,0.0,0.0,0.0,0.0,0.0,0.0,0.0,0.0,0.0,0.0,0.0,0.0,0.0,0.0,0.0,0.0,0.0,0.0,0.0,0.0,0.0,0.0,0.0,0.0,0.0,0.0,0.0,0.0,0.0,0.0,0.0,0.0,0.0,0.0,0.0,0.0,0.0,0.0,0.0,0.007575757575757576,0.006944444444444444,0.0,0.0,0.0,0.0422979797979798,0.014520202020202022,0.13684640522875816,0.09902951079421668,0.13379063746710804,0.13895608748549923,0.3307532609003197,12.0
0.016666666666666666,0.0,0.0,0.0,0.0,0.0,0.0,0.0,0.0,0.0,0.0,0.0,0.0,0.0,0.0,0.0,0.0,0.0,0.0,0.0,0.0,0.0,0.0,0.0,0.0,0.011904761904761904,0.0,0.0,0.0,0.0,0.0,0.0,0.0,0.0,0.0,0.0,0.0,0.0,0.0,0.0,0.0,0.0,0.009259259259259259,0.0,0.0,0.0,0.0,0.020833333333333332,0.05733618233618234,0.017592592592592594,0.06566094723989459,0.09516687016687016,0.16821688301951457,0.11375005355268512,0.3402791165949061,13.0
