oss,osg,ssj,sjj,ggg,cis,ise,gci,isg,igg,sig,ggi,igs,gis,sii,gsi,isi,sis,jss,ssc,scs,eis,sgg,sgs,ssg,css,hss,iss,gss,sss,TimeFactor
0.0,0.0,0.0,0.0,0.0,0.0,0.0,0.0,0.0,0.0,0.0,0.0,0.0,0.0,0.0,0.0,0.0,0.0,0.0,0.0,0.0,0.0,0.0,0.013888888888888888,0.013888888888888888,0.02314814814814815,0.027777777777777776,0.027777777777777776,0.05092592592592593,0.5092592592592593,1.0
0.0,0.0,0.0,0.0,0.0,0.0,0.0,0.0,0.0,0.0,0.0,0.0,0.0,0.0,0.0,0.0,0.0,0.0,0.0,0.005555555555555556,0.005555555555555556,0.006944444444444444,0.013888888888888888,0.0025252525252525255,0.016414141414141412,0.005555555555555556,0.009259259259259259,0.08194444444444443,0.0834175084175084,0.6856060606060607,2.0
0.0,0.0,0.0,0.0,0.0,0.0,0.0,0.0,0.0,0.0,0.0,0.0,0.0,0.0,0.0,0.0,0.0,0.0,0.005555555555555556,0.0,0.0,0.0,0.0,0.0,0.0,0.027777777777777776,0.0,0.03888888888888889,0.07083333333333332,0.6069444444444444,3.0
0.0,0.0,0.0,0.0,0.0,0.0,0.0,0.0,0.0,0.0,0.0,0.002777777777777778,0.002777777777777778,0.002777777777777778,0.002777777777777778,0.002777777777777778,0.009259259259259259,0.009259259259259259,0.020634920634920634,0.0,0.0,0.0,0.0,0.0,0.0,0.0,0.0,0.02989417989417989,0.052116402116402116,0.6982804232804232,4.0
0.0,0.0,0.0,0.0,0.0,0.0,0.0,0.0,0.001851851851851852,0.001851851851851852,0.001851851851851852,0.0,0.0,0.001851851851851852,0.001851851851851852,0.001851851851851852,0.001851851851851852,0.001851851851851852,0.037037037037037035,0.0,0.0,0.0,0.001851851851851852,0.0,0.0,0.0,0.0,0.009788359788359789,0.019047619047619046,0.8341269841269842,5.0
0.0,0.0,0.0,0.0,0.0,0.0,0.0,0.0,0.0,0.0,0.0,0.0,0.0,0.0,0.0,0.0,0.0,0.004629629629629629,0.027777777777777776,0.0,0.0,0.0,0.0,0.0,0.0,0.0,0.0,0.02546296296296296,0.020833333333333332,0.6712962962962963,6.0
0.0,0.0,0.0,0.0,0.0,0.0,0.0,0.0,0.0,0.0,0.0,0.0,0.0,0.0,0.0,0.0,0.0,0.0,0.02314814814814815,0.0,0.0,0.0,0.0,0.0,0.0,0.0,0.0,0.007936507936507936,0.01951058201058201,0.6160714285714286,7.0
0.0,0.0,0.0,0.0,0.0,0.002777777777777778,0.002777777777777778,0.002777777777777778,0.0,0.0,0.0,0.0,0.0,0.0,0.0,0.0,0.0,0.0,0.0,0.0,0.0,0.0,0.0,0.0,0.0,0.0,0.0,0.005555555555555556,0.019444444444444445,0.7166666666666667,8.0
0.0,0.0,0.0,0.0,0.0,0.0,0.0,0.0,0.0,0.0,0.0,0.0,0.0,0.0,0.0,0.0,0.0,0.0,0.0,0.0,0.0,0.0,0.0,0.0,0.0,0.0,0.0,0.014285714285714285,0.05740740740740741,0.7616402116402116,9.0
0.0,0.0,0.0,0.0,0.0,0.0,0.0,0.0,0.0,0.0,0.0,0.0,0.0,0.0,0.0,0.0,0.0,0.0,0.037037037037037035,0.0,0.0,0.0,0.0,0.0,0.0,0.006944444444444444,0.007936507936507936,0.007936507936507936,0.037037037037037035,0.6531084656084656,10.0
0.0,0.0,0.0,0.0,0.003968253968253968,0.0,0.0,0.0,0.0,0.0,0.0,0.0,0.0,0.0,0.0,0.0,0.0,0.0,0.030864197530864196,0.0,0.0,0.0,0.003968253968253968,0.0,0.003968253968253968,0.0,0.0,0.014991181657848324,0.042107583774250446,0.7334656084656084,11.0
0.0,0.0016339869281045752,0.013888888888888888,0.013888888888888888,0.0,0.0,0.0,0.0,0.0,0.0,0.0,0.0,0.0,0.0,0.0,0.0,0.0,0.0,0.006944444444444444,0.0,0.0,0.0,0.0,0.0016339869281045752,0.0,0.0,0.0,0.008578431372549019,0.02369281045751634,0.42973856209150324,12.0
0.012205387205387205,0.0,0.0,0.0,0.0,0.0,0.0,0.0,0.0,0.0,0.0,0.0,0.0,0.0,0.0,0.0,0.0,0.0,0.013888888888888888,0.0,0.0,0.0,0.0,0.0,0.0,0.016203703703703703,0.0,0.023358585858585856,0.007154882154882154,0.5105218855218855,13.0
