gh,oo,jg,cc,ec,so,sj,sh,jj,se,es,js,ic,ch,jc,sc,si,ii,ig,hs,gi,cs,gg,sg,os,is,gs,ss,TimeFactor
0.0,0.0,0.0,0.0,0.0,0.0,0.0,0.0,0.0,0.0,0.0,0.0,0.0,0.001984126984126984,0.001984126984126984,0.001984126984126984,0.003968253968253968,0.003968253968253968,0.006944444444444444,0.008928571428571428,0.014880952380952378,0.01984126984126984,0.023809523809523808,0.03224206349206349,0.048611111111111105,0.06788003663003662,0.09962606837606836,0.5800137362637363,1.0
0.0,0.0,0.0,0.0,0.0,0.0,0.0,0.0,0.0,0.0,0.0,0.002777777777777778,0.003968253968253968,0.0,0.0,0.0,0.001851851851851852,0.003703703703703704,0.001851851851851852,0.020833333333333332,0.009259259259259259,0.028505291005291006,0.006944444444444444,0.012764550264550263,0.006944444444444444,0.09933862433862432,0.1029100529100529,0.6150132275132275,2.0
0.0,0.0,0.0,0.0,0.0,0.003968253968253968,0.003968253968253968,0.003968253968253968,0.003968253968253968,0.003968253968253968,0.003968253968253968,0.0,0.0,0.0,0.0,0.0,0.009259259259259259,0.009259259259259259,0.0,0.022486772486772486,0.0,0.003968253968253968,0.003968253968253968,0.017857142857142856,0.003968253968253968,0.022486772486772486,0.1308201058201058,0.5021164021164022,3.0
0.0,0.0,0.0,0.0,0.001984126984126984,0.0,0.0,0.0,0.0,0.001984126984126984,0.008928571428571428,0.0,0.0,0.0,0.0,0.0,0.003968253968253968,0.003968253968253968,0.0,0.02638888888888889,0.0,0.016468253968253965,0.006944444444444444,0.016203703703703703,0.0,0.10132275132275133,0.082010582010582,0.5631613756613756,4.0
0.0,0.0,0.0,0.0,0.0,0.0,0.0025252525252525255,0.00808080808080808,0.037247474747474744,0.0,0.0,0.04398148148148148,0.0,0.0,0.0,0.0,0.006944444444444444,0.006944444444444444,0.0,0.022895622895622896,0.0,0.015025252525252525,0.016414141414141412,0.01893939393939394,0.0,0.05900673400673401,0.08741582491582493,0.5912457912457912,5.0
0.0,0.0,0.0,0.005555555555555556,0.0,0.0,0.006944444444444444,0.0,0.008578431372549019,0.013888888888888888,0.009259259259259259,0.008578431372549019,0.0,0.0,0.0,0.021759259259259256,0.00789760348583878,0.006263616557734205,0.004629629629629629,0.004629629629629629,0.0,0.028703703703703703,0.0,0.043300653594771234,0.0,0.08480392156862744,0.0920479302832244,0.6531590413943354,6.0
0.0,0.0,0.0,0.0,0.0,0.0,0.009259259259259259,0.0,0.0,0.0,0.0,0.037037037037037035,0.0,0.0,0.0,0.0,0.024999999999999998,0.011111111111111112,0.0,0.014814814814814814,0.005555555555555556,0.0,0.009259259259259259,0.037037037037037035,0.005555555555555556,0.05462962962962962,0.11203703703703705,0.5120370370370371,7.0
0.0,0.0,0.0,0.0,0.0,0.009259259259259259,0.006944444444444444,0.0,0.0,0.0,0.0,0.006944444444444444,0.0,0.0,0.0,0.0,0.009259259259259259,0.0,0.0,0.004629629629629629,0.0,0.016203703703703703,0.027777777777777776,0.041666666666666664,0.009259259259259259,0.032407407407407406,0.1550925925925926,0.5972222222222222,8.0
0.0,0.0,0.019444444444444445,0.0,0.0,0.0,0.0,0.0,0.0,0.0,0.0,0.005555555555555556,0.0,0.0,0.0,0.0,0.0,0.0,0.0,0.013888888888888888,0.0,0.014814814814814814,0.0,0.009259259259259259,0.009259259259259259,0.03425925925925926,0.14722222222222223,0.4962962962962964,9.0
0.0,0.0,0.0,0.0,0.0,0.0,0.013888888888888888,0.0,0.009259259259259259,0.0,0.0,0.008101851851851851,0.0,0.0,0.0,0.0,0.005555555555555556,0.005555555555555556,0.0,0.009259259259259259,0.0,0.009027777777777779,0.003472222222222222,0.003472222222222222,0.0,0.028703703703703703,0.08541666666666668,0.4849537037037037,10.0
0.0,0.013888888888888888,0.0,0.0,0.0,0.013888888888888888,0.0,0.0,0.0,0.0,0.009259259259259259,0.013888888888888888,0.0,0.0,0.009259259259259259,0.0,0.0,0.0,0.0,0.0,0.0,0.009259259259259259,0.0,0.0,0.0,0.06944444444444443,0.06944444444444443,0.4583333333333333,11.0
0.027777777777777776,0.0,0.0,0.0,0.0,0.0,0.0,0.0,0.0,0.0,0.0,0.0,0.0,0.0,0.0,0.008597883597883597,0.0,0.0,0.0,0.0,0.0,0.012566137566137565,0.0,0.027777777777777776,0.02619047619047619,0.0582010582010582,0.0697089947089947,0.5191798941798942,12.0
0.0,0.0,0.0,0.0,0.0,0.0,0.0,0.0,0.0,0.0,0.0,0.013888888888888888,0.0,0.0,0.0,0.0,0.013888888888888888,0.0,0.0,0.0,0.0,0.0,0.0,0.0,0.027777777777777776,0.06944444444444443,0.1111111111111111,0.5972222222222222,13.0
