hg,oi,oe,jo,hc,oj,jc,eo,je,ji,ch,hj,oh,so,gc,ic,gh,cc,ih,se,cg,ho,jh,gj,ge,oc,og,hi,jg,ie,jj,sj,io,ei,ec,ij,co,sh,go,ii,sc,si,ig,ci,es,os,gi,gg,js,cs,sg,hs,ss,is,gs,TimeFactor
0.0,0.0,0.0,0.0,0.0,0.0,0.0,0.0,0.0,0.0,0.0,0.0,0.0,0.0,0.0,0.0,0.0,0.0,0.0,0.0,0.0,0.0011737089201877935,0.0011737089201877935,0.0013440860215053762,0.0014367816091954023,0.0014367816091954023,0.0014367816091954023,0.0014367816091954023,0.0017006802721088435,0.0023809523809523807,0.0026881720430107525,0.0026881720430107525,0.0030255607720396454,0.003787878787878788,0.003968253968253968,0.004124953652206155,0.005669585841999635,0.006410256410256411,0.006476050830889541,0.008050538222952016,0.00911639656254173,0.010938393212124586,0.011453201970443349,0.012249807915179454,0.01378265170154437,0.014998547009561233,0.016252380485257584,0.020341393803226394,0.025093258115886377,0.03106040651584703,0.03180252643351453,0.03353502137724085,0.18351494192289097,0.22275987614838363,0.3026915113021364,1.0
0.0,0.0,0.0,0.0,0.0,0.0,0.0,0.0,0.0,0.0,0.0,0.0,0.0,0.0,0.0014619883040935672,0.001572327044025157,0.001937984496124031,0.0021367521367521365,0.0046587467971115765,0.004901960784313725,0.029239766081871343,0.0,0.0030864197530864196,0.001937984496124031,0.0,0.0,0.0,0.0,0.0,0.0,0.0,0.0097953216374269,0.0,0.0,0.0,0.0030864197530864196,0.0,0.006633055788964428,0.0,0.01974496426250812,0.0033268733850129197,0.026696035421615614,0.005647063676901325,0.03579245227292231,0.029239766081871343,0.022026020524034424,0.004548408057179987,0.020279097591880978,0.0249540255250285,0.03927767139971631,0.034583015332769335,0.04011819877263708,0.17912616883272758,0.19042744695470418,0.25376406483551023,2.0
0.0,0.0,0.0,0.0,0.0,0.0,0.0,0.0,0.0,0.0,0.0017006802721088435,0.0024509803921568627,0.0026041666666666665,0.007804232804232804,0.0,0.0017006802721088435,0.0,0.0,0.0045045045045045045,0.0,0.0017006802721088435,0.0,0.0026041666666666665,0.0,0.0,0.0,0.0,0.0,0.013888888888888888,0.0,0.0,0.027333949471741097,0.0,0.0,0.0,0.0,0.0020325203252032522,0.0,0.0,0.01241246548775711,0.011812407521627715,0.03107623343762365,0.006756756756756757,0.0,0.0,0.019759812835104456,0.0045045045045045045,0.00920773714891362,0.04072692242335099,0.025460982191736,0.007466401194624192,0.0696949761134165,0.21448406239260398,0.17556342831511143,0.2194145258071485,3.0
0.0,0.0,0.0,0.0,0.0,0.0,0.0,0.0,0.0026041666666666665,0.004567067067067067,0.0,0.0,0.0,0.003968253968253968,0.0,0.0,0.0,0.004567067067067067,0.0,0.0,0.0,0.0,0.0,0.0,0.0,0.0,0.0,0.0023148148148148147,0.0,0.0,0.0,0.0023148148148148147,0.0,0.0,0.0,0.0,0.0,0.004703232644409115,0.0,0.009469027851380792,0.0023148148148148147,0.029842657783834256,0.00980392156862745,0.004629629629629629,0.047949735449735444,0.006220506220506221,0.01025878819996467,0.015049700435729847,0.01389992934110581,0.0340305510342275,0.017844498910675383,0.10275557858278445,0.2404627973561797,0.1658782995180054,0.26455014625970513,4.0
0.0,0.0,0.0,0.0,0.0,0.0024509803921568627,0.0032051282051282055,0.009259259259259259,0.009259259259259259,0.0,0.0,0.0,0.0,0.0,0.0,0.0024509803921568627,0.0,0.0,0.0,0.0,0.0,0.0,0.003787878787878788,0.0,0.0,0.0,0.0,0.0,0.01258309591642925,0.0,0.0,0.0,0.0,0.0,0.0,0.0,0.0,0.004166666666666667,0.0,0.0,0.003787878787878788,0.02086374047158361,0.012464387464387465,0.0,0.009259259259259259,0.020969498910675382,0.0032051282051282055,0.009615384615384616,0.016357906799083267,0.016357906799083267,0.013663342830009495,0.04848272642390289,0.2912175605803057,0.1692650577454499,0.31732697222893297,5.0
0.0,0.0,0.0021929824561403508,0.004166666666666667,0.024999999999999998,0.0,0.0,0.0021929824561403508,0.0,0.0,0.0,0.0,0.0,0.0,0.0,0.0,0.0,0.0021929824561403508,0.0,0.004166666666666667,0.0,0.0,0.0,0.0,0.0,0.0,0.0021929824561403508,0.0,0.03585434173669468,0.0,0.0,0.009137426900584795,0.0,0.0,0.0,0.0021929824561403508,0.0,0.0,0.0,0.004445234708392603,0.025536881419234363,0.024227516990674883,0.0022522522522522522,0.0021929824561403508,0.005952380952380952,0.03519920296236086,0.0021929824561403508,0.0,0.02757936507936508,0.012322472848788638,0.027530820293978187,0.04251253132832081,0.2773741371845087,0.24851950856207825,0.1728717162540692,6.0
0.0,0.0028735632183908046,0.0,0.0028735632183908046,0.0,0.0,0.0028735632183908046,0.0,0.0,0.0,0.0,0.0,0.0,0.0,0.0,0.0,0.0,0.0,0.0,0.0,0.0,0.0,0.0,0.0,0.0,0.0,0.0,0.0,0.019675925925925927,0.0,0.0,0.004901960784313725,0.0,0.0,0.001937984496124031,0.0,0.0,0.0,0.0,0.0,0.0036231884057971015,0.04267872523686477,0.0,0.0,0.001937984496124031,0.0036231884057971015,0.010953579038034364,0.0,0.04656862745098039,0.02926806945364527,0.033175801260256585,0.013894506235254464,0.38951081269910554,0.11046190598491205,0.27916705047169216,7.0
0.0,0.0,0.0,0.0,0.0,0.0,0.0,0.0,0.0,0.0,0.0,0.0,0.0,0.003787878787878788,0.0,0.0,0.0,0.0,0.0,0.0,0.0,0.0,0.0,0.0,0.0,0.0,0.0,0.0,0.0,0.0,0.007575757575757576,0.0020325203252032522,0.0,0.0,0.0,0.0,0.0,0.0,0.0,0.0,0.0,0.009608277900960827,0.0,0.0,0.0020325203252032522,0.007575757575757576,0.0020325203252032522,0.003787878787878788,0.0030864197530864196,0.009608277900960827,0.01129177958446251,0.041666666666666664,0.40747789548602564,0.13127651857326653,0.3571593304316882,8.0
0.0,0.0,0.0,0.0,0.0,0.0,0.0,0.0,0.0,0.0,0.0,0.0,0.0,0.00577485380116959,0.0,0.0,0.0,0.0,0.0,0.0,0.0,0.0,0.0,0.0,0.0,0.0,0.0,0.0,0.0,0.0,0.0,0.010416666666666666,0.0,0.0,0.0,0.0,0.0,0.0,0.0,0.0,0.014204545454545456,0.024826388888888887,0.0,0.0,0.010416666666666666,0.014802631578947368,0.0,0.019270833333333334,0.020833333333333332,0.010416666666666666,0.0432748538011696,0.07418691559558432,0.3236506251889379,0.16778175850350774,0.2601432605205825,9.0
0.013888888888888888,0.0,0.0,0.0,0.0,0.0,0.0,0.0,0.0,0.0,0.0,0.0,0.0,0.007459677419354838,0.0,0.0,0.0,0.0,0.0,0.0,0.0,0.0,0.0,0.0,0.0,0.0,0.0,0.0,0.0026881720430107525,0.0,0.013888888888888888,0.013888888888888888,0.0,0.0,0.0,0.0,0.0,0.004901960784313725,0.0,0.0,0.008006535947712418,0.0184281385981947,0.0,0.0020833333333333333,0.016666666666666666,0.013989441930618402,0.005288461538461538,0.0032051282051282055,0.0,0.016339869281045753,0.036522886746671916,0.043464052287581705,0.40689969257383246,0.13196803328444692,0.24042128269295995,10.0
0.0,0.0,0.005208333333333333,0.0,0.0,0.0,0.0,0.0,0.0,0.0,0.0,0.0,0.0,0.0,0.0,0.0,0.0,0.0,0.003787878787878788,0.0,0.0026881720430107525,0.0,0.0,0.0,0.0,0.0,0.0,0.0,0.0,0.0,0.0,0.0063457854406130275,0.0,0.0,0.0,0.0,0.0,0.005555555555555556,0.0,0.0,0.001984126984126984,0.026395554928163627,0.0,0.0,0.00955988455988456,0.047258297258297256,0.0028735632183908046,0.007575757575757576,0.016739980449657868,0.034434203789042495,0.038610471070148485,0.024300363782638775,0.41762778408659096,0.12578787214931844,0.2232664149875907,11.0
0.0,0.0,0.0,0.0,0.0,0.0,0.0,0.0,0.0,0.0020325203252032522,0.0,0.0,0.0036231884057971015,0.004629629629629629,0.0,0.0,0.0,0.0015432098765432098,0.0,0.0015432098765432098,0.0,0.0,0.0,0.004629629629629629,0.0,0.0,0.0,0.0,0.004629629629629629,0.0,0.0,0.003968253968253968,0.0,0.0,0.0,0.0,0.0,0.0015432098765432098,0.0,0.003968253968253968,0.0020325203252032522,0.01695032825784098,0.0,0.0022522522522522522,0.006881881881881882,0.0020325203252032522,0.0039941902687000725,0.0,0.026894857136131434,0.013303367095366026,0.01871616023194433,0.011592018374964111,0.40876095775740007,0.15854118442952506,0.2959370264775604,12.0
0.0,0.0032051282051282055,0.0,0.0,0.0,0.0,0.0,0.0,0.0,0.0026881720430107525,0.0,0.0,0.0,0.0,0.0,0.0,0.0,0.0,0.0,0.0,0.0,0.0,0.0,0.0,0.0,0.0,0.0,0.0,0.006944444444444444,0.0,0.0,0.010567632850241546,0.0,0.0,0.0,0.0,0.0,0.007074136955291454,0.0,0.004166666666666667,0.0043859649122807015,0.014445931827086327,0.0,0.0,0.016666666666666666,0.01751207729468599,0.0,0.0,0.019547352851466925,0.019703829466138464,0.029743169436151892,0.027432324089794374,0.3982813342723901,0.15034638970488853,0.267288778313667,13.0
