so,gc,ig,ge,gi,hi,ih,hg,ei,hs,os,gg,eg,sh,he,ie,sc,eh,cs,se,ee,es,ii,si,sg,js,is,gs,ss,TimeFactor
0.0,0.0,0.0,0.0,0.0,0.0,0.0,0.0,0.0,0.0,0.0,0.0,0.0020833333333333333,0.0020833333333333333,0.0020833333333333333,0.0020833333333333333,0.0020833333333333333,0.0020833333333333333,0.0020833333333333333,0.004166666666666667,0.004166666666666667,0.004166666666666667,0.010416666666666666,0.010416666666666666,0.02291666666666667,0.041666666666666664,0.06180555555555555,0.07604166666666666,0.5829861111111111,1.0
0.0,0.0,0.0,0.0,0.0,0.0,0.0,0.001893939393939394,0.001893939393939394,0.001893939393939394,0.006944444444444444,0.008838383838383838,0.0,0.0,0.001893939393939394,0.003787878787878788,0.005208333333333333,0.007575757575757576,0.025852272727272727,0.005681818181818181,0.005681818181818181,0.005681818181818181,0.006060606060606061,0.014015151515151515,0.013005050505050506,0.005208333333333333,0.0271780303030303,0.052209595959595956,0.46616161616161617,2.0
0.0,0.0,0.0026041666666666665,0.0026041666666666665,0.0026041666666666665,0.0026041666666666665,0.0078125,0.0,0.0,0.01892361111111111,0.006944444444444444,0.0026041666666666665,0.0,0.0,0.0,0.0,0.0,0.0026041666666666665,0.011442550505050504,0.0,0.005208333333333333,0.005208333333333333,0.0067708333333333336,0.013541666666666667,0.009375,0.010416666666666666,0.0330965909090909,0.03986742424242424,0.5657670454545454,3.0
0.0,0.0,0.0,0.0,0.0,0.002976190476190476,0.0,0.0,0.0,0.002976190476190476,0.0012254901960784314,0.0078125,0.0,0.005952380952380952,0.0,0.002976190476190476,0.0,0.0,0.02437363834422658,0.002976190476190476,0.002976190476190476,0.002976190476190476,0.0,0.006448412698412699,0.005208333333333333,0.03819444444444444,0.030887702303143475,0.02491830065359477,0.5871216542172425,4.0
0.0,0.001893939393939394,0.0,0.0,0.0,0.0,0.0,0.0,0.0,0.0,0.0,0.005208333333333333,0.0,0.0,0.0,0.0,0.0,0.0,0.007102272727272728,0.0,0.0,0.0,0.0,0.0,0.010416666666666666,0.04722222222222222,0.005681818181818181,0.029261363636363637,0.7265467171717171,5.0
0.0,0.0,0.0,0.0,0.0,0.0,0.0,0.0,0.0,0.0,0.0,0.0,0.0,0.0,0.0,0.0,0.0,0.0,0.005208333333333333,0.0,0.0,0.005208333333333333,0.004166666666666667,0.008333333333333333,0.004166666666666667,0.057291666666666664,0.028819444444444443,0.03564814814814815,0.6844907407407407,6.0
0.004166666666666667,0.0,0.0,0.0,0.001488095238095238,0.0,0.0,0.0,0.0,0.010416666666666666,0.004166666666666667,0.0,0.0,0.0,0.0,0.0,0.0,0.0,0.004166666666666667,0.0,0.0,0.0,0.006696428571428571,0.006696428571428571,0.020833333333333332,0.015625,0.02529761904761905,0.08303571428571428,0.5674107142857142,7.0
0.0,0.0,0.0,0.0,0.0,0.0,0.0,0.0,0.0,0.0,0.0,0.003472222222222222,0.0,0.0,0.0,0.0,0.0,0.0,0.001388888888888889,0.0,0.0,0.0,0.0,0.0,0.0,0.0587797619047619,0.020833333333333332,0.013194444444444444,0.6523313492063493,8.0
0.0,0.0,0.0,0.0,0.0,0.0,0.0,0.0,0.0,0.004166666666666667,0.003472222222222222,0.0,0.0,0.0,0.0,0.0,0.0,0.0,0.0,0.003472222222222222,0.0,0.003472222222222222,0.006944444444444444,0.010416666666666666,0.006944444444444444,0.035069444444444445,0.02777777777777778,0.029166666666666664,0.7024305555555556,9.0
0.0,0.0,0.0016025641025641027,0.003787878787878788,0.0,0.0,0.0,0.0,0.001893939393939394,0.0,0.003472222222222222,0.0034965034965034965,0.0,0.0,0.0,0.0,0.0,0.0,0.005208333333333333,0.003787878787878788,0.0,0.003787878787878788,0.0,0.001893939393939394,0.0034965034965034965,0.015625,0.020750777000776998,0.03228681041181041,0.6489097707847707,10.0
0.0,0.0,0.005208333333333333,0.005208333333333333,0.0,0.0,0.0,0.0,0.005208333333333333,0.0,0.0,0.005208333333333333,0.0,0.0,0.0,0.0,0.0,0.0,0.0,0.0,0.0,0.0,0.005208333333333333,0.010416666666666666,0.0,0.03343253968253968,0.04057539682539683,0.023313492063492064,0.6995535714285713,11.0
0.0,0.0,0.0,0.0,0.0,0.0,0.0,0.0,0.0,0.0,0.0026041666666666665,0.0,0.0,0.0,0.0,0.0,0.0,0.0,0.0,0.0,0.0,0.0,0.0,0.0,0.020833333333333332,0.03298611111111111,0.01388888888888889,0.057291666666666664,0.6223958333333334,12.0
0.0,0.0,0.0,0.0,0.0,0.0,0.0,0.0,0.0,0.0,0.010416666666666666,0.0,0.0,0.0,0.0,0.0,0.0,0.0,0.01736111111111111,0.0,0.0,0.0,0.0,0.0,0.0,0.016493055555555556,0.0078125,0.0234375,0.5078125,13.0
