sis,csi,jss,ess,hgs,sii,ssi,csg,iii,gsg,ggs,hss,sso,sos,ccs,sgs,oss,sgg,ssg,ggg,iss,gss,css,sss,TimeFactor
0.0,0.0,0.0,0.0,0.0,0.0,0.0,0.0,0.0,0.0,0.0,0.0,0.0,0.0,0.0,0.006410256410256411,0.010416666666666666,0.020833333333333332,0.020833333333333332,0.020833333333333332,0.020833333333333332,0.02948717948717949,0.03125,0.33910256410256406,1.0
0.0,0.0,0.0,0.0,0.0,0.0,0.0,0.0,0.0,0.0,0.006410256410256411,0.006410256410256411,0.008333333333333333,0.008333333333333333,0.020833333333333332,0.0,0.016666666666666666,0.0,0.0,0.0,0.013888888888888888,0.02948717948717949,0.029166666666666664,0.2771367521367521,2.0
0.0,0.0,0.0,0.0,0.0,0.004629629629629629,0.004629629629629629,0.008333333333333333,0.009259259259259259,0.010416666666666666,0.0,0.015046296296296295,0.0,0.0,0.0,0.03958333333333333,0.004629629629629629,0.010416666666666666,0.010416666666666666,0.010416666666666666,0.0,0.05717592592592593,0.011904761904761904,0.2198082010582011,3.0
0.0,0.0,0.0,0.020833333333333332,0.020833333333333332,0.0,0.0,0.0,0.0,0.0,0.0,0.0,0.0,0.0,0.0,0.0,0.0,0.0,0.0,0.0,0.0,0.041666666666666664,0.0,0.25,4.0
0.0,0.0,0.03333333333333333,0.0,0.0,0.020833333333333332,0.020833333333333332,0.0,0.020833333333333332,0.0,0.0,0.0,0.0,0.006410256410256411,0.0,0.0,0.006410256410256411,0.0,0.0,0.0,0.0,0.0,0.0,0.2246794871794872,5.0
0.0,0.0,0.0,0.0,0.0,0.0,0.0,0.0,0.0,0.0,0.0,0.0,0.0,0.0,0.0,0.0,0.0,0.0,0.0,0.0,0.0,0.0,0.0,0.3333333333333333,6.0
0.0,0.0,0.0,0.0,0.0,0.0,0.0,0.0,0.0,0.0,0.0,0.0,0.0,0.0,0.0,0.0,0.0,0.0,0.0,0.0,0.0,0.009259259259259259,0.0,0.24074074074074073,7.0
0.0,0.0,0.0,0.0,0.0,0.0,0.0,0.0,0.0,0.0,0.0,0.0,0.0,0.0,0.0,0.0,0.0,0.003472222222222222,0.003472222222222222,0.003472222222222222,0.006944444444444444,0.003472222222222222,0.0,0.14583333333333334,8.0
0.009259259259259259,0.009259259259259259,0.0,0.0,0.0,0.0,0.0,0.0,0.0,0.0,0.0,0.0,0.0,0.0,0.0,0.0,0.0,0.0,0.0,0.0,0.018518518518518517,0.0,0.010416666666666666,0.20254629629629628,9.0
0.0,0.0,0.0,0.0,0.0,0.0,0.0,0.0,0.0,0.0,0.0,0.0,0.004166666666666667,0.004166666666666667,0.0,0.0,0.004166666666666667,0.0,0.0,0.0,0.0,0.0,0.0,0.32083333333333336,10.0
0.0,0.0,0.0,0.0,0.0,0.0,0.0,0.0,0.0,0.0,0.0,0.0,0.0,0.0,0.0,0.0,0.0,0.0,0.0,0.0,0.0,0.0,0.0,0.25,11.0
0.0,0.0,0.0,0.0,0.0,0.0,0.0,0.0,0.0,0.0,0.0,0.0,0.0,0.0,0.0,0.0,0.016666666666666666,0.008333333333333333,0.008333333333333333,0.03333333333333333,0.0,0.008333333333333333,0.0,0.17500000000000002,12.0
0.0,0.0,0.0,0.0,0.0,0.0,0.0,0.0,0.0,0.020833333333333332,0.0,0.0,0.0,0.0,0.0,0.020833333333333332,0.0,0.009259259259259259,0.009259259259259259,0.009259259259259259,0.0,0.041666666666666664,0.0,0.47222222222222215,13.0
