jjj,ssj,sjj,iee,iie,gis,jss,cso,ghg,sos,gii,hgi,oss,hsi,iis,sgi,gig,gsg,ses,gse,iig,sgg,isi,gsi,iss,isg,igs,ess,ssi,sii,ssg,sgs,ggg,sis,ssc,scs,css,ggs,iii,gss,sss,TimeFactor
0.0,0.0,0.0,0.0,0.0,0.0,0.0,0.0,0.0,0.0,0.0,0.0,0.0,0.0,0.0,0.0,0.0,0.0,0.003472222222222222,0.003472222222222222,0.003472222222222222,0.003472222222222222,0.003472222222222222,0.003472222222222222,0.003472222222222222,0.003472222222222222,0.003472222222222222,0.003472222222222222,0.005208333333333333,0.005208333333333333,0.005208333333333333,0.005208333333333333,0.006944444444444444,0.006944444444444444,0.007575757575757576,0.007575757575757576,0.007575757575757576,0.008680555555555554,0.020833333333333332,0.03819444444444444,0.2567866161616162,1.0
0.0,0.0,0.0,0.0,0.0,0.0,0.0,0.0,0.0,0.0,0.0,0.0,0.0,0.0,0.0030864197530864196,0.006410256410256411,0.006410256410256411,0.006410256410256411,0.0,0.0,0.0,0.0,0.0,0.0030864197530864196,0.0030864197530864196,0.006172839506172839,0.006410256410256411,0.009259259259259259,0.0030864197530864196,0.0030864197530864196,0.006410256410256411,0.03341642924976258,0.0,0.0030864197530864196,0.0,0.0,0.0,0.0030864197530864196,0.009259259259259259,0.03958926875593542,0.26531339031339035,2.0
0.0,0.0,0.0,0.0,0.0,0.0,0.0,0.0,0.0,0.0,0.0,0.0,0.009259259259259259,0.020833333333333332,0.013888888888888888,0.0,0.0,0.0,0.0,0.0,0.0,0.0,0.0,0.006944444444444444,0.03472222222222222,0.006944444444444444,0.0,0.0,0.0,0.006944444444444444,0.0,0.006944444444444444,0.0,0.020833333333333332,0.0,0.0,0.016666666666666666,0.0,0.0,0.016203703703703703,0.3398148148148148,3.0
0.0,0.0,0.0,0.0,0.0,0.0,0.0,0.0,0.0,0.0,0.0,0.0,0.0,0.0,0.0,0.0,0.0,0.014802631578947368,0.0,0.0,0.0,0.0,0.0,0.020833333333333332,0.04627192982456141,0.0,0.0,0.0,0.0,0.0,0.0,0.014802631578947368,0.0,0.020833333333333332,0.0,0.0,0.0,0.0,0.0,0.025219298245614034,0.19057017543859653,4.0
0.0,0.0,0.0,0.0,0.0,0.0,0.0,0.0036231884057971015,0.0036231884057971015,0.0036231884057971015,0.0036231884057971015,0.0036231884057971015,0.0036231884057971015,0.0,0.0036231884057971015,0.0,0.0,0.0,0.0,0.0,0.0,0.0,0.0,0.0,0.0036231884057971015,0.0,0.0036231884057971015,0.0,0.0,0.0,0.0,0.0,0.0,0.0,0.0,0.0,0.0,0.0,0.0,0.0036231884057971015,0.04710144927536231,5.0
0.0,0.0,0.0,0.0032051282051282055,0.0032051282051282055,0.0032051282051282055,0.010416666666666666,0.0,0.0,0.0,0.0,0.0,0.0,0.0,0.0,0.0,0.0,0.0,0.0,0.0,0.0,0.0,0.0032051282051282055,0.0,0.0032051282051282055,0.0,0.0,0.0,0.0,0.0032051282051282055,0.0,0.0,0.0,0.0,0.0,0.0,0.0,0.0,0.0,0.027243589743589744,0.2764423076923077,6.0
0.0,0.0,0.0,0.0,0.0,0.006944444444444444,0.0,0.0,0.0,0.0,0.0,0.0,0.0,0.0,0.0,0.0,0.0,0.0,0.0,0.0,0.0,0.0,0.0,0.027777777777777776,0.03472222222222222,0.006944444444444444,0.0,0.0,0.0,0.0,0.0,0.006944444444444444,0.0,0.027777777777777776,0.0,0.0,0.0,0.0,0.0,0.027777777777777776,0.19444444444444445,7.0
0.0,0.0,0.0,0.0,0.0,0.0,0.006410256410256411,0.0,0.0,0.0,0.0,0.0,0.0,0.0,0.0,0.0,0.0,0.0,0.0,0.0,0.0,0.0,0.0,0.0,0.006410256410256411,0.0,0.0,0.0,0.0,0.0,0.020833333333333332,0.020833333333333332,0.0,0.0,0.0,0.006410256410256411,0.006410256410256411,0.0,0.0,0.05416666666666667,0.21185897435897436,8.0
0.0,0.0,0.0,0.0,0.0,0.0,0.0,0.0,0.0,0.0,0.0,0.0,0.0,0.0,0.0,0.0,0.0,0.0,0.0,0.0,0.0,0.0,0.0,0.0,0.016666666666666666,0.009259259259259259,0.0,0.0,0.0,0.0,0.009259259259259259,0.018518518518518517,0.0,0.0,0.0,0.0,0.0,0.0,0.0,0.037037037037037035,0.24259259259259258,9.0
0.0,0.0,0.0,0.0,0.0,0.0,0.0,0.0,0.0,0.0,0.0,0.0,0.0,0.0,0.0,0.0,0.0,0.0,0.0,0.0,0.0,0.0,0.0,0.0,0.0,0.0,0.0,0.0,0.0,0.0,0.0,0.0,0.0,0.0,0.0,0.0,0.0,0.0,0.0,0.0,0.16666666666666666,10.0
0.0,0.0,0.0,0.0,0.0,0.0,0.0,0.0,0.0,0.0,0.0,0.0,0.0,0.0,0.0,0.0,0.0,0.0,0.0,0.0,0.0,0.0,0.0,0.0,0.016666666666666666,0.0,0.0,0.009259259259259259,0.008333333333333333,0.0,0.0,0.0,0.0,0.008333333333333333,0.0,0.0,0.0,0.0,0.0,0.009259259259259259,0.2814814814814815,11.0
0.0,0.0,0.0,0.0,0.0,0.0,0.016666666666666666,0.0,0.0,0.0,0.0,0.0,0.0,0.0,0.0,0.0,0.0,0.0,0.0,0.0,0.0,0.0,0.0,0.0,0.020833333333333332,0.0,0.0,0.0,0.0,0.0,0.0,0.0,0.0,0.0,0.0,0.0,0.0,0.0,0.0,0.0,0.2125,12.0
0.005952380952380952,0.005952380952380952,0.005952380952380952,0.0,0.0,0.0,0.005952380952380952,0.0,0.0,0.0,0.0,0.0,0.0,0.0,0.0,0.0,0.0,0.0,0.0,0.0,0.0,0.0,0.0,0.0,0.0,0.0,0.0,0.0,0.0,0.0,0.0,0.0,0.0,0.0,0.0,0.0,0.013888888888888888,0.0,0.0,0.0,0.12896825396825398,13.0
