io,oi,ic,co,sh,ii,hi,os,cc,js,jc,gg,si,sg,gs,hs,sc,is,cs,ss,TimeFactor
0.0,0.0,0.0,0.0,0.0,0.0,0.0,0.0,0.0,0.0,0.0,0.0,0.0,0.0,0.0,0.0,0.016666666666666666,0.016666666666666666,0.030555555555555558,0.18611111111111112,1.0
0.0,0.0,0.0,0.0,0.0,0.0,0.0,0.0,0.0,0.0,0.0,0.0,0.0,0.0,0.0,0.013888888888888888,0.0,0.0,0.0,0.06944444444444445,2.0
0.0,0.0,0.0,0.0,0.0,0.0,0.0,0.0,0.0,0.0,0.0,0.016666666666666666,0.016666666666666666,0.03333333333333333,0.041666666666666664,0.0,0.0,0.025000000000000005,0.008333333333333333,0.10833333333333332,3.0
0.0,0.0,0.0,0.0,0.0,0.0,0.0,0.0,0.0,0.013888888888888888,0.016666666666666666,0.0,0.016666666666666666,0.0,0.0,0.0,0.0,0.016666666666666666,0.016666666666666666,0.16944444444444443,4.0
0.0,0.0,0.0,0.0,0.0,0.0,0.0,0.007575757575757576,0.015151515151515152,0.0,0.0,0.0,0.016666666666666666,0.0,0.016666666666666666,0.0,0.007575757575757576,0.02361111111111111,0.0,0.16275252525252526,5.0
0.0,0.0,0.0,0.0,0.0,0.0,0.0,0.0,0.0,0.0,0.0,0.0,0.0,0.0,0.030555555555555558,0.0,0.0,0.0,0.0,0.1361111111111111,6.0
0.0,0.0,0.0,0.0,0.0,0.0,0.0,0.0,0.0,0.0,0.0,0.0,0.0,0.0,0.0,0.0,0.0,0.0,0.0,0.08333333333333333,7.0
0.0,0.0,0.0,0.0,0.004629629629629629,0.004629629629629629,0.004629629629629629,0.0,0.0,0.0,0.0,0.0,0.0,0.004629629629629629,0.009259259259259259,0.0,0.0,0.021296296296296296,0.0,0.20092592592592595,8.0
0.0,0.011904761904761904,0.011904761904761904,0.011904761904761904,0.0,0.0,0.0,0.0,0.0,0.0,0.0,0.0,0.0,0.0,0.0,0.0,0.0,0.016666666666666666,0.011904761904761904,0.18571428571428572,9.0
0.0,0.0,0.0,0.0,0.0,0.0,0.0,0.0,0.0,0.0,0.0,0.0,0.0,0.016666666666666666,0.024242424242424242,0.0,0.0,0.0,0.0,0.12575757575757576,10.0
0.0,0.0,0.0,0.0,0.0,0.0,0.0,0.0,0.0,0.0,0.0,0.0,0.0,0.016666666666666666,0.030555555555555558,0.0,0.0,0.0,0.0,0.2027777777777778,11.0
0.0,0.0,0.0,0.0,0.0,0.0,0.0,0.0,0.0,0.0,0.0,0.0,0.0,0.0,0.013888888888888888,0.0,0.0,0.0,0.0,0.1527777777777778,12.0
0.016666666666666666,0.0,0.0,0.0,0.0,0.0,0.0,0.016666666666666666,0.016666666666666666,0.0,0.0,0.0,0.0,0.0,0.016666666666666666,0.0,0.016666666666666666,0.0,0.0,0.16666666666666666,13.0
