ji,hc,gc,jo,jg,ci,cg,sj,ei,ge,sc,ig,oi,co,sh,se,gg,gi,es,si,ii,os,hs,sg,cs,js,gs,is,ss,TimeFactor
0.0,0.0,0.0,0.0,0.0,0.0,0.0,0.0,0.0,0.0,0.0,0.0,0.0005868544600938967,0.0005868544600938967,0.0006944444444444445,0.0006944444444444445,0.0011737089201877935,0.001812344656172328,0.002562597809076682,0.0035564925270807624,0.005555555555555556,0.007998217043870274,0.01013519717380815,0.011560298237530414,0.047527158260655546,0.05119416646927063,0.07830360095894452,0.09697083566143194,0.6790872289173387,1.0
0.0,0.0,0.0,0.0,0.0,0.0,0.0,0.0,0.0,0.0,0.0007575757575757576,0.0028409090909090906,0.0,0.0,0.0,0.0010964912280701754,0.005061406282943285,0.0010964912280701754,0.011341885238944064,0.0020833333333333333,0.0007575757575757576,0.0063941757344240365,0.012499959355687535,0.0036810776942355888,0.035058600294184665,0.034076512109834416,0.08902415575030238,0.06357329225764323,0.6473232255529332,2.0
0.0,0.0,0.0,0.0,0.0,0.0,0.0,0.0,0.0008012820512820514,0.0009057971014492754,0.0016666666666666668,0.003039345711759505,0.0,0.0,0.0,0.0008012820512820514,0.010063306258958432,0.0014367816091954023,0.004897893765959733,0.0044761273209549075,0.0,0.00704575596816976,0.019211761259175054,0.015506568297048056,0.03813529549778613,0.032987575363652946,0.0690610087393727,0.04545702504121732,0.6611731939627367,3.0
0.0,0.0,0.0,0.0,0.0,0.0007716049382716049,0.0023148148148148147,0.003751596424010217,0.0,0.0,0.0007716049382716049,0.0,0.0,0.0,0.0,0.0,0.0,0.002979145978152929,0.0015432098765432098,0.0023148148148148147,0.0,0.009923590422597373,0.01422833376242843,0.003751596424010217,0.07833601736696738,0.03418089731425119,0.06782658832676525,0.06572920484661858,0.7115769797514823,4.0
0.0,0.0,0.0,0.0,0.0,0.0,0.0,0.0,0.0,0.0,0.0,0.0010683760683760683,0.0,0.0,0.0,0.0,0.0,0.0010683760683760683,0.003948252688172043,0.0,0.0,0.0026881720430107525,0.011485042735042736,0.0021367521367521365,0.03600586109312132,0.03790210809212769,0.06858768251139019,0.0627222606844577,0.7723871158791732,5.0
0.0,0.0,0.0,0.0,0.0023148148148148147,0.0,0.0,0.0,0.0,0.0,0.0,0.0,0.0,0.0,0.0,0.0,0.0013020833333333333,0.0,0.005656108597285069,0.0,0.0,0.008382693355119826,0.01605235042735043,0.004166666666666667,0.04921888092843976,0.045192231891632045,0.051363350952166736,0.043342612714226486,0.6896748729856315,6.0
0.0,0.0,0.0,0.0,0.0,0.0,0.0,0.0,0.0,0.0,0.0,0.0,0.0,0.0,0.0,0.0,0.0,0.0,0.005092592592592592,0.004629629629629629,0.0,0.010453216374269006,0.008000678023561318,0.0,0.03194073650309349,0.07952686668361725,0.08975495804729215,0.06300904737689635,0.7075922747690483,7.0
0.0,0.0,0.0,0.0013440860215053762,0.0,0.0,0.0,0.0013440860215053762,0.0,0.0,0.001893939393939394,0.0,0.0,0.0,0.0,0.0,0.0011261261261261261,0.0011261261261261261,0.0,0.006398443898443899,0.0,0.007037279214698569,0.0076459034792368125,0.008779612946279613,0.028037262580273333,0.031148209328033888,0.06474417083500275,0.06305458850025912,0.7763201655285696,8.0
0.0,0.0,0.0,0.0,0.0,0.0,0.0,0.0,0.0,0.0,0.0,0.0018115942028985507,0.0,0.0,0.0,0.0,0.0,0.0,0.0018115942028985507,0.006074168797953965,0.0018115942028985507,0.0,0.005946046181630547,0.010903532608695652,0.026624803824691932,0.0667020576173053,0.09693166649330837,0.0655171026700674,0.7158658391976512,9.0
0.0,0.0,0.0024509803921568627,0.0,0.0,0.0,0.0,0.0,0.0,0.0,0.0,0.0,0.0,0.0,0.0,0.0,0.0,0.0,0.0032051282051282055,0.004166666666666667,0.0,0.0,0.01771723646723647,0.0,0.0355909439049274,0.042436985290442465,0.09505755706091103,0.06778713847212299,0.7315873635404078,10.0
0.0,0.0,0.0,0.0,0.0,0.0,0.0,0.0,0.0,0.0,0.0011904761904761904,0.0,0.0,0.0,0.0,0.0,0.0,0.0,0.0,0.0008865248226950354,0.0,0.0008865248226950354,0.012791286727456939,0.002976190476190476,0.021263878444729514,0.035823247259417476,0.0692472868004783,0.05142597004299132,0.8035086144128698,11.0
0.0,0.003787878787878788,0.0,0.0,0.0,0.0,0.0,0.0,0.0,0.0,0.0006613756613756613,0.0,0.0,0.0,0.003787878787878788,0.0,0.0,0.0,0.0,0.008333333333333333,0.0,0.0007309941520467836,0.003650793650793651,0.0,0.0269927660059239,0.04027286431891695,0.08913603818209082,0.06561839354602512,0.7570276835737362,12.0
0.0015432098765432098,0.0,0.0,0.0,0.0,0.0,0.0,0.0,0.0,0.0,0.0,0.0032051282051282055,0.0,0.0,0.0,0.0,0.0,0.0,0.0032051282051282055,0.0032051282051282055,0.0,0.004594017094017094,0.008117481376187842,0.0,0.027936705362078495,0.0328694442866231,0.09719493997369326,0.04310406179736001,0.7750247556181123,13.0
