ch,ij,oo,ci,og,ei,ee,cc,cj,je,oh,io,so,ii,eo,cg,ih,gh,co,eg,ic,oi,hg,eh,ge,jh,se,sh,gj,jj,jc,es,gi,sc,gg,ie,ig,ji,sj,gc,jg,os,cs,si,hs,sg,js,ss,is,gs,TimeFactor
0.0,0.0,0.0,0.0,0.0,0.0,0.0,0.0,0.0,0.0,0.0,0.0,0.0,0.0,0.0,0.0,0.0,0.0,0.0,0.0,0.0,0.0,0.0,0.0,0.0,0.0,0.0,0.0,0.001572327044025157,0.001572327044025157,0.001572327044025157,0.001984126984126984,0.003144654088050314,0.003556454028152141,0.003787878787878788,0.004901960784313725,0.004901960784313725,0.004901960784313725,0.005772005772005772,0.006474287828338882,0.008417508417508417,0.00992063492063492,0.013455573800401388,0.015135467980295567,0.018430099312452253,0.04220229261371287,0.050961306448408905,0.194609481786182,0.2285201595145527,0.3742052042322814,1.0
0.0,0.0,0.0,0.0,0.0,0.0,0.0,0.0,0.0,0.0,0.0,0.0,0.0,0.0,0.0,0.0,0.0,0.0,0.0,0.0,0.0,0.0,0.0,0.0020833333333333333,0.0020833333333333333,0.0030864197530864196,0.005208333333333333,0.006172839506172839,0.0,0.0,0.0,0.012363215488215487,0.0020833333333333333,0.003968253968253968,0.0020833333333333333,0.0,0.0020833333333333333,0.0030864197530864196,0.007936507936507936,0.0,0.0,0.0,0.011153198653198653,0.018325617283950615,0.004608585858585859,0.0216540404040404,0.0314935064935065,0.18225909892576556,0.1820591831008498,0.4962081128747795,2.0
0.0,0.0,0.0,0.0,0.0,0.0,0.0,0.0,0.0,0.0,0.0,0.0,0.0,0.0,0.0,0.0,0.0,0.0,0.0,0.0,0.0033333333333333335,0.005555555555555556,0.008333333333333333,0.0,0.0,0.0,0.0,0.0033333333333333335,0.0,0.0,0.0,0.008005050505050506,0.0,0.010353260869565218,0.012820512820512822,0.0,0.001893939393939394,0.006410256410256411,0.007121212121212121,0.0,0.0033333333333333335,0.006410256410256411,0.008541666666666668,0.015940656565656564,0.019740612648221346,0.04323781291172595,0.026306543697848045,0.16483463396506873,0.17135504290395598,0.47313965322117496,3.0
0.0,0.0,0.0,0.0,0.0,0.0,0.0,0.0,0.0,0.0,0.0,0.0,0.0,0.0,0.0,0.0,0.0017730496453900709,0.0017730496453900709,0.0028735632183908046,0.008640552995391704,0.0,0.005952380952380952,0.0,0.0,0.0,0.0,0.0,0.0,0.0021929824561403508,0.0028735632183908046,0.0033333333333333335,0.024166666666666666,0.0,0.0017730496453900709,0.01636904761904762,0.0021929824561403508,0.0,0.0,0.01659342348361517,0.0,0.0,0.015625,0.007725430597771023,0.015486638203668563,0.0188826060726094,0.034269618280953346,0.022367625629287523,0.21140636796897638,0.13146089519814833,0.45226817271291747,4.0
0.0,0.0,0.0,0.0,0.0,0.0,0.0,0.0,0.0,0.0,0.0,0.0,0.0,0.0,0.0,0.0016666666666666668,0.0,0.0,0.0,0.0,0.0021929824561403508,0.0,0.0,0.0,0.0,0.0,0.0,0.0,0.0,0.0,0.0,0.0,0.004629629629629629,0.0076388888888888895,0.006410256410256411,0.0,0.008076923076923077,0.0,0.01014957264957265,0.0,0.0032051282051282055,0.08333333333333333,0.0,0.012075461088618983,0.011825598943595547,0.01983475226167335,0.010428743961352656,0.23714077474707138,0.12881632364857434,0.4525749640325747,5.0
0.0,0.0,0.0,0.0,0.0,0.0,0.0,0.0,0.0,0.0,0.0,0.0,0.0,0.0021929824561403508,0.005952380952380952,0.0,0.0,0.0,0.0,0.0,0.0,0.0,0.0,0.0,0.0,0.0,0.0018115942028985507,0.0026881720430107525,0.0,0.0026881720430107525,0.0,0.09015594541910332,0.0,0.008009153318077803,0.027274557165861513,0.0,0.004629629629629629,0.0,0.0046439628482972135,0.0,0.0,0.0043859649122807015,0.009799382716049382,0.018445601367712044,0.020607890499194845,0.03816244189853244,0.012340831918505941,0.2017839329575485,0.09270461259805546,0.45172279105370966,6.0
0.0,0.0,0.0,0.0,0.0,0.0,0.0,0.0,0.0,0.0016666666666666668,0.0020833333333333333,0.006944444444444444,0.006944444444444444,0.005511463844797178,0.0,0.0,0.0,0.0016666666666666668,0.0016666666666666668,0.0,0.0016666666666666668,0.0,0.0,0.0,0.0,0.0,0.0,0.012797619047619049,0.0,0.0,0.0,0.0,0.003968253968253968,0.004047619047619047,0.03059082892416226,0.0,0.006944444444444444,0.0,0.005015432098765432,0.0,0.0015432098765432098,0.0,0.004117647058823529,0.004464285714285715,0.01625,0.044077964519140984,0.007376543209876543,0.3446025261956635,0.12026688453159042,0.36578638862952584,7.0
0.0,0.0,0.0,0.0,0.0,0.0,0.001736111111111111,0.001736111111111111,0.0023148148148148147,0.0,0.0,0.0,0.001736111111111111,0.004050925925925926,0.0,0.016666666666666666,0.001736111111111111,0.0,0.0,0.0,0.0,0.0,0.005704365079365079,0.0,0.0,0.0,0.0,0.0,0.0,0.0,0.0,0.0078125,0.001736111111111111,0.005208333333333333,0.022858796296296297,0.0,0.006944444444444444,0.041666666666666664,0.014230850168350169,0.0,0.0,0.01935483870967742,0.009632616487455196,0.0,0.005704365079365079,0.026415023894862607,0.006656426011264721,0.21838533330468815,0.14888476032629258,0.42882771723497526,8.0
0.0,0.0,0.0,0.0,0.0043859649122807015,0.005952380952380952,0.0,0.004901960784313725,0.0,0.0,0.0,0.0,0.0,0.0,0.0,0.0,0.0043859649122807015,0.0,0.0,0.0,0.0,0.0,0.004901960784313725,0.0,0.008145363408521303,0.0,0.0016666666666666668,0.006944444444444444,0.0,0.0,0.0,0.008771929824561403,0.004901960784313725,0.0,0.028009330925352596,0.005952380952380952,0.013047324192835026,0.0,0.011996904024767802,0.0,0.0016666666666666668,0.0043859649122807015,0.005208333333333333,0.016354202499713335,0.020538570691434468,0.10311937933067965,0.0033333333333333335,0.2869289440922567,0.11967537307320587,0.3248246944976821,9.0
0.0,0.0023809523809523807,0.0026041666666666665,0.005208333333333333,0.0022522522522522522,0.0,0.0,0.0,0.013888888888888888,0.0,0.0,0.0,0.0,0.005208333333333333,0.0,0.0,0.0,0.0,0.0,0.005875440658049354,0.0,0.0,0.0,0.0,0.0,0.0023809523809523807,0.0,0.0,0.0,0.0023809523809523807,0.0,0.011413043478260868,0.018941815856777493,0.0030864197530864196,0.06458388649884814,0.0,0.009575569358178054,0.0,0.006885456885456886,0.0,0.0,0.009038800705467372,0.007253086419753086,0.018398085585585585,0.020141045548654247,0.06451897355429964,0.0054673721340388,0.3157789575441962,0.0829144161744865,0.3198227982275297,10.0
0.0036231884057971015,0.0,0.0,0.0,0.0021929824561403508,0.0,0.0,0.0,0.0,0.0,0.0,0.0036231884057971015,0.005555555555555556,0.005952380952380952,0.0,0.0,0.0,0.0,0.0,0.025845410628019327,0.0,0.0,0.0,0.0,0.0,0.0,0.0021929824561403508,0.0036231884057971015,0.0,0.0,0.0,0.009575569358178054,0.0021929824561403508,0.0,0.04930237732011188,0.005952380952380952,0.029321946169772257,0.0,0.003787878787878788,0.0,0.0,0.007246376811594203,0.007246376811594203,0.02645447611122668,0.0,0.09629593568795974,0.0,0.25759838802348217,0.07394678576674589,0.2951363151439737,11.0
0.0,0.0,0.0,0.0023148148148148147,0.0,0.0,0.0,0.0,0.0,0.0,0.0,0.0,0.0,0.0,0.0,0.0,0.0,0.0,0.0,0.0,0.0,0.0,0.0,0.0,0.0,0.0,0.0030864197530864196,0.0,0.0,0.005952380952380952,0.0,0.00505952380952381,0.002976190476190476,0.0,0.06127645502645502,0.0,0.009259259259259259,0.0,0.002976190476190476,0.0,0.0,0.008035714285714285,0.015476190476190477,0.03572530864197531,0.018915343915343916,0.023192239858906522,0.013988095238095237,0.3061948853615521,0.06699735449735449,0.3352402998236332,12.0
0.0,0.0,0.0,0.0,0.0,0.0,0.0,0.0,0.0,0.0,0.0,0.0,0.008333333333333333,0.0,0.0,0.016666666666666666,0.0,0.0,0.0,0.0,0.0,0.0,0.0,0.0,0.0,0.0,0.0,0.0,0.0,0.003968253968253968,0.0,0.015175150519978106,0.004901960784313725,0.0,0.023960304842657782,0.0,0.03074712643678161,0.0022522522522522522,0.0,0.0,0.0,0.0,0.09027777777777778,0.008333333333333333,0.0028735632183908046,0.06177606177606177,0.005125815470643057,0.18215692148247928,0.050728974410516,0.24272250372656054,13.0
