si,ii,js,sg,gg,is,gs,ss,TimeFactor
0.0,0.0,0.0,0.0,0.0,0.007575757575757576,0.016666666666666666,0.22575757575757574,1.0
0.0,0.0,0.0,0.0,0.0,0.010416666666666666,0.01909722222222222,0.1371527777777778,2.0
0.0,0.0,0.0,0.0,0.016666666666666666,0.0,0.016666666666666666,0.13333333333333333,3.0
0.0,0.0,0.0,0.0,0.0,0.0,0.008333333333333333,0.15833333333333333,4.0
0.0,0.0,0.0,0.0,0.0,0.0,0.0,0.08333333333333333,5.0
0.0,0.0,0.0,0.0,0.0,0.0,0.007575757575757576,0.07575757575757576,6.0
0.0,0.0,0.0,0.011904761904761904,0.0,0.0,0.011904761904761904,0.14285714285714288,7.0
0.0,0.0,0.0,0.0,0.0,0.0,0.013888888888888888,0.06944444444444445,8.0
0.0,0.0,0.0,0.0,0.0,0.0,0.0,0.0,9.0
0.0,0.0,0.027777777777777776,0.0,0.0,0.013888888888888888,0.0,0.20833333333333334,10.0
0.0,0.0,0.013888888888888888,0.0,0.0,0.016666666666666666,0.027777777777777776,0.275,11.0
0.020833333333333332,0.03125,0.0,0.0,0.0,0.020833333333333332,0.016666666666666666,0.07708333333333334,12.0
0.0,0.0,0.0,0.0,0.0,0.013888888888888888,0.0,0.06944444444444445,13.0
