gi,cc,ii,jj,jg,ih,gg,os,ce,es,hs,si,sg,sj,js,ch,hg,sc,cs,is,gs,ss,TimeFactor
0.0,0.0,0.0,0.0,0.0,0.0,0.0,0.0,0.0,0.0,0.006944444444444444,0.009259259259259259,0.009259259259259259,0.013888888888888888,0.013888888888888888,0.027777777777777776,0.027777777777777776,0.043981481481481476,0.043981481481481476,0.06018518518518518,0.10416666666666667,0.47222222222222227,1.0
0.0,0.0,0.0,0.0,0.0,0.005555555555555556,0.005555555555555556,0.011111111111111112,0.013888888888888888,0.013888888888888888,0.011111111111111112,0.0,0.016666666666666666,0.0,0.013888888888888888,0.0,0.0,0.0,0.013888888888888888,0.05833333333333333,0.06666666666666667,0.5194444444444444,2.0
0.0,0.0,0.0,0.0,0.0,0.0,0.0,0.0,0.0,0.0,0.009259259259259259,0.0,0.0,0.0,0.0,0.0,0.0,0.0,0.009259259259259259,0.032407407407407406,0.06018518518518518,0.3055555555555555,3.0
0.0,0.0,0.0,0.0,0.0,0.0,0.0,0.0,0.0,0.0,0.0,0.0,0.0,0.0,0.009259259259259259,0.0,0.0,0.0,0.009259259259259259,0.03333333333333333,0.014814814814814814,0.3499999999999999,4.0
0.0,0.0,0.0,0.0,0.013888888888888888,0.0,0.0,0.0,0.0,0.0,0.013888888888888888,0.0,0.0,0.0,0.0,0.0,0.0,0.0,0.0,0.041666666666666664,0.024999999999999998,0.32222222222222224,5.0
0.0,0.0,0.0,0.0,0.0,0.0,0.0,0.0,0.0,0.0,0.0,0.0,0.0,0.0,0.027777777777777776,0.0,0.0,0.0,0.0,0.0,0.0,0.2222222222222222,6.0
0.0,0.0,0.0,0.0,0.0,0.0,0.0,0.0,0.0,0.0,0.0,0.0,0.0,0.009259259259259259,0.009259259259259259,0.0,0.0,0.0,0.0,0.009259259259259259,0.08333333333333333,0.2222222222222222,7.0
0.0,0.0,0.0,0.0,0.0,0.0,0.0,0.0,0.0,0.0,0.0,0.013888888888888888,0.0,0.0,0.0,0.0,0.0,0.0,0.0,0.032407407407407406,0.0462962962962963,0.32407407407407407,8.0
0.0,0.0,0.0,0.0,0.0,0.0,0.0,0.0,0.0,0.013888888888888888,0.0,0.0,0.027777777777777776,0.0,0.006944444444444444,0.0,0.0,0.0,0.027777777777777776,0.013888888888888888,0.048611111111111105,0.19444444444444445,9.0
0.0,0.0,0.002777777777777778,0.027777777777777776,0.0,0.0,0.0,0.0,0.0,0.0,0.0,0.002777777777777778,0.027777777777777776,0.0,0.027777777777777776,0.0,0.0,0.0,0.041666666666666664,0.0,0.03888888888888889,0.4138888888888889,10.0
0.0,0.0,0.0,0.0,0.0,0.0,0.0,0.0,0.0,0.0,0.0,0.0,0.0,0.013888888888888888,0.013888888888888888,0.0,0.0,0.0,0.027777777777777776,0.013888888888888888,0.006944444444444444,0.2569444444444444,11.0
0.0,0.013888888888888888,0.0,0.0,0.0,0.0,0.0,0.0,0.0,0.0,0.0,0.0,0.0,0.0,0.013888888888888888,0.0,0.0,0.0,0.013888888888888888,0.027777777777777776,0.07407407407407407,0.27314814814814814,12.0
0.027777777777777776,0.0,0.009259259259259259,0.0,0.0,0.0,0.0,0.0,0.0,0.0,0.02314814814814815,0.009259259259259259,0.0,0.0,0.009259259259259259,0.0,0.0,0.0,0.0,0.027777777777777776,0.05092592592592592,0.25925925925925924,13.0
