ghg,sjs,gsc,soi,cgs,csc,ghs,hes,gcs,gie,gih,eis,gii,gsi,gsh,ish,csi,sih,gis,scs,iis,ecs,isg,jis,igs,gsg,shs,sgs,ggs,ssi,ihs,jgs,ggg,jcs,osi,cis,ess,sis,oss,hss,css,jss,gss,iss,sss,TimeFactor
0.0,0.0,0.0,0.0,0.0,0.0,0.0,0.0,0.0,0.0,0.0,0.0,0.0,0.0,0.0,0.0,0.0,0.0,0.0,0.0,0.0,0.0,0.0,0.0,0.0,0.0,0.0,0.0,0.0,0.0,0.0,0.0,0.0014619883040935672,0.0014619883040935672,0.001893939393939394,0.001893939393939394,0.0028060743255989436,0.0033138401559454195,0.01080542264752791,0.036322832564270414,0.09035185856800516,0.1275781852515564,0.15472307997381393,0.1780749007569072,0.38931195036030863,1.0
0.0,0.0,0.0,0.0,0.0,0.0,0.0,0.0,0.0,0.0,0.0,0.0,0.0,0.0,0.0,0.0,0.0,0.0,0.0,0.0,0.0,0.0,0.0,0.0,0.0,0.0,0.0,0.0,0.0016339869281045752,0.0016339869281045752,0.0016339869281045752,0.006410256410256411,0.0,0.0,0.0,0.0,0.022727272727272724,0.0,0.006753812636165577,0.027510398098633388,0.055531837590661125,0.14597482715129775,0.2494369312016371,0.15332027508498097,0.32743242831478125,2.0
0.0,0.0,0.0,0.0,0.0,0.0,0.0,0.0,0.0,0.0,0.0,0.0,0.0,0.0,0.0,0.0,0.0,0.0,0.0,0.0,0.0,0.0,0.0,0.0,0.0012437810945273632,0.0014619883040935672,0.0022522522522522522,0.003558595909342178,0.0,0.0012437810945273632,0.0012437810945273632,0.0,0.0,0.0,0.0,0.0,0.0022522522522522522,0.027777777777777776,0.005162700013446282,0.03435876855162008,0.03214198192693873,0.09177037855945948,0.24713452467772967,0.1404644168892009,0.40793301960230477,3.0
0.0,0.0,0.0,0.0,0.0,0.0,0.0,0.0,0.0,0.0,0.0,0.0,0.0,0.0,0.0,0.0,0.0,0.0,0.0,0.0,0.0,0.001984126984126984,0.001984126984126984,0.013888888888888888,0.0,0.001984126984126984,0.0,0.007775403608736942,0.001984126984126984,0.0,0.0,0.0,0.0,0.0,0.0,0.0,0.010858585858585859,0.0,0.007284382284382284,0.02173632467750115,0.05276779320896968,0.0686522083580907,0.23644645115233354,0.08021245276147237,0.49244100126453066,4.0
0.0,0.0,0.0,0.0,0.0,0.0,0.0,0.0,0.0,0.0,0.0,0.0,0.0,0.0,0.0,0.0,0.0,0.0,0.0,0.0020325203252032522,0.0020325203252032522,0.0,0.0020325203252032522,0.0,0.0,0.0,0.0022522522522522522,0.004720692368214005,0.0038843721770551037,0.0,0.0,0.0,0.0,0.0,0.0,0.0,0.010416666666666666,0.0,0.03944291459043622,0.02297221001489294,0.06749945720982307,0.1317362301441535,0.17387755274233038,0.1911395403769114,0.34596055048165475,5.0
0.0,0.0,0.0,0.0,0.0,0.0,0.0,0.0,0.0,0.0,0.0,0.0,0.0,0.0,0.0,0.0,0.0016025641025641027,0.0016025641025641027,0.0032051282051282055,0.0,0.0016025641025641027,0.0,0.0,0.0,0.0,0.0016025641025641027,0.0,0.0,0.0016025641025641027,0.0,0.0,0.0,0.0,0.0,0.0,0.0,0.008771929824561403,0.0016025641025641027,0.008882428940568475,0.009941520467836256,0.06956894042649857,0.18794853487325947,0.16937248925085524,0.20489830998934425,0.3277953334065635,6.0
0.0,0.0,0.0,0.0,0.0,0.0,0.0,0.0,0.0,0.0,0.0,0.0,0.0,0.0,0.0023148148148148147,0.004629629629629629,0.0,0.0,0.004629629629629629,0.0,0.0023148148148148147,0.0,0.0,0.0,0.0023148148148148147,0.004629629629629629,0.0,0.0,0.004629629629629629,0.0,0.0023148148148148147,0.011904761904761904,0.0,0.0,0.0,0.0,0.0016666666666666668,0.0016666666666666668,0.01090909090909091,0.06087719298245614,0.046191414526654796,0.1735386700446769,0.14114745100013978,0.16058756148716105,0.3637327460339474,7.0
0.0,0.0,0.0,0.0,0.0,0.0,0.0,0.0021367521367521365,0.0021367521367521365,0.0021367521367521365,0.0021367521367521365,0.0021367521367521365,0.0021367521367521365,0.0021367521367521365,0.0,0.0,0.0,0.0,0.006410256410256411,0.003472222222222222,0.0021367521367521365,0.0,0.0021367521367521365,0.0,0.0,0.0,0.0,0.005608974358974359,0.0021367521367521365,0.003472222222222222,0.0,0.0,0.0,0.0,0.0,0.0,0.0021367521367521365,0.014868233618233617,0.011519881085098474,0.031236451752756095,0.05556930753584071,0.1306041866325047,0.17671891604242865,0.19429292818165814,0.3427221464335309,8.0
0.0,0.0,0.0,0.0,0.0,0.0043859649122807015,0.0043859649122807015,0.0,0.0,0.0,0.0,0.0,0.0,0.0,0.0,0.0,0.0,0.0,0.0,0.0,0.0,0.0,0.0,0.0,0.0,0.0,0.0,0.0,0.0,0.0,0.0,0.0,0.0,0.004901960784313725,0.0,0.0,0.002976190476190476,0.0,0.030753968253968252,0.025618580765639592,0.06652235793102665,0.14395741427475175,0.09271978021978021,0.1886002714176089,0.435177546052159,9.0
0.0,0.0,0.0,0.0,0.0,0.0,0.0,0.0,0.0,0.0,0.0,0.0,0.0,0.0,0.0,0.0,0.0,0.0,0.0,0.004629629629629629,0.0,0.0,0.0,0.0,0.0,0.0,0.0,0.0026881720430107525,0.0,0.0,0.0,0.0,0.0,0.0,0.0,0.0,0.015873015873015872,0.0,0.025793650793650796,0.01915784832451499,0.08796861038322139,0.15224732186781523,0.1820886837411189,0.12043295215338227,0.3891201151906402,10.0
0.0,0.0,0.0,0.0,0.000925925925925926,0.0,0.0,0.0,0.0,0.0,0.0,0.0,0.0,0.0,0.0,0.0,0.0,0.0,0.000925925925925926,0.0,0.0,0.0,0.0,0.0,0.0,0.0,0.0,0.0,0.0,0.0,0.0,0.0,0.0,0.0,0.0,0.000925925925925926,0.011111111111111112,0.0,0.005952380952380952,0.039562289562289556,0.09286315536315536,0.220934308066661,0.11073108536343833,0.21289240443652205,0.3031754873666638,11.0
0.0,0.0,0.0026041666666666665,0.0026041666666666665,0.0,0.0,0.0,0.0,0.0,0.0,0.0,0.0,0.0,0.0,0.0,0.0,0.0,0.0,0.0,0.0,0.0008771929824561404,0.0,0.0,0.0,0.0,0.0,0.0,0.0,0.0,0.0,0.0,0.0,0.0,0.0,0.0,0.0,0.025793650793650796,0.003472222222222222,0.007575757575757576,0.036178118908382066,0.0636104149262044,0.10736231361231362,0.1845319580516949,0.1620392126148705,0.40335082497911445,12.0
0.002777777777777778,0.004901960784313725,0.0,0.0,0.0,0.0,0.0,0.0,0.0,0.0,0.0,0.0,0.0,0.0007716049382716049,0.0,0.0,0.0,0.0,0.0,0.0,0.0,0.0,0.0,0.002777777777777778,0.0015432098765432098,0.0,0.0,0.009722222222222222,0.0,0.0,0.0,0.0,0.0007716049382716049,0.0,0.0,0.0,0.00834736251402918,0.0,0.01935483870967742,0.02271108521108521,0.009222948438634714,0.11416891141748826,0.2414152717758031,0.12623379384922714,0.4352796297688771,13.0
