hgs,ois,jgs,ssi,sis,isi,isj,ggs,ggg,ees,gsg,ssg,ess,hcs,ssj,sgs,esc,shs,cse,ssc,oss,hss,jss,css,iss,gss,sss,TimeFactor
0.0,0.0,0.0,0.0,0.0,0.0,0.0,0.0,0.0,0.0,0.0,0.0,0.0,0.0020833333333333333,0.0021367521367521365,0.0021367521367521365,0.0021929824561403508,0.0033333333333333335,0.003472222222222222,0.0043859649122807015,0.007472384665367121,0.010635964912280702,0.04616945151129878,0.05804971746148216,0.12489467864080868,0.1908127739693787,0.5422236883085696,1.0
0.0,0.0,0.0,0.0,0.0,0.0,0.0020325203252032522,0.0020325203252032522,0.0030864197530864196,0.003787878787878788,0.003787878787878788,0.008612735542560104,0.00890681886616846,0.0,0.0,0.003787878787878788,0.0,0.0018115942028985507,0.0,0.0,0.011621550874599656,0.025236731325083167,0.040258448126325,0.07772077693103581,0.12984070328917402,0.24507844352755379,0.43239710054747227,2.0
0.0,0.0,0.0033333333333333335,0.003472222222222222,0.003472222222222222,0.006944444444444444,0.0,0.0,0.0,0.0,0.0,0.0,0.0,0.0,0.003472222222222222,0.004629629629629629,0.0,0.0,0.0,0.0,0.012345679012345678,0.0,0.06727385593613665,0.05152220829852409,0.08127088554720133,0.13529541446208113,0.6269678826696369,3.0
0.0,0.0,0.0,0.0,0.0,0.0,0.0,0.0,0.0,0.0,0.0,0.0,0.015796703296703296,0.0,0.0,0.003472222222222222,0.0,0.0,0.0,0.0,0.008928571428571428,0.016292735042735044,0.035543854293854295,0.060175010175010174,0.15473010785510785,0.1380252849002849,0.40036884411884416,4.0
0.0,0.0036231884057971015,0.0,0.0,0.0036231884057971015,0.0,0.0,0.0,0.0,0.0,0.0,0.0,0.0,0.0,0.0,0.0,0.0,0.0,0.0,0.0,0.016534391534391533,0.0,0.015046296296296295,0.039498377853556886,0.05780398292386784,0.10069935747685109,0.7631712171034422,5.0
0.016666666666666666,0.0,0.0,0.0,0.0,0.0,0.0,0.0,0.0,0.0,0.0,0.0,0.010416666666666666,0.0,0.0,0.0,0.0,0.0,0.0,0.0,0.0,0.0,0.0248015873015873,0.02857142857142857,0.05496031746031746,0.11398809523809524,0.6672619047619047,6.0
0.0,0.0,0.0,0.0,0.0,0.0,0.0,0.0,0.0,0.0,0.0,0.0,0.0028735632183908046,0.0,0.0,0.0028735632183908046,0.0,0.0,0.0,0.0,0.037595785440613025,0.0,0.06527777777777778,0.04621647509578544,0.022413793103448276,0.11556513409961687,0.7071839080459771,7.0
0.0,0.0,0.0,0.0,0.0,0.0,0.0,0.0,0.0033333333333333335,0.0,0.0,0.0,0.0,0.0,0.0,0.0,0.0,0.0,0.0,0.0,0.0033333333333333335,0.014242424242424242,0.015692640692640692,0.03227272727272727,0.013787878787878788,0.033268398268398267,0.5507359307359306,8.0
0.0,0.0,0.0,0.0,0.027777777777777776,0.0,0.0,0.0,0.0,0.0,0.0,0.0,0.003968253968253968,0.0,0.0,0.0,0.0,0.0,0.0,0.0,0.007936507936507936,0.027777777777777776,0.0,0.04365079365079364,0.031746031746031744,0.015873015873015872,0.5079365079365079,9.0
0.0,0.0,0.0,0.0,0.0,0.0,0.0,0.0,0.0,0.0,0.0,0.0,0.008333333333333333,0.0,0.0,0.0,0.0,0.0,0.0,0.0,0.009259259259259259,0.0,0.020833333333333332,0.016666666666666666,0.009259259259259259,0.025000000000000005,0.6606481481481481,10.0
0.0,0.0,0.0,0.0,0.0,0.004901960784313725,0.0,0.0,0.0,0.0,0.0,0.0,0.0,0.0,0.0,0.0,0.0,0.0,0.0,0.0,0.0,0.004901960784313725,0.0,0.00980392156862745,0.004901960784313725,0.00980392156862745,0.6323529411764706,11.0
0.0,0.0,0.0,0.0,0.0,0.0,0.0,0.0,0.0,0.0,0.0,0.011904761904761904,0.0,0.0,0.0,0.0,0.0,0.0,0.0,0.0,0.006944444444444444,0.010416666666666666,0.0,0.010416666666666666,0.010416666666666666,0.027777777777777776,0.5887896825396826,12.0
0.0,0.0,0.0,0.0,0.010416666666666666,0.0,0.0,0.0,0.0,0.0,0.0,0.0,0.011904761904761904,0.0,0.0,0.0,0.0,0.0,0.0,0.0,0.033787119313435095,0.0,0.0,0.03258145363408521,0.08863304093567252,0.06235854788486367,0.5936517429938483,13.0
