igs,csi,jsj,see,sse,shh,ssh,ish,gjs,ssi,jsi,sii,isi,gis,cis,csg,ess,scs,gsg,ssj,sjj,ggs,sos,oss,ssc,scc,ssg,sgs,isg,css,gsi,sis,jss,shs,sgg,iss,hss,gss,sss,TimeFactor
0.0,0.0,0.0,0.0,0.0,0.0,0.0,0.0,0.0,0.0,0.0,0.0,0.0,0.0,0.0,0.0,0.0,0.0,0.0,0.0,0.0,0.010416666666666666,0.013888888888888888,0.013888888888888888,0.013888888888888888,0.013888888888888888,0.013888888888888888,0.013888888888888888,0.013888888888888888,0.013888888888888888,0.01736111111111111,0.01736111111111111,0.020833333333333332,0.024305555555555552,0.027777777777777776,0.03472222222222222,0.04513888888888889,0.12847222222222224,0.3125,1.0
0.0,0.0,0.0,0.0,0.0,0.0,0.0,0.0,0.0,0.0,0.0,0.0,0.005952380952380952,0.005952380952380952,0.010416666666666666,0.010416666666666666,0.011904761904761904,0.013888888888888888,0.013888888888888888,0.013888888888888888,0.013888888888888888,0.0,0.0,0.0,0.0,0.0,0.0,0.0,0.010416666666666666,0.048611111111111105,0.0,0.0,0.0,0.0,0.03472222222222222,0.06845238095238095,0.0,0.12748015873015875,0.6101190476190476,2.0
0.0,0.0,0.0,0.0,0.0,0.0,0.0,0.0,0.0,0.008333333333333333,0.010416666666666666,0.01875,0.0,0.0,0.0,0.0,0.0,0.0,0.01984126984126984,0.041666666666666664,0.041666666666666664,0.008333333333333333,0.0,0.0,0.0,0.0,0.005952380952380952,0.013888888888888888,0.008333333333333333,0.0,0.0,0.01636904761904762,0.010416666666666666,0.0,0.028174603174603175,0.0886904761904762,0.0,0.1566468253968254,0.439186507936508,3.0
0.0,0.0,0.0,0.0,0.0,0.0,0.0,0.010416666666666666,0.010416666666666666,0.013888888888888888,0.0,0.0,0.0,0.0,0.0,0.0,0.0,0.0,0.0,0.0,0.0,0.0,0.0,0.0,0.0,0.0,0.0,0.029166666666666664,0.0,0.0,0.0,0.008333333333333333,0.052083333333333336,0.010416666666666666,0.0,0.04305555555555555,0.0,0.196875,0.45868055555555554,4.0
0.0,0.0,0.0,0.0,0.0,0.041666666666666664,0.041666666666666664,0.0,0.0,0.0,0.0,0.0,0.0,0.0,0.0,0.0,0.0,0.0,0.0,0.013888888888888888,0.013888888888888888,0.0,0.0,0.0,0.0,0.0,0.0,0.016666666666666666,0.0,0.0,0.0,0.013888888888888888,0.0,0.0,0.0,0.061507936507936505,0.013888888888888888,0.16378968253968254,0.5358134920634922,5.0
0.0,0.0,0.0,0.0,0.0,0.0,0.0,0.0,0.0,0.0,0.0,0.0,0.0,0.0,0.0,0.0,0.0,0.03125,0.0,0.0,0.0,0.0,0.0,0.0,0.0,0.0,0.029166666666666664,0.0,0.0,0.03125,0.013888888888888888,0.05555555555555555,0.0,0.0,0.029166666666666664,0.07638888888888888,0.020833333333333332,0.05555555555555555,0.4069444444444444,6.0
0.0,0.0,0.0,0.010416666666666666,0.010416666666666666,0.0,0.0,0.0,0.0,0.0,0.0,0.0,0.0,0.0,0.0,0.0,0.0,0.0,0.006944444444444444,0.0,0.0,0.006944444444444444,0.0,0.0,0.0,0.0,0.0,0.041666666666666664,0.0,0.0,0.0,0.013888888888888888,0.0,0.0,0.006944444444444444,0.024305555555555552,0.0,0.16319444444444445,0.3819444444444444,7.0
0.0,0.0,0.020833333333333332,0.0,0.0,0.0,0.0,0.0,0.0,0.0,0.0,0.0,0.0,0.0,0.0,0.0,0.0,0.01736111111111111,0.0,0.020833333333333332,0.041666666666666664,0.0,0.0,0.0,0.0,0.0,0.0,0.0,0.0,0.01736111111111111,0.0,0.010416666666666666,0.041666666666666664,0.0,0.0,0.08333333333333333,0.0,0.06527777777777778,0.5145833333333333,8.0
0.0,0.0,0.0,0.0,0.0,0.0,0.0,0.0,0.0,0.0,0.0,0.005952380952380952,0.0,0.0,0.0,0.0,0.0,0.003472222222222222,0.020833333333333332,0.0,0.0,0.0,0.0,0.0,0.0,0.0,0.0,0.005952380952380952,0.0,0.003472222222222222,0.005952380952380952,0.0,0.0,0.0,0.020833333333333332,0.07222222222222223,0.0,0.06994047619047619,0.45803571428571427,9.0
0.0,0.0,0.0,0.0,0.0,0.0,0.0,0.0,0.0,0.0,0.0,0.0,0.0,0.0,0.0,0.0,0.0,0.0,0.0,0.0,0.0,0.0,0.0,0.0,0.0,0.0,0.0,0.006944444444444444,0.0,0.0,0.0,0.013888888888888888,0.041666666666666664,0.0,0.0,0.09027777777777778,0.0,0.09166666666666666,0.5888888888888889,10.0
0.0,0.0,0.0,0.0,0.0,0.0,0.0,0.0,0.0,0.0,0.0,0.005208333333333333,0.0,0.0,0.0,0.0,0.0,0.0,0.0,0.0,0.0,0.005208333333333333,0.0,0.0,0.0,0.0,0.0,0.010416666666666666,0.0,0.0,0.005208333333333333,0.0,0.0,0.0,0.0,0.015625,0.0,0.08333333333333333,0.5416666666666666,11.0
0.005952380952380952,0.005952380952380952,0.0,0.0,0.0,0.005952380952380952,0.005952380952380952,0.0,0.0,0.0,0.0,0.005952380952380952,0.0,0.0,0.0,0.0,0.0,0.0,0.005952380952380952,0.0,0.0,0.005952380952380952,0.0,0.0,0.0,0.0,0.0,0.005952380952380952,0.011904761904761904,0.0,0.0,0.005952380952380952,0.0,0.0,0.011904761904761904,0.017857142857142856,0.0,0.07142857142857144,0.4166666666666667,12.0
0.0,0.0,0.0,0.0,0.0,0.0,0.0,0.0,0.0,0.020833333333333332,0.0,0.0,0.0,0.0,0.0,0.0,0.0,0.0,0.0,0.0,0.0,0.0,0.0,0.0,0.0,0.0,0.0,0.0,0.0,0.0,0.0,0.0,0.0,0.0,0.0,0.04861111111111111,0.0,0.08333333333333333,0.5972222222222222,13.0
