oss,iii,ssi,sgg,ggg,sjs,jss,cis,ies,ess,sgs,ssg,gss,iis,sig,sii,iss,isi,sss,TimeFactor
0.0,0.0,0.0,0.0,0.0,0.0,0.0,0.0,0.010416666666666666,0.010416666666666666,0.010416666666666666,0.010416666666666666,0.010416666666666666,0.016666666666666666,0.016666666666666666,0.016666666666666666,0.016666666666666666,0.03333333333333333,0.09791666666666667,1.0
0.0,0.0,0.0,0.0,0.0,0.0,0.0,0.009259259259259259,0.0,0.0,0.03009259259259259,0.03009259259259259,0.03935185185185185,0.0,0.0,0.0,0.009259259259259259,0.0,0.048611111111111105,2.0
0.0,0.0,0.0,0.0,0.0,0.0,0.030555555555555558,0.0,0.0,0.0,0.0,0.0,0.0,0.0,0.0,0.0,0.0,0.0,0.21944444444444444,3.0
0.0,0.0,0.0,0.0,0.0,0.0,0.016666666666666666,0.0,0.0,0.0,0.010416666666666666,0.010416666666666666,0.020833333333333332,0.0,0.0,0.0,0.0,0.0,0.35833333333333334,4.0
0.0,0.0,0.0,0.0,0.0,0.0,0.0,0.0,0.0,0.0,0.016666666666666666,0.016666666666666666,0.016666666666666666,0.0,0.0,0.0,0.0,0.0,0.11666666666666665,5.0
0.0,0.0,0.0,0.0,0.0,0.010416666666666666,0.010416666666666666,0.0,0.0,0.0,0.0,0.0,0.0,0.0,0.0,0.0,0.0,0.0,0.14583333333333334,6.0
0.0,0.0,0.0,0.007575757575757576,0.022727272727272724,0.0,0.0,0.0,0.0,0.0,0.0,0.007575757575757576,0.0,0.0,0.0,0.0,0.006944444444444444,0.0,0.20517676767676765,7.0
0.0,0.0,0.0,0.0,0.0,0.0,0.0,0.0,0.0,0.0,0.0,0.0,0.0,0.0,0.0,0.0,0.0,0.0,0.16666666666666666,8.0
0.0,0.0,0.0,0.0,0.0,0.0,0.0,0.0,0.0,0.0,0.0,0.0,0.0,0.0,0.0,0.0,0.0,0.0,0.08333333333333333,9.0
0.0,0.016666666666666666,0.016666666666666666,0.0,0.0,0.0,0.020833333333333332,0.0,0.0,0.0,0.0,0.0,0.0,0.0,0.0,0.016666666666666666,0.0,0.0,0.3458333333333334,10.0
0.0,0.0,0.0,0.020833333333333332,0.020833333333333332,0.0,0.0,0.0,0.0,0.0,0.0,0.020833333333333332,0.012820512820512822,0.0,0.0,0.0,0.0,0.0,0.3413461538461539,11.0
0.006944444444444444,0.0,0.0,0.0,0.0,0.0,0.0,0.0,0.0,0.0,0.016666666666666666,0.0,0.0375,0.0,0.0,0.0,0.0,0.0,0.35555555555555557,12.0
0.020833333333333332,0.0,0.0,0.0,0.0,0.0,0.0,0.0,0.0,0.0,0.0,0.0,0.0,0.0,0.0,0.0,0.0,0.0,0.3125,13.0
