sos,ssh,sgg,egs,isg,igs,ssj,ogs,igi,sgs,jgs,ggg,ssg,ggs,sis,ccg,ses,gsg,oss,ess,jss,hss,css,iss,gss,sss,TimeFactor
0.0,0.0,0.0,0.0,0.0,0.0,0.0,0.0,0.0,0.0,0.0,0.001893939393939394,0.0021929824561403508,0.0023809523809523807,0.004901960784313725,0.005555555555555556,0.005555555555555556,0.005586080586080586,0.018007564331093743,0.026530822119057412,0.027644569053237783,0.03249910403064427,0.07721974286893017,0.13488945157869306,0.1828768083266922,0.4722649109791138,1.0
0.0,0.0,0.0,0.0,0.0,0.0,0.0,0.0,0.0,0.0017730496453900709,0.005208333333333333,0.0,0.0028735632183908046,0.0,0.0,0.0,0.0,0.0,0.024748563218390807,0.008754432624113476,0.08764628102615359,0.018956601043449903,0.11230940380873393,0.06302254457877443,0.14288988041440273,0.44848401375553354,2.0
0.0,0.0,0.0,0.0,0.0,0.0,0.0,0.0,0.013888888888888888,0.0,0.0,0.0,0.0,0.0,0.0,0.0,0.0,0.0,0.0,0.0,0.0,0.0,0.046153846153846156,0.018686868686868686,0.06579254079254078,0.7721445221445221,3.0
0.0,0.0,0.0,0.0,0.0,0.0,0.0,0.0,0.0,0.0,0.0,0.0,0.0,0.0,0.0,0.0,0.0,0.0,0.0,0.025793650793650796,0.037037037037037035,0.009259259259259259,0.04026124338624339,0.11689814814814814,0.08101851851851852,0.6063988095238095,4.0
0.0,0.0,0.0,0.0,0.0,0.0,0.0,0.010416666666666666,0.0,0.0,0.0,0.0,0.0,0.0,0.0,0.0,0.0,0.0,0.0,0.007575757575757576,0.0,0.0,0.024305555555555552,0.04356060606060606,0.18115179573512905,0.5663229517396183,5.0
0.0,0.0,0.0,0.0,0.0,0.0,0.0,0.0,0.0,0.0,0.0,0.0,0.0,0.0,0.0,0.0,0.0,0.0,0.008333333333333333,0.0,0.06041666666666667,0.0,0.027777777777777776,0.010416666666666666,0.03634259259259259,0.856712962962963,6.0
0.0,0.0,0.0,0.0,0.0,0.0,0.013888888888888888,0.0,0.0,0.0,0.0,0.0,0.0,0.0,0.0,0.0,0.0,0.0,0.006944444444444444,0.011904761904761904,0.022222222222222223,0.0,0.0,0.02048611111111111,0.08263888888888887,0.7585813492063491,7.0
0.0,0.0,0.0,0.0,0.0,0.0,0.0,0.0,0.0,0.005555555555555556,0.0,0.0,0.0,0.0,0.0,0.0,0.0,0.0,0.0,0.0,0.024936868686868688,0.0,0.0,0.03819444444444444,0.06660353535353536,0.7813762626262627,8.0
0.0,0.0,0.0,0.0,0.006944444444444444,0.010416666666666666,0.0,0.0,0.0,0.010416666666666666,0.0,0.0,0.0,0.0,0.0,0.0,0.0,0.0,0.0,0.0,0.012896825396825398,0.0,0.006944444444444444,0.044642857142857144,0.16607142857142854,0.6583333333333333,9.0
0.0,0.0,0.0,0.006410256410256411,0.0,0.0,0.0,0.0,0.0,0.020833333333333332,0.0,0.0,0.0,0.0,0.0,0.0,0.0,0.0,0.0,0.01566951566951567,0.027264598146951088,0.0,0.024497354497354493,0.028961640211640213,0.1034488196988197,0.6062478153654625,10.0
0.0,0.0,0.0,0.0,0.0,0.0,0.0,0.0,0.0,0.0033333333333333335,0.0,0.0,0.0,0.0,0.0,0.0,0.0,0.011904761904761904,0.0,0.0,0.020833333333333332,0.0,0.0,0.027142857142857146,0.10420868347338935,0.8325770308123249,11.0
0.0,0.0,0.006944444444444444,0.0,0.0,0.0,0.0,0.0,0.0,0.0,0.0,0.0,0.0,0.0,0.0,0.0,0.0,0.0,0.0,0.0,0.005555555555555556,0.0,0.0,0.04018759018759018,0.12276334776334775,0.7412157287157287,12.0
0.006410256410256411,0.009259259259259259,0.0,0.0,0.0,0.0,0.0,0.0,0.0,0.0,0.0,0.0,0.005208333333333333,0.0,0.0,0.0,0.0,0.0,0.0,0.0,0.006410256410256411,0.0,0.01566951566951567,0.0,0.03518518518518519,0.6718571937321939,13.0
