ssg,sgg,hes,gsj,gsi,esg,sjs,ggs,isg,jis,gis,egs,iei,shs,ess,seg,jgs,sis,ggg,gig,sgs,gsg,hss,oss,jss,css,iss,gss,sss,TimeFactor
0.0,0.0,0.0,0.0,0.0,0.0,0.0,0.0,0.0,0.0,0.0,0.0,0.0,0.0,0.0,0.0,0.0,0.0,0.0020833333333333333,0.0020833333333333333,0.004166666666666667,0.011742424242424243,0.01989583333333333,0.04978174603174603,0.07090478194644861,0.0873090027256694,0.1384107944524611,0.23845749158249155,0.3751645923520923,1.0
0.0,0.0,0.0,0.0,0.0,0.0,0.0,0.0,0.0,0.0,0.0,0.0,0.0,0.0,0.0,0.0016339869281045752,0.002976190476190476,0.0032051282051282055,0.0,0.0,0.0056022408963585435,0.0,0.021266793146276646,0.005055396142196716,0.1399778266528625,0.03528783308195072,0.061497447634463416,0.145083608803121,0.32841354803334716,2.0
0.0,0.0,0.0,0.0,0.0,0.0,0.0,0.0,0.0,0.0,0.0,0.0,0.0,0.0,0.020023148148148148,0.0,0.0,0.0,0.0,0.0,0.005208333333333333,0.0,0.012584175084175085,0.004629629629629629,0.10554000146391453,0.06458699311960181,0.086148318938174,0.19126729249011856,0.3433454411262382,3.0
0.0,0.0,0.0,0.0,0.0,0.0,0.0,0.0,0.0,0.0,0.0,0.0,0.0,0.0,0.0,0.0,0.0,0.0,0.0,0.0,0.0,0.0,0.0073621553884711775,0.004629629629629629,0.14468462823725983,0.047084859584859584,0.12898565859092173,0.12024184392605443,0.4636778913094703,4.0
0.0,0.0,0.0,0.0,0.0,0.0,0.0,0.0,0.0,0.0,0.0,0.0,0.0,0.004166666666666667,0.0,0.0,0.0,0.006944444444444444,0.0,0.0,0.0,0.0,0.004166666666666667,0.008333333333333333,0.20515873015873018,0.03988095238095238,0.06071428571428572,0.09305555555555556,0.41091269841269845,5.0
0.0,0.0,0.0,0.0,0.0,0.0,0.0,0.0,0.0,0.0,0.0,0.0,0.0,0.0,0.008333333333333333,0.0,0.0,0.0,0.0,0.0,0.008333333333333333,0.0,0.008333333333333333,0.041666666666666664,0.14074074074074075,0.0925925925925926,0.05555555555555556,0.07222222222222223,0.4055555555555556,6.0
0.0,0.0,0.0,0.0,0.0,0.0,0.0,0.0,0.0,0.0,0.0,0.0,0.016666666666666666,0.0,0.005050505050505051,0.0,0.0,0.0,0.0,0.0,0.0025252525252525255,0.0,0.0,0.0,0.22505503755503756,0.031691919191919195,0.07293447293447293,0.09400738150738151,0.38540209790209795,7.0
0.0,0.0,0.0,0.0,0.0,0.0,0.0,0.0,0.0,0.0,0.0,0.0,0.0,0.0,0.021464646464646464,0.0,0.0,0.0,0.0,0.0,0.020833333333333332,0.0,0.01443001443001443,0.013888888888888888,0.06493506493506494,0.12806637806637805,0.11354617604617606,0.12094155844155842,0.33522727272727276,8.0
0.0,0.0,0.0,0.0,0.0,0.0,0.0,0.0,0.0,0.0,0.0,0.0,0.0,0.0,0.0,0.0,0.0,0.0,0.0,0.0,0.0,0.0,0.003472222222222222,0.005208333333333333,0.10342261904761905,0.0494047619047619,0.12872023809523808,0.1798115079365079,0.3632936507936508,9.0
0.0,0.0,0.0,0.0,0.0,0.0,0.0,0.0,0.0,0.0,0.0,0.0,0.0,0.0,0.0,0.0,0.0,0.0,0.0,0.0,0.0,0.0,0.0,0.011904761904761904,0.09969801703672672,0.013888888888888888,0.09992740234675719,0.12131493058912414,0.48659933256707455,10.0
0.0,0.0,0.0,0.0,0.0,0.0,0.0,0.0022522522522522522,0.0022522522522522522,0.0022522522522522522,0.002976190476190476,0.010416666666666666,0.0,0.0,0.0,0.0,0.0,0.0,0.0,0.011904761904761904,0.011904761904761904,0.0,0.009424603174603174,0.002976190476190476,0.06488997113997114,0.021464646464646464,0.0853077103077103,0.17629480129480132,0.34568293943293943,11.0
0.0,0.0,0.0,0.0,0.0,0.0036231884057971015,0.004166666666666667,0.0,0.0,0.0,0.0,0.0,0.0,0.0,0.007142857142857143,0.0,0.0,0.0,0.0,0.0,0.0036231884057971015,0.020833333333333332,0.012691815856777493,0.0,0.13196778711484594,0.011501339666301303,0.09800267933260261,0.1365997848414728,0.3198473592335485,12.0
0.0026041666666666665,0.0026041666666666665,0.0026041666666666665,0.005208333333333333,0.013888888888888888,0.0,0.020833333333333332,0.0,0.0,0.0,0.0,0.0,0.0,0.0,0.008413461538461538,0.0,0.0,0.0,0.0,0.0,0.0,0.0026041666666666665,0.0032051282051282055,0.021052631578947368,0.07277327935222672,0.05766114672364673,0.07254179787074523,0.18059374531414005,0.4500782538611487,13.0
