gi,cc,jj,es,ii,sj,jo,hh,sc,sg,si,hs,sh,gg,js,go,gs,cs,so,os,is,ss,TimeFactor
0.0,0.0,0.0,0.0,0.0,0.0,0.0,0.0,0.0,0.0,0.0,0.0,0.0,0.0,0.0,0.0,0.0,0.009259259259259259,0.027777777777777776,0.03472222222222222,0.06018518518518518,0.4513888888888889,1.0
0.0,0.0,0.0,0.0,0.0,0.0,0.0,0.0,0.0,0.0,0.0,0.013888888888888888,0.013888888888888888,0.013888888888888888,0.013888888888888888,0.027777777777777776,0.10879629629629628,0.032407407407407406,0.0,0.027777777777777776,0.009259259259259259,0.4884259259259259,2.0
0.0,0.0,0.0,0.0,0.0,0.0,0.0,0.0,0.0,0.013888888888888888,0.019444444444444445,0.0,0.0,0.0,0.013888888888888888,0.0,0.08796296296296297,0.005555555555555556,0.0,0.005555555555555556,0.03888888888888889,0.31481481481481477,3.0
0.0,0.0,0.0,0.0,0.0,0.0,0.0,0.004629629629629629,0.009259259259259259,0.027777777777777776,0.0,0.0,0.004629629629629629,0.032407407407407406,0.0,0.0,0.12037037037037036,0.013888888888888888,0.0,0.0,0.037037037037037035,0.5,4.0
0.0,0.0,0.0,0.0,0.0,0.013888888888888888,0.027777777777777776,0.0,0.0,0.032407407407407406,0.02314814814814815,0.0,0.0,0.009259259259259259,0.0,0.0,0.08425925925925926,0.0,0.0,0.027777777777777776,0.05648148148148149,0.3916666666666666,5.0
0.0,0.0,0.0,0.0,0.0,0.0,0.0,0.0,0.0,0.006944444444444444,0.0,0.010416666666666666,0.0,0.003472222222222222,0.0,0.0,0.05555555555555555,0.0,0.0,0.0,0.05555555555555555,0.3680555555555556,6.0
0.0,0.0,0.0,0.006944444444444444,0.048611111111111105,0.0,0.0,0.0,0.027777777777777776,0.016203703703703703,0.048611111111111105,0.009259259259259259,0.0,0.016203703703703703,0.013888888888888888,0.0,0.05092592592592592,0.037037037037037035,0.0,0.013888888888888888,0.006944444444444444,0.3703703703703704,7.0
0.0,0.0,0.009259259259259259,0.0,0.0,0.0,0.0,0.0,0.0,0.0,0.013888888888888888,0.006944444444444444,0.0,0.005555555555555556,0.009259259259259259,0.0,0.06851851851851852,0.0,0.0,0.006944444444444444,0.07731481481481482,0.38564814814814813,8.0
0.005555555555555556,0.013888888888888888,0.0,0.0,0.0,0.0,0.0,0.0,0.013888888888888888,0.005555555555555556,0.0,0.0,0.0,0.011111111111111112,0.003968253968253968,0.0,0.046825396825396826,0.013888888888888888,0.0,0.0,0.046825396825396826,0.5051587301587303,9.0
0.0,0.0,0.0,0.0,0.0,0.0,0.0,0.0,0.0,0.027777777777777776,0.005555555555555556,0.0,0.0,0.011111111111111112,0.0,0.0,0.09444444444444444,0.0,0.0,0.027777777777777776,0.03888888888888889,0.29444444444444445,10.0
0.0,0.0,0.0,0.0,0.0,0.0,0.0,0.0,0.0,0.0,0.0,0.0,0.0,0.0,0.0,0.0,0.02314814814814815,0.006944444444444444,0.0,0.0,0.07175925925925926,0.3148148148148148,11.0
0.0,0.0,0.0,0.0,0.0,0.0,0.0,0.0,0.0,0.005555555555555556,0.011111111111111112,0.006944444444444444,0.0,0.0,0.0,0.0,0.044444444444444446,0.0,0.0,0.006944444444444444,0.03888888888888889,0.30277777777777776,12.0
0.0,0.0,0.0,0.0,0.0,0.0,0.0,0.0,0.0,0.013888888888888888,0.004629629629629629,0.0,0.0,0.0,0.009259259259259259,0.0,0.013888888888888888,0.0,0.0,0.013888888888888888,0.018518518518518517,0.34259259259259256,13.0
