gsi,geg,eig,ggo,oig,hsg,igg,esi,scs,hgs,jis,iis,osg,eis,sgg,ihi,jog,csg,sge,hig,csi,che,gei,hii,gis,jhg,ggg,gig,isi,gce,cgs,gse,sjg,ehi,egs,ege,isg,iig,ogs,igs,iii,igc,ssi,jgs,shs,scg,sio,iee,his,ssh,hhs,ges,cgg,sgs,gsg,esg,hsi,ssg,sso,ggi,ggs,sis,ess,oss,hss,css,jss,iss,gss,sss,TimeFactor
0.0,0.0,0.0,0.0,0.0,0.0,0.0,0.0,0.0,0.0,0.0,0.0,0.0,0.0,0.0,0.0,0.0,0.0,0.0,0.0,0.0,0.0,0.0,0.0,0.0,0.0,0.0,0.0,0.0,0.0,0.0,0.0,0.0,0.0,0.0,0.0,0.0,0.0,0.0,0.0,0.0,0.0,0.0,0.0,0.0,0.0,0.0,0.0,0.0,0.0,0.0,0.0,0.0,0.0,0.0,0.0023148148148148147,0.002976190476190476,0.0030864197530864196,0.0036231884057971015,0.0043859649122807015,0.0043859649122807015,0.007192460317460317,0.007653486820153487,0.016078012401541813,0.03894638147089127,0.05087875497124723,0.09927633930275605,0.10876568231051786,0.23203351815112594,0.41840282097985576,1.0
0.0,0.0,0.0,0.0,0.0,0.0,0.0,0.0,0.0,0.0,0.0,0.0,0.0,0.0,0.0,0.0,0.0,0.0,0.0,0.0,0.0,0.0,0.0,0.0,0.0,0.0,0.0,0.0,0.0,0.0,0.0,0.0,0.0,0.0,0.0,0.0,0.0,0.0,0.0,0.0,0.0,0.0,0.0,0.0,0.0,0.0023148148148148147,0.0023148148148148147,0.0023809523809523807,0.0023809523809523807,0.004629629629629629,0.004629629629629629,0.004629629629629629,0.004901960784313725,0.006766917293233082,0.01164021164021164,0.0,0.0,0.0,0.0,0.0,0.0,0.0,0.0054673721340388,0.0020833333333333333,0.009567901234567902,0.027972948438634713,0.060660229003882266,0.07876973888970794,0.2587847273412289,0.5101042366264245,2.0
0.0,0.0,0.0,0.0,0.0,0.0,0.0,0.0,0.0,0.0,0.0,0.0,0.0,0.0,0.0,0.0,0.0,0.0,0.0,0.0,0.0,0.0,0.0,0.0,0.0,0.0,0.0,0.0,0.0,0.0,0.0,0.0,0.0,0.0,0.0,0.0,0.0,0.0,0.0,0.0,0.002976190476190476,0.002976190476190476,0.0032051282051282055,0.0032051282051282055,0.005952380952380952,0.0,0.0,0.0,0.0,0.0,0.0,0.0,0.0,0.004166666666666667,0.0,0.0,0.0,0.0,0.0,0.0,0.0,0.0,0.007345085470085469,0.0,0.028495115995115994,0.019615025497378438,0.06254115904851199,0.0986371673871674,0.31912909192320954,0.4417556696968461,3.0
0.0,0.0,0.0,0.0,0.0,0.0,0.0,0.0,0.0,0.0,0.0,0.0,0.0,0.0,0.0,0.0,0.0,0.0,0.0,0.0,0.0,0.0,0.0,0.0,0.0,0.0,0.0,0.0,0.0,0.0,0.0,0.0,0.0,0.0,0.0,0.0,0.0,0.003968253968253968,0.004166666666666667,0.027777777777777776,0.0,0.0,0.0,0.0,0.0,0.0,0.0,0.0,0.0,0.0,0.0,0.0,0.0,0.004629629629629629,0.0,0.0,0.0,0.0,0.0,0.0,0.0,0.0,0.0,0.0024509803921568627,0.01626984126984127,0.020007960449136917,0.05362739112739112,0.09024994613229907,0.23797553209317915,0.5388760204936676,4.0
0.0,0.0,0.0,0.0,0.0,0.0,0.0,0.0,0.0,0.0,0.0,0.0,0.0,0.0,0.0,0.0,0.0,0.0,0.0,0.0,0.0,0.0,0.0,0.0,0.0,0.0,0.0,0.0,0.0,0.0,0.0,0.0,0.0,0.0,0.0,0.0,0.002976190476190476,0.0,0.0,0.0,0.0,0.0,0.0,0.0,0.0,0.0,0.0,0.0,0.0,0.0,0.0,0.0,0.0,0.004342310694769712,0.041666666666666664,0.0,0.0,0.0,0.0,0.0,0.0,0.005008710801393728,0.0033333333333333335,0.0,0.006764069264069264,0.02114133134624938,0.06500322814597105,0.08087823312233548,0.3258918972093702,0.44299402893965073,5.0
0.0,0.0,0.0,0.0,0.0,0.0,0.0,0.0,0.0,0.0,0.0,0.0,0.0,0.0,0.0,0.0,0.0,0.0,0.0,0.0,0.0,0.0,0.0,0.0,0.0,0.0,0.0,0.0,0.0,0.0,0.0,0.0,0.0,0.0,0.0043859649122807015,0.005952380952380952,0.0,0.0,0.0,0.0,0.0,0.0,0.0,0.0,0.0,0.0,0.0,0.0,0.0,0.0,0.0,0.0,0.0,0.0071595558153126826,0.0,0.0,0.0,0.0,0.0,0.0,0.0,0.0,0.004166666666666667,0.0014124293785310734,0.01805880441845354,0.02781659703732566,0.044489018995309555,0.10142610075410737,0.2997537343310821,0.4853787467385497,6.0
0.0,0.0,0.0,0.0,0.0,0.0,0.0,0.0,0.0,0.0,0.0,0.0,0.0,0.0,0.0,0.0,0.0,0.0,0.0,0.0,0.0,0.0,0.0,0.0,0.0,0.0,0.0,0.0,0.0,0.0,0.0,0.0,0.0012626262626262627,0.003472222222222222,0.0,0.0,0.0,0.0,0.0,0.0,0.0,0.0,0.0,0.0,0.0,0.0,0.0,0.0,0.0,0.0,0.0,0.0,0.0,0.003472222222222222,0.003472222222222222,0.0,0.0,0.0,0.0,0.0,0.003787878787878788,0.0012626262626262627,0.003787878787878788,0.008457402812241522,0.007733585858585859,0.0118473036819811,0.037750332105170814,0.10668631883349626,0.2946988495375592,0.5123085304032884,7.0
0.0,0.0,0.0,0.0,0.0,0.0,0.0,0.0,0.0,0.0,0.0,0.0,0.0,0.0,0.0,0.0,0.0,0.0,0.0,0.0015432098765432098,0.0015432098765432098,0.001984126984126984,0.001984126984126984,0.001984126984126984,0.001984126984126984,0.0022522522522522522,0.0022522522522522522,0.0028735632183908046,0.0036231884057971015,0.003787878787878788,0.003968253968253968,0.004901960784313725,0.0,0.0,0.0,0.0,0.0,0.0,0.0,0.001984126984126984,0.0,0.0,0.0,0.0028735632183908046,0.0022522522522522522,0.0,0.0,0.0,0.0,0.0,0.0,0.0,0.0,0.0036231884057971015,0.0022522522522522522,0.0,0.0,0.0,0.0,0.0,0.006445170660856935,0.005555555555555556,0.0,0.003968253968253968,0.006220506220506221,0.05928577595244261,0.05904727988061321,0.057717055743042756,0.22444140428824558,0.5296513372589305,8.0
0.0,0.0,0.0,0.0,0.0,0.0,0.0,0.0,0.0,0.0,0.0,0.0,0.0,0.0,0.0,0.0016666666666666668,0.004901960784313725,0.004901960784313725,0.005208333333333333,0.0,0.0,0.0,0.0,0.0,0.0,0.0,0.0,0.0,0.006944444444444444,0.0,0.0,0.0,0.0,0.0,0.0,0.0,0.0,0.0,0.0,0.0032051282051282055,0.0,0.0,0.0,0.0,0.0,0.0,0.0,0.0,0.0,0.0,0.0,0.0,0.0,0.011904761904761904,0.0,0.0,0.0,0.004901960784313725,0.0,0.0,0.0,0.016748366013071895,0.006875,0.011538461538461539,0.011816239316239317,0.064375,0.043541666666666666,0.05631526969762263,0.23969981514873154,0.5054549647119307,9.0
0.0,0.0,0.0,0.0,0.0,0.0,0.0,0.0,0.0026881720430107525,0.0026881720430107525,0.002777777777777778,0.0036231884057971015,0.0043859649122807015,0.006944444444444444,0.016666666666666666,0.0,0.0,0.0,0.0,0.0,0.0,0.0,0.0,0.0,0.013930659983291563,0.0,0.009575569358178054,0.0,0.0,0.0,0.0,0.0,0.0,0.0,0.0043859649122807015,0.0,0.0026881720430107525,0.0,0.0,0.0,0.0,0.0,0.0023809523809523807,0.0,0.0,0.0,0.0,0.0,0.0,0.0,0.0,0.0,0.0,0.003968253968253968,0.002777777777777778,0.0,0.0,0.0043859649122807015,0.0,0.0,0.025410739330795434,0.0043859649122807015,0.007095410628019323,0.0043859649122807015,0.0,0.0026881720430107525,0.02504177109440267,0.08719817015657423,0.2267410835117246,0.5331850217818975,10.0
0.0,0.0,0.0,0.0,0.001937984496124031,0.0028735632183908046,0.0048115477145148355,0.006944444444444444,0.0,0.0,0.0,0.0,0.0,0.0,0.013322884012539185,0.0,0.0,0.0,0.0,0.0,0.0,0.0,0.0,0.0,0.004629629629629629,0.0,0.0,0.0,0.004901960784313725,0.0,0.0,0.0,0.0,0.0,0.0,0.0,0.0,0.0,0.0,0.012985964294103829,0.0,0.0,0.0,0.0,0.0,0.0,0.0,0.0,0.0,0.0,0.0,0.0,0.0,0.00768511093290564,0.010449320794148379,0.0,0.0,0.0,0.0,0.0,0.02722534081796311,0.0,0.025549095607235145,0.004901960784313725,0.00450755014649538,0.0052571753339016765,0.013427109974424553,0.066171720626235,0.1443736775852011,0.5547106254697826,11.0
0.0,0.0,0.005208333333333333,0.005555555555555556,0.0,0.0,0.0,0.0,0.0,0.0,0.0,0.0,0.0,0.0,0.0,0.0,0.0,0.0,0.0,0.0,0.0,0.0,0.0,0.0,0.0,0.0,0.0,0.0,0.0,0.0,0.0,0.0,0.0,0.0,0.0,0.0,0.0,0.0,0.0,0.0,0.0,0.0,0.0,0.0,0.0,0.0,0.0,0.0,0.0,0.0,0.0,0.0,0.0,0.051145224171539966,0.009594298245614035,0.0,0.0,0.0,0.0,0.0,0.0,0.0,0.01030319535221496,0.0,0.006102693602693603,0.00989057239057239,0.04503944675513303,0.04497650003648456,0.22945128964220815,0.4993995575813171,12.0
0.001488095238095238,0.009259259259259259,0.0,0.0,0.0,0.0,0.0,0.0,0.0,0.0,0.0,0.0,0.0,0.0,0.0,0.0,0.0,0.0,0.0,0.0,0.0,0.0,0.0,0.0,0.0,0.0,0.006410256410256411,0.009259259259259259,0.004166666666666667,0.0,0.0,0.0,0.0,0.0,0.0,0.0,0.0,0.0,0.0,0.0,0.0,0.0,0.0,0.0,0.0,0.0,0.0,0.0,0.0,0.0,0.0,0.0,0.0,0.007575757575757576,0.0,0.007575757575757576,0.0,0.0,0.0,0.0,0.0,0.003787878787878788,0.004166666666666667,0.007575757575757576,0.015530303030303028,0.0056547619047619055,0.022238178488178485,0.09050925925925925,0.16032832907832908,0.31114047989047994,13.0
