sh,gj,ce,oe,je,ge,ih,ei,gc,ij,og,ic,ie,hj,cj,oo,so,eg,sc,ii,jc,se,go,cg,hi,hg,js,jg,os,gi,ig,gg,sj,si,es,cs,hs,sg,is,ss,gs,TimeFactor
0.0,0.0,0.0,0.0,0.0,0.0,0.0,0.0,0.0,0.0,0.0,0.0,0.0,0.0,0.0,0.0,0.0,0.0,0.0,0.0025252525252525255,0.0026881720430107525,0.0026881720430107525,0.0028735632183908046,0.0030864197530864196,0.003787878787878788,0.003968253968253968,0.005959982971477224,0.007575757575757576,0.007936507936507936,0.009186694531522118,0.00949667616334283,0.012969557324396036,0.013132476842154262,0.0160385214148655,0.019811374511040803,0.02582129449945542,0.03822709857192616,0.07465786901270773,0.17392751784668728,0.27969786328147467,0.28394309517780036,1.0
0.0,0.0,0.0,0.0,0.0,0.0,0.0,0.0,0.0,0.0,0.0,0.0,0.0,0.0,0.0,0.003787878787878788,0.003787878787878788,0.005208333333333333,0.008928571428571428,0.003787878787878788,0.0,0.0,0.0,0.003787878787878788,0.0,0.0,0.002976190476190476,0.015012254901960785,0.0,0.0,0.0,0.005208333333333333,0.01011029411764706,0.00818452380952381,0.055108154372860256,0.006764069264069264,0.016874363381716325,0.006764069264069264,0.09228047279517866,0.45318547873694937,0.13157670896641485,2.0
0.0,0.0,0.0,0.0,0.0,0.0,0.0,0.0,0.0,0.0,0.0,0.0,0.0,0.0,0.0,0.0,0.0,0.0,0.0,0.011904761904761904,0.0,0.0,0.0,0.0,0.0,0.0,0.027243589743589744,0.0,0.03472222222222222,0.0,0.0,0.0,0.0202991452991453,0.013888888888888888,0.017113095238095236,0.011904761904761904,0.0,0.05634920634920635,0.03819444444444444,0.5228212759462759,0.1622252747252747,3.0
0.0,0.0,0.0,0.0,0.0,0.0,0.0,0.0,0.0,0.0,0.0,0.0,0.0,0.010416666666666666,0.010416666666666666,0.0,0.0,0.0,0.0,0.0,0.0,0.0,0.0,0.0,0.0,0.010416666666666666,0.0,0.005952380952380952,0.0,0.08333333333333333,0.0,0.005952380952380952,0.020833333333333332,0.0,0.0,0.010416666666666666,0.010416666666666666,0.03125,0.049107142857142856,0.6264880952380952,0.041666666666666664,4.0
0.0,0.0,0.0,0.0,0.0,0.0,0.0,0.0,0.0,0.0,0.0,0.0,0.0,0.0,0.0,0.0,0.0,0.0,0.0,0.0,0.0,0.08333333333333333,0.0,0.0,0.0,0.0,0.0,0.0,0.0,0.0,0.0,0.0,0.027777777777777776,0.0,0.013888888888888888,0.0,0.0,0.04924242424242425,0.024242424242424242,0.6070707070707071,0.1111111111111111,5.0
0.0,0.0,0.0,0.0,0.0,0.0,0.0,0.0,0.0,0.0,0.0,0.0,0.0,0.0,0.0,0.0,0.0,0.0,0.0,0.0,0.0,0.0,0.0,0.0,0.0,0.0,0.0,0.007575757575757576,0.0,0.0,0.0,0.0,0.0,0.0,0.016666666666666666,0.018849206349206348,0.02840909090909091,0.009259259259259259,0.009259259259259259,0.5591510341510341,0.10082972582972582,6.0
0.0,0.0,0.0,0.0,0.0,0.0,0.0,0.0,0.0,0.0,0.0,0.0,0.0,0.0,0.0,0.0,0.0,0.0,0.0,0.027777777777777776,0.0,0.0,0.0,0.0,0.0,0.0,0.027777777777777776,0.0,0.0,0.0,0.0,0.0,0.0,0.0,0.04924242424242425,0.0,0.007575757575757576,0.0,0.054834054834054825,0.5883477633477633,0.07777777777777778,7.0
0.0,0.0,0.0,0.0,0.0,0.0,0.0,0.0,0.0,0.0,0.0,0.0,0.004629629629629629,0.0,0.0,0.0,0.0,0.0,0.0,0.0,0.0,0.0,0.0,0.0,0.0,0.0,0.0,0.08333333333333333,0.0,0.021296296296296296,0.004629629629629629,0.004629629629629629,0.0,0.013888888888888888,0.0,0.0,0.027777777777777776,0.09722222222222221,0.03885582010582011,0.5533068783068782,0.15042989417989416,8.0
0.0,0.0,0.0,0.0,0.0,0.0,0.0,0.0,0.0,0.0,0.006410256410256411,0.020833333333333332,0.0,0.0,0.0,0.0,0.0,0.006944444444444444,0.0,0.0,0.0,0.006410256410256411,0.0,0.006410256410256411,0.020833333333333332,0.0,0.008333333333333333,0.020833333333333332,0.010416666666666666,0.027777777777777776,0.008333333333333333,0.004901960784313725,0.0,0.004901960784313725,0.048611111111111105,0.006944444444444444,0.0,0.021568627450980395,0.10150201106083458,0.48082579185520363,0.10387443438914028,9.0
0.0,0.0,0.0,0.0,0.0,0.0,0.007575757575757576,0.007575757575757576,0.008333333333333333,0.013888888888888888,0.0,0.0,0.0,0.0,0.0,0.0,0.0,0.0,0.0,0.0,0.0,0.008333333333333333,0.0,0.007575757575757576,0.0,0.0,0.01590909090909091,0.0,0.008333333333333333,0.01590909090909091,0.007575757575757576,0.010416666666666666,0.009259259259259259,0.09166666666666667,0.0,0.009259259259259259,0.016835016835016835,0.06306818181818181,0.013888888888888888,0.4714015151515152,0.12986111111111112,10.0
0.0,0.0,0.0,0.0,0.0,0.0,0.0,0.0,0.0,0.0,0.0,0.08333333333333333,0.0,0.0,0.0,0.0,0.0,0.0,0.006410256410256411,0.0,0.0,0.0,0.0,0.0,0.0,0.0,0.0,0.0,0.0,0.006944444444444444,0.0,0.016826923076923076,0.006944444444444444,0.0,0.03819444444444444,0.0,0.05555555555555555,0.10897435897435898,0.03472222222222222,0.5528846153846154,0.08920940170940171,11.0
0.0,0.0,0.008333333333333333,0.010416666666666666,0.016666666666666666,0.016666666666666666,0.0,0.0,0.0,0.0,0.0,0.0,0.0,0.0,0.0,0.0,0.0,0.0,0.0,0.0,0.0,0.0,0.0,0.0,0.0,0.021164021164021163,0.0,0.0,0.0,0.0,0.011904761904761904,0.008333333333333333,0.027777777777777776,0.0,0.0,0.011904761904761904,0.0,0.046164021164021164,0.025000000000000005,0.5354828042328043,0.09351851851851851,12.0
0.005952380952380952,0.011904761904761904,0.0,0.0,0.0,0.0,0.0,0.0,0.0,0.0,0.0,0.0,0.0,0.0,0.0,0.0,0.006944444444444444,0.0,0.016666666666666666,0.0,0.0,0.006944444444444444,0.0,0.0,0.0,0.0,0.006944444444444444,0.0,0.0,0.0,0.02361111111111111,0.009259259259259259,0.011904761904761904,0.006944444444444444,0.0,0.011904761904761904,0.006944444444444444,0.06984126984126983,0.0,0.5142195767195767,0.12334656084656082,13.0
