ess,ssi,oss,ssg,gig,igs,ggi,csi,gsg,ggs,sgg,ggg,isi,sis,ssc,scs,gis,css,gss,iss,jss,ish,shs,hss,iis,isg,sgs,sss,TimeFactor
0.0,0.0,0.0,0.0,0.0,0.0,0.0,0.0,0.0,0.0,0.0,0.0,0.0,0.0,0.0,0.0,0.0,0.0,0.0,0.0,0.0,0.009259259259259259,0.009259259259259259,0.009259259259259259,0.027777777777777776,0.027777777777777776,0.027777777777777776,0.3055555555555555,1.0
0.0,0.0,0.0,0.0,0.0,0.0,0.0,0.0,0.0,0.0,0.0,0.0,0.0,0.0,0.0,0.0,0.0,0.013888888888888888,0.013888888888888888,0.013888888888888888,0.027777777777777776,0.0,0.0,0.0,0.0,0.0,0.0,0.4305555555555556,2.0
0.0,0.0,0.0,0.0,0.0,0.0,0.0,0.0,0.0,0.0,0.0,0.0,0.0,0.0,0.006944444444444444,0.006944444444444444,0.006944444444444444,0.013888888888888888,0.03888888888888889,0.048611111111111105,0.027777777777777776,0.0,0.0,0.0,0.0,0.0,0.005555555555555556,0.5111111111111111,3.0
0.0,0.0,0.0,0.0,0.0,0.0,0.0,0.0,0.0,0.0,0.0,0.0,0.0030864197530864196,0.0030864197530864196,0.0,0.0,0.0,0.0,0.06296296296296296,0.02561728395061728,0.0030864197530864196,0.0,0.0,0.0,0.0,0.0,0.0,0.31882716049382714,4.0
0.0,0.0,0.0,0.0,0.0,0.0,0.0,0.0025252525252525255,0.0025252525252525255,0.0025252525252525255,0.0025252525252525255,0.0025252525252525255,0.0,0.0025252525252525255,0.0,0.0,0.0,0.0,0.04713804713804714,0.00968013468013468,0.020833333333333332,0.0,0.0,0.0,0.0,0.0,0.0,0.5738636363636364,5.0
0.0,0.0,0.0,0.0030864197530864196,0.003472222222222222,0.003472222222222222,0.006944444444444444,0.0,0.0,0.0,0.0030864197530864196,0.006944444444444444,0.0,0.0,0.0,0.0,0.003472222222222222,0.009259259259259259,0.05393518518518519,0.006944444444444444,0.027777777777777776,0.0,0.0,0.0,0.0,0.0,0.0,0.621604938271605,6.0
0.0,0.0,0.0,0.0,0.0,0.0,0.0,0.0,0.0,0.005555555555555556,0.0,0.005555555555555556,0.0,0.0,0.0,0.0,0.0,0.0,0.030555555555555558,0.013888888888888888,0.05555555555555555,0.0,0.0,0.0,0.0,0.013888888888888888,0.013888888888888888,0.3611111111111111,7.0
0.0,0.027777777777777776,0.027777777777777776,0.0,0.0,0.0,0.009259259259259259,0.0,0.0,0.0,0.0,0.0,0.0,0.027777777777777776,0.0,0.0,0.009259259259259259,0.0,0.0462962962962963,0.05324074074074075,0.027777777777777776,0.0,0.0,0.0,0.0,0.0,0.0,0.4375,8.0
0.0,0.0,0.0,0.0,0.0,0.0,0.0,0.0,0.0,0.0,0.0,0.0,0.0,0.0,0.0,0.0,0.0,0.009259259259259259,0.028769841269841268,0.02513227513227513,0.027777777777777776,0.0,0.0,0.003968253968253968,0.0,0.0,0.0,0.488425925925926,9.0
0.0,0.0,0.0,0.0,0.0,0.0,0.0,0.0,0.0,0.006944444444444444,0.0,0.006944444444444444,0.0,0.0,0.0,0.0,0.0,0.0,0.016203703703703703,0.013888888888888888,0.013888888888888888,0.0,0.0,0.013888888888888888,0.0,0.0,0.0,0.34490740740740744,10.0
0.0,0.0,0.0,0.0,0.0,0.0,0.0,0.0,0.0,0.0,0.0,0.0,0.0,0.0,0.0,0.0,0.0,0.0,0.03968253968253968,0.018518518518518517,0.0,0.0,0.0,0.0,0.0,0.0,0.0,0.5251322751322751,11.0
0.0,0.0,0.0,0.0,0.0,0.0,0.0,0.0,0.0,0.0,0.0,0.0,0.0,0.0,0.0,0.0,0.0,0.013888888888888888,0.004629629629629629,0.037037037037037035,0.013888888888888888,0.0,0.0,0.0,0.0,0.0,0.0,0.34722222222222215,12.0
0.006944444444444444,0.0,0.0,0.0,0.0,0.0,0.0,0.0,0.0,0.0,0.0,0.0,0.0,0.0,0.0,0.0,0.0,0.0,0.04398148148148148,0.02546296296296296,0.05555555555555555,0.0,0.0,0.0,0.0,0.0,0.0,0.2847222222222222,13.0
