oh,ce,ee,ci,gc,ih,hs,oo,so,ei,se,js,co,ig,gi,ii,cs,sg,si,is,os,gg,gs,ss,TimeFactor
0.0,0.0,0.0,0.0,0.0,0.0,0.0,0.0,0.0,0.0,0.0,0.0,0.001893939393939394,0.001893939393939394,0.001893939393939394,0.004166666666666667,0.005208333333333333,0.005681818181818181,0.010227272727272729,0.011268939393939395,0.012310606060606062,0.014393939393939395,0.05672348484848485,0.4576704545454546,1.0
0.0,0.0,0.0,0.0,0.0,0.0,0.0,0.0,0.0,0.0,0.0,0.0026041666666666665,0.0,0.0,0.010416666666666666,0.0,0.010416666666666666,0.010416666666666666,0.0,0.020833333333333332,0.0,0.020833333333333332,0.03472222222222222,0.6397569444444445,2.0
0.0,0.0,0.0,0.0,0.0,0.0,0.0,0.010416666666666666,0.010416666666666666,0.020833333333333332,0.020833333333333332,0.020833333333333332,0.0,0.010416666666666666,0.004464285714285714,0.018229166666666668,0.0,0.03459821428571428,0.01450892857142857,0.05282738095238095,0.010416666666666666,0.010788690476190474,0.09561011904761905,0.49813988095238093,3.0
0.0,0.0,0.0,0.0,0.0,0.0,0.0,0.0,0.0,0.0,0.0,0.01736111111111111,0.0,0.002976190476190476,0.05059523809523809,0.007440476190476189,0.006944444444444444,0.041666666666666664,0.025297619047619044,0.047619047619047616,0.0,0.017857142857142856,0.05357142857142857,0.39533730158730157,4.0
0.0,0.0,0.001893939393939394,0.001893939393939394,0.001893939393939394,0.003472222222222222,0.003472222222222222,0.0,0.0,0.0,0.001893939393939394,0.010416666666666666,0.0,0.003787878787878788,0.006944444444444444,0.003472222222222222,0.001893939393939394,0.012310606060606062,0.001893939393939394,0.038419913419913417,0.024305555555555556,0.0,0.05343614718614718,0.5785984848484849,5.0
0.0,0.0,0.0,0.0,0.0,0.0,0.0,0.0,0.0,0.0,0.0,0.010416666666666666,0.0,0.00487012987012987,0.006764069264069264,0.00487012987012987,0.0,0.013122294372294374,0.005952380952380952,0.029085497835497836,0.0,0.011228354978354978,0.029626623376623376,0.46739718614718617,6.0
0.0,0.0,0.0,0.0,0.0,0.0,0.0,0.0,0.0,0.0,0.0,0.010416666666666666,0.0,0.0,0.002976190476190476,0.005952380952380952,0.0010964912280701754,0.002976190476190476,0.017857142857142856,0.029683583959899746,0.0,0.0,0.02286967418546366,0.5728383458646616,7.0
0.0,0.005208333333333333,0.0,0.0,0.005208333333333333,0.0,0.0,0.0,0.0,0.0,0.0,0.0,0.0,0.0,0.005208333333333333,0.0,0.0,0.010416666666666666,0.0,0.011160714285714286,0.0,0.005208333333333333,0.015625,0.5252976190476191,8.0
0.0,0.0,0.0,0.0,0.0,0.0,0.0,0.0,0.0,0.0,0.0,0.03125,0.0,0.0,0.0,0.0,0.0,0.0,0.020833333333333332,0.024305555555555556,0.0,0.0,0.013888888888888888,0.40972222222222215,9.0
0.002976190476190476,0.0,0.0,0.002976190476190476,0.0,0.0,0.0,0.0,0.002976190476190476,0.0,0.0,0.035416666666666666,0.0,0.002976190476190476,0.002976190476190476,0.005952380952380952,0.0,0.008928571428571428,0.002976190476190476,0.023313492063492064,0.0,0.002976190476190476,0.06468253968253969,0.5075396825396826,10.0
0.0,0.0,0.0,0.0,0.0,0.0,0.020833333333333332,0.0,0.0,0.0,0.0,0.020833333333333332,0.0,0.009259259259259259,0.0,0.0023148148148148147,0.0,0.013888888888888888,0.017361111111111112,0.015046296296296295,0.006944444444444444,0.006944444444444444,0.053240740740740734,0.75,11.0
0.0,0.0,0.0,0.0,0.0,0.0,0.0,0.0,0.0,0.0,0.0,0.052083333333333336,0.0,0.0,0.0,0.0,0.020833333333333332,0.0,0.0,0.010416666666666666,0.0,0.0,0.020833333333333332,0.6458333333333334,12.0
0.0,0.0,0.0,0.0,0.0,0.0,0.0,0.0,0.0,0.0,0.0,0.036458333333333336,0.0,0.0,0.0,0.0,0.0,0.0,0.0,0.010416666666666666,0.0,0.0,0.020833333333333332,0.515625,13.0
