jh,ci,sh,jg,oe,sj,ii,gg,ig,ge,so,eg,gi,sc,sg,si,se,es,os,hs,is,cs,js,gs,ss,TimeFactor
0.0,0.0,0.0,0.0,0.0,0.0,0.0,0.0,0.0,0.0,0.0,0.0,0.0,0.0,0.000992063492063492,0.000992063492063492,0.0010964912280701754,0.0020885547201336674,0.009565930833180513,0.015912671886936593,0.0366910701632347,0.04080072414853054,0.04497225960345627,0.1220164041031669,0.7248717663291636,1.0
0.0,0.0,0.0,0.0,0.0,0.0,0.0,0.0,0.0,0.0012254901960784314,0.0012254901960784314,0.0012254901960784314,0.0012254901960784314,0.002194482444140447,0.0021724598930481284,0.0033979500891265593,0.0,0.0011574074074074073,0.003119429590017825,0.011021556058320765,0.05873629856615492,0.032790640921625876,0.09556727851871492,0.10290286675375597,0.6820376689733735,2.0
0.0,0.0,0.0,0.0,0.0,0.0,0.0,0.0,0.001488095238095238,0.0,0.0,0.0,0.002976190476190476,0.0,0.0,0.0063988095238095245,0.0,0.0033854166666666668,0.0027901785714285715,0.009310649935649935,0.06110014235014235,0.02249278499278499,0.10887098543348543,0.0864506552006552,0.6947360916110917,3.0
0.0,0.0,0.0,0.0,0.0,0.0,0.0,0.001488095238095238,0.0006720430107526881,0.0,0.0,0.0,0.0,0.0,0.004261800027929061,0.0008865248226950354,0.0,0.004166666666666667,0.003155680224403927,0.0042952314165497895,0.04262574776585101,0.02105242845317,0.0884491080111548,0.09753235448063265,0.7314143198820992,4.0
0.0,0.0,0.0,0.0,0.0,0.0008503401360544217,0.0015432098765432098,0.0,0.0,0.0,0.0,0.0,0.0006218905472636816,0.0,0.00169026661563975,0.0010683760683760683,0.0,0.013888888888888888,0.002110042735042735,0.0010683760683760683,0.04110505837068185,0.015532871756850246,0.05550551865627951,0.08713203807016041,0.7778831222098432,5.0
0.0,0.0,0.0,0.0,0.0,0.0,0.0,0.0,0.0010964912280701754,0.0,0.0,0.0,0.0,0.0,0.0018680961663417803,0.0010964912280701754,0.0,0.005208333333333333,0.01126514202172097,0.0036810776942355888,0.036082011885030456,0.00949985257260799,0.07281246851035292,0.07264291291372661,0.7847471224465101,6.0
0.0,0.0,0.0,0.0,0.0,0.0,0.002777777777777778,0.0,0.0,0.0,0.0,0.0,0.0,0.0,0.0007716049382716049,0.0,0.0,0.0007716049382716049,0.012815264445699229,0.00441760601180891,0.06629997351011843,0.0074360757331771825,0.06439280660295153,0.07752848097956792,0.7627888050623558,7.0
0.0,0.0,0.0,0.0,0.0,0.0,0.0,0.0,0.0011574074074074073,0.0,0.0,0.0,0.0,0.0,0.006060606060606061,0.005980861244019139,0.0,0.0030513468013468013,0.0023809523809523807,0.004241822991822992,0.022761965941790502,0.013639211665527456,0.07047850845548213,0.09118195847362515,0.7790653585774199,8.0
0.0,0.0,0.0,0.0,0.0,0.0,0.0,0.003787878787878788,0.0,0.0,0.0,0.0,0.003787878787878788,0.0,0.0007861635220125786,0.0,0.0,0.024515738498789342,0.0059990074820583305,0.0,0.043403267694721165,0.013050641096191943,0.06626496665471722,0.0634931191286124,0.7749113383471394,9.0
0.0,0.0,0.0,0.0,0.0,0.0010683760683760683,0.0,0.0,0.0,0.0,0.0,0.0,0.0,0.0,0.0018115942028985507,0.0,0.0,0.0,0.0032836852689793867,0.006460532931121167,0.03334911874913473,0.05527138391588519,0.03637920132285541,0.07243286771040126,0.7899432398303482,10.0
0.0,0.0,0.0,0.0,0.0026041666666666665,0.0006127450980392157,0.0,0.0,0.0,0.0,0.0,0.0,0.0,0.0009689922480620155,0.006016844722385078,0.0,0.0,0.007506127450980392,0.0006127450980392157,0.0035866910866910865,0.04118686343549544,0.013542489645430823,0.042537546970686506,0.06835853736247034,0.8124662502150531,11.0
0.0,0.0,0.0,0.0007861635220125786,0.0,0.0007861635220125786,0.0,0.0,0.0,0.0,0.0,0.0,0.0,0.0,0.0023148148148148147,0.0027702905061395625,0.0007861635220125786,0.0023148148148148147,0.0037865506687411884,0.0067882659346073975,0.035239666327414355,0.011640505258707254,0.05573129574662424,0.08267197715930154,0.7943833282027971,12.0
0.000925925925925926,0.0024509803921568627,0.0024509803921568627,0.0,0.0,0.0,0.0,0.0,0.0,0.0,0.0,0.0,0.0,0.0,0.004262574595055414,0.000925925925925926,0.0,0.007321289821289822,0.005208333333333333,0.017636165577342048,0.05565047736011158,0.015373860477911533,0.07717633537486479,0.054861243240550056,0.7557559075833757,13.0
