gos,igs,chs,gis,scs,jsc,esi,cgs,shs,jos,cis,ccs,csi,isi,ggs,sos,iis,ssg,isg,ess,sis,sgs,hss,oss,css,jss,iss,gss,sss,TimeFactor
0.0,0.0,0.0,0.0,0.0,0.0,0.0,0.0,0.0,0.0,0.0,0.0,0.0,0.0,0.0,0.0,0.0018115942028985507,0.0025252525252525255,0.0025252525252525255,0.002976190476190476,0.002976190476190476,0.0036231884057971015,0.010949021103483345,0.012747819813037206,0.07725485485782968,0.07793119987055913,0.1597547888165737,0.2025573238101842,0.4423673231167511,1.0
0.0,0.0,0.0,0.0,0.0,0.0,0.0,0.0,0.0,0.0,0.0,0.0,0.0,0.0,0.0,0.0043859649122807015,0.0,0.0,0.0,0.0,0.005952380952380952,0.004970760233918128,0.02017324606610321,0.0043859649122807015,0.06577218772942457,0.07118401952753456,0.07786740593366533,0.15721692850452249,0.5880911412278894,2.0
0.0,0.0,0.0,0.0,0.0,0.0,0.0,0.0,0.0,0.0,0.0,0.0,0.0017006802721088435,0.0023809523809523807,0.002777777777777778,0.0,0.0,0.0,0.0,0.0,0.0,0.0,0.023047386840490288,0.002777777777777778,0.054047571658409094,0.1806407376604421,0.04184348765629554,0.15916720571892987,0.44828308892348306,3.0
0.0,0.0,0.0,0.0,0.0,0.0,0.0,0.0,0.0,0.0,0.0011111111111111111,0.0025252525252525255,0.0,0.0,0.0,0.0,0.0,0.0,0.0,0.0,0.0,0.0,0.008025368025368025,0.0022522522522522522,0.042840177840177844,0.0949095949095949,0.11719625719625719,0.16675515175515176,0.4810515010515011,4.0
0.0,0.0,0.0,0.0,0.0,0.0,0.0,0.0,0.0,0.013888888888888888,0.0,0.0,0.0,0.0,0.0,0.0,0.0,0.0,0.0,0.0,0.0036231884057971015,0.0036231884057971015,0.004032258064516129,0.007246376811594203,0.0765895278167368,0.13967511891775566,0.07288211373064107,0.17844898595249226,0.41665701967244734,5.0
0.0,0.0,0.0,0.0,0.0,0.0,0.0,0.0,0.0021929824561403508,0.0,0.0,0.0,0.0,0.0,0.0,0.0,0.0,0.0,0.0,0.0,0.004166666666666667,0.0,0.005874060150375939,0.0021929824561403508,0.05286654135338345,0.08755830548593706,0.13969820384294068,0.16899279448621551,0.5364574631021999,6.0
0.0,0.0,0.0,0.0,0.0,0.0,0.0026041666666666665,0.0026041666666666665,0.0,0.0,0.0,0.0,0.0,0.0,0.0,0.0,0.0,0.0,0.0,0.008333333333333333,0.0,0.0026041666666666665,0.09925292232277527,0.0,0.031850961538461536,0.13053296104766693,0.07640190691661279,0.08072882999353588,0.4817532515142809,7.0
0.0,0.0,0.0,0.0,0.0030864197530864196,0.0030864197530864196,0.0,0.0,0.0,0.0,0.0,0.0,0.0,0.0,0.0,0.0,0.0,0.0,0.0,0.0,0.0030864197530864196,0.0,0.011419753086419753,0.033950617283950615,0.11481481481481481,0.032496012759170655,0.1491612026699746,0.1484686041703586,0.5004297359560518,8.0
0.0,0.0,0.006944444444444444,0.008333333333333333,0.0,0.0,0.0,0.0,0.008333333333333333,0.0,0.0,0.0,0.0,0.0,0.0,0.0,0.0,0.0,0.0,0.0,0.0,0.006944444444444444,0.03855866355866356,0.013235294117647059,0.044189062571415506,0.0722902097902098,0.1585154366803983,0.2309721466371083,0.4116836310890019,9.0
0.0,0.004901960784313725,0.0,0.0,0.0,0.0,0.0,0.0,0.0,0.0,0.0,0.0,0.0,0.0,0.0,0.0,0.0,0.0,0.0,0.007575757575757576,0.0,0.0,0.01590909090909091,0.013235294117647059,0.08017358458534929,0.09234360410831,0.07997411085646379,0.12140628978864272,0.5844803072744248,10.0
0.0,0.0,0.0,0.0,0.0,0.0,0.0,0.0,0.0,0.0,0.0,0.0,0.0,0.0,0.0,0.0,0.0,0.0,0.0,0.0,0.0,0.0,0.004166666666666667,0.007575757575757576,0.05644633144633145,0.06815268065268065,0.11001776001776002,0.0834686147186147,0.5868388555888556,11.0
0.0,0.0,0.0,0.0,0.0,0.0,0.0,0.0,0.0,0.0,0.0,0.0,0.0,0.0,0.0,0.0,0.0,0.0,0.0,0.0,0.0,0.0,0.011602740511409242,0.027534113060428852,0.11095344570576769,0.07222222222222223,0.0625859993120055,0.1821938424492604,0.44957430340557264,12.0
0.013888888888888888,0.0,0.0,0.0,0.0,0.0,0.0,0.0,0.0,0.0,0.0,0.0,0.0,0.0,0.0,0.0,0.0,0.0,0.0,0.013888888888888888,0.0032051282051282055,0.0,0.006944444444444444,0.03365384615384615,0.027243589743589744,0.08840811965811966,0.06784188034188034,0.15624999999999997,0.5053418803418803,13.0
