gh,jc,sj,ei,se,ji,jj,ge,es,ig,si,js,so,cc,sc,ii,gi,gg,sh,cs,sg,os,is,hs,gs,ss,TimeFactor
0.0,0.0,0.0,0.0,0.0,0.0,0.0,0.0,0.0,0.0,0.0,0.0,0.002777777777777778,0.0030864197530864196,0.0030864197530864196,0.0030864197530864196,0.0030864197530864196,0.0030864197530864196,0.009259259259259259,0.01280864197530864,0.014814814814814814,0.022067901234567897,0.037191358024691354,0.04259259259259259,0.06450617283950617,0.3618827160493827,1.0
0.0,0.0,0.0,0.0,0.0,0.0,0.0,0.0,0.0,0.0,0.0,0.009259259259259259,0.0,0.0,0.0,0.0,0.0,0.01984126984126984,0.0,0.006944444444444444,0.015873015873015872,0.002777777777777778,0.043121693121693117,0.0,0.06448412698412698,0.33769841269841266,2.0
0.0,0.0,0.0,0.0,0.0,0.0,0.0,0.0,0.0,0.0014619883040935672,0.005847953216374269,0.02314814814814815,0.0,0.0,0.0,0.0,0.0029239766081871343,0.018518518518518517,0.0,0.0,0.046052631578947366,0.0,0.028508771929824556,0.007553606237816764,0.0594541910331384,0.30653021442495126,3.0
0.0,0.0,0.0,0.0,0.0,0.0,0.0,0.0023148148148148147,0.0023148148148148147,0.003472222222222222,0.020833333333333332,0.013888888888888888,0.0,0.0,0.0,0.018518518518518517,0.0011574074074074073,0.006558641975308641,0.0,0.015046296296296295,0.013888888888888888,0.006944444444444444,0.04668209876543209,0.0,0.06481481481481481,0.2835648148148148,4.0
0.0,0.0,0.0,0.0,0.0,0.0,0.0,0.0,0.0,0.0,0.00582010582010582,0.013888888888888888,0.0,0.0,0.0,0.0013227513227513227,0.0026455026455026454,0.004497354497354497,0.0,0.0,0.0126984126984127,0.001851851851851852,0.06534391534391534,0.0,0.07447089947089947,0.48412698412698413,5.0
0.0,0.0,0.0,0.000992063492063492,0.000992063492063492,0.006944444444444444,0.006944444444444444,0.0,0.006944444444444444,0.0,0.0248015873015873,0.020833333333333332,0.0,0.0,0.0,0.0,0.0,0.01642416225749559,0.0,0.0,0.016203703703703703,0.0,0.04971340388007054,0.007936507936507936,0.12268518518518517,0.5519179894179894,6.0
0.0,0.0,0.027777777777777776,0.0,0.0,0.0,0.027777777777777776,0.0,0.0,0.0007122507122507123,0.004273504273504273,0.06481481481481481,0.0,0.0,0.013888888888888888,0.007122507122507123,0.008547008547008546,0.017094017094017092,0.0,0.0146011396011396,0.014245014245014245,0.011396011396011395,0.020655270655270654,0.0,0.0543091168091168,0.46278490028490027,7.0
0.0,0.0,0.0,0.0,0.0,0.0,0.0,0.0,0.0,0.0,0.006891162262006252,0.012745098039215688,0.0,0.0,0.027777777777777776,0.0061096902529127585,0.004475703324808184,0.011437908496732027,0.0,0.027777777777777776,0.011793123046319978,0.0,0.05629440181869849,0.0,0.08601875532821823,0.49867860187553287,8.0
0.0010288065843621398,0.009259259259259259,0.0,0.0,0.0,0.0,0.0,0.0,0.0010288065843621398,0.0010288065843621398,0.007201646090534979,0.027777777777777776,0.0,0.0,0.0,0.0020576131687242796,0.0030864197530864196,0.018724279835390947,0.0,0.009259259259259259,0.009670781893004115,0.0102880658436214,0.02109053497942387,0.0010288065843621398,0.09372427983539094,0.45041152263374484,9.0
0.0,0.0,0.0,0.0,0.0006613756613756613,0.0,0.0,0.0,0.0006613756613756613,0.0006613756613756613,0.010978835978835979,0.027777777777777776,0.0,0.0,0.0,0.008333333333333333,0.0006613756613756613,0.006216931216931217,0.0,0.0013227513227513227,0.03584656084656084,0.0,0.037830687830687826,0.0,0.13095238095238096,0.6547619047619048,10.0
0.0,0.0,0.0,0.0,0.0,0.0,0.0,0.0,0.013888888888888888,0.0008680555555555555,0.006423611111111112,0.002777777777777778,0.0,0.0,0.0,0.0,0.0,0.008333333333333333,0.0,0.0,0.029513888888888885,0.0,0.07129103535353536,0.0,0.09674873737373736,0.7701546717171718,11.0
0.0,0.0,0.0010683760683760683,0.0,0.0,0.0,0.0,0.0,0.0,0.0029239766081871343,0.020411605937921726,0.0021367521367521365,0.0,0.0,0.0,0.005060728744939271,0.0,0.007309941520467836,0.0014619883040935672,0.018518518518518517,0.020805218173639225,0.0,0.05085470085470086,0.0025303643724696357,0.11704903283850653,0.5832021292547608,12.0
0.001984126984126984,0.0,0.0,0.0,0.0,0.0,0.0,0.0,0.0,0.001984126984126984,0.003968253968253968,0.001984126984126984,0.0,0.0,0.0,0.001984126984126984,0.001984126984126984,0.007215007215007215,0.0,0.0043490460157126825,0.01140371973705307,0.01052188552188552,0.034772326438993105,0.034832451499118164,0.13953022286355618,0.6601531184864519,13.0
