io,ji,ie,ic,ec,jc,se,je,co,gj,hi,jj,cc,oi,ci,gi,hg,eg,ii,oj,sj,gc,sh,og,so,sc,cg,jo,jg,es,ig,os,gg,sg,js,si,cs,hs,ss,is,gs,TimeFactor
0.0,0.0,0.0,0.0,0.0,0.0,0.0,0.0,0.0,0.0,0.0,0.0,0.0,0.0,0.0,0.0,0.0,0.0010162601626016261,0.0010162601626016261,0.0016339869281045752,0.0016339869281045752,0.0016339869281045752,0.0016339869281045752,0.001736111111111111,0.001736111111111111,0.0020325203252032522,0.002752371273712737,0.003472222222222222,0.005189255189255189,0.006349206349206348,0.0068232421173597645,0.009686852383229715,0.012177467140702433,0.02316616609120196,0.02346962080642138,0.02707336999840587,0.030874477162138567,0.03549060884516408,0.2139629369050101,0.21993143802236345,0.2821742215752259,1.0
0.0,0.0,0.0,0.0,0.0,0.0,0.0,0.0,0.0,0.0,0.0,0.0,0.0,0.0011111111111111111,0.0013227513227513227,0.0022522522522522522,0.005555555555555556,0.0,0.003472222222222222,0.0,0.0,0.001282051282051282,0.003977072310405644,0.0,0.0,0.002218808670421574,0.0023931623931623936,0.0,0.009027777777777779,0.001282051282051282,0.005077513410846744,0.001282051282051282,0.016301226301226303,0.025506950063401677,0.0306693598360265,0.00933080808080808,0.011163814282093851,0.024854989021655685,0.2116496341093115,0.18986865414284768,0.3570668499566349,2.0
0.0,0.0,0.0,0.0,0.0,0.0,0.0,0.0,0.0,0.0,0.0,0.0,0.0033333333333333335,0.0,0.0,0.0021929824561403508,0.0,0.0,0.0,0.0,0.0,0.000641025641025641,0.0,0.0,0.0,0.002777777777777778,0.0,0.0,0.047619047619047616,0.006752136752136752,0.0013440860215053762,0.0,0.006954887218045112,0.014587430113745902,0.04525281618023553,0.0019851116625310174,0.023607276047853298,0.029837134191972897,0.2731061887555945,0.12339258506066657,0.33328284783505496,3.0
0.0,0.0,0.0,0.0,0.0,0.0,0.0,0.0,0.0,0.0,0.0,0.0,0.0,0.0,0.0,0.0013020833333333333,0.0,0.0,0.0013020833333333333,0.0,0.022061191626409016,0.0,0.0,0.0,0.000925925925925926,0.0,0.0,0.0,0.1164021164021164,0.0077030495169082116,0.005952380952380952,0.0,0.01607142857142857,0.0166046626984127,0.032489106753812634,0.03834179505135387,0.019439338235294118,0.04086012877373171,0.27066784141192707,0.10664998638344227,0.2198935476968565,4.0
0.0,0.0,0.0,0.0,0.0,0.0,0.0,0.0,0.0,0.0,0.0,0.0028735632183908046,0.0,0.0,0.0,0.010416666666666666,0.0,0.0,0.0020833333333333333,0.0,0.0,0.0,0.0,0.0,0.0,0.0028735632183908046,0.0,0.0,0.017532467532467535,0.0,0.00853310502283105,0.0032051282051282055,0.012499999999999999,0.016958802888184087,0.020026568455949658,0.00995251894224497,0.09293452964922026,0.020367893797274998,0.25684696935877854,0.2518067463686264,0.1877548100091794,5.0
0.0,0.0,0.0,0.0,0.0,0.0,0.0,0.0,0.0,0.0,0.0,0.0,0.0,0.0,0.0,0.0,0.0,0.0,0.0,0.0,0.010277777777777776,0.0,0.0,0.0,0.0,0.0,0.0,0.0,0.005952380952380952,0.012896825396825398,0.0,0.0,0.009575569358178054,0.01045751633986928,0.008300653594771243,0.015318627450980393,0.0,0.07321859903381643,0.33910957861405433,0.1933465777615394,0.23821256038647343,6.0
0.0,0.0,0.0,0.0,0.0,0.0,0.0,0.0,0.0,0.0026881720430107525,0.009259259259259259,0.0,0.0,0.0,0.0,0.0,0.0,0.0,0.016666666666666666,0.0,0.0,0.0,0.0,0.0,0.0,0.0,0.0012437810945273632,0.006410256410256411,0.023333333333333334,0.05209293394777267,0.0,0.0,0.0,0.0024875621890547263,0.02814854299928927,0.0012437810945273632,0.023320895522388058,0.04112312418764032,0.3026603164217512,0.14951710342297725,0.256470938074212,7.0
0.0,0.0,0.0,0.0,0.0024509803921568627,0.005555555555555556,0.009259259259259259,0.013888888888888888,0.013888888888888888,0.0,0.0,0.019444444444444445,0.0,0.0,0.0,0.0012077294685990338,0.0,0.0,0.0012077294685990338,0.0,0.0024509803921568627,0.0,0.0024509803921568627,0.0,0.0,0.005555555555555556,0.0012077294685990338,0.0,0.018518518518518517,0.009259259259259259,0.0,0.0,0.0,0.018668046928916493,0.010703798427583594,0.033433977455716586,0.013888888888888888,0.0675514891947117,0.21083032246715108,0.25025998322034126,0.20498366013071898,8.0
0.0,0.0,0.0,0.0026041666666666665,0.0,0.0,0.0,0.0,0.0,0.0,0.0,0.0,0.0,0.0,0.0,0.0010822510822510823,0.0,0.0,0.0,0.0,0.016493055555555556,0.0,0.0026041666666666665,0.0,0.0,0.0010822510822510823,0.0,0.0,0.01606691919191919,0.016765386710239652,0.004901960784313725,0.0,0.0,0.03212031024531025,0.02850781095266389,0.00909767316017316,0.006290584415584416,0.022722011784511786,0.17583282050193816,0.1355970860566449,0.27823154514330983,9.0
0.0,0.0,0.0,0.0,0.0,0.0,0.0024509803921568627,0.0,0.0,0.004629629629629629,0.0,0.0,0.0,0.0,0.0,0.0,0.0,0.0,0.0,0.0,0.012941919191919192,0.0,0.0,0.0,0.0024509803921568627,0.004629629629629629,0.0,0.0,0.01771942396942397,0.0,0.0024509803921568627,0.0,0.006881881881881882,0.011122467004819947,0.03339724847077788,0.009259259259259259,0.01085013585013585,0.008597883597883597,0.25435041611512194,0.15218799777623307,0.2994124997801469,10.0
0.0,0.0,0.005208333333333333,0.0,0.0,0.0,0.0,0.0,0.0,0.0,0.0,0.004166666666666667,0.0,0.0,0.0,0.004166666666666667,0.0,0.0,0.0,0.0,0.034027777777777775,0.0,0.026041666666666668,0.0,0.0,0.0061661877394636015,0.0,0.0,0.0,0.012152777777777776,0.0,0.0009578544061302681,0.005208333333333333,0.020170817369093232,0.008210940825883355,0.01750212856534696,0.005208333333333333,0.06445428905917412,0.16347381864623242,0.21656555981268621,0.32298451468710093,11.0
0.0,0.0,0.0,0.0,0.0,0.0,0.013888888888888888,0.0,0.0,0.0,0.0,0.0,0.0,0.0,0.0,0.006410256410256411,0.0,0.0,0.0,0.0,0.015508684863523574,0.023521505376344082,0.0,0.0,0.0,0.027777777777777776,0.0,0.0,0.03557692307692308,0.0,0.013888888888888888,0.0013440860215053762,0.0,0.019086021505376343,0.05000751936235807,0.016666666666666666,0.0,0.05485715791693021,0.23987805363516937,0.1648543160402743,0.23339992023578363,12.0
0.001984126984126984,0.0043859649122807015,0.0,0.0,0.0,0.0,0.0,0.0,0.0,0.0,0.0,0.0,0.0,0.013888888888888888,0.0,0.009635416666666667,0.0,0.0,0.0,0.0,0.0,0.0,0.0,0.0,0.0,0.0,0.0,0.0,0.010378510378510378,0.023962902046783623,0.020833333333333332,0.001984126984126984,0.0,0.007874503968253968,0.055708933792815364,0.020258980785296574,0.009635416666666667,0.04872357174988754,0.20839428298309878,0.17646354467900519,0.21922082851359168,13.0
