ic,oc,gi,so,jj,ce,gc,ee,eg,cg,ec,sj,cc,jc,ij,gj,ii,hh,sh,sc,si,gg,hs,cs,es,os,sg,js,is,gs,ss,TimeFactor
0.0,0.0,0.0,0.0,0.0,0.0,0.0,0.0,0.0,0.0,0.0,0.0,0.0,0.0,0.0,0.0,0.0,0.0,0.0,0.0,0.0030864197530864196,0.006172839506172839,0.006944444444444444,0.006944444444444444,0.006944444444444444,0.012345679012345678,0.016203703703703703,0.018518518518518517,0.02788800705467372,0.06305114638447971,0.5819003527336861,1.0
0.0,0.0,0.0,0.0,0.0,0.0,0.0,0.0,0.0,0.0,0.0,0.0,0.0,0.0,0.0,0.0025252525252525255,0.0025252525252525255,0.005555555555555556,0.005555555555555556,0.007154882154882154,0.007154882154882154,0.0,0.0,0.01734006734006734,0.027777777777777776,0.010185185185185184,0.0025252525252525255,0.00968013468013468,0.0511063011063011,0.12093554593554591,0.5633116883116884,2.0
0.0,0.0,0.0,0.0,0.0,0.0,0.0,0.0,0.0,0.0,0.0,0.0,0.0,0.0,0.004629629629629629,0.0,0.02314814814814815,0.0,0.0,0.0,0.02314814814814815,0.001851851851851852,0.007407407407407407,0.017592592592592594,0.0,0.0,0.001851851851851852,0.004629629629629629,0.025000000000000005,0.08703703703703702,0.637037037037037,3.0
0.0,0.0,0.0,0.0,0.0,0.0,0.0,0.0,0.0,0.0,0.0,0.0030864197530864196,0.0030864197530864196,0.006944444444444444,0.0,0.0,0.0,0.0,0.0030864197530864196,0.0,0.003472222222222222,0.006944444444444444,0.0,0.044753086419753084,0.0030864197530864196,0.0030864197530864196,0.006944444444444444,0.040895061728395056,0.03841490299823633,0.09144620811287478,0.6614197530864199,4.0
0.0,0.0,0.0,0.0,0.0,0.0021367521367521365,0.0021367521367521365,0.004273504273504273,0.004273504273504273,0.006944444444444444,0.006944444444444444,0.0021367521367521365,0.007692307692307693,0.0,0.0,0.0,0.018803418803418803,0.0,0.0,0.012321937321937322,0.027706552706552704,0.0,0.0021367521367521365,0.0067663817663817655,0.0,0.005555555555555556,0.012499999999999999,0.026495726495726495,0.099002849002849,0.09658119658119657,0.6555911680911681,5.0
0.0,0.0,0.0,0.0,0.005555555555555556,0.0,0.0,0.0,0.0,0.0,0.0,0.005555555555555556,0.0,0.0,0.0,0.0,0.0,0.0,0.0,0.0,0.0,0.011574074074074075,0.009259259259259259,0.018518518518518517,0.0,0.005555555555555556,0.011574074074074075,0.0,0.025925925925925925,0.10046296296296296,0.6393518518518518,6.0
0.0,0.0,0.0,0.0,0.0,0.0,0.0,0.0,0.0,0.0,0.0,0.0,0.0,0.0,0.0,0.0,0.006944444444444444,0.0,0.0,0.0,0.006944444444444444,0.0,0.027777777777777776,0.010416666666666666,0.0,0.006944444444444444,0.016203703703703703,0.03125,0.059413580246913573,0.05787037037037037,0.6095679012345679,7.0
0.0,0.0,0.0,0.0,0.0,0.0,0.0,0.0,0.0,0.0,0.0,0.0,0.0,0.0,0.0,0.0,0.003472222222222222,0.0,0.0,0.0,0.003472222222222222,0.006944444444444444,0.0,0.012499999999999999,0.0,0.004629629629629629,0.006944444444444444,0.006944444444444444,0.09907407407407408,0.07291666666666666,0.6997685185185185,8.0
0.0,0.0,0.0,0.013888888888888888,0.0025252525252525255,0.0,0.0,0.0,0.0,0.0,0.0,0.0025252525252525255,0.0025252525252525255,0.0,0.0,0.0,0.0,0.0,0.0,0.0,0.006944444444444444,0.0,0.009018759018759018,0.0025252525252525255,0.013888888888888888,0.013888888888888888,0.009259259259259259,0.005555555555555556,0.027074314574314574,0.12892616642616642,0.5947871572871574,9.0
0.0,0.0,0.004629629629629629,0.0,0.0,0.0,0.0,0.0,0.0,0.0,0.0,0.0,0.013888888888888888,0.0,0.0,0.0,0.0,0.0,0.0,0.0,0.0,0.0,0.013888888888888888,0.020833333333333332,0.0,0.0,0.009259259259259259,0.0,0.013888888888888888,0.0925925925925926,0.5810185185185185,10.0
0.0,0.0,0.0,0.0,0.0,0.0,0.0,0.0,0.0,0.0,0.0,0.0,0.0,0.0,0.0,0.0,0.0,0.0,0.0,0.027777777777777776,0.0,0.0,0.013888888888888888,0.05555555555555555,0.0,0.0,0.005555555555555556,0.006944444444444444,0.05555555555555555,0.12916666666666665,0.7055555555555556,11.0
0.0,0.013888888888888888,0.0,0.0,0.0,0.0,0.027777777777777776,0.0,0.0,0.0,0.0,0.041666666666666664,0.0,0.0,0.0,0.0,0.0,0.009259259259259259,0.009259259259259259,0.027777777777777776,0.006944444444444444,0.006944444444444444,0.005555555555555556,0.041666666666666664,0.0,0.0,0.006944444444444444,0.013888888888888888,0.06481481481481481,0.05069444444444444,0.6729166666666667,12.0
0.005555555555555556,0.0,0.0,0.0,0.0,0.0,0.0,0.0,0.0,0.0,0.0,0.0,0.0,0.0,0.0,0.0,0.03333333333333333,0.0,0.0,0.0,0.03333333333333333,0.0,0.0,0.005555555555555556,0.0,0.0,0.0,0.0,0.07962962962962962,0.07685185185185185,0.5157407407407408,13.0
