og,jc,jj,oc,jg,hh,es,sj,hi,ig,gi,sh,ii,oi,so,cc,js,os,gg,co,sg,sc,cs,si,hs,is,gs,ss,TimeFactor
0.0,0.0,0.0,0.0,0.0,0.0,0.0,0.0,0.0,0.0,0.0,0.0,0.0,0.003472222222222222,0.003472222222222222,0.003472222222222222,0.003472222222222222,0.004629629629629629,0.005555555555555556,0.006944444444444444,0.010185185185185184,0.01597222222222222,0.019444444444444445,0.03009259259259259,0.037037037037037035,0.05787037037037038,0.09236111111111112,0.5393518518518519,1.0
0.0,0.0,0.0,0.0,0.0,0.0,0.0,0.0,0.0,0.0,0.0,0.0,0.00394880174291939,0.0,0.0,0.0016339869281045752,0.0023148148148148147,0.0,0.014660493827160495,0.0,0.005401234567901234,0.02941176470588235,0.02941176470588235,0.013208061002178648,0.025462962962962965,0.018110021786492375,0.04597857661583152,0.5604575163398693,2.0
0.0,0.0,0.0,0.0,0.0,0.0,0.0,0.0,0.0025252525252525255,0.009259259259259259,0.009259259259259259,0.013888888888888888,0.013888888888888888,0.0,0.0,0.0,0.016414141414141412,0.032407407407407406,0.014814814814814814,0.0,0.026599326599326595,0.0,0.0,0.009259259259259259,0.0,0.03998316498316498,0.05496632996632996,0.4234006734006734,3.0
0.0,0.0,0.0,0.0,0.0,0.0,0.0,0.027777777777777776,0.0,0.0,0.006172839506172839,0.0,0.007806826434277415,0.0,0.0,0.0,0.027777777777777776,0.0,0.01579520697167756,0.0,0.02369281045751634,0.027777777777777776,0.027777777777777776,0.010893246187363833,0.0016339869281045752,0.05787037037037038,0.12300290486564996,0.392020697167756,4.0
0.0,0.0,0.0,0.0,0.0,0.0,0.009259259259259259,0.0,0.0,0.0,0.007239057239057239,0.0,0.02777777777777778,0.0,0.0,0.0,0.0,0.0,0.012878787878787878,0.0,0.008417508417508417,0.0016835016835016836,0.010016835016835018,0.022222222222222223,0.0,0.0367003367003367,0.05974025974025974,0.3873977873977874,5.0
0.0,0.0,0.0,0.0,0.0,0.0021367521367521365,0.0,0.0021367521367521365,0.0,0.001388888888888889,0.0,0.0021367521367521365,0.031013431013431014,0.0,0.0,0.0,0.029914529914529916,0.0021367521367521365,0.006944444444444444,0.0,0.021581196581196584,0.0,0.027777777777777776,0.035286935286935286,0.0021367521367521365,0.049175824175824175,0.06416361416361417,0.5554029304029305,6.0
0.0,0.0,0.0,0.0,0.0,0.0,0.0,0.0,0.0,0.0,0.0021367521367521365,0.001388888888888889,0.01492165242165242,0.0,0.001388888888888889,0.0021367521367521365,0.0,0.008950617283950616,0.004273504273504273,0.0,0.007051282051282051,0.0021367521367521365,0.031303418803418796,0.008748812915479581,0.001388888888888889,0.04782763532763532,0.06409069325735993,0.4689221272554606,7.0
0.0,0.0,0.0,0.0,0.0,0.001984126984126984,0.0,0.0,0.0,0.0,0.009259259259259259,0.004509379509379509,0.02104377104377104,0.0,0.0025252525252525255,0.009259259259259259,0.0,0.016855058521725187,0.00931537598204265,0.0,0.013187429854096521,0.0,0.011784511784511785,0.017957351290684622,0.014870931537598204,0.07140852974186307,0.041790925124258464,0.42091550424883756,8.0
0.0,0.0,0.001851851851851852,0.013888888888888888,0.016666666666666666,0.0,0.0,0.001851851851851852,0.0,0.0,0.005555555555555556,0.0,0.03308080808080808,0.0,0.0,0.0,0.003703703703703704,0.0,0.005555555555555556,0.0,0.011255411255411255,0.0,0.013888888888888888,0.015632515632515633,0.0013227513227513227,0.0633958633958634,0.08917748917748917,0.4731721981721982,9.0
0.0,0.0,0.0,0.0,0.0,0.0,0.0,0.05555555555555555,0.0,0.0,0.011111111111111112,0.0,0.011111111111111112,0.0,0.0,0.0,0.07098765432098765,0.0,0.0,0.0,0.004629629629629629,0.0,0.004068462401795735,0.021296296296296296,0.027777777777777776,0.03148148148148148,0.054236812570145905,0.37441077441077436,10.0
0.0,0.0,0.0,0.0,0.0,0.0,0.0,0.0,0.0,0.0,0.0,0.0,0.013888888888888888,0.0,0.0,0.0,0.027777777777777776,0.006172839506172839,0.019886363636363636,0.0,0.022972783389450052,0.0025252525252525255,0.0025252525252525255,0.0,0.0,0.07102272727272728,0.07547699214365881,0.5077511223344556,11.0
0.001984126984126984,0.009259259259259259,0.0,0.0,0.0,0.001984126984126984,0.0,0.001984126984126984,0.0,0.0,0.0,0.001984126984126984,0.003776803118908382,0.0,0.0,0.0,0.003968253968253968,0.0,0.0023148148148148147,0.0,0.004298941798941799,0.009259259259259259,0.018518518518518517,0.003776803118908382,0.0,0.05616471734892787,0.06819131161236423,0.6458681425786689,12.0
0.0,0.0,0.0,0.0,0.0,0.0,0.0,0.0,0.0,0.0,0.0,0.0,0.0,0.0,0.0,0.0,0.0,0.006558641975308641,0.027777777777777776,0.0030864197530864196,0.030864197530864196,0.0,0.0,0.0,0.0,0.030330009496676164,0.08576685660018994,0.6489494301994302,13.0
