gsi,shs,ess,cgs,csi,ics,scs,sis,jcs,ies,gei,eie,ssg,iss,oss,ggg,sii,ssi,sgg,hss,gsg,ggs,hgs,sgs,css,gss,jss,sss,TimeFactor
0.0,0.0,0.0,0.0,0.0,0.0,0.0,0.0,0.0,0.0,0.0,0.0,0.0,0.0,0.0,0.0025252525252525255,0.0025252525252525255,0.0025252525252525255,0.0025252525252525255,0.0025252525252525255,0.005050505050505051,0.005050505050505051,0.006944444444444444,0.00808080808080808,0.013888888888888888,0.025631313131313133,0.041666666666666664,0.631060606060606,1.0
0.0,0.0,0.0,0.0,0.0,0.0,0.0,0.0,0.0,0.004629629629629629,0.004629629629629629,0.004629629629629629,0.004629629629629629,0.009259259259259259,0.011111111111111112,0.0,0.0,0.0,0.004629629629629629,0.027777777777777776,0.0,0.004629629629629629,0.0,0.006944444444444444,0.018518518518518517,0.037037037037037035,0.05787037037037037,0.7203703703703703,2.0
0.0,0.0,0.0,0.0,0.0,0.0,0.004629629629629629,0.004629629629629629,0.005555555555555556,0.0,0.0,0.0,0.009259259259259259,0.013888888888888888,0.005555555555555556,0.0,0.004629629629629629,0.004629629629629629,0.009259259259259259,0.0,0.0,0.0,0.0,0.004629629629629629,0.024999999999999998,0.041666666666666664,0.027777777777777776,0.5055555555555556,3.0
0.0,0.0,0.0,0.0,0.0,0.0,0.0,0.005555555555555556,0.0,0.0,0.0,0.0,0.0,0.03333333333333333,0.0,0.0,0.0,0.005555555555555556,0.0,0.0,0.0,0.0,0.0,0.003472222222222222,0.01091269841269841,0.01994047619047619,0.048611111111111105,0.705952380952381,4.0
0.0,0.0,0.0,0.0,0.0,0.0,0.0,0.0,0.0,0.0,0.0,0.0,0.0,0.0,0.0,0.0,0.0,0.0,0.0,0.0,0.0,0.0,0.0,0.0,0.05787037037037036,0.03009259259259259,0.020833333333333332,0.8078703703703703,5.0
0.0,0.0,0.0,0.005555555555555556,0.027777777777777776,0.027777777777777776,0.0,0.0,0.0,0.0,0.0,0.0,0.0,0.0,0.0,0.006944444444444444,0.027777777777777776,0.0,0.0,0.0,0.0,0.006944444444444444,0.0,0.0,0.006944444444444444,0.021759259259259256,0.07175925925925924,0.5467592592592593,6.0
0.0,0.0,0.0,0.0,0.0,0.0,0.0,0.006944444444444444,0.0,0.0,0.0,0.0,0.0,0.020833333333333332,0.0,0.0,0.0,0.0,0.0,0.0,0.0,0.0,0.0,0.0,0.0,0.08333333333333333,0.037037037037037035,0.5185185185185185,7.0
0.0,0.0,0.0,0.0,0.0,0.0,0.027777777777777776,0.0,0.0,0.0,0.0,0.0,0.0,0.018518518518518517,0.0,0.0,0.0,0.0,0.0,0.037037037037037035,0.0,0.0,0.0,0.0,0.037037037037037035,0.06018518518518518,0.013888888888888888,0.638888888888889,8.0
0.0,0.0,0.0,0.0,0.0,0.0,0.0,0.0,0.0,0.0,0.0,0.0,0.013888888888888888,0.0,0.0,0.0,0.0,0.0,0.0,0.0,0.0,0.0,0.0,0.027777777777777776,0.037037037037037035,0.05555555555555555,0.08796296296296297,0.6944444444444445,9.0
0.0,0.0,0.004629629629629629,0.0,0.0,0.0,0.0,0.0,0.0,0.0,0.0,0.0,0.0,0.025462962962962965,0.009259259259259259,0.0,0.0,0.0,0.0,0.0,0.0,0.0,0.0,0.0,0.004629629629629629,0.060185185185185175,0.030092592592592587,0.6157407407407408,10.0
0.0,0.0,0.0,0.0,0.0,0.0,0.0,0.0,0.0,0.0,0.0,0.0,0.0,0.005555555555555556,0.004629629629629629,0.0,0.006944444444444444,0.006944444444444444,0.0,0.0,0.0,0.0,0.0,0.0,0.013888888888888888,0.004629629629629629,0.030092592592592587,0.7606481481481482,11.0
0.0,0.006944444444444444,0.0,0.0,0.0,0.0,0.0,0.0,0.0,0.0,0.0,0.0,0.0,0.030555555555555558,0.020833333333333332,0.0,0.0,0.0,0.0,0.03472222222222222,0.0,0.0,0.0,0.0,0.012499999999999999,0.02638888888888889,0.044444444444444446,0.6569444444444444,12.0
0.013888888888888888,0.0,0.009259259259259259,0.0,0.0,0.0,0.0,0.0,0.0,0.0,0.0,0.0,0.0,0.013888888888888888,0.0,0.013888888888888888,0.0,0.0,0.0,0.0,0.0,0.013888888888888888,0.0,0.0,0.0,0.032407407407407406,0.013888888888888888,0.7222222222222222,13.0
