gse,gsc,gig,isi,hhs,ggi,gjs,hos,sjs,sse,isc,jgs,ssi,ggs,scs,ssg,sso,sgs,ess,sis,oss,jss,hss,css,gss,iss,sss,TimeFactor
0.0,0.0,0.0,0.0,0.0,0.0,0.0,0.0,0.0,0.0,0.0,0.0,0.0,0.0,0.0017006802721088435,0.0021929824561403508,0.0025252525252525255,0.006062610229276896,0.007181118978816021,0.007551808921671936,0.021061720587298976,0.032646806942937236,0.03309533055329755,0.07946600600386518,0.1979011908140441,0.2025376402955038,0.40607685141978656,1.0
0.0,0.0,0.0,0.0,0.0,0.0,0.0,0.0,0.0,0.0014124293785310734,0.0016666666666666668,0.0023148148148148147,0.0032051282051282055,0.004166666666666667,0.0,0.0,0.0,0.0025252525252525255,0.007110926716189875,0.0,0.005710674992566161,0.08049857336423825,0.02251305234356082,0.05344500219001235,0.2704226170779783,0.15576661289915622,0.3892415821592381,2.0
0.0,0.0,0.0,0.0,0.0,0.0,0.0,0.0,0.0,0.0,0.0,0.0,0.0,0.0,0.0,0.0,0.0,0.0,0.00787037037037037,0.0,0.0035714285714285713,0.2692280365245145,0.0020325203252032522,0.03763373213609248,0.1496744698403883,0.13621567868339748,0.3104404302152717,3.0
0.0,0.0,0.0,0.0,0.0,0.0,0.0,0.0,0.0,0.0,0.0,0.0,0.0,0.0,0.0012437810945273632,0.0,0.0,0.0,0.027741476947061926,0.0,0.0012437810945273632,0.06995356793743891,0.016376451077943614,0.08080278331843088,0.13542298457440488,0.18353280820180196,0.31701569908719646,4.0
0.0,0.0,0.0,0.0,0.0,0.0,0.0,0.0,0.0,0.0,0.0,0.0,0.0,0.0,0.0,0.0,0.0,0.0,0.040824915824915826,0.0,0.0,0.11829257487152223,0.023519508813626463,0.019933225815578756,0.1701161698065723,0.10705160852219676,0.353595329678921,5.0
0.0,0.0,0.0,0.0,0.0,0.0,0.0,0.0,0.0,0.0,0.0,0.0,0.0,0.0,0.0,0.0,0.0,0.0010822510822510823,0.0021367521367521365,0.0,0.0010822510822510823,0.1090234765234765,0.026854838709677416,0.07016233766233766,0.1521158500997211,0.10188564124047994,0.3689899347963865,6.0
0.0,0.0,0.0,0.0,0.0,0.0,0.0,0.0,0.0,0.0,0.0,0.0,0.0,0.0,0.0,0.0,0.0,0.0,0.004857690202517789,0.0,0.0,0.12084221653187172,0.0289018217784098,0.06945340066937163,0.13484667457746707,0.10584657942492183,0.4519182834821069,7.0
0.0,0.0,0.0,0.0,0.0,0.0,0.0,0.0,0.0,0.0,0.0,0.0,0.0,0.0,0.0,0.0,0.0,0.0,0.0023148148148148147,0.0,0.0,0.21750031346787244,0.040980188184135555,0.06836107362423151,0.18045128709262104,0.1656989557965057,0.32469336701981893,8.0
0.0,0.0,0.0,0.0,0.0,0.0,0.0,0.002976190476190476,0.004629629629629629,0.0,0.0,0.0,0.0,0.0,0.0,0.0,0.0,0.0,0.00939153439153439,0.0,0.005555555555555556,0.16765873015873015,0.02242063492063492,0.015476190476190477,0.1501984126984127,0.15720899470899471,0.3811507936507937,9.0
0.0,0.0,0.0,0.0,0.0,0.0,0.0021929824561403508,0.0,0.0,0.0,0.0,0.0,0.0,0.0,0.0,0.0,0.0,0.0,0.0028735632183908046,0.0,0.0,0.10306355103415261,0.029647774181442915,0.013066520467836256,0.15402647995960952,0.16499558099990466,0.44680021434918943,10.0
0.0,0.0,0.0,0.0,0.0,0.0,0.0,0.0,0.0,0.0,0.0,0.0,0.0,0.0,0.0,0.0,0.0,0.0,0.011342592592592592,0.0,0.0,0.16086802263287314,0.017206817894362885,0.03977626233880733,0.19551649074359037,0.13505950027415992,0.35689698019028043,11.0
0.0,0.0,0.0,0.0,0.0,0.0021367521367521365,0.0,0.0,0.0,0.0,0.0,0.004629629629629629,0.0,0.0,0.0,0.0,0.0,0.004629629629629629,0.018605006105006105,0.0,0.003968253968253968,0.16686507936507936,0.025086487586487585,0.05026455026455027,0.13515211640211638,0.20867673992673993,0.29665242165242167,12.0
0.0020833333333333333,0.0020833333333333333,0.0020833333333333333,0.0043859649122807015,0.0043859649122807015,0.0,0.0,0.0,0.0,0.0,0.0,0.0,0.0,0.0,0.0,0.0,0.0,0.0,0.008938172043010752,0.0,0.006250000000000001,0.14038134382629472,0.010416666666666666,0.020280764635603344,0.17569022388447353,0.07941908007512938,0.46026848571092677,13.0
