cos,ogs,jcs,jjs,ocs,jgs,ggg,gsh,shs,sgi,ccs,iso,sos,igs,shh,ssh,iii,isi,csi,ess,gii,ggi,ssi,sjs,his,sig,gis,isg,ish,jss,iis,jsi,sii,ssg,sgg,gsi,jso,soi,scc,oss,gsg,ggs,scs,sco,css,sgs,csc,sis,hss,iss,gss,sss,TimeFactor
0.0,0.0,0.0,0.0,0.0,0.0,0.0,0.0,0.0,0.0,0.0,0.0,0.0,0.0,0.0,0.0,0.0,0.0,0.0,0.0,0.0,0.0,0.0,0.0,0.0,0.0,0.0,0.0,0.0,0.0,0.0,0.0,0.0,0.0,0.0,0.0,0.005208333333333333,0.005208333333333333,0.005208333333333333,0.006944444444444444,0.008333333333333333,0.008333333333333333,0.008333333333333333,0.010416666666666666,0.013541666666666667,0.015277777777777779,0.015625,0.04513888888888889,0.05555555555555555,0.08680555555555554,0.121875,0.4215277777777777,1.0
0.0,0.0,0.0,0.0,0.0,0.0,0.0,0.0,0.0,0.0,0.0,0.0,0.0,0.0,0.0,0.0,0.0,0.0,0.0,0.0,0.0,0.0,0.0,0.0,0.0,0.0,0.0,0.0,0.0,0.0,0.0024509803921568627,0.003472222222222222,0.003472222222222222,0.003472222222222222,0.008101851851851851,0.013888888888888888,0.0,0.0,0.0024509803921568627,0.0,0.004629629629629629,0.013888888888888888,0.041666666666666664,0.0,0.041666666666666664,0.0,0.0024509803921568627,0.0024509803921568627,0.03819444444444444,0.027165032679738563,0.05044934640522875,0.49012799564270154,2.0
0.0,0.0,0.0,0.0,0.0,0.0,0.0,0.0,0.0,0.0,0.0,0.0,0.0,0.0,0.0,0.0,0.0,0.0,0.0,0.0,0.0,0.0,0.0,0.0,0.003787878787878788,0.013888888888888888,0.013888888888888888,0.013888888888888888,0.020833333333333332,0.024621212121212124,0.020833333333333332,0.0,0.0,0.02601010101010101,0.022222222222222223,0.013888888888888888,0.0,0.0,0.0,0.04861111111111111,0.0,0.0,0.0,0.0,0.0,0.0,0.0,0.0,0.0,0.02525252525252525,0.06856060606060606,0.3503787878787879,3.0
0.0,0.0,0.0,0.0,0.0,0.0,0.0,0.0,0.0,0.0,0.0,0.0,0.0,0.0,0.0,0.0,0.0,0.0,0.0,0.0,0.004629629629629629,0.004629629629629629,0.007080610021786493,0.041666666666666664,0.0,0.0,0.0,0.004629629629629629,0.0,0.041666666666666664,0.004629629629629629,0.0,0.007080610021786493,0.0,0.014161220043572986,0.004629629629629629,0.0,0.0,0.0,0.0,0.016476034858387802,0.009531590413943355,0.041666666666666664,0.0,0.041666666666666664,0.021377995642701524,0.0,0.004629629629629629,0.0024509803921568627,0.0775462962962963,0.15182461873638345,0.2480255991285403,4.0
0.0,0.0,0.0,0.0,0.0,0.0,0.0,0.0,0.0,0.0,0.0,0.0,0.0,0.0,0.0,0.0,0.004166666666666667,0.004166666666666667,0.008333333333333333,0.013888888888888888,0.004166666666666667,0.004166666666666667,0.020833333333333332,0.0,0.0,0.0,0.0066919191919191925,0.0012626262626262627,0.0,0.0,0.008333333333333333,0.0,0.029166666666666664,0.0,0.007575757575757576,0.0,0.0,0.0,0.0,0.0,0.006313131313131313,0.007575757575757576,0.0025252525252525255,0.0,0.0066919191919191925,0.005050505050505051,0.0,0.004166666666666667,0.0,0.03295454545454545,0.0832972582972583,0.322005772005772,5.0
0.0,0.0,0.0,0.0,0.0,0.0,0.0,0.0,0.0,0.0,0.0,0.0,0.0,0.0020833333333333333,0.0032051282051282055,0.0032051282051282055,0.0,0.005952380952380952,0.0,0.0,0.0,0.0,0.027243589743589744,0.0032051282051282055,0.0,0.0,0.0,0.0,0.0,0.04487179487179487,0.009157509157509158,0.0,0.04056776556776557,0.0,0.0062499999999999995,0.013324175824175824,0.0,0.0,0.0,0.0032051282051282055,0.0062499999999999995,0.004166666666666667,0.0,0.0,0.041666666666666664,0.026121794871794873,0.0,0.006410256410256411,0.0032051282051282055,0.061401098901098905,0.07667124542124541,0.44516941391941395,6.0
0.0,0.0,0.0,0.0,0.0,0.0,0.0,0.0,0.0,0.0,0.0,0.0020833333333333333,0.0020833333333333333,0.0,0.0,0.0020833333333333333,0.004629629629629629,0.0,0.0,0.0,0.0,0.0,0.013123219373219372,0.0,0.0,0.0,0.0032051282051282055,0.0,0.0,0.0,0.007834757834757835,0.0,0.009918091168091168,0.0032051282051282055,0.006410256410256411,0.0,0.0,0.0,0.0032051282051282055,0.011342592592592592,0.0032051282051282055,0.0,0.0,0.0,0.043750000000000004,0.004166666666666667,0.0032051282051282055,0.0,0.0020833333333333333,0.06502849002849002,0.09293091168091168,0.38317307692307695,7.0
0.0,0.0,0.0,0.0,0.0,0.0,0.002777777777777778,0.002976190476190476,0.003787878787878788,0.004629629629629629,0.013888888888888888,0.0,0.003787878787878788,0.0,0.002976190476190476,0.0,0.004629629629629629,0.004629629629629629,0.0,0.0,0.004629629629629629,0.004629629629629629,0.017676767676767676,0.0,0.0,0.0,0.004629629629629629,0.004629629629629629,0.0,0.0,0.004629629629629629,0.0,0.017676767676767676,0.003787878787878788,0.003787878787878788,0.004629629629629629,0.0,0.0,0.0,0.02528258778258778,0.0,0.002777777777777778,0.0,0.0,0.017676767676767676,0.011363636363636362,0.0,0.004629629629629629,0.022306397306397305,0.0885942760942761,0.052302789802789795,0.3269420394420394,8.0
0.0,0.0,0.0,0.002777777777777778,0.020833333333333332,0.024999999999999998,0.0,0.0,0.0,0.004166666666666667,0.0,0.0,0.0,0.0,0.0,0.0,0.0,0.007954545454545455,0.0,0.0,0.0,0.004166666666666667,0.0,0.002777777777777778,0.0,0.0,0.008333333333333333,0.004166666666666667,0.0,0.005555555555555556,0.041666666666666664,0.0,0.007954545454545455,0.0,0.0,0.006944444444444445,0.0,0.0,0.0,0.0,0.0,0.004166666666666667,0.0,0.0,0.020833333333333332,0.012716450216450216,0.0,0.011327561327561327,0.001984126984126984,0.07186147186147186,0.12265512265512267,0.3621572871572872,9.0
0.0,0.0,0.0,0.0,0.0,0.0,0.0,0.0,0.0,0.0,0.0,0.0,0.0,0.0,0.0,0.0,0.0,0.008333333333333333,0.0,0.0,0.008333333333333333,0.0,0.008333333333333333,0.08333333333333333,0.0,0.0,0.008333333333333333,0.0,0.0,0.10648148148148147,0.008333333333333333,0.0,0.008333333333333333,0.0,0.0,0.008333333333333333,0.0,0.0,0.0,0.0,0.0,0.0,0.0,0.0,0.006102693602693603,0.006944444444444444,0.0,0.015277777777777779,0.041666666666666664,0.022222222222222223,0.07302188552188553,0.2532828282828283,10.0
0.0,0.0,0.0,0.0,0.0,0.0,0.010416666666666666,0.0,0.0,0.0,0.0,0.0,0.0,0.0,0.0,0.0,0.010416666666666666,0.0,0.0,0.0,0.0,0.0,0.0,0.0,0.0,0.0,0.0,0.0,0.0,0.041666666666666664,0.010416666666666666,0.0,0.0,0.009837962962962963,0.008996212121212122,0.0,0.0,0.0,0.0,0.009259259259259259,0.003787878787878788,0.010416666666666666,0.003787878787878788,0.0,0.003787878787878788,0.020833333333333332,0.0,0.0,0.0,0.09611742424242424,0.09901094276094276,0.4112478956228956,11.0
0.0,0.002976190476190476,0.013888888888888888,0.0,0.0,0.0,0.0,0.0,0.0,0.0,0.0,0.0,0.0,0.0,0.002976190476190476,0.002976190476190476,0.0,0.0,0.0,0.0,0.0,0.0,0.005665204678362572,0.002976190476190476,0.0,0.0,0.0,0.0,0.0,0.005952380952380952,0.0,0.0,0.005665204678362572,0.003472222222222222,0.003472222222222222,0.0,0.0,0.0,0.0,0.0,0.0,0.0,0.013888888888888888,0.0,0.027777777777777776,0.002976190476190476,0.0,0.0,0.0,0.08424707602339182,0.10228696741854637,0.5521355472013366,12.0
0.004629629629629629,0.0,0.0,0.0,0.0,0.0,0.0,0.0,0.0,0.0,0.0,0.0,0.0,0.0,0.0,0.0,0.0,0.0,0.0,0.0,0.0,0.0,0.0,0.0,0.0,0.0,0.0,0.0,0.0,0.0,0.0,0.0,0.0,0.0,0.041666666666666664,0.0,0.0,0.0,0.0,0.009837962962962963,0.0,0.041666666666666664,0.0,0.0,0.0,0.004629629629629629,0.0,0.0,0.0,0.04549501424501425,0.08698361823361823,0.5984241452991453,13.0
