gis,scc,ssc,jjs,ess,isi,ssi,sii,isg,ssg,ssj,jos,ish,shh,scs,gsg,sgg,jsi,sgs,sis,shs,jss,hss,ggs,gos,gss,css,sos,oss,iss,sss,TimeFactor
0.0,0.0,0.0,0.0,0.0,0.0,0.0,0.0,0.0,0.0,0.0,0.0,0.0,0.0,0.0,0.0,0.0,0.0,0.0,0.0,0.0,0.0,0.0,0.0,0.0,0.0,0.013888888888888888,0.041666666666666664,0.052083333333333336,0.09027777777777778,0.3854166666666667,1.0
0.0,0.0,0.0,0.0,0.0,0.0,0.0,0.0,0.0,0.0,0.0,0.0,0.0,0.0,0.0,0.0,0.0,0.0,0.0,0.0,0.020833333333333332,0.020833333333333332,0.020833333333333332,0.020833333333333332,0.041666666666666664,0.16319444444444445,0.048611111111111105,0.0,0.041666666666666664,0.013888888888888888,0.35763888888888884,2.0
0.0,0.0,0.0,0.0,0.0,0.0,0.0,0.0,0.0,0.0,0.0,0.0,0.0,0.0,0.0,0.0,0.0,0.020833333333333332,0.020833333333333332,0.029166666666666664,0.0,0.0,0.0,0.0,0.0,0.13194444444444445,0.008333333333333333,0.0,0.008333333333333333,0.0375,0.24305555555555555,3.0
0.0,0.0,0.0,0.0,0.0,0.0,0.0,0.0,0.0,0.0,0.0,0.0,0.006944444444444444,0.006944444444444444,0.013888888888888888,0.041666666666666664,0.041666666666666664,0.0,0.0,0.0,0.0,0.0,0.0,0.006944444444444444,0.0,0.1388888888888889,0.020833333333333332,0.0,0.0,0.04861111111111111,0.42361111111111116,4.0
0.0,0.0,0.0,0.0,0.0,0.0,0.0,0.0,0.0,0.020833333333333332,0.020833333333333332,0.041666666666666664,0.0,0.0,0.0,0.013888888888888888,0.013888888888888888,0.0,0.03472222222222222,0.03472222222222222,0.0,0.0,0.0,0.0,0.0,0.09166666666666666,0.0,0.0,0.041666666666666664,0.08472222222222221,0.26805555555555555,5.0
0.0,0.0,0.0,0.0,0.0,0.0,0.0,0.0,0.005208333333333333,0.0,0.0,0.0,0.0,0.0,0.0,0.0,0.005208333333333333,0.0,0.005208333333333333,0.0,0.0,0.0,0.015625,0.0,0.0,0.08333333333333333,0.0,0.0,0.0,0.078125,0.3072916666666667,6.0
0.0,0.0,0.0,0.0,0.010416666666666666,0.010416666666666666,0.041666666666666664,0.07291666666666667,0.0,0.0,0.0,0.0,0.0,0.0,0.041666666666666664,0.024305555555555552,0.024305555555555552,0.020833333333333332,0.0,0.0,0.0,0.0,0.013888888888888888,0.0,0.0,0.052083333333333336,0.05555555555555555,0.0,0.020833333333333332,0.0,0.27777777777777773,7.0
0.0,0.0,0.0,0.013888888888888888,0.0,0.0,0.0,0.0,0.0,0.0,0.0,0.0,0.0,0.0,0.0,0.0,0.0,0.0,0.0,0.020833333333333332,0.0,0.013888888888888888,0.010416666666666666,0.008333333333333333,0.0,0.10277777777777779,0.0,0.0,0.010416666666666666,0.11597222222222224,0.28680555555555554,8.0
0.008333333333333333,0.020833333333333332,0.020833333333333332,0.0,0.0,0.0,0.0,0.0,0.0,0.0,0.0,0.0,0.0,0.0,0.0,0.008333333333333333,0.008333333333333333,0.0,0.0,0.0,0.0,0.005952380952380952,0.0,0.008333333333333333,0.0,0.06190476190476191,0.020833333333333332,0.0,0.0,0.07023809523809524,0.43273809523809526,9.0
0.0,0.0,0.0,0.0,0.0,0.0,0.0,0.0,0.0,0.0,0.0,0.0,0.0,0.0,0.0,0.0,0.0,0.0,0.041666666666666664,0.008333333333333333,0.0,0.0,0.0,0.016666666666666666,0.0,0.14166666666666666,0.0,0.0,0.041666666666666664,0.05833333333333333,0.19166666666666665,10.0
0.0,0.0,0.0,0.0,0.0,0.0,0.0,0.0,0.0,0.0,0.0,0.0,0.0,0.0,0.0,0.0,0.0,0.0,0.0,0.0,0.0,0.0,0.0,0.0,0.0,0.03472222222222222,0.010416666666666666,0.0,0.0,0.1076388888888889,0.2638888888888889,11.0
0.0,0.0,0.0,0.0,0.0,0.0,0.0,0.0,0.0,0.0,0.0,0.0,0.0,0.0,0.0,0.0,0.0,0.0,0.008333333333333333,0.016666666666666666,0.0,0.0,0.010416666666666666,0.0,0.0,0.06666666666666667,0.0,0.0,0.010416666666666666,0.05833333333333333,0.24583333333333335,12.0
0.0,0.0,0.0,0.0,0.0,0.0,0.0,0.0,0.0,0.0,0.0,0.0,0.0,0.0,0.0,0.0,0.0,0.0,0.020833333333333332,0.006944444444444444,0.0,0.013888888888888888,0.0,0.0,0.0,0.020833333333333332,0.0,0.0,0.020833333333333332,0.027777777777777776,0.3055555555555555,13.0
