gis,soe,gse,ggs,shs,jci,esg,jis,csc,gii,jgs,isg,ssj,gsg,sos,ssi,ssc,scs,esc,ses,igs,ssg,gsi,eos,gsh,iis,ess,sgs,sis,oss,hss,css,jss,iss,gss,sss,TimeFactor
0.0,0.0,0.0,0.0,0.0,0.0,0.0,0.0,0.0,0.0,0.0,0.0,0.0,0.0,0.0,0.0,0.0016025641025641027,0.0016025641025641027,0.0016339869281045752,0.0016339869281045752,0.0016339869281045752,0.0016339869281045752,0.0016339869281045752,0.001937984496124031,0.0021929824561403508,0.0021929824561403508,0.0021929824561403508,0.007143942848457212,0.007146317829457364,0.009591923264613883,0.018162862788534555,0.06425015145480222,0.08626466997674571,0.1447194207197501,0.2040994941552149,0.4387292222522278,1.0
0.0,0.0,0.0,0.0,0.0,0.0,0.0,0.0,0.0,0.0,0.0,0.0,0.0,0.0013227513227513227,0.0016666666666666668,0.0016666666666666668,0.0,0.0,0.0,0.0,0.0,0.001366120218579235,0.001937984496124031,0.0,0.0,0.0,0.00423968343697004,0.003459503459503459,0.0,0.001366120218579235,0.02705414774380292,0.02964128579870529,0.10797299925657633,0.11778057800826262,0.24000035947722106,0.46052513322959115,2.0
0.0,0.0,0.0,0.0,0.0,0.0,0.0,0.0,0.0,0.0,0.0,0.0,0.0020833333333333333,0.0,0.0,0.0,0.0,0.0,0.0,0.0,0.0,0.004787100025195262,0.0020833333333333333,0.0,0.0,0.0023809523809523807,0.0017006802721088435,0.0053854875283446705,0.0017006802721088435,0.0023809523809523807,0.02735901477036229,0.03409287928664828,0.12862695720215309,0.14939506694946078,0.1980886861014437,0.4399348761636028,3.0
0.0,0.0,0.0,0.0,0.0,0.0,0.0,0.0,0.0,0.0,0.0,0.0018115942028985507,0.0,0.0,0.0,0.0018115942028985507,0.0,0.0,0.0,0.0,0.0,0.0,0.0018115942028985507,0.0,0.0,0.0,0.0,0.0,0.0022522522522522522,0.009665367121507472,0.018434684697759,0.05379630635173826,0.10878900143147345,0.14706084394012148,0.19303566003721695,0.46153110155923555,4.0
0.0,0.0,0.0,0.0,0.0,0.0,0.0,0.0,0.0,0.0,0.001937984496124031,0.0,0.0,0.0,0.0,0.0,0.0,0.0,0.0,0.0,0.0,0.0,0.0,0.0,0.0,0.0015432098765432098,0.0,0.001937984496124031,0.0,0.004409171075837742,0.017744862803002335,0.01763668430335097,0.10434861399008687,0.15835756799904088,0.24356232430360336,0.4485215966562865,5.0
0.0,0.0,0.0,0.0,0.0,0.0,0.0,0.0,0.0015151515151515152,0.0026041666666666665,0.0,0.0,0.0,0.0,0.0,0.0,0.0,0.0,0.0,0.0,0.0020325203252032522,0.0,0.0,0.0,0.0,0.0,0.0020325203252032522,0.0,0.004871794871794872,0.00472027972027972,0.0291023297501956,0.04780352438889024,0.14495844461545682,0.14958896455847676,0.19811856503929678,0.4126517382233845,6.0
0.0,0.0,0.0,0.0,0.0,0.0,0.0,0.0,0.0,0.0,0.0,0.0,0.0,0.0,0.0,0.0,0.0,0.0,0.0,0.0,0.001851851851851852,0.0,0.0,0.0,0.0,0.0,0.0,0.0,0.004044834307992203,0.012475633528265107,0.011350480915698307,0.029558505874295343,0.16013441185781005,0.09106759476467714,0.20593533576943188,0.4002480177966448,7.0
0.0,0.0,0.0,0.0016339869281045752,0.0016666666666666668,0.0030864197530864196,0.0030864197530864196,0.003968253968253968,0.0,0.0,0.0,0.0,0.0,0.0016339869281045752,0.0,0.0,0.0,0.0,0.0,0.0,0.0030864197530864196,0.0030864197530864196,0.0,0.0,0.0,0.0,0.015364265364265363,0.0028735632183908046,0.004753086419753087,0.005031080031080031,0.010666000666000666,0.03677258290003388,0.17274124386869485,0.17711679982302023,0.15207978665213281,0.4013530175531528,8.0
0.0,0.0,0.0,0.0,0.006944444444444444,0.0,0.0,0.0,0.0,0.0,0.0033333333333333335,0.0,0.0,0.0,0.0,0.0,0.0,0.0,0.0,0.0,0.0,0.0,0.0,0.0,0.0,0.0010162601626016261,0.0043473351400180665,0.0023148148148148147,0.0023148148148148147,0.0,0.02268817204301075,0.05433177642068279,0.1626536278070503,0.09733768693642808,0.15608609322023956,0.48663164086256133,9.0
0.0,0.0,0.0017730496453900709,0.0,0.0026881720430107525,0.0,0.0,0.0,0.0,0.0,0.0,0.0,0.0,0.0,0.0,0.0020833333333333333,0.0,0.0,0.0,0.0,0.0,0.0,0.0,0.0,0.0,0.0,0.0,0.006944444444444444,0.0023148148148148147,0.009101654846335697,0.009548441403280114,0.028077123821804672,0.15878651563501314,0.12826758691829115,0.15266536700655345,0.33108282942106165,10.0
0.003472222222222222,0.004166666666666667,0.0,0.0,0.0,0.0,0.0,0.0,0.0,0.0,0.0,0.0,0.0,0.0,0.0,0.0,0.0,0.0021929824561403508,0.0,0.0,0.0,0.0,0.0,0.0,0.0,0.0,0.0015432098765432098,0.001736111111111111,0.0,0.0,0.01395224171539961,0.02470394736842105,0.16110281490763947,0.14974467418546367,0.15340376403972897,0.48398136545066367,11.0
0.0,0.0,0.0,0.0,0.0,0.0,0.0,0.0,0.0,0.0,0.001366120218579235,0.0,0.0,0.0,0.0,0.001984126984126984,0.0,0.0,0.0,0.0,0.0,0.0,0.0,0.0,0.0,0.0,0.0011111111111111111,0.001984126984126984,0.0,0.004342310694769712,0.019262107005341377,0.06954142338832987,0.19497769541487098,0.11564975222736461,0.17613541065187843,0.4136458153195006,12.0
0.0,0.0,0.0,0.0,0.0,0.0,0.0,0.0,0.0,0.0,0.0,0.0,0.0,0.0,0.0,0.0017006802721088435,0.0,0.0,0.0,0.0,0.006410256410256411,0.0,0.0,0.0,0.0,0.0,0.001937984496124031,0.0,0.0,0.04278423501979391,0.01737981487853166,0.05997866887678155,0.12369611073408991,0.11688605788426683,0.15860188190154106,0.4706243095265057,13.0
