ssi,shi,isg,jsi,gis,ghs,gsj,osj,jhs,ssg,hsi,jis,isi,ccs,oge,cis,igs,scs,sso,gco,ggi,gsi,sgs,sis,shs,cso,shg,ies,ggs,iis,ess,hss,oss,css,iss,jss,gss,sss,TimeFactor
0.0,0.0,0.0,0.0,0.0,0.0,0.0,0.0,0.0,0.0,0.0,0.0,0.0,0.0,0.0,0.0,0.0,0.0,0.0,0.0,0.0,0.001984126984126984,0.0030864197530864196,0.0030864197530864196,0.003556454028152141,0.003787878787878788,0.0043859649122807015,0.007575757575757576,0.007575757575757576,0.007575757575757576,0.00835421888053467,0.012029212500910614,0.024458441125107793,0.0809307252620725,0.12326200234177727,0.18355632532229682,0.21221166327919053,0.3125828743422255,1.0
0.0,0.0,0.0,0.0,0.0,0.0,0.0,0.0,0.0,0.0,0.0,0.0,0.0,0.0,0.0,0.001984126984126984,0.001984126984126984,0.001984126984126984,0.0021367521367521365,0.011904761904761904,0.020833333333333332,0.0,0.004629629629629629,0.011904761904761904,0.0,0.0,0.0,0.0,0.0,0.0,0.003968253968253968,0.04829452548750795,0.007211842738158527,0.05715087381754049,0.12947823781157114,0.24207061619342318,0.1752310879503862,0.27923294217153866,2.0
0.0,0.0,0.0,0.0,0.0,0.0,0.0,0.0,0.0,0.0,0.0,0.0,0.0,0.0018115942028985507,0.0026881720430107525,0.0,0.0,0.0,0.0,0.0,0.0,0.0,0.0026881720430107525,0.0,0.0,0.0,0.0,0.0,0.0,0.0,0.0,0.022803658820126912,0.007171672760370867,0.10054308839124197,0.08957428928109223,0.19144742389868516,0.17959614032405458,0.40167578823550826,3.0
0.0,0.0,0.0,0.0,0.0,0.0,0.0,0.0,0.0,0.0,0.0,0.0,0.0,0.0,0.0,0.0,0.0,0.0,0.0,0.0,0.0,0.0,0.0,0.0,0.0,0.0,0.0,0.0,0.0,0.0,0.0029635258358662615,0.014323659571355422,0.005376344086021505,0.017997943677705883,0.09264254840049811,0.27628025336672596,0.13968844042812853,0.45072728463369843,4.0
0.0,0.0,0.0,0.0,0.0,0.0,0.0,0.0,0.0010288065843621398,0.001851851851851852,0.0021929824561403508,0.0021929824561403508,0.0023809523809523807,0.0,0.0,0.0,0.0,0.001851851851851852,0.0,0.0,0.0,0.0,0.0,0.0021929824561403508,0.0,0.0,0.0,0.0,0.0,0.0,0.002880658436213992,0.018677248677248678,0.010416666666666666,0.03953540766810643,0.17163099253913613,0.26465707708988784,0.14102104486327452,0.3374884940220264,5.0
0.0,0.0,0.0,0.0,0.0,0.0,0.0,0.001572327044025157,0.001388888888888889,0.0008771929824561404,0.0,0.0,0.0,0.0,0.0,0.0,0.003472222222222222,0.0,0.0,0.0,0.0,0.0,0.0,0.006410256410256411,0.0,0.0,0.0,0.0,0.0,0.0008771929824561404,0.001388888888888889,0.01873642631659683,0.004203905991393578,0.04115150873809773,0.13185951677398744,0.1888678426836322,0.16574849730376898,0.4334453327733295,6.0
0.0,0.0,0.0,0.0,0.0,0.0,0.0,0.0,0.0,0.0,0.0,0.0,0.0,0.0,0.0,0.0008169934640522876,0.0,0.0,0.0,0.0,0.0,0.0,0.0017730496453900709,0.002976190476190476,0.0,0.0,0.0,0.0,0.0,0.0017730496453900709,0.0,0.02328172648369693,0.0,0.06186331700284254,0.11088414374472377,0.20035341655244843,0.1486376631642304,0.44764044982103507,7.0
0.0,0.0,0.0,0.0,0.0,0.0,0.004629629629629629,0.0,0.0,0.0,0.0,0.0,0.0,0.0,0.0,0.0,0.0,0.0,0.0,0.0,0.0,0.0,0.011926096603515957,0.010416666666666666,0.0,0.0,0.0,0.0,0.0,0.0,0.001851851851851852,0.028066378066378062,0.022005772005772004,0.05036130669619634,0.09223626356743929,0.15006041598783534,0.1798573162908901,0.44858830263382465,8.0
0.0,0.0,0.0,0.0,0.0,0.0036231884057971015,0.0,0.0,0.0,0.0,0.0,0.0,0.0,0.000992063492063492,0.0,0.0,0.0,0.0,0.0,0.0,0.0,0.0,0.0016025641025641027,0.0,0.0,0.0,0.0,0.0,0.0,0.0,0.0,0.0159539778183846,0.0014124293785310734,0.03338573150013828,0.17469022459949135,0.1824639674262003,0.14187843916058726,0.4439974141162424,9.0
0.0,0.0,0.0,0.0,0.001984126984126984,0.0,0.0,0.0,0.0,0.0,0.0,0.0,0.0,0.0,0.0,0.0,0.0,0.0,0.0,0.0,0.0,0.0,0.008252207987019944,0.0,0.0,0.0,0.0,0.0,0.0,0.0,0.0,0.022531702005745724,0.0,0.039158121022875116,0.14494091464327877,0.137950645783836,0.14416415929418572,0.5010181222789317,10.0
0.0,0.0,0.0,0.001984126984126984,0.0,0.0,0.0,0.0,0.0,0.0,0.0,0.0,0.0,0.0,0.0,0.0,0.0,0.0,0.0,0.0,0.0,0.0,0.0013227513227513227,0.0,0.0,0.0,0.0,0.0,0.0,0.0,0.003134345525649873,0.00573851219231654,0.008898508898508899,0.03060313277704582,0.1838452725349212,0.13638905272815788,0.17906915646425256,0.44901514057226893,11.0
0.0010964912280701754,0.0014124293785310734,0.0014367816091954023,0.0,0.0014367816091954023,0.0,0.0,0.0,0.0,0.0,0.0,0.0,0.0014367816091954023,0.0,0.0,0.0,0.0,0.0,0.0,0.0,0.0,0.0014367816091954023,0.0022522522522522522,0.0,0.0,0.0,0.0,0.0,0.0,0.0,0.0028735632183908046,0.023357963875205254,0.0021929824561403508,0.04998574643519121,0.06565000276357132,0.1914845606200308,0.1007961664256844,0.5531507149101508,12.0
0.0,0.0,0.0,0.0,0.0,0.0,0.0,0.0,0.0,0.0,0.0,0.0,0.0,0.0,0.0,0.0,0.0,0.0,0.0,0.0,0.0,0.0,0.0,0.0,0.0,0.0,0.0,0.0,0.0,0.0,0.0242594130675526,0.03956414777253211,0.029265873015873013,0.04338176008877643,0.07273482369041774,0.18138910766034289,0.1724066468027847,0.43699822790172044,13.0
