ge,go,gc,oh,es,cc,co,so,eo,oo,hi,ih,oi,ij,og,hh,sh,ii,ee,se,hg,si,ig,sc,jj,sj,gg,hs,sg,js,os,gi,is,cs,gs,ss,TimeFactor
0.0,0.0,0.0,0.0,0.0,0.0,0.0,0.0,0.0,0.0,0.0,0.0,0.0,0.0023148148148148147,0.0026041666666666665,0.0026041666666666665,0.0026041666666666665,0.002976190476190476,0.004166666666666667,0.004166666666666667,0.005208333333333333,0.005291005291005291,0.00818452380952381,0.00818452380952381,0.00818452380952381,0.00818452380952381,0.009424603174603174,0.010788690476190474,0.010788690476190474,0.013425925925925924,0.01678240740740741,0.018601190476190476,0.0304646164021164,0.03239914021164021,0.11274801587301586,0.6799024470899471,1.0
0.0,0.0,0.0,0.0,0.0,0.0,0.0,0.0026041666666666665,0.002976190476190476,0.002976190476190476,0.003472222222222222,0.003472222222222222,0.003472222222222222,0.0,0.0012254901960784314,0.0026041666666666665,0.0026041666666666665,0.003472222222222222,0.006944444444444444,0.00992063492063492,0.0,0.0026041666666666665,0.0,0.0,0.006944444444444444,0.006944444444444444,0.01736111111111111,0.0,0.019965277777777776,0.0,0.014756944444444442,0.0,0.0683094070961718,0.014756944444444442,0.10730042016806723,0.6953125,2.0
0.0,0.0,0.0,0.0,0.0,0.004166666666666667,0.020833333333333332,0.0,0.0,0.0,0.0,0.0,0.0,0.0,0.0,0.0,0.0,0.004166666666666667,0.0,0.0,0.0,0.012351190476190476,0.0,0.004166666666666667,0.0,0.0,0.0067708333333333336,0.0026041666666666665,0.017981150793650792,0.006944444444444444,0.03263888888888889,0.0,0.0630952380952381,0.010937500000000001,0.06656746031746032,0.7467757936507938,3.0
0.0,0.0,0.0013020833333333333,0.002976190476190476,0.002976190476190476,0.0,0.0,0.005580357142857143,0.0,0.0,0.0,0.0,0.002976190476190476,0.0,0.0,0.0,0.0,0.017187499999999998,0.0,0.0,0.0,0.011111111111111112,0.010416666666666666,0.0,0.0,0.0,0.004166666666666667,0.005952380952380952,0.017187499999999998,0.006944444444444444,0.00992063492063492,0.0026041666666666665,0.04410962301587301,0.00390625,0.07752976190476189,0.6898189484126984,4.0
0.0,0.0,0.0,0.0,0.0,0.0,0.0,0.0,0.0,0.0,0.0,0.0,0.0,0.0,0.0,0.0,0.0,0.0,0.0,0.0,0.0,0.00992063492063492,0.0,0.0,0.0,0.0,0.0,0.0,0.0,0.01736111111111111,0.006944444444444444,0.0,0.01512896825396825,0.003472222222222222,0.06981646825396824,0.7940228174603176,5.0
0.0,0.0,0.0,0.0,0.0,0.0,0.0,0.0,0.0,0.0,0.0,0.0,0.0,0.0,0.0,0.0,0.0,0.001736111111111111,0.0,0.0,0.0,0.003472222222222222,0.0,0.0,0.0,0.0,0.0,0.0,0.013888888888888888,0.027777777777777776,0.010416666666666666,0.0,0.027430555555555555,0.0,0.08888888888888889,0.7430555555555555,6.0
0.0,0.0,0.0,0.0,0.0,0.0,0.0,0.006944444444444444,0.0,0.006944444444444444,0.0,0.0,0.0,0.0,0.0,0.0,0.010416666666666666,0.0,0.0,0.0,0.0,0.0,0.0,0.0,0.0,0.0,0.00954861111111111,0.010416666666666666,0.008246527777777778,0.0,0.03125,0.0,0.03512731481481481,0.0013020833333333333,0.024334490740740743,0.85546875,7.0
0.0,0.0,0.0,0.0,0.004166666666666667,0.0,0.0,0.0,0.0,0.0,0.0,0.0,0.0,0.0,0.0,0.0,0.0,0.0,0.0,0.0,0.0,0.000946969696969697,0.001893939393939394,0.0,0.0,0.0,0.008049242424242424,0.01840277777777778,0.008049242424242424,0.0020833333333333333,0.005208333333333333,0.000946969696969697,0.05738636363636363,0.005208333333333333,0.035416666666666666,0.685574494949495,8.0
0.0,0.006944444444444444,0.0,0.0,0.0,0.0,0.0,0.0,0.0,0.0,0.0,0.0,0.0,0.0,0.0,0.0,0.0,0.00784313725490196,0.0,0.0,0.0,0.014787581699346403,0.002976190476190476,0.0,0.0,0.0,0.0024509803921568627,0.0024509803921568627,0.00665266106442577,0.032475490196078434,0.006944444444444444,0.0012254901960784314,0.02877130018674136,0.012524801587301586,0.08307802287581699,0.7908744747899159,9.0
0.000744047619047619,0.0,0.0,0.0,0.0,0.0,0.0,0.0,0.0,0.0,0.0,0.0,0.0,0.0,0.0,0.0,0.0,0.0,0.000744047619047619,0.0,0.0,0.007688492063492063,0.000744047619047619,0.0,0.010416666666666666,0.010416666666666666,0.001488095238095238,0.001488095238095238,0.002976190476190476,0.018055555555555557,0.0,0.0,0.044543650793650795,0.004910714285714286,0.05024801587301587,0.8455357142857144,10.0
0.0,0.0,0.001736111111111111,0.0,0.0,0.004166666666666667,0.0,0.0,0.0,0.0,0.0,0.0,0.0,0.0,0.0,0.0,0.0,0.0023148148148148147,0.0,0.0,0.0,0.0023148148148148147,0.0,0.004166666666666667,0.0,0.0,0.0011574074074074073,0.008101851851851851,0.00882523148148148,0.012847222222222223,0.0013020833333333333,0.006944444444444444,0.019965277777777776,0.009259259259259259,0.049768518518518524,0.7837962962962962,11.0
0.0016025641025641027,0.0,0.0,0.0,0.0,0.0,0.0,0.0,0.0,0.0,0.0,0.0,0.0,0.0,0.0,0.0,0.0,0.0,0.0016025641025641027,0.0,0.0,0.0016025641025641027,0.0,0.0,0.0,0.005208333333333333,0.0016025641025641027,0.0,0.004807692307692308,0.022569444444444444,0.0016025641025641027,0.0,0.026642628205128204,0.0,0.04555860805860806,0.8038671398046399,12.0
0.0,0.0,0.0,0.0,0.001893939393939394,0.0,0.0,0.0,0.0,0.0,0.0,0.0,0.0,0.0,0.0,0.0,0.0,0.0,0.0,0.0,0.0,0.0,0.0,0.0026041666666666665,0.0,0.0,0.0,0.0,0.0026041666666666665,0.0,0.013020833333333334,0.0026041666666666665,0.03399621212121212,0.00954861111111111,0.04195075757575758,0.8917771464646465,13.0
