cs,js,sc,se,es,cc,sh,hi,ih,so,os,ig,gi,sj,eh,hs,jj,sg,ii,si,gg,is,gs,ss,TimeFactor
0.0,0.0,0.0,0.0,0.0,0.0,0.0,0.0,0.0,0.0,0.0,0.0025252525252525255,0.006944444444444445,0.007575757575757576,0.011904761904761904,0.011904761904761904,0.015151515151515152,0.01957070707070707,0.024531024531024532,0.030122655122655124,0.03156565656565657,0.039935064935064934,0.04823232323232324,0.500036075036075,1.0
0.0,0.0,0.0,0.0,0.0,0.0,0.0,0.0,0.0,0.013888888888888888,0.013888888888888888,0.0032051282051282055,0.0032051282051282055,0.0,0.0,0.0,0.0,0.02948717948717949,0.009615384615384616,0.006410256410256411,0.016025641025641028,0.0,0.07243589743589744,0.3318376068376068,2.0
0.0,0.0030864197530864196,0.0030864197530864196,0.003968253968253968,0.003968253968253968,0.006172839506172839,0.016666666666666666,0.016666666666666666,0.016666666666666666,0.0,0.0,0.0030864197530864196,0.0,0.0,0.0,0.016666666666666666,0.0,0.013227513227513227,0.016666666666666666,0.0,0.012345679012345678,0.0,0.024250440917107582,0.2601410934744268,3.0
0.016666666666666666,0.0,0.0,0.0,0.0,0.0,0.0,0.0,0.0,0.0,0.0,0.0,0.0,0.0,0.0,0.0,0.0,0.016666666666666666,0.0,0.0,0.0,0.0,0.03333333333333333,0.18333333333333335,4.0
0.025925925925925925,0.0,0.009259259259259259,0.0,0.0,0.0,0.0,0.0,0.0,0.0,0.009259259259259259,0.0,0.0,0.0,0.0,0.0,0.0,0.0,0.0,0.005208333333333333,0.0,0.015625,0.0,0.43472222222222223,5.0
0.0,0.0,0.0,0.0,0.0,0.0,0.0,0.0,0.0,0.0,0.006944444444444444,0.0,0.0,0.0,0.0,0.0,0.0,0.006944444444444444,0.0,0.0,0.020833333333333332,0.006944444444444444,0.0,0.20833333333333334,6.0
0.013888888888888888,0.0,0.0,0.0,0.0,0.0,0.0,0.0,0.0,0.0,0.0,0.0,0.0,0.0,0.0,0.0,0.0,0.006944444444444444,0.0,0.020833333333333332,0.013888888888888888,0.020833333333333332,0.013888888888888888,0.0763888888888889,7.0
0.0,0.0,0.0,0.0,0.0,0.0,0.0,0.0,0.0,0.0,0.013888888888888888,0.0,0.0,0.0,0.0,0.0,0.0,0.0,0.016666666666666666,0.016666666666666666,0.0,0.03333333333333333,0.0,0.41944444444444445,8.0
0.0,0.0,0.0,0.0,0.0,0.0,0.0,0.0,0.0,0.0,0.0,0.0,0.0,0.0,0.0,0.0,0.0,0.0,0.0,0.0,0.0,0.0,0.0,0.16666666666666666,9.0
0.0,0.0,0.0,0.0,0.0,0.0,0.0,0.0,0.0,0.0,0.0,0.0,0.0028735632183908046,0.0,0.0,0.0,0.0,0.008620689655172414,0.005747126436781609,0.0028735632183908046,0.017241379310344827,0.0028735632183908046,0.011494252873563218,0.4482758620689655,10.0
0.0,0.027777777777777776,0.0,0.0,0.0,0.0,0.0,0.0,0.0,0.0,0.0,0.003787878787878788,0.003787878787878788,0.0,0.0,0.0,0.0,0.00980392156862745,0.003787878787878788,0.0124777183600713,0.0249554367201426,0.017379679144385027,0.021167557932263815,0.37507427213309574,11.0
0.005952380952380952,0.0,0.005952380952380952,0.0,0.0,0.0,0.0,0.0,0.0,0.0,0.0,0.0,0.0,0.0,0.0,0.0,0.0,0.0,0.0,0.011904761904761904,0.0,0.023809523809523808,0.0,0.2023809523809524,12.0
0.0,0.0,0.0,0.0,0.0,0.0,0.0,0.0,0.0,0.0,0.0,0.0,0.0,0.0,0.0,0.0,0.0,0.007575757575757576,0.0,0.0,0.015151515151515152,0.0,0.016666666666666666,0.46060606060606063,13.0
