og,go,hi,gh,ch,oh,ie,jh,gj,cj,hh,eg,jc,ii,oe,jj,ci,ic,ge,so,ih,cc,gc,jg,gg,jo,ji,sh,hj,ig,se,gi,sj,os,si,sc,es,js,sg,hs,cs,ss,is,gs,TimeFactor
0.0,0.0,0.0,0.0,0.0,0.0,0.0,0.0,0.0,0.0,0.0,0.0,0.0,0.0,0.0,0.0,0.0,0.0,0.0,0.0,0.0,0.0,0.0,0.0,0.0,0.0,0.0,0.001937984496124031,0.0020325203252032522,0.0028735632183908046,0.004720692368214005,0.004906083543594056,0.006410256410256411,0.0067532126934172565,0.00953224008272884,0.00969533314499944,0.013129399079065374,0.013639383595892826,0.017954311855623073,0.03315644241204295,0.0378597862761074,0.16723257643058856,0.2437728176658438,0.42439339640190804,1.0
0.0,0.0,0.0,0.0,0.0,0.0,0.0,0.0,0.0,0.0,0.0,0.0,0.0,0.0,0.0,0.0,0.0,0.0,0.0,0.0012626262626262627,0.0015432098765432098,0.0015432098765432098,0.002777777777777778,0.002777777777777778,0.002777777777777778,0.00376984126984127,0.022534013605442178,0.0023809523809523807,0.0,0.0,0.0,0.002777777777777778,0.0047619047619047615,0.0028058361391694723,0.007568027210884354,0.0,0.00753968253968254,0.017599703729271835,0.029209806230847197,0.021632044486418794,0.02466668877244735,0.27519852589066324,0.1890322901535526,0.37584052570209825,2.0
0.0,0.0,0.0,0.0,0.0,0.0,0.0,0.0,0.0,0.0,0.0,0.0,0.0,0.0,0.0,0.000925925925925926,0.0012437810945273632,0.0014367816091954023,0.002976190476190476,0.0014367816091954023,0.0,0.0015151515151515152,0.0,0.0,0.014506051898293279,0.0,0.0028735632183908046,0.004412972085385878,0.0,0.0,0.0,0.001736111111111111,0.002662037037037037,0.0028735632183908046,0.015904783238514988,0.0063371813371813366,0.0063431938431938424,0.016007282280442337,0.033941377289701195,0.021035728582048704,0.007531880467452155,0.21115778745359468,0.18406908921541607,0.45907278549365965,3.0
0.0,0.0,0.0,0.0,0.0,0.0,0.0,0.0,0.0,0.0,0.0,0.0,0.001366120218579235,0.001366120218579235,0.0014367816091954023,0.0,0.001366120218579235,0.0,0.0,0.0,0.002777777777777778,0.002802901827774637,0.0,0.0,0.008064516129032258,0.0,0.023521505376344082,0.0014367816091954023,0.0,0.0,0.0024509803921568627,0.002802901827774637,0.005205989499624987,0.002802901827774637,0.009968120362831553,0.006279519009378845,0.01188061190555371,0.0118350745649344,0.025447138475288122,0.02777380305823689,0.015288839647220427,0.16687686722173137,0.1668089025013816,0.4171063913877213,4.0
0.0,0.0,0.0,0.0,0.0,0.0,0.0,0.0,0.0,0.0,0.0,0.005050505050505051,0.0,0.0021367521367521365,0.0,0.0008333333333333334,0.003472222222222222,0.0,0.0,0.0,0.0,0.0,0.0,0.0,0.01014520202020202,0.0,0.0008333333333333334,0.0008333333333333334,0.0,0.0025252525252525255,0.0008333333333333334,0.007619949494949495,0.003358585858585859,0.0,0.022119065145380933,0.003472222222222222,0.0043859649122807015,0.028393065268065263,0.043169958696274484,0.0464385760438392,0.009881302907618697,0.11834782542019384,0.19806107635055004,0.40475580705843867,5.0
0.0,0.0,0.0,0.0,0.0,0.0,0.0,0.0,0.0,0.0,0.000859106529209622,0.001984126984126984,0.002225226747788857,0.0,0.0,0.0022522522522522522,0.0013227513227513227,0.0,0.0,0.005489417989417989,0.0013227513227513227,0.0,0.0,0.006881881881881882,0.028378165400727514,0.0,0.0,0.0,0.0,0.0,0.0,0.005421111978489028,0.006347842688048873,0.00354797807054018,0.015102858477879602,0.004098360655737705,0.000859106529209622,0.04473963811465923,0.03448767643038388,0.025923198603610975,0.0077146447372068465,0.21714869618368016,0.21820752511347408,0.3656856819861721,6.0
0.0,0.0,0.0,0.0,0.0,0.0,0.0007507507507507507,0.0020833333333333333,0.0024509803921568627,0.0024509803921568627,0.0,0.0,0.0,0.0,0.0,0.0007507507507507507,0.004166666666666667,0.0,0.0,0.0024509803921568627,0.0,0.0024509803921568627,0.0020833333333333333,0.0020833333333333333,0.01755514705882353,0.0,0.0,0.004270865693279486,0.0,0.0,0.0,0.0,0.0045343137254901964,0.0020833333333333333,0.03360410042395336,0.0,0.0007507507507507507,0.009957107843137254,0.05907485198179924,0.03682653241476771,0.006721846085436349,0.20604242726136746,0.19977103298604312,0.3970856007050227,7.0
0.0,0.0,0.0,0.0,0.0,0.0020325203252032522,0.0,0.0,0.0,0.0,0.0,0.0,0.0,0.0,0.0,0.0,0.0,0.0,0.0,0.0,0.0,0.0,0.0,0.0025252525252525255,0.013888888888888888,0.0,0.007575757575757576,0.0010822510822510823,0.0,0.0,0.0,0.0010822510822510823,0.008946608946608946,0.005158730158730159,0.0048041389504804135,0.0020325203252032522,0.012626262626262626,0.014767008059690986,0.020557491289198607,0.009223770809136661,0.03264790764790765,0.2598309972547777,0.21492956569176083,0.38628807676063764,8.0
0.0,0.0,0.0,0.0,0.0,0.0,0.0,0.0033333333333333335,0.0,0.0,0.0,0.0,0.005050505050505051,0.0,0.0,0.0,0.0,0.0,0.0013440860215053762,0.0,0.0,0.0,0.0,0.0,0.005858585858585859,0.0,0.0,0.01597222222222222,0.0,0.0,0.0025252525252525255,0.0,0.017222222222222222,0.0,0.005416666666666667,0.01570048309178744,0.01482521847690387,0.014508676479085575,0.04176021764837814,0.046409539952529694,0.010416666666666666,0.38482754189069085,0.1242289039917749,0.2905998779018895,9.0
0.0,0.0,0.0,0.0008250825082508251,0.0012077294685990338,0.0,0.0,0.0,0.0,0.0,0.0020833333333333333,0.0,0.0,0.0,0.0,0.0,0.0017006802721088435,0.0,0.0,0.0,0.0,0.0,0.0,0.013605442176870748,0.004151660664265706,0.0,0.0,0.011904761904761904,0.0,0.0,0.020833333333333332,0.0,0.004608585858585859,0.004166666666666667,0.02352239265760701,0.0012077294685990338,0.006666666666666667,0.00795892089208921,0.029013834463199956,0.05493763662080495,0.011617624651968824,0.2342989508447687,0.14447209062729957,0.4212168769202198,10.0
0.0,0.0,0.0021929824561403508,0.0,0.0,0.0,0.0,0.0,0.0,0.0,0.0,0.0,0.0,0.0,0.0,0.0,0.0023148148148148147,0.0,0.0,0.0,0.0,0.0,0.0,0.0023148148148148147,0.010416666666666666,0.0,0.0023148148148148147,0.003472222222222222,0.0,0.0,0.0023148148148148147,0.009137426900584795,0.00881335282651072,0.0008333333333333334,0.03719507101086048,0.003472222222222222,0.044814814814814814,0.011574074074074075,0.032966791979949873,0.01983187134502924,0.0030263157894736843,0.1961741158451685,0.29747841826789195,0.30934106098579783,11.0
0.0,0.0021929824561403508,0.0,0.0,0.0,0.0,0.0,0.0,0.0,0.0021929824561403508,0.0,0.0,0.0,0.0021929824561403508,0.0,0.004629629629629629,0.0,0.0012437810945273632,0.0,0.005864197530864197,0.0,0.0,0.0,0.01791044776119403,0.0030864197530864196,0.0,0.0026041666666666665,0.0,0.0,0.0,0.0030864197530864196,0.0012437810945273632,0.003436763550667714,0.0021929824561403508,0.022357253086419754,0.0,0.01568200663349917,0.023112689476593642,0.020431794184535414,0.02469092615625576,0.002777777777777778,0.34233278205706363,0.19955758488260453,0.2971796490864392,12.0
0.0020833333333333333,0.0,0.0,0.0,0.0,0.0,0.0,0.0,0.0,0.0,0.0,0.0,0.0,0.0,0.0,0.0,0.0028735632183908046,0.0,0.0012254901960784314,0.01477832512315271,0.0,0.013888888888888888,0.0,0.011904761904761904,0.0,0.0,0.007575757575757576,0.011435688405797102,0.0,0.007575757575757576,0.0020833333333333333,0.0,0.016474106696651673,0.008310688405797101,0.01734867860187553,0.0028735632183908046,0.0033333333333333335,0.01309128421900161,0.04234036109862902,0.02329961755233494,0.006365740740740741,0.24899301419604689,0.2721001174196452,0.27004459496230154,13.0
