eo,so,ih,ji,ei,oh,ge,ci,ig,se,og,oo,sj,sh,gg,sc,ii,si,gi,sg,es,js,hs,os,cs,is,gs,ss,TimeFactor
0.0,0.0,0.0,0.0,0.0,0.0,0.0,0.0,0.0,0.0,0.0007309941520467836,0.0007309941520467836,0.0008012820512820514,0.0008012820512820514,0.0008865248226950354,0.001897731064397731,0.002728690228690229,0.004171935092987724,0.005062248483301115,0.005509241978073631,0.005806439095446187,0.014418928116216943,0.015691215340104852,0.026693169038727083,0.06133922333345133,0.09209932461035814,0.13292294446643085,0.6277078319224615,1.0
0.0,0.0,0.0,0.0,0.0007062146892655367,0.0007062146892655367,0.0007062146892655367,0.0010416666666666667,0.0010416666666666667,0.0011904761904761904,0.0,0.0,0.0,0.0,0.0029796511627906974,0.0,0.0029069767441860465,0.001896690879741727,0.0021594684385382056,0.003201135105204873,0.006661229686508195,0.012427325581395346,0.015596167205323657,0.016824444741740732,0.05655979956512002,0.07886101716171265,0.14996644383243876,0.644567196303693,2.0
0.0,0.0,0.0013440860215053762,0.0020833333333333333,0.0,0.0,0.0,0.0,0.0,0.0,0.0,0.0,0.0,0.0020833333333333333,0.007552083333333333,0.0013020833333333333,0.0020833333333333333,0.008026695526695526,0.0013440860215053762,0.00579004329004329,0.010920456484972613,0.009239257979177334,0.007778134164222874,0.014920991307080017,0.07117716139893558,0.09224343085230184,0.1217715994429704,0.6403398908439231,3.0
0.0,0.0,0.0,0.0,0.0,0.0,0.0,0.0,0.002976190476190476,0.0,0.0,0.0,0.0,0.0,0.0015432098765432098,0.0,0.0,0.0,0.0,0.006410256410256411,0.011160714285714286,0.020125322208655542,0.018601190476190476,0.009157509157509158,0.05338488671822005,0.05615969678469679,0.09516390245556912,0.4753171211504545,4.0
0.0,0.0013440860215053762,0.0,0.0,0.0,0.0,0.0,0.0,0.0,0.0013440860215053762,0.0,0.0,0.0013020833333333333,0.0,0.00505952380952381,0.0,0.0,0.0,0.0,0.002976190476190476,0.0034274193548387098,0.04338924963924964,0.0026041666666666665,0.005334341397849462,0.03948863636363636,0.029092261904761902,0.08286661255411255,0.5317713424568263,5.0
0.0,0.0,0.0,0.0,0.0,0.0,0.0,0.0,0.0,0.0,0.0,0.0,0.0,0.0,0.041666666666666664,0.0,0.0,0.0,0.0,0.0039941902687000725,0.010526315789473684,0.011283469616802952,0.01889096628679962,0.011904761904761904,0.02525190631808279,0.052041355092180684,0.07937328469126714,0.49506708336526445,6.0
0.0,0.0,0.0,0.0,0.0,0.0,0.0,0.0,0.0,0.0,0.0,0.0,0.0,0.0,0.0,0.0,0.0,0.0,0.0,0.0020833333333333333,0.021929824561403508,0.009429824561403509,0.023313492063492064,0.035818713450292396,0.020937761069340016,0.027837586390217967,0.05811878180299233,0.6338640161008583,7.0
0.0,0.0,0.0,0.0,0.0,0.0,0.0,0.0,0.0,0.0,0.0,0.0,0.0,0.0,0.002976190476190476,0.0,0.005208333333333333,0.0,0.0,0.01726190476190476,0.0,0.01965329991645781,0.005169172932330827,0.007946950710108605,0.02929285018100807,0.030268379281537177,0.1005708716235032,0.614985380116959,8.0
0.0,0.0,0.0,0.0,0.0,0.0,0.0,0.0,0.0,0.0,0.0,0.0,0.0,0.0,0.0,0.0,0.0,0.0,0.0,0.007605820105820105,0.0026041666666666665,0.011863425925925925,0.002976190476190476,0.013392857142857142,0.03913690476190476,0.051769179894179895,0.04828042328042328,0.7390376984126985,9.0
0.010416666666666666,0.0,0.0,0.0,0.0,0.0,0.0,0.0,0.0,0.0,0.0,0.0,0.0,0.0,0.0,0.0,0.0,0.0,0.0,0.0,0.0,0.01273148148148148,0.0,0.03125,0.029761904761904764,0.015873015873015872,0.08647486772486772,0.5634920634920635,10.0
0.0,0.0,0.0,0.0,0.0,0.0,0.0,0.0,0.0,0.003787878787878788,0.0,0.0,0.0,0.0,0.0,0.0,0.0,0.0,0.0,0.0,0.0,0.005952380952380952,0.006993006993006993,0.04153485403485403,0.006944444444444444,0.019593560034736505,0.10828934137757668,0.7235712000417882,11.0
0.0,0.0,0.0,0.0,0.0,0.0,0.0,0.0,0.0,0.0,0.0,0.0,0.0,0.0,0.0,0.0,0.0,0.003787878787878788,0.0,0.007260101010101011,0.005952380952380952,0.0,0.0,0.006565656565656566,0.014520202020202022,0.06599025974025974,0.04578823953823954,0.6834686147186148,12.0
0.0,0.0,0.0,0.0,0.0,0.0,0.0,0.0,0.0,0.0,0.0,0.0,0.0,0.0,0.0,0.0,0.0,0.0,0.0,0.0,0.0024509803921568627,0.0,0.0,0.017757936507936507,0.01875,0.029236694677871145,0.11386375062845651,0.6512739711269123,13.0
