gc,hg,ee,se,hi,hc,ic,oi,ch,ho,ci,hh,es,ij,ig,gi,ji,jc,oc,gh,sh,jg,jh,gg,oo,cc,sc,og,oe,go,jj,so,sg,cs,sj,is,js,hs,ii,si,os,gs,ss,TimeFactor
0.0,0.0,0.0,0.0,0.0,0.0,0.0,0.0,0.0,0.0,0.0,0.0,0.0,0.0,0.0,0.0,0.0,0.0,0.0,0.0,0.0,0.0,0.0,0.0,0.001851851851851852,0.0021367521367521365,0.0021367521367521365,0.0025252525252525255,0.0025252525252525255,0.0025252525252525255,0.0030864197530864196,0.004377104377104378,0.010549943883277216,0.015108348441681775,0.016975308641975308,0.021824009324009325,0.025771604938271603,0.029914529914529916,0.03176638176638177,0.03547008547008546,0.05536778036778037,0.08803634636967968,0.5647176897176897,1.0
0.0,0.0,0.0,0.0,0.0,0.0,0.0,0.0,0.0,0.0,0.0,0.0,0.0,0.0,0.0,0.0,0.0,0.0016339869281045752,0.0016339869281045752,0.0021367521367521365,0.003770739064856712,0.003968253968253968,0.003968253968253968,0.008870214752567693,0.0021367521367521365,0.013888888888888888,0.015522875816993464,0.0,0.0,0.0,0.0,0.003770739064856712,0.014200124494242142,0.04072398190045248,0.006263616557734205,0.0056022408963585435,0.03472222222222222,0.012012497306614953,0.006263616557734205,0.011865857454092748,0.0016339869281045752,0.09986473221767339,0.6222123464770524,2.0
0.0,0.0,0.0,0.0,0.0,0.0,0.0,0.0,0.0,0.0,0.0,0.0,0.0,0.000992063492063492,0.001984126984126984,0.001984126984126984,0.003968253968253968,0.0,0.0,0.0,0.0,0.0,0.0,0.008928571428571428,0.0,0.0,0.013888888888888888,0.0,0.0,0.0,0.0,0.0,0.017195767195767195,0.013888888888888888,0.008597883597883597,0.03042328042328042,0.01421957671957672,0.000992063492063492,0.0205026455026455,0.021494708994708994,0.001984126984126984,0.12136243386243385,0.4675925925925926,3.0
0.0,0.0,0.0,0.0,0.0,0.0,0.0,0.0,0.0,0.0,0.0,0.0,0.0011574074074074073,0.0,0.0011574074074074073,0.003472222222222222,0.0,0.0,0.0,0.0,0.004629629629629629,0.0,0.0,0.009060846560846561,0.0,0.0,0.0011574074074074073,0.0,0.0,0.0,0.0,0.0,0.009027777777777779,0.02361111111111111,0.0011574074074074073,0.06286375661375661,0.0011574074074074073,0.01273148148148148,0.014384920634920634,0.020634920634920634,0.012533068783068783,0.07364417989417989,0.5809523809523809,4.0
0.0,0.0,0.0,0.0,0.0,0.0,0.0,0.0,0.0,0.0025252525252525255,0.0025252525252525255,0.020833333333333332,0.0013227513227513227,0.0,0.0026455026455026454,0.0026455026455026454,0.0,0.0,0.0013227513227513227,0.0,0.023358585858585856,0.0,0.0,0.0013227513227513227,0.0,0.0,0.0,0.0,0.0,0.0,0.0013227513227513227,0.0,0.011243386243386243,0.0026455026455026454,0.008267195767195767,0.013693482443482443,0.01736111111111111,0.020262145262145263,0.0026455026455026454,0.00517075517075517,0.011994949494949494,0.050354737854737854,0.6298701298701298,5.0
0.0,0.0,0.0,0.0,0.0,0.0,0.0,0.0,0.006944444444444444,0.0,0.0,0.0007122507122507123,0.003472222222222222,0.0,0.0007122507122507123,0.0007122507122507123,0.027777777777777776,0.0007122507122507123,0.0,0.003472222222222222,0.0014245014245014246,0.0,0.0,0.00836894586894587,0.0,0.0,0.0007122507122507123,0.0,0.0,0.0,0.0,0.0,0.00836894586894587,0.009081196581196582,0.006944444444444444,0.09855769230769229,0.020833333333333332,0.020388176638176637,0.009081196581196582,0.031428062678062675,0.0007122507122507123,0.1010505698005698,0.6385327635327636,6.0
0.0,0.0,0.0,0.0,0.0,0.000896057347670251,0.000896057347670251,0.007840501792114695,0.0,0.0,0.000896057347670251,0.0,0.0,0.0,0.000896057347670251,0.0,0.0,0.0,0.0,0.0,0.0,0.0,0.0,0.019649257552483358,0.0,0.0,0.0,0.0,0.0,0.0,0.0,0.0,0.015777009728622633,0.008243727598566309,0.0,0.08060035842293907,0.019649257552483358,0.006944444444444444,0.007347670250896057,0.010931899641577059,0.001792114695340502,0.10619559651817716,0.5447772657450077,7.0
0.0,0.0,0.0,0.0,0.0,0.0,0.003472222222222222,0.0007936507936507938,0.0,0.0,0.0,0.0,0.0,0.0,0.0007936507936507938,0.0007936507936507938,0.0,0.0,0.0,0.003472222222222222,0.0,0.0,0.0,0.007054673721340388,0.009259259259259259,0.003472222222222222,0.003472222222222222,0.0,0.0,0.0,0.0,0.009259259259259259,0.020943562610229272,0.0042658730158730155,0.0,0.10480599647266313,0.0,0.006944444444444444,0.010229276895943563,0.01710758377425044,0.009259259259259259,0.14055335097001762,0.5607142857142857,8.0
0.0,0.0,0.0,0.0,0.0030864197530864196,0.0,0.0,0.0,0.0,0.0,0.0,0.0,0.0,0.0,0.006944444444444444,0.0,0.0,0.0009578544061302681,0.0,0.0,0.0009578544061302681,0.0,0.0030864197530864196,0.015804597701149423,0.0,0.0,0.004044274159216688,0.0,0.0,0.0,0.013888888888888888,0.0009578544061302681,0.022318007662835246,0.008088548318433376,0.013888888888888888,0.050313963388676025,0.024106002554278416,0.00842911877394636,0.004044274159216688,0.01941783737760749,0.0,0.10634312473392932,0.6933216262239249,9.0
0.0,0.0,0.004629629629629629,0.004629629629629629,0.0,0.0,0.0,0.0,0.0,0.0,0.004629629629629629,0.0,0.0,0.0,0.0,0.0,0.0021367521367521365,0.0,0.0,0.0,0.0,0.0,0.0,0.01834045584045584,0.0,0.013888888888888888,0.0,0.0,0.0,0.0,0.0,0.0,0.03436609686609686,0.013888888888888888,0.004629629629629629,0.08725071225071225,0.011574074074074075,0.0010683760683760683,0.01014957264957265,0.013710826210826208,0.0,0.06912393162393163,0.705982905982906,10.0
0.0,0.004629629629629629,0.006944444444444444,0.006944444444444444,0.0,0.0,0.0,0.0,0.0,0.0,0.0,0.0,0.0,0.013888888888888888,0.0,0.004629629629629629,0.0,0.004629629629629629,0.0,0.0,0.0,0.0,0.0,0.012037037037037035,0.0,0.0,0.0,0.0,0.0,0.0,0.0,0.0,0.017592592592592594,0.005555555555555556,0.0,0.03472222222222222,0.029629629629629627,0.0,0.01898148148148148,0.019907407407407405,0.013888888888888888,0.09907407407407408,0.7069444444444445,11.0
0.009259259259259259,0.0,0.0010288065843621398,0.0010288065843621398,0.0,0.0,0.0,0.0,0.0,0.0,0.0,0.0,0.0,0.0,0.0020576131687242796,0.0,0.0,0.0,0.0,0.0,0.0010288065843621398,0.0,0.0,0.004997060552616108,0.0,0.0,0.0,0.0,0.0,0.013888888888888888,0.0030864197530864196,0.0,0.020943562610229272,0.014256319811875367,0.01399911816578483,0.0341710758377425,0.02017195767195767,0.003968253968253968,0.015285126396237506,0.02081496178718401,0.013888888888888888,0.0926219870664315,0.6301697530864199,12.0
0.0,0.0,0.013888888888888888,0.013888888888888888,0.0,0.0,0.0,0.0,0.0,0.0,0.0,0.003472222222222222,0.0,0.0,0.0,0.0,0.0,0.0,0.0,0.0,0.003472222222222222,0.0,0.0,0.023358585858585856,0.0,0.0025252525252525255,0.0025252525252525255,0.0,0.0,0.0,0.0,0.0,0.026424963924963924,0.0,0.013888888888888888,0.04581529581529581,0.01736111111111111,0.003472222222222222,0.0,0.006944444444444444,0.0,0.08703102453102453,0.6525974025974025,13.0
