cg,so,jg,hc,ie,gh,oi,se,es,jj,hh,sh,sj,hs,og,hi,gj,jc,os,cc,ii,ih,sc,si,gi,ig,gg,cs,sg,is,js,gs,ss,TimeFactor
0.0,0.0,0.0,0.0,0.0,0.0,0.0,0.001851851851851852,0.001851851851851852,0.002777777777777778,0.002777777777777778,0.002777777777777778,0.002777777777777778,0.002777777777777778,0.0030864197530864196,0.0030864197530864196,0.003472222222222222,0.003472222222222222,0.003968253968253968,0.004629629629629629,0.005324074074074074,0.005864197530864197,0.008597883597883597,0.010416666666666666,0.011419753086419751,0.012301587301587301,0.022751322751322748,0.027612433862433863,0.0308531746031746,0.04683641975308642,0.04861111111111111,0.10931437389770722,0.620789241622575,1.0
0.0,0.0,0.0,0.0,0.001736111111111111,0.00636574074074074,0.009259259259259259,0.0,0.001736111111111111,0.0,0.0,0.0,0.0,0.013310185185185187,0.0,0.0,0.0,0.0,0.009837962962962963,0.0,0.037301587301587294,0.0,0.0,0.03973214285714286,0.014583333333333332,0.008680555555555554,0.03290343915343915,0.004629629629629629,0.01207010582010582,0.09563492063492063,0.010185185185185184,0.09889219576719577,0.5198082010582011,2.0
0.0,0.0,0.0,0.0,0.0,0.0,0.0,0.0,0.0,0.0,0.0,0.0,0.0,0.0,0.0,0.0,0.0,0.0,0.020833333333333332,0.0,0.022222222222222223,0.0,0.0,0.011111111111111112,0.00808080808080808,0.005555555555555556,0.012499999999999999,0.013888888888888888,0.015025252525252525,0.043265993265993265,0.0025252525252525255,0.06797138047138047,0.6103535353535353,3.0
0.0,0.0,0.0,0.027777777777777776,0.0,0.0,0.0,0.0,0.0,0.0,0.0,0.0,0.0,0.0,0.0,0.0,0.0,0.0,0.03472222222222222,0.0,0.005555555555555556,0.0,0.0,0.019444444444444445,0.007407407407407407,0.007407407407407407,0.008333333333333333,0.03472222222222222,0.021759259259259256,0.09675925925925927,0.0,0.06944444444444443,0.5000000000000001,4.0
0.0,0.0,0.009259259259259259,0.0,0.0,0.0,0.0,0.0,0.0,0.0,0.0,0.0,0.0,0.003472222222222222,0.0,0.0,0.0,0.0,0.0,0.0,0.008101851851851851,0.0,0.02314814814814815,0.008101851851851851,0.0,0.0,0.011574074074074075,0.05092592592592593,0.015046296296296295,0.03587962962962963,0.0,0.04050925925925926,0.5439814814814815,5.0
0.0,0.0,0.0,0.0,0.0,0.0,0.0,0.0,0.0,0.0,0.0,0.0,0.0,0.009259259259259259,0.0,0.0,0.0,0.0,0.009259259259259259,0.0,0.0,0.0,0.013888888888888888,0.0,0.0,0.005555555555555556,0.011111111111111112,0.05555555555555555,0.02037037037037037,0.005555555555555556,0.027777777777777776,0.03981481481481482,0.6351851851851852,6.0
0.0,0.0,0.0,0.0,0.0,0.0,0.0,0.0,0.0,0.0,0.0,0.0,0.0,0.012499999999999999,0.0,0.0,0.0,0.006944444444444444,0.0,0.0,0.0,0.0,0.0,0.0,0.0,0.0,0.0,0.006944444444444444,0.027777777777777776,0.013888888888888888,0.013888888888888888,0.04027777777777777,0.5444444444444444,7.0
0.0,0.0,0.0,0.0,0.0,0.0,0.0,0.0,0.0,0.0,0.0,0.0,0.0,0.027777777777777776,0.0,0.0,0.0,0.0,0.0,0.0,0.027777777777777776,0.0,0.027777777777777776,0.037037037037037035,0.0,0.0,0.0,0.027777777777777776,0.0,0.032407407407407406,0.0,0.08101851851851852,0.4884259259259259,8.0
0.0,0.0,0.013888888888888888,0.0,0.0,0.0,0.0,0.0,0.0,0.0,0.003968253968253968,0.003968253968253968,0.003968253968253968,0.0,0.0,0.0,0.0,0.0,0.031746031746031744,0.0,0.0,0.0,0.0,0.0,0.0,0.0,0.0,0.0,0.0,0.03968253968253968,0.003968253968253968,0.10714285714285714,0.5416666666666667,9.0
0.0,0.009259259259259259,0.0,0.0,0.0,0.0,0.0,0.0,0.0,0.0,0.0,0.0,0.0,0.0,0.0,0.0,0.0,0.009259259259259259,0.018518518518518517,0.0,0.0,0.0,0.009259259259259259,0.0,0.0,0.0,0.005555555555555556,0.018518518518518517,0.010185185185185184,0.04722222222222222,0.009259259259259259,0.08518518518518518,0.6111111111111112,10.0
0.0,0.0,0.006944444444444444,0.0,0.0,0.0,0.0,0.0,0.013888888888888888,0.0,0.0,0.0,0.0,0.0,0.0,0.0,0.0,0.0,0.004629629629629629,0.0,0.0,0.0,0.0,0.0,0.0,0.0,0.006944444444444444,0.0,0.031746031746031744,0.013227513227513227,0.0,0.10846560846560845,0.5641534391534392,11.0
0.0,0.0,0.0,0.0,0.0,0.0,0.0,0.009259259259259259,0.009259259259259259,0.0,0.0,0.0,0.0,0.007440476190476189,0.0,0.0,0.0,0.0,0.009259259259259259,0.003472222222222222,0.0,0.0,0.010416666666666666,0.03125,0.0,0.0,0.0,0.006944444444444444,0.0,0.07390873015873016,0.0,0.03257275132275132,0.8062169312169312,12.0
0.005555555555555556,0.0,0.0,0.0,0.0,0.0,0.0,0.0,0.0,0.0,0.0,0.0,0.009259259259259259,0.0,0.0,0.0,0.0,0.0,0.0,0.0,0.0,0.0,0.0,0.0,0.0,0.0,0.0,0.03333333333333333,0.0,0.03333333333333333,0.027777777777777776,0.04540343915343916,0.678670634920635,13.0
