eie,gei,jsi,jhs,jis,ssc,scc,hsi,ihs,cso,ish,soo,soe,sso,cis,ggg,ics,gis,cgs,esi,csi,ise,ess,gse,ggi,jcs,gii,ses,gsi,isg,esh,gsg,jos,sos,ggs,sgg,igs,gig,ssi,sii,iis,sis,isi,shs,jss,scs,ssg,sgs,gcs,ssh,shh,hss,oss,iss,css,gss,sss,TimeFactor
0.0,0.0,0.0,0.0,0.0,0.0,0.0,0.0,0.0,0.0,0.0,0.0,0.0,0.0,0.0,0.0,0.0,0.0,0.0,0.0,0.0,0.0,0.0,0.0,0.0,0.0,0.0,0.0,0.0,0.0,0.0,0.0,0.0,0.0,0.0,0.0,0.0,0.0,0.0,0.0,0.0,0.0,0.0,0.0,0.0,0.0,0.006944444444444444,0.006944444444444444,0.008333333333333333,0.013888888888888888,0.013888888888888888,0.020833333333333332,0.024305555555555552,0.04652777777777778,0.06736111111111111,0.16597222222222222,0.4583333333333333,1.0
0.0,0.0,0.0,0.0,0.0,0.0,0.0,0.0,0.0,0.0,0.0,0.0,0.0,0.0,0.0,0.0,0.0,0.0,0.0,0.0,0.0,0.0,0.0,0.0,0.0,0.0,0.0,0.0,0.0,0.004629629629629629,0.004629629629629629,0.004629629629629629,0.005208333333333333,0.005208333333333333,0.005208333333333333,0.005208333333333333,0.005952380952380952,0.005952380952380952,0.005952380952380952,0.005952380952380952,0.009259259259259259,0.009375,0.009837962962962963,0.01574074074074074,0.016666666666666666,0.04583333333333334,0.0,0.008796296296296297,0.0,0.0,0.0,0.016319444444444445,0.010416666666666666,0.09641203703703703,0.0556712962962963,0.08642526455026456,0.39404761904761904,2.0
0.0,0.0,0.0,0.0,0.0,0.0,0.0,0.0,0.0,0.0,0.0,0.0,0.0,0.0,0.0,0.0,0.0,0.0,0.0,0.0,0.0,0.0021929824561403508,0.0021929824561403508,0.004629629629629629,0.004629629629629629,0.004629629629629629,0.004629629629629629,0.00682261208576998,0.020833333333333332,0.0,0.0,0.0021929824561403508,0.0,0.0,0.020833333333333332,0.020833333333333332,0.0,0.0,0.008333333333333333,0.008333333333333333,0.0,0.00682261208576998,0.004629629629629629,0.0,0.004629629629629629,0.0,0.020833333333333332,0.0021929824561403508,0.0,0.0,0.0,0.08205409356725146,0.07302631578947368,0.11848196881091617,0.00682261208576998,0.07266081871345029,0.4134259259259259,3.0
0.0,0.0,0.0,0.0,0.0,0.0,0.0,0.0,0.0,0.0,0.0,0.0,0.0,0.0,0.0,0.0,0.0,0.0,0.0,0.010416666666666666,0.041666666666666664,0.0,0.0,0.0,0.0,0.0,0.010416666666666666,0.0,0.0,0.0,0.0,0.010416666666666666,0.0,0.0,0.0,0.0,0.0,0.0,0.0,0.041666666666666664,0.010416666666666666,0.03125,0.0,0.0,0.0,0.005952380952380952,0.0,0.010416666666666666,0.0,0.0,0.0,0.003787878787878788,0.041666666666666664,0.11247294372294374,0.018073593073593075,0.08368506493506493,0.40102813852813846,4.0
0.0,0.0,0.0,0.0,0.0,0.0,0.0,0.0,0.0,0.0,0.0,0.0,0.0,0.0,0.0,0.0,0.0,0.0,0.0,0.0,0.0,0.0,0.0,0.0,0.0,0.0,0.005208333333333333,0.0,0.0,0.0,0.0,0.0,0.0,0.0,0.0,0.010416666666666666,0.0,0.0,0.005208333333333333,0.005208333333333333,0.005208333333333333,0.0,0.0,0.020833333333333332,0.005208333333333333,0.0,0.010416666666666666,0.0,0.0,0.005208333333333333,0.005208333333333333,0.029166666666666664,0.0,0.06874999999999999,0.027083333333333334,0.05555555555555555,0.3246527777777778,5.0
0.0,0.0,0.0,0.0,0.0,0.0,0.0,0.0,0.0,0.0,0.0,0.0,0.0,0.0,0.005208333333333333,0.005208333333333333,0.008333333333333333,0.008333333333333333,0.013888888888888888,0.0,0.0,0.0,0.0,0.0,0.0,0.0,0.0,0.0,0.0,0.0,0.0,0.0,0.0,0.0,0.005208333333333333,0.0,0.0,0.0,0.05555555555555555,0.05555555555555555,0.008333333333333333,0.0,0.008333333333333333,0.0,0.0,0.005208333333333333,0.0,0.0,0.0,0.0,0.0,0.004166666666666667,0.012500000000000002,0.05486111111111111,0.07430555555555556,0.05486111111111111,0.2868055555555556,6.0
0.0,0.0,0.0,0.0,0.0,0.0,0.0,0.0,0.0,0.0,0.0,0.0,0.0,0.0,0.0,0.0,0.0,0.0,0.0,0.0,0.0,0.0,0.0,0.0,0.0,0.0,0.0,0.0,0.0,0.0,0.0,0.0,0.0,0.015625,0.0,0.0,0.0,0.0,0.0,0.0,0.0,0.010416666666666666,0.0,0.0,0.0,0.0,0.0,0.0,0.0,0.0,0.0,0.0,0.015625,0.1875,0.07291666666666667,0.109375,0.421875,7.0
0.0,0.0,0.0,0.0,0.0,0.0,0.0,0.0,0.0,0.005208333333333333,0.005208333333333333,0.005208333333333333,0.010416666666666666,0.010416666666666666,0.0,0.0,0.0,0.0,0.0,0.0,0.0,0.0,0.007605820105820105,0.0,0.0,0.0,0.0,0.0,0.0,0.0,0.0,0.0,0.0,0.0,0.0,0.0,0.0,0.0,0.0,0.0,0.0,0.0,0.0,0.0,0.0,0.020833333333333332,0.0,0.010416666666666666,0.0,0.020833333333333332,0.026041666666666668,0.03125,0.010416666666666666,0.023065476190476192,0.041666666666666664,0.21841931216931218,0.46965939153439157,8.0
0.0,0.0,0.0,0.0,0.0,0.0,0.0,0.010416666666666666,0.010416666666666666,0.0,0.0,0.0,0.0,0.0,0.0,0.0,0.0,0.0,0.0,0.0,0.0,0.0,0.0,0.0,0.0,0.0,0.0,0.0,0.0,0.0,0.0,0.008333333333333333,0.0,0.0,0.0,0.008333333333333333,0.0,0.0,0.0,0.0,0.0,0.0,0.0,0.0,0.013888888888888888,0.0,0.0,0.020833333333333332,0.0,0.0,0.0,0.049999999999999996,0.010416666666666666,0.07222222222222223,0.022222222222222223,0.0625,0.37708333333333327,9.0
0.0,0.0,0.0,0.0,0.0,0.013888888888888888,0.013888888888888888,0.0,0.0,0.0,0.0,0.0,0.0,0.0,0.0,0.0,0.0,0.0,0.0,0.0,0.0,0.0,0.0,0.0,0.0,0.0,0.0,0.0,0.013888888888888888,0.0,0.0,0.0,0.0,0.0,0.0,0.0,0.0,0.0,0.0,0.0,0.0,0.013888888888888888,0.0,0.0,0.0,0.0,0.0,0.0,0.0,0.041666666666666664,0.041666666666666664,0.027777777777777776,0.0,0.041666666666666664,0.0625,0.13194444444444445,0.34722222222222215,10.0
0.0,0.0,0.0,0.0,0.013888888888888888,0.0,0.0,0.0,0.0,0.0,0.0,0.0,0.0,0.0,0.0,0.0,0.0,0.0,0.0,0.0,0.0,0.0,0.013888888888888888,0.0,0.0,0.0,0.005952380952380952,0.0,0.0,0.0,0.0,0.0,0.0,0.0,0.0,0.0,0.0,0.0,0.0,0.0,0.005952380952380952,0.025793650793650796,0.011904761904761904,0.010416666666666666,0.0,0.0,0.0,0.0,0.0,0.0,0.0,0.01636904761904762,0.0,0.08333333333333333,0.041666666666666664,0.05902777777777777,0.4618055555555555,11.0
0.0,0.0,0.008333333333333333,0.013888888888888888,0.0,0.0,0.0,0.0,0.0,0.0,0.0,0.0,0.0,0.0,0.0,0.0,0.0,0.0,0.0,0.0,0.0,0.0,0.020833333333333332,0.0,0.0,0.0,0.0,0.0,0.0,0.0,0.0,0.0,0.0,0.0,0.013888888888888888,0.0,0.0,0.0,0.0,0.008333333333333333,0.0,0.0,0.0,0.0,0.0,0.0,0.0,0.024305555555555552,0.0,0.0,0.0,0.03472222222222222,0.06388888888888888,0.07222222222222223,0.020833333333333332,0.03819444444444444,0.4305555555555555,12.0
0.006944444444444444,0.006944444444444444,0.0,0.0,0.0,0.0,0.0,0.004166666666666667,0.004166666666666667,0.0,0.0,0.0,0.0,0.0,0.0,0.0,0.0,0.004166666666666667,0.0,0.0,0.0,0.0,0.0,0.0,0.0,0.0,0.0,0.0,0.0,0.0,0.0,0.0,0.0,0.0,0.0,0.0,0.0,0.0,0.0,0.0,0.0,0.0,0.0,0.0,0.0,0.0,0.0,0.0,0.0,0.0,0.0,0.0,0.0,0.061111111111111116,0.010416666666666666,0.15416666666666667,0.4979166666666666,13.0
