ee,oe,ge,jh,ji,gi,ig,ei,jj,se,oi,jg,jc,ic,cg,co,so,gg,sh,ii,oc,jo,sj,es,sc,sg,os,si,js,hs,cs,is,gs,ss
0.0,0.0,0.0,0.0,0.0,0.0,0.0,0.0,0.0,0.0,0.0,0.0,0.0,0.0005787037037037037,0.0005787037037037037,0.0005787037037037037,0.0006038647342995169,0.0007002801120448179,0.0007002801120448179,0.001326846528084918,0.0016025641025641027,0.0016025641025641027,0.0021519290363357433,0.0046399063388974406,0.005161253899718685,0.009278953626086167,0.010230648110309945,0.011641811419288198,0.01767270725069822,0.021797079248179394,0.029942555959913682,0.13765302942660146,0.1970280342023395,0.5445295806789182
0.0,0.0,0.0,0.0,0.0,0.0,0.0,0.0,0.0,0.0,0.0,0.0007309941520467836,0.004629629629629629,0.0,0.0,0.0,0.0007062146892655367,0.0,0.0012254901960784314,0.002168202993359104,0.0,0.0,0.000925925925925926,0.0032189576056434487,0.001956484348125215,0.002637919574609505,0.008403382079143125,0.00840098039221676,0.03227132027567268,0.02604902992380712,0.025491159971636007,0.1500340542180658,0.15752488808645923,0.4902920326049824
0.0,0.0,0.0,0.0,0.0,0.0,0.0,0.0,0.0,0.0007575757575757576,0.0007645259938837921,0.0010288065843621398,0.0,0.0,0.0,0.0,0.0,0.002668026418026418,0.0,0.0005555555555555556,0.0,0.0,0.0011774461028192372,0.0005827505827505828,0.0015826582658265826,0.010098831224071092,0.017372124359479674,0.006825672522926496,0.011647988334402816,0.015131131223134288,0.023891678204342664,0.08685830918228048,0.23719894006286044,0.581857979625702
0.0,0.0,0.0,0.0,0.0,0.0,0.0,0.0,0.0,0.0,0.0,0.0009057971014492754,0.0006666666666666666,0.0,0.0,0.0,0.0010548523206751054,0.0009057971014492754,0.0004734848484848485,0.0,0.0,0.001851851851851852,0.0023792780121894047,0.004666480862133037,0.0,0.009054018445322793,0.01354616426603218,0.012906518367993327,0.006149274806401939,0.022794561568295745,0.025237587997012877,0.1496449047828382,0.20776147469501902,0.5400012863061844
0.0,0.0,0.0,0.0,0.0,0.0,0.0,0.0,0.0,0.0,0.0,0.00392841553906591,0.0,0.0,0.0,0.0,0.0,0.0007309941520467836,0.0,0.0,0.0,0.0,0.0,0.0021513435487452806,0.0010964912280701754,0.0,0.00489766081871345,0.006944444444444445,0.026205436619662386,0.014782326185834957,0.09166769124259151,0.09110725884744357,0.07864170090664686,0.5945129031334014
0.0,0.0,0.0,0.0,0.0,0.0,0.0,0.0,0.0023148148148148147,0.0023148148148148147,0.0,0.004629629629629629,0.0,0.0,0.0,0.0,0.0007062146892655367,0.0,0.0007062146892655367,0.0,0.0,0.0,0.0,0.047312556458897925,0.0007062146892655367,0.01688813383728638,0.016885253164319197,0.0,0.03962682076003402,0.020470965667714624,0.024486005950444267,0.08971182527961052,0.11310481875230392,0.536802383469
0.0,0.0,0.0,0.0,0.0,0.0,0.0,0.001893939393939394,0.0,0.0,0.0,0.001851851851851852,0.0,0.0,0.0,0.001893939393939394,0.0007575757575757576,0.0,0.0,0.0,0.0,0.0,0.0006561679790026247,0.004222675531931717,0.0,0.008552057197435545,0.02585552887067567,0.006545679902216175,0.0036476608566474496,0.024287457078193908,0.03886336239289883,0.09347483689996929,0.20706654406519964,0.5804307228285227
0.0,0.0,0.0,0.0,0.0,0.0,0.000859106529209622,0.0,0.0,0.0,0.0,0.0029220779220779218,0.0,0.0,0.0,0.0,0.0,0.0,0.001937984496124031,0.0,0.0,0.0,0.0043859649122807015,0.011357325808060204,0.0043859649122807015,0.005115960786063878,0.009318702488805581,0.0070399627100658025,0.02276273474553579,0.02642819721457938,0.04710116482276067,0.11547373810146842,0.16027562784540791,0.5806354867052794
0.0,0.0,0.0,0.0,0.0,0.003472222222222222,0.0,0.0,0.0,0.0,0.0,0.0,0.0,0.0,0.0,0.0,0.0,0.0017006802721088435,0.003472222222222222,0.0,0.0,0.0,0.0,0.003472222222222222,0.0010416666666666667,0.004476584022038568,0.0017006802721088435,0.0033346672002134183,0.006550312962650625,0.008960781282209854,0.03131262491222384,0.07401073032518792,0.05830217417545531,0.6315257645758029
0.0,0.0,0.0,0.0,0.003787878787878788,0.0,0.0,0.0,0.0030864197530864196,0.0,0.0,0.0,0.0,0.0,0.0,0.0,0.0010964912280701754,0.0,0.0,0.0,0.0,0.0,0.0,0.00833604183277386,0.0010964912280701754,0.017821366688325752,0.027370391953725287,0.0,0.030163846619814975,0.0282199569372772,0.04014794449520972,0.07866562736273779,0.10677986826077641,0.4867610081855867
0.0,0.0,0.0,0.0006082725060827251,0.0,0.0,0.0008503401360544217,0.0,0.0,0.0,0.0,0.0,0.0008503401360544217,0.0,0.0,0.0,0.0024443149443149448,0.0008417508417508418,0.0,0.0,0.0,0.0020325203252032522,0.0006082725060827251,0.007386787635992302,0.01023909952481381,0.005203037855996817,0.026865119618046843,0.005902156486497775,0.02337505296328489,0.015585153730115176,0.04415131408602796,0.11762789891057951,0.17063813693897686,0.5647904308541248
0.0,0.0007122507122507123,0.0007936507936507938,0.0,0.0,0.0,0.0007122507122507123,0.0,0.0007507507507507507,0.0,0.0,0.0010162601626016261,0.0,0.0,0.0,0.0,0.007534862798020692,0.0017670109133523769,0.0018087419403208878,0.0007122507122507123,0.0,0.0,0.0007936507936507938,0.006929181929181929,0.005423280423280423,0.023351294608620055,0.011307096570254464,0.003753186384765333,0.009757085020242915,0.0072487081729700475,0.02104923513139174,0.10762401634771453,0.14733389852466708,0.5562880032644781
0.001937984496124031,0.0,0.0,0.0,0.0,0.0,0.0,0.0,0.0,0.001937984496124031,0.0,0.0,0.0,0.0,0.0,0.0,0.0,0.0,0.0,0.0014124293785310734,0.0,0.0,0.0017006802721088435,0.00684084654184322,0.0017006802721088435,0.008983873314732918,0.02432171699088992,0.0007507507507507507,0.010560916359530369,0.024608614309610987,0.015147266393113569,0.08659578590515114,0.11806500340618593,0.5287688004465277
