ec,oo,eg,hg,ih,ee,hj,ei,jh,ce,io,ch,hh,ic,ge,jj,ji,og,ie,gh,so,gc,gj,oj,ij,cg,jc,oi,go,oc,cc,hi,ig,gi,se,ci,sc,cj,ii,sj,sh,gg,os,sg,jg,si,es,hs,cs,js,is,gs,ss
0.0,0.0,0.0,0.0,0.0,0.0,0.0,0.0,0.0,0.0,0.0,0.0,0.0,0.0,0.0,0.0,0.0,0.0,0.0,0.0,0.0,0.0,0.0,0.00033738191632928474,0.00033738191632928474,0.00033738191632928474,0.0005307855626326964,0.0005307855626326964,0.0005341880341880341,0.0006265664160401002,0.0006265664160401002,0.0006747638326585695,0.0006747638326585695,0.0007438859813699352,0.0009578544061302681,0.000963948332369385,0.0012055493952912659,0.0013020833333333333,0.001832115811331366,0.0019062818757353622,0.002796817228335415,0.0030782867111493555,0.004299611207505944,0.005781972472998041,0.00668086482231219,0.007600905916569765,0.02075491402787488,0.033216142988422966,0.044396611172535044,0.05024441539076808,0.10852241057179497,0.16112805569045702,0.5373767072578767
0.0,0.0,0.0,0.0,0.0,0.0,0.0,0.0,0.0,0.0,0.0,0.0,0.0,0.0,0.0,0.0,0.0,0.00029036004645760743,0.00029036004645760743,0.00029036004645760743,0.0005807200929152149,0.0008250825082508251,0.000925925925925926,0.0,0.0,0.0,0.0,0.00029036004645760743,0.0,0.0,0.000925925925925926,0.00029036004645760743,0.0011614401858304297,0.002646650228087452,0.0,0.00029036004645760743,0.0005700021046231555,0.0,0.007538634466466789,0.0029994653688033483,0.00029036004645760743,0.0019789303837429557,0.0008572534704938886,0.01479458991320705,0.005047035066981876,0.0075187928829677855,0.0042087542087542095,0.027583423511339546,0.028991949196139205,0.04684345080396097,0.11619355690854011,0.1814212176043,0.5443546789175401
0.0,0.0,0.0,0.0,0.0,0.0,0.0,0.0,0.0,0.0,0.0,0.0,0.0,0.0,0.0,0.0004734848484848485,0.000946969696969697,0.0,0.0,0.0,0.0,0.0,0.0,0.0,0.0,0.0003930817610062893,0.0,0.0,0.0004734848484848485,0.0007002801120448179,0.0004734848484848485,0.0,0.0007861635220125786,0.0016336211491312224,0.0,0.0,0.0010603393085787452,0.0,0.0020860470013136585,0.004235022661113185,0.0,0.005248997449144285,0.004391324967167664,0.01287450430465815,0.0,0.004431760651368338,0.006109011693345796,0.007997405691233936,0.015769976241486714,0.015418063180470225,0.07011929313694716,0.27734755626217517,0.5670301266643778
0.0,0.0,0.0,0.0,0.0,0.0,0.0,0.0,0.0,0.0,0.0,0.0,0.0,0.0,0.0003875968992248062,0.0003875968992248062,0.0,0.0,0.0,0.00038402457757296467,0.0011111111111111111,0.0005827505827505828,0.0,0.0,0.0,0.0006613756613756613,0.0,0.0,0.0,0.0,0.0,0.0,0.002715319291270555,0.0006973077855930149,0.0,0.0,0.006650789607145775,0.0,0.0003132832080200501,0.0006613756613756613,0.0013083052149683563,0.004861553734298236,0.0015574094521462942,0.011404849604152618,0.0,0.010691111535255324,0.0051187866994759895,0.015300745075383683,0.026264904416548076,0.017662310284039973,0.08469482023872021,0.2648852147286935,0.5416974577316528
0.0,0.0,0.0,0.0,0.0,0.0,0.0,0.0,0.0,0.0,0.0,0.0,0.0,0.0010162601626016261,0.0,0.0007183908045977011,0.0,0.0,0.0,0.0,0.0,0.0,0.0,0.0,0.0,0.0,0.0,0.0,0.0,0.0,0.0,0.0010162601626016261,0.00032808398950131233,0.0,0.0007575757575757576,0.0,0.002381763663622734,0.0,0.0020325203252032522,0.0007183908045977011,0.002849210987726476,0.0,0.006094348934356959,0.004942160575924503,0.001663372859025033,0.006507233577024014,0.0037467061923583665,0.024330856361434033,0.03398016193431782,0.05409806840124887,0.11727720805404579,0.2191962923920924,0.516345134060144
0.0,0.0,0.0,0.0,0.0,0.0,0.0,0.0,0.0,0.00024084778420038535,0.0003787878787878788,0.0003787878787878788,0.0012957001048754908,0.0007309941520467836,0.0,0.0,0.0,0.0,0.0,0.0,0.0003787878787878788,0.0007374631268436578,0.0,0.0,0.0,0.0,0.0,0.0,0.0,0.0,0.0,0.0003787878787878788,0.0011704119850187266,0.0018861899504232426,0.0,0.0,0.0026621247071083338,0.0,0.0034421552014264876,0.0,0.0024772182803331905,0.004971058903643174,0.004337401387605259,0.00657646613367685,0.00335664293289888,0.005267936791332635,0.008490416307521289,0.019505506220786267,0.019698279608767192,0.04137694555096048,0.12818010934142332,0.15829656176405663,0.5837844182499003
0.0,0.0,0.0,0.0,0.0,0.0,0.0,0.0,0.0006361323155216284,0.0,0.0,0.0009157509157509159,0.0,0.0,0.0,0.0,0.0008771929824561404,0.0,0.0,0.0011111111111111111,0.0,0.0,0.0,0.0,0.0004734848484848485,0.0,0.00030303030303030303,0.0,0.0,0.0,0.0,0.0,0.00109537539574853,0.0,0.0,0.0,0.003222278458714752,0.0,0.0008771929824561404,0.0016854102424572225,0.001802113832750125,0.002487631416202845,0.00501503231704122,0.0068048194604557535,0.0009157509157509159,0.004028435830984302,0.0038035484464055895,0.013693162104186973,0.008690364740270492,0.00907809184328473,0.09350243348188547,0.2368088241039745,0.6021728319510755
0.0,0.0,0.0,0.0,0.0,0.0,0.0,0.0007645259938837921,0.000641025641025641,0.0,0.0,0.0,0.0,0.0,0.0,0.0,0.000641025641025641,0.0,0.0,0.0,0.0,0.0,0.0,0.0,0.0,0.0,0.0013240857503152587,0.0,0.0,0.0,0.0,0.0,0.0,0.0,0.0007645259938837921,0.0,0.002130646212463027,0.0,0.0007032348804500702,0.0019276748445144053,0.0020094163692089503,0.0011916035353535352,0.004102901674945853,0.014402600069798726,0.0006830601092896175,0.008892717597710707,0.01212025817692247,0.01744592213635936,0.015978563998448343,0.007427013717527892,0.10836361594391548,0.2495720080051387,0.5489135737078187
0.0,0.0,0.0,0.0,0.0007374631268436578,0.0014749262536873156,0.001937984496124031,0.0,0.0,0.0,0.0,0.0005747126436781609,0.0007374631268436578,0.0,0.0,0.0,0.0,0.0,0.0007374631268436578,0.000992063492063492,0.0007374631268436578,0.0,0.0,0.0,0.0,0.0,0.0,0.0,0.0,0.0,0.0,0.0,0.0016666666666666668,0.0,0.0,0.0,0.010234487734487735,0.0,0.0,0.0014367816091954023,0.0005747126436781609,0.0007374631268436578,0.004388256777637309,0.0014749262536873156,0.0007183908045977011,0.0066893861233196,0.012956485750838215,0.024456600697224214,0.04106542454371048,0.054756151362298146,0.06034296798518541,0.12149333364211902,0.6490784248855833
0.0,0.0,0.0,0.0010162601626016261,0.0,0.0,0.0,0.0,0.0,0.000380517503805175,0.0,0.0,0.0,0.0,0.0,0.0,0.0,0.0,0.0,0.0,0.0,0.0,0.0,0.0,0.0,0.0,0.0008417508417508418,0.0001646903820816864,0.0,0.0,0.0,0.0,0.001152832674571805,0.0025214924708670985,0.0,0.0,0.0,0.0,0.0016469038208168643,0.0018580110043524677,0.0033163672113499794,0.007940835356242593,0.006586699942043298,0.011712679949239824,0.000778816199376947,0.0077882320961073755,0.005034539281114623,0.0172066927465826,0.0249709366460017,0.060776138471674866,0.10599140235573996,0.18871180239972118,0.5496023984839574
0.0,0.0,0.0007309941520467836,0.0,0.0,0.0,0.0,0.0006361323155216284,0.0013607699966810488,0.0,0.0007246376811594203,0.0,0.0,0.0,0.0,0.002225783475783476,0.0012722646310432569,0.0,0.0,0.0,0.0,0.0010683760683760683,0.0,0.0,0.0,0.0,0.0006361323155216284,0.0,0.0,0.0,0.0,0.0,0.0,0.0013257376877034547,0.0,0.0,0.0,0.0,0.0014556318332062037,0.0029961532374888915,0.0,0.001025540415210102,0.005769084916014131,0.006530481606140881,0.0011574074074074073,0.007914023735071671,0.0029509471303364432,0.01086839729132528,0.015539123558249296,0.01974319645997434,0.08478571495945926,0.24389932608825013,0.5853841430380291
0.00034722222222222224,0.00034722222222222224,0.0,0.0,0.0,0.0,0.0,0.0,0.0,0.0,0.0,0.0,0.0,0.0,0.00034722222222222224,0.0,0.0006720430107526881,0.0,0.0,0.0003486750348675035,0.0,0.0,0.0,0.0,0.0,0.0,0.0013440860215053762,0.0,0.0,0.0,0.0,0.0,0.0003486750348675035,0.0003486750348675035,0.0,0.0,0.0010150038782237734,0.0,0.0006958972570897257,0.003787878787878788,0.00034722222222222224,0.0013679402678424138,0.003892828451365715,0.00833493409010144,0.0,0.010623799550156401,0.005926635097994529,0.01026044740244225,0.01744613044190875,0.018715335531432217,0.10478185312517534,0.24809048461490543,0.5606097884777338
0.0,0.0,0.0,0.0,0.0,0.0,0.0,0.0,0.0,0.0,0.0,0.0,0.0,0.0,0.0,0.0,0.0,0.0,0.0,0.0,0.0024299029893866133,0.0,0.0,0.0,0.0,0.0,0.0,0.0,0.0006666666666666666,0.0,0.0,0.0,0.0,0.0,0.0,0.0,0.0,0.0,0.0,0.0022522522522522522,0.002551546391752577,0.0,0.02083874139626352,0.0015625456350944831,0.0023333333333333335,0.003991749174917492,0.009444675444675444,0.017180627079473244,0.0372561878112282,0.03845285723832798,0.10527358898541288,0.12225895557375029,0.5501730366941318
