je,hc,jj,oo,cg,ic,gh,eg,se,ec,go,gj,jc,so,ci,og,jo,ji,jg,hi,ch,ij,ce,ge,ei,co,hh,ig,sj,eo,ih,cc,ii,jh,oj,oi,sh,sc,gi,ie,ee,es,gg,si,os,sg,hs,js,cs,is,gs,ss
0.0,0.0,0.0,0.0,0.0,0.0,0.0,0.0,0.0,0.0,0.0,0.0,0.0,0.0,0.0,0.0,0.0,0.00032299741602067185,0.00032299741602067185,0.00043402777777777775,0.00043402777777777775,0.0004432624113475177,0.0004432624113475177,0.0004432624113475177,0.0004432624113475177,0.0006613756613756613,0.0007716049382716049,0.000799187892211148,0.0008160940629634725,0.0008865248226950354,0.0010162601626016261,0.0011375661375661375,0.0013796214696378364,0.001488095238095238,0.001488095238095238,0.0015093568095444268,0.0017577982321572063,0.00193571305013962,0.0020140552418302705,0.0020921575387444183,0.0035296821644339375,0.005302042518678188,0.007083819802326761,0.007118255116624489,0.007614941366032166,0.010176823069150435,0.026475321872483026,0.026685514937883983,0.03607468346932655,0.09485475345440764,0.18024610558824114,0.5717974501114957
0.0,0.0,0.0,0.0,0.0,0.0,0.0,0.0,0.0,0.0,0.0,0.0,0.0004187604690117253,0.0004187604690117253,0.0004761904761904762,0.0008791656255494785,0.0010964912280701754,0.0,0.003606304030002543,0.0,0.0,0.0,0.0,0.0,0.0,0.0,0.0,0.0022037454048540136,0.0016457167262989199,0.0,0.0,0.0,0.0007924104686227465,0.0,0.0,0.0,0.003496367831286222,0.0004604051565377532,0.00033200531208499334,0.0,0.0,0.00590936656542215,0.003089376853986922,0.008677358794223362,0.007046242686064064,0.007760999416600667,0.01586836249958639,0.026304547763247157,0.02795582873259131,0.09434564640864068,0.1833119430879349,0.6039040039941816
0.0,0.0,0.0,0.0,0.0,0.00034578146611341634,0.0004930966469428008,0.0005446623093681918,0.0006127450980392157,0.0006720430107526881,0.0006720430107526881,0.0013989086200517943,0.00034578146611341634,0.0013223772414948886,0.0,0.0,0.0,0.0,0.001037344398340249,0.0,0.0,0.0,0.0,0.0005446623093681918,0.0006127450980392157,0.0,0.0,0.004469849025079701,0.0017367376398412127,0.0,0.0,0.00034578146611341634,0.0022599886564259775,0.0,0.00034578146611341634,0.000286368843069874,0.003847400828581836,0.002108540763507467,0.0023198579843460017,0.0006127450980392157,0.0,0.007276035254655444,0.011077139531835032,0.009194034240388496,0.012571673298402945,0.015609365720060005,0.01619728896602367,0.012179060227227959,0.02239181257182057,0.09802103416935852,0.22180332872597042,0.5467439848477621
0.0,0.0,0.0,0.0,0.001366120218579235,0.0,0.0,0.000896057347670251,0.001366120218579235,0.0,0.0,0.0,0.0,0.00030413625304136254,0.0,0.0,0.0,0.0,0.0,0.0,0.0,0.0,0.0,0.0,0.0,0.0,0.0,0.00048449612403100775,0.002001038634875251,0.0,0.0,0.0,0.0,0.0,0.0,0.0,0.011904761904761904,0.0,0.00048449612403100775,0.0,0.0,0.015995666917790075,0.0009689922480620155,0.008574487976692613,0.01185024554255345,0.008294473033700275,0.02107192112268502,0.008938316659414683,0.02178833125233208,0.08912056374546888,0.17453200614076472,0.620057768534967
0.0,0.0,0.0,0.0,0.0,0.0,0.0,0.0,0.016666666666666666,0.0,0.0,0.0,0.0,0.0,0.0,0.0,0.0,0.0,0.0,0.0,0.0,0.0,0.0,0.0,0.0,0.0,0.0,0.0,0.0,0.0,0.0,0.0,0.0,0.0,0.0,0.0,0.0,0.0,0.0,0.0016666666666666668,0.016666666666666666,0.027592592592592596,0.0,0.0,0.06018518518518518,0.0,0.009259259259259259,0.024456521739130432,0.02906862745098039,0.006666666666666667,0.09371696504688831,0.46405418205929716
0.0,0.0,0.0,0.0,0.0,0.0,0.0,0.0,0.0,0.0,0.0,0.0,0.0,0.0,0.0,0.0,0.0,0.0,0.0,0.0,0.0,0.0,0.0,0.0,0.0,0.0,0.0,0.0,0.020833333333333332,0.0,0.0,0.0,0.0,0.0,0.0,0.0,0.0,0.0,0.0,0.0,0.0,0.0023504273504273503,0.0,0.0,0.028299396681749623,0.021901709401709404,0.001282051282051282,0.010256410256410256,0.021464646464646464,0.06482814571049866,0.07263700351935647,0.5894802093331506
0.0,0.0,0.0008417508417508418,0.0010288065843621398,0.0,0.0,0.0,0.009175084175084175,0.0,0.0,0.0,0.0,0.0005747126436781609,0.0016035192280403007,0.0,0.0,0.0,0.0,0.0004930966469428008,0.0,0.0,0.0,0.0,0.0,0.0010288065843621398,0.0,0.0,0.0010678092906209616,0.0,0.0,0.0,0.0,0.0,0.0,0.0,0.0,0.0,0.0010288065843621398,0.0010288065843621398,0.0,0.0,0.018578794127928636,0.004533951424076025,0.0073171473773883415,0.02612629957675384,0.013725033280032092,0.024852165189367365,0.005358569556741555,0.03142797325451224,0.0943653058812245,0.150779315409835,0.6050642457585746
0.0,0.007575757575757576,0.0,0.0,0.007575757575757576,0.0,0.0,0.0,0.0043859649122807015,0.0,0.0,0.0,0.0,0.0,0.0,0.0,0.0,0.0,0.0,0.0,0.0,0.0,0.0,0.0,0.0,0.0,0.0,0.0,0.0,0.0,0.0,0.0,0.0,0.0,0.0,0.0,0.0,0.0,0.0,0.0,0.0043859649122807015,0.0008865248226950354,0.020634920634920634,0.0,0.0017730496453900709,0.009616683552853765,0.007725430597771023,0.0024890889252591384,0.006838905775075988,0.0192080378250591,0.07459616251609531,0.6656410840621367
0.0,0.0,0.0,0.0,0.0,0.0,0.0,0.0,0.0,0.0,0.0,0.0,0.0,0.0,0.0,0.0,0.0,0.0,0.0,0.0,0.0,0.0,0.0,0.0,0.0,0.0,0.0,0.0,0.0,0.0,0.0,0.0,0.0,0.0,0.0,0.0,0.0,0.0,0.0,0.0,0.0,0.0,0.0,0.004629629629629629,0.0,0.0,0.0,0.0,0.017124368686868688,0.007575757575757576,0.02696233164983165,0.6937079124579123
0.0,0.0,0.0,0.0,0.0,0.0,0.0,0.0,0.0,0.0,0.0,0.0,0.0,0.0,0.0,0.0,0.0,0.0,0.0,0.0,0.0,0.0,0.0,0.0,0.0,0.0,0.004901960784313725,0.0,0.041666666666666664,0.0,0.0,0.0,0.0,0.0,0.0,0.0,0.004901960784313725,0.0,0.0,0.0,0.0,0.008235294117647058,0.0,0.013986013986013986,0.03982259570494864,0.0023148148148148147,0.01686777275012569,0.018315018315018316,0.004901960784313725,0.03892002605237899,0.08864738202973499,0.7165185332097096
0.0012626262626262627,0.0,0.0,0.0,0.0,0.0,0.0,0.0,0.0,0.0,0.0,0.0,0.0,0.0,0.0,0.0,0.0,0.0,0.0,0.0,0.0,0.0,0.0,0.0,0.0,0.0,0.0,0.0,0.0,0.0,0.0,0.0,0.0,0.0,0.0,0.0,0.0,0.0,0.0016339869281045752,0.0,0.0,0.03925865800865801,0.0,0.0016339869281045752,0.01063898525371128,0.012939680853661512,0.025220959595959592,0.004387626262626262,0.019427998472116115,0.04001853751047949,0.1083218073447727,0.7352551465791798
0.0,0.0,0.0,0.0,0.0,0.0,0.0,0.0,0.0,0.0,0.0,0.0,0.0,0.0,0.0,0.0,0.0,0.0,0.0,0.0,0.0,0.0,0.0,0.0,0.0,0.0,0.0,0.0,0.0,0.0,0.0,0.0,0.0,0.0,0.0,0.0,0.0,0.0,0.0,0.0,0.0,0.0,0.0,0.0,0.0,0.009259259259259259,0.009259259259259259,0.0,0.0,0.014467592592592593,0.011111111111111112,0.7892361111111112
0.0,0.0,0.0,0.0,0.0,0.0,0.0,0.0,0.0,0.0,0.0,0.0,0.0,0.0,0.0,0.0,0.0,0.0,0.0,0.0,0.0,0.0,0.0,0.0,0.0,0.0,0.0,0.0,0.0,0.0,0.0,0.0,0.0,0.0,0.0,0.0,0.0,0.0,0.0,0.0,0.0,0.015238095238095238,0.0,0.004166666666666667,0.01,0.0033333333333333335,0.0,0.027777777777777776,0.031111111111111107,0.01,0.01361111111111111,0.4680952380952381
