oj,ee,io,gc,oc,oo,jc,jj,hi,oi,ji,jo,hg,ic,og,cc,gh,ec,ho,eo,gj,ge,go,cg,ih,oh,ci,so,jg,ch,ie,se,eg,sh,ij,sj,sc,ig,es,gi,ii,os,gg,si,sg,hs,js,cs,is,gs,ss
0.0,0.0,0.0,0.0,0.0,0.0,0.0,0.0,0.0,0.0,0.0,0.0,0.0,0.0,0.0,0.0,0.0,0.0,0.0002579979360165119,0.00028735632183908046,0.00028735632183908046,0.00028735632183908046,0.0004385964912280702,0.0004385964912280702,0.0004385964912280702,0.0004528985507246377,0.0005159958720330238,0.0006561679790026247,0.0006561679790026247,0.0006887052341597796,0.0008090614886731391,0.0008090614886731391,0.0008090614886731391,0.0010467814346657202,0.0011645493042952207,0.0013670644657437744,0.001459520172874729,0.001797292143401983,0.002218219921608273,0.0027071781527759384,0.004579548932025664,0.008225859869613118,0.009875051899421512,0.011890285478869158,0.013478496759733054,0.015822557897205162,0.02248557373124652,0.030693542206796973,0.14711943263090962,0.21746153518908698,0.4987745333535665
0.0,0.0,0.0,0.0,0.0,0.0,0.0,0.0,0.0,0.0,0.0,0.0,0.0,0.0,0.0,0.00019113149847094801,0.00041696709016019823,0.0004655493482309125,0.0,0.0,0.0,0.0,0.0,0.0,0.0,0.0,0.0,0.0,0.001806490374313216,0.00038226299694189603,0.0,0.0,0.00043177892918825565,0.001152909710228363,0.0,0.0011718682902429626,0.0032366134580877307,0.0016827601805684976,0.0007624667598760864,0.005824077230161535,0.0013142953675793663,0.004553419731869784,0.027052137195086007,0.010360722751771686,0.032476611175401245,0.02751158684569477,0.020180741835373137,0.051025550715640716,0.1275468048987161,0.22856860428251025,0.4518846493338864
0.0,0.0,0.0,0.0,0.0,0.0,0.0003255208333333333,0.0003255208333333333,0.00034013605442176874,0.00034013605442176874,0.00042517006802721087,0.00042517006802721087,0.0006588541666666666,0.0006720430107526881,0.0009911777210884355,0.0,0.0,0.0,0.0,0.0,0.00036710719530102793,0.0005555555555555556,0.0,0.0,0.0012254901960784314,0.0,0.0,0.00034013605442176874,0.0013904338153503894,0.0,0.0,0.0003333333333333333,0.0,0.0003333333333333333,0.0006720430107526881,0.0015545457766439911,0.0010964812320867433,0.005489549789355466,0.0015223831468071096,0.00196875,0.00610739840290955,0.01309910267528093,0.011746383901874248,0.006235433525914606,0.023289616851517217,0.010267396446041388,0.019708650068066862,0.01720510889167495,0.08423463885486236,0.2233110146231131,0.5634423845096524
0.0,0.0,0.0,0.0,0.0,0.00032299741602067185,0.0,0.0010683760683760683,0.0,0.00032299741602067185,0.0,0.00032299741602067185,0.0,0.0,0.0004604051565377532,0.0,0.0,0.0006837477767710325,0.0,0.0,0.0,0.0,0.0,0.00036075036075036075,0.0,0.0,0.0,0.0032991878922111477,0.0,0.00032299741602067185,0.0,0.000496031746031746,0.00032299741602067185,0.00036075036075036075,0.0,0.0024831179971938843,0.0,0.0003930817610062893,0.002932841204835501,0.0021691471067534595,0.0026732725076108713,0.018627736696529108,0.005999424635055761,0.008938549170806007,0.012396683024662507,0.01956508122948893,0.024918845806673858,0.03190682622269133,0.10597271700556139,0.23752189654109931,0.5151565426485
0.0,0.0,0.0,0.0010964912280701754,0.0036231884057971015,0.0,0.0,0.0,0.0,0.0,0.0,0.0,0.0,0.0,0.0,0.003787878787878788,0.0,0.0,0.0,0.0,0.0,0.0,0.0,0.0047196796338672764,0.0,0.0,0.0036231884057971015,0.0005376344086021505,0.0010964912280701754,0.0,0.0036231884057971015,0.0,0.0,0.0027304781561747504,0.0,0.0038863778889245784,0.011238175286488567,0.0036231884057971015,0.0029673202614379085,0.0,0.00791304347826087,0.02561588659372288,0.0,0.012361504729759562,0.0029504375360836724,0.011937709637906857,0.03607294419334515,0.03962684602685957,0.12534974047898748,0.1222655533733598,0.5693530534490114
0.0,0.0,0.0007309941520467836,0.0,0.0,0.0,0.0,0.0,0.0,0.0,0.0,0.0,0.0,0.0,0.002553094610856344,0.000980392156862745,0.0,0.0,0.0,0.0,0.0,0.002553094610856344,0.0,0.0,0.0,0.0,0.0,0.0,0.0028322440087145974,0.0,0.0,0.0,0.0,0.002534672340487281,0.0,0.0008680555555555555,0.006256798314560048,0.001178035341060232,0.008944935647722026,0.0,0.0006720430107526881,0.0368575374926477,0.005739989189845419,0.004566014239344873,0.009620791498595615,0.02219452316781596,0.06987485855163682,0.02782064463721731,0.10217871741321016,0.14993938424556214,0.5411031798146494
0.0,0.0,0.0,0.0005144032921810699,0.0,0.0,0.0,0.00048449612403100775,0.0,0.0005144032921810699,0.0,0.0,0.0,0.0,0.0,0.0,0.0,0.0,0.0,0.0,0.0,0.0,0.0,0.0,0.0,0.0,0.0,0.0,0.0,0.0,0.0,0.0,0.0,0.0,0.0,0.0,0.0030146172012103967,0.0,0.0018376545550040082,0.0,0.0005518763796909492,0.022013636931895193,0.003148741932292632,0.006493640369452204,0.007772958936724981,0.01915310585373606,0.027321227589578372,0.031087699345601082,0.08773358589065129,0.21624590044690406,0.5721120518588655
0.0,0.0,0.0,0.0,0.0,0.0008503401360544217,0.0004480286738351255,0.0,0.0,0.0,0.0,0.0,0.0,0.0,0.0,0.0,0.0,0.0,0.0,0.0,0.0004480286738351255,0.0,0.0,0.0,0.0,0.0004480286738351255,0.0,0.0,0.0005376344086021505,0.0,0.0,0.0,0.0,0.0004480286738351255,0.0,0.003922818124831302,0.011695792686576098,0.0012983688098895472,0.0030634356141166406,0.0,0.0,0.015205307813725602,0.002823035035297026,0.00858330428734801,0.007720423046375102,0.025664688561223534,0.04050773893602273,0.021493582322742354,0.1051261914183652,0.1819078990481109,0.5678073250553789
0.0,0.001937984496124031,0.0,0.0,0.0,0.0,0.0,0.0,0.0,0.0,0.0,0.0,0.0,0.0,0.0006666666666666666,0.0,0.0,0.0,0.0,0.0,0.0,0.0,0.0,0.0,0.0,0.0,0.0,0.0,0.0,0.0,0.0,0.001937984496124031,0.0,0.0,0.0,0.0,0.0,0.0,0.009259259259259259,0.0,0.001937984496124031,0.004875014571312001,0.001937984496124031,0.002232142857142857,0.005677758012528127,0.023085273137708775,0.03565870459699838,0.028421052291884494,0.0776782524962467,0.12743335261100963,0.6772605855147469
0.0,0.0,0.0,0.0,0.0,0.0,0.0,0.0,0.0,0.0,0.0,0.00038580246913580245,0.0,0.0,0.0,0.0,0.0,0.0,0.004166666666666667,0.0,0.0,0.0007575757575757576,0.0,0.0,0.0,0.0,0.0,0.0,0.0,0.0,0.0,0.0,0.0,0.0,0.0,0.00114337822671156,0.001366120218579235,0.0,0.0017085537918871251,0.0,0.0,0.013891418403399067,0.0011111111111111111,0.0040237148437224585,0.004737654320987655,0.008841023127995756,0.07131201228567527,0.03421678521485658,0.09403364884654657,0.15638624534150666,0.6019182893736427
0.0016339869281045752,0.0,0.0,0.0,0.0,0.0,0.0,0.0006313131313131314,0.0,0.0,0.0,0.0011568700281672703,0.0,0.0,0.0,0.0,0.0,0.0,0.0,0.00046816479400749064,0.0,0.0,0.0,0.0,0.0,0.0,0.0,0.0012722646310432569,0.0,0.0,0.0,0.0,0.0,0.0023586246092639953,0.0,0.0033647779847383284,0.0026881720430107525,0.0014133429153191997,0.0014492753623188406,0.0,0.0,0.013706726528661936,0.0007246376811594203,0.007952522047926982,0.014410999357051354,0.010306420236643389,0.020483614131864628,0.031491179533251194,0.08974936525964976,0.24015101525267898,0.5545867275438255
0.0,0.0,0.0,0.0,0.0,0.0,0.0007183908045977011,0.0012144225506294471,0.0,0.0,0.0,0.0,0.0,0.0,0.0,0.0,0.0,0.0,0.0,0.0,0.0,0.0,0.0,0.0,0.0,0.0,0.0,0.000496031746031746,0.004166666666666667,0.0,0.0,0.0,0.0,0.0,0.0,0.002887034000834,0.0023627075351213282,0.00042301184433164127,0.014045859303385992,0.0,0.000778816199376947,0.016337263923825316,0.000778816199376947,0.005730887662974392,0.005287522549963841,0.014862450583617884,0.03590467745211584,0.032774863509108444,0.11357422698423124,0.17212151773264076,0.5755348327511698
0.0,0.0,0.0,0.0005707762557077625,0.0,0.0,0.0,0.0,0.0,0.0,0.0008333333333333334,0.0,0.0,0.0,0.0,0.0,0.0,0.0,0.0,0.0,0.0008333333333333334,0.0,0.0,0.0,0.0,0.0,0.0,0.0006361323155216284,0.0,0.0,0.007575757575757576,0.0008333333333333334,0.0,0.0006361323155216284,0.0,0.004901960784313725,0.0,0.0,0.0016666666666666668,0.0,0.0008333333333333334,0.009179645611250878,0.0,0.001404109589041096,0.002787416146194772,0.012505218215595014,0.041109132678288106,0.018192249038305016,0.07994637051943809,0.1447301749172624,0.6708249240378024
