og,jo,ic,go,hg,gj,ci,je,sh,ee,se,eg,cc,cg,jc,oj,ii,ji,jj,io,oi,sj,gg,so,si,gi,ig,hi,gc,es,sc,hs,sg,jg,os,cs,js,is,gs,ss
0.0,0.0,0.0,0.0,0.0,0.0,0.0,0.0,0.0,0.0,0.0,0.0,0.0,0.0,0.0,0.0,0.0,0.0,0.0,0.0012254901960784314,0.0012254901960784314,0.0014124293785310734,0.001488095238095238,0.0016666666666666668,0.001736111111111111,0.0020325203252032522,0.0024509803921568627,0.0024509803921568627,0.0026881720430107525,0.0041006014215418255,0.005555555555555556,0.005853758169934641,0.006406551010923867,0.006829439092710256,0.009867869509750318,0.013698217677590533,0.09510959773689875,0.09638450410041123,0.1469270367396578,0.5908899330459364
0.0,0.0,0.0,0.0,0.0,0.0,0.0,0.0,0.0,0.0,0.0,0.0,0.0,0.0,0.001685049019607843,0.001736111111111111,0.001893939393939394,0.0022522522522522522,0.00395247113997114,0.0,0.0,0.003901409048467872,0.004022121669180493,0.0,0.005908878702996351,0.0032051282051282055,0.0,0.0,0.0,0.008526626173684998,0.0,0.0022522522522522522,0.009007240716799541,0.0011904761904761904,0.00879158627320392,0.024780387096563567,0.07788103606118311,0.040692286096697866,0.15920109302462243,0.6391196555718616
0.0,0.0,0.0,0.0,0.0,0.0,0.0,0.0,0.0,0.0,0.0,0.0,0.0006720430107526881,0.0013227513227513227,0.0,0.0,0.0,0.0,0.0,0.0,0.0,0.005601998250689633,0.0006459948320413437,0.0013227513227513227,0.0009363295880149813,0.0017875473434568686,0.0,0.0013227513227513227,0.0,0.003968253968253968,0.0,0.003918279690476305,0.007833322676934954,0.0006459948320413437,0.016491498808530614,0.02256603133760825,0.025104450468977302,0.04379199571660239,0.20258110105422236,0.6594869044531431
0.0,0.0,0.0,0.0,0.0,0.0,0.0,0.0,0.0,0.0,0.0,0.0009578544061302681,0.0,0.0,0.0,0.0,0.0,0.0,0.0,0.0,0.0,0.0,0.003258010521281683,0.0,0.0020325203252032522,0.0,0.0,0.0,0.0,0.0,0.0,0.007084066716955829,0.01907516438595881,0.002798127798127798,0.006455362125465218,0.004023617994206229,0.025772743028211975,0.06369701535230406,0.20492900548579598,0.5765831785270255
0.0,0.0,0.0,0.0,0.0,0.0,0.0,0.0,0.0016666666666666668,0.001893939393939394,0.001893939393939394,0.0,0.0,0.0,0.009259259259259259,0.0,0.0,0.02314814814814815,0.0007246376811594203,0.0,0.0,0.0,0.0,0.0,0.0,0.0,0.001893939393939394,0.0,0.0,0.0025252525252525255,0.0,0.002892156862745098,0.006586831043352784,0.0015432098765432098,0.01094254377278113,0.025158211432721234,0.029219222179468065,0.06926620411241491,0.1582636152412255,0.6531222230164438
0.0,0.0,0.0,0.0,0.0,0.0,0.0007936507936507938,0.0014367816091954023,0.0,0.0,0.0,0.0,0.0,0.0,0.0,0.0,0.0007936507936507938,0.0007936507936507938,0.0,0.0,0.0036231884057971015,0.0010964912280701754,0.0030864197530864196,0.0,0.005702654625068418,0.0,0.0007936507936507938,0.0,0.0,0.003103448275862069,0.0032539682539682543,0.0074034724492390395,0.009713269931450315,0.003472222222222222,0.008689287874859562,0.016458236762229506,0.04047202091025574,0.051059895595226605,0.10020933450833631,0.571378037753863
0.0,0.0,0.0,0.0,0.0,0.0010040160642570282,0.0,0.0,0.000925925925925926,0.0,0.0,0.0,0.0,0.0029360702614379085,0.0,0.0,0.0,0.0,0.0,0.0,0.0,0.002528490028490029,0.002904647435897436,0.0010040160642570282,0.0030525081196644253,0.0,0.0,0.0,0.0,0.009776583514673646,0.0013020833333333333,0.008368029119974365,0.013819511747663034,0.0033101154618473895,0.029515821150571362,0.014838887801129791,0.021205110147185277,0.09013715183241065,0.18964377608870683,0.6037272559025746
0.0,0.0,0.0,0.0015432098765432098,0.0015432098765432098,0.0006944444444444445,0.0,0.0,0.0,0.0,0.0,0.0016339869281045752,0.0,0.0,0.0,0.0,0.0,0.003472222222222222,0.0,0.0,0.0,0.0,0.0023284313725490196,0.0,0.008137514264965244,0.0,0.0,0.0,0.0,0.001736111111111111,0.0,0.003962418300653595,0.01482639671449678,0.001736111111111111,0.014288307915758894,0.025344304388422032,0.015531305114638447,0.04344164869012739,0.21131781076132397,0.5651292335736514
0.0,0.0,0.0,0.0,0.0,0.0,0.0,0.0,0.0,0.0,0.011904761904761904,0.0,0.0,0.0,0.000778816199376947,0.0,0.004415760869565217,0.0021929824561403508,0.0,0.0033333333333333335,0.0,0.001488095238095238,0.0,0.0,0.001557632398753894,0.0,0.0,0.0,0.0,0.0,0.0,0.0,0.000778816199376947,0.0,0.04719298245614035,0.012590376349752887,0.01986484649250106,0.0385417054929074,0.10224503476030589,0.586448189182322
0.0,0.0,0.000462962962962963,0.0,0.0,0.0,0.0,0.0,0.0,0.0,0.0,0.0,0.0,0.0,0.0,0.0,0.0011261261261261261,0.0,0.001736111111111111,0.0,0.0,0.010416666666666666,0.0023148148148148147,0.000462962962962963,0.010278547778547777,0.0,0.0,0.0,0.0,0.006196056196056197,0.0,0.017894774144774143,0.009321340571340571,0.0011261261261261261,0.00823539886039886,0.02892608517608518,0.04606081168581169,0.038332125832125835,0.0758324102074102,0.6579433454433455
0.0,0.000641025641025641,0.0,0.0,0.0007936507936507938,0.0,0.0007936507936507938,0.000980392156862745,0.0,0.0,0.0,0.0,0.0,0.0,0.0007936507936507938,0.0,0.0028687309672029535,0.0009689922480620155,0.0,0.0,0.0,0.0018665158371040725,0.001843115028046535,0.0012254901960784314,0.007114316711839932,0.000641025641025641,0.001282051282051282,0.0,0.0,0.0031367680093042014,0.0009689922480620155,0.020380779307255226,0.006157150948066593,0.001141552511415525,0.013877848616862863,0.015504980456982146,0.027586669704482595,0.07612782486506857,0.19857819305440572,0.614726632187843
0.0005518763796909492,0.0,0.0,0.0,0.0,0.0016666666666666668,0.0,0.0,0.0012254901960784314,0.0,0.0,0.0,0.0,0.0,0.0,0.0,0.0,0.0024509803921568627,0.0,0.0,0.0,0.0016666666666666668,0.0018283904405413188,0.0,0.0037066382844528536,0.0,0.0,0.0,0.0,0.002713585434173669,0.0,0.0005518763796909492,0.008997913879055798,0.0016666666666666668,0.0022222222222222222,0.008169934640522876,0.010957505518763797,0.04601056342047772,0.21383993975006999,0.5251064163954359
0.0033333333333333335,0.0,0.0,0.0,0.0,0.0,0.0,0.0,0.0,0.0,0.0,0.0,0.0,0.0,0.0,0.0,0.0,0.0,0.0,0.0,0.0,0.0015432098765432098,0.006410256410256411,0.0,0.021769662921348316,0.0,0.0,0.0,0.0,0.0033333333333333335,0.0,0.029250225835591687,0.01856182435450728,0.0015432098765432098,0.016764312042013695,0.04201126286800444,0.020072775668829382,0.018537549607705813,0.08905503666568342,0.7278140072063065
