ce,hc,eg,hi,co,cg,gc,oo,ho,io,ei,ec,jc,ij,oh,ih,go,jh,og,hh,gh,oi,ci,cc,ji,oc,jj,so,ch,hg,sh,gj,se,gi,jg,ig,ii,sc,sj,es,os,gg,sg,si,hs,js,cs,is,gs,ss
0.0,0.0,0.0,0.0,0.0,0.0,0.0,0.0,0.0,0.0,0.0,0.0,0.0,0.0,0.0,0.0,0.0,0.0,0.0,0.0,0.0,0.0,0.0,0.0,0.0003770739064856712,0.0004816955684007707,0.0005274261603375527,0.0005274261603375527,0.0007645259938837921,0.0007645259938837921,0.0007716049382716049,0.0007936507936507938,0.0012441012441012443,0.0023292279621393544,0.0023567260666196746,0.0036732921713488902,0.0038765184416098015,0.004237998945742901,0.0053942132953477,0.007329811627859595,0.01003675836868571,0.014028461720589537,0.014296251823077233,0.015054197268271773,0.03075863973964997,0.032810988636935746,0.04081326175945327,0.14248089753012594,0.16905667823854698,0.49521404564464316
0.0,0.0,0.0,0.0,0.0,0.0,0.0,0.0,0.0,0.0,0.0,0.0,0.0,0.0,0.0,0.0,0.0,0.0,0.0003770739064856712,0.000496031746031746,0.0005482456140350877,0.0007507507507507507,0.0007507507507507507,0.001969666295508992,0.0,0.0,0.0,0.002232142857142857,0.0,0.000925319520520759,0.0013691373985491634,0.0,0.002777777777777778,0.0038970508623206823,0.001572327044025157,0.0026022548641440723,0.0044130807541073935,0.003442292331719455,0.000992063492063492,0.005478085428928125,0.009571934538348802,0.018196405683069346,0.013021966706751745,0.010378329393211943,0.027373948341965614,0.04113401035038949,0.028427785672455286,0.11247567314057173,0.16022849687768323,0.544597397900691
0.0,0.0,0.0,0.0,0.0,0.0,0.0,0.0,0.0,0.0,0.0,0.0,0.00041254125412541255,0.0005020080321285141,0.0005518763796909492,0.0006265664160401002,0.0006666666666666666,0.0015955586641021157,0.0,0.0,0.0,0.0004084967320261438,0.0005020080321285141,0.0,0.0,0.0,0.0006265664160401002,0.0,0.0,0.0005518763796909492,0.001293233082706767,0.0,0.0005518763796909492,0.0017606890215073907,0.000960373111717093,0.005589548436213042,0.00207359147869743,0.0010391076701655128,0.0035182404390724192,0.002956223127943837,0.015449623190627983,0.014516890966033853,0.015909544448389948,0.00731025726085931,0.01521277948454325,0.021010421329127185,0.03769142398796278,0.11044456527395685,0.20144472131834634,0.5348227250197986
0.0,0.0,0.0,0.0,0.0,0.0,0.0,0.0,0.0,0.0,0.0010288065843621398,0.0028735632183908046,0.000946969696969697,0.0,0.0,0.0,0.0,0.0008012820512820514,0.0,0.0,0.0,0.0,0.001501562163326869,0.0007002801120448179,0.0012165450121654502,0.0,0.0,0.0016262060379707438,0.0028735632183908046,0.0006082725060827251,0.0033436213991769547,0.000925925925925926,0.0,0.0,0.006035501752669765,0.0,0.000925925925925926,0.004334520597461297,0.000925925925925926,0.006689404156724418,0.01737438964700307,0.003624901497241923,0.002983539094650206,0.006017420970786745,0.029137602481144633,0.04279309243719925,0.04934000437400812,0.16496541110104396,0.15172638754128762,0.49467937457083816
0.0,0.0,0.0,0.0,0.0,0.0,0.0,0.0009057971014492754,0.0017006802721088435,0.0022522522522522522,0.0,0.0009057971014492754,0.0,0.0,0.0,0.0,0.0,0.0,0.0,0.0,0.0,0.005125815470643057,0.0,0.0,0.0,0.0,0.0,0.0015151515151515152,0.0,0.0,0.004068465677651686,0.0015151515151515152,0.004901960784313725,0.0,0.0,0.007154213036565978,0.005705388263527798,0.0015151515151515152,0.0014619883040935672,0.015893316574278615,0.02424789456483327,0.0,0.0,0.00868252808277288,0.010784578048525959,0.04154132728622207,0.043262968576774447,0.09179053522726134,0.11076233047513655,0.614306708354685
0.0,0.0,0.0,0.0007716049382716049,0.0011574074074074073,0.0011574074074074073,0.0014367816091954023,0.0,0.0,0.0,0.0,0.0,0.0,0.0,0.0,0.0,0.001736111111111111,0.0,0.0,0.0,0.0,0.0,0.0,0.0,0.0,0.0011574074074074073,0.0,0.0020013568521031204,0.0,0.001736111111111111,0.0029524341665146266,0.0,0.0,0.0012437810945273632,0.0019014550264550263,0.0026805627037227654,0.0,0.005509654110400379,0.0024936868686868687,0.0039546102046102045,0.016428672906895005,0.0012437810945273632,0.005798440065681445,0.01304945009359259,0.021964420947290814,0.05458579032062135,0.04145137150216215,0.10885480853025829,0.12341988836912733,0.5813130041509119
0.0,0.0,0.0005952380952380952,0.0,0.0,0.0010416666666666667,0.0,0.0,0.0,0.0,0.0,0.0,0.000896057347670251,0.0,0.0,0.0,0.0,0.0,0.0,0.0,0.0,0.0,0.0,0.0,0.0005952380952380952,0.0,0.0,0.0034528987890728065,0.0,0.0,0.00034153005464480874,0.0,0.0,0.0,0.0018115942028985507,0.0029791537864264864,0.0013327012220817529,0.007299074345530093,0.004381444265427441,0.004340607134693804,0.02048837695637803,0.00491439852883114,0.008788026545368586,0.007659677332802616,0.024052515700336133,0.018165501239955573,0.03897087194494516,0.15324528828600337,0.1750868650771772,0.5195612743826135
0.0,0.0,0.0,0.0007575757575757576,0.0,0.0013227513227513227,0.0,0.0,0.0,0.0,0.0,0.0,0.0007374631268436578,0.0,0.0,0.0,0.0,0.0,0.004166666666666667,0.0,0.0,0.0,0.0,0.0,0.0031385281385281384,0.0,0.0,0.0037272441933458877,0.0,0.0007575757575757576,0.006778039498627733,0.0,0.0,0.0007575757575757576,0.0011904761904761904,0.0007575757575757576,0.0,0.003911005270974037,0.0011904761904761904,0.008149679755161982,0.025511729384458542,0.0007575757575757576,0.010699124559093326,0.009173329393917629,0.03399010978611778,0.04093967848627543,0.04305981660003665,0.15438946702479112,0.1418038591579363,0.5023326764656425
0.0,0.0,0.0,0.0,0.0,0.0,0.002666837344256699,0.0,0.0,0.007575757575757576,0.0,0.0,0.0,0.0,0.0,0.0,0.0,0.0,0.0,0.0,0.0,0.0,0.0,0.0,0.0,0.0,0.0,0.0,0.0,0.0,0.0,0.0,0.001893939393939394,0.0,0.0012626262626262627,0.0012626262626262627,0.0,0.001893939393939394,0.0,0.007894713687396615,0.014797363882729736,0.0,0.0012626262626262627,0.015178296719827572,0.016318821196869976,0.043731014374208704,0.03371629827176641,0.09887046454850208,0.09911281781891257,0.6525618570040145
0.001736111111111111,0.001736111111111111,0.0,0.0,0.0,0.001736111111111111,0.0,0.0,0.0,0.0,0.0,0.0,0.0,0.0,0.0,0.0,0.0,0.0,0.0,0.0,0.0,0.0,0.0,0.0,0.0,0.0,0.0,0.0,0.0,0.0,0.0007645259938837921,0.0,0.0,0.0,0.0006613756613756613,0.0,0.0015290519877675841,0.0061220760233918125,0.0020833333333333333,0.012516161435334365,0.016614515068679284,0.0012437810945273632,0.007055334279372928,0.0033127675127135464,0.006643825923876024,0.05235686965931415,0.02732684829469229,0.11597658249048366,0.0987481055375685,0.6418365123703523
0.0,0.0,0.0,0.0,0.0,0.0006944444444444445,0.0,0.0,0.0,0.0,0.0,0.0,0.0,0.0,0.0,0.0,0.0011904761904761904,0.0019741263440860215,0.0005787037037037037,0.0,0.0,0.0,0.0,0.0,0.0010822510822510823,0.0,0.0,0.0011904761904761904,0.0,0.0011904761904761904,0.004235990461532249,0.0,0.0,0.0008250825082508251,0.0,0.0020718549127640034,0.0006944444444444445,0.00187918142463597,0.002692517148683722,0.005081063387641404,0.024345133199699057,0.0025035365944456856,0.011478816992292423,0.006030986458102446,0.02002427088432927,0.018682321975420507,0.04162106099248536,0.14237188028941689,0.20997246013762075,0.4975884440423212
0.0,0.0,0.0,0.0,0.0,0.0017730496453900709,0.0,0.0,0.0,0.0,0.0,0.0,0.0,0.0,0.0,0.0,0.0,0.0,0.0,0.0017006802721088435,0.0,0.0,0.0,0.0,0.0017730496453900709,0.0,0.00217424473603906,0.0007374631268436578,0.0,0.0,0.0017006802721088435,0.0,0.0,0.0,0.0032098312545854727,0.0,0.0,0.0027460359642129503,0.006796987441099346,0.008354619839853241,0.014197068446665115,0.001572327044025157,0.015879705063197018,0.005359723759960205,0.024010162931792464,0.024548785154265926,0.03776239789581284,0.1467708255374064,0.1427828840460332,0.55614947792321
0.0,0.0,0.0,0.0,0.0013440860215053762,0.0,0.0,0.0,0.0,0.0,0.0008333333333333334,0.0,0.0013440860215053762,0.0,0.0,0.0,0.0,0.0,0.0,0.0,0.0,0.0,0.0028735632183908046,0.006944444444444444,0.0,0.0,0.0,0.027777777777777776,0.0013440860215053762,0.0,0.0,0.0,0.0008333333333333334,0.006944444444444444,0.003472222222222222,0.0,0.0019748858447488585,0.006944444444444444,0.0,0.009219348659003831,0.05714903684870314,0.003472222222222222,0.0,0.014840690099133016,0.008260230329018074,0.024600472644703678,0.017401490530538025,0.05959607170382969,0.09894295368950747,0.6438867761456851
