ggs,ses,csg,hsi,osi,iis,jcs,shs,jgs,sgg,gis,gsg,soo,cgs,hso,igs,iii,sii,ssi,sos,ois,jsc,ssg,egs,sjs,sgs,scs,sis,ess,jss,hss,oss,css,iss,gss,sss
0.0,0.0,0.0,0.0,0.0,0.0,0.0,0.0,0.0,0.0,0.0,0.0,0.000925925925925926,0.000925925925925926,0.000925925925925926,0.0010964912280701754,0.0010964912280701754,0.0010964912280701754,0.0010964912280701754,0.0010964912280701754,0.0010964912280701754,0.0011737089201877935,0.0011737089201877935,0.001282051282051282,0.0026041666666666665,0.0031961260741838952,0.0033118668149246353,0.00599325117370892,0.012619047619047618,0.02311339141838586,0.024198166582340044,0.03385604382446341,0.07299326603688022,0.12837794262846114,0.21611548203089959,0.4606350548614122
0.0,0.0,0.0,0.0,0.0,0.0,0.0,0.0,0.0,0.0,0.0,0.001893939393939394,0.0,0.0,0.0,0.0,0.0,0.0,0.0,0.0,0.0011904761904761904,0.0,0.0,0.0,0.0,0.007260101010101011,0.005208333333333333,0.004900603782182729,0.007119809203142536,0.029087782162226045,0.04459184884240983,0.019021649379599992,0.09192624030342221,0.1396868739172679,0.1986542919548858,0.449458050527013
0.0,0.0,0.0,0.0,0.0,0.0,0.0,0.0,0.0,0.0014367816091954023,0.0021367521367521365,0.0,0.0,0.0,0.0,0.0,0.0,0.0,0.0,0.0,0.0,0.0,0.0014367816091954023,0.0,0.0,0.005120087385217184,0.0,0.0013440860215053762,0.002976190476190476,0.021548071356337854,0.02111699674561919,0.02887331637818624,0.051474132519425696,0.10550274459034688,0.2765735948369517,0.4804604643350765
0.0,0.0,0.0,0.0,0.0,0.0,0.0023809523809523807,0.0023809523809523807,0.003472222222222222,0.0,0.0,0.0,0.0,0.0,0.0,0.0,0.0,0.0,0.0,0.000925925925925926,0.0,0.0,0.0,0.0,0.0,0.004398148148148148,0.0,0.013888888888888888,0.01507936507936508,0.023288204170557113,0.03184523809523809,0.05573646125116714,0.16808862433862434,0.17222027699968875,0.14909741674447555,0.35719732337379395
0.0,0.0,0.0,0.0,0.0,0.0,0.0,0.0,0.0,0.0,0.0,0.0,0.0,0.0,0.0,0.0,0.0,0.0,0.0,0.0,0.0,0.0,0.0,0.0,0.0,0.0,0.0018115942028985507,0.0,0.024919484702093393,0.03957326892109501,0.01642300194931774,0.0043859649122807015,0.04857085346215781,0.06416645478430376,0.15559157555725064,0.47789113484193574
0.0,0.0,0.0,0.0,0.0,0.001851851851851852,0.0,0.0,0.0,0.0,0.0,0.0,0.0,0.0,0.0,0.0,0.0,0.0,0.0,0.0028735632183908046,0.0,0.0,0.0,0.0,0.0,0.0222953216374269,0.0,0.0,0.0030864197530864196,0.020157513835674754,0.010890652557319224,0.025367937724259562,0.06685847761165366,0.17101394130281003,0.10584175156921678,0.4030959022716433
0.0,0.0,0.0,0.0014124293785310734,0.0017730496453900709,0.0,0.0,0.0,0.0,0.0,0.0,0.0,0.0,0.0,0.0,0.0,0.0,0.0031854790239211443,0.0033333333333333335,0.0024509803921568627,0.0,0.0,0.0,0.0,0.0,0.010526748865190986,0.0,0.008235294117647058,0.012120747893614383,0.01676294561540463,0.01779227843947735,0.06958231277509282,0.059442922881358225,0.1409314194803196,0.19224967413664648,0.46020038402191593
0.0,0.0,0.0,0.0,0.0,0.0,0.0,0.0,0.0,0.0,0.0,0.0,0.0,0.0,0.0,0.0,0.0,0.0,0.0,0.0,0.0,0.0,0.0,0.0,0.0,0.002976190476190476,0.0,0.002976190476190476,0.014880952380952378,0.06777597402597402,0.023313492063492064,0.049422799422799424,0.07497771836007129,0.16160289873525166,0.12496021135727019,0.3937802393684746
0.0,0.0,0.0,0.0,0.0,0.0,0.0,0.0,0.0,0.0,0.0,0.007575757575757576,0.0,0.0,0.0,0.0,0.0,0.0,0.0,0.0,0.0,0.0,0.0,0.0,0.0,0.02840909090909091,0.0,0.0,0.024242424242424242,0.002976190476190476,0.0335016835016835,0.0,0.055131673881673886,0.10572390572390573,0.12738997113997116,0.6150493025493026
0.0,0.0,0.003472222222222222,0.0,0.0,0.0,0.0,0.0,0.0,0.0,0.0,0.0,0.0,0.0,0.0,0.0,0.0,0.0,0.0,0.004629629629629629,0.0,0.0,0.0,0.0,0.0,0.0,0.0,0.005208333333333333,0.012711526181353766,0.018192190669371198,0.01443355119825708,0.06495144992863046,0.12853490534144693,0.11998112463376155,0.06819312974231838,0.5596919371196755
0.0,0.0018115942028985507,0.0,0.0,0.0,0.0,0.0,0.0,0.0,0.0,0.0,0.0,0.0,0.0,0.0,0.0,0.0023809523809523807,0.0023809523809523807,0.0023809523809523807,0.0,0.0,0.0,0.0,0.0,0.0,0.0,0.003472222222222222,0.0010822510822510823,0.008252818035426731,0.03443542568542569,0.01569146433276868,0.029808854591463287,0.07021777929672667,0.1280345530602968,0.17276334703495155,0.5272868333127118
0.0,0.0,0.0,0.0,0.0,0.0,0.0,0.0,0.0,0.0,0.0,0.0,0.0,0.0,0.0,0.0,0.0,0.0,0.0,0.0,0.0,0.0,0.0,0.0,0.0,0.009259259259259259,0.0,0.0,0.06491402116402116,0.025000000000000005,0.008333333333333333,0.008333333333333333,0.10631613756613756,0.05727513227513228,0.22080026455026458,0.49976851851851856
0.006944444444444444,0.0,0.0,0.0,0.0,0.0,0.0,0.0,0.0,0.0,0.0,0.0,0.0,0.0,0.0,0.0,0.0,0.0,0.0,0.0,0.0,0.0,0.0,0.0,0.0,0.005208333333333333,0.0,0.0,0.013888888888888888,0.0,0.05555555555555555,0.04861111111111111,0.013888888888888888,0.0798611111111111,0.14820075757575757,0.46117424242424243
