gsi,isi,scs,iis,ics,ggg,ios,jsg,sgo,gos,egs,gsg,ssi,ssg,hsc,see,ise,ggs,jgs,osg,jjs,sjj,ssj,jsj,csi,sii,sjs,sgs,jis,sgg,gis,ess,ois,hso,sos,sis,his,igs,hss,isg,oss,css,iss,gss,jss,sss
0.0,0.0,0.0,0.0,0.0,0.0,0.0,0.0,0.0,0.0,0.0,0.0,0.0,0.0,0.0,0.0,0.0,0.0,0.0,0.0,0.0,0.0,0.0,0.0,0.0,0.0,0.0,0.0,0.0,0.0,0.0,0.0,0.002777777777777778,0.002976190476190476,0.002976190476190476,0.0036231884057971015,0.004629629629629629,0.004629629629629629,0.004629629629629629,0.004901960784313725,0.024794372294372296,0.02763000852514919,0.119932746045278,0.1711514139373739,0.20166554677843151,0.4236817156102366
0.0,0.0,0.0,0.0,0.0,0.0,0.0,0.0,0.0,0.0,0.0,0.0,0.0,0.0,0.0,0.0,0.0,0.0,0.0,0.0,0.001984126984126984,0.0026881720430107525,0.0026881720430107525,0.0032051282051282055,0.0032051282051282055,0.0032051282051282055,0.0032051282051282055,0.0033333333333333335,0.004901960784313725,0.008333333333333333,0.008333333333333333,0.011697860962566845,0.0,0.0,0.0,0.0026881720430107525,0.0,0.0,0.004901960784313725,0.008333333333333333,0.016120572975411685,0.030663503163503164,0.04781613231802986,0.12315831122282735,0.14198467987841804,0.5675525286436102
0.0,0.0,0.0,0.0,0.0,0.0,0.0,0.0,0.0,0.0,0.0,0.0,0.0,0.0,0.0,0.0,0.0,0.0,0.0,0.0014367816091954023,0.0,0.0,0.0,0.0,0.0,0.0,0.000992063492063492,0.0014367816091954023,0.0,0.0,0.001388888888888889,0.0,0.0,0.0,0.0,0.0,0.0,0.0,0.0075350140056022405,0.0,0.025598779741781767,0.04827206832441406,0.06477163716201488,0.2993126377900776,0.043472995852927805,0.5057823515238383
0.0,0.0,0.0,0.0,0.0,0.0,0.0,0.0,0.0,0.0,0.0,0.0,0.0,0.0,0.0,0.0,0.0,0.0033333333333333335,0.004629629629629629,0.0,0.0,0.0,0.0,0.0,0.0,0.0,0.0,0.011904761904761904,0.0,0.0,0.0,0.0,0.0,0.0,0.0,0.0033333333333333335,0.0,0.0,0.005317460317460318,0.0,0.004435107376283847,0.005855119825708061,0.04241580353071461,0.1888373071136409,0.05202225334578276,0.5112492236226845
0.0,0.0,0.0,0.0,0.0,0.0,0.0,0.0,0.0,0.0,0.0,0.0,0.0,0.0,0.0,0.004166666666666667,0.004166666666666667,0.0,0.0,0.0,0.001572327044025157,0.0,0.0,0.0,0.0,0.0,0.0,0.006944444444444444,0.0,0.0,0.0,0.004629629629629629,0.0,0.0,0.0,0.0,0.0,0.004166666666666667,0.0028735632183908046,0.0,0.02542735042735043,0.027777777777777776,0.11514260095912666,0.18567074958584395,0.061674933779683284,0.555786623133728
0.0,0.0,0.0,0.0,0.0,0.0,0.0,0.0,0.0,0.0,0.0,0.0,0.0,0.0,0.001937984496124031,0.0,0.0,0.008333333333333333,0.009259259259259259,0.0,0.0,0.0,0.0,0.0,0.0,0.0,0.0,0.003787878787878788,0.0,0.0,0.0,0.0,0.007575757575757576,0.0,0.0,0.0036231884057971015,0.0,0.001937984496124031,0.004715762273901808,0.0,0.0159130060292851,0.037214919671946976,0.021135265700483092,0.1391487337139511,0.0703044942175377,0.5084457653719534
0.0,0.0,0.0,0.0,0.0,0.0,0.0,0.0,0.0,0.0,0.0,0.0,0.0020833333333333333,0.005517127799736496,0.0,0.0,0.0,0.0,0.0022522522522522522,0.0,0.0,0.0,0.0,0.0,0.0,0.0,0.0043859649122807015,0.011519641705811918,0.0,0.0036231884057971015,0.0,0.012996442272758063,0.0,0.0,0.0022522522522522522,0.0,0.0,0.0,0.003977272727272728,0.0,0.018726125471220167,0.02194322334817247,0.04057260317393479,0.2000766780452421,0.10871294226557383,0.5613609520343618
0.0,0.0,0.0,0.0,0.0,0.0,0.0,0.0012077294685990338,0.0026041666666666665,0.0026041666666666665,0.003472222222222222,0.003472222222222222,0.0,0.0,0.0,0.0,0.0,0.0,0.0,0.0,0.0,0.0,0.0,0.0,0.0,0.0,0.0,0.006944444444444444,0.007575757575757576,0.0012077294685990338,0.0,0.003787878787878788,0.0,0.0,0.0,0.0,0.0,0.0,0.004679951690821256,0.0026041666666666665,0.022435633509003076,0.09209457771114443,0.043697848045674136,0.14930136054808094,0.03062046154952827,0.45502301608935786
0.0,0.0,0.0,0.0,0.0,0.0,0.007575757575757576,0.0,0.0,0.0,0.0,0.0,0.001851851851851852,0.0,0.0,0.0,0.0,0.0,0.0,0.0,0.0,0.0,0.0032051282051282055,0.0,0.0,0.0,0.0,0.001851851851851852,0.004901960784313725,0.0,0.0,0.0,0.0,0.0,0.0,0.001851851851851852,0.0,0.0,0.0,0.0,0.0909090909090909,0.020281951164304108,0.029742316507022387,0.141358478123184,0.040192650486768136,0.4896104440222087
0.0,0.0,0.0,0.0,0.0010822510822510823,0.0021645021645021645,0.0,0.0,0.0,0.0,0.0,0.0,0.0050380653828929695,0.0,0.0,0.0,0.0,0.0010822510822510823,0.0,0.0,0.0,0.0,0.0,0.0,0.0,0.0028735632183908046,0.020833333333333332,0.0021645021645021645,0.0,0.0,0.0,0.0,0.0,0.0,0.0,0.01166196122717862,0.0,0.0,0.006206896551724138,0.0,0.017865612648221344,0.05901067323481116,0.029565120037383912,0.052028682628382776,0.08265748619196894,0.5390984323855388
0.0013440860215053762,0.0014367816091954023,0.0020833333333333333,0.0026881720430107525,0.0,0.0,0.0,0.0,0.0,0.0,0.0,0.001366120218579235,0.0021367521367521365,0.0,0.0,0.0,0.0,0.001366120218579235,0.001366120218579235,0.0,0.0,0.0,0.0,0.0,0.0021367521367521365,0.003480838158257513,0.0014367816091954023,0.002951933124346917,0.0020833333333333333,0.001366120218579235,0.0,0.007395673323092679,0.0,0.0,0.0,0.007694412866826659,0.0,0.0014367816091954023,0.034821428571428566,0.0,0.009126984126984128,0.023369266246598075,0.05390026948703256,0.19497942313354247,0.0740426611723727,0.5659898550829275
0.0,0.0,0.0,0.0,0.0,0.0,0.0,0.0010548523206751054,0.0,0.0,0.0,0.0,0.002976190476190476,0.0,0.0,0.0,0.0,0.0,0.0,0.0,0.0,0.0,0.0,0.0,0.0,0.0,0.0,0.016604142212070263,0.002976190476190476,0.0010548523206751054,0.0,0.002976190476190476,0.0,0.0,0.0,0.006599378881987577,0.0,0.0,0.0,0.002976190476190476,0.002777777777777778,0.008333333333333333,0.05392616102722408,0.15069760256447393,0.020676634256711308,0.4763705034003096
0.0,0.0,0.0,0.0,0.0,0.0,0.0,0.0,0.0,0.0,0.0,0.0,0.0,0.010416666666666666,0.0,0.0,0.0,0.0,0.0,0.0,0.0,0.0,0.0,0.0,0.0,0.0,0.0,0.015873015873015872,0.0,0.010416666666666666,0.0,0.0,0.0,0.0,0.0,0.0,0.0,0.0,0.031746031746031744,0.0,0.022963753226911122,0.07171786448102237,0.027679107679107678,0.0842183725078462,0.03446890499522078,0.6904996161575109
