go,ic,og,ee,eo,gc,hi,ih,je,cc,ce,oe,ij,ge,jo,hj,gh,ie,jj,ej,cg,eg,ei,oc,hh,jh,gj,sh,eh,se,ci,jc,oh,ji,so,ch,sj,gi,sc,oi,jg,ig,ii,ec,gg,es,si,os,sg,hs,js,cs,is,gs,ss
0.0,0.0,0.0,0.0,0.0,0.0,0.0,0.0,0.0,0.0,0.0,0.0,0.0,0.0,0.0,0.0,0.0,0.0,0.0,0.0,0.0,0.0,0.0,0.0,0.0,0.0,0.0,0.0,0.00036231884057971015,0.00036231884057971015,0.00045045045045045046,0.000496031746031746,0.0005144032921810699,0.0005144032921810699,0.0005144032921810699,0.0006944444444444445,0.0007246376811594203,0.000858350586611456,0.0008642034857547109,0.001388888888888889,0.0015432098765432098,0.0016013598139202005,0.0021157631061012702,0.0021929824561403508,0.002958514069625181,0.003345775133895158,0.0047290027759770955,0.007025846074206285,0.014566704443039749,0.024621597961484915,0.030668749176183462,0.05219237939248599,0.1276163717864057,0.21747370794563758,0.4996031811473102
0.0,0.0,0.0,0.0,0.0,0.0,0.0,0.0,0.0,0.0,0.0,0.0,0.0,0.0,0.0,0.0,0.0,0.0,0.0,0.0,0.0,0.00037537537537537537,0.00037537537537537537,0.0004553734061930783,0.0004553734061930783,0.0006561679790026247,0.0007507507507507507,0.0018063071465073495,0.0,0.0,0.0007142857142857143,0.0008942632170978628,0.0,0.0,0.0008417508417508418,0.0,0.0008891369047619047,0.0013885047935103245,0.0011696591204787927,0.00037537537537537537,0.0,0.0007374631268436578,0.0007374631268436578,0.00037537537537537537,0.0045541773798134415,0.0035944769994825307,0.011643386662607119,0.004300127250946923,0.013071214826393486,0.026495191768461757,0.029046153833103463,0.027613784146086947,0.10633426048203158,0.21386969598843128,0.5464795296269204
0.0,0.0,0.0,0.0,0.0,0.0,0.0,0.0,0.0,0.0,0.0,0.0,0.0,0.00023741690408357076,0.00030084235860409147,0.00041050903119868636,0.00041050903119868636,0.00041050903119868636,0.00041050903119868636,0.0008090614886731391,0.0008169934640522876,0.0,0.0,0.0,0.00030525030525030525,0.0,0.0,0.00041050903119868636,0.0,0.0,0.0,0.0,0.0,0.0,0.0,0.0,0.0007113513898027779,0.0020286320085449645,0.0013909011880614316,0.0004901960784313725,0.0,0.0032582452484556114,0.004124972515777113,0.0,0.005701341660614471,0.001759069104187159,0.007298677502615455,0.004430030178825589,0.016697770672501312,0.012080688621958274,0.007888941683335012,0.009461252633108359,0.06932271532529999,0.26326991645870623,0.5855631880531181
0.0,0.0,0.0,0.0,0.0,0.0,0.0,0.0,0.0,0.0,0.0,0.0,0.00033200531208499334,0.0,0.0,0.0,0.0,0.0,0.0005411255411255411,0.0,0.0009591391141609481,0.0,0.0,0.0,0.0,0.0,0.0,0.0011420265780730896,0.0,0.00036390101892285295,0.0,0.0017354267945517453,0.0,0.0,0.0,0.0,0.002277236652236652,0.0008333333333333334,0.001315060908084164,0.0,0.0,0.00033200531208499334,0.0,0.0,0.00033200531208499334,0.010737154288415346,0.007532061241551248,0.005386688120534162,0.010733938218511414,0.0157241884506918,0.013151819281106841,0.024909596377554636,0.10564876547871886,0.26082778371772725,0.5351847389484451
0.0,0.0,0.0,0.0,0.0,0.0,0.0,0.0,0.0,0.0015151515151515152,0.005208333333333333,0.005208333333333333,0.0,0.0,0.0,0.0,0.0,0.0,0.0010288065843621398,0.0,0.0,0.0,0.0,0.0,0.0,0.0,0.000980392156862745,0.0010288065843621398,0.0,0.0,0.0,0.0,0.0,0.0,0.0,0.0,0.004029367060154269,0.0,0.0012714737793851716,0.0,0.0015151515151515152,0.0010288065843621398,0.005952380952380952,0.0,0.0,0.02849037416005026,0.004272034255177301,0.006041252078833778,0.0077145911497901246,0.019700606076722978,0.06526656930655028,0.06028931204455529,0.10901751436752884,0.1399212147738457,0.5305195283881061
0.0,0.0,0.0,0.0,0.0,0.0,0.0003443526170798898,0.0003443526170798898,0.000980392156862745,0.0,0.0,0.0,0.000980392156862745,0.0,0.0,0.0,0.0,0.0,0.0003192848020434227,0.0,0.0,0.0,0.0,0.0,0.000980392156862745,0.0,0.0,0.0017484413120086746,0.0,0.0008212928341719368,0.0,0.0,0.0,0.0,0.0003192848020434227,0.0,0.004978908508156692,0.0,0.0015097609925196131,0.00038402457757296467,0.0017730496453900709,0.0,0.0010330578512396695,0.0,0.004913988585983018,0.008610247555504012,0.008085138080825505,0.012119742902075745,0.00925255606259692,0.05847212124600281,0.04377284669023298,0.027441696760664866,0.10843418168283059,0.15525726598925232,0.5471232274141367
0.0,0.0,0.0,0.00031210986267166043,0.00042301184433164127,0.0007351217070033018,0.0,0.0,0.0,0.00042301184433164127,0.0,0.0,0.0,0.0,0.0,0.0,0.0,0.0004761904761904762,0.002347417840375587,0.0,0.0011737089201877935,0.0,0.0008868225063498213,0.0,0.0,0.0,0.0,0.0,0.0,0.0011876648649539127,0.0,0.0003168567807351077,0.0,0.0,0.0003168567807351077,0.0,0.0027967654436456438,0.0019377256262184585,0.0,0.0,0.0007507507507507507,0.0008915694244132686,0.002135261957036463,0.0,0.006693079894630105,0.0017867148163581436,0.004090579566278522,0.0020087768848906775,0.014130082646812142,0.009736828086561488,0.010225806415378444,0.013904099755196695,0.0801525856096178,0.2664381152537281,0.5737224844406174
0.0,0.0,0.0,0.0,0.0,0.0,0.0,0.0,0.0,0.0,0.0,0.0,0.0,0.0,0.0,0.0,0.0,0.0,0.0,0.0,0.0,0.0,0.0,0.0,0.0,0.0003109452736318408,0.0,0.0022469722096587767,0.0,0.0023148148148148147,0.0,0.0021805995501078825,0.0,0.0,0.0005787037037037037,0.0,0.0,0.0,0.0019310238288340476,0.0,0.0004208754208754209,0.0008417508417508418,0.0,0.0,0.0025185443790411654,0.008510571356657438,0.011568391274974143,0.005155517718403349,0.010768745818013006,0.02344407250622585,0.027375345371357187,0.025505550743934305,0.1119805782257846,0.2563040468393631,0.5060429501228685
0.0,0.0,0.0,0.0,0.0,0.0,0.0,0.0012077294685990338,0.0,0.0,0.0,0.0,0.0,0.0,0.000946969696969697,0.0,0.0,0.0,0.0005175983436853001,0.0,0.0,0.0,0.0,0.0,0.0,0.0,0.0,0.0,0.0,0.000946969696969697,0.0,0.0,0.0,0.0,0.0005175983436853001,0.0,0.0,0.0,0.0,0.0,0.0,0.0,0.0014124293785310734,0.0,0.0,0.006750308246787119,0.003951486697965571,0.00746420447507404,0.0040507063393738635,0.022078379414641917,0.049766460636078286,0.031509196002401645,0.142936488261758,0.1469743336925313,0.578969141304948
0.0,0.0005341880341880341,0.0012437810945273632,0.0,0.0,0.0005274261603375527,0.0,0.0,0.0,0.00023674242424242425,0.0,0.0,0.0,0.0,0.0,0.0,0.0,0.0,0.0,0.0,0.0023809523809523807,0.0,0.0,0.0,0.0,0.0,0.0,0.0010083473625140291,0.0,0.00041459369817578774,0.00023674242424242425,0.0011261261261261261,0.0,0.0,0.0,0.0,0.0016501650165016502,0.0,0.001653552286463679,0.0,0.0,0.0,0.005176498460080549,0.0,0.0010548523206751054,0.01245089213481662,0.0068153679770240954,0.005693597078257932,0.008078755538558876,0.022587328303604517,0.036435197225765215,0.02753166069230903,0.11481057842187516,0.15908476745194328,0.5892678873868181
0.0008680555555555555,0.0,0.0,0.0,0.0,0.0,0.0,0.0,0.0,0.0,0.0,0.0,0.0,0.0,0.0,0.0,0.0,0.0,0.0011111111111111111,0.0,0.0,0.0,0.0,0.0,0.0,0.0,0.002335703217573603,0.001065078832606508,0.0,0.0004553734061930783,0.0,0.0,0.0,0.0011111111111111111,0.0,0.0,0.0025191042476456495,0.0005630630630630631,0.0005630630630630631,0.0,0.0,0.0017788023679417122,0.0021924315846369668,0.0,0.0018332560374784077,0.003071270039617387,0.006362155780775782,0.003404433681073025,0.014719962705031822,0.015331905784028883,0.011157631765987825,0.014579010719953003,0.09652329013167005,0.2557788268391144,0.5626753589547681
0.0,0.0,0.0,0.0,0.0,0.0,0.0,0.0,0.0,0.0,0.0,0.0,0.0,0.0,0.0,0.0,0.0,0.0,0.0003912363067292645,0.0,0.0,0.0,0.0,0.0,0.0,0.0005787037037037037,0.0003912363067292645,0.0,0.0,0.0,0.0,0.0,0.0,0.0003912363067292645,0.0010822510822510823,0.0,0.0007384585289514868,0.00034722222222222224,0.002025210033022533,0.0,0.0,0.0007167571400625979,0.0003912363067292645,0.0,0.000782472613458529,0.004978535120691249,0.003078170199649073,0.008008186202351194,0.013058951714714417,0.021230837431557376,0.019846355937487167,0.024402512513893568,0.13232548967016441,0.2111657221611746,0.5540692184977277
0.0,0.0,0.0,0.0,0.0,0.0,0.0,0.0,0.0,0.0,0.0,0.0,0.0,0.0,0.0,0.0,0.0,0.0,0.0009578544061302681,0.0,0.0,0.0,0.0,0.0,0.0,0.0,0.0016339869281045752,0.0019157088122605363,0.0,0.0,0.0,0.0,0.0,0.0,0.0,0.0,0.003598200899550225,0.0,0.0,0.0,0.0015873015873015875,0.0,0.0,0.0,0.0011380034107306835,0.005706521739130434,0.007844502335609054,0.012147038567493114,0.009311048799685162,0.03525796625496775,0.051323148058294854,0.039574467894944114,0.109917374241293,0.1321211476655552,0.5859657283989496
