gj,ec,ch,ih,eo,oo,cc,ji,oe,oc,jj,ci,jg,ij,jc,go,og,jo,gg,ho,ic,ei,io,hi,ce,jh,ig,oi,so,ii,gi,cg,se,gc,es,sc,sj,sh,sg,si,os,js,hs,cs,is,gs,ss
0.0,0.0,0.0,0.0,0.0,0.0,0.0,0.0,0.0,0.0,0.0,0.0,0.0,0.0,0.0,0.0,0.0,0.0,0.0,0.0,0.0,0.0,0.0,0.0,0.00035612535612535614,0.00035612535612535614,0.00035612535612535614,0.0005827505827505828,0.0005827505827505828,0.0005827505827505828,0.0006127450980392157,0.0006944444444444445,0.0008090614886731391,0.0010273387962150035,0.0012254901960784314,0.0014767767061345043,0.00246018813979979,0.002777777777777778,0.007988983060317563,0.008244044927826903,0.013569012428995162,0.02012624553008843,0.02452106916937483,0.024720070501142725,0.13936642858899134,0.19890721316227092,0.5486564821672021
0.0,0.0,0.0,0.0,0.0,0.0,0.0,0.0,0.0,0.0,0.0,0.0,0.0,0.0,0.0,0.0,0.0,0.0,0.0,0.00035612535612535614,0.00035612535612535614,0.00035612535612535614,0.00035612535612535614,0.00035612535612535614,0.0,0.0,0.0,0.0,0.0,0.0005555555555555556,0.00035612535612535614,0.0,0.0006720430107526881,0.0,0.00311262026032824,0.004378874697226757,0.0006720430107526881,0.002995826460738741,0.004998928113901751,0.005529822212990529,0.007641043831899908,0.03382032568603853,0.013977557123198469,0.04949915782224204,0.10941435489319912,0.21276898046827644,0.5478261147161464
0.0,0.0,0.0,0.0,0.0,0.0,0.0,0.0,0.0,0.0,0.0,0.0,0.0,0.00036075036075036075,0.00036075036075036075,0.00036075036075036075,0.0005827505827505828,0.001937984496124031,0.003242235800375335,0.0,0.0,0.0,0.0,0.0,0.0,0.0,0.0004761904761904762,0.0,0.0015220385674931131,0.0,0.0,0.0,0.0013308258313807703,0.00036075036075036075,0.003222561751973517,0.0022494986916239286,0.0034278799903799903,0.0007861635220125786,0.008780814268948991,0.008012316793885168,0.021886237425202803,0.00927148617366557,0.018218376076529482,0.03147142203492919,0.111206633831594,0.21112752152281167,0.5598040607191274
0.0,0.0,0.0,0.0,0.0,0.0,0.0,0.0,0.0,0.0,0.0,0.0005020080321285141,0.005719188320585964,0.0,0.0,0.00047080979284369113,0.0,0.0,0.0009524584825789645,0.0,0.0,0.0,0.0,0.0,0.0,0.0,0.0010396424407306648,0.0,0.001893939393939394,0.0,0.0,0.0,0.0010162601626016261,0.0,0.002559621200852794,0.0022041737398957343,0.0014436276178158962,0.0005020080321285141,0.006557359126529448,0.004727284665115083,0.012539288551041564,0.029475437727117765,0.014190389735828793,0.03925850542743627,0.12684273273689053,0.16686809742426997,0.5812371673896688
0.0,0.0,0.0,0.0,0.0,0.0,0.0,0.0,0.0,0.0025252525252525255,0.002777777777777778,0.0,0.0025252525252525255,0.0,0.0,0.0,0.001851851851851852,0.0,0.0,0.0,0.0,0.0,0.0,0.0,0.0,0.0,0.0,0.0,0.0,0.000925925925925926,0.0,0.0,0.0,0.0,0.000925925925925926,0.001736111111111111,0.002777777777777778,0.0,0.027777777777777776,0.0053030303030303025,0.03988073506145795,0.05373483472128051,0.02338392168964458,0.0274034268386678,0.1552269322600648,0.11656966973232032,0.5346737961948805
0.0,0.0,0.0,0.0,0.0,0.0,0.0,0.0,0.027777777777777776,0.0,0.0,0.0,0.0,0.0,0.0,0.0,0.0,0.0,0.0,0.0,0.0,0.0,0.0,0.0,0.0,0.0,0.0,0.0,0.0,0.000496031746031746,0.0,0.0,0.0,0.0,0.02827380952380952,0.002011183261183261,0.000496031746031746,0.0,0.000496031746031746,0.004241537040348054,0.009187119139579876,0.03724875252028759,0.012096204017355458,0.035378332006140344,0.10107105992425257,0.09002553238327445,0.6512005971678959
0.0,0.0,0.0,0.0,0.0,0.0,0.0012919896640826874,0.0024428218619134546,0.0,0.0,0.0,0.0,0.0,0.0,0.0,0.0,0.0,0.0,0.0,0.0,0.0,0.0,0.0,0.0,0.0,0.0,0.00045787545787545793,0.0,0.003747795414462081,0.0,0.0,0.0,0.0,0.0006720430107526881,0.004870596371467081,0.007105995563277137,0.004614248800295311,0.0005995203836930456,0.008653284478493206,0.01574050591685976,0.018549602988877884,0.01875469784572144,0.014994936636936379,0.0339981648007298,0.12302568038629208,0.18826532492406658,0.5522149154942039
0.0,0.0,0.0,0.0,0.0,0.0,0.0,0.0,0.0,0.0,0.0008680555555555555,0.0,0.007016888230968691,0.0,0.0,0.0,0.0,0.0,0.0038177339901477834,0.0,0.0,0.0,0.0,0.0,0.0,0.0,0.0,0.0,0.0007575757575757576,0.0,0.0,0.0,0.0,0.0,0.0007309941520467836,0.0007575757575757576,0.00333516081871345,0.0,0.008887927122947644,0.006862380560067933,0.014697203585837768,0.017463638350911373,0.024259639552884505,0.05905075079181121,0.13871295498131866,0.12756882450126775,0.5018793629570362
0.0,0.0,0.0,0.0,0.0,0.0,0.0,0.0,0.0,0.0,0.0,0.0,0.000992063492063492,0.0,0.0,0.0,0.0,0.0,0.0012077294685990338,0.0,0.0,0.0,0.0,0.0,0.0,0.0,0.0,0.0,0.0,0.0,0.0,0.0,0.0,0.0,0.0040650406504065045,0.0033333333333333335,0.0012077294685990338,0.0,0.019726247987117553,0.0033333333333333335,0.008175063150914395,0.04201938323577062,0.006317292902658756,0.10675004250523995,0.10403309876356787,0.11842514156203265,0.5804145001463635
0.0,0.0,0.0,0.0,0.0012077294685990338,0.0026881720430107525,0.0,0.0,0.0,0.0,0.0,0.0,0.0178921568627451,0.0,0.0009578544061302681,0.0,0.0,0.0,0.0,0.0,0.0,0.0,0.0,0.0,0.0,0.0,0.0,0.0012077294685990338,0.0,0.0012077294685990338,0.0,0.0,0.0,0.0,0.0,0.0,0.004616564266886165,0.0,0.0032072505413959693,0.002895838902254299,0.03686177716330232,0.029006015449095535,0.029878189717368882,0.03449123310593983,0.09391722604895904,0.09006502882485491,0.6498995042622598
0.0,0.0,0.0,0.0007183908045977011,0.0,0.0,0.0,0.0008090614886731391,0.0,0.0,0.0014704371500488004,0.0,0.0006613756613756613,0.0,0.0,0.0,0.0,0.0,0.0022710497927667063,0.0,0.0,0.0,0.0,0.0,0.0,0.0006218905472636816,0.0,0.0,0.0005592841163310962,0.0008090614886731391,0.0,0.0,0.0,0.0,0.004207242816826477,0.0023984720736451343,0.0015735874825569313,0.005251520176893311,0.010799920269781446,0.010437022772596427,0.019815267743248814,0.01619062981810498,0.02377425093385709,0.04899575584570496,0.13589100786426675,0.19335944565119348,0.5193853255015942
0.0,0.0,0.0007645259938837921,0.0,0.0,0.0,0.0,0.0,0.0,0.0,0.0,0.0,0.001736111111111111,0.0,0.0037898363479758833,0.0,0.0,0.0,0.001937984496124031,0.0,0.0,0.0,0.0,0.0,0.0,0.0,0.0006361323155216284,0.0,0.0,0.0,0.0,0.0,0.0,0.0,0.008458155253823636,0.004589846522986058,0.0036911132954710935,0.0,0.014069946208051118,0.0024879841673734805,0.013585311689119606,0.015998576681716215,0.022859963445737888,0.06337878380909535,0.15768362165202254,0.15124461651847979,0.5330874904915067
0.0016339869281045752,0.020833333333333332,0.0,0.0,0.0,0.0,0.0,0.0,0.0,0.0,0.0,0.0,0.0,0.0,0.0,0.0,0.0,0.0,0.0010548523206751054,0.0,0.0,0.0,0.0,0.0,0.0,0.0,0.0,0.0,0.0,0.0021929824561403508,0.0,0.0,0.0,0.0,0.018995098039215685,0.0,0.0,0.0016339869281045752,0.005623565770967503,0.008103724501126232,0.0076977984176126585,0.03071967090929939,0.008751624431448992,0.06331954864754892,0.08565235826114193,0.08560210577186188,0.6581853632834189
