gos,oee,sos,cis,jos,ihs,hos,cos,egs,csg,sch,chs,cgs,gee,csj,jcs,osg,gsh,isg,sjj,iis,ssi,ogs,sje,jsc,sii,jis,shs,isi,sgs,sjs,sis,jgg,sjg,ggg,ssj,ses,sij,ihh,ghh,igh,sgi,iei,gii,ssg,isc,scs,gis,ggs,gsg,sgg,hhs,iii,igs,ess,oss,hss,jss,gss,iss,css,sss
0.0,0.0,0.0,0.0,0.0,0.0,0.0,0.0,0.0,0.0,0.0,0.0,0.0,0.0,0.0,0.0,0.0,0.0,0.0,0.0,0.0,0.0,0.0,0.0,0.0,0.0,0.0,0.0,0.0,0.0,0.0014619883040935672,0.0014619883040935672,0.0016339869281045752,0.0016339869281045752,0.0016339869281045752,0.0016339869281045752,0.001736111111111111,0.001736111111111111,0.001736111111111111,0.001736111111111111,0.001736111111111111,0.001736111111111111,0.001736111111111111,0.001736111111111111,0.001736111111111111,0.0030864197530864196,0.0030864197530864196,0.0030864197530864196,0.0030864197530864196,0.0030864197530864196,0.0030864197530864196,0.003472222222222222,0.003472222222222222,0.003929093567251462,0.017220819304152635,0.01838359331586886,0.0500205442800902,0.10990246710060951,0.12524853135340752,0.13738711552179045,0.1415724332713497,0.34578751500191124
0.0,0.0,0.0,0.0,0.0,0.0,0.0,0.0,0.0,0.0,0.0,0.0,0.0,0.0,0.0,0.0,0.0,0.0,0.0,0.0,0.0,0.0,0.0,0.0,0.0,0.0,0.0021929824561403508,0.0022522522522522522,0.0032051282051282055,0.016666666666666666,0.0021929824561403508,0.0021929824561403508,0.0,0.0,0.0,0.0,0.0,0.0,0.0,0.0,0.0,0.0,0.0,0.0,0.0,0.0,0.0,0.0,0.0,0.0,0.0,0.0,0.0,0.0021929824561403508,0.010416666666666666,0.03410976766239924,0.023976984503300294,0.06022615298931089,0.11923675410517516,0.13038756295335244,0.12448621988095672,0.38293058095689675
0.0,0.0,0.0,0.0,0.0,0.0,0.0,0.0,0.0,0.0,0.0,0.0,0.0,0.0,0.0,0.0,0.0,0.0007183908045977011,0.0007183908045977011,0.0011261261261261261,0.0011261261261261261,0.0022522522522522522,0.0023148148148148147,0.0023148148148148147,0.002777777777777778,0.002970643056849954,0.0,0.0035721262164726485,0.0007183908045977011,0.013905649960416697,0.0,0.003751596424010217,0.0,0.0,0.0009157509157509159,0.0011261261261261261,0.0,0.0,0.0,0.0,0.0,0.0,0.0,0.0011261261261261261,0.003693528693528694,0.0,0.0,0.0018445169307238273,0.0020418770418770423,0.0027602678464747434,0.0034786586510724446,0.0,0.0022522522522522522,0.0007183908045977011,0.006041566386393973,0.033668088502927414,0.030376985618314808,0.05952917206322437,0.22954089943253642,0.16057909107072688,0.07091540749068817,0.35112419406320355
0.0,0.0,0.0,0.0,0.0,0.0,0.0,0.0,0.0,0.0,0.0,0.0,0.0,0.0,0.001984126984126984,0.001984126984126984,0.001984126984126984,0.0,0.0,0.0,0.0,0.0,0.0,0.0,0.0,0.0,0.0,0.0023148148148148147,0.0,0.004629629629629629,0.0,0.001984126984126984,0.0,0.0,0.0,0.0,0.0,0.0,0.0,0.0,0.0,0.0,0.0,0.0,0.0,0.0,0.0,0.0,0.0,0.0,0.0,0.0,0.0,0.0,0.01984126984126984,0.03383733818516427,0.0333994708994709,0.06415343915343914,0.1299498609281218,0.17896485559529038,0.12274531024531025,0.402227502770981
0.0,0.0,0.0,0.0,0.0,0.0,0.0,0.0,0.0,0.0,0.0,0.0,0.0,0.006410256410256411,0.0,0.0,0.0,0.0,0.0,0.0,0.0,0.0,0.0,0.0,0.0,0.0,0.0,0.0,0.0,0.0,0.0,0.0,0.0,0.0,0.0,0.0,0.0,0.0,0.0,0.0,0.0,0.0,0.0,0.0,0.0,0.0,0.0,0.0,0.0,0.0,0.0,0.0,0.0,0.0,0.011047979797979798,0.013986013986013986,0.03181818181818182,0.0797979797979798,0.02724358974358974,0.2267094017094017,0.08176476301476303,0.4378885003885004
0.0,0.0,0.0,0.0,0.0,0.0,0.0,0.0,0.0,0.0,0.0,0.0,0.0,0.0,0.0,0.0,0.08333333333333333,0.0,0.0,0.0,0.0,0.0,0.0,0.0,0.0,0.0,0.0,0.0,0.0,0.006944444444444444,0.0,0.006944444444444444,0.0,0.0,0.0,0.0,0.0,0.0,0.0,0.0,0.0,0.0,0.0,0.0,0.0,0.0,0.027777777777777776,0.0,0.0,0.0,0.0,0.0,0.0,0.0,0.006944444444444444,0.016203703703703703,0.041005291005291,0.03908730158730159,0.08224206349206349,0.11623677248677249,0.0886904761904762,0.40125661375661376
0.0,0.0,0.0,0.0,0.0,0.0011737089201877935,0.001984126984126984,0.0024509803921568627,0.0026041666666666665,0.0026041666666666665,0.0028735632183908046,0.0028735632183908046,0.0036231884057971015,0.0,0.0,0.0,0.0,0.0,0.0011737089201877935,0.0,0.0,0.0,0.0,0.0,0.0,0.0,0.0,0.001984126984126984,0.0,0.0,0.0,0.001488095238095238,0.0,0.0,0.0,0.0,0.0,0.0,0.0,0.0,0.0,0.0,0.0,0.0,0.0,0.0,0.0,0.0,0.001984126984126984,0.0026041666666666665,0.006382042253521126,0.0,0.0,0.0,0.004951584507042254,0.040727377609885894,0.021904414995721457,0.04200556204091771,0.18488045432971897,0.13745966295169376,0.07922230773487351,0.453044904311038
0.0,0.0,0.0,0.0036231884057971015,0.007575757575757576,0.0,0.0,0.0,0.0,0.0,0.0,0.0,0.0,0.0,0.0,0.0,0.0,0.0,0.0,0.0,0.0,0.0,0.0,0.0,0.0,0.0,0.0,0.0,0.0,0.0,0.0,0.003787878787878788,0.0,0.0,0.0,0.0,0.0,0.0,0.0,0.0,0.0,0.0,0.0,0.0,0.0,0.0,0.0,0.0,0.0,0.0,0.0,0.0,0.0,0.0,0.0,0.024246084028692726,0.08285540830297863,0.04736593803089967,0.12827147218131874,0.1067747257005569,0.15283052175635295,0.3593356918964336
0.0,0.0,0.0,0.0,0.0,0.0,0.0,0.0,0.0,0.0,0.0,0.0,0.0,0.0,0.0,0.0,0.0,0.0,0.0,0.0,0.0,0.0,0.0,0.0,0.0,0.0,0.0,0.0,0.0,0.020833333333333332,0.0,0.0,0.0,0.0,0.0,0.0,0.0,0.0,0.0,0.0,0.0,0.0,0.0,0.0,0.0,0.0,0.0,0.0,0.0,0.0,0.0,0.0,0.0,0.0,0.041666666666666664,0.008333333333333333,0.010416666666666666,0.010416666666666666,0.08125,0.052083333333333336,0.08194444444444444,0.5263888888888889
0.0,0.0,0.0,0.0,0.0,0.0,0.0,0.0,0.0,0.0,0.0,0.0,0.0,0.0,0.0,0.0,0.0,0.0,0.0,0.0,0.0,0.0,0.0,0.0,0.0,0.0,0.0,0.0,0.0,0.0,0.0,0.013888888888888888,0.0,0.0,0.0,0.0,0.0,0.0,0.0,0.0,0.0,0.0,0.0,0.0,0.0,0.0,0.0,0.0,0.0,0.0,0.0,0.0,0.0,0.0,0.016666666666666666,0.2041666666666667,0.0296474358974359,0.025160256410256415,0.08107448107448106,0.19345238095238093,0.07355769230769231,0.2790521978021978
0.0,0.0,0.0023148148148148147,0.0,0.0,0.0,0.0,0.0,0.0,0.0,0.0,0.0,0.0,0.0,0.0,0.0,0.0,0.0,0.0,0.0,0.0,0.0023809523809523807,0.0,0.0,0.0,0.0,0.004629629629629629,0.0,0.0,0.002777777777777778,0.0,0.006832519332519333,0.0,0.0,0.0,0.0,0.0,0.0,0.0,0.0,0.0,0.0,0.0,0.0,0.0,0.0,0.0032051282051282055,0.0,0.0023809523809523807,0.0,0.0,0.0,0.0,0.0,0.010198693388348562,0.03012224046706805,0.007147067491895078,0.026962022651677825,0.21809520300899612,0.14318932185311495,0.09152930402930404,0.4482343725878209
0.0,0.0,0.0,0.0,0.0,0.0,0.0,0.0,0.0,0.0,0.0,0.0,0.0,0.0,0.0,0.018518518518518517,0.0,0.0,0.0,0.0,0.0,0.0,0.0,0.0,0.0,0.0,0.0,0.0,0.0,0.0,0.0,0.0,0.0,0.0,0.0,0.0,0.0,0.0,0.0,0.0,0.0,0.0,0.0,0.0,0.0,0.0,0.0,0.0,0.0,0.0,0.0,0.0,0.0,0.0,0.03380018674136321,0.04583763329893361,0.042732648615001555,0.09415020394122563,0.03461472308221534,0.16028777007879175,0.1211312595213524,0.36559372286926456
0.005952380952380952,0.016666666666666666,0.0,0.0,0.0,0.0,0.0,0.0,0.0,0.0,0.0,0.0,0.0,0.0,0.0,0.0,0.0,0.0,0.0,0.0,0.0,0.0,0.0,0.0,0.0,0.0,0.0,0.008333333333333333,0.0,0.0,0.0,0.0,0.0,0.0,0.0,0.0,0.0,0.0,0.0,0.0,0.0,0.0,0.0,0.0,0.0,0.0,0.0,0.0,0.0,0.0,0.0,0.0,0.0,0.0,0.0,0.1556547619047619,0.0488095238095238,0.05833333333333333,0.08214285714285713,0.06845238095238095,0.13273809523809524,0.33958333333333335
