" "
"Bout Length  1"
"TimeFactor","TurnProportion","Count"
1,0.0277442470924106,52191
2,0.0382595840130506,39232
3,0.0387448840381992,29320
4,0.0406180606957809,21616
5,0.0387052487063048,18938
6,0.0365684679799988,16599
7,0.0361957676280742,12239
8,0.0340131203650884,14024
9,0.0364381198792583,9276
10,0.032875837855091,9399
11,0.032315142484634,10738
12,0.0333049484340997,10569
13,0.0314431890854828,9382
" "
"Bout Length  2"
"TimeFactor","TurnProportion","Count"
1,0.0183068017366136,6910
2,0.0225294418842806,5859
3,0.0233071638861629,4076
4,0.0253204126289465,3199
5,0.0244672454617206,2534
6,0.0260162601626016,1845
7,0.0268087855297158,1548
8,0.0254172989377845,1318
9,0.0216814159292035,1130
10,0.016260162601626,1230
11,0.025355871886121,1124
12,0.0225863596102746,1129
13,0.0269406392694064,1095
" "
"Bout Length  3"
"TimeFactor","TurnProportion","Count"
1,0.00649032574087681,5444
2,0.00957725402169847,4455
3,0.00799771493858897,3501
4,0.00891458860378268,2767
5,0.00680587780355762,2155
6,0.00818112633181126,1752
7,0.00855263157894737,1520
8,0.00573852295409182,1336
9,0.00893582453290008,1231
10,0.00491400491400491,1221
11,0.00728903840762546,1189
12,0.00731364275668073,1185
13,0.00649878147847279,1231
" "
"Bout Length  4"
"TimeFactor","TurnProportion","Count"
1,0.010752688172043,744
2,0.0104947526236882,667
3,0.0103092783505155,485
4,0.00933333333333333,375
5,0.0134680134680135,297
6,0.00933609958506224,241
7,0.0137362637362637,182
8,0.00649350649350649,154
9,0.00689655172413793,145
10,0.0107913669064748,139
11,0.011437908496732,153
12,0.010233918128655,171
13,0.00771604938271605,162
" "
"Bout Length  5"
"TimeFactor","TurnProportion","Count"
1,0.00511627906976744,430
2,0.0043360433604336,369
3,0.00483870967741936,372
4,0.00495356037151703,323
5,0.00352112676056338,284
6,0.00186046511627907,215
7,0.0018348623853211,218
8,0.00285714285714286,210
9,0.00465116279069767,215
10,0.00347826086956522,230
11,0.00350877192982456,228
12,0.00197044334975369,203
13,0.000888888888888889,225
" "
"Bout Length  6"
"TimeFactor","TurnProportion","Count"
1,0.0147058823529412,102
2,0.00995024875621891,67
3,0.00606060606060606,55
4,0.00574712643678161,29
5,0.00595238095238095,28
6,0.0072463768115942,23
7,0.0087719298245614,19
8,0,19
9,0,18
10,0.0175438596491228,19
11,0,13
12,0,19
13,0,17
" "
"Bout Length  7"
"TimeFactor","TurnProportion","Count"
1,0,30
2,0.010989010989011,39
3,0.012987012987013,33
4,0.0267857142857143,32
5,0,37
6,0,31
7,0,34
8,0,44
9,0,46
10,0,31
11,0,37
12,0,45
13,0,42
" "
"Bout Length  8"
"TimeFactor","TurnProportion","Count"
1,0.0208333333333333,6
2,0,9
3,0,3
4,0.09375,4
5,0,1
7,0,3
8,0,1
9,0,1
10,0,2
11,0,4
12,0,3
13,0,3
" "
"Bout Length  9"
"TimeFactor","TurnProportion","Count"
1,0,5
2,0,7
3,0.0277777777777778,4
4,0,2
5,0,4
6,0,2
7,0,6
8,0,3
9,0,4
10,0,1
11,0,4
12,0,6
13,0,8
" "
"Bout Length  10"
"TimeFactor","TurnProportion","Count"
1,0,6
2,0,3
3,0,3
11,0,1
" "
"Bout Length  11"
"TimeFactor","TurnProportion","Count"
1,0,2
3,0,1
5,0.0909090909090909,1
7,0,1
" "
"Bout Length  12"
"TimeFactor","TurnProportion","Count"
3,0,1
" "
"Bout Length  13"
"TimeFactor","TurnProportion","Count"
1,0.0384615384615385,2
2,0.0384615384615385,2
4,0,1
" "
"Bout Length  14"
"TimeFactor","TurnProportion","Count"
10,0,1
" "
"Bout Length  15"
"TimeFactor","TurnProportion","Count"
2,0,1
" "
