" "
"Bout Length  1"
"TimeFactor","TurnProportion","Count"
1,0.164415320649154,52191
2,0.190966557911909,39232
3,0.200443383356071,29320
4,0.205680977054034,21616
5,0.198014573872637,18938
6,0.177058858967408,16599
7,0.186861671705205,12239
8,0.161437535653166,14024
9,0.184346701164295,9276
10,0.165336737950846,9399
11,0.149841683739989,10738
12,0.153467688523039,10569
13,0.151140481773609,9382
" "
"Bout Length  2"
"TimeFactor","TurnProportion","Count"
1,0.113675832127352,6910
2,0.125192012288786,5859
3,0.126717369970559,4076
4,0.132541419193498,3199
5,0.147790055248619,2534
6,0.129268292682927,1845
7,0.135012919896641,1548
8,0.133535660091047,1318
9,0.134955752212389,1130
10,0.126829268292683,1230
11,0.109430604982206,1124
12,0.137289636846767,1129
13,0.123744292237443,1095
" "
"Bout Length  3"
"TimeFactor","TurnProportion","Count"
1,0.0426769532206711,5444
2,0.0512532734754957,4455
3,0.0487479767685423,3501
4,0.0451752800867365,2767
5,0.0459396751740139,2155
6,0.0428082191780822,1752
7,0.0447368421052632,1520
8,0.0424151696606786,1336
9,0.0427836447332792,1231
10,0.0374010374010374,1221
11,0.0339220633585646,1189
12,0.029817158931083,1185
13,0.0335770376387761,1231
" "
"Bout Length  4"
"TimeFactor","TurnProportion","Count"
1,0.0702284946236559,744
2,0.0760869565217391,667
3,0.0623711340206186,485
4,0.0546666666666667,375
5,0.0547138047138047,297
6,0.0487551867219917,241
7,0.0563186813186813,182
8,0.0454545454545455,154
9,0.0362068965517241,145
10,0.0305755395683453,139
11,0.0490196078431373,153
12,0.0467836257309941,171
13,0.0339506172839506,162
" "
"Bout Length  5"
"TimeFactor","TurnProportion","Count"
1,0.04,430
2,0.032520325203252,369
3,0.0274193548387097,372
4,0.0278637770897833,323
5,0.0133802816901408,284
6,0.013953488372093,215
7,0.0100917431192661,218
8,0.019047619047619,210
9,0.0148837209302326,215
10,0.00695652173913044,230
11,0.012280701754386,228
12,0.00689655172413793,203
13,0.00622222222222222,225
" "
"Bout Length  6"
"TimeFactor","TurnProportion","Count"
1,0.0866013071895425,102
2,0.0970149253731343,67
3,0.0696969696969697,55
4,0.0172413793103448,29
5,0.0892857142857143,28
6,0.0217391304347826,23
7,0.0087719298245614,19
8,0.0263157894736842,19
9,0.0185185185185185,18
10,0.0350877192982456,19
11,0,13
12,0.0175438596491228,19
13,0.0392156862745098,17
" "
"Bout Length  7"
"TimeFactor","TurnProportion","Count"
1,0.114285714285714,30
2,0.0549450549450549,39
3,0.0173160173160173,33
4,0.00892857142857143,32
5,0.0115830115830116,37
6,0,31
7,0.00420168067226891,34
8,0.00649350649350649,44
9,0.0062111801242236,46
10,0,31
11,0,37
12,0.00317460317460317,45
13,0.00680272108843537,42
" "
"Bout Length  8"
"TimeFactor","TurnProportion","Count"
1,0.0833333333333333,6
2,0.111111111111111,9
3,0,3
4,0,4
5,0,1
7,0,3
8,0,1
9,0,1
10,0,2
11,0,4
12,0,3
13,0.0416666666666667,3
" "
"Bout Length  9"
"TimeFactor","TurnProportion","Count"
1,0.155555555555556,5
2,0.0317460317460317,7
3,0,4
4,0,2
5,0,4
6,0,2
7,0.0185185185185185,6
8,0,3
9,0,4
10,0,1
11,0,4
12,0,6
13,0,8
" "
"Bout Length  10"
"TimeFactor","TurnProportion","Count"
1,0.183333333333333,6
2,0.133333333333333,3
3,0.0333333333333333,3
11,0,1
" "
"Bout Length  11"
"TimeFactor","TurnProportion","Count"
1,0.0909090909090909,2
3,0,1
5,0.0909090909090909,1
7,0,1
" "
"Bout Length  12"
"TimeFactor","TurnProportion","Count"
3,0.5,1
" "
"Bout Length  13"
"TimeFactor","TurnProportion","Count"
1,0.153846153846154,2
2,0.0769230769230769,2
4,0,1
" "
"Bout Length  14"
"TimeFactor","TurnProportion","Count"
10,0.0714285714285714,1
" "
"Bout Length  15"
"TimeFactor","TurnProportion","Count"
2,0.133333333333333,1
" "
