" "
"Bout Length  1"
"TimeFactor","TurnProportion","Count"
1,0.16170136396267,11144
2,0.162577928912639,12351
3,0.188118811881188,13332
4,0.185832414553473,18140
5,0.202539265583101,18273
6,0.205715986900863,16795
7,0.211159510475005,14463
8,0.185344,15625
9,0.178143496463115,13854
10,0.178864257515943,13172
11,0.167535034135825,11132
12,0.130999326728864,10397
13,0.0999004822781903,13063
" "
"Bout Length  2"
"TimeFactor","TurnProportion","Count"
1,0.139125151883354,1646
2,0.162400975015235,1641
3,0.192079207920792,2020
4,0.189833200953137,2518
5,0.192005976839746,2677
6,0.191407825736184,2479
7,0.199319727891156,2205
8,0.196446961894954,1942
9,0.199287280701754,1824
10,0.197491039426523,1395
11,0.210694698354662,1094
12,0.192777777777778,900
13,0.18075117370892,639
" "
"Bout Length  3"
"TimeFactor","TurnProportion","Count"
1,0.0622317596566524,1398
2,0.0666165790132732,1331
3,0.079743888242142,1718
4,0.084430401965947,1899
5,0.0850748480806284,2249
6,0.0871350364963504,2192
7,0.0823360459550024,2089
8,0.0794349660612732,1817
9,0.0802083333333333,1600
10,0.0770681756938831,1237
11,0.0715210355987055,1030
12,0.069537909376402,743
13,0.0476190476190476,595
" "
"Bout Length  4"
"TimeFactor","TurnProportion","Count"
1,0.0906488549618321,262
2,0.0953703703703704,270
3,0.142857142857143,399
4,0.142624728850325,461
5,0.137081784386617,538
6,0.152534113060429,513
7,0.148053278688525,488
8,0.1475,400
9,0.15920716112532,391
10,0.1375,300
11,0.166666666666667,237
12,0.139303482587065,201
13,0.13508064516129,124
" "
"Bout Length  5"
"TimeFactor","TurnProportion","Count"
1,0.0480769230769231,208
2,0.0463768115942029,276
3,0.0700315457413249,317
4,0.0801204819277108,332
5,0.0661616161616162,396
6,0.0654377880184332,434
7,0.0844748858447489,438
8,0.0729468599033817,414
9,0.0651558073654391,353
10,0.0675409836065574,305
11,0.0758620689655172,261
12,0.0810526315789474,190
13,0.0607142857142857,112
" "
"Bout Length  6"
"TimeFactor","TurnProportion","Count"
1,0.11025641025641,65
2,0.100529100529101,63
3,0.143333333333333,100
4,0.105654761904762,112
5,0.151079136690647,139
6,0.18494623655914,155
7,0.133966244725738,158
8,0.13254593175853,127
9,0.174242424242424,110
10,0.175347222222222,96
11,0.15,60
12,0.2,60
13,0.176190476190476,35
" "
"Bout Length  7"
"TimeFactor","TurnProportion","Count"
1,0.0489795918367347,35
2,0.0571428571428571,70
3,0.0822510822510822,66
4,0.0821428571428571,80
5,0.084472049689441,115
6,0.0690316395014382,149
7,0.069047619047619,120
8,0.060952380952381,150
9,0.0817733990147783,145
10,0.0896358543417367,102
11,0.0807453416149068,92
12,0.111688311688312,55
13,0.0805860805860806,39
" "
"Bout Length  8"
"TimeFactor","TurnProportion","Count"
1,0.0789473684210526,19
2,0.0535714285714286,14
3,0.0773809523809524,21
4,0.174242424242424,33
5,0.150641025641026,39
6,0.132211538461538,52
7,0.159836065573771,61
8,0.149509803921569,51
9,0.122685185185185,54
10,0.207547169811321,53
11,0.121212121212121,33
12,0.105769230769231,26
13,0.125,22
" "
"Bout Length  9"
"TimeFactor","TurnProportion","Count"
1,0.0740740740740741,12
2,0.0384615384615385,26
3,0.0462962962962963,24
4,0.0777777777777778,30
5,0.0935672514619883,57
6,0.141414141414141,44
7,0.0727272727272727,55
8,0.0662393162393162,52
9,0.046594982078853,62
10,0.094017094017094,65
11,0.0698412698412698,35
12,0.105691056910569,41
13,0.12962962962963,18
" "
"Bout Length  10"
"TimeFactor","TurnProportion","Count"
1,0.05,4
2,0.222222222222222,9
3,0.166666666666667,12
4,0.125,16
5,0.165,20
6,0.147058823529412,17
7,0.120689655172414,29
8,0.152631578947368,19
9,0.185714285714286,28
10,0.171794871794872,39
11,0.169230769230769,26
12,0.235294117647059,17
13,0.1,7
" "
"Bout Length  11"
"TimeFactor","TurnProportion","Count"
1,0.212121212121212,3
2,0.0303030303030303,6
3,0.113636363636364,4
4,0.127272727272727,15
5,0.128099173553719,22
6,0.0551948051948052,28
7,0.0320855614973262,17
8,0.113636363636364,40
9,0.0701298701298701,35
10,0.0641711229946524,34
11,0.100737100737101,37
12,0.0276679841897233,23
13,0.00757575757575758,12
" "
"Bout Length  12"
"TimeFactor","TurnProportion","Count"
1,0.25,2
2,0.0416666666666667,2
3,0.125,6
4,0.196428571428571,14
5,0.115740740740741,18
6,0.111111111111111,18
7,0.152777777777778,12
8,0.146825396825397,21
9,0.136904761904762,14
10,0.133333333333333,20
11,0.217948717948718,13
12,0.1875,8
13,0.0833333333333333,4
" "
"Bout Length  13"
"TimeFactor","TurnProportion","Count"
1,0.0128205128205128,6
2,0.0769230769230769,2
3,0,6
4,0.0384615384615385,8
5,0.104072398190045,17
6,0.0673076923076923,24
7,0.0559440559440559,11
8,0.0192307692307692,20
9,0.0702341137123746,23
10,0.0663129973474801,29
11,0.130769230769231,20
12,0.100591715976331,13
13,0.0288461538461538,8
" "
"Bout Length  14"
"TimeFactor","TurnProportion","Count"
1,0.0714285714285714,1
2,0.107142857142857,2
4,0.0595238095238095,6
5,0.125,12
6,0.316326530612245,7
7,0.0535714285714286,8
8,0.317460317460317,9
9,0.0714285714285714,5
10,0.166666666666667,9
11,0.0952380952380952,6
12,0.13265306122449,7
13,0.0952380952380952,3
" "
"Bout Length  15"
"TimeFactor","TurnProportion","Count"
3,0.0333333333333333,2
4,0.108333333333333,8
5,0.0242424242424242,11
6,0.0166666666666667,8
7,0.0833333333333333,12
8,0.0303030303030303,11
9,0.0733333333333333,20
10,0.0380952380952381,14
11,0.161111111111111,12
12,0.1,10
13,0.0533333333333333,5
" "
"Bout Length  16"
"TimeFactor","TurnProportion","Count"
1,0,1
3,0.03125,2
4,0.125,3
5,0.0833333333333333,3
6,0.0625,5
7,0.05,5
8,0.0416666666666667,3
9,0.0833333333333333,6
10,0.0965909090909091,11
11,0.328125,4
12,0.15625,4
13,0.28125,2
" "
"Bout Length  17"
"TimeFactor","TurnProportion","Count"
1,0,1
3,0.132352941176471,4
4,0.264705882352941,2
5,0,5
6,0.0065359477124183,9
7,0.0392156862745098,6
8,0.00735294117647059,8
9,0.081447963800905,13
10,0.0522875816993464,9
11,0.112745098039216,12
12,0.0235294117647059,5
13,0.0588235294117647,4
" "
"Bout Length  18"
"TimeFactor","TurnProportion","Count"
3,0.0555555555555556,2
4,0.305555555555556,2
5,0.0833333333333333,2
6,0,1
7,0.203703703703704,3
8,0.277777777777778,4
9,0.1,5
10,0.291666666666667,4
11,0.244444444444444,5
12,0.037037037037037,3
13,0.5,1
" "
"Bout Length  19"
"TimeFactor","TurnProportion","Count"
3,0.105263157894737,1
4,0.0701754385964912,3
5,0.0175438596491228,3
6,0.0315789473684211,5
7,0.0087719298245614,6
8,0.157894736842105,4
9,0.0842105263157895,5
10,0.0578947368421053,10
11,0.00657894736842105,8
12,0,3
13,0.0131578947368421,4
" "
"Bout Length  20"
"TimeFactor","TurnProportion","Count"
1,0,1
5,0.366666666666667,3
6,0.05,2
7,0.1,2
8,0.06,5
9,0.15,5
10,0.0166666666666667,3
11,0.1,2
12,0.3,2
13,0.0375,4
" "
"Bout Length  21"
"TimeFactor","TurnProportion","Count"
1,0,1
4,0.0476190476190476,3
5,0.0476190476190476,2
6,0.104761904761905,5
7,0,4
8,0.0476190476190476,1
9,0.285714285714286,2
10,0.0238095238095238,4
11,0.0357142857142857,4
12,0,1
13,0.0476190476190476,1
" "
"Bout Length  22"
"TimeFactor","TurnProportion","Count"
7,0.25,2
8,0.0151515151515152,3
9,0.159090909090909,4
10,0.212121212121212,3
11,0.0454545454545455,2
" "
"Bout Length  23"
"TimeFactor","TurnProportion","Count"
4,0.260869565217391,2
5,0.0652173913043478,2
6,0.0434782608695652,2
7,0,1
8,0.16304347826087,4
9,0.0434782608695652,2
10,0.0144927536231884,3
11,0.0434782608695652,1
12,0.0326086956521739,4
13,0,3
" "
"Bout Length  24"
"TimeFactor","TurnProportion","Count"
5,0.5,1
6,0.0416666666666667,2
7,0.125,1
8,0.194444444444444,3
9,0.0972222222222222,3
10,0.0666666666666667,5
11,0.0416666666666667,2
13,0.125,1
" "
"Bout Length  25"
"TimeFactor","TurnProportion","Count"
4,0,1
7,0.04,3
8,0,1
9,0.04,3
10,0.08,6
11,0.06,4
12,0.08,3
13,0.08,1
" "
"Bout Length  26"
"TimeFactor","TurnProportion","Count"
5,0.0384615384615385,2
6,0.0576923076923077,2
7,0.0384615384615385,1
11,0.0512820512820513,3
12,0.538461538461538,1
" "
"Bout Length  27"
"TimeFactor","TurnProportion","Count"
5,0,2
7,0,2
9,0.0148148148148148,5
10,0.037037037037037,1
11,0.037037037037037,1
13,0.111111111111111,1
" "
"Bout Length  28"
"TimeFactor","TurnProportion","Count"
5,0.0357142857142857,1
7,0.5,1
9,0.0714285714285714,1
10,0.0714285714285714,1
11,0.0357142857142857,1
13,0.214285714285714,3
" "
"Bout Length  29"
"TimeFactor","TurnProportion","Count"
5,0.0344827586206897,2
6,0,1
7,0,1
8,0.0344827586206897,1
9,0.0689655172413793,3
11,0.0344827586206897,1
13,0.0229885057471264,3
" "
"Bout Length  30"
"TimeFactor","TurnProportion","Count"
6,0.0333333333333333,1
" "
"Bout Length  31"
"TimeFactor","TurnProportion","Count"
6,0,1
8,0,1
9,0.032258064516129,1
11,0,1
" "
"Bout Length  32"
"TimeFactor","TurnProportion","Count"
6,0.1875,3
8,0.03125,1
9,0.46875,1
10,0,2
11,0.1625,5
" "
"Bout Length  33"
"TimeFactor","TurnProportion","Count"
6,0,2
10,0.0505050505050505,3
12,0,1
13,0.0606060606060606,2
" "
"Bout Length  34"
"TimeFactor","TurnProportion","Count"
8,0.5,1
11,0.117647058823529,1
" "
"Bout Length  35"
"TimeFactor","TurnProportion","Count"
8,0,1
9,0.0428571428571429,2
10,0,1
" "
"Bout Length  36"
"TimeFactor","TurnProportion","Count"
9,0.111111111111111,1
" "
"Bout Length  37"
"TimeFactor","TurnProportion","Count"
8,0.027027027027027,1
9,0.027027027027027,1
10,0.0540540540540541,1
13,0.0540540540540541,1
" "
"Bout Length  38"
"TimeFactor","TurnProportion","Count"
5,0.105263157894737,1
6,0.0263157894736842,1
9,0.105263157894737,1
13,0.473684210526316,1
" "
"Bout Length  39"
"TimeFactor","TurnProportion","Count"
10,0.0256410256410256,1
" "
"Bout Length  41"
"TimeFactor","TurnProportion","Count"
9,0.0365853658536585,2
" "
"Bout Length  42"
"TimeFactor","TurnProportion","Count"
8,0,1
" "
"Bout Length  43"
"TimeFactor","TurnProportion","Count"
12,0.0232558139534884,1
13,0.0232558139534884,1
" "
"Bout Length  44"
"TimeFactor","TurnProportion","Count"
7,0.0227272727272727,1
9,0.0681818181818182,1
11,0.0227272727272727,1
" "
"Bout Length  45"
"TimeFactor","TurnProportion","Count"
13,0,1
" "
"Bout Length  46"
"TimeFactor","TurnProportion","Count"
9,0.0217391304347826,1
" "
"Bout Length  47"
"TimeFactor","TurnProportion","Count"
13,0,1
" "
"Bout Length  48"
"TimeFactor","TurnProportion","Count"
8,0.239583333333333,2
" "
"Bout Length  49"
"TimeFactor","TurnProportion","Count"
6,0.0408163265306122,1
" "
"Bout Length  54"
"TimeFactor","TurnProportion","Count"
9,0.12962962962963,1
" "
"Bout Length  61"
"TimeFactor","TurnProportion","Count"
13,0.0327868852459016,1
" "
"Bout Length  62"
"TimeFactor","TurnProportion","Count"
9,0.0806451612903226,1
" "
