" "
"Bout Length  1"
"TimeFactor","TurnProportion","Count"
1,0.170595741822822,14889
2,0.142627399738667,9949
3,0.149141752870297,8797
4,0.122177300069027,10141
5,0.120998944776644,5686
6,0.104627766599598,6461
7,0.107732016608686,8911
8,0.102504905921736,8663
9,0.105422993492408,6915
10,0.117210203422667,6194
11,0.110727837185236,5798
12,0.100899918189256,7334
13,0.118534482758621,6496
" "
"Bout Length  2"
"TimeFactor","TurnProportion","Count"
1,0.112111292962357,1222
2,0.0891677675033025,757
3,0.106010016694491,599
4,0.106570512820513,624
5,0.11938202247191,356
6,0.129464285714286,336
7,0.121287128712871,404
8,0.146627565982405,341
9,0.142857142857143,280
10,0.111922141119221,411
11,0.114035087719298,342
12,0.101503759398496,399
13,0.135854341736695,357
" "
"Bout Length  3"
"TimeFactor","TurnProportion","Count"
1,0.0429980276134122,845
2,0.0463347164591978,482
3,0.0522707797772065,389
4,0.0298039215686274,425
5,0.0594059405940594,303
6,0.0439276485788114,258
7,0.0339912280701754,304
8,0.044047619047619,280
9,0.0353741496598639,245
10,0.0502564102564103,325
11,0.0395061728395062,270
12,0.0433070866141732,254
13,0.0294117647058824,272
" "
"Bout Length  4"
"TimeFactor","TurnProportion","Count"
1,0.0552884615384615,104
2,0.0398550724637681,69
3,0.0443548387096774,62
4,0.0615384615384615,65
5,0.0638297872340425,47
6,0.0625,36
7,0.0328947368421053,38
8,0.0738636363636364,44
9,0.04,25
10,0.0625,28
11,0.0555555555555556,36
12,0.0476190476190476,42
13,0.0714285714285714,35
" "
"Bout Length  5"
"TimeFactor","TurnProportion","Count"
1,0.0290322580645161,62
2,0.0260869565217391,23
3,0.0303030303030303,33
4,0.0111111111111111,36
5,0.00869565217391304,23
6,0.0148148148148148,27
7,0,16
8,0.0111111111111111,18
9,0.06,20
10,0.0571428571428571,21
11,0.0285714285714286,21
12,0.02,30
13,0.008,25
" "
"Bout Length  6"
"TimeFactor","TurnProportion","Count"
1,0.0277777777777778,6
2,0.119047619047619,7
3,0,5
4,0,3
5,0.0277777777777778,6
6,0,4
7,0.0208333333333333,8
8,0,1
9,0.166666666666667,4
10,0.0333333333333333,5
11,0.0833333333333333,4
12,0.0256410256410256,13
13,0.0555555555555556,3
" "
"Bout Length  7"
"TimeFactor","TurnProportion","Count"
1,0.107142857142857,4
2,0.0571428571428571,5
3,0.214285714285714,2
4,0,4
5,0,3
6,0,3
7,0.0952380952380952,6
8,0.0714285714285714,2
9,0.122448979591837,7
10,0,5
11,0,3
12,0,6
13,0,2
" "
"Bout Length  8"
"TimeFactor","TurnProportion","Count"
2,0,2
3,0,1
8,0.0625,2
11,0,1
12,0,2
" "
"Bout Length  9"
"TimeFactor","TurnProportion","Count"
1,0.0555555555555556,2
6,0,1
9,0,1
10,0,1
12,0.111111111111111,1
" "
"Bout Length  10"
"TimeFactor","TurnProportion","Count"
4,0,1
" "
"Bout Length  11"
"TimeFactor","TurnProportion","Count"
8,0,1
" "
"Bout Length  12"
"TimeFactor","TurnProportion","Count"
4,0,1
" "
"Bout Length  13"
"TimeFactor","TurnProportion","Count"
12,0,1
" "
