" "
"Bout Length  1"
"TimeFactor","TurnProportion","Count"
1,0.184763101220388,11144
2,0.175451380455024,12351
3,0.203720372037204,13332
4,0.2,18140
5,0.21873802878564,18273
6,0.208216731169991,16795
7,0.211781788010786,14463
8,0.17088,15625
9,0.169481738126173,13854
10,0.15411478894625,13172
11,0.152353575278476,11132
12,0.103683754929307,10397
13,0.07417897879507,13063
" "
"Bout Length  2"
"TimeFactor","TurnProportion","Count"
1,0.144592952612394,1646
2,0.159658744667885,1641
3,0.193811881188119,2020
4,0.179507545671168,2518
5,0.182480388494583,2677
6,0.167002823719242,2479
7,0.166666666666667,2205
8,0.157569515962925,1942
9,0.151864035087719,1824
10,0.136559139784946,1395
11,0.138025594149909,1094
12,0.110555555555556,900
13,0.111111111111111,639
" "
"Bout Length  3"
"TimeFactor","TurnProportion","Count"
1,0.0548402479732952,1398
2,0.0656148259454045,1331
3,0.0892510671323244,1718
4,0.0923292961207653,1899
5,0.0767748629020305,2249
6,0.0802919708029197,2192
7,0.064305090154779,2089
8,0.0649422124380847,1817
9,0.0535416666666667,1600
10,0.0493128536782538,1237
11,0.0482200647249191,1030
12,0.053835800807537,743
13,0.0369747899159664,595
" "
"Bout Length  4"
"TimeFactor","TurnProportion","Count"
1,0.083969465648855,262
2,0.0861111111111111,270
3,0.129072681704261,399
4,0.126898047722343,461
5,0.109200743494424,538
6,0.102826510721248,513
7,0.0988729508196721,488
8,0.080625,400
9,0.0882352941176471,391
10,0.0808333333333333,300
11,0.0590717299578059,237
12,0.0634328358208955,201
13,0.0584677419354839,124
" "
"Bout Length  5"
"TimeFactor","TurnProportion","Count"
1,0.0375,208
2,0.05,276
3,0.0624605678233439,317
4,0.0771084337349398,332
5,0.0646464646464646,396
6,0.047926267281106,434
7,0.0465753424657534,438
8,0.0251207729468599,414
9,0.0277620396600567,353
10,0.0295081967213115,305
11,0.0306513409961686,261
12,0.02,190
13,0.0232142857142857,112
" "
"Bout Length  6"
"TimeFactor","TurnProportion","Count"
1,0.0666666666666667,65
2,0.0476190476190476,63
3,0.0916666666666667,100
4,0.12797619047619,112
5,0.109112709832134,139
6,0.0967741935483871,155
7,0.0727848101265823,158
8,0.062992125984252,127
9,0.0681818181818182,110
10,0.0607638888888889,96
11,0.0361111111111111,60
12,0.0972222222222222,60
13,0.0761904761904762,35
" "
"Bout Length  7"
"TimeFactor","TurnProportion","Count"
1,0.0448979591836735,35
2,0.036734693877551,70
3,0.0606060606060606,66
4,0.108928571428571,80
5,0.0360248447204969,115
6,0.0546500479386385,149
7,0.0380952380952381,120
8,0.0219047619047619,150
9,0.0354679802955665,145
10,0.030812324929972,102
11,0.0263975155279503,92
12,0.0103896103896104,55
13,0.021978021978022,39
" "
"Bout Length  8"
"TimeFactor","TurnProportion","Count"
1,0.0328947368421053,19
2,0.0982142857142857,14
3,0.142857142857143,21
4,0.109848484848485,33
5,0.0673076923076923,39
6,0.0865384615384615,52
7,0.0819672131147541,61
8,0.0416666666666667,51
9,0.0486111111111111,54
10,0.0424528301886792,53
11,0.0606060606060606,33
12,0.0721153846153846,26
13,0.0454545454545455,22
" "
"Bout Length  9"
"TimeFactor","TurnProportion","Count"
1,0.0185185185185185,12
2,0.047008547008547,26
3,0.087962962962963,24
4,0.0259259259259259,30
5,0.050682261208577,57
6,0.0252525252525253,44
7,0.0282828282828283,55
8,0.0341880341880342,52
9,0.010752688172043,62
10,0.0256410256410256,65
11,0.019047619047619,35
12,0.016260162601626,41
13,0.0246913580246914,18
" "
"Bout Length  10"
"TimeFactor","TurnProportion","Count"
1,0.025,4
2,0.0111111111111111,9
3,0.0583333333333333,12
4,0.11875,16
5,0.11,20
6,0.0352941176470588,17
7,0.0344827586206897,29
8,0.0157894736842105,19
9,0.0607142857142857,28
10,0.0564102564102564,39
11,0.00769230769230769,26
12,0.0588235294117647,17
13,0.0142857142857143,7
" "
"Bout Length  11"
"TimeFactor","TurnProportion","Count"
1,0.0303030303030303,3
2,0.0151515151515152,6
3,0.0681818181818182,4
4,0.0303030303030303,15
5,0.0206611570247934,22
6,0.025974025974026,28
7,0.0160427807486631,17
8,0.0136363636363636,40
9,0.00779220779220779,35
10,0.00802139037433155,34
11,0.0221130221130221,37
12,0.00395256916996047,23
13,0,12
" "
"Bout Length  12"
"TimeFactor","TurnProportion","Count"
1,0,2
2,0.125,2
3,0.152777777777778,6
4,0.0892857142857143,14
5,0.0740740740740741,18
6,0.0185185185185185,18
7,0.00694444444444444,12
8,0.0198412698412698,21
9,0.0833333333333333,14
10,0.0666666666666667,20
11,0.0897435897435897,13
12,0.0104166666666667,8
13,0.0208333333333333,4
" "
"Bout Length  13"
"TimeFactor","TurnProportion","Count"
1,0,6
2,0,2
3,0.0256410256410256,6
4,0.0865384615384615,8
5,0.0361990950226244,17
6,0.0128205128205128,24
7,0.013986013986014,11
8,0.00384615384615385,20
9,0.00334448160535117,23
10,0.0185676392572944,29
11,0.00384615384615385,20
12,0.0414201183431953,13
13,0.0961538461538462,8
" "
"Bout Length  14"
"TimeFactor","TurnProportion","Count"
1,0,1
2,0.285714285714286,2
4,0.0238095238095238,6
5,0.0297619047619048,12
6,0.0612244897959184,7
7,0.0625,8
8,0.0238095238095238,9
9,0,5
10,0.0634920634920635,9
11,0.0714285714285714,6
12,0.0816326530612245,7
13,0,3
" "
"Bout Length  15"
"TimeFactor","TurnProportion","Count"
3,0,2
4,0.075,8
5,0.0666666666666667,11
6,0.00833333333333333,8
7,0.0222222222222222,12
8,0,11
9,0.00666666666666667,20
10,0.00952380952380952,14
11,0.0111111111111111,12
12,0.00666666666666667,10
13,0.04,5
" "
"Bout Length  16"
"TimeFactor","TurnProportion","Count"
1,0,1
3,0.03125,2
4,0.0208333333333333,3
5,0,3
6,0.0125,5
7,0.0125,5
8,0.166666666666667,3
9,0.0625,6
10,0,11
11,0.03125,4
12,0.03125,4
13,0,2
" "
"Bout Length  17"
"TimeFactor","TurnProportion","Count"
1,0,1
3,0,4
4,0,2
5,0,5
6,0.0130718954248366,9
7,0.00980392156862745,6
8,0.0514705882352941,8
9,0,13
10,0.0326797385620915,9
11,0.00490196078431373,12
12,0,5
13,0.0147058823529412,4
" "
"Bout Length  18"
"TimeFactor","TurnProportion","Count"
3,0.0555555555555556,2
4,0,2
5,0.0277777777777778,2
6,0.0555555555555556,1
7,0,3
8,0,4
9,0,5
10,0,4
11,0,5
12,0,3
13,0,1
" "
"Bout Length  19"
"TimeFactor","TurnProportion","Count"
3,0.421052631578947,1
4,0,3
5,0,3
6,0,5
7,0,6
8,0,4
9,0.105263157894737,5
10,0.0263157894736842,10
11,0.00657894736842105,8
12,0,3
13,0,4
" "
"Bout Length  20"
"TimeFactor","TurnProportion","Count"
1,0,1
5,0,3
6,0,2
7,0,2
8,0.17,5
9,0.02,5
10,0,3
11,0,2
12,0,2
13,0,4
" "
"Bout Length  21"
"TimeFactor","TurnProportion","Count"
1,0,1
4,0.0158730158730159,3
5,0,2
6,0,5
7,0,4
8,0,1
9,0,2
10,0,4
11,0,4
12,0,1
13,0,1
" "
"Bout Length  22"
"TimeFactor","TurnProportion","Count"
7,0,2
8,0,3
9,0.113636363636364,4
10,0,3
11,0,2
" "
"Bout Length  23"
"TimeFactor","TurnProportion","Count"
4,0,2
5,0,2
6,0.0217391304347826,2
7,0,1
8,0,4
9,0,2
10,0.0144927536231884,3
11,0,1
12,0,4
13,0.0144927536231884,3
" "
"Bout Length  24"
"TimeFactor","TurnProportion","Count"
5,0,1
6,0.0208333333333333,2
7,0,1
8,0,3
9,0.125,3
10,0.108333333333333,5
11,0.0208333333333333,2
13,0,1
" "
"Bout Length  25"
"TimeFactor","TurnProportion","Count"
4,0,1
7,0,3
8,0,1
9,0,3
10,0.0133333333333333,6
11,0.01,4
12,0.0133333333333333,3
13,0,1
" "
"Bout Length  26"
"TimeFactor","TurnProportion","Count"
5,0,2
6,0,2
7,0,1
11,0,3
12,0.0384615384615385,1
" "
"Bout Length  27"
"TimeFactor","TurnProportion","Count"
5,0.0185185185185185,2
7,0,2
9,0,5
10,0,1
11,0,1
13,0,1
" "
"Bout Length  28"
"TimeFactor","TurnProportion","Count"
5,0,1
7,0,1
9,0.0357142857142857,1
10,0,1
11,0,1
13,0,3
" "
"Bout Length  29"
"TimeFactor","TurnProportion","Count"
5,0,2
6,0,1
7,0,1
8,0,1
9,0,3
11,0,1
13,0,3
" "
"Bout Length  30"
"TimeFactor","TurnProportion","Count"
6,0,1
" "
"Bout Length  31"
"TimeFactor","TurnProportion","Count"
6,0,1
8,0,1
9,0,1
11,0,1
" "
"Bout Length  32"
"TimeFactor","TurnProportion","Count"
6,0.0104166666666667,3
8,0,1
9,0,1
10,0.015625,2
11,0.00625,5
" "
"Bout Length  33"
"TimeFactor","TurnProportion","Count"
6,0,2
10,0,3
12,0,1
13,0,2
" "
"Bout Length  34"
"TimeFactor","TurnProportion","Count"
8,0,1
11,0,1
" "
"Bout Length  35"
"TimeFactor","TurnProportion","Count"
8,0,1
9,0.0285714285714286,2
10,0,1
" "
"Bout Length  36"
"TimeFactor","TurnProportion","Count"
9,0,1
" "
"Bout Length  37"
"TimeFactor","TurnProportion","Count"
8,0,1
9,0,1
10,0,1
13,0,1
" "
"Bout Length  38"
"TimeFactor","TurnProportion","Count"
5,0,1
6,0,1
9,0,1
13,0,1
" "
"Bout Length  39"
"TimeFactor","TurnProportion","Count"
10,0.0256410256410256,1
" "
"Bout Length  41"
"TimeFactor","TurnProportion","Count"
9,0.0121951219512195,2
" "
"Bout Length  42"
"TimeFactor","TurnProportion","Count"
8,0,1
" "
"Bout Length  43"
"TimeFactor","TurnProportion","Count"
12,0,1
13,0,1
" "
"Bout Length  44"
"TimeFactor","TurnProportion","Count"
7,0,1
9,0,1
11,0.0227272727272727,1
" "
"Bout Length  45"
"TimeFactor","TurnProportion","Count"
13,0,1
" "
"Bout Length  46"
"TimeFactor","TurnProportion","Count"
9,0,1
" "
"Bout Length  47"
"TimeFactor","TurnProportion","Count"
13,0,1
" "
"Bout Length  48"
"TimeFactor","TurnProportion","Count"
8,0,2
" "
"Bout Length  49"
"TimeFactor","TurnProportion","Count"
6,0,1
" "
"Bout Length  54"
"TimeFactor","TurnProportion","Count"
9,0,1
" "
"Bout Length  61"
"TimeFactor","TurnProportion","Count"
13,0,1
" "
"Bout Length  62"
"TimeFactor","TurnProportion","Count"
9,0,1
" "
