" "
"Bout Length  1"
"TimeFactor","TurnProportion","Count"
1,0.190819485174324,49104
2,0.186298604406214,45572
3,0.165369364076957,40854
4,0.167586603062015,40039
5,0.158397322307541,40632
6,0.152514099610771,37767
7,0.152222130945535,36519
8,0.152625716536717,36809
9,0.14978920393486,36291
10,0.145340990287665,37787
11,0.141061094894249,39054
12,0.143384378098491,36308
13,0.141831137250467,35366
" "
"Bout Length  2"
"TimeFactor","TurnProportion","Count"
1,0.128424657534247,4964
2,0.124148296593186,4990
3,0.115672488092538,4409
4,0.119734698626949,4297
5,0.117326057298772,4398
6,0.119651921682379,4137
7,0.122844827586207,4176
8,0.116662564607433,4063
9,0.119953416149068,3864
10,0.114393545028631,3842
11,0.11239522479045,3937
12,0.110936682365254,3822
13,0.11249678580612,3889
" "
"Bout Length  3"
"TimeFactor","TurnProportion","Count"
1,0.0578802118296412,4469
2,0.0488372093023256,4730
3,0.0450490967693576,4447
4,0.0443013719629033,4349
5,0.0491765782250686,4372
6,0.0470936275685616,4169
7,0.043450831953316,4227
8,0.0437504891602098,4259
9,0.0395520609959495,4197
10,0.0435518993467215,4133
11,0.0397494579619369,4151
12,0.0437944141464221,4034
13,0.0399904214559387,4176
" "
"Bout Length  4"
"TimeFactor","TurnProportion","Count"
1,0.0667670682730924,498
2,0.0689834024896266,482
3,0.0808351177730193,467
4,0.0877281947261663,493
5,0.0707644628099174,484
6,0.0685146443514644,478
7,0.072198275862069,464
8,0.0862255965292842,461
9,0.0644796380090498,442
10,0.0833333333333333,465
11,0.0644768856447689,411
12,0.0818965517241379,464
13,0.0524390243902439,410
" "
"Bout Length  5"
"TimeFactor","TurnProportion","Count"
1,0.0554140127388535,314
2,0.0412087912087912,364
3,0.0566473988439306,346
4,0.0403225806451613,372
5,0.0459530026109661,383
6,0.0478632478632479,351
7,0.0446927374301676,358
8,0.0486803519061584,341
9,0.0426512968299712,347
10,0.0371191135734072,361
11,0.0327380952380952,336
12,0.0358974358974359,351
13,0.0317204301075269,372
" "
"Bout Length  6"
"TimeFactor","TurnProportion","Count"
1,0.110119047619048,56
2,0.089041095890411,73
3,0.0866666666666667,75
4,0.0958904109589041,73
5,0.0590277777777778,48
6,0.115023474178404,71
7,0.107142857142857,56
8,0.087431693989071,61
9,0.119047619047619,56
10,0.0480225988700565,59
11,0.0696969696969697,55
12,0.0703703703703704,45
13,0.0797101449275362,46
" "
"Bout Length  7"
"TimeFactor","TurnProportion","Count"
1,0.11038961038961,22
2,0.0693877551020408,35
3,0.113095238095238,48
4,0.0963455149501661,43
5,0.0793650793650794,36
6,0.102040816326531,35
7,0.117216117216117,39
8,0.0733590733590734,37
9,0.111111111111111,27
10,0.124423963133641,31
11,0.056390977443609,38
12,0.0561224489795918,28
13,0.025974025974026,33
" "
"Bout Length  8"
"TimeFactor","TurnProportion","Count"
1,0.0357142857142857,7
2,0.166666666666667,18
3,0.138888888888889,18
4,0.118055555555556,18
5,0.166666666666667,15
6,0.1796875,16
7,0.1640625,16
8,0.136363636363636,11
9,0.142857142857143,7
10,0.125,6
11,0.107142857142857,7
12,0.03125,8
13,0.09375,4
" "
"Bout Length  9"
"TimeFactor","TurnProportion","Count"
1,0.166666666666667,4
2,0.194444444444444,4
3,0.0648148148148148,12
4,0.111111111111111,8
5,0.0634920634920635,14
6,0.152777777777778,8
7,0.196581196581197,13
8,0.197530864197531,9
9,0.222222222222222,3
10,0.238095238095238,7
11,0.197530864197531,9
12,0.203703703703704,6
13,0.296296296296296,3
" "
"Bout Length  10"
"TimeFactor","TurnProportion","Count"
1,0.128571428571429,7
2,0.2,3
3,0.3,11
4,0.175,4
5,0.16,10
6,0.128571428571429,7
7,0.3,3
8,0.25,8
10,0.6,1
11,0.25,2
12,0,1
" "
"Bout Length  11"
"TimeFactor","TurnProportion","Count"
2,0,3
3,0.136363636363636,6
4,0.303030303030303,3
5,0.0606060606060606,3
6,0.212121212121212,3
7,0.136363636363636,2
9,0.121212121212121,3
10,0.0909090909090909,1
11,0.0909090909090909,1
13,0.151515151515152,3
" "
"Bout Length  12"
"TimeFactor","TurnProportion","Count"
1,0.333333333333333,2
2,0.416666666666667,2
3,0.361111111111111,3
4,0.25,2
5,0.166666666666667,1
6,0.375,2
7,0.25,2
8,0.1875,4
10,0.291666666666667,4
11,0.166666666666667,1
13,0.0833333333333333,1
" "
"Bout Length  13"
"TimeFactor","TurnProportion","Count"
1,0.153846153846154,1
2,0.192307692307692,2
3,0,2
4,0.192307692307692,2
6,0.153846153846154,3
7,0.269230769230769,2
8,0.0512820512820513,3
9,0.230769230769231,1
" "
"Bout Length  14"
"TimeFactor","TurnProportion","Count"
2,0.142857142857143,1
3,0.0714285714285714,2
7,0.357142857142857,1
11,0.25,2
13,0,1
" "
"Bout Length  15"
"TimeFactor","TurnProportion","Count"
4,0.133333333333333,1
6,0.133333333333333,1
8,0.133333333333333,1
" "
"Bout Length  16"
"TimeFactor","TurnProportion","Count"
3,0.0625,1
6,0.25,2
7,0.25,1
8,0.1875,1
" "
"Bout Length  17"
"TimeFactor","TurnProportion","Count"
3,0.0588235294117647,1
5,0.529411764705882,1
7,0.470588235294118,1
" "
"Bout Length  18"
"TimeFactor","TurnProportion","Count"
6,0.0555555555555556,1
8,0.555555555555556,1
" "
"Bout Length  19"
"TimeFactor","TurnProportion","Count"
2,0.421052631578947,1
" "
"Bout Length  27"
"TimeFactor","TurnProportion","Count"
8,0.407407407407407,1
" "
"Bout Length  28"
"TimeFactor","TurnProportion","Count"
6,0.107142857142857,1
" "
