" "
"Bout Length  1"
"TimeFactor","TurnProportion","Count"
1,0.332213261648746,49104
2,0.322522601597472,45572
3,0.38505409507025,40854
4,0.382252304003596,40039
5,0.379503839338452,40632
6,0.399025604363598,37767
7,0.425367616856979,36519
8,0.416365562769975,36809
9,0.42029704334408,36291
10,0.411967078624924,37787
11,0.413325139550366,39054
12,0.437699680511182,36308
13,0.455069841090313,35366
" "
"Bout Length  2"
"TimeFactor","TurnProportion","Count"
1,0.570910556003223,4964
2,0.565931863727455,4990
3,0.578475844862781,4409
4,0.576914126134512,4297
5,0.59231468849477,4398
6,0.588107324147933,4137
7,0.588960727969349,4176
8,0.595495938961359,4063
9,0.59963768115942,3864
10,0.605153565851119,3842
11,0.608331216662433,3937
12,0.607927786499215,3822
13,0.607868346618668,3889
" "
"Bout Length  3"
"TimeFactor","TurnProportion","Count"
1,0.787648243454912,4469
2,0.79415081042988,4730
3,0.801214301776478,4447
4,0.802559975473289,4349
5,0.81389143031412,4372
6,0.815463340529304,4169
7,0.820203453986279,4227
8,0.820771699146905,4259
9,0.823763005321261,4197
10,0.823211549318493,4133
11,0.828715972054927,4151
12,0.830937035200793,4034
13,0.834530651340996,4176
" "
"Bout Length  4"
"TimeFactor","TurnProportion","Count"
1,0.725903614457831,498
2,0.714211618257261,482
3,0.707173447537473,467
4,0.719574036511156,493
5,0.755165289256198,484
6,0.743200836820084,478
7,0.732219827586207,464
8,0.738069414316703,461
9,0.756221719457014,442
10,0.756451612903226,465
11,0.776155717761557,411
12,0.765086206896552,464
13,0.784146341463415,410
" "
"Bout Length  5"
"TimeFactor","TurnProportion","Count"
1,0.828662420382166,314
2,0.818131868131868,364
3,0.805780346820809,346
4,0.830645161290323,372
5,0.839686684073107,383
6,0.82962962962963,351
7,0.840223463687151,358
8,0.840469208211144,341
9,0.836311239193084,347
10,0.847091412742382,361
11,0.87202380952381,336
12,0.875213675213675,351
13,0.882258064516129,372
" "
"Bout Length  6"
"TimeFactor","TurnProportion","Count"
1,0.696428571428571,56
2,0.666666666666667,73
3,0.675555555555556,75
4,0.675799086757991,73
5,0.71875,48
6,0.697183098591549,71
7,0.720238095238095,56
8,0.688524590163934,61
9,0.696428571428571,56
10,0.788135593220339,59
11,0.736363636363636,55
12,0.725925925925926,45
13,0.742753623188406,46
" "
"Bout Length  7"
"TimeFactor","TurnProportion","Count"
1,0.772727272727273,22
2,0.746938775510204,35
3,0.657738095238095,48
4,0.687707641196013,43
5,0.765873015873016,36
6,0.722448979591837,35
7,0.684981684981685,39
8,0.752895752895753,37
9,0.767195767195767,27
10,0.700460829493088,31
11,0.827067669172932,38
12,0.826530612244898,28
13,0.83982683982684,33
" "
"Bout Length  8"
"TimeFactor","TurnProportion","Count"
1,0.678571428571429,7
2,0.430555555555556,18
3,0.583333333333333,18
4,0.604166666666667,18
5,0.633333333333333,15
6,0.65625,16
7,0.6171875,16
8,0.670454545454545,11
9,0.714285714285714,7
10,0.625,6
11,0.75,7
12,0.703125,8
13,0.59375,4
" "
"Bout Length  9"
"TimeFactor","TurnProportion","Count"
1,0.583333333333333,4
2,0.583333333333333,4
3,0.648148148148148,12
4,0.652777777777778,8
5,0.69047619047619,14
6,0.625,8
7,0.504273504273504,13
8,0.530864197530864,9
9,0.555555555555556,3
10,0.507936507936508,7
11,0.666666666666667,9
12,0.722222222222222,6
13,0.481481481481481,3
" "
"Bout Length  10"
"TimeFactor","TurnProportion","Count"
1,0.685714285714286,7
2,0.466666666666667,3
3,0.418181818181818,11
4,0.625,4
5,0.45,10
6,0.571428571428571,7
7,0.566666666666667,3
8,0.3875,8
10,0.2,1
11,0.6,2
12,0.9,1
" "
"Bout Length  11"
"TimeFactor","TurnProportion","Count"
2,0.696969696969697,3
3,0.454545454545455,6
4,0.333333333333333,3
5,0.757575757575758,3
6,0.636363636363636,3
7,0.454545454545455,2
9,0.696969696969697,3
10,0.909090909090909,1
11,0.818181818181818,1
13,0.545454545454545,3
" "
"Bout Length  12"
"TimeFactor","TurnProportion","Count"
1,0.416666666666667,2
2,0.416666666666667,2
3,0.305555555555556,3
4,0.75,2
5,0.666666666666667,1
6,0.458333333333333,2
7,0.583333333333333,2
8,0.541666666666667,4
10,0.520833333333333,4
11,0.75,1
13,0.666666666666667,1
" "
"Bout Length  13"
"TimeFactor","TurnProportion","Count"
1,0.461538461538462,1
2,0.538461538461539,2
3,0.346153846153846,2
4,0.307692307692308,2
6,0.666666666666667,3
7,0.307692307692308,2
8,0.487179487179487,3
9,0.769230769230769,1
" "
"Bout Length  14"
"TimeFactor","TurnProportion","Count"
2,0.571428571428571,1
3,0.25,2
7,0.285714285714286,1
11,0.5,2
13,0.928571428571429,1
" "
"Bout Length  15"
"TimeFactor","TurnProportion","Count"
4,0.4,1
6,0.2,1
8,0.733333333333333,1
" "
"Bout Length  16"
"TimeFactor","TurnProportion","Count"
3,0.6875,1
6,0.5,2
7,0.625,1
8,0.5,1
" "
"Bout Length  17"
"TimeFactor","TurnProportion","Count"
3,0.647058823529412,1
5,0.235294117647059,1
7,0.294117647058824,1
" "
"Bout Length  18"
"TimeFactor","TurnProportion","Count"
6,0.333333333333333,1
8,0.333333333333333,1
" "
"Bout Length  19"
"TimeFactor","TurnProportion","Count"
2,0.263157894736842,1
" "
"Bout Length  27"
"TimeFactor","TurnProportion","Count"
8,0.259259259259259,1
" "
"Bout Length  28"
"TimeFactor","TurnProportion","Count"
6,0.571428571428571,1
" "
