soo,sso,igs,shh,ssh,ois,sjs,sii,sis,ssi,ssj,scs,csg,sgs,esc,scc,see,sio,ose,ios,oss,ess,ees,hss,css,jss,gss,iss,sss
0.0,0.0,0.0,0.0,0.0,0.0,0.0,0.0,0.0,0.0,0.0,0.0,0.002777777777777778,0.002777777777777778,0.004629629629629629,0.004629629629629629,0.004629629629629629,0.004629629629629629,0.004629629629629629,0.004629629629629629,0.007449494949494949,0.008556089348772276,0.009259259259259259,0.031564943150309006,0.05092642234410527,0.10811664828433121,0.11799222508063971,0.13325376175985934,0.4162144891565623
0.0,0.0,0.0,0.0,0.0,0.0,0.0,0.0,0.0,0.0,0.0020325203252032522,0.0023809523809523807,0.0,0.005413053556482752,0.0,0.0,0.0,0.0,0.0,0.0,0.04318277891587813,0.0023809523809523807,0.0,0.023934063970922362,0.0541061275458693,0.1448368742299019,0.08490946461192077,0.10314897706972483,0.3670075683455252
0.0,0.0,0.0,0.0,0.0,0.0,0.0,0.0009057971014492754,0.0023148148148148147,0.00322061191626409,0.0,0.0026881720430107525,0.0,0.010538413588904472,0.0,0.0,0.0,0.0,0.0,0.0,0.013888888888888888,0.016666666666666666,0.0,0.030092592592592587,0.026696108550947256,0.16634237924560505,0.11989980112350379,0.08392569588221761,0.4394867242518013
0.0,0.0,0.0,0.0,0.0,0.0,0.0,0.0,0.0,0.0,0.0,0.0,0.0,0.011251167133520075,0.0,0.0,0.0,0.0,0.0,0.0,0.009259259259259259,0.009259259259259259,0.0,0.0023809523809523807,0.016627370075645936,0.14732100031288672,0.16135162097505878,0.09405519554541343,0.38182750839133744
0.0,0.0,0.0,0.0,0.0,0.0,0.0,0.0,0.0,0.0,0.0,0.0,0.0,0.012034789644012944,0.0,0.0,0.0,0.0,0.0,0.0,0.0025252525252525255,0.0,0.0,0.012665582793019076,0.01531122599083764,0.15158707789382744,0.16901874618001386,0.08352893739214536,0.4699950542475579
0.0,0.0,0.0,0.0,0.0,0.0,0.0,0.0,0.006410256410256411,0.0,0.0,0.004857690202517789,0.0,0.0,0.0,0.0,0.0,0.0,0.0,0.0,0.044540229885057465,0.0,0.0,0.01809319233311302,0.04231233357050984,0.14969753518118126,0.08875489165231655,0.1290262133673545,0.5163076573976932
0.0,0.0,0.0,0.0,0.0,0.0,0.0011574074074074073,0.0,0.0,0.0,0.0,0.0,0.0,0.0,0.0,0.0,0.0,0.0,0.0,0.0,0.0025252525252525255,0.006944444444444444,0.0,0.02601410934744268,0.03009852801519468,0.22363836009669344,0.12842497009163675,0.13152699923533254,0.4496699288365955
0.0,0.0,0.0,0.0,0.0,0.0,0.006944444444444444,0.0,0.0,0.0,0.0,0.0017006802721088435,0.0,0.0017006802721088435,0.0,0.0,0.0,0.0,0.0,0.0,0.013888888888888888,0.005208333333333333,0.0,0.012680717998700455,0.036615803728898964,0.19596394450717755,0.12986109198515214,0.07907186247568454,0.5163635520935019
0.0,0.0,0.0,0.0,0.0,0.0,0.0,0.0,0.0,0.0,0.0,0.0,0.0,0.0,0.0,0.0,0.0,0.0,0.0,0.0,0.0024509803921568627,0.010277777777777776,0.0,0.005139152435167616,0.006925866236905721,0.1522181715255719,0.11664599656632617,0.10185510271880525,0.5211536190139553
0.0,0.0,0.0,0.0,0.0,0.0,0.007575757575757576,0.0,0.0026881720430107525,0.0,0.0,0.0,0.0,0.0,0.0,0.0,0.0,0.0,0.0,0.0,0.004252799310938846,0.0026881720430107525,0.0,0.009543010752688172,0.010648148148148148,0.18614306857214624,0.0936046898118008,0.07179900556682252,0.6110571761756761
0.0,0.0,0.0,0.0,0.0,0.0024509803921568627,0.0012077294685990338,0.0,0.001572327044025157,0.0,0.0,0.0,0.0,0.0,0.0,0.0,0.0,0.0,0.0,0.0,0.0,0.016826923076923076,0.0,0.01264969996350334,0.03639551457423857,0.1370886999891894,0.17273855457066267,0.08641562185282359,0.5326539490678782
0.0013020833333333333,0.0013020833333333333,0.001851851851851852,0.002777777777777778,0.002777777777777778,0.0,0.0,0.0,0.006857638888888889,0.0,0.0,0.0,0.0,0.0,0.0,0.0,0.0,0.0,0.0,0.0,0.0,0.0076388888888888895,0.0,0.018385416666666668,0.02916666666666667,0.1327095402554961,0.1230977978312537,0.07660177139037433,0.5121973720043573
0.0,0.0,0.0,0.0,0.0,0.0,0.0,0.0,0.0,0.0,0.0,0.0,0.0,0.006944444444444444,0.0,0.0,0.0,0.0,0.0,0.0,0.008680555555555554,0.011694072835377184,0.0,0.005779848171152519,0.05931312045442479,0.15503770836651273,0.11735183827684705,0.08263243897776681,0.552565972917919
