ge,gh,ih,ij,oi,je,cc,eo,go,hc,ci,oo,ic,ie,ec,gg,oh,hh,jc,gi,ei,jg,ig,jh,ji,sj,cg,he,gc,jj,ii,eg,hi,sh,se,co,es,so,sc,sg,si,hs,os,js,cs,is,gs,ss
0.0,0.0,0.0,0.0,0.0,0.0,0.0,0.0,0.0,0.0,0.0,0.0,0.0,0.0,0.0,0.0,0.0,0.0,0.0,0.0,0.0,0.0,0.0,0.0,0.0,0.0,0.0005518763796909492,0.0005518763796909492,0.0005518763796909492,0.0010288065843621398,0.0010288065843621398,0.0010822510822510823,0.0010822510822510823,0.0010822510822510823,0.0014619883040935672,0.0016483676077611246,0.002662934046304171,0.0028649973502914683,0.004447016220675913,0.004584211004130837,0.007108116645533825,0.019298429560020744,0.02694939654563801,0.0306659566939777,0.04726210961688465,0.12459755044639242,0.18894412243838235,0.5305448079653629
0.0,0.0,0.0,0.0,0.0,0.0,0.0,0.0,0.0,0.0,0.0,0.0,0.0,0.0,0.0,0.0,0.0,0.0,0.0,0.00048449612403100775,0.000859106529209622,0.0010548523206751054,0.0012352468747817585,0.0014367816091954023,0.0015015015015015015,0.0038595095370970276,0.0,0.0,0.0,0.0,0.00048449612403100775,0.0,0.0,0.003247858917962011,0.0,0.0012626262626262627,0.0020238445687371207,0.0,0.005589677853110091,0.0060917969025517825,0.008073982855454532,0.022163838447287688,0.0164387688510511,0.040708013285539614,0.04865362369881732,0.12032016354606827,0.20976067651818917,0.5047491376720826
0.0,0.0,0.0,0.0,0.0,0.0,0.0,0.0,0.0,0.0,0.0,0.0,0.0,0.0,0.0005952380952380952,0.0005952380952380952,0.0005995203836930456,0.0010040160642570282,0.0033333333333333335,0.0010288065843621398,0.0,0.0,0.0,0.0,0.0,0.0007936507936507938,0.0,0.0,0.0,0.0010288065843621398,0.0010040160642570282,0.0,0.0,0.0,0.0005952380952380952,0.0,0.0017976668579078219,0.0010288065843621398,0.0010040160642570282,0.01145802701358257,0.007062852678649198,0.01158023392464755,0.007161676850504103,0.035069884308649914,0.038839816390089425,0.09435229570836749,0.2128724922529036,0.5671943672724494
0.0,0.0,0.0,0.0,0.0,0.0,0.0,0.0,0.0,0.0,0.0,0.0,0.0,0.0,0.0,0.0005630630630630631,0.0,0.0,0.0,0.0011261261261261261,0.0,0.0011417667667667668,0.0005630630630630631,0.001282051282051282,0.0,0.0010416666666666667,0.0,0.0,0.0,0.0,0.0,0.0,0.0,0.0005175983436853001,0.0,0.0,0.004224809342562966,0.0,0.0013071106821106822,0.004429511630598587,0.0056301169978706204,0.015587745433759926,0.007707708205896612,0.042818231088158624,0.02075700979686487,0.09326551292131002,0.19509853250795275,0.6029383760814919
0.0,0.0,0.0,0.0,0.0,0.0,0.0,0.0,0.0,0.0,0.0,0.0,0.0,0.001141552511415525,0.0,0.0008333333333333334,0.0,0.0,0.0,0.0005144032921810699,0.0,0.0,0.0010040160642570282,0.0,0.0,0.0016339869281045752,0.0,0.0,0.0005175983436853001,0.0,0.0,0.0,0.0,0.0005175983436853001,0.0,0.0,0.0028658556055816326,0.0,0.0,0.002032822648619168,0.002670682730923695,0.020895048111062325,0.003807883277440234,0.038647867384311876,0.025438984118022468,0.11474491257730918,0.17763836630998997,0.6050950884200773
0.0,0.0,0.0,0.0,0.0,0.0,0.0,0.0,0.0,0.00048449612403100775,0.0005208333333333333,0.0008169934640522876,0.0016025641025641027,0.0,0.0,0.0,0.0,0.0,0.0,0.0,0.0,0.0008169934640522876,0.0,0.0006720430107526881,0.0,0.0011942404460764313,0.0,0.0,0.0,0.0,0.0022485589346054463,0.0,0.0006720430107526881,0.0,0.0,0.0,0.003692899702085402,0.0014629882960936313,0.0036896243291592128,0.004291851029989336,0.0066586976088976535,0.010496026577505813,0.002192829457364341,0.02464982963627572,0.01820858264657523,0.09524246535779439,0.2016550254738236,0.6187304139942152
0.0,0.0,0.0,0.0,0.0,0.0,0.0,0.0,0.0,0.0,0.0,0.0,0.0,0.0007183908045977011,0.0,0.00036075036075036075,0.0,0.0,0.0,0.0,0.0,0.0017006802721088435,0.0,0.0,0.0,0.0,0.0,0.0,0.0,0.0,0.0014367816091954023,0.0,0.0,0.0010361960663165483,0.0007183908045977011,0.0,0.0039195344441246725,0.00036075036075036075,0.0010169183397529854,0.020724315259251738,0.002623707709914606,0.024835001750215992,0.003565003917180352,0.04198733710481294,0.016862836947332583,0.10550092236955948,0.16634502384033414,0.6062874580392036
0.0,0.0,0.0,0.0,0.0,0.0,0.000496031746031746,0.0005630630630630631,0.0007309941520467836,0.0,0.0,0.0,0.0,0.0,0.0,0.0010590948090948092,0.0,0.0,0.0,0.001488095238095238,0.0,0.0,0.000496031746031746,0.0,0.0,0.0012090578951044068,0.0,0.0,0.0,0.0,0.000496031746031746,0.0,0.0,0.0005630630630630631,0.000992063492063492,0.0,0.0053579928503429105,0.0,0.000496031746031746,0.009920073078198376,0.0016380583241048356,0.014075811477581699,0.001824242735787059,0.06290128683199343,0.01613536853496927,0.08471368578906564,0.175115373599969,0.61972854808133
0.0,0.0,0.0,0.0004385964912280702,0.0004385964912280702,0.0007246376811594203,0.0,0.0,0.0,0.0,0.0,0.00040453074433656954,0.0,0.0,0.0,0.000591016548463357,0.0,0.0,0.0,0.000641025641025641,0.0,0.0007246376811594203,0.0,0.000641025641025641,0.0010162601626016261,0.000591016548463357,0.0,0.0,0.0,0.0,0.0004385964912280702,0.0,0.0,0.0,0.0,0.0,0.0,0.00040453074433656954,0.0007246376811594203,0.00612588737938682,0.0046996346993153325,0.005510838764613137,0.002173913043478261,0.036023775947970925,0.005795399447119904,0.08712411409306113,0.1806113297464963,0.664155998331143
0.0,0.0,0.00031446540880503143,0.0,0.00031446540880503143,0.0,0.0,0.0,0.0,0.0,0.0,0.0,0.0,0.0,0.0,0.0005241090146750524,0.0,0.0,0.0,0.0011323815207577774,0.0,0.0,0.0,0.0,0.0006082725060827251,0.0006082725060827251,0.0,0.0,0.0,0.0,0.0,0.0,0.0,0.0,0.0,0.00031446540880503143,0.0005630630630630631,0.0,0.005063779940728259,0.007823195051022983,0.006235115509874048,0.015584573746735081,0.00791841982234689,0.026181417245089034,0.009312683726694136,0.11511378455426989,0.1291327539253889,0.6732547816407743
0.0,0.0003097893432465923,0.0,0.0,0.0,0.0,0.0,0.0,0.0,0.0,0.0,0.0,0.0,0.0,0.0,0.0012391573729863693,0.0,0.0,0.0,0.0017518697214971835,0.0,0.0,0.0,0.0,0.0,0.0011111111111111111,0.0,0.0,0.0,0.0,0.0008653448988021478,0.0,0.0,0.0011111111111111111,0.0,0.0,0.004475308641975309,0.0,0.0,0.00404535664720299,0.006405558505930252,0.012213145261741007,0.0009818323539992804,0.02918805110822414,0.01830879258027494,0.0869165990795338,0.15967954112570362,0.5880640978033268
0.0004409171075837742,0.0,0.0,0.0,0.0,0.0,0.0,0.0,0.0,0.0,0.000859106529209622,0.0,0.0,0.0,0.0,0.0004409171075837742,0.0,0.0,0.0,0.0,0.0,0.0,0.0,0.0,0.0006361323155216284,0.0004409171075837742,0.0,0.0,0.0,0.0,0.0005341880341880341,0.0,0.0,0.0,0.0,0.0,0.0025782592900290492,0.0,0.000859106529209622,0.008605806272274976,0.004290736145574855,0.018936268016287203,0.002577319587628866,0.046660468916417785,0.011177539551394007,0.09740887145517797,0.20864811481570536,0.5949053312186297
0.0,0.0,0.0,0.0,0.0,0.0,0.0,0.0,0.00041050903119868636,0.0,0.0009578544061302681,0.0,0.0,0.0,0.0,0.0,0.0,0.0,0.0,0.0,0.0,0.002976190476190476,0.0,0.0,0.0009107468123861566,0.001946543844140128,0.0,0.0,0.0,0.0,0.0,0.0,0.0,0.002403560124699555,0.0010184364692561413,0.0,0.0005175983436853001,0.0006944444444444445,0.0005175983436853001,0.004791560165108291,0.0035127063935767107,0.014643205963335371,0.007219345551824049,0.028205994012021146,0.007055987754537853,0.08424862032749651,0.1837124014322308,0.6542566961040528
