gj,ie,cg,gh,gc,ij,ic,je,co,hi,jo,hc,oi,hh,ci,jh,sj,ch,ee,ig,go,jg,ge,cc,ji,se,jc,es,sc,gg,jj,ei,so,ii,gi,sh,si,os,sg,hs,js,cs,is,gs,ss
0.0,0.0,0.0,0.0,0.0,0.0,0.0,0.0,0.0,0.0,0.0,0.0,0.0,0.0,0.0,0.0,0.0,0.0,0.0,0.0,0.0,0.0007861635220125786,0.0008417508417508418,0.0008417508417508418,0.0008417508417508418,0.000946969696969697,0.000946969696969697,0.000946969696969697,0.0009578544061302681,0.0009578544061302681,0.0010162601626016261,0.0011737089201877935,0.0017973098330241188,0.0020154597619386353,0.0020325203252032522,0.002131563326318062,0.0038680539626712884,0.0055406709370124,0.009687694025269098,0.017546893826142863,0.021000822072757438,0.024535043497430093,0.12083040867175987,0.24656161381073324,0.5321939429165155
0.0,0.0,0.0,0.0,0.0,0.0,0.0,0.0,0.0,0.0,0.0,0.0,0.0,0.0,0.0,0.0,0.0,0.0,0.0005307855626326964,0.0013769588879417743,0.002777777777777778,0.0042257115051389784,0.0,0.0,0.0,0.0,0.0005518763796909492,0.006104390681003585,0.0005307855626326964,0.0005518763796909492,0.0,0.0,0.0,0.0,0.0,0.0022966175717598868,0.00390755455762662,0.0064488384514583994,0.009451001008167946,0.015705415145225797,0.04604535014503197,0.025794963074448698,0.10651508515216639,0.2321072602908659,0.535077751866739
0.0,0.0,0.0,0.0,0.0,0.0,0.0,0.0,0.0,0.0,0.0,0.0,0.0,0.0,0.0004873294346978557,0.0005707762557077625,0.0008090614886731391,0.0008250825082508251,0.0,0.0015497201894102454,0.0,0.017149945668432,0.0,0.0,0.0008250825082508251,0.0,0.0,0.003433954827503071,0.0006038647342995169,0.005993154953311098,0.0,0.0,0.0,0.0004873294346978557,0.002153584923709762,0.0010581056904056182,0.004624415391779218,0.0034936218491307958,0.012933906053106901,0.00967836141132356,0.048162432935362764,0.013213186951923228,0.09503447062852517,0.20441755997407504,0.4891617188540905
0.0,0.0,0.0,0.0,0.0,0.0,0.0,0.0,0.0,0.0,0.0,0.0,0.00037537537537537537,0.0005341880341880341,0.0,0.0,0.006420888001052251,0.0,0.0,0.0,0.0,0.0,0.0,0.00037537537537537537,0.0,0.0004901960784313725,0.0005341880341880341,0.013424210500823403,0.000778816199376947,0.007035824271383161,0.0,0.0,0.0056985294117647065,0.0,0.0009095634095634096,0.0013575920833985352,0.006337899169540628,0.00418552036199095,0.01825680564941915,0.012767883124567518,0.052308904917802455,0.014940966889373387,0.08678455921586915,0.18009477839406915,0.586387935502447
0.0,0.0,0.0,0.0,0.0,0.0,0.0,0.0,0.0,0.00042301184433164127,0.00042301184433164127,0.0004990019960079841,0.0,0.0,0.001005762427082224,0.000778816199376947,0.0037041101463979845,0.0,0.0,0.0004990019960079841,0.0,0.0,0.0,0.0,0.0,0.0,0.005208333333333333,0.001868834743848288,0.0019451248510226622,0.003584520993864743,0.005208333333333333,0.0,0.0,0.0,0.0005241090146750524,0.0030225684096861715,0.005348757033419113,0.0021596824498388567,0.014187443662038958,0.006429519342774771,0.016305702135900563,0.009690575013434344,0.09289398349971556,0.22495680674846988,0.5159996556477745
0.0,0.0,0.0,0.0,0.0,0.0,0.0,0.0,0.00040453074433656954,0.0,0.0,0.0,0.0,0.0,0.0,0.0,0.005896825396825397,0.0,0.0,0.0008521988030184751,0.0,0.0,0.0,0.0,0.0004553734061930783,0.0,0.0010822510822510823,0.001205886885498536,0.00040453074433656954,0.0074900054408251135,0.0010822510822510823,0.0,0.0,0.0006361323155216284,0.00159500693481276,0.0,0.0015188654696851418,0.0010822510822510823,0.00975652608554186,0.007070735090152565,0.08715796984921549,0.01173582522734299,0.0967324613012971,0.1708434952460832,0.5929968778125604
0.0,0.0,0.0,0.0,0.0,0.0005827505827505828,0.0006944444444444445,0.0006944444444444445,0.0,0.0,0.0,0.0,0.0,0.0,0.0005081300813008131,0.0,0.020833333333333332,0.0,0.0,0.0,0.0,0.0,0.0,0.0,0.0,0.0,0.0,0.0032200015431722746,0.002632428940568475,0.006468531468531469,0.0,0.0,0.0,0.004637723387723388,0.0017482517482517483,0.0,0.014707819280990015,0.0013094121325828642,0.014064280908793102,0.007439308658820854,0.04711742671364055,0.012600898817574938,0.1123419775220683,0.18080908031276718,0.4842564223449079
0.0,0.0,0.0,0.0006127450980392157,0.0008090614886731391,0.0,0.0,0.0,0.0,0.0,0.0,0.0,0.0,0.0,0.0,0.005952380952380952,0.0014218065867123545,0.0,0.0,0.0011037527593818985,0.0,0.005952380952380952,0.0,0.0,0.0008012820512820514,0.0004553734061930783,0.0,0.0,0.0016025641025641027,0.002863673497766421,0.0004553734061930783,0.0,0.0,0.0,0.0016556291390728477,0.0,0.004939785345327153,0.002513310914950259,0.004654745418586446,0.013715023101179039,0.023504081676452928,0.010576242743337823,0.09644095947430655,0.2686537514698751,0.5513160764153446
0.0,0.0,0.0003736920777279522,0.0,0.0,0.0,0.0,0.0,0.0,0.0,0.0,0.0,0.0,0.0,0.0,0.0,0.0008818221590287653,0.0,0.0,0.0010162601626016261,0.0,0.0,0.0036231884057971015,0.0003736920777279522,0.0,0.0,0.0,0.0024422268907563025,0.0003736920777279522,0.0066056910569105695,0.0,0.0,0.0,0.0,0.0015243902439024389,0.0003736920777279522,0.005752105474148536,0.0021116599921664546,0.00718831856399584,0.00922200458158134,0.029246510283908084,0.022105651559859787,0.09554834046884057,0.15209634972151256,0.5758073787907448
0.000591016548463357,0.000591016548463357,0.0,0.0,0.0,0.0,0.0,0.0,0.0,0.0,0.0,0.0,0.0,0.0,0.0,0.0,0.0015101177891875567,0.0,0.0,0.00285586791610888,0.0,0.0076595180043455904,0.0,0.0028735632183908046,0.0,0.0,0.0,0.0,0.0,0.005411255411255411,0.0014124293785310734,0.0,0.0,0.0,0.0010822510822510823,0.0010822510822510823,0.00613396057496953,0.0045468308491052436,0.007420677911398835,0.019430115206918865,0.04516555614829299,0.010785475663577364,0.08836606623013492,0.1700168467687715,0.5397318503342492
0.0,0.0,0.0,0.0,0.0,0.0,0.0,0.0,0.0,0.0,0.0,0.0,0.0,0.0,0.0,0.0,0.0026041666666666665,0.0,0.0008090614886731391,0.0,0.0,0.004914529914529914,0.0,0.0,0.0,0.0,0.0,0.005932243289033838,0.0,0.002901278130635929,0.002777777777777778,0.0,0.0,0.0,0.0005020080321285141,0.0,0.003949829689682304,0.0033280766223671722,0.005861144674391784,0.007048713842335286,0.05655484785452302,0.01149627649945636,0.10137129445305497,0.1547150591804147,0.5519003585509954
0.0,0.0,0.0,0.0,0.0,0.0,0.0,0.0,0.0,0.0,0.0,0.0,0.0,0.0,0.0,0.0012626262626262627,0.0,0.0,0.0,0.001937984496124031,0.0,0.001984126984126984,0.0,0.0,0.0,0.0,0.0,0.0007716049382716049,0.004915609082275749,0.0,0.001984126984126984,0.0,0.0,0.0,0.0,0.0,0.008775591333730869,0.0019560318067780753,0.00926581480064067,0.005771862808401427,0.05676579727078715,0.01852771180989506,0.08747544214066444,0.14810417009896518,0.5671681658492521
0.0,0.0,0.0,0.0,0.0,0.0005995203836930456,0.0,0.0,0.0,0.0,0.0,0.0,0.0,0.0,0.0,0.0,0.0033310749774164406,0.0,0.00101010101010101,0.0,0.0,0.0,0.0,0.0,0.0,0.0014629049111807733,0.0,0.01499345977763244,0.0,0.0,0.0,0.0,0.000505050505050505,0.0009578544061302681,0.0009578544061302681,0.0,0.008507388472075259,0.019231719367588936,0.004841182486383399,0.0,0.0335928993386003,0.011316974088713218,0.07557328930334825,0.14255299265265606,0.5138990672466331
