oo,jo,eg,jh,gc,ie,hi,ee,hh,og,ji,ih,oe,ce,ge,je,gj,oi,ch,cj,gh,jj,ei,sh,se,gi,ig,cg,cc,jg,ij,so,jc,sc,sj,ii,es,os,gg,si,js,sg,cs,hs,is,gs,ss
0.0,0.0,0.0,0.0,0.0,0.0,0.0,0.0,0.0,0.0,0.0,0.0,0.0,0.0,0.0,0.0,0.0,0.0,0.0,0.0,0.0,0.0,0.0004528985507246377,0.0004528985507246377,0.0004528985507246377,0.0004528985507246377,0.0004528985507246377,0.00045787545787545793,0.00045787545787545793,0.0005747126436781609,0.0006459948320413437,0.0009057971014492754,0.001282051282051282,0.002093342446603316,0.0030128732626168117,0.003917821309125657,0.004994941552358988,0.0058005971971227714,0.005829333031683891,0.006208811972209342,0.016468828796131714,0.018885098407043752,0.022811515232891755,0.025422067837887544,0.07910902262151324,0.1528199086981412,0.6460370381060759
0.0,0.0,0.0,0.0,0.0,0.0,0.0,0.0,0.0,0.0,0.0,0.0,0.00028538812785388126,0.00028538812785388126,0.00028538812785388126,0.00033602150537634406,0.00033602150537634406,0.0004480286738351255,0.00046816479400749064,0.00046816479400749064,0.00046816479400749064,0.0011508472034787824,0.0,0.0009067612852355607,0.0011602793860858377,0.0015520495472470825,0.0015632502640929608,0.0,0.0008771929824561404,0.0,0.0,0.0007840501792114696,0.0,0.0018959979119990283,0.0008771929824561404,0.0011485042735042735,0.005794868650643033,0.00573437413734891,0.008905519292875981,0.005935864104678297,0.014634735587106611,0.014769625756979399,0.03429054288097966,0.009078913542481642,0.09047299463910907,0.17638359824915875,0.6187021066926994
0.0,0.0,0.0,0.0,0.0,0.0,0.0,0.0,0.0,0.0004480286738351255,0.0006172839506172839,0.0008090614886731391,0.0,0.0,0.0,0.0,0.0,0.0,0.0,0.0,0.0,0.0,0.0,0.000896057347670251,0.000641025641025641,0.001404512668281124,0.0024690880490981057,0.0006172839506172839,0.0,0.0,0.0,0.0,0.0,0.0020146018871546865,0.007390035750396353,0.0007405020441111371,0.008209110783167982,0.004718419375918412,0.01181298898181314,0.0056089019000063215,0.02192901660368318,0.017046113423458346,0.017812611930025996,0.007904472139700023,0.05447707376569023,0.13712567273231205,0.6953081369127442
0.0,0.0,0.0,0.0,0.0,0.0,0.00022341376228775692,0.0009776130872082103,0.0010548523206751054,0.0,0.0,0.0,0.0,0.0,0.00022341376228775692,0.0,0.0,0.0007062146892655367,0.0,0.0,0.0,0.0,0.0022522522522522522,0.0018298166612418542,0.0012849848875531498,0.0025415094232225086,0.0020107238605898124,0.0,0.0,0.002958466941517789,0.0,0.0,0.0,0.0014277729172742296,0.00433782582732714,0.0035746201966041107,0.0023630239097690246,0.001839762118342802,0.012724977092029624,0.007473847356914826,0.024234027829119282,0.012836278635358299,0.019493857530935726,0.013139784373895241,0.053786323693037735,0.16909895083382884,0.6576056860374614
0.0,0.0,0.0,0.0,0.0,0.0006172839506172839,0.000445632798573975,0.0,0.0,0.0,0.0,0.0006172839506172839,0.0,0.0,0.0,0.0,0.0006172839506172839,0.0,0.0,0.0,0.000445632798573975,0.0,0.0,0.0008417508417508418,0.0,0.0036407766990291263,0.0024271844660194177,0.0,0.0,0.003472222222222222,0.0,0.0,0.0,0.0007183908045977011,0.005947950377562028,0.0020226537216828477,0.01817880618106878,0.0036499700198330334,0.013644471877862321,0.002934894987055657,0.03253394189797223,0.011718511947494402,0.008881029263837261,0.010254087099627867,0.06326914208732785,0.12349221015651457,0.6896288878995421
0.0,0.0,0.0,0.0,0.0005747126436781609,0.0,0.0,0.0,0.0,0.0,0.0,0.0,0.0,0.0,0.0,0.0,0.0,0.0,0.0,0.0,0.0,0.0004385964912280702,0.0,0.0005747126436781609,0.0012254901960784314,0.0017543859649122807,0.0018905021173623714,0.0,0.0,0.004787784679089027,0.0,0.0,0.0,0.001013309134906231,0.0022387993309846625,0.0008771929824561404,0.011029009304871372,0.002194482444140447,0.0044777641778865765,0.0038284866134864026,0.023226050423480676,0.0075351236270569605,0.0166279370914458,0.007669864578114859,0.04504568115664684,0.1147048908423468,0.6649518902228164
0.0,0.0,0.0005020080321285141,0.0005274261603375527,0.0,0.0,0.0005020080321285141,0.0,0.0020325203252032522,0.0,0.0,0.0,0.0,0.0,0.0,0.0,0.0,0.0,0.0,0.0,0.0006775067750677508,0.0,0.0,0.0027882368119223296,0.0,0.001506024096385542,0.0020588683849321336,0.0,0.0,0.0,0.0,0.0,0.0,0.0010548523206751054,0.006141188003926335,0.0005020080321285141,0.005810855249538965,0.005925896159695851,0.0020080321285140565,0.005290857791908053,0.019522000411794582,0.004742927802471185,0.014790199686075561,0.006849197630754429,0.04559397293765549,0.1111580603201523,0.7600153529066039
0.0,0.0026801029159519724,0.0,0.0,0.0,0.0,0.0,0.0,0.0,0.0,0.0,0.0,0.0,0.0,0.0,0.0,0.0,0.0,0.0,0.0,0.0,0.0,0.0,0.004008224479922593,0.0,0.0,0.0043859649122807015,0.0,0.001893939393939394,0.001388888888888889,0.0,0.0,0.0,0.0026801029159519724,0.00565960204929726,0.0,0.007163742690058479,0.003513436249285306,0.0010040160642570282,0.006768262300201377,0.023842546294091604,0.008903417225823036,0.015069713435660608,0.014253582570108272,0.06210987117277355,0.10554075768297949,0.7291338287585285
0.0,0.0,0.0,0.0,0.0,0.0,0.0,0.0,0.0,0.0,0.0010548523206751054,0.0,0.0,0.0,0.0,0.0,0.0,0.0,0.0,0.0,0.0,0.0010548523206751054,0.0,0.001984126984126984,0.0,0.0,0.0,0.0,0.0,0.00423204912532289,0.0,0.0,0.0,0.0,0.003038979304802089,0.0,0.01077224749656145,0.0016339869281045752,0.0015432098765432098,0.0015432098765432098,0.02662249776358464,0.0005995203836930456,0.026407815822062534,0.013267201364958453,0.03571027161091383,0.07568910852276788,0.7115127369653317
0.0,0.0,0.0,0.0,0.0,0.0,0.0,0.0,0.0,0.0,0.0,0.0,0.0,0.0,0.0,0.0,0.0,0.0,0.0,0.0,0.0,0.0,0.0,0.0,0.0,0.0,0.0,0.0,0.0,0.008207070707070706,0.0,0.0,0.0,0.0,0.0016666666666666668,0.0,0.00844988344988345,0.0,0.0,0.0,0.03320279630763502,0.003909285159285159,0.005050505050505051,0.0035606060606060605,0.02053490863974735,0.16727763276150373,0.5814739785304301
0.0,0.0,0.0,0.0,0.0,0.0,0.0,0.0,0.0,0.0,0.0,0.0,0.0,0.0,0.0,0.0,0.0,0.0,0.0,0.0,0.0,0.0,0.0,0.0,0.0,0.0,0.0,0.0,0.0,0.003687315634218289,0.0,0.004166666666666667,0.0,0.001981244221371021,0.0,0.0008012820512820514,0.0020833333333333333,0.0012437810945273632,0.0049679487179487185,0.0,0.04642153982168442,0.0034256351698544103,0.01196258750495311,0.00876078714221829,0.02169833853739769,0.06239875352051821,0.8264007865840265
0.006410256410256411,0.0,0.0,0.0,0.0,0.0,0.0,0.0,0.0,0.0,0.0,0.0,0.0,0.0,0.0,0.0,0.0,0.0,0.0,0.0,0.0,0.000925925925925926,0.0,0.0,0.0,0.0,0.0,0.0,0.0,0.0033310749774164406,0.0,0.0032051282051282055,0.0,0.0,0.000925925925925926,0.0,0.0032407407407407406,0.005288461538461538,0.0,0.0,0.03498504838984776,0.016137566137566135,0.019528608029788203,0.009809384164222874,0.027755686048368967,0.05486611383051194,0.7302567463425055
0.0,0.0,0.0011111111111111111,0.0,0.0,0.0,0.0,0.0,0.0,0.0,0.0,0.0,0.0,0.0,0.0006887052341597796,0.0,0.0,0.0,0.0,0.0010040160642570282,0.0,0.0,0.0,0.0,0.0006887052341597796,0.0,0.0,0.0,0.0,0.0,0.0,0.005630511463844797,0.0,0.0005411255411255411,0.00608043161237069,0.0006887052341597796,0.003247118378697326,0.0063145897684050295,0.0066669799347680685,0.0036226632885997616,0.015157961726224486,0.014028591826317894,0.011417005881398615,0.01091905066238076,0.051381938139237256,0.14034205586428472,0.6371353997011643
