io,hc,je,ij,jc,jo,og,go,ei,gc,se,cg,so,hi,oh,jj,he,oi,ig,ic,hh,gi,ci,gg,ji,sh,cc,jg,jh,ce,oo,sj,ii,co,sc,sg,si,ee,es,os,hs,cs,js,is,gs,ss
0.0,0.0,0.0,0.0,0.0,0.0,0.0,0.0,0.0,0.0,0.0,0.0004409171075837742,0.0004409171075837742,0.000925925925925926,0.000925925925925926,0.0009363295880149813,0.000946969696969697,0.000946969696969697,0.000946969696969697,0.000946969696969697,0.000946969696969697,0.000946969696969697,0.000946969696969697,0.000946969696969697,0.0010548523206751054,0.0013668430335097004,0.001893939393939394,0.001893939393939394,0.0019807782466010316,0.0028409090909090906,0.0043859649122807015,0.004670202203458047,0.004714530361082086,0.0053329346092503985,0.007216233894235077,0.007909459812791855,0.007931465677978658,0.008771929824561403,0.009818715337424636,0.019958364326057052,0.020312609276455177,0.03659128945631564,0.04072441743393115,0.08216659127795123,0.15765317894311856,0.47623174460940937
0.0,0.0,0.0,0.0,0.0,0.0,0.0,0.0,0.0,0.0,0.0006459948320413437,0.0,0.001091703056768559,0.0,0.0,0.0,0.0,0.0,0.0,0.0,0.0,0.0,0.00036390101892285295,0.00036390101892285295,0.0,0.004433873619920131,0.003787878787878788,0.019540229885057474,0.0,0.0,0.0,0.005214708282333741,0.00036390101892285295,0.0,0.004568713450292397,0.007277047641170444,0.009052418301177608,0.0,0.0019086210946676063,0.0256036225139826,0.029540181483232533,0.04284204559310056,0.07072275565948187,0.11320043076171714,0.11325631388290214,0.4628884247641732
0.0,0.0,0.0,0.0,0.0,0.0,0.0,0.0004761904761904762,0.000980392156862745,0.000980392156862745,0.0,0.001937984496124031,0.001937984496124031,0.0,0.0004761904761904762,0.0,0.0,0.0,0.0,0.0,0.0,0.0011904761904761904,0.0,0.007268297739995853,0.0,0.0,0.000980392156862745,0.002762803234501348,0.0,0.0,0.0,0.0033116108697504045,0.0004761904761904762,0.0,0.003586336144475679,0.008782589959060548,0.01199688820071857,0.0,0.005811387515868513,0.007190260719672484,0.019660502485141774,0.036498134321764776,0.07084543122789923,0.07901474780238561,0.14475197234057605,0.5890828443563051
0.0,0.0,0.0,0.0,0.0,0.0,0.0,0.0,0.0,0.0,0.0,0.0,0.000505050505050505,0.0,0.0,0.0,0.0,0.0,0.0,0.0,0.0006830601092896175,0.0,0.0,0.0,0.0,0.0006830601092896175,0.0,0.001282051282051282,0.0,0.0,0.0,0.0005482456140350877,0.0,0.0,0.0005482456140350877,0.007221441162572948,0.021241447657351545,0.0,0.0005482456140350877,0.0025073388345699557,0.007311315853162272,0.017201163488489518,0.045631594629043704,0.07985248782928565,0.12479683139945923,0.6061050869649455
0.0,0.0,0.0,0.0,0.0,0.0,0.0006561679790026247,0.0004480286738351255,0.0,0.0,0.0,0.0,0.0004873294346978557,0.0,0.0,0.0,0.0,0.0,0.0,0.001572327044025157,0.0,0.0,0.0,0.0,0.001572327044025157,0.0011041966528377502,0.0010964912280701754,0.0046018096422157755,0.0,0.0,0.0,0.0,0.0004480286738351255,0.0,0.0035763692385084576,0.011301017338876784,0.008494361692913831,0.0,0.005062523329600597,0.006940944971434135,0.01000985736730446,0.023518127051599794,0.08232174813703598,0.05350388685209434,0.1047586040115201,0.5951925203032334
0.0,0.0,0.0,0.0,0.0,0.0010040160642570282,0.0,0.0,0.0,0.0,0.0,0.0,0.000591016548463357,0.0,0.0,0.0,0.0,0.0,0.0,0.0,0.0,0.0,0.0,0.0,0.0,0.0,0.0,0.003787878787878788,0.0,0.0,0.0,0.001893939393939394,0.0,0.0,0.000591016548463357,0.0,0.00718239189353062,0.0,0.003101668862538428,0.0040104915499184525,0.02091673318811288,0.025535200961151767,0.044419560212621445,0.07081834713616232,0.10065550391146832,0.6321589016081605
0.0,0.0,0.0,0.0,0.0016025641025641027,0.0,0.0,0.0,0.0,0.0,0.0,0.0,0.000778816199376947,0.0,0.0,0.0,0.0,0.0,0.0019205594598318866,0.0,0.0,0.0,0.0005081300813008131,0.0,0.0,0.0,0.0,0.0,0.0,0.0,0.0,0.0,0.0,0.0,0.0,0.008205332772234984,0.0034497563703171177,0.0,0.013271048795290027,0.009607763168844216,0.019702702449397386,0.01984446486836418,0.07639493739314858,0.06902723404861714,0.10236776482947019,0.6733189254612425
0.0,0.0,0.0,0.0,0.0,0.0,0.0,0.0,0.0,0.0,0.0,0.0,0.0,0.0,0.0,0.0,0.0,0.0011574074074074073,0.0,0.0,0.0,0.0,0.0,0.0014590347923681257,0.0009578544061302681,0.0,0.0,0.0,0.0,0.0,0.0,0.0,0.0,0.0,0.002641356089631952,0.004524410774410775,0.003195145903479237,0.0,0.0031565656565656565,0.002577861952861953,0.012303954293896824,0.015926477986991847,0.050478599950371426,0.06094143058941909,0.12618151027971852,0.6311650565834135
0.0,0.0,0.0,0.005208333333333333,0.0,0.0,0.0,0.0,0.0,0.0,0.0,0.0,0.001937984496124031,0.0,0.0,0.0,0.0,0.0,0.0,0.0,0.0,0.0,0.0,0.0007716049382716049,0.005208333333333333,0.0007716049382716049,0.0,0.0024461145774248437,0.0,0.0,0.0,0.001937984496124031,0.0,0.0,0.0,0.0005081300813008131,0.0027180066245106895,0.0,0.0007716049382716049,0.010202574525745257,0.014149884760869825,0.008904019873532067,0.06899464215119348,0.054634257747322605,0.09970657565843329,0.6377950101926042
0.0,0.0,0.0013227513227513227,0.0,0.0,0.0,0.0,0.0,0.0,0.0,0.0013227513227513227,0.0,0.001893939393939394,0.0,0.0,0.0,0.0,0.0,0.0,0.0,0.0,0.0,0.0,0.0,0.0,0.0006944444444444445,0.0,0.0005747126436781609,0.0013227513227513227,0.0,0.0,0.0036623634700062905,0.0005747126436781609,0.0,0.0025813328586444238,0.0029068338249754176,0.0007374631268436578,0.0,0.0012437810945273632,0.010826158885251203,0.017900081371517298,0.01142687193426302,0.058436661879927694,0.06881412805293174,0.09773983342536569,0.7160184269817521
0.0,0.0,0.0,0.0,0.0,0.0,0.0,0.0,0.0,0.0,0.009259259259259259,0.0,0.0,0.0,0.0,0.0,0.0,0.0,0.0,0.0,0.0,0.0,0.0,0.00046816479400749064,0.0,0.002740892066734763,0.0,0.0,0.0,0.0,0.0,0.001983316309159006,0.00046816479400749064,0.0,0.0032512626262626264,0.008898508898508899,0.009527047520398393,0.0,0.016781083142639205,0.004678040726472207,0.014464349892720678,0.016524754925714497,0.022077461369969548,0.07416659202702264,0.14011531734820734,0.674595784298916
0.0,0.0,0.0,0.0,0.0,0.0,0.0,0.0,0.0,0.0,0.0,0.0,0.0,0.0,0.0,0.0021367521367521365,0.0,0.0,0.0,0.0,0.0004789272030651341,0.0,0.0,0.0,0.0,0.0004789272030651341,0.005952380952380952,0.005112942612942613,0.0,0.0,0.0,0.004946066316548244,0.0,0.0,0.006431308155446086,0.015932861165515923,0.004927757005031621,0.0,0.003933923659479025,0.0067800301736044705,0.010972543705198462,0.02431644955187401,0.06643813827721874,0.07869544919489119,0.1276842773980921,0.6347812652888943
0.00046816479400749064,0.0007507507507507507,0.0,0.0,0.0,0.0,0.0,0.0,0.0,0.0,0.0009057971014492754,0.0,0.0,0.0,0.0,0.001851851851851852,0.0,0.0,0.0,0.0,0.0,0.0,0.0,0.001373961895456766,0.001656547852200026,0.0,0.0,0.005978260869565218,0.001851851851851852,0.0,0.0,0.0009057971014492754,0.0,0.0,0.0,0.0014044943820224719,0.0063122335003950375,0.0,0.0,0.008158883521202363,0.015650500280446542,0.012713152820627174,0.0558336854196649,0.07968889545790703,0.13835944925547594,0.5828023879603427
