og,jh,oe,ij,ce,gh,oi,cg,go,jc,ch,gc,gj,ji,jj,ge,so,ci,ei,hi,hc,eg,ie,jg,hh,ee,jo,cc,gi,ig,sh,sc,gg,se,ii,sj,es,si,os,sg,hs,cs,js,is,gs,ss
0.0,0.0,0.0,0.0,0.0,0.0,0.0,0.0,0.0,0.0,0.0,0.0,0.0,0.0,0.0,0.0,0.0,0.0,0.0,0.00029342723004694836,0.00029342723004694836,0.00029342723004694836,0.00029342723004694836,0.0004655493482309125,0.00048449612403100775,0.00048449612403100775,0.0006313131313131314,0.0007779233540779561,0.0007779233540779561,0.001141552511415525,0.0012781469176818014,0.001828582145536384,0.001919475865493481,0.0027767732768809936,0.0035450863557704685,0.0038056442443962397,0.00477741283329628,0.006278365755784283,0.006602987277342393,0.007338473234069194,0.020217218939665542,0.028257033772502424,0.037870081261655884,0.09292097077849788,0.19100361800617371,0.5836431664678877
0.0,0.0,0.0,0.0,0.0,0.0,0.0,0.0,0.0,0.0,0.0,0.0,0.0,0.0,0.0,0.0004385964912280702,0.0004385964912280702,0.0005707762557077625,0.0006361323155216284,0.0,0.0,0.0004385964912280702,0.0004385964912280702,0.0,0.0,0.0,0.0,0.0,0.0015085061137692715,0.0,0.0,0.004060036371911496,0.0,0.0017472434266327397,0.0015085061137692715,0.003231594969158055,0.0010699096225412015,0.00433047834715171,0.0028219722333824387,0.006748420594762307,0.012432130111705306,0.025223011133540463,0.07876591722701974,0.08324050064170964,0.1946539407791806,0.5756965377776241
0.0,0.0,0.0,0.0,0.0,0.0,0.0,0.0,0.0,0.0,0.0,0.0,0.0,0.0,0.0,0.0,0.0012011582028764159,0.0,0.0,0.0,0.0,0.0,0.0,0.0010416666666666667,0.0,0.000429553264604811,0.0,0.000429553264604811,0.000859106529209622,0.0014712199312714776,0.0013198505523066926,0.0005482456140350877,0.000429553264604811,0.0010909289259804723,0.0007716049382716049,0.002474647266313933,0.005360397656233517,0.005707636941811295,0.0019727631411480206,0.00889800785634119,0.02948302249560887,0.01887281498086957,0.08417464391274027,0.10056572564403932,0.15583922046707588,0.5770586784833857
0.0,0.0,0.0,0.0,0.0,0.0,0.0,0.0,0.0,0.0,0.0,0.0,0.0,0.0014406358668653748,0.0015993265993265993,0.0,0.0,0.0,0.0,0.0,0.0,0.0,0.0,0.001162106501912327,0.0,0.0,0.0,0.0,0.0,0.00040453074433656954,0.0,0.002881762074026916,0.004218413644643153,0.0,0.0,0.006839081425095993,0.011076038159371493,0.002746428839325014,0.002182584481071724,0.011933287222043292,0.005932552093936265,0.016998359056117348,0.07100702905725727,0.0636732179247362,0.15951506244974437,0.6363895838601902
0.0,0.0,0.0,0.0,0.0,0.0,0.0,0.0,0.0,0.0,0.0,0.0,0.0,0.0,0.0,0.0,0.0,0.0,0.0,0.0,0.0,0.0,0.0,0.0,0.0,0.0,0.0,0.0,0.000357653791130186,0.0,0.0011271483902202857,0.0,0.0009703988891694017,0.0006127450980392157,0.0009578544061302681,0.0025396545020255775,0.012820512820512822,0.0038317855183490433,0.002394900313670826,0.005737494954431745,0.01189409462871626,0.01845269324058306,0.04423296694627394,0.07989095952805998,0.160669314473625,0.6535098224990624
0.0,0.0,0.0,0.0,0.0,0.0,0.0,0.0,0.0003912363067292645,0.0003912363067292645,0.0006720430107526881,0.0006720430107526881,0.0025252525252525255,0.0,0.001488095238095238,0.0,0.0,0.0,0.0,0.0,0.0,0.0,0.0004187604690117253,0.005061617611868868,0.0,0.0,0.001488095238095238,0.0003912363067292645,0.0,0.0004187604690117253,0.0,0.011088709677419354,0.001256281407035176,0.0004187604690117253,0.0,0.002130366741511873,0.0029440129942642505,0.005438140420951035,0.0064666746481630765,0.014588034773725838,0.008898793773023538,0.017231514212179045,0.04652233204362832,0.08867885289416917,0.1731826943034975,0.6072364551483916
0.0,0.0,0.0,0.0,0.0,0.0,0.0004990019960079841,0.0010040160642570282,0.0,0.0004528985507246377,0.0,0.0,0.0010040160642570282,0.0,0.0,0.0,0.0004990019960079841,0.0,0.0004990019960079841,0.0,0.0,0.0,0.0,0.002370136282836263,0.0,0.0,0.0,0.0,0.0,0.0014147529117589,0.0010198353293413174,0.0010040160642570282,0.006246293867338728,0.0,0.001141552511415525,0.001366120218579235,0.0036295667052246,0.0033403321233991742,0.013035004592251542,0.008149051608546553,0.007626958173931153,0.015279094756693326,0.05384239173028587,0.07667710343394238,0.17106734002702564,0.62883251299591
0.0,0.0,0.0,0.0,0.0005446623093681918,0.0033333333333333335,0.0,0.0,0.0,0.0,0.0,0.0,0.0,0.0,0.0,0.0,0.0,0.0,0.0,0.0,0.0,0.0,0.0007645259938837921,0.0,0.0,0.0,0.0,0.0,0.0,0.0006613756613756613,0.0,0.0,0.0005446623093681918,0.0038675213675213676,0.0,0.005165415624131221,0.003648123877481676,0.007283280889547899,0.0020632400219556184,0.0063097755402432175,0.013372448389987517,0.016117215475428607,0.05527150825734974,0.05642704330840704,0.1621975135767514,0.6624283540638656
0.0,0.0,0.0,0.0,0.0,0.0,0.0,0.0,0.0,0.0,0.0,0.0005868544600938967,0.0,0.0,0.0,0.0,0.0004734848484848485,0.0,0.0,0.0,0.0,0.0,0.0,0.0004734848484848485,0.0,0.0,0.0,0.0,0.002976190476190476,0.0,0.0,0.0,0.004087301587301587,0.0004734848484848485,0.0,0.00300235490747539,0.02458937971261915,0.004456270450988761,0.003838117086356523,0.007431963835323754,0.0066765873015873015,0.009770528048887969,0.05144758246966375,0.04948199236751332,0.1073090334579494,0.7229253892925942
0.0,0.0,0.0,0.004166666666666667,0.0,0.0,0.0,0.0,0.0,0.0012626262626262627,0.0012626262626262627,0.0,0.0,0.0,0.0,0.0020833333333333333,0.0008503401360544217,0.0,0.0,0.0,0.0,0.0,0.0,0.0052124800537498945,0.0,0.0005307855626326964,0.0,0.0,0.0,0.0,0.0,0.00038580246913580245,0.0010288065843621398,0.014419674451521584,0.0008865248226950354,0.007103116059498607,0.016211298020652968,0.0058683318961901265,0.0023338984170962304,0.007945991851176405,0.010463493213594315,0.03824259931782728,0.03406984447455131,0.062096541960996655,0.10315013072067884,0.6804250874623331
0.0,0.0,0.0017006802721088435,0.0,0.0,0.0,0.0,0.0,0.0,0.0,0.0,0.0,0.0,0.0006944444444444445,0.0004655493482309125,0.0,0.0011574074074074073,0.0,0.0,0.0,0.0,0.0,0.0,0.0,0.0,0.0,0.0,0.0006944444444444445,0.0,0.0,0.0,0.0012854609929078013,0.0023148148148148147,0.0,0.00040257648953301127,0.005740099144246149,0.008708512062812515,0.006338769911924995,0.004794249790011703,0.008170646568738123,0.006934380032206119,0.013772474153020952,0.02977377116208564,0.06327102703218887,0.10804270810289322,0.7357379838259801
0.0,0.0,0.0,0.0,0.0,0.0,0.0,0.0007861635220125786,0.0,0.0,0.0,0.0,0.0,0.00043402777777777775,0.0,0.0,0.0,0.0,0.0014124293785310734,0.0,0.0,0.0,0.0,0.0020521507551240557,0.0,0.0,0.0,0.0,0.0,0.0,0.0021985929005436523,0.0007861635220125786,0.001366120218579235,0.0008680555555555555,0.0,0.0008680555555555555,0.004770433764495986,0.004644932606684361,0.008270939840798153,0.008091555097887355,0.007398261409032128,0.011196814787754162,0.04309764618938714,0.05533438538790089,0.13850612327562667,0.7079171484547411
0.0006172839506172839,0.0012345679012345679,0.0,0.0,0.0,0.0,0.0,0.0,0.0,0.0,0.0,0.0,0.0,0.0,0.0005868544600938967,0.0,0.00033738191632928474,0.0012254901960784314,0.0,0.0,0.0,0.0,0.0,0.0010548523206751054,0.0,0.0,0.0,0.0,0.0,0.00033738191632928474,0.001812344656172328,0.0,0.00033738191632928474,0.0012254901960784314,0.0,0.0016721362712923897,0.00799234324457705,0.007272359715343506,0.010486670502493287,0.007267954840544789,0.014766476786600626,0.012765113826866181,0.05537786422401134,0.07028610040994752,0.11666479107772536,0.68667915967066
