ej,ie,hc,ec,og,ic,ij,jo,ge,je,ji,go,jh,eg,ce,cc,hh,gc,jc,cg,gj,hi,ch,co,ci,ig,so,jg,gi,oi,gg,oo,io,oc,ih,sh,sc,sj,jj,gh,si,se,hg,es,ee,ii,os,sg,hs,js,cs,is,gs,ss
0.0,0.0,0.0,0.0,0.0,0.0,0.0,0.0,0.0,0.0,0.0,0.0,0.0,0.0,0.0,0.0,0.0,0.0,0.0,0.0,0.0,0.0,0.0,0.0,0.0,0.0,0.0,0.0,0.0004006410256410257,0.0005241090146750524,0.0005241090146750524,0.0005274261603375527,0.0005274261603375527,0.0005274261603375527,0.0008090614886731391,0.0011737089201877935,0.001201923076923077,0.001366120218579235,0.002403846153846154,0.0024804008390106845,0.003634832889461148,0.006410256410256411,0.007338323596234989,0.007390728661701276,0.007478632478632479,0.007921860910666385,0.011770837663718536,0.012330634532484881,0.02131311566659867,0.04468766730282398,0.046147261977796276,0.11296304078286952,0.17199456411107727,0.5261520447824544
0.0,0.0,0.0,0.0,0.0,0.0,0.0,0.0,0.0,0.0,0.0,0.0,0.0,0.0,0.0,0.0,0.0,0.0,0.0,0.0,0.0,0.0003156565656565657,0.00035014005602240897,0.0007861635220125786,0.0008209498488661,0.000992063492063492,0.001511715797430083,0.0024752475247524753,0.0,0.0,0.002473716759431045,0.0,0.0,0.00035014005602240897,0.0,0.0006657966216789745,0.001646032357116925,0.003610360544315644,0.0,0.0,0.007998175456677954,0.0,0.0,0.0009416195856873823,0.0,0.0035091218918768528,0.005439928496651186,0.008396073740625435,0.02259323315100724,0.062142409115568654,0.032603265223552565,0.08055315779887086,0.17849666206214734,0.5813283703319659
0.0,0.0,0.0,0.0,0.0,0.0,0.0,0.0,0.0,0.0,0.0,0.0,0.0,0.0002759381898454746,0.00030525030525030525,0.00030525030525030525,0.00035919540229885057,0.00035919540229885057,0.0004789272030651341,0.0005811884950957799,0.000946969696969697,0.00030525030525030525,0.0,0.0,0.0006644457075491557,0.0,0.0,0.0002759381898454746,0.0,0.0,0.0012456342026449356,0.0,0.0,0.0,0.0,0.0018238844237029354,0.0017245614057100698,0.0007716049382716049,0.00030525030525030525,0.0,0.004390008671432573,0.0006265664160401002,0.0,0.0020711265755911355,0.0,0.0002759381898454746,0.003668622369243956,0.006041077959108792,0.008380231677879813,0.043378088110301694,0.016974711978389446,0.07228557167820895,0.1626018878221476,0.6685776840735111
0.0,0.0,0.0,0.0,0.0,0.0,0.0,0.0,0.0,0.0,0.0,0.00023342670401493932,0.0006613756613756613,0.0,0.0,0.0,0.0,0.0,0.00023084025854108956,0.00023084025854108956,0.0,0.0,0.0,0.0,0.0,0.00023084025854108956,0.0,0.0006613756613756613,0.0,0.0,0.00023084025854108956,0.0,0.0,0.0,0.0006613756613756613,0.0014553233714281577,0.0014448898927864838,0.00033467202141900936,0.0,0.0006775067750677508,0.0050981728652143956,0.0007645259938837921,0.0,0.00504204829099333,0.0,0.0014768728004022121,0.0025157563123686943,0.004449572744940909,0.008106664938177776,0.057213744125615744,0.012751725413718181,0.05309380844436098,0.16317706219765465,0.6792567390896617
0.0,0.0,0.0,0.0,0.0,0.0,0.0,0.0,0.00036075036075036075,0.0010964912280701754,0.0013315464838582203,0.0,0.0,0.0,0.0,0.0008753791011855529,0.0,0.0,0.0,0.0,0.0,0.0,0.0,0.0,0.0,0.00030637254901960784,0.0013186047668806288,0.0012697494253982031,0.0010278732705203293,0.00030637254901960784,0.0007370357703805037,0.0,0.0,0.0,0.0,0.00042735042735042735,0.00042735042735042735,0.0014811071318259397,0.00042735042735042735,0.0,0.0039280986904241125,0.0010964912280701754,0.0,0.0024359310739269697,0.0,0.0009497740491587608,0.0011488511488511489,0.01143790030143007,0.01101675940121633,0.04453206764528619,0.015522970917441087,0.07557950107725249,0.19840798507479404,0.6225503354731882
0.0,0.0,0.0,0.0,0.0,0.0,0.00030637254901960784,0.00030637254901960784,0.0,0.001572327044025157,0.0,0.0,0.0,0.0,0.0,0.0,0.0,0.00030637254901960784,0.00023674242424242425,0.0,0.0,0.0,0.0,0.0,0.0005431149732620321,0.0005431149732620321,0.0,0.0018090694682675816,0.0005431149732620321,0.0,0.0011232672469374597,0.0,0.0,0.0,0.00030637254901960784,0.00036075036075036075,0.0013013806440007197,0.0023859759555001554,0.0004528985507246377,0.0,0.0034432568203817526,0.0,0.0,0.005033751217954317,0.0,0.0013229723707664884,0.003139340842720067,0.0050313782054324995,0.01382615636604499,0.055895331701836505,0.014410977805426042,0.06458868544728531,0.1933766405584509,0.6278342618533881
0.0,0.0,0.0,0.0,0.0,0.0,0.0,0.0,0.0,0.0,0.0,0.0,0.0,0.0,0.0,0.0033393893688011336,0.0,0.0018007416916274426,0.0,0.0,0.0,0.0,0.0,0.0,0.0,0.0003770739064856712,0.0,0.0016025641025641027,0.0008012820512820514,0.0,0.004643680486578621,0.0,0.0,0.0,0.00026709401709401707,0.0010683760683760683,0.006962411083928113,0.00036390101892285295,0.0006561679790026247,0.00026709401709401707,0.008463780522604053,0.0003770739064856712,0.0,0.0006058474046278925,0.0,0.0010683760683760683,0.0046608202096006975,0.004917767580035064,0.009246466720230159,0.065970380269526,0.016882455608578786,0.0621628081465948,0.16228670737624648,0.6412077403953376
0.0,0.0,0.0,0.0,0.0,0.00022831050228310502,0.0,0.0,0.0,0.0,0.00022831050228310502,0.0,0.0,0.0,0.0,0.0002834467120181406,0.0,0.0,0.0,0.0,0.0,0.0,0.0,0.0,0.00022831050228310502,0.00032175032175032174,0.0,0.0003516174402250351,0.0014064697609001405,0.00022831050228310502,0.00045662100456621003,0.0,0.0,0.0,0.0,0.0031707631165135684,0.002704739670441596,0.002574002574002574,0.00032175032175032174,0.0,0.0025758004924413555,0.0,0.0,0.0,0.0,0.002060063375676841,0.005396173567577295,0.004238599509978393,0.008302109125443146,0.059053988888199405,0.015190704449463447,0.06006430018966231,0.14374531464173104,0.6868685428285266
0.0,0.0,0.0,0.0,0.00020275750202757503,0.0002768549280177187,0.0,0.0,0.0002768549280177187,0.0,0.0008417508417508418,0.0,0.0,0.0,0.0,0.0002768549280177187,0.0,0.0,0.0,0.0,0.0,0.0,0.0,0.0,0.0,0.0,0.0,0.0,0.0005160407100476251,0.0,0.0008417508417508418,0.0,0.0,0.0,0.0,0.00020275750202757503,0.000792895638065344,0.005235302050801448,0.0,0.0,0.0017508796321704506,0.0006576358250999399,0.0,0.0,0.0003132832080200501,0.0,0.0036631129360672194,0.01699290256033417,0.0023911979784574343,0.03506728173125565,0.01167302816864337,0.06714317790538978,0.13007095843872699,0.7208127217453105
0.0,0.0,0.000195160031225605,0.003968253968253968,0.00030413625304136254,0.0,0.00030413625304136254,0.0021929824561403508,0.0,0.0,0.0,0.0,0.0,0.0,0.0,0.0,0.0,0.0,0.0,0.0,0.0,0.0,0.0,0.0,0.0,0.0,0.0,0.0027551166451982253,0.0008034325373083301,0.0,0.0009124087591240877,0.0,0.0,0.0,0.0,0.0032770740620447457,0.0010439148336930401,0.000326797385620915,0.0,0.0,0.002334788248991911,0.000326797385620915,0.0,0.000326797385620915,0.0,0.0004992962842669675,0.00039032006245121,0.005402883982863281,0.0019335311804112177,0.061228550406702185,0.009023908489181854,0.06606950681524977,0.12905489992299155,0.7073253066509562
0.0,0.00019113149847094801,0.0,0.0,0.0,0.0,0.0,0.0,0.0,0.0,0.0020833333333333333,0.00038226299694189603,0.0,0.0,0.0,0.0,0.0,0.00019113149847094801,0.0,0.00019113149847094801,0.0003787878787878788,0.0,0.0,0.0,0.00034013605442176874,0.0,0.0023429387331256493,0.0028637720664589825,0.0005733944954128441,0.0,0.0014026711602072022,0.0,0.0,0.0,0.0,0.0,0.00019113149847094801,0.001497543461829176,0.0,0.0,0.005920386263768419,0.0,0.0,0.00457709641075165,0.0,0.0009135305498346128,0.010579701606192584,0.013103195666203988,0.005483464584054361,0.02515174169363398,0.006999650049505192,0.06207811999164394,0.14118698091589035,0.7113767660941184
0.0,0.0,0.0,0.0,0.0,0.000196078431372549,0.0,0.0,0.0,0.0,0.0,0.0,0.0,0.0,0.0,0.0007215007215007215,0.0,0.0,0.0,0.0,0.0,0.0005568287921229098,0.0,0.0014619883040935672,0.0,0.0,0.0,0.0,0.000196078431372549,0.0,0.0,0.0,0.0,0.0,0.000196078431372549,0.0,0.0011574379678320284,0.0006006091757091186,0.0,0.0,0.008103025694402051,0.00036075036075036075,0.0,0.002228598756575801,0.00036075036075036075,0.0014781297134238312,0.0022710497927667063,0.008305961324537176,0.009452205085558555,0.03948844955453319,0.005988868556273649,0.0546428739176364,0.15228095006618136,0.7099517865612346
0.00021150592216582064,0.0,0.0,0.0,0.0,0.00033467202141900936,0.0,0.0,0.0,0.0,0.0,0.002976190476190476,0.0,0.0,0.0,0.0,0.0,0.0,0.0,0.0,0.00021150592216582064,0.0,0.0,0.0,0.0,0.0,0.00033467202141900936,0.0015342572449171434,0.000990840000421634,0.00033467202141900936,0.0003720238095238095,0.0,0.001657423344170332,0.0,0.0,0.0015382414356483222,0.0014643796966934694,0.0008680555555555555,0.0,0.0,0.009686333822802607,0.0,0.0,0.00042301184433164127,0.0,0.0,0.006586898718878413,0.004600706405854824,0.014733689085910315,0.040544118479740564,0.008211414648542763,0.04873135535371392,0.1403081205018743,0.7133459116666412
