gj,ce,hh,je,oe,ih,gc,ij,ic,ie,ei,sh,og,cj,hj,oo,so,eg,sc,ji,gh,ge,jc,go,oi,jj,hg,cc,ii,hi,ig,cg,jg,se,gi,sj,gg,si,os,js,es,sg,hs,cs,is,gs,ss
0.0,0.0,0.0,0.0,0.0,0.0,0.0,0.0,0.0,0.0,0.0,0.0,0.0,0.0,0.0,0.0,0.0,0.0,0.0,0.0004432624113475177,0.0005446623093681918,0.0005446623093681918,0.0007575757575757576,0.0008169934640522876,0.0008865248226950354,0.0011737089201877935,0.0011737089201877935,0.0011737089201877935,0.0012167053201208799,0.0016169713315353112,0.0017670109133523769,0.0019244596709385442,0.0025238003961408216,0.0028620120935421074,0.0029786271049557903,0.005036278275714896,0.006487769649688596,0.00817744326677432,0.008400245401167414,0.010396112633284098,0.016696009696067955,0.01730259233731458,0.0177040379525886,0.02886267188374628,0.09508470837188492,0.13454918712878847,0.6288985487374238
0.0,0.0,0.0,0.0,0.0,0.0,0.0,0.0,0.0,0.0,0.0,0.0,0.0,0.0,0.0,0.0010416666666666667,0.0010416666666666667,0.0014367816091954023,0.002893518518518519,0.0,0.0,0.0,0.0,0.0,0.0,0.0,0.0,0.0010416666666666667,0.0020833333333333333,0.0,0.0,0.0010416666666666667,0.004627949183303085,0.000462962962962963,0.0,0.0023139745916515423,0.004714460884215103,0.0018997445721583653,0.005438974591651542,0.03622988811282823,0.015725134042410178,0.008899402404682939,0.009999915977683673,0.038467150492192,0.041134890320486145,0.0883049354156046,0.6478669829871223
0.0,0.0,0.0,0.0,0.0,0.0,0.0,0.0,0.0,0.0,0.0,0.0,0.0,0.0,0.0,0.0,0.0,0.0,0.0,0.0,0.0,0.0,0.0,0.0,0.0,0.0,0.0,0.0,0.0017006802721088435,0.0,0.004629629629629629,0.0,0.0,0.0,0.004629629629629629,0.0064026792750197,0.0,0.004629629629629629,0.009259259259259259,0.0064026792750197,0.0038374324088609802,0.030208878423164137,0.0,0.01870717372237129,0.022001333266530837,0.07579877309170623,0.8117922221170703
0.0,0.0,0.0,0.0,0.0,0.0,0.0,0.0,0.0,0.0,0.0,0.0,0.0,0.0028735632183908046,0.0028735632183908046,0.0,0.0,0.0,0.0,0.0,0.0,0.0,0.0,0.0,0.0,0.0,0.0026881720430107525,0.0,0.0026881720430107525,0.0,0.0,0.0,0.0023148148148148147,0.0,0.003472222222222222,0.0055617352614015575,0.0023148148148148147,0.0026881720430107525,0.0,0.012731481481481483,0.013921543016370603,0.007459677419354838,0.006849128540305011,0.020370839906843963,0.05283547844031714,0.03713614641033996,0.7378871417725864
0.0,0.0,0.0,0.0,0.0,0.0,0.0,0.0,0.0,0.0,0.0,0.0,0.0030864197530864196,0.0,0.0,0.0,0.0,0.0,0.0,0.0,0.0,0.0,0.0,0.0,0.0,0.0,0.0,0.0,0.0,0.0,0.0030864197530864196,0.0,0.0,0.08333333333333333,0.0,0.009659090909090909,0.0,0.0033333333333333335,0.0,0.0020833333333333333,0.015833333333333335,0.01597222222222222,0.0,0.00949667616334283,0.023344594594594592,0.0934690922655319,0.653968817672378
0.0,0.0,0.0,0.0,0.0,0.0,0.0,0.0,0.0,0.0,0.0,0.0028735632183908046,0.0,0.0,0.0,0.0,0.0,0.0,0.0,0.0,0.0,0.0,0.0,0.0,0.0,0.0,0.0,0.0,0.0,0.0,0.0,0.0,0.0026881720430107525,0.0,0.0,0.0,0.0,0.0,0.0024509803921568627,0.015555819101834283,0.004901960784313725,0.011629601865733799,0.00801271565355842,0.022644927536231884,0.0055617352614015575,0.05265762072711272,0.8710229034162552
0.0,0.0,0.0,0.0,0.0,0.0,0.0,0.0,0.0,0.0,0.0,0.0,0.0,0.0,0.0,0.0,0.0,0.0,0.0,0.0,0.0,0.0,0.0,0.0,0.0,0.0,0.0,0.0,0.0030864197530864196,0.0,0.0,0.0,0.0,0.0,0.0,0.0036231884057971015,0.0,0.0,0.0025252525252525255,0.011750881316098707,0.011291052957719623,0.0,0.0022522522522522522,0.0,0.02305414261936001,0.05363386096548927,0.8054496158716109
0.0,0.0,0.0,0.0,0.0,0.0,0.0,0.0,0.0,0.0010288065843621398,0.0021929824561403508,0.0,0.0,0.0,0.0,0.0,0.0,0.0,0.0,0.0,0.0,0.0,0.0,0.0,0.0,0.0,0.0,0.0,0.0023809523809523807,0.0,0.0010288065843621398,0.0,0.006410256410256411,0.0,0.005930767368675865,0.0,0.005182808610704592,0.006168831168831168,0.0,0.008998538011695907,0.0017730496453900709,0.01826872234673653,0.0033333333333333335,0.0,0.025358398698108787,0.06702258399862861,0.8449211624018219
0.0,0.0,0.0,0.0,0.0,0.0,0.0,0.0,0.003787878787878788,0.0,0.0,0.0,0.0024509803921568627,0.0,0.0,0.0,0.0,0.0017006802721088435,0.0,0.0,0.0,0.0,0.0,0.0,0.0,0.001736111111111111,0.0,0.0,0.0,0.003787878787878788,0.006010101010101011,0.0024509803921568627,0.010416666666666666,0.0024509803921568627,0.003552532123960695,0.001736111111111111,0.008317307692307693,0.001736111111111111,0.0033333333333333335,0.004699074074074074,0.015905225726654298,0.017055025001453575,0.0,0.0055381126809698235,0.045742399912567976,0.08720617986899498,0.6870529962179122
0.0,0.0,0.0,0.0,0.0,0.0009157509157509159,0.001851851851851852,0.005555555555555556,0.0,0.0,0.0009157509157509159,0.0,0.0,0.0,0.0,0.0,0.0,0.001851851851851852,0.0026881720430107525,0.0,0.0,0.0,0.0,0.0,0.0,0.0,0.0,0.0,0.0018315018315018317,0.0,0.0009157509157509159,0.0009157509157509159,0.0009157509157509159,0.0027676027676027675,0.0027676027676027675,0.0022522522522522522,0.007054673721340388,0.08701668701668701,0.001851851851851852,0.011526774026774026,0.005455774810613521,0.022509091863930575,0.004083754083754085,0.013964602674280095,0.014498150519655896,0.07357423520057928,0.6489859253972158
0.0,0.0,0.0,0.0,0.0,0.0,0.0,0.0,0.027777777777777776,0.0,0.0,0.0,0.0,0.0,0.0,0.0,0.0,0.0,0.001141552511415525,0.0,0.0,0.0,0.0,0.0,0.0,0.0,0.0,0.0,0.0,0.0,0.0,0.0,0.0,0.0,0.0010548523206751054,0.002377603643426428,0.007379588060490559,0.0010548523206751054,0.0,0.006224712107065048,0.007659313725490197,0.03464737989487069,0.013235294117647059,0.0,0.017684808351022818,0.06756442088901084,0.812197844280433
0.0,0.002976190476190476,0.0033333333333333335,0.004629629629629629,0.005952380952380952,0.0,0.0,0.0,0.0,0.0,0.0,0.0016666666666666668,0.0,0.0,0.0,0.0,0.0,0.0,0.0,0.0,0.0,0.004629629629629629,0.0,0.0,0.0,0.0,0.003803418803418803,0.0,0.0,0.0,0.0016666666666666668,0.0,0.0,0.0,0.0,0.005555555555555556,0.008875661375661375,0.0,0.0,0.008433048433048432,0.0,0.016647334147334148,0.0,0.0033333333333333335,0.019385429385429382,0.06746235246235248,0.7583160358160358
0.0016339869281045752,0.0,0.0,0.0,0.0,0.0,0.0,0.0,0.0016339869281045752,0.0,0.0,0.002841716396703609,0.0,0.0,0.0,0.0,0.0032158317872603586,0.0,0.0023809523809523807,0.0,0.0,0.0,0.0,0.0,0.0,0.0,0.0,0.0,0.0016339869281045752,0.0,0.006004140786749482,0.0,0.0,0.0036231884057971015,0.0,0.007936507936507936,0.0031491384432560904,0.0017006802721088435,0.0015151515151515152,0.005782312925170068,0.0,0.027780568749238826,0.0036231884057971015,0.01090686274509804,0.0016339869281045752,0.04228663962291109,0.7040505052482127
