soo,jsc,isg,shi,gso,soi,ghs,gsj,isc,osj,jhs,isi,ggg,sgg,hsi,jis,ssg,gse,gie,sij,hge,oge,gee,ijj,ssh,gsc,ccs,gsg,ssc,ccc,scc,jjs,jsi,cis,sso,sjs,gco,sgi,ggi,gis,shg,ssi,csi,sii,gsi,cso,sgs,shs,igs,sis,ise,ses,ies,ggs,scs,iis,eee,ess,hss,oss,css,iss,jss,gss,sss
0.0,0.0,0.0,0.0,0.0,0.0,0.0,0.0,0.0,0.0,0.0,0.0,0.0,0.0,0.0,0.0,0.0,0.0,0.0,0.0,0.0,0.0,0.0,0.0,0.0,0.0,0.0,0.0,0.0,0.0,0.0,0.0,0.0,0.0,0.0,0.0,0.0,0.0,0.0,0.0,0.0015151515151515152,0.0015151515151515152,0.0016339869281045752,0.0016339869281045752,0.0017730496453900709,0.002777777777777778,0.00281610813855252,0.003016830739917434,0.0030874785591766727,0.0030874785591766727,0.0033333333333333335,0.0033333333333333335,0.0033333333333333335,0.0033333333333333335,0.005555555555555556,0.006539647305463066,0.006666666666666667,0.00839458413926499,0.014937286865630131,0.01519212957496661,0.0744137345511968,0.11279180330505419,0.14970565869828734,0.18884792920633645,0.3807646704917415
0.0,0.0,0.0,0.0,0.0,0.0,0.0,0.0,0.0,0.0,0.0,0.0,0.0,0.0,0.0,0.0,0.0,0.0,0.0,0.0,0.0,0.0,0.0,0.0,0.0,0.0,0.0,0.0,0.0005668934240362812,0.0005668934240362812,0.0005668934240362812,0.0013020833333333333,0.0013020833333333333,0.001366120218579235,0.0014619883040935672,0.0014619883040935672,0.006944444444444444,0.006944444444444444,0.008406432748538011,0.008406432748538011,0.0,0.0,0.0,0.0013020833333333333,0.006944444444444444,0.0,0.005249867091972355,0.0,0.001366120218579235,0.015255009107468123,0.0,0.0,0.0,0.0,0.001366120218579235,0.0,0.0,0.00273224043715847,0.03352985922819831,0.005720892430494304,0.05458334161206865,0.12123317451860377,0.18668038528428485,0.14137263850012677,0.38336712542318135
0.0,0.0,0.0,0.0,0.0,0.0,0.0,0.0,0.0,0.0,0.0,0.0,0.0,0.0,0.0,0.0,0.0,0.0,0.0013020833333333333,0.0013020833333333333,0.0013020833333333333,0.0013020833333333333,0.0013020833333333333,0.0013020833333333333,0.0013020833333333333,0.0013020833333333333,0.0013020833333333333,0.0017006802721088435,0.0,0.0,0.0013020833333333333,0.0,0.0,0.0,0.0,0.0,0.0,0.0,0.0,0.0,0.0013020833333333333,0.0013020833333333333,0.0013020833333333333,0.0030027636054421763,0.0030027636054421763,0.0,0.004490858843537415,0.0013020833333333333,0.0,0.0013020833333333333,0.0,0.0,0.0013020833333333333,0.0017006802721088435,0.0,0.0,0.0,0.0013020833333333333,0.016762949394229662,0.004415192983973249,0.09840394785503657,0.06846625670404334,0.1529151300984685,0.13626594058962135,0.4867374191093213
0.0,0.0,0.0,0.0,0.0,0.0,0.0,0.0,0.0,0.0,0.0,0.0,0.0,0.0,0.0,0.0,0.0,0.0014124293785310734,0.0,0.0,0.0,0.0,0.0,0.0,0.0,0.0,0.0,0.0,0.0,0.0,0.0,0.0,0.0,0.0,0.0,0.0,0.0,0.0,0.0,0.0,0.0,0.0,0.0,0.0,0.0,0.0,0.0,0.0,0.0,0.0017857142857142857,0.0,0.0014124293785310734,0.0,0.0,0.000992063492063492,0.0,0.0,0.0035009840986647404,0.012726731029329703,0.002824858757062147,0.016996391707600308,0.08032777475360747,0.25077758755506535,0.12900121322742406,0.4982418223364063
0.0,0.0,0.0,0.0,0.0,0.0,0.0,0.0,0.0,0.0,0.0007002801120448179,0.001488095238095238,0.001488095238095238,0.001488095238095238,0.0018115942028985507,0.0018115942028985507,0.0028321812596006145,0.001488095238095238,0.0,0.0,0.0,0.0,0.0,0.0,0.0,0.0,0.0,0.0,0.0,0.0,0.0,0.0,0.0,0.0,0.0,0.0,0.0,0.0,0.0,0.0,0.0,0.0,0.0,0.0,0.0,0.0,0.0,0.0,0.0,0.0025118743149433686,0.0,0.001488095238095238,0.0,0.0,0.002666837344256699,0.0,0.0,0.002044366133550194,0.015059787355802537,0.00967741935483871,0.03558643666806497,0.15294164316195638,0.23474325855265962,0.12784593422845217,0.4023263169175566
0.0,0.0,0.0,0.0,0.0,0.0,0.0,0.0,0.0005707762557077625,0.0010822510822510823,0.0010288065843621398,0.0,0.0,0.0,0.0,0.0,0.0005707762557077625,0.0,0.0,0.0,0.0,0.0,0.0,0.0,0.0,0.0,0.0,0.0010822510822510823,0.0,0.0,0.0,0.0,0.0021139861322509723,0.0,0.0,0.0,0.0,0.0,0.0,0.0,0.0,0.004799229709623975,0.0005707762557077625,0.0038297245544262775,0.0,0.0,0.0016530273379588448,0.0,0.0024509803921568627,0.010064523953412842,0.0,0.0,0.0,0.0,0.0005707762557077625,0.0005707762557077625,0.0,0.0010288065843621398,0.012986734102061954,0.00279457984937437,0.03219321534108448,0.1165878694836086,0.16585101058231924,0.15549222049027678,0.48210690145967955
0.0,0.0,0.0,0.0,0.0,0.0,0.0,0.0,0.0,0.0,0.0,0.0,0.0,0.0005376344086021505,0.0,0.0,0.001711343328789944,0.0,0.0,0.0,0.0,0.0,0.0,0.0,0.0,0.0,0.0,0.0,0.0,0.0,0.0,0.0,0.0,0.0005376344086021505,0.0,0.001736111111111111,0.0,0.0,0.0,0.0,0.0,0.002347417840375587,0.0,0.0028850522489777372,0.0005376344086021505,0.0,0.0011737089201877935,0.0,0.0,0.0022737455197132613,0.0,0.0,0.0,0.0,0.0,0.0012437810945273632,0.0,0.0,0.013679491058222401,0.00534037558685446,0.05298186203991556,0.09296003877503467,0.17358176484675303,0.1402739433394452,0.5061984610642855
0.0,0.0,0.0,0.0,0.0,0.0,0.0,0.0036231884057971015,0.0,0.0,0.0,0.0,0.0008169934640522876,0.0008169934640522876,0.0,0.0,0.0008169934640522876,0.0,0.0,0.0,0.0,0.0,0.0,0.0,0.0,0.0,0.0,0.0,0.0,0.0,0.0,0.0,0.0,0.0,0.0,0.0,0.0,0.0,0.0,0.0,0.0,0.0008169934640522876,0.0,0.0,0.0,0.0,0.008818201193520886,0.0,0.0,0.01272175536881419,0.0,0.0,0.0,0.0,0.0,0.0,0.0,0.0015432098765432098,0.023037918871252203,0.017157610907610907,0.036596655570440735,0.08214803395429994,0.12505258744602307,0.15963200328609536,0.5264008612633931
0.0,0.0,0.0,0.0,0.0,0.0,0.001984126984126984,0.0,0.0,0.0,0.0,0.0,0.0,0.0016666666666666668,0.0,0.0,0.0024242424242424242,0.0,0.0,0.0,0.0,0.0,0.0,0.0,0.0,0.0,0.0007575757575757576,0.0,0.0,0.0,0.0,0.0,0.0,0.0,0.0,0.004067460317460317,0.0,0.0,0.0,0.0,0.0,0.001141552511415525,0.0,0.0,0.0,0.0,0.002940794935657949,0.0,0.001141552511415525,0.0,0.0,0.0,0.0,0.0,0.0010416666666666667,0.0,0.0,0.0,0.012424242424242426,0.0010416666666666667,0.029389567109131848,0.12913549993974208,0.17833251169502826,0.1233658262389482,0.5091450471510126
0.0,0.0,0.0,0.0,0.0,0.0,0.0,0.0,0.0,0.0,0.0,0.0,0.0,0.0,0.0,0.0,0.0,0.0,0.0,0.0,0.0,0.0,0.0,0.0,0.0,0.0,0.0,0.0,0.0,0.0,0.0,0.0,0.0,0.0,0.0,0.0,0.0,0.0,0.0,0.0014124293785310734,0.0,0.0,0.0,0.0,0.0,0.0,0.006506809472911167,0.0,0.0,0.0,0.0,0.0,0.0,0.0014124293785310734,0.0,0.0,0.0,0.0,0.018205367378023196,0.010416666666666666,0.025989698955800652,0.09350087721860313,0.12254689567249528,0.12410243927988363,0.5959063865985541
0.0,0.0,0.0,0.0,0.0006944444444444445,0.0006944444444444445,0.0,0.0,0.0,0.0,0.0,0.0,0.0,0.0,0.0,0.0,0.0,0.0,0.0,0.0,0.0,0.0,0.0,0.0,0.0,0.0014124293785310734,0.0,0.0,0.0,0.0,0.0014124293785310734,0.0,0.001388888888888889,0.0,0.0,0.0,0.0,0.0,0.0,0.0,0.0,0.0016865079365079364,0.0,0.0016865079365079364,0.0,0.0,0.002801318267419962,0.0,0.0,0.0,0.0,0.0,0.0,0.0,0.003793381759483454,0.0,0.0,0.002017195767195767,0.004842054524257913,0.0072255291005291,0.03445514976235315,0.1566943394803564,0.10317243765336986,0.1268722841816062,0.5491506570955723
0.0,0.000896057347670251,0.000896057347670251,0.0009363295880149813,0.0,0.0,0.0,0.0,0.0,0.0,0.0,0.000896057347670251,0.0,0.0,0.0,0.0,0.0,0.0,0.0,0.0,0.0,0.0,0.0,0.0,0.0,0.0,0.0,0.0,0.0008012820512820514,0.0008012820512820514,0.0016973393989523024,0.0,0.0,0.0,0.0,0.0,0.0,0.0,0.0,0.000896057347670251,0.0,0.0008012820512820514,0.0,0.0,0.000896057347670251,0.0,0.0037217386234240164,0.0,0.0,0.003610270815326995,0.0,0.0,0.0,0.0,0.0,0.0,0.0,0.0021929824561403508,0.01937101802062924,0.0016025641025641027,0.031935304078445664,0.06569244701654663,0.15914978313481548,0.07560169459134282,0.6276043952816001
0.000925925925925926,0.0,0.0,0.0,0.0,0.0,0.0,0.0,0.0,0.0,0.0,0.0,0.0,0.0,0.0,0.0,0.0,0.0,0.0,0.0,0.0,0.0,0.0,0.0,0.0,0.0,0.0,0.0,0.0,0.0,0.0,0.0,0.0,0.0,0.000925925925925926,0.0,0.0,0.0,0.0,0.0,0.0,0.0,0.0,0.0,0.0,0.0,0.0,0.001984126984126984,0.0,0.004041740152851264,0.0,0.0,0.0,0.0,0.0015151515151515152,0.0,0.0,0.01441197691197691,0.041778649591149596,0.028769841269841268,0.029558231120731124,0.06583827694938806,0.16638457992624658,0.1377617110255999,0.506103862701085
