ji,cg,ho,jj,ij,oo,co,gh,ei,jo,so,go,eg,ih,jc,gg,eh,oc,cc,ce,se,sh,ii,ic,jh,es,ig,gi,sg,ch,hg,jg,sj,sc,si,os,js,hs,cs,is,gs,ss
0.0,0.0,0.0,0.0,0.0,0.0,0.0,0.0,0.0,0.0,0.0,0.0,0.0,0.0,0.0,0.0,0.0,0.0,0.0,0.0,0.0,0.0005995203836930456,0.0005995203836930456,0.0007716049382716049,0.0007861635220125786,0.0007861635220125786,0.0011984928651595317,0.0011984928651595317,0.002473418090924086,0.0025252525252525255,0.0025252525252525255,0.0025252525252525255,0.0030098280098280103,0.0032170844520964426,0.005280692062301258,0.0069090185957069805,0.02440546122223422,0.03286905751660038,0.037819367481857394,0.1463188253303851,0.16370602549758118,0.5604755056847254
0.0,0.0,0.0,0.0,0.0,0.0,0.0,0.0,0.0,0.0,0.0,0.0,0.0,0.0009578544061302681,0.0010416666666666667,0.0011990407673860913,0.001572327044025157,0.001893939393939394,0.001893939393939394,0.001893939393939394,0.001893939393939394,0.0,0.00038226299694189603,0.0,0.0006361323155216284,0.006470732504905167,0.0,0.001572327044025157,0.003986839683590874,0.0,0.0,0.0,0.0005144032921810699,0.002935606060606061,0.0073584805639573024,0.0011467889908256881,0.037941052122267914,0.029326240293154827,0.035548782773356984,0.1426218662900118,0.13684312663026807,0.4970353786450865
0.0,0.0,0.0,0.0,0.0,0.0,0.0,0.0,0.0,0.0,0.0,0.0,0.0,0.0,0.0,0.0,0.0,0.0,0.0,0.0,0.0,0.0,0.0,0.0,0.0,0.005926274018379282,0.0,0.0012437810945273632,0.0010040160642570282,0.0,0.0,0.0,0.0,0.002777777777777778,0.01954291616997823,0.003039345711759505,0.055408814585185394,0.039735978277562777,0.05604333356519516,0.16250334395660615,0.12919013728954107,0.5235842814892303
0.0,0.0,0.0,0.0,0.0,0.0,0.0,0.0,0.0,0.0,0.0,0.0026881720430107525,0.005555555555555556,0.0,0.005555555555555556,0.0,0.0,0.0,0.0,0.0,0.0024509803921568627,0.0,0.0,0.0,0.0,0.011543432345687462,0.0,0.0,0.0,0.0,0.0,0.006623931623931624,0.0,0.0,0.002543302322063384,0.0026881720430107525,0.046297268849292604,0.031750929194201666,0.04972074986120467,0.16987731598164854,0.10926832941813587,0.5534363048145446
0.0,0.0,0.0,0.0,0.0,0.0,0.0,0.0,0.0,0.0,0.004117742987606001,0.0,0.0,0.0,0.0,0.0,0.0,0.0,0.0,0.0,0.0,0.0,0.0,0.0,0.0,0.008384974994564035,0.0,0.0,0.0020325203252032522,0.0,0.0,0.010970363710089736,0.002976190476190476,0.0,0.011903641446324373,0.008624338624338625,0.04865878988310495,0.03756294354753258,0.01975859788359788,0.14782398450352843,0.1338877092153487,0.5632982024025709
0.0,0.0,0.0,0.0,0.0,0.0,0.0,0.0006775067750677508,0.0020833333333333333,0.0025252525252525255,0.0012077294685990338,0.0,0.0,0.0,0.0,0.0,0.0,0.0,0.0,0.0,0.0020833333333333333,0.0,0.0,0.0,0.0,0.0020833333333333333,0.0,0.0,0.0,0.0,0.0,0.0020833333333333333,0.0,0.0,0.0006775067750677508,0.011988821451737052,0.06220069165822706,0.02866183140261488,0.02460032877536465,0.1662469192408061,0.0817891002818643,0.6110909783120655
0.0,0.0,0.0,0.0,0.0,0.0,0.0,0.0,0.0,0.0,0.0,0.0,0.0,0.0,0.0,0.0,0.0,0.0,0.0,0.003472222222222222,0.0,0.0004990019960079841,0.0,0.0,0.0,0.0035201149425287356,0.0,0.0,0.0019357836052033863,0.0,0.0,0.0020833333333333333,0.0010416666666666667,0.0028735632183908046,0.0027512542482602364,0.0026139937106918238,0.08040955937229241,0.03037865274804744,0.03962948618276511,0.10604557756108567,0.10799924265058626,0.6147465475419179
0.0,0.0,0.0,0.0,0.0,0.0025252525252525255,0.0025252525252525255,0.0,0.0,0.0,0.0,0.0,0.0,0.0,0.0,0.0,0.0,0.0,0.0,0.0,0.0,0.0013440860215053762,0.0,0.0,0.0,0.009259259259259259,0.0,0.0,0.0,0.0,0.0,0.003682659932659933,0.005208333333333333,0.0013440860215053762,0.0038693385467579015,0.01188884520756891,0.05994237581881525,0.00738535731643188,0.018871569269028117,0.10357542526322185,0.11818053302957521,0.6503976259298325
0.0,0.0,0.0,0.0,0.000946969696969697,0.0,0.0,0.0,0.0,0.0,0.0,0.0,0.0,0.0,0.0,0.0,0.0,0.0,0.0,0.0,0.0,0.0022522522522522522,0.0,0.0,0.0,0.000946969696969697,0.0023809523809523807,0.0,0.004624421947256593,0.0,0.0,0.0,0.0,0.0043859649122807015,0.007294385143535579,0.004901960784313725,0.05591264559801221,0.01888123447772641,0.03424171705064153,0.13981588621894145,0.10079052918211123,0.6226241106580366
0.0,0.0,0.0,0.0021367521367521365,0.0,0.0,0.0,0.0,0.0,0.0,0.0,0.0,0.0,0.0009578544061302681,0.0,0.0,0.0,0.0,0.0,0.0,0.0,0.0,0.00042301184433164127,0.0,0.0,0.0044300766283524905,0.0,0.0,0.005164269599548787,0.0,0.0,0.0,0.0,0.0,0.0036281400494598466,0.0050244042492104506,0.1066332593871201,0.015721357807418113,0.018894510718797632,0.12882694327628588,0.09341770710648935,0.6147417127901033
0.0,0.0,0.0,0.0,0.0,0.0,0.0,0.0,0.0,0.0,0.0,0.0,0.0,0.0,0.0,0.0,0.0,0.0,0.0,0.0,0.0,0.0016025641025641027,0.0,0.0,0.0,0.0024154589371980675,0.0,0.0,0.001893939393939394,0.0,0.0,0.004535392863207433,0.003101668862538428,0.0,0.0,0.007746191007060573,0.05883710907056414,0.026469370001978697,0.019228751900433442,0.11984474284427304,0.1323824063167987,0.621942404699444
0.0,0.0,0.00042517006802721087,0.0,0.0,0.0,0.0,0.0,0.0,0.0,0.0,0.0,0.0,0.0,0.0,0.0,0.0,0.0,0.0032051282051282055,0.0,0.0,0.0028735632183908046,0.0,0.0,0.0,0.006668206075533661,0.0,0.0,0.003723903354445226,0.0,0.0,0.0011904761904761904,0.005208333333333333,0.0011904761904761904,0.0,0.014587846943029871,0.04339957203381006,0.01950848186366479,0.02065056471306471,0.1431672781954122,0.11882169022655491,0.6153793093886527
0.001790181363352095,0.004166666666666667,0.0,0.0,0.0,0.0,0.0,0.0,0.0,0.0,0.0,0.0,0.0,0.0,0.0,0.0,0.0,0.004166666666666667,0.0,0.0,0.001851851851851852,0.0,0.001282051282051282,0.0,0.0,0.0026881720430107525,0.0,0.001851851851851852,0.0005081300813008131,0.0,0.0,0.0013440860215053762,0.0,0.0,0.0044159544159544165,0.011306941188095686,0.06786970293644377,0.03220566695684713,0.01049195569569084,0.11485015424639185,0.08983237493393016,0.5660442584650555
