gc,jj,eo,jh,hc,co,ih,ch,cc,cj,hg,cg,jo,og,jc,he,ho,ji,ci,oh,oo,oi,hi,gh,oc,ce,ei,hh,so,gj,se,ic,ie,sc,ge,sh,jg,ee,sj,ig,os,gi,ii,si,es,cs,sg,gg,hs,js,is,gs,ss
0.0,0.0,0.0,0.0,0.0,0.0,0.0,0.0,0.0,0.0002181500872600349,0.0002181500872600349,0.0002181500872600349,0.0002181500872600349,0.0002181500872600349,0.0002181500872600349,0.0003875968992248062,0.0004480286738351255,0.0004480286738351255,0.0005528221086790443,0.0005952380952380952,0.0005952380952380952,0.0005952380952380952,0.0006749532210638867,0.0006749532210638867,0.0008133881824981302,0.0008333333333333334,0.0010625501202886928,0.0011627906976744186,0.0011904761904761904,0.0012172664384961852,0.001223222472284738,0.0012925264275492775,0.0017375033413525795,0.0019170765244063675,0.0019805957236435547,0.0022903254500316237,0.0023033057114853427,0.002325581395348837,0.002524043118959518,0.003980882439643112,0.005035884599692516,0.006032223588183259,0.006201550387596899,0.007385321228599005,0.011553399154841751,0.02224253614400939,0.022686932708844688,0.022857738936431934,0.02318488305733637,0.023834016928091766,0.13702740816076164,0.18655746246240057,0.49126477746876196
0.0,0.0,0.0,0.0,0.0,0.00017146776406035667,0.00017146776406035667,0.0003687315634218289,0.0030487804878048777,0.0,0.0,0.0,0.0,0.0,0.00020885547201336674,0.0,0.0,0.0,0.0007048872180451127,0.0,0.0,0.0007183908045977011,0.0,0.0,0.0,0.0,0.0,0.00020885547201336674,0.0018247593548798367,0.0008647633094535749,0.00017146776406035667,0.0,0.0,0.0025544992682440715,0.0007116670915425422,0.0031000290045599794,0.0007183908045977011,0.0010546026196632556,0.0027327594492282995,0.003663052039412996,0.005626993151511841,0.004557929729375747,0.005825721837465288,0.004108143426417092,0.0007490547994955524,0.02408104066170334,0.02507867938473851,0.01609795595364884,0.01825914348722904,0.012185728301402765,0.12729916529999416,0.21297082478462714,0.520162191930731
0.0,0.0,0.0,0.00024366471734892786,0.00024366471734892786,0.0,0.00034578146611341634,0.0,0.0,0.0,0.0,0.0,0.0,0.00024366471734892786,0.000641025641025641,0.0,0.0,0.0,0.0008846903583745689,0.0,0.000641025641025641,0.00024366471734892786,0.0,0.0,0.0,0.00024366471734892786,0.0,0.0009868071071390573,0.0012327077946158317,0.0,0.0,0.0,0.0,0.0011236342176503785,0.0,0.00034578146611341634,0.0014619883040935672,0.0,0.000777852751536962,0.0025481477942782267,0.010123794383944692,0.001870455299151521,0.003753058836046388,0.01045600504424074,0.0063886664563668275,0.024890692335776607,0.015260966085576465,0.014094448912538285,0.01789417918750396,0.012563704839938654,0.14377600247682917,0.19337521612077,0.5333450438926053
0.0,0.0,0.0006459948320413437,0.0,0.0,0.0003293807641633728,0.0,0.0,0.0003293807641633728,0.0,0.0,0.0003293807641633728,0.0009689922480620155,0.0003293807641633728,0.0,0.0,0.0,0.0,0.0,0.0,0.0004930966469428008,0.0,0.0,0.0,0.0,0.0003293807641633728,0.0,0.0,0.0011974363197189283,0.0,0.0008680555555555555,0.0,0.0,0.002219104882051137,0.0,0.0,0.003144654088050314,0.0,0.00048449612403100775,0.0006587615283267456,0.016460529280637005,0.0015832387888547307,0.001736111111111111,0.005268143228009448,0.0049328858205669795,0.02477496644468051,0.005624828386140317,0.0015268170838823013,0.017702780641428943,0.02449893999539581,0.09772457319470977,0.1764895282628813,0.6093491617161051
0.000286368843069874,0.000286368843069874,0.0,0.0,0.0005376344086021505,0.0,0.0,0.0,0.0,0.0,0.0,0.0,0.0,0.0,0.000286368843069874,0.0,0.0,0.0,0.000286368843069874,0.0,0.0,0.0,0.0,0.0,0.0,0.0,0.0,0.0,0.0008346144571049616,0.0,0.0,0.0007861635220125786,0.0,0.0024581288883443503,0.0,0.0007368192935203245,0.01788018061602967,0.0,0.000286368843069874,0.000286368843069874,0.01705090115029839,0.0,0.0,0.00439121527240107,0.00936711247261648,0.025259104348051786,0.00921179042273681,0.0022558474670213943,0.020192367990687573,0.020003956421593246,0.10566882734114075,0.13473496949617428,0.6269121533732449
0.0,0.0,0.0,0.0,0.0,0.0,0.0,0.0,0.0,0.0,0.0,0.0,0.0,0.0,0.0,0.0,0.0,0.0003770739064856712,0.0,0.0,0.0,0.0,0.0,0.0,0.0,0.0,0.0,0.0,0.0,0.0,0.0,0.0,0.0,0.0022222222222222222,0.0,0.0019371345029239766,0.005079365079365079,0.0,0.0,0.0003770739064856712,0.02106789337290269,0.0,0.0,0.0026912823158953187,0.014635816539841306,0.053444935465092464,0.0050188945637636055,0.0006082725060827251,0.02711480310082601,0.01607673973773045,0.12771599748992055,0.1123297485750459,0.5259694133820829
0.0,0.010185185185185186,0.0,0.0,0.0,0.0,0.0,0.0,0.0,0.0,0.0,0.0,0.0,0.0,0.0,0.0,0.0,0.0,0.008333333333333333,0.0,0.0,0.0,0.0,0.0,0.0,0.0,0.0,0.0,0.001851851851851852,0.0,0.0016639049986191662,0.0,0.0,0.0023420479302832245,0.0,0.001984126984126984,0.010585585585585587,0.0,0.0018790849673202615,0.0,0.018146606582121635,0.0,0.0,0.0004901960784313725,0.00926444651934848,0.04333964937044197,0.004221132897603486,0.0004901960784313725,0.020428411604882193,0.029371283047753632,0.09520313948303454,0.09751773283472054,0.642702084666925
0.0,0.0,0.0,0.0,0.0,0.0,0.0,0.0,0.0,0.0,0.0,0.009743589743589744,0.0,0.0,0.0,0.0,0.0,0.0033333333333333335,0.0,0.0,0.0,0.0,0.0,0.0,0.0,0.0,0.0,0.0,0.0,0.0,0.0,0.0,0.0,0.0,0.0,0.0,0.005714285714285714,0.0,0.006410256410256411,0.0005518763796909492,0.010127758420441347,0.0,0.0,0.042218543046357616,0.024349593495934962,0.029277419129623946,0.0015681365422925751,0.016666666666666666,0.014440765268579838,0.025865657521286656,0.06116297851720239,0.15673500035921292,0.5085008061179116
0.0,0.0,0.0,0.0,0.0,0.0,0.0,0.0,0.0,0.0,0.0,0.0,0.0,0.0,0.0,0.0,0.0,0.0,0.0,0.0,0.0043859649122807015,0.0,0.0,0.0,0.0,0.0,0.0,0.0,0.0,0.0,0.012345679012345678,0.0,0.0,0.0005081300813008131,0.0005081300813008131,0.0,0.008451005562687205,0.009259259259259259,0.0,0.0,0.07401438895341335,0.0,0.0,0.0005081300813008131,0.005118940078289671,0.04396894449312078,0.00599661930962744,0.0020325203252032522,0.013016733341936593,0.02497860504920839,0.036710321525255205,0.07091214424333807,0.687284483690132
0.0,0.0,0.0,0.0,0.0,0.0,0.0,0.0,0.007575757575757576,0.0,0.0,0.0,0.0,0.0,0.0,0.0,0.0,0.0,0.0,0.0,0.0,0.0,0.0,0.0,0.0,0.0,0.0,0.0,0.0,0.0,0.0,0.0,0.0,0.0006944444444444445,0.0,0.0,0.0,0.0,0.0,0.0021929824561403508,0.00795650301464255,0.0,0.0,0.0006944444444444445,0.00682261208576998,0.0063239494084047325,0.008042635658914728,0.0,0.008964646464646465,0.01273148148148148,0.0308604712980478,0.0883699653159185,0.6521034396847203
0.0,0.0,0.0,0.0,0.0,0.0,0.0,0.0,0.000641025641025641,0.0,0.0,0.0,0.0,0.0,0.0,0.0,0.0,0.0,0.0,0.0,0.0,0.0,0.0,0.0,0.0,0.0,0.0,0.0,0.0,0.0,0.0,0.0,0.0,0.0,0.0,0.0,0.0,0.0,0.0,0.0,0.004647435897435897,0.0,0.0,0.001282051282051282,0.005128205128205128,0.009775641025641026,0.0515556203056203,0.000641025641025641,0.016613247863247863,0.014707977207977207,0.04355413105413106,0.14308191808191809,0.7083717208717207
0.0,0.0,0.0,0.0,0.0,0.0,0.0,0.0,0.0,0.0,0.0,0.0,0.0,0.0,0.0,0.0,0.0,0.0,0.0,0.0,0.0,0.0,0.0,0.0,0.0,0.0,0.0,0.0,0.0,0.0,0.0,0.0,0.0,0.027777777777777776,0.0,0.0,0.0006459948320413437,0.0,0.0,0.0,0.13085432816537468,0.0,0.0,0.001984126984126984,0.003453136011275546,0.017735494479680525,0.023311939997986513,0.006832611832611833,0.020319473807845902,0.0012919896640826874,0.015007382798080471,0.059142882311486955,0.6916428613376288
0.0,0.011904761904761904,0.0,0.0,0.0,0.0,0.0,0.0,0.0,0.0,0.0,0.0,0.0,0.0,0.0,0.0,0.0,0.0,0.0,0.0,0.0,0.0,0.0,0.0,0.0,0.0,0.0,0.0,0.002976190476190476,0.0,0.0,0.0,0.0,0.0043859649122807015,0.0,0.0,0.0,0.0,0.0008250825082508251,0.0,0.12539038678303918,0.0,0.0,0.002976190476190476,0.08498349834983498,0.01794089183354426,0.005681818181818181,0.0,0.006861212437033176,0.0043859649122807015,0.041205887506043835,0.03797432374816429,0.4858411593039003
