eh,og,hi,eo,oo,oc,ih,ji,ic,ec,ce,gc,ee,eg,gh,cg,io,cc,jj,ch,he,ij,ie,ei,so,ci,jh,gj,hh,oi,se,sh,jc,go,ge,jo,gi,hg,jg,ig,ii,sj,sc,gg,si,es,sg,os,hs,cs,js,is,gs,ss
0.0,0.0,0.0,0.0,0.0,0.0,0.0,0.0,0.0,0.0,0.0,0.0,0.0,0.0,0.0,0.0,0.0,0.0,0.0,0.0,0.0,0.0,0.0,0.0,0.0,0.0,0.0,0.0,0.0,0.0,0.0,0.0,0.0003132832080200501,0.00041254125412541255,0.00041254125412541255,0.00041254125412541255,0.0007258244621454628,0.0007374631268436578,0.0007374631268436578,0.0007949787764208209,0.0007949787764208209,0.0007949787764208209,0.003121703430573279,0.005135330887167555,0.005393158433947682,0.010078597015093787,0.010601638494729239,0.01351379759804639,0.024375533168453926,0.030056787718169106,0.05190091890081719,0.1047288735727443,0.19089326592537761,0.5440638008393884
0.0,0.0,0.0,0.0,0.0,0.0,0.0,0.0,0.0,0.0,0.0,0.0,0.0,0.0,0.0,0.0,0.0,0.0,0.0,0.0,0.0,0.0,0.00034013605442176874,0.00034013605442176874,0.00034013605442176874,0.0005518763796909492,0.0005518763796909492,0.0006802721088435375,0.0007645259938837921,0.0007930346051464064,0.0013227513227513227,0.003086612586797783,0.0,0.0,0.00034013605442176874,0.0004528985507246377,0.0007645259938837921,0.0,0.0,0.0006802721088435375,0.0006802721088435375,0.0012321484885344867,0.0026318975090162447,0.002222201525814441,0.0057646305096970794,0.006542050227007654,0.010373825220354687,0.005293208816637918,0.017149178319737828,0.03524829066289382,0.04379264575207805,0.08883506404922308,0.1944013502251004,0.5748240463371169
0.0,0.0,0.0,0.0,0.0,0.0,0.0,0.0,0.0,0.0,0.0,0.0,0.0,0.0,0.0,0.0,0.0,0.0,0.0,0.0,0.00030413625304136254,0.00036710719530102793,0.0,0.0,0.00036710719530102793,0.0,0.0010964912280701754,0.0,0.0,0.0006613756613756613,0.00030413625304136254,0.0010615711252653928,0.0006613756613756613,0.0,0.0,0.0,0.0,0.0,0.0,0.00036710719530102793,0.0023918027845866636,0.004072681704260651,0.0021576731384253815,0.0029792422594441953,0.006027979562483798,0.003799457067118739,0.011480539095781643,0.0025951044869925873,0.015911229774997086,0.019402873252674136,0.02603336853445558,0.10472101723159823,0.1732593769053724,0.6199772464337362
0.0,0.0,0.0,0.0,0.0,0.0,0.0,0.0,0.0,0.0,0.0,0.0,0.0,0.0,0.0,0.0004006410256410257,0.0004208754208754209,0.0004901960784313725,0.0007716049382716049,0.0015432098765432098,0.0,0.0,0.0004901960784313725,0.000980392156862745,0.0,0.0,0.0,0.0,0.0,0.0,0.0004385964912280702,0.0013117125249478192,0.0011722459639126306,0.0,0.0,0.0,0.0006195786864931846,0.0,0.0,0.0,0.0009861932938856016,0.0004901960784313725,0.0015483712561526273,0.0019438509021842355,0.006909274628115179,0.005008098978991728,0.00940679509393501,0.004227712184219686,0.012245831449330299,0.017162859820871266,0.03561054145330809,0.10440150179307574,0.1730548107445422,0.6183647130813185
0.0,0.0,0.0,0.0,0.0,0.0,0.0,0.0,0.0,0.0003912363067292645,0.0005341880341880341,0.0005341880341880341,0.0010683760683760683,0.0010683760683760683,0.0019297452133273027,0.0009254243409172986,0.0,0.0009487817323638219,0.0,0.0007246376811594203,0.0,0.0,0.002049339549339549,0.0015151515151515152,0.00041459369817578774,0.00041459369817578774,0.0,0.0,0.0,0.0,0.0,0.0011382180716117442,0.0,0.0,0.0,0.0005112474437627812,0.0015151515151515152,0.0,0.0,0.0011737089201877935,0.005517270647740811,0.001953315589866802,0.004557555705731283,0.0015151515151515152,0.014879979677553827,0.002828585207434105,0.010522418457780352,0.005638374703048325,0.012661063593935784,0.017494164503775805,0.028162044806333424,0.07925355637465203,0.18161446817081986,0.6165450931549943
0.0,0.0,0.0,0.0,0.0,0.0,0.0,0.0005020080321285141,0.002422667180079579,0.0,0.0,0.0,0.0,0.0004409171075837742,0.0,0.0004409171075837742,0.0,0.0,0.0006944444444444445,0.0,0.0,0.0,0.0,0.0,0.0008503401360544217,0.0,0.0,0.0,0.0,0.0,0.0004409171075837742,0.0,0.0,0.0,0.0,0.0,0.0,0.0,0.0,0.0,0.001572327044025157,0.0018247503907701864,0.0016122885703397534,0.0026415463015645887,0.005568747663112454,0.003932918603130517,0.0033892272485419542,0.004247510387176967,0.014015054378720816,0.015886426654930307,0.027464068724059997,0.08086025356818649,0.1891172711170389,0.6420753982329436
0.0,0.0,0.0,0.0,0.0,0.0,0.0013440860215053762,0.0023228803716608595,0.0,0.0,0.0,0.0007309941520467836,0.0,0.0,0.0,0.0,0.0,0.0,0.0009382737712269211,0.0,0.0,0.0,0.0,0.0,0.0,0.0,0.0,0.0,0.0,0.0,0.0,0.001069747539580659,0.0007309941520467836,0.0,0.0,0.0,0.0007309941520467836,0.0,0.0032051282051282055,0.0,0.0017632548120353,0.0007596288084092962,0.0004208754208754209,0.0007122507122507123,0.005682774504174381,0.003497148937233773,0.008386230367650951,0.0060750233125066696,0.021553329776172147,0.01834401146772767,0.02546603059735708,0.09828348675633436,0.15647085934839733,0.6415119968136326
0.0,0.0,0.0,0.0,0.0010548523206751054,0.0013227513227513227,0.0,0.0,0.0,0.0,0.0,0.0,0.0,0.0,0.0,0.0029239766081871343,0.0,0.0,0.0,0.0,0.0,0.0,0.0,0.0,0.0013020833333333333,0.0013227513227513227,0.0,0.0,0.0,0.0,0.0,0.0013020833333333333,0.0,0.0,0.0,0.0014844055852799166,0.001284722222222222,0.0,0.0,0.0,0.0004166666666666667,0.0028559376500164233,0.007589045013687794,0.0018915415686983782,0.005231657723118101,0.00265508665209264,0.009227350485319828,0.0026287154594971953,0.008394319472428347,0.028351261600648752,0.02151302014951138,0.11311695766358626,0.17607183468337229,0.6080589791628221
0.0,0.0,0.0,0.0010548523206751054,0.0,0.0,0.0005175983436853001,0.0,0.0,0.0,0.0017730496453900709,0.0,0.0,0.0,0.0,0.0,0.0,0.001752166244919868,0.0011128364389233955,0.0,0.0,0.0005175983436853001,0.0,0.0,0.0010548523206751054,0.0014367816091954023,0.0,0.0,0.0,0.0,0.0015432098765432098,0.0005952380952380952,0.0,0.0010548523206751054,0.0,0.0010548523206751054,0.0005952380952380952,0.0,0.0018317230273752014,0.0,0.0,0.0014233954451345753,0.0022673743665304843,0.002951933124346917,0.006035946072177956,0.004522769061776154,0.012407916412164289,0.008899802728916653,0.01560670346829045,0.02117931909303115,0.025324131553264188,0.10321422967424793,0.18666941774083998,0.593602212256385
0.0,0.0,0.000859106529209622,0.0,0.0,0.0,0.0,0.005555555555555556,0.0,0.0,0.0,0.0,0.0,0.0,0.0,0.0,0.0,0.001423659022712837,0.000859106529209622,0.0,0.0,0.0,0.0005555555555555556,0.0,0.000859106529209622,0.0014918851435705368,0.0,0.0,0.0,0.0,0.0014146620847651774,0.0013464359639074775,0.0,0.0,0.0,0.0,0.001159372445450544,0.0006720430107526881,0.0027627584328615254,0.0009363295880149813,0.0,0.000859106529209622,0.0,0.0,0.008098082513748434,0.006378663862454816,0.011835995777074842,0.008283368136770037,0.014199839512270393,0.017152501911282782,0.04445712978048615,0.08013652060695657,0.1720307472720587,0.6166724677069119
0.0,0.0008680555555555555,0.000992063492063492,0.0,0.0,0.0,0.0,0.0,0.0,0.0,0.0,0.0005274261603375527,0.0,0.0,0.0,0.0,0.0019560318067780753,0.0014245014245014246,0.0005868544600938967,0.0,0.0,0.0,0.0012437810945273632,0.0,0.0,0.0005274261603375527,0.0,0.0,0.0,0.0,0.0,0.001239676872588265,0.0023809523809523807,0.0,0.0,0.0,0.0005274261603375527,0.0,0.0,0.0,0.0010288065843621398,0.0018103526161073902,0.0019519275848389774,0.0023809523809523807,0.004081991921476084,0.005016545202307682,0.0026350000835633105,0.005999513103186101,0.01783114342430062,0.0159037233396128,0.03398496538560108,0.06868751975599993,0.17857640992523813,0.6478369531243802
0.0,0.0,0.0,0.0,0.0,0.002976190476190476,0.0,0.0,0.001366120218579235,0.0,0.0,0.002397409552275982,0.0,0.00042301184433164127,0.0,0.0,0.0006172839506172839,0.0,0.0,0.0,0.0,0.0,0.0,0.0,0.0,0.0,0.0,0.0,0.001366120218579235,0.0,0.0,0.003581888724861534,0.0,0.0,0.0,0.0,0.0,0.0,0.0012345679012345679,0.0,0.001572327044025157,0.0038220453419169336,0.0028370897301076402,0.0006172839506172839,0.0045371649611082076,0.0035614405555042367,0.0041871051177311755,0.005107222274018997,0.019001713885595448,0.013856962507260763,0.03300705349084919,0.1061614297308678,0.13447312053132285,0.6532954479924044
0.0011111111111111111,0.000925925925925926,0.0,0.0,0.0,0.0,0.0,0.001851851851851852,0.0006775067750677508,0.0,0.0,0.0,0.0,0.0,0.0,0.0023148148148148147,0.0,0.0,0.0,0.0,0.0,0.0,0.0,0.0,0.0,0.0,0.0006775067750677508,0.0,0.0,0.001851851851851852,0.0,0.0,0.003703703703703704,0.0,0.0,0.0,0.0006775067750677508,0.001792114695340502,0.0006830601092896175,0.0,0.004613476643241008,0.0018622555139409074,0.0018421266894642567,0.003750784682988073,0.006872557554007314,0.005340305802036996,0.009998905889680014,0.0025050433828857945,0.007903622999845381,0.020360298048658926,0.031644926129450725,0.06899917182869854,0.15688982667196225,0.6611497437740471
