ej,io,oe,ec,cj,ce,ho,cg,oi,hi,ic,go,jh,hg,hh,co,gc,ch,ig,je,ii,jj,gi,ih,ci,og,jg,se,ge,jc,ji,cc,gg,so,sh,sj,sc,sg,es,os,si,hs,js,cs,is,gs,ss
0.0,0.0,0.0,0.0,0.0,0.0,0.0,0.0,0.0,0.0,0.0,0.0,0.0,0.0,0.0,0.0,0.0,0.0,0.0,0.0,0.0,0.0,0.0,0.0,0.0,0.0,0.0,0.0,0.0008250825082508251,0.0008250825082508251,0.0008417508417508418,0.000946969696969697,0.0016835016835016836,0.0017939814814814815,0.0023148148148148147,0.0024691358024691358,0.002656776094276094,0.0034485392983742823,0.004232253086419753,0.00608864705915036,0.008971310325476992,0.01677679573512907,0.039349013403755836,0.042973768240350596,0.1312418983676517,0.18211259259983967,0.5504480864520863
0.0,0.0,0.0,0.0,0.0,0.0,0.0,0.0,0.0,0.0,0.0,0.0,0.0,0.0,0.0,0.0,0.0,0.0,0.0,0.0,0.0,0.0,0.0,0.0006830601092896175,0.0007246376811594203,0.000778816199376947,0.0019049423255030732,0.00200510407839241,0.0,0.0,0.000505050505050505,0.0015034538805363672,0.003238192571796798,0.0007246376811594203,0.0,0.001407697790449038,0.0,0.012125765108820701,0.0019669268137170698,0.006646679303647938,0.007834233103337264,0.014199331152431457,0.027768195393204024,0.028681670025418386,0.08771637356596283,0.25668310227046426,0.5429021304402823
0.0,0.0,0.0,0.0,0.0,0.0,0.0,0.0,0.0,0.0,0.0,0.0,0.0,0.0,0.0,0.0,0.0,0.0,0.0,0.0006666666666666666,0.001897097817006284,0.001994301994301994,0.004580044424618201,0.0,0.0006666666666666666,0.0,0.005208333333333333,0.0,0.0,0.0,0.0006038647342995169,0.0,0.0037065639674335325,0.0,0.0012494172494172493,0.0018573858610600805,0.0018573858610600805,0.009321926897150829,0.007844668103777106,0.0024988344988344986,0.005928296997610517,0.011771462487515136,0.04235474188460061,0.01922376460971718,0.10864379075113396,0.21819028575369329,0.5499344994401032
0.0,0.0,0.0,0.0,0.0,0.0,0.0,0.0,0.0,0.0,0.0,0.0,0.0,0.0,0.0,0.0,0.0,0.0004480286738351255,0.0015437048917401764,0.0,0.000896057347670251,0.0,0.0,0.0,0.0005747126436781609,0.0,0.0009689922480620155,0.0,0.0,0.0004480286738351255,0.0,0.0004480286738351255,0.0008417508417508418,0.0008417508417508418,0.0005747126436781609,0.0005747126436781609,0.00210218150461408,0.007073983565166849,0.014707811979314337,0.004867495162267131,0.005469188737352745,0.0167590123912203,0.03917987551893056,0.027308203562817907,0.09014201087850117,0.1988199817133883,0.5854097748629127
0.0,0.0,0.0,0.0,0.0,0.0,0.0,0.0,0.0,0.0,0.0,0.0,0.0,0.0007062146892655367,0.0007716049382716049,0.0013020833333333333,0.0030864197530864196,0.0,0.0007716049382716049,0.0,0.0,0.0006510416666666666,0.0,0.0,0.001161588095458615,0.0,0.002285028594771242,0.0,0.0,0.0006510416666666666,0.0,0.0014124293785310734,0.004596445793038307,0.0,0.0006510416666666666,0.0022935859439471846,0.0020979176834735962,0.013902082437853937,0.001760859586062838,0.0026462216279483225,0.006988657909088523,0.009801509613921337,0.020521724805117526,0.01528696359989025,0.08088073776806158,0.22213688182923577,0.6036363126813714
0.0,0.0,0.0,0.0,0.0,0.0,0.0,0.0,0.0,0.0,0.0,0.000496031746031746,0.000496031746031746,0.0,0.0,0.0,0.0,0.0,0.0017398128405591094,0.0,0.0010288065843621398,0.0021367521367521365,0.0009416645446057211,0.0,0.0,0.0,0.0006038647342995169,0.0,0.0005144032921810699,0.0,0.0009416645446057211,0.0,0.003888503801102326,0.0,0.00405810857990748,0.0022181645068118498,0.0009416645446057211,0.009453413852372139,0.003354112613071442,0.0014619883040935672,0.005980463773497082,0.009789174153302717,0.03499362947956907,0.007797007084345686,0.08933903943831961,0.19207569523516022,0.6257500024644123
0.0,0.0,0.0,0.0,0.0,0.0,0.0,0.0,0.0,0.0,0.0005747126436781609,0.0,0.0,0.0005747126436781609,0.0,0.0,0.0,0.0,0.0,0.0,0.0005376344086021505,0.0005747126436781609,0.0,0.0,0.0,0.0,0.0040650406504065045,0.0,0.0,0.0,0.0,0.0,0.0016870596959584724,0.0005376344086021505,0.0,0.001089115935859231,0.0005747126436781609,0.006685121531392032,0.0,0.0016499814608824618,0.003916385231337184,0.010585839373629655,0.050379887051897436,0.006189215480088787,0.08188488481568999,0.15871674772250646,0.6697766016584348
0.0,0.0,0.0,0.0,0.0,0.0,0.0,0.0,0.0,0.0005112474437627812,0.0,0.0,0.00045787545787545793,0.0,0.0,0.0,0.0,0.0,0.0,0.0,0.0005112474437627812,0.0,0.0007374631268436578,0.0,0.0,0.0,0.0043859649122807015,0.00042517006802721087,0.0,0.0,0.00045787545787545793,0.0,0.0005112474437627812,0.0,0.003215477343665913,0.0,0.0005112474437627812,0.03415125564667668,0.007004117436448264,0.0018848738173891549,0.010298530607455092,0.01286096346807721,0.03435079431884232,0.00979120847691917,0.11407199490675675,0.17920985798113878,0.5846515871986769
0.0,0.0,0.0,0.0,0.0,0.0,0.0,0.0,0.001108410664309913,0.0,0.0005376344086021505,0.0,0.0005376344086021505,0.0005707762557077625,0.0,0.0005376344086021505,0.0,0.0,0.0,0.0,0.001141552511415525,0.0005707762557077625,0.001108410664309913,0.0,0.0,0.0,0.022970085470085472,0.0009299716580066131,0.0,0.0,0.0,0.0,0.0028538812785388126,0.0005376344086021505,0.0021929824561403508,0.0018659864218856705,0.0,0.010674156993492223,0.004451566951566952,0.003898297325164316,0.002370478983382209,0.008262056309148407,0.04745943911788516,0.008478119685587648,0.12427532382561089,0.18636478100816214,0.5663024085294835
0.0,0.0,0.0,0.0,0.0,0.0,0.0004816955684007707,0.0004816955684007707,0.0,0.0,0.0004816955684007707,0.0,0.0,0.0,0.0,0.0,0.0,0.0,0.0,0.0,0.0,0.0018638974476016586,0.0008250825082508251,0.0,0.0,0.0,0.0033503350335033506,0.0,0.0,0.0,0.0023809523809523807,0.0,0.001058744468535636,0.0023809523809523807,0.00040257648953301127,0.002770868874327046,0.002131860584902421,0.022671595015131624,0.0013123359580052493,0.0,0.0025829502526057073,0.0004816955684007707,0.04519098469039092,0.011222356982005202,0.08271085854135578,0.19285015598176783,0.6223667101365759
0.0,0.0,0.0,0.0,0.0,0.00043402777777777775,0.0,0.00048449612403100775,0.0,0.000896057347670251,0.0,0.0,0.0009689922480620155,0.0,0.0,0.0,0.0,0.0,0.0,0.0,0.00048449612403100775,0.0,0.0,0.0,0.0,0.0,0.03079429531042435,0.0,0.0,0.0009185239018087854,0.0,0.00048449612403100775,0.004964782862382263,0.0,0.0,0.0009689922480620155,0.0,0.0078595470181648,0.0,0.000896057347670251,0.006111499805650286,0.004897859080154654,0.08419411950107886,0.0097287943780817,0.05443638170677115,0.2027562285300453,0.5877203525641025
0.0,0.0,0.0,0.0,0.0010964912280701754,0.0,0.0,0.0006265664160401002,0.0006265664160401002,0.0,0.0,0.00041459369817578774,0.0,0.0,0.0,0.0,0.0,0.0,0.0,0.0,0.0,0.0,0.0,0.0,0.0,0.0,0.006489540387845473,0.0012531328320802004,0.0,0.0,0.0006265664160401002,0.0,0.0,0.0,0.0,0.002824858757062147,0.0006265664160401002,0.003036060506292069,0.0013020833333333333,0.0,0.003700804015636105,0.008047383176313818,0.0974158024540594,0.01568171006003424,0.06916692088687089,0.18115360162138558,0.6059107513786804
0.0005592841163310962,0.0005592841163310962,0.0018115942028985507,0.001851851851851852,0.0,0.0,0.0,0.0,0.0,0.0,0.0,0.0046851574212893555,0.0,0.0,0.0,0.0,0.0,0.0,0.0,0.0,0.0,0.0,0.0,0.0,0.0,0.0,0.003663446054750403,0.0,0.0,0.0005592841163310962,0.0005592841163310962,0.0005592841163310962,0.015117662435560744,0.0,0.0005592841163310962,0.0005592841163310962,0.0005592841163310962,0.01139634601043997,0.0028917116525629797,0.010718544017702648,0.0038653523489932885,0.01313464876083519,0.06228309568528124,0.005004598067043354,0.08514636101394668,0.1483695756552155,0.6255857818909795
