gj,hh,gh,ec,ci,go,og,io,ei,sc,ji,eh,hg,sh,ee,ge,se,ie,eg,ii,si,gi,ig,hs,es,js,cg,cc,gs,sg,gg,os,cs,is,ss,TimeFactor
0.0,0.0,0.0,0.0,0.0,0.0,0.0,0.0,0.0,0.0,0.0,0.0,0.0,0.0,0.0,0.0,0.0,0.0,0.0,0.0,0.0,0.0,0.0,0.0,0.0,0.0,0.003472222222222222,0.003472222222222222,0.003472222222222222,0.003472222222222222,0.006944444444444444,0.020833333333333332,0.024305555555555556,0.03125,0.23611111111111113,1.0
0.0,0.0,0.0,0.0,0.0,0.0,0.0,0.0,0.0,0.0,0.0,0.0,0.0,0.0,0.0,0.0,0.0,0.0,0.0,0.0,0.0,0.0,0.0,0.020833333333333332,0.020833333333333332,0.020833333333333332,0.0,0.0,0.024999999999999998,0.029166666666666664,0.029166666666666664,0.010416666666666666,0.014583333333333332,0.03958333333333333,0.45625,2.0
0.0,0.0,0.0,0.0,0.0,0.0,0.0,0.0,0.0,0.0,0.0,0.0,0.0,0.0,0.0,0.0,0.0,0.0,0.001893939393939394,0.001893939393939394,0.001893939393939394,0.003787878787878788,0.005681818181818181,0.0,0.0,0.001893939393939394,0.0,0.0,0.04924242424242425,0.0,0.001893939393939394,0.0,0.010416666666666666,0.030303030303030304,0.30776515151515155,3.0
0.0,0.0,0.0,0.0,0.0,0.0,0.0,0.0,0.0,0.0,0.0,0.0,0.0,0.0023148148148148147,0.004166666666666667,0.005208333333333333,0.010648148148148148,0.02314814814814815,0.0,0.004629629629629629,0.025462962962962965,0.0,0.011689814814814814,0.0023148148148148147,0.01400462962962963,0.009375,0.0,0.0,0.06250000000000001,0.008333333333333333,0.008333333333333333,0.0,0.020833333333333332,0.015277777777777779,0.35509259259259257,4.0
0.0,0.0,0.0,0.0,0.0,0.0,0.0,0.0,0.0,0.0,0.0,0.0,0.010416666666666666,0.0,0.010416666666666666,0.0,0.0,0.010416666666666666,0.0,0.0,0.010416666666666666,0.0,0.006944444444444444,0.006944444444444444,0.0,0.012152777777777776,0.0,0.0,0.022569444444444444,0.003472222222222222,0.003472222222222222,0.003472222222222222,0.01909722222222222,0.04513888888888889,0.41840277777777773,5.0
0.0,0.0,0.0,0.0,0.0,0.0,0.0,0.0,0.0,0.0,0.0,0.0,0.006944444444444444,0.0,0.020833333333333332,0.0,0.020833333333333332,0.0,0.0,0.0,0.0,0.0,0.0,0.0,0.005208333333333333,0.006944444444444444,0.0,0.0,0.048611111111111105,0.03125,0.010416666666666666,0.006944444444444444,0.012152777777777776,0.048611111111111105,0.3645833333333333,6.0
0.0,0.0,0.0,0.0,0.0,0.0,0.0,0.0,0.002976190476190476,0.002976190476190476,0.003472222222222222,0.006448412698412699,0.0,0.0,0.002976190476190476,0.0,0.010416666666666666,0.0,0.0,0.006944444444444444,0.006944444444444444,0.0,0.0,0.013392857142857142,0.022569444444444444,0.00818452380952381,0.0,0.0,0.03298611111111111,0.024305555555555556,0.020833333333333332,0.003472222222222222,0.037698412698412696,0.06225198412698413,0.5644841269841269,7.0
0.0,0.0,0.0,0.0,0.0,0.006944444444444444,0.010416666666666666,0.010416666666666666,0.0,0.010416666666666666,0.0,0.0,0.0,0.0,0.010416666666666666,0.010416666666666666,0.0,0.0,0.0,0.0,0.0,0.010416666666666666,0.0,0.0,0.0,0.01736111111111111,0.0,0.010416666666666666,0.0625,0.020833333333333332,0.010416666666666666,0.013888888888888888,0.048611111111111105,0.020833333333333332,0.4756944444444445,8.0
0.0,0.0,0.0,0.020833333333333332,0.020833333333333332,0.0,0.0,0.0,0.010416666666666666,0.0,0.0,0.0,0.0,0.0,0.0,0.020833333333333332,0.0016025641025641027,0.0,0.0,0.0,0.0,0.0,0.03125,0.003472222222222222,0.0016025641025641027,0.003472222222222222,0.0,0.0,0.031116452991452992,0.010416666666666666,0.0,0.0,0.01375534188034188,0.003472222222222222,0.2435897435897436,9.0
0.0,0.0,0.020833333333333332,0.0,0.0,0.0,0.0,0.0,0.0,0.006944444444444444,0.0,0.0,0.0,0.0,0.0,0.0,0.020833333333333332,0.0,0.0,0.0,0.010416666666666666,0.0,0.03125,0.03125,0.03819444444444444,0.0,0.0,0.0,0.09027777777777778,0.027777777777777776,0.013888888888888888,0.0,0.03993055555555555,0.0,0.501736111111111,10.0
0.020833333333333332,0.020833333333333332,0.0,0.0,0.0,0.0,0.0,0.0,0.0,0.0,0.0,0.0,0.0,0.020833333333333332,0.0,0.0,0.0,0.0,0.0,0.004166666666666667,0.004166666666666667,0.0,0.0,0.0,0.004166666666666667,0.024999999999999998,0.0,0.0,0.019791666666666666,0.014583333333333332,0.008333333333333333,0.0,0.026041666666666668,0.024999999999999998,0.55625,11.0
0.0,0.0,0.0,0.0,0.0,0.0,0.0,0.0,0.0,0.0,0.0,0.0,0.010416666666666666,0.0,0.0,0.0,0.010416666666666666,0.0,0.0,0.010416666666666666,0.010416666666666666,0.0,0.0,0.004166666666666667,0.010416666666666666,0.0,0.0,0.0,0.020833333333333332,0.010416666666666666,0.0,0.020833333333333332,0.020833333333333332,0.010416666666666666,0.36041666666666666,12.0
0.0,0.020833333333333332,0.0,0.0,0.0,0.0,0.0,0.0,0.0,0.020833333333333332,0.0,0.0,0.0,0.020833333333333332,0.0,0.0,0.03125,0.0,0.0,0.020833333333333332,0.0,0.020833333333333332,0.0,0.0,0.03125,0.0,0.0,0.020833333333333332,0.0625,0.052083333333333336,0.010416666666666666,0.0,0.0,0.010416666666666666,0.2604166666666667,13.0
