hi,og,ho,ic,cg,ei,sh,ch,hh,ii,jj,sj,gi,ie,ig,go,oc,so,gh,hs,si,hg,jg,ej,ih,ji,ge,ee,os,js,cs,is,se,gg,es,sg,gs,ss,TimeFactor
0.0,0.0,0.0,0.0,0.0,0.0,0.0,0.0,0.0,0.0,0.0,0.0,0.0,0.0,0.0,0.0,0.0,0.0,0.0,0.0,0.0,0.0,0.0,0.002976190476190476,0.002976190476190476,0.002976190476190476,0.002976190476190476,0.002976190476190476,0.005208333333333333,0.006944444444444444,0.009027777777777779,0.010416666666666666,0.012896825396825398,0.01423611111111111,0.030753968253968252,0.04027777777777778,0.11602182539682539,0.48933531746031744,1.0
0.0,0.0,0.0,0.0,0.0,0.0,0.0,0.0,0.0,0.0,0.0,0.0,0.0,0.0,0.0,0.0,0.0,0.0,0.0,0.0,0.0,0.0,0.020833333333333332,0.0,0.0,0.0,0.0,0.020833333333333332,0.0,0.005208333333333333,0.0,0.0011574074074074073,0.041666666666666664,0.0,0.020833333333333332,0.005208333333333333,0.10243055555555557,0.5318287037037037,2.0
0.0,0.0,0.0,0.0,0.0,0.0,0.0,0.0,0.0,0.0,0.0,0.0,0.0,0.0,0.0,0.0,0.0,0.0,0.0,0.0,0.005208333333333333,0.006944444444444444,0.0009057971014492754,0.0,0.0,0.0,0.0,0.005208333333333333,0.00818452380952381,0.0,0.0,0.013964371980676328,0.005208333333333333,0.0009057971014492754,0.0,0.0,0.049532004830917874,0.6539380607315389,3.0
0.0,0.0,0.0,0.0,0.0,0.0,0.0,0.0,0.0,0.0,0.0,0.0,0.0,0.0,0.0,0.006944444444444444,0.006944444444444444,0.006944444444444444,0.010416666666666666,0.010416666666666666,0.0,0.0,0.0,0.0,0.0,0.0,0.0,0.0,0.013888888888888888,0.0,0.013888888888888888,0.006944444444444444,0.0,0.020833333333333332,0.010416666666666666,0.03125,0.029671717171717172,0.6647727272727273,4.0
0.0,0.0,0.0,0.0,0.0,0.0,0.0,0.0,0.0,0.0026041666666666665,0.0026041666666666665,0.0026041666666666665,0.002976190476190476,0.005208333333333333,0.005208333333333333,0.0,0.0,0.0,0.0,0.002976190476190476,0.005208333333333333,0.0026041666666666665,0.0,0.0,0.0,0.0,0.0026041666666666665,0.011160714285714286,0.005580357142857143,0.0026041666666666665,0.0,0.013392857142857142,0.005952380952380952,0.010416666666666666,0.005580357142857143,0.00954861111111111,0.05890376984126983,0.5922619047619048,5.0
0.0,0.0,0.0,0.0,0.0,0.0,0.0,0.002976190476190476,0.002976190476190476,0.0026041666666666665,0.020833333333333332,0.024305555555555556,0.0,0.0,0.020833333333333332,0.0,0.0,0.0,0.0,0.018973214285714284,0.005580357142857143,0.0,0.0,0.0,0.0,0.0,0.0,0.0,0.014136904761904762,0.003472222222222222,0.011532738095238096,0.029042658730158728,0.0,0.004166666666666667,0.004166666666666667,0.004166666666666667,0.0427827380952381,0.7041170634920636,6.0
0.0,0.0,0.0,0.001736111111111111,0.001736111111111111,0.005208333333333333,0.005208333333333333,0.0,0.0023148148148148147,0.006944444444444444,0.0,0.0,0.004050925925925926,0.0,0.001736111111111111,0.0,0.0,0.0,0.0,0.007523148148148148,0.0,0.0023148148148148147,0.001736111111111111,0.0,0.0,0.0,0.0,0.0,0.00636574074074074,0.019328703703703702,0.01423611111111111,0.06770833333333333,0.0,0.005208333333333333,0.001736111111111111,0.012268518518518517,0.04525462962962964,0.7873842592592593,7.0
0.0,0.0,0.0020833333333333333,0.0,0.0,0.0,0.0,0.0,0.0,0.011458333333333334,0.0026041666666666665,0.0067708333333333336,0.0,0.0,0.0,0.0,0.0020833333333333333,0.005208333333333333,0.0020833333333333333,0.00954861111111111,0.011458333333333334,0.0,0.0026041666666666665,0.0,0.0,0.0,0.0,0.0,0.022569444444444444,0.010937500000000001,0.028149801587301588,0.05404265873015873,0.0,0.005208333333333333,0.03125,0.011111111111111112,0.03177083333333334,0.6657242063492064,8.0
0.0,0.004166666666666667,0.0,0.0,0.0,0.0,0.004578754578754579,0.0,0.0,0.0,0.0,0.0,0.0,0.0,0.0,0.002976190476190476,0.0,0.004166666666666667,0.0,0.0334961334961335,0.002976190476190476,0.0,0.0023148148148148147,0.0,0.0,0.0,0.0,0.0,0.014087301587301588,0.011309523809523811,0.005787037037037038,0.028753306878306878,0.0,0.004166666666666667,0.0,0.004578754578754579,0.05032560032560033,0.7429830586080587,9.0
0.0,0.0,0.0,0.0,0.0,0.0,0.001893939393939394,0.0,0.0,0.006944444444444444,0.0,0.0,0.0026041666666666665,0.0,0.0,0.0,0.0,0.0,0.0,0.006102693602693603,0.006944444444444444,0.0,0.0,0.0,0.0,0.002976190476190476,0.001893939393939394,0.0,0.010078463203463204,0.00818452380952381,0.011243386243386243,0.05057193963443963,0.006944444444444444,0.013020833333333334,0.011814574314574314,0.017518939393939396,0.02927714646464646,0.7286525974025975,10.0
0.0,0.0,0.0,0.0,0.0,0.0,0.004398148148148148,0.0,0.0023148148148148147,0.004166666666666667,0.0,0.0,0.004166666666666667,0.0,0.0,0.0,0.0,0.0,0.0,0.006250000000000001,0.01099537037037037,0.0,0.0,0.0,0.0,0.0,0.0,0.008796296296296297,0.0,0.0,0.003472222222222222,0.0412037037037037,0.011689814814814814,0.014583333333333332,0.018055555555555554,0.025694444444444447,0.034027777777777775,0.726851851851852,11.0
0.0,0.0,0.0,0.0,0.0,0.0,0.0,0.0,0.0,0.0,0.0,0.0,0.004166666666666667,0.0,0.0023148148148148147,0.0,0.0,0.0,0.0,0.0,0.008101851851851851,0.0,0.0,0.0,0.0,0.0,0.0,0.0,0.003472222222222222,0.0,0.024652777777777777,0.024537037037037038,0.0,0.025462962962962965,0.0,0.014779202279202278,0.04090099715099715,0.6016114672364672,12.0
0.0020833333333333333,0.0,0.0,0.0,0.0,0.0,0.0020833333333333333,0.0,0.0,0.014393939393939395,0.0,0.0,0.0,0.001893939393939394,0.0,0.0,0.0,0.0,0.0,0.0,0.019886363636363636,0.0,0.0,0.0,0.0,0.0,0.0,0.0,0.006944444444444444,0.0,0.011642156862745098,0.043365641711229946,0.0,0.00918560606060606,0.0036300505050505054,0.012305035650623887,0.028102718360071305,0.7611501039809864,13.0
