gge,sse,cse,gee,sge,hes,gii,gie,gsg,sgi,scc,csc,ccs,iee,sgg,ses,jis,ies,sie,ois,ise,see,gos,ggs,csg,egs,iii,seg,scs,eis,hss,iig,csi,osi,ssi,ssg,gsi,sgs,igs,sii,sis,hee,csh,she,oss,igi,gis,ssj,sjj,jss,css,iss,ess,gss,sss,TimeFactor
0.0,0.0,0.0,0.0,0.0,0.0,0.0,0.0,0.0,0.0,0.0,0.0,0.0,0.0,0.0,0.0,0.0,0.0,0.0,0.0,0.0,0.0,0.0,0.0,0.0,0.0,0.0,0.0,0.0,0.0,0.0,0.0,0.0,0.0,0.0,0.0,0.0,0.0,0.0,0.0,0.0,0.0,0.0,0.0,0.0,0.006944444444444444,0.006944444444444444,0.006944444444444444,0.006944444444444444,0.009259259259259259,0.02314814814814815,0.02546296296296296,0.030092592592592587,0.032407407407407406,0.5185185185185185,1.0
0.0,0.0,0.0,0.0,0.0,0.0,0.0,0.0,0.0,0.0,0.0,0.0,0.0,0.0,0.0,0.0,0.0,0.0,0.0,0.0,0.0,0.0,0.0,0.0,0.0,0.0,0.0,0.0,0.0,0.0,0.0,0.0,0.0,0.0,0.0,0.0,0.0,0.0,0.0,0.0,0.0,0.0,0.0,0.0,0.027777777777777776,0.0,0.0,0.0,0.0,0.0,0.027777777777777776,0.006944444444444444,0.0,0.006944444444444444,0.34722222222222215,2.0
0.0,0.0,0.0,0.0,0.0,0.0,0.0,0.0,0.0,0.0,0.0,0.0,0.0,0.0,0.0,0.0,0.0,0.0,0.0,0.0,0.0,0.0,0.0,0.0,0.0,0.0,0.0,0.0,0.0,0.0,0.0,0.0,0.0,0.0,0.0,0.0,0.0,0.0,0.0,0.0,0.0,0.027777777777777776,0.027777777777777776,0.027777777777777776,0.0,0.0,0.0,0.0,0.0,0.0,0.0,0.05555555555555555,0.0,0.009259259259259259,0.2685185185185185,3.0
0.0,0.0,0.0,0.0,0.0,0.0,0.0,0.0,0.0,0.0,0.0,0.0,0.0,0.0,0.0,0.0,0.0,0.0,0.0,0.0,0.0,0.0,0.0,0.0,0.0,0.0,0.0,0.0,0.0,0.0,0.0,0.0,0.0,0.004629629629629629,0.004629629629629629,0.004629629629629629,0.004629629629629629,0.004629629629629629,0.004629629629629629,0.004629629629629629,0.009259259259259259,0.0,0.0,0.0,0.004629629629629629,0.0,0.0,0.0,0.0,0.0,0.032407407407407406,0.013888888888888888,0.06481481481481481,0.0462962962962963,0.6296296296296295,4.0
0.0,0.0,0.0,0.0,0.0,0.0,0.0,0.0,0.0,0.0,0.0,0.0,0.0,0.0,0.0,0.0,0.0,0.0,0.0,0.0,0.0,0.0,0.0,0.0,0.002777777777777778,0.005555555555555556,0.005555555555555556,0.005555555555555556,0.005555555555555556,0.009259259259259259,0.011111111111111112,0.013888888888888888,0.014814814814814814,0.0,0.005555555555555556,0.005555555555555556,0.005555555555555556,0.008333333333333333,0.013888888888888888,0.016666666666666666,0.009259259259259259,0.0,0.0,0.0,0.019444444444444445,0.0,0.0,0.0,0.0,0.027777777777777776,0.02037037037037037,0.018518518518518517,0.011111111111111112,0.036111111111111115,0.3111111111111111,5.0
0.0,0.0,0.0,0.0,0.0,0.0,0.0,0.0,0.0,0.0,0.0,0.0,0.0,0.0,0.0,0.0,0.0,0.003968253968253968,0.003968253968253968,0.005555555555555556,0.005555555555555556,0.005555555555555556,0.006944444444444444,0.013888888888888888,0.0,0.0,0.0,0.0,0.0,0.0,0.007936507936507936,0.0,0.0,0.0,0.0,0.004629629629629629,0.017857142857142856,0.004629629629629629,0.0,0.0,0.013888888888888888,0.0,0.0,0.0,0.028968253968253966,0.0,0.0,0.009259259259259259,0.009259259259259259,0.0,0.03888888888888889,0.03571428571428571,0.037037037037037035,0.004629629629629629,0.40853174603174597,6.0
0.0,0.0,0.0,0.0,0.0,0.0,0.0,0.0,0.0,0.0,0.0,0.0,0.0,0.0,0.0,0.003968253968253968,0.013888888888888888,0.0,0.0,0.0,0.0,0.0,0.0,0.0,0.0,0.0,0.0,0.0,0.0,0.0,0.0,0.0,0.0,0.0,0.0,0.0,0.0,0.0,0.0,0.0,0.014814814814814814,0.0,0.0,0.0,0.013227513227513227,0.0,0.0,0.0,0.0,0.003968253968253968,0.049867724867724866,0.051190476190476196,0.003968253968253968,0.027314814814814816,0.48445767195767186,7.0
0.0,0.0,0.0,0.0,0.0,0.0,0.0,0.0,0.0,0.0,0.0,0.0,0.0,0.004629629629629629,0.019444444444444445,0.0,0.0,0.0,0.004629629629629629,0.0,0.0,0.0,0.0,0.0,0.0,0.0,0.0,0.0,0.0,0.0,0.009259259259259259,0.0,0.0,0.0,0.0,0.019444444444444445,0.004629629629629629,0.0,0.0,0.0,0.0,0.0,0.0,0.0,0.006172839506172839,0.0,0.013888888888888888,0.0,0.0,0.018518518518518517,0.035493827160493825,0.024999999999999998,0.04722222222222222,0.028703703703703703,0.512962962962963,8.0
0.0,0.0,0.0,0.0,0.0,0.0,0.0,0.0,0.0,0.0,0.006944444444444444,0.006944444444444444,0.006944444444444444,0.0,0.0,0.0,0.0,0.0,0.0,0.0,0.0,0.0,0.0,0.0,0.0,0.0,0.0,0.0,0.0,0.0,0.0,0.0,0.0,0.0,0.0,0.0,0.0,0.0,0.0,0.0,0.0,0.0,0.0,0.0,0.0030864197530864196,0.0,0.0,0.0,0.0,0.005555555555555556,0.05974426807760141,0.030864197530864196,0.019444444444444445,0.02213403880070547,0.6716710758377425,9.0
0.0,0.0,0.0,0.0,0.0,0.0,0.005555555555555556,0.013888888888888888,0.013888888888888888,0.019444444444444445,0.0,0.0,0.0,0.0,0.005555555555555556,0.0,0.0,0.0,0.0,0.0,0.0,0.0,0.0,0.0,0.009523809523809523,0.0,0.0,0.0,0.0,0.0,0.006944444444444444,0.0,0.0,0.0,0.0,0.005555555555555556,0.0,0.003968253968253968,0.0,0.0,0.0,0.0,0.0,0.0,0.007936507936507936,0.0,0.0,0.0,0.0,0.0,0.011904761904761904,0.041666666666666664,0.027777777777777776,0.0373015873015873,0.45575396825396836,10.0
0.0,0.0,0.0,0.005555555555555556,0.005555555555555556,0.006944444444444444,0.0,0.0,0.0,0.006944444444444444,0.0,0.0,0.0,0.0,0.005555555555555556,0.0,0.0,0.0,0.0,0.0,0.0,0.0,0.0,0.0,0.0,0.0,0.0,0.0,0.0,0.0,0.013888888888888888,0.0,0.0,0.0,0.0,0.011111111111111112,0.0,0.027777777777777776,0.0,0.0,0.0,0.0,0.0,0.006944444444444444,0.003968253968253968,0.0,0.006944444444444444,0.0,0.0,0.007936507936507936,0.02157738095238095,0.030588624338624335,0.026041666666666668,0.053158068783068786,0.5095072751322751,11.0
0.0,0.013888888888888888,0.027777777777777776,0.0,0.0,0.0,0.0,0.0,0.0,0.0,0.0,0.0,0.0,0.0,0.0,0.027777777777777776,0.0,0.0,0.0,0.0,0.0,0.013888888888888888,0.0,0.001388888888888889,0.0,0.0,0.0,0.0,0.0,0.0,0.005555555555555556,0.0,0.0,0.0,0.0,0.0,0.0,0.027777777777777776,0.0,0.0,0.0,0.0,0.0,0.0,0.0,0.0,0.0,0.0,0.0,0.005555555555555556,0.012499999999999999,0.001388888888888889,0.05833333333333333,0.04305555555555555,0.3444444444444445,12.0
0.027777777777777776,0.0,0.0,0.0,0.0,0.0,0.0,0.0,0.027777777777777776,0.0,0.0,0.0,0.0,0.0,0.027777777777777776,0.0,0.0,0.0,0.0,0.0,0.0,0.0,0.0,0.0,0.0,0.0,0.0,0.0,0.0,0.0,0.016975308641975308,0.0,0.0,0.0,0.0,0.0,0.0,0.0,0.0,0.0,0.0,0.0,0.0,0.0,0.009259259259259259,0.0,0.0,0.0,0.0,0.0,0.0,0.0030864197530864196,0.009259259259259259,0.006172839506172839,0.37191358024691357,13.0
