hh,gh,ei,he,ge,ih,oi,eh,ee,eg,sh,ie,gc,jg,hg,se,hs,gi,si,ii,sj,js,es,ig,gg,sc,os,cs,sg,is,gs,ss,TimeFactor
0.0,0.0,0.0,0.0,0.0,0.0,0.0,0.0,0.0,0.0,0.0,0.0,0.0,0.0,0.0,0.0,0.0,0.0,0.0,0.0,0.0033333333333333335,0.0033333333333333335,0.0033333333333333335,0.006410256410256411,0.006410256410256411,0.013888888888888888,0.013888888888888888,0.013888888888888888,0.018159184825851493,0.02314814814814815,0.030742280742280744,0.6134632067965401,1.0
0.0,0.0,0.0,0.0,0.0,0.0,0.0,0.0,0.0,0.0,0.0,0.0,0.0,0.0,0.0,0.0,0.0,0.02023809523809524,0.024891774891774892,0.027056277056277056,0.0,0.0,0.0,0.0,0.03333333333333333,0.0,0.0,0.0,0.02445175597349511,0.03214285714285714,0.02755879386314169,0.4769937791676922,2.0
0.0,0.0,0.0,0.0,0.0,0.0,0.0,0.0,0.0,0.0,0.0,0.0,0.002777777777777778,0.002777777777777778,0.004901960784313725,0.004901960784313725,0.004901960784313725,0.0,0.004901960784313725,0.0,0.0,0.0,0.016214177978883863,0.002777777777777778,0.019444444444444445,0.0,0.0,0.01468253968253968,0.024999999999999998,0.02712418300653595,0.050878612858526774,0.568714865558481,3.0
0.0,0.0,0.0,0.0,0.0,0.0,0.0,0.0,0.0,0.0028735632183908046,0.0028735632183908046,0.01794871794871795,0.0,0.0,0.0,0.004166666666666667,0.011793406815653757,0.001282051282051282,0.033846756691584275,0.029166666666666664,0.0,0.0,0.023397435897435898,0.0,0.008974358974358975,0.0,0.0,0.004166666666666667,0.013501468868543398,0.03592941573427137,0.03582078377684606,0.4409251442404221,4.0
0.0,0.0,0.0,0.0,0.0,0.001736111111111111,0.006410256410256411,0.006944444444444444,0.02951388888888889,0.0005274261603375527,0.016666666666666666,0.0005274261603375527,0.0,0.0,0.0,0.013888888888888888,0.025347222222222226,0.006937682570593964,0.02948717948717949,0.0,0.0,0.0,0.03143020393811533,0.0,0.05522151898734177,0.0,0.0,0.006944444444444444,0.05007088697753254,0.0754227298135526,0.03458304031879981,0.525006649175953,5.0
0.0,0.0,0.0024509803921568627,0.0030337309749074452,0.005484711367064308,0.0005827505827505828,0.0,0.0024509803921568627,0.003616481557658028,0.004199232140408612,0.004703232644409115,0.0022522522522522522,0.0,0.007575757575757576,0.0024509803921568627,0.0005827505827505828,0.013048473574789365,0.0005827505827505828,0.01699201699201699,0.03571428571428571,0.0,0.0,0.006864025646786277,0.0011655011655011655,0.015775493716670187,0.0,0.0043859649122807015,0.0005827505827505828,0.05957874446364162,0.020138307703828965,0.09829866954058475,0.35415584121635063,6.0
0.0,0.0007183908045977011,0.0,0.0,0.002750911129800953,0.0,0.0,0.0,0.04977422003284072,0.0034693019343986545,0.0007183908045977011,0.0007183908045977011,0.0,0.0,0.0007183908045977011,0.020396217235297696,0.0007183908045977011,0.002976190476190476,0.004361658456486043,0.0028735632183908046,0.0,0.0007183908045977011,0.010968693772870951,0.0,0.023508653418410876,0.0,0.0,0.0,0.026745341642992148,0.026909537180943074,0.04934130119436512,0.5216140654794262,7.0
0.011996904024767802,0.0,0.0005341880341880341,0.0,0.0005341880341880341,0.0009057971014492754,0.0,0.0,0.0021367521367521365,0.0005341880341880341,0.007629131274642111,0.0010683760683760683,0.0,0.0,0.0,0.0010683760683760683,0.0014399851356373093,0.0009659669633762897,0.007414169681250427,0.011743550881226679,0.0,0.0,0.003261358524516419,0.0014399851356373093,0.014400533281474934,0.0,0.0,0.0,0.01752698524508795,0.021910349793882122,0.0410688683384178,0.6024203462425651,8.0
0.0,0.0,0.0,0.0,0.0,0.0,0.0,0.0,0.0,0.0,0.0,0.0,0.0,0.0,0.001937984496124031,0.002228344542581638,0.003750742721330957,0.0,0.013519838048192165,0.01642812719567209,0.0,0.005208333333333333,0.007278849593086689,0.0019078790211994265,0.038301252339083436,0.0,0.0,0.0,0.03796310206362046,0.013065179308352765,0.06394185112008773,0.7111351828840019,9.0
0.0,0.0,0.0,0.0,0.0,0.0,0.0,0.0,0.0,0.0,0.0006313131313131314,0.0,0.0,0.0,0.0,0.0,0.0013698492865159533,0.0002976190476190476,0.00518906598452053,0.007936507936507936,0.0,0.0,0.0003443526170798898,0.0005952380952380952,0.050941815882807946,0.0,0.0,0.0,0.030183149196687215,0.011576624834200591,0.05878714079702155,0.6654806565238215,10.0
0.0,0.0,0.0,0.0,0.0006944444444444445,0.0,0.0,0.0,0.0006944444444444445,0.0,0.0028735632183908046,0.003787878787878788,0.0,0.0,0.0,0.0,0.011787257476912649,0.0,0.011787257476912649,0.019553644553644556,0.0,0.0,0.003787878787878788,0.0,0.0382266395389755,0.0,0.0,0.0,0.03431171529378004,0.010589193592180288,0.048531661745715805,0.5633744206388412,11.0
0.0,0.0,0.0,0.0,0.0010040160642570282,0.0,0.0,0.0,0.0010040160642570282,0.0,0.0,0.0,0.0,0.0,0.0,0.0,0.0010040160642570282,0.0,0.00409136546184739,0.0,0.0,0.0,0.0,0.0020080321285140565,0.03505742310741993,0.0,0.0,0.0,0.019613807034820463,0.0035528987458212737,0.033163310211847825,0.48283444845029133,12.0
0.0,0.0,0.0,0.0,0.0,0.0,0.0,0.0,0.0,0.0,0.0,0.0,0.0,0.0,0.0,0.0,0.0,0.0,0.0,0.0,0.0,0.0,0.0,0.0,0.008173030214709026,0.0,0.0,0.0008865248226950354,0.011614458277238808,0.0,0.0314982274760765,0.6144944258759474,13.0
