eg,se,ji,og,ij,jj,hi,ei,hg,sh,hh,ih,ie,ci,ee,ge,hs,so,gi,ig,es,gg,ii,cs,sg,gs,go,os,si,js,is,ss,TimeFactor
0.0,0.0,0.0,0.0,0.0,0.0,0.0,0.0,0.0,0.0,0.0,0.0,0.0,0.0,0.0,0.0,0.0,0.0,0.0,0.0,0.0,0.0,0.0,0.0,0.010416666666666666,0.010416666666666666,0.020833333333333332,0.020833333333333332,0.020833333333333332,0.020833333333333332,0.03125,0.3645833333333333,1.0
0.0,0.0,0.0,0.0,0.0,0.0,0.0,0.0,0.0,0.0,0.0,0.0,0.0,0.0,0.0,0.0,0.0,0.0,0.005208333333333333,0.006944444444444444,0.010416666666666666,0.010416666666666666,0.012152777777777776,0.041666666666666664,0.005208333333333333,0.022569444444444444,0.0,0.0,0.013888888888888888,0.020833333333333332,0.03472222222222222,0.5659722222222222,2.0
0.0,0.0,0.0,0.0,0.0,0.0,0.0,0.0,0.0,0.0,0.0,0.0,0.0,0.0,0.005208333333333333,0.005208333333333333,0.005208333333333333,0.020833333333333332,0.010416666666666666,0.010416666666666666,0.010416666666666666,0.015625,0.0,0.026041666666666668,0.020833333333333332,0.057291666666666664,0.0,0.03125,0.0,0.0,0.020833333333333332,0.59375,3.0
0.0,0.0,0.0,0.0,0.0,0.0,0.0,0.004166666666666667,0.006944444444444444,0.006944444444444444,0.010416666666666666,0.010416666666666666,0.010416666666666666,0.024305555555555552,0.0,0.0,0.013888888888888888,0.0,0.010416666666666666,0.006944444444444444,0.010416666666666666,0.011111111111111112,0.01736111111111111,0.0,0.03194444444444444,0.08472222222222221,0.0,0.0,0.027777777777777776,0.0,0.05416666666666667,0.4909722222222223,4.0
0.0,0.0,0.0,0.0,0.0020833333333333333,0.0020833333333333333,0.0020833333333333333,0.0,0.0,0.0,0.0,0.0,0.0,0.0,0.0,0.0,0.0020833333333333333,0.0,0.0,0.0,0.010416666666666666,0.0020833333333333333,0.0020833333333333333,0.0,0.012499999999999999,0.048611111111111105,0.0,0.020833333333333332,0.004166666666666667,0.004166666666666667,0.042361111111111106,0.6777777777777777,5.0
0.0,0.0,0.0,0.0020833333333333333,0.0,0.0,0.0020833333333333333,0.0,0.0,0.0,0.0,0.0,0.0,0.006944444444444444,0.0,0.0,0.0020833333333333333,0.0,0.0,0.0020833333333333333,0.012731481481481483,0.006944444444444444,0.012499999999999999,0.0,0.0023148148148148147,0.056018518518518516,0.0,0.0,0.014583333333333332,0.0,0.05162037037037037,0.6613425925925926,6.0
0.0,0.0,0.0020833333333333333,0.0,0.0,0.0,0.0,0.0,0.0,0.010416666666666666,0.0,0.0,0.0,0.0,0.0,0.0,0.010416666666666666,0.0,0.0,0.0,0.013020833333333334,0.0026041666666666665,0.0,0.0,0.009375,0.060763888888888895,0.0,0.010416666666666666,0.0,0.0,0.042013888888888885,0.6722222222222222,7.0
0.0,0.005555555555555556,0.0,0.0,0.0,0.0,0.0,0.004166666666666667,0.0,0.0,0.0,0.0,0.0,0.0,0.0,0.012499999999999999,0.0,0.0,0.0,0.0,0.013888888888888888,0.009027777777777779,0.0,0.0,0.0020833333333333333,0.05555555555555555,0.0,0.0,0.0020833333333333333,0.015625,0.05451388888888889,0.6583333333333333,8.0
0.006944444444444444,0.0,0.0,0.0,0.0,0.0,0.0,0.001736111111111111,0.0,0.0,0.0,0.0,0.006944444444444444,0.0,0.0,0.0,0.0,0.0,0.0,0.0023148148148148147,0.012152777777777776,0.006944444444444444,0.008680555555555554,0.0,0.021990740740740738,0.06423611111111112,0.0,0.0,0.013888888888888888,0.0,0.01014957264957265,0.594017094017094,9.0
0.0,0.010416666666666666,0.0,0.0,0.0,0.0,0.0,0.0,0.0,0.0,0.0,0.0,0.0,0.0,0.0,0.0,0.003472222222222222,0.0,0.0,0.0,0.010416666666666666,0.006944444444444444,0.0,0.0,0.03298611111111111,0.06770833333333333,0.0,0.0,0.0,0.0,0.0642361111111111,0.5538194444444445,10.0
0.0,0.0,0.0,0.0,0.0,0.0,0.0,0.0,0.0,0.0,0.0,0.0,0.0,0.0,0.0,0.0,0.0,0.0,0.010416666666666666,0.0,0.003472222222222222,0.0,0.010416666666666666,0.0,0.0,0.08680555555555554,0.0,0.0,0.0,0.0,0.01736111111111111,0.5381944444444444,11.0
0.0,0.0023148148148148147,0.0,0.0,0.0,0.0,0.0,0.0023148148148148147,0.0,0.0,0.0,0.0023148148148148147,0.0023148148148148147,0.0,0.0023148148148148147,0.0,0.02314814814814815,0.0,0.0,0.0,0.025462962962962965,0.0,0.0023148148148148147,0.0,0.009259259259259259,0.03009259259259259,0.0,0.0,0.0023148148148148147,0.020833333333333332,0.012235449735449733,0.5294312169312169,12.0
0.0,0.0,0.0,0.0,0.0,0.0,0.0,0.0,0.0,0.0,0.0,0.0,0.0,0.0,0.0,0.0,0.0023148148148148147,0.0,0.0,0.0,0.0,0.0023148148148148147,0.0,0.0,0.0023148148148148147,0.053009259259259256,0.0,0.0,0.0,0.0,0.02314814814814815,0.5002314814814816,13.0
