sj,sh,jh,gh,ch,ji,eg,ge,ei,ig,hh,jc,cs,sc,ih,js,cc,gi,ii,es,hg,hs,se,ee,si,sg,so,os,gg,is,gs,ss,TimeFactor
0.0,0.0,0.0,0.0,0.0,0.0,0.0,0.0,0.0,0.0,0.0,0.0,0.0,0.0,0.0,0.0,0.0,0.0,0.0,0.0,0.0,0.0,0.0,0.0,0.0010683760683760683,0.005235042735042735,0.016666666666666666,0.016666666666666666,0.01784188034188034,0.025310800310800314,0.04518259518259518,0.4553613053613054,1.0
0.0,0.0,0.0,0.0,0.0,0.0,0.0,0.0,0.0,0.0,0.0,0.0,0.0,0.0,0.0,0.0,0.0,0.0,0.0,0.0,0.0,0.0,0.0,0.0,0.0,0.003472222222222222,0.0,0.0,0.006944444444444444,0.0,0.007575757575757576,0.48200757575757575,2.0
0.0,0.0,0.0,0.0,0.0,0.0,0.0,0.0,0.0,0.0,0.0,0.0,0.0,0.0,0.0,0.0,0.0,0.0,0.0,0.007575757575757576,0.013888888888888888,0.016666666666666666,0.016666666666666666,0.03333333333333333,0.015512265512265512,0.04090909090909091,0.0,0.0,0.03535353535353535,0.031024531024531024,0.10378787878787878,0.35194805194805195,3.0
0.0,0.0,0.0,0.0,0.0,0.0,0.0,0.0,0.0,0.0,0.0,0.0,0.0,0.0,0.0,0.0,0.0,0.011904761904761904,0.023809523809523808,0.0,0.0,0.007575757575757576,0.009259259259259259,0.0,0.05863395863395863,0.029012345679012345,0.0,0.016666666666666666,0.0404320987654321,0.07186147186147185,0.02685185185185185,0.3706589706589707,4.0
0.0,0.0,0.0,0.0,0.0,0.0,0.0,0.0,0.0,0.0,0.0,0.004629629629629629,0.004629629629629629,0.007575757575757576,0.008333333333333333,0.008333333333333333,0.015151515151515152,0.003472222222222222,0.03333333333333333,0.0,0.008333333333333333,0.0,0.007575757575757576,0.015151515151515152,0.018333333333333333,0.022526455026455023,0.0,0.0,0.03715608465608466,0.04788299663299663,0.06323051948051948,0.44435125060125064,5.0
0.0,0.0,0.0,0.0,0.0,0.0,0.003787878787878788,0.003787878787878788,0.003787878787878788,0.003787878787878788,0.016666666666666666,0.0,0.001488095238095238,0.0,0.0,0.0,0.0,0.003787878787878788,0.055714285714285716,0.0,0.0,0.016666666666666666,0.007121212121212121,0.01,0.030968614718614715,0.012464387464387465,0.0,0.011904761904761904,0.009615384615384616,0.039784151034151026,0.030959225959225956,0.4043738206238206,6.0
0.0,0.0,0.0,0.0,0.0036231884057971015,0.0036231884057971015,0.0,0.0,0.0,0.0036231884057971015,0.0,0.003968253968253968,0.003968253968253968,0.0,0.0,0.0,0.0,0.0,0.0,0.0,0.0,0.0036231884057971015,0.0,0.0,0.0006775067750677508,0.03965976634556261,0.0,0.0,0.027777777777777776,0.0013550135501355016,0.040027976549403786,0.4514060307756895,7.0
0.0,0.0,0.005952380952380952,0.011904761904761904,0.0,0.0,0.0,0.0,0.013888888888888888,0.0,0.0,0.0,0.0,0.0,0.0,0.00753968253968254,0.0,0.0,0.024206349206349207,0.025793650793650796,0.0,0.018271736555318645,0.025793650793650796,0.011904761904761904,0.02003968253968254,0.02438537830328875,0.0,0.0,0.013906387973552153,0.05555555555555556,0.03704529301544227,0.5371451724063664,8.0
0.0,0.0022522522522522522,0.0,0.0,0.0,0.0,0.0,0.0002787068004459309,0.0022522522522522522,0.002014817911557042,0.0,0.0,0.0,0.0,0.0,0.0,0.0,0.0005574136008918618,0.0,0.0025309590526981832,0.0,0.0045045045045045045,0.006756756756756757,0.009009009009009009,0.00771918299092212,0.048285495019898504,0.0,0.0,0.07527091366164108,0.01776152795174534,0.05833869903048238,0.5958008425382761,9.0
0.0,0.0,0.0,0.0,0.0,0.0,0.0,0.0,0.0,0.0,0.0,0.0,0.0,0.0,0.0,0.0,0.0,0.0,0.0040453074433656954,0.0,0.0,0.00840454759978425,0.002297156726768377,0.002297156726768377,0.0008090614886731391,0.025595718837527093,0.0,0.0,0.026842724764448062,0.004540598290598291,0.04600834923016891,0.6291593788918978,10.0
0.000946969696969697,0.0002295684113865932,0.0,0.0002295684113865932,0.0,0.0,0.0004591368227731864,0.0004591368227731864,0.0002295684113865932,0.0009182736455463728,0.0006887052341597796,0.0,0.0,0.0,0.0,0.000946969696969697,0.0,0.0006887052341597796,0.0189623507805326,0.0006887052341597796,0.0,0.0004591368227731864,0.000998494577406372,0.0006195786864931846,0.017814508723599635,0.04243971224597959,0.0,0.0,0.032385467551486476,0.004433682004564093,0.06409936384817935,0.5613023971373142,11.0
0.0,0.0,0.0,0.0,0.0,0.0,0.0,0.0,0.0,0.00202991452991453,0.0,0.0,0.0,0.0,0.0,0.0,0.0,0.001282051282051282,0.0032051282051282055,0.0,0.0,0.0,0.0,0.0,0.001282051282051282,0.03501602564102564,0.0,0.0,0.012927350427350428,0.007772435897435898,0.056490384615384616,0.3799946581196581,12.0
0.0,0.0,0.0,0.0,0.0,0.0,0.0,0.0,0.0,0.0,0.0,0.0,0.0,0.0,0.0,0.0,0.0,0.003472222222222222,0.01023391812865497,0.0,0.0,0.0,0.0,0.0,0.0010964912280701754,0.011330409356725144,0.0,0.0,0.010051169590643274,0.0020325203252032522,0.010051169590643274,0.36839876622450435,13.0
