sj,jg,ei,ie,og,ch,ec,gi,ih,hi,sh,ci,ig,cg,es,ee,js,eh,hh,se,hs,ii,eg,gg,ge,sg,si,cs,os,is,gs,ss,TimeFactor
0.0,0.0,0.0,0.0,0.0,0.0,0.0,0.0,0.0,0.0,0.0,0.0,0.0,0.0,0.0,0.0,0.0,0.0,0.0,0.0,0.0,0.0,0.004166666666666667,0.004166666666666667,0.008333333333333333,0.011111111111111112,0.011111111111111112,0.020833333333333332,0.020833333333333332,0.03472222222222222,0.060416666666666674,0.657638888888889,1.0
0.0,0.0,0.0,0.0,0.0,0.0,0.0,0.0,0.0,0.0,0.0,0.0,0.0,0.0,0.0,0.0,0.004166666666666667,0.010416666666666666,0.010416666666666666,0.010416666666666666,0.014583333333333332,0.020833333333333332,0.0,0.0,0.0,0.0,0.015625,0.004166666666666667,0.020833333333333332,0.009027777777777779,0.014583333333333332,0.7815972222222222,2.0
0.0,0.0,0.0,0.0,0.0,0.0,0.0,0.0,0.001736111111111111,0.001736111111111111,0.001736111111111111,0.001893939393939394,0.003787878787878788,0.006944444444444444,0.008680555555555554,0.008680555555555556,0.006944444444444444,0.0,0.0,0.008680555555555556,0.012152777777777778,0.012310606060606062,0.0,0.0,0.0,0.000992063492063492,0.014046717171717174,0.007936507936507936,0.0,0.020833333333333332,0.03792388167388167,0.5929834054834054,3.0
0.0,0.0,0.0,0.0,0.0,0.0,0.002976190476190476,0.00954861111111111,0.0,0.0,0.0,0.0,0.0023148148148148147,0.0,0.0026041666666666665,0.0,0.012731481481481483,0.0,0.0,0.00992063492063492,0.0023148148148148147,0.0026041666666666665,0.006944444444444444,0.023148148148148143,0.0,0.0234375,0.0,0.005952380952380952,0.020833333333333332,0.02273478835978836,0.044849537037037035,0.5570849867724867,4.0
0.0,0.0,0.0,0.0,0.0,0.0016025641025641027,0.0,0.004166666666666667,0.0,0.0,0.0,0.0,0.0020833333333333333,0.0,0.0016025641025641027,0.0,0.0,0.0,0.0,0.0032051282051282055,0.0016025641025641027,0.0020833333333333333,0.0016025641025641027,0.009157509157509158,0.0,0.010347985347985348,0.0,0.01285866910866911,0.004578754578754579,0.018383699633699634,0.02071123321123321,0.40601343101343096,5.0
0.0,0.0,0.0,0.0,0.020833333333333332,0.0,0.0,0.0,0.0,0.0,0.0,0.0,0.0,0.0,0.0,0.0,0.0,0.0,0.0,0.0,0.0,0.010416666666666666,0.0,0.0076388888888888895,0.0,0.011805555555555555,0.015625,0.013310185185185184,0.008680555555555554,0.02025462962962963,0.06805555555555555,0.7400462962962964,6.0
0.0,0.0,0.0016025641025641027,0.004166666666666667,0.0,0.0,0.0,0.0020833333333333333,0.0,0.0,0.0,0.0,0.0,0.0,0.011752136752136752,0.013408119658119659,0.0,0.0,0.0,0.010844017094017092,0.0020833333333333333,0.0076388888888888895,0.0032051282051282055,0.007257326007326008,0.003472222222222222,0.04861111111111111,0.025694444444444447,0.010248778998778999,0.0056547619047619055,0.07651480463980465,0.06360653235653237,0.7021558302808303,7.0
0.0023148148148148147,0.0023148148148148147,0.0,0.0,0.0,0.0,0.0,0.0,0.0,0.0,0.0020833333333333333,0.006944444444444444,0.004050925925925926,0.0,0.0023148148148148147,0.0,0.012731481481481483,0.0,0.0,0.0,0.0020833333333333333,0.006944444444444444,0.0,0.006481481481481481,0.0023148148148148147,0.004166666666666667,0.006944444444444444,0.0020833333333333333,0.012731481481481483,0.010484749455337691,0.03208061002178649,0.7142633442265796,8.0
0.0,0.0,0.0,0.020833333333333332,0.0,0.0,0.0,0.0,0.0,0.0,0.0,0.0,0.0,0.0,0.020833333333333332,0.020833333333333332,0.006944444444444444,0.0,0.0,0.0,0.010416666666666666,0.025462962962962965,0.0023148148148148147,0.0,0.0,0.008680555555555554,0.0023148148148148147,0.019675925925925927,0.010416666666666666,0.008101851851851851,0.04311342592592593,0.6333912037037037,9.0
0.0,0.0,0.0,0.0,0.0,0.0,0.0,0.0,0.0,0.0,0.0,0.0,0.0,0.0,0.003472222222222222,0.0,0.005208333333333333,0.0,0.0,0.0,0.006304824561403508,0.001893939393939394,0.0,0.0,0.0,0.001893939393939394,0.001893939393939394,0.021448032961190855,0.003472222222222222,0.01160037878787879,0.030500612326270216,0.8289782220703273,10.0
0.0,0.0,0.0,0.0,0.0,0.0,0.0,0.0,0.0,0.0,0.0,0.0,0.001893939393939394,0.0,0.0,0.0,0.005208333333333333,0.0,0.0,0.0,0.0,0.0,0.0,0.0,0.0,0.022727272727272724,0.0,0.020833333333333332,0.0,0.0026041666666666665,0.05776515151515151,0.7223011363636364,11.0
0.0,0.0,0.0,0.0,0.0,0.0,0.0,0.0,0.0,0.0,0.0,0.0,0.0,0.0,0.0,0.0,0.03125,0.0,0.0,0.0,0.0,0.002976190476190476,0.0,0.0,0.0,0.005580357142857143,0.002976190476190476,0.013392857142857142,0.0,0.0,0.011160714285714286,0.43266369047619047,12.0
0.0,0.0,0.0,0.0,0.0,0.0,0.0,0.0,0.0,0.0,0.0,0.0,0.0,0.0,0.0020833333333333333,0.0,0.0,0.0,0.0,0.0,0.0,0.0,0.0,0.0020833333333333333,0.0,0.009027777777777779,0.0,0.015625,0.0,0.0,0.006944444444444444,0.4642361111111111,13.0
