oss,sgi,gig,gsg,sis,isg,his,jhi,hgs,shg,gii,ics,jis,ses,sse,sgg,gso,soo,sii,ggs,ssi,iis,hss,sjj,ssj,ssg,sgs,ess,jss,css,iss,gss,sss,TimeFactor
0.0,0.0,0.0,0.0,0.0,0.0,0.0,0.0,0.0,0.0,0.0,0.0,0.0,0.0,0.0,0.0,0.0,0.0,0.0,0.0,0.0,0.0,0.0,0.0,0.0,0.0,0.0,0.003472222222222222,0.010416666666666666,0.013888888888888888,0.020833333333333332,0.08564814814814814,0.5324074074074073,1.0
0.0,0.0,0.0,0.0,0.0,0.0,0.0,0.0,0.0,0.0,0.0,0.0,0.0,0.0,0.0,0.0,0.0,0.0,0.0,0.0,0.0,0.0,0.0,0.009259259259259259,0.009259259259259259,0.027777777777777776,0.05555555555555555,0.0,0.0,0.013888888888888888,0.037037037037037035,0.10532407407407407,0.5752314814814813,2.0
0.0,0.0,0.0,0.0,0.0,0.0,0.0,0.0,0.0,0.0,0.0,0.0,0.0,0.0,0.0,0.0,0.0,0.0,0.0,0.0,0.0,0.027777777777777776,0.027777777777777776,0.0,0.0,0.0,0.0,0.005555555555555556,0.002777777777777778,0.0,0.027777777777777776,0.008333333333333333,0.48333333333333334,3.0
0.0,0.0,0.0,0.0,0.0,0.0,0.0,0.0,0.0,0.0,0.0,0.0,0.0,0.0,0.0,0.0,0.003968253968253968,0.003968253968253968,0.003968253968253968,0.003968253968253968,0.003968253968253968,0.0,0.027777777777777776,0.0,0.0,0.031746031746031744,0.031746031746031744,0.0,0.009259259259259259,0.0,0.023412698412698413,0.03968253968253968,0.5665343915343916,4.0
0.0,0.0,0.0,0.0,0.0,0.0,0.0,0.0,0.0,0.0,0.0,0.0,0.005555555555555556,0.005555555555555556,0.005555555555555556,0.013888888888888888,0.0,0.0,0.0,0.0,0.0,0.0,0.0,0.0,0.0,0.019444444444444445,0.005555555555555556,0.005555555555555556,0.0,0.013888888888888888,0.011111111111111112,0.04953703703703704,0.5310185185185184,5.0
0.0,0.0,0.0,0.0,0.0,0.0,0.004629629629629629,0.004629629629629629,0.006944444444444444,0.006944444444444444,0.009259259259259259,0.013888888888888888,0.0,0.0,0.0,0.0,0.0,0.0,0.0,0.0,0.0,0.009259259259259259,0.0030864197530864196,0.0,0.0,0.05555555555555555,0.03472222222222222,0.0,0.0030864197530864196,0.016975308641975308,0.0462962962962963,0.06712962962962962,0.38425925925925924,6.0
0.0,0.0,0.0,0.0,0.006944444444444444,0.013888888888888888,0.0,0.0,0.0,0.0,0.0,0.0,0.0,0.0,0.0,0.006944444444444444,0.0,0.0,0.0,0.0,0.006944444444444444,0.0,0.0,0.0,0.0,0.006944444444444444,0.013888888888888888,0.006944444444444444,0.0,0.0,0.020833333333333332,0.03333333333333333,0.3833333333333333,7.0
0.0,0.003472222222222222,0.003472222222222222,0.003472222222222222,0.0,0.0,0.0,0.0,0.0,0.0,0.0,0.0,0.0,0.0,0.0,0.003472222222222222,0.0,0.0,0.0,0.003472222222222222,0.0,0.0,0.027777777777777776,0.0,0.0,0.003472222222222222,0.006944444444444444,0.0,0.0,0.0,0.0,0.0625,0.6319444444444444,8.0
0.0,0.0,0.0,0.0,0.0,0.0,0.0,0.0,0.0,0.0,0.0,0.0,0.0,0.0,0.0,0.0,0.0,0.0,0.0,0.0,0.0,0.0,0.0,0.0,0.0,0.0,0.0,0.027777777777777776,0.0,0.0,0.0,0.0,0.3055555555555555,9.0
0.0,0.0,0.0,0.0,0.0,0.0,0.0,0.0,0.0,0.0,0.0,0.0,0.0,0.0,0.0,0.0,0.0,0.0,0.0,0.0,0.0,0.0,0.0,0.0,0.0,0.0,0.0,0.0,0.0,0.0,0.0,0.0,0.5,10.0
0.009259259259259259,0.0,0.0,0.0,0.0,0.0,0.0,0.0,0.0,0.0,0.0,0.0,0.0,0.0,0.0,0.0,0.0,0.0,0.009259259259259259,0.0,0.009259259259259259,0.0,0.0,0.0,0.0,0.0,0.0,0.0,0.0,0.013888888888888888,0.0,0.0,0.4583333333333333,11.0
0.0,0.0,0.0,0.0,0.0,0.0,0.0,0.0,0.0,0.0,0.0,0.0,0.0,0.0,0.0,0.0,0.0,0.0,0.0,0.0,0.0,0.0,0.0,0.0,0.0,0.0,0.013888888888888888,0.0,0.0,0.0,0.0,0.041666666666666664,0.4444444444444444,12.0
0.0,0.0,0.0,0.0,0.0,0.0,0.0,0.0,0.0,0.0,0.0,0.0,0.0,0.0,0.0,0.0,0.0,0.0,0.0,0.009259259259259259,0.0,0.0,0.0,0.0,0.0,0.0,0.0,0.0,0.0,0.0,0.0,0.028703703703703703,0.37870370370370376,13.0
