oe,gh,ce,ic,so,ec,go,ji,si,ge,eh,cg,ci,ei,ch,eg,sc,ig,hg,ih,ee,gi,se,ij,ie,sh,es,gg,hs,jg,ii,sg,os,cs,js,is,gs,ss,TimeFactor
0.0,0.0,0.0,0.0,0.0,0.0,0.0,0.0,0.0,0.0,0.0,0.0,0.0,0.0,0.0,0.0,0.0,0.0,0.0,0.0,0.0,0.0,0.0,0.0,0.0,0.0012254901960784314,0.0024509803921568627,0.0032051282051282055,0.0032051282051282055,0.005208333333333333,0.008333333333333333,0.011160714285714286,0.028244631185807657,0.03452515621633268,0.04606810672987143,0.05759197909933204,0.09883982439129498,0.6166078610931551,1.0
0.0,0.0,0.0,0.0,0.0,0.0,0.0,0.0,0.0,0.0,0.0,0.0,0.0,0.0,0.0,0.0,0.0,0.0,0.0,0.0,0.0,0.0,0.0,0.004629629629629629,0.005208333333333333,0.001736111111111111,0.01999158249158249,0.007954545454545455,0.01909722222222222,0.0,0.0,0.012205387205387205,0.008333333333333333,0.049421296296296297,0.03877314814814815,0.04915824915824916,0.06792929292929294,0.7155618686868688,2.0
0.0,0.0,0.0,0.0,0.0,0.0,0.0,0.0,0.0,0.0,0.0,0.0,0.0,0.0,0.0010964912280701754,0.0010964912280701754,0.0010964912280701754,0.0026041666666666665,0.002976190476190476,0.002976190476190476,0.004629629629629629,0.007233796296296296,0.008333333333333333,0.0,0.004629629629629629,0.0,0.0339224798106377,0.010582010582010581,0.020085369674185463,0.0,0.0,0.0,0.04672619047619048,0.057095329134802815,0.013582634470792365,0.03783162500267764,0.0813424753306786,0.6621594753258773,3.0
0.0,0.0,0.0,0.0,0.0,0.0,0.0016025641025641027,0.0020833333333333333,0.0020833333333333333,0.0021929824561403508,0.0026041666666666665,0.0036858974358974362,0.004629629629629629,0.0046875,0.0,0.0,0.0,0.007659313725490197,0.0,0.0,0.0,0.0053819444444444435,0.010590277777777777,0.0,0.0020833333333333333,0.0,0.05044108851674641,0.006657711161387632,0.028105146487499427,0.0016025641025641027,0.0059829059829059825,0.011342592592592592,0.004629629629629629,0.06767785143849385,0.0122140522875817,0.10835984352334972,0.07429637177121697,0.5794059662674215,4.0
0.0,0.0,0.0,0.0,0.004166666666666667,0.004166666666666667,0.0,0.0,0.003787878787878788,0.0024509803921568627,0.0,0.0,0.0,0.0,0.0,0.0,0.0,0.0024509803921568627,0.0,0.0013440860215053762,0.007575757575757576,0.003787878787878788,0.0055107526881720435,0.0,0.00623885918003565,0.0,0.028920568244447203,0.008700980392156861,0.016143094202866498,0.0,0.010263929618768328,0.01648484374159746,0.02265132962476416,0.06349738694721467,0.016509934391688113,0.08869625461712,0.11105731376910098,0.5755938572914004,5.0
0.0,0.0,0.0016666666666666668,0.0016666666666666668,0.0,0.0,0.0,0.0,0.0014367816091954023,0.012431490047659097,0.0,0.0,0.0,0.0014367816091954023,0.0,0.0014367816091954023,0.0021929824561403508,0.004380252100840336,0.0,0.0,0.004642857142857143,0.0010162601626016261,0.0014367816091954023,0.0,0.0,0.0,0.03730611206512268,0.011174933306188564,0.019215295706708217,0.0,0.001488095238095238,0.017318551281069215,0.012871747889232727,0.040133868355487386,0.023751878139632115,0.08554038735954216,0.1374822420038362,0.5799725869748721,6.0
0.0,0.001893939393939394,0.0,0.0,0.0,0.0,0.0,0.0,0.0,0.0015432098765432098,0.0,0.0,0.0,0.0,0.0,0.0,0.0,0.003472222222222222,0.0,0.0,0.001984126984126984,0.0,0.005421276254609589,0.0,0.0015432098765432098,0.010416666666666666,0.03459221090800038,0.0032661782661782663,0.03162547329213996,0.0,0.0,0.006413339746673079,0.001984126984126984,0.030267957351290686,0.009743687923512484,0.08604118834381991,0.181276743886393,0.5885144420232139,7.0
0.0,0.0,0.0,0.0,0.0,0.0,0.0,0.0,0.0067708333333333336,0.001893939393939394,0.0,0.0,0.0,0.0,0.0,0.0,0.0,0.006481481481481481,0.0,0.0,0.0,0.0,0.005208333333333333,0.0,0.0,0.0,0.034895544270544275,0.027688341750841755,0.012352693602693601,0.0,0.007846320346320346,0.0203125,0.0046717171717171714,0.01586295648795649,0.019535094535094537,0.07169011544011546,0.13365621646871648,0.547800579050579,8.0
0.0,0.0,0.0,0.0,0.0,0.0,0.0,0.0,0.05704365079365079,0.001388888888888889,0.0,0.0,0.0,0.0,0.0,0.0,0.0,0.009722222222222222,0.0,0.0,0.0,0.009424603174603174,0.0,0.0,0.003472222222222222,0.0,0.019345238095238092,0.004861111111111111,0.02261904761904762,0.0,0.0,0.003472222222222222,0.01240079365079365,0.013268849206349206,0.010069444444444443,0.07415674603174603,0.17817460317460318,0.5805803571428572,9.0
0.0,0.0,0.0,0.0,0.0,0.0,0.0,0.0,0.0,0.002777777777777778,0.0,0.0,0.0,0.0,0.0,0.0,0.0,0.005952380952380952,0.0,0.0,0.0,0.0,0.0,0.0,0.0,0.0,0.011458333333333333,0.015674603174603174,0.017676767676767676,0.0,0.0,0.014880952380952378,0.0,0.012847222222222223,0.012468434343434342,0.12142432730668025,0.07569444444444444,0.7091447563874035,10.0
0.005952380952380952,0.0,0.0,0.0,0.0,0.0,0.0,0.0,0.005208333333333333,0.0,0.0,0.005952380952380952,0.0,0.0,0.0,0.0,0.0,0.0,0.0,0.0,0.0,0.0,0.010416666666666666,0.0,0.0,0.0,0.026488095238095238,0.004166666666666667,0.004166666666666667,0.0,0.0,0.0,0.010416666666666666,0.02395833333333333,0.0,0.057183706816059755,0.08566521305491892,0.6770915563194975,11.0
0.0,0.0,0.0,0.0,0.0,0.0,0.0,0.0,0.0,0.0,0.0,0.0,0.0,0.0,0.0,0.0,0.0,0.004166666666666667,0.0,0.0,0.0,0.0,0.0,0.0,0.0,0.0,0.0,0.0,0.0,0.0,0.0,0.01652930402930403,0.0,0.005952380952380952,0.003472222222222222,0.03695436507936508,0.04700473137973138,0.7192536630036631,12.0
0.0,0.005952380952380952,0.0,0.0,0.0,0.0,0.0,0.0,0.0,0.0,0.0,0.0,0.0,0.0,0.0,0.0,0.004629629629629629,0.0,0.0,0.0,0.0,0.0,0.0,0.0,0.0,0.001984126984126984,0.012962962962962963,0.008730158730158729,0.001984126984126984,0.0,0.0,0.0023148148148148147,0.010317460317460317,0.014583333333333332,0.001984126984126984,0.034656084656084656,0.02888558201058201,0.7876818783068784,13.0
