je,oe,gh,jg,eh,og,oi,ce,hg,ic,go,jj,jh,sj,cg,jc,so,sc,ie,hh,oo,oh,ih,hi,ci,sh,he,ji,gi,ig,ei,eg,os,ee,js,ge,hs,si,ii,ec,cc,es,se,cs,is,gg,sg,gs,ss,TimeFactor
0.0,0.0,0.0,0.0,0.0,0.0,0.0,0.0,0.0,0.0,0.0,0.0,0.0,0.0,0.0,0.0,0.0,0.0,0.0,0.0,0.0,0.0,0.0,0.0,0.0,0.0,0.0,0.0,0.0,0.0,0.0,0.0,0.0,0.0,0.0,0.0,0.0,0.0,0.0,0.00043402777777777775,0.00043402777777777775,0.006944444444444444,0.007378472222222221,0.01283068783068783,0.013888888888888888,0.017460317460317457,0.029249338624338622,0.03196924603174603,0.5460772156084656,1.0
0.0,0.0,0.0,0.0,0.0,0.0,0.0,0.0,0.0,0.0,0.0,0.0,0.0,0.0,0.0,0.0,0.0,0.0,0.0,0.0,0.0,0.0,0.0,0.0,0.0,0.0,0.0,0.0,0.0018115942028985507,0.0018115942028985507,0.0023148148148148147,0.0023148148148148147,0.0025252525252525255,0.0025252525252525255,0.0036231884057971015,0.00484006734006734,0.005050505050505051,0.00989057239057239,0.017466329966329967,0.0,0.0,0.0008333333333333334,0.0023148148148148147,0.0,0.0023148148148148147,0.036559447999665394,0.016223871740176088,0.037905922579835626,0.6830071418114897,2.0
0.0,0.0,0.0,0.0,0.0,0.0,0.0,0.0,0.0,0.0,0.0,0.0,0.0,0.0,0.0,0.0,0.0,0.0,0.0,0.0,0.0,0.0014367816091954023,0.0014367816091954023,0.0014367816091954023,0.0014367816091954023,0.0014367816091954023,0.007575757575757576,0.007575757575757576,0.0,0.018535697107125677,0.0,0.0017006802721088435,0.0,0.01721938775510204,0.0,0.0017006802721088435,0.019088669950738917,0.030685698173382903,0.0028735632183908046,0.0,0.0,0.00927643784786642,0.006909013605442177,0.006645114942528736,0.02312711918623249,0.05996315192743764,0.036696923196307435,0.03243169437750718,0.544144078303561,3.0
0.0,0.0,0.0,0.0,0.0,0.0,0.0,0.0,0.0,0.0,0.0,0.0,0.0,0.0,0.000925925925925926,0.0012626262626262627,0.0012626262626262627,0.0025252525252525255,0.0032850434166223643,0.003787878787878788,0.007575757575757576,0.0,0.0,0.0,0.0025252525252525255,0.0036934265131939553,0.0,0.0,0.0025584795321637425,0.0014619883040935672,0.0020224171539961013,0.0,0.0012626262626262627,0.004713804713804714,0.0010964912280701754,0.0010964912280701754,0.0033567261764936187,0.006085771010801611,0.007933553198241081,0.0,0.0012626262626262627,0.012978468899521528,0.011122186780081518,0.006052544003890392,0.01319635048980214,0.013723732634381348,0.015120065403113137,0.01908028675164538,0.5990316001714411,4.0
0.0,0.0,0.0,0.0,0.0,0.00033738191632928474,0.0005630630630630631,0.0005630630630630631,0.0005630630630630631,0.0010683760683760683,0.0010683760683760683,0.0010683760683760683,0.008138820638820638,0.008138820638820638,0.0010683760683760683,0.0,0.0,0.00033738191632928474,0.0016891891891891893,0.0010683760683760683,0.0,0.0,0.0005630630630630631,0.0010683760683760683,0.0005630630630630631,0.0005630630630630631,0.0,0.0010683760683760683,0.003328748065590171,0.005993436542635628,0.0005630630630630631,0.003565133456437804,0.0014057579847053532,0.01478138969557734,0.0011904761904761904,0.0021489761192278354,0.009264946764946765,0.008169114748062117,0.003328748065590171,0.0,0.0,0.006920888499835868,0.01004505901531073,0.006637457295352031,0.02772992077911986,0.01709571240463689,0.026812326354660448,0.03189643830376097,0.3729571348278442,5.0
0.0,0.0,0.0,0.0,0.0010431557392883359,0.0,0.0,0.0,0.0004604051565377532,0.0,0.0,0.0,0.0,0.0,0.0,0.0,0.0,0.001232010094809358,0.0016924152513471114,0.004496480267121047,0.0,0.0,0.0,0.0004604051565377532,0.0015432098765432098,0.003242836388995663,0.0,0.0,0.002003615033080963,0.0021331717203991346,0.0007716049382716049,0.000778816199376947,0.0,0.005769552730878698,0.002322026075920157,0.0004604051565377532,0.0027087110420443753,0.010109967967836163,0.01471613613293619,0.0,0.0013812154696132596,0.004489269006015706,0.0057967642852154305,0.0040144413272672685,0.01397520392029953,0.023805995533031213,0.025250390264546646,0.04305810962860756,0.48895035230360784,6.0
0.0,0.0,0.0,0.00017692852087756547,0.00017692852087756547,0.0,0.0,0.0,0.00017692852087756547,0.0,0.0,0.008333333333333333,0.0,0.007253086419753086,0.0,0.0,0.0,0.002976190476190476,0.0037698572165308485,0.0008846426043878273,0.0,0.0,0.00035385704175513094,0.0,0.0,0.0,0.00017692852087756547,0.0,0.0006167382194628071,0.00035385704175513094,0.00035385704175513094,0.00806823733762859,0.0030864197530864196,0.00035385704175513094,0.010030864197530864,0.0015658174097664542,0.002976190476190476,0.008440802061077736,0.014173286137510857,0.0,0.0,0.006304007229449439,0.002005627108351696,0.01439594356261023,0.005158777998798895,0.04549627214237715,0.02482967739528048,0.03234848527534068,0.6284959347281442,7.0
0.0,0.0,0.0009689922480620155,0.0,0.0,0.0,0.0,0.0,0.0,0.0,0.0,0.0,0.0,0.0,0.0,0.0,0.0,0.0036231884057971015,0.007575757575757576,0.001937984496124031,0.0,0.0,0.0,0.0,0.0,0.0009689922480620155,0.0,0.0,0.0003676470588235294,0.0003676470588235294,0.0,0.0,0.0,0.02461007130124777,0.0012140902872777018,0.0036231884057971015,0.0029069767441860465,0.01908013838886821,0.0011029411764705882,0.0,0.0,0.011566593040378206,0.007781862745098039,0.017663043478260868,0.021632432408428617,0.014133789213950249,0.02335120847482455,0.041034019028597976,0.6278227695484976,8.0
0.0,0.0007374631268436578,0.0007374631268436578,0.0,0.0007374631268436578,0.0,0.0,0.0,0.0,0.0,0.0,0.0,0.0,0.0,0.0020325203252032522,0.0,0.0020325203252032522,0.01869918699186992,0.0,0.004705717095097626,0.0,0.0,0.0,0.0,0.0,0.0008250825082508251,0.0,0.0,0.00028538812785388126,0.0017625857959277446,0.0,0.0,0.0020325203252032522,0.0020325203252032522,0.0009277218787462453,0.0020325203252032522,0.007840589774217267,0.004532569247974655,0.004253642096107849,0.0,0.03536585365853659,0.007209694738456819,0.0051771744132535664,0.020634920634920634,0.017039408496910494,0.024210270428620246,0.021944015167785578,0.026305492785362983,0.6192390284868932,9.0
0.0,0.0,0.0009157509157509159,0.0,0.0009157509157509159,0.0,0.0,0.0,0.006944444444444444,0.0,0.0,0.0,0.0,0.0,0.0013227513227513227,0.0,0.0,0.0013227513227513227,0.0031542531542531546,0.0027472527472527475,0.0,0.0,0.0013227513227513227,0.0008333333333333334,0.0026455026455026454,0.00953682927504917,0.0,0.0,0.0026455026455026454,0.0035612535612535613,0.0,0.0031542531542531546,0.0,0.004578754578754579,0.0004363001745200698,0.0013520510902709857,0.005320305058524953,0.019947688313749216,0.010177278491680835,0.0,0.0,0.004733068192558831,0.003381017102287845,0.007777777777777777,0.020785843998303206,0.04355643438665633,0.03688427160784897,0.03845850042250778,0.5115883280439579,10.0
0.0,0.0,0.0,0.0,0.0,0.0,0.0,0.0,0.0,0.0,0.0,0.0,0.0,0.0,0.0,0.0,0.0,0.0023809523809523807,0.0013440860215053762,0.0028872958980485862,0.0,0.0,0.0,0.0,0.0,0.001186446302933758,0.0,0.0,0.0006720430107526881,0.0026881720430107525,0.0,0.001186446302933758,0.0,0.003956723148163165,0.001572327044025157,0.0008914771986667413,0.0,0.013444732957640286,0.01496700233259373,0.0,0.0,0.009533054559936279,0.008188968538430904,0.008486943164362519,0.0183555912445264,0.06275493335504519,0.03793741956828585,0.045889294590691965,0.7616760903374945,11.0
0.0,0.0,0.0,0.0,0.0,0.0,0.0,0.0,0.0,0.0,0.0,0.0,0.0,0.0,0.0,0.0,0.0016666666666666668,0.0,0.0,0.005,0.0,0.0,0.0,0.0007936507936507938,0.0,0.004126984126984127,0.0,0.0,0.0,0.0024603174603174604,0.0,0.0,0.0016666666666666668,0.004831932773109244,0.0,0.0008169934640522876,0.0033333333333333335,0.004512916277622159,0.0,0.0,0.0,0.020488639900404608,0.020488639900404608,0.016666666666666666,0.012880485527544352,0.04221141248883648,0.029382484925096958,0.03207113336450503,0.4632677423308053,12.0
0.0021929824561403508,0.0,0.0,0.0,0.0,0.0,0.0,0.0,0.0,0.0,0.0,0.0,0.0,0.0,0.0,0.0,0.0,0.0,0.0,0.010416666666666666,0.0,0.0,0.001736111111111111,0.0,0.0,0.0,0.0,0.0,0.0006775067750677508,0.0,0.0,0.0,0.0,0.0043859649122807015,0.0,0.0005341880341880341,0.0,0.0059053835730665,0.0037784031686470716,0.0,0.0,0.007486861305860022,0.004759690815531637,0.005208333333333333,0.008021049340048056,0.03663919609843872,0.03967409044029711,0.047324499687304566,0.40459240561535176,13.0
