hh,ie,he,ge,jg,js,gc,gh,hg,hs,ih,ee,cs,sh,hi,eg,os,ei,ii,es,se,gg,so,oo,sg,ig,si,gi,gs,is,ss,TimeFactor
0.0,0.0,0.0,0.0,0.0,0.0,0.0,0.0,0.0,0.0,0.0,0.0,0.0,0.0,0.0,0.0,0.0,0.0,0.0,0.0,0.0,0.0,0.0,0.0,0.003968253968253968,0.008333333333333333,0.008333333333333333,0.008333333333333333,0.014153439153439154,0.028968253968253966,0.5945767195767196,1.0
0.0,0.0,0.0,0.0,0.0,0.0,0.0,0.0,0.0,0.0,0.0,0.0,0.0,0.0,0.0,0.0,0.0,0.0,0.0,0.0,0.0,0.0,0.0030864197530864196,0.006172839506172839,0.01349975679243972,0.0,0.0,0.003703703703703704,0.015271093346384969,0.003703703703703704,0.8712291498611754,2.0
0.0,0.0,0.0,0.0,0.0,0.0,0.0,0.0,0.0,0.0,0.0,0.0,0.0,0.0,0.0,0.0,0.0,0.0,0.0,0.0021367521367521365,0.0021367521367521365,0.04487179487179488,0.0,0.0,0.021844072882135166,0.013888888888888888,0.017307692307692305,0.0,0.027196304272428837,0.019444444444444445,0.6011732980591112,3.0
0.0,0.0,0.0,0.0,0.0,0.0,0.0,0.0,0.0,0.0,0.0,0.0,0.0008169934640522876,0.0008169934640522876,0.0008169934640522876,0.002777777777777778,0.003962034134447927,0.004440181869849389,0.015647078421573528,0.004440181869849389,0.00806337027564649,0.014239353476476535,0.0,0.0,0.03844193462071766,0.0036231884057971015,0.019390778095800584,0.0,0.06137792056175204,0.02602955429593581,0.5451156658022189,4.0
0.0,0.0,0.0,0.0,0.0,0.0,0.0,0.0,0.0,0.0,0.0025252525252525255,0.0032051282051282055,0.0,0.0,0.0025252525252525255,0.0025252525252525255,0.0,0.0,0.005050505050505051,0.014037698412698413,0.007466491841491841,0.024854649854649854,0.0,0.0,0.04285055222555223,0.0011261261261261261,0.0025252525252525255,0.0025252525252525255,0.07610198547698548,0.006176631176631177,0.6398373023373024,5.0
0.0,0.0,0.0,0.0,0.0,0.0021367521367521365,0.0025252525252525255,0.004629629629629629,0.004629629629629629,0.004629629629629629,0.0,0.011460761460761462,0.0025252525252525255,0.004629629629629629,0.0,0.0,0.0025252525252525255,0.0,0.004629629629629629,0.0,0.004662004662004662,0.04301346801346801,0.0,0.0,0.026946548821548816,0.004629629629629629,0.021729312354312354,0.0,0.048085016835016835,0.02849569412069412,0.6114502395752396,6.0
0.0,0.0,0.0015432098765432098,0.0032051282051282055,0.01574074074074074,0.0,0.0,0.0,0.0,0.0,0.0,0.012591575091575094,0.0,0.0,0.0,0.0,0.0,0.0,0.004464285714285714,0.016343759726112666,0.0048831569664903,0.026437519452225333,0.0,0.0,0.030219081934768206,0.0033399470899470895,0.004519400352733686,0.001488095238095238,0.0746389367712897,0.020260141093474425,0.5303250217465904,7.0
0.0,0.0,0.0,0.0,0.0,0.0,0.0,0.0,0.0,0.004629629629629629,0.0,0.0,0.0,0.0,0.0,0.0,0.0036231884057971015,0.0,0.0,0.0007541478129713424,0.0003770739064856712,0.04450662856235612,0.0,0.0,0.034828149022522424,0.0018390622105792385,0.004629629629629629,0.0014619883040935672,0.03195502418143419,0.0161050250059538,0.6886237866618806,8.0
0.0,0.0,0.0,0.00041050903119868636,0.0,0.0029616013071895424,0.0,0.0,0.00041050903119868636,0.0030864197530864196,0.0,0.0012315270935960591,0.0,0.00041050903119868636,0.0,0.0,0.0,0.0,0.007799671592775041,0.005966064586754242,0.00041050903119868636,0.06434444858621463,0.0,0.0,0.03104041246087649,0.0012315270935960591,0.005090739600437876,0.00041050903119868636,0.04157462814267922,0.02019908178788757,0.7300879995055801,9.0
0.0,0.002506407357153626,0.0,0.0025252525252525255,0.0,0.005208333333333333,0.0,0.0,0.0,0.0,0.0,0.006313131313131313,0.0002834467120181406,0.0,0.0,0.0,0.0,0.003787878787878788,0.014204545454545456,0.009241968497032464,0.005031659882406152,0.03743267954355375,0.0,0.0,0.037928091259647766,0.0038608877894592184,0.013070020599338296,0.005315106594424292,0.06967017657316164,0.015300206698127808,0.684986873746202,10.0
0.001736111111111111,0.0,0.0,0.001736111111111111,0.0,0.001736111111111111,0.0,0.0,0.001736111111111111,0.0023505257502494437,0.0,0.006944444444444444,0.0,0.0036740956072351416,0.0,0.001937984496124031,0.0,0.0,0.0012868504749307616,0.008100656855568825,0.005902777777777778,0.06878078672354827,0.0,0.0,0.042155190623458766,0.0008250825082508251,0.0013360771874852855,0.000275027502750275,0.04122572096147452,0.00574696826415064,0.6358466997114399,11.0
0.0009832841691248771,0.0005274261603375527,0.0,0.00665607745253763,0.0,0.0,0.0,0.0,0.0,0.004389004389004389,0.0,0.024790126055948842,0.0,0.0002458210422812193,0.0,0.00032299741602067185,0.0,0.0,0.0037596159407715887,0.009154150747071101,0.010914760914760915,0.02202599948820663,0.0,0.0,0.029802629383897845,0.0032212445003142677,0.0034947950504891534,0.005354928080862729,0.0428725226317086,0.007864799591492326,0.5736198169851697,12.0
0.0,0.0,0.0,0.000859106529209622,0.0,0.0,0.0,0.0,0.0,0.0,0.0,0.0,0.00034153005464480874,0.0,0.0,0.0,0.0,0.0,0.013501821493624772,0.035910652920962204,0.016666666666666666,0.035033890161066096,0.0,0.0,0.011933045406511689,0.001718213058419244,0.013336337858899967,0.00034153005464480874,0.024350890410549022,0.010689069160422887,0.4186505795577115,13.0
