jc,jh,hi,ce,oh,hg,gh,so,ei,oi,je,sj,eg,sc,og,jo,hc,eo,he,cg,ih,gc,se,ch,ii,oc,sh,gg,io,jj,jg,cc,ee,ge,gi,ci,oj,co,ji,ie,si,js,ig,ic,sg,hs,es,cs,os,is,gs,ss,TimeFactor
0.0,0.0,0.0,0.0,0.0,0.0,0.0,0.0,0.0,0.0,0.0,0.0,0.0,0.0,0.0,0.0,0.0,0.0,0.0,0.0,0.0,0.0,0.0,0.0,0.0,0.0,0.0008169934640522876,0.0008169934640522876,0.0010964912280701754,0.0023148148148148147,0.0023148148148148147,0.0024509803921568627,0.0024509803921568627,0.0024509803921568627,0.002777777777777778,0.002777777777777778,0.004166666666666667,0.004166666666666667,0.004166666666666667,0.004166666666666667,0.004691262469900241,0.004765795206971677,0.005291005291005291,0.006944444444444445,0.009220354808590103,0.010032043120278415,0.018386243386243385,0.032374193880012184,0.03684048579559416,0.05314177381341361,0.0625686335231814,0.7188084930758678,1.0
0.0,0.0,0.0,0.0,0.0,0.0,0.0,0.0,0.0,0.0,0.0,0.0,0.0,0.0,0.0,0.0007183908045977011,0.001488095238095238,0.001488095238095238,0.001488095238095238,0.001488095238095238,0.001488095238095238,0.0016025641025641027,0.002976190476190476,0.0030906593406593405,0.0033386752136752135,0.004885057471264369,0.0007183908045977011,0.01222547208538588,0.0,0.0,0.0,0.0,0.0,0.0,0.0016025641025641027,0.004166666666666667,0.0,0.0,0.0,0.0,0.002206486042692939,0.006621168582375479,0.001488095238095238,0.0,0.007414819376026272,0.0032242063492063495,0.0,0.007662835249042145,0.01606971811713191,0.01976133899625279,0.07990420140204622,0.7295486900551555,2.0
0.0,0.0,0.0,0.0,0.0,0.0,0.0,0.0,0.0,0.0,0.0,0.0013020833333333333,0.001388888888888889,0.001388888888888889,0.003787878787878788,0.0,0.0,0.0,0.0,0.0,0.0,0.0,0.0,0.006944444444444444,0.0,0.0,0.001388888888888889,0.006597222222222222,0.003787878787878788,0.0,0.0,0.0,0.0,0.004427083333333332,0.0031249999999999997,0.0013020833333333333,0.0,0.0,0.0,0.001388888888888889,0.0,0.008039004914004914,0.01357060185185185,0.0,0.006857638888888889,0.009635416666666665,0.004340277777777777,0.021122685185185185,0.005208333333333333,0.025995710784313727,0.08212793759668759,0.7862731632033103,3.0
0.0,0.0,0.0,0.0,0.0,0.0,0.0,0.0,0.0,0.0,0.004629629629629629,0.0,0.001984126984126984,0.008333333333333333,0.0,0.0,0.0,0.0,0.0,0.0,0.001488095238095238,0.0,0.0,0.0,0.0021929824561403508,0.0,0.0,0.001488095238095238,0.0,0.0,0.0,0.0,0.0,0.0,0.0,0.0,0.0,0.0,0.0,0.001984126984126984,0.003472222222222222,0.0107390873015873,0.002976190476190476,0.0,0.001488095238095238,0.014409722222222221,0.014493897306397307,0.01618867243867244,0.018452380952380953,0.04583475734791525,0.04662698412698412,0.8032176005037849,4.0
0.0,0.0,0.0,0.0,0.0,0.0,0.0,0.0,0.0,0.0010683760683760683,0.0,0.0,0.0012626262626262627,0.0,0.0,0.0,0.0,0.0,0.0,0.0,0.004166666666666667,0.0,0.0025252525252525255,0.0,0.0025252525252525255,0.0,0.0,0.011538461538461539,0.0,0.0,0.0,0.0,0.004467754467754468,0.01158008658008658,0.005050505050505051,0.0,0.0,0.0,0.0,0.0021367521367521365,0.0021367521367521365,0.005050505050505051,0.0021367521367521365,0.0,0.005772005772005772,0.009217171717171718,0.00955988455988456,0.011696636696636696,0.0012626262626262627,0.03526473526473526,0.051710789210789206,0.736537074037074,5.0
0.0,0.0,0.0,0.0,0.0,0.0,0.0,0.0,0.0014367816091954023,0.004641909814323607,0.0,0.013888888888888888,0.0,0.0,0.0,0.0,0.0,0.0,0.0,0.0,0.0,0.0,0.0014367816091954023,0.0,0.004310344827586207,0.0,0.004598348348348348,0.0028735632183908046,0.0014367816091954023,0.0,0.0,0.0,0.0,0.0,0.0060664112388250325,0.0,0.0,0.0,0.0014367816091954023,0.0,0.010975415070242656,0.0039996893445169305,0.004310344827586207,0.0,0.0025629077353215286,0.007161256083669877,0.004815159987573781,0.028471774161429333,0.03602524938731835,0.05725420380592794,0.0564546642132849,0.745842742609984,6.0
0.0,0.0,0.0,0.0,0.0,0.001388888888888889,0.001736111111111111,0.004166666666666667,0.0,0.0033730158730158727,0.0,0.0,0.0,0.0,0.004166666666666667,0.0,0.0,0.0,0.0,0.0011904761904761904,0.0,0.0,0.0,0.0,0.00376984126984127,0.0,0.0,0.007188644688644688,0.0,0.0,0.0,0.0,0.004166666666666667,0.0,0.008204948646125115,0.0059829059829059825,0.0,0.0,0.0011904761904761904,0.0,0.0,0.014583333333333332,0.008333333333333333,0.0,0.02458925878043525,0.010283119658119658,0.0073717948717948725,0.029505253518411417,0.009831871345029239,0.060150919342095814,0.08485083135818429,0.7039749756177774,7.0
0.0,0.0,0.0012626262626262627,0.0016666666666666668,0.001893939393939394,0.0,0.0,0.0,0.0038596491228070177,0.0,0.0,0.0,0.009826839826839828,0.0016666666666666668,0.0016666666666666668,0.0,0.0,0.0,0.0,0.0033333333333333335,0.0012626262626262627,0.0,0.007874579124579124,0.0,0.0,0.0,0.0016666666666666668,0.01840608465608466,0.0,0.0,0.0012626262626262627,0.0,0.007756132756132756,0.005833333333333334,0.006893939393939394,0.0029292929292929295,0.0,0.0012626262626262627,0.0,0.0034556087187666133,0.007308201058201058,0.007817460317460318,0.0016666666666666668,0.004595959595959596,0.018115079365079365,0.01903242955874535,0.016427210703526495,0.03679539758487126,0.021911217437533225,0.032152698665856565,0.0557521645021645,0.6946456102377155,8.0
0.0,0.0,0.0,0.0,0.0,0.0,0.0016025641025641027,0.0,0.0011574074074074073,0.0,0.0,0.0011574074074074073,0.0011574074074074073,0.0035866910866910865,0.005208333333333333,0.0011574074074074073,0.0,0.0,0.0011574074074074073,0.0016025641025641027,0.0,0.0,0.004166666666666667,0.0,0.005074786324786325,0.0,0.001984126984126984,0.006060606060606061,0.0,0.0011574074074074073,0.0011574074074074073,0.0,0.0,0.004843304843304843,0.00551994301994302,0.0,0.0,0.0,0.001893939393939394,0.0,0.006060606060606061,0.019684944684944684,0.007260101010101011,0.0,0.022870400486679553,0.016576710326710323,0.01528523156430133,0.03931924556924557,0.015137987012987013,0.06382182632182633,0.10192265206800089,0.6424149171242194,9.0
0.0,0.0,0.006102977977977978,0.0012254901960784314,0.002777777777777778,0.0,0.0022522522522522522,0.0,0.002488116458704694,0.0,0.0016025641025641027,0.0011261261261261261,0.0021677927927927928,0.0015046296296296298,0.0,0.0,0.0,0.0,0.0,0.0023042929292929294,0.003472222222222222,0.0,0.0025252525252525255,0.000462962962962963,0.0,0.0,0.000462962962962963,0.008571858571858573,0.002777777777777778,0.0,0.0,0.0,0.0037136066547831252,0.003393282988871224,0.0020520520520520523,0.0,0.0,0.0,0.0,0.0025252525252525255,0.010358486829075064,0.033832209979522354,0.0031781781781781786,0.000462962962962963,0.017719425256189962,0.011554167804167804,0.017365821961410198,0.04809686395639742,0.014313882848365609,0.052863895168661905,0.087271934882229,0.6494729186856469,10.0
0.0,0.0,0.0032051282051282055,0.001736111111111111,0.0,0.0,0.0,0.0,0.008280309250136836,0.0,0.0,0.0013440860215053762,0.0014367816091954023,0.0,0.0,0.0,0.0,0.0,0.0,0.0,0.0011574074074074073,0.0,0.004787457912457912,0.0,0.00900444542685922,0.0,0.0,0.004787457912457912,0.0,0.0,0.005664362519201229,0.0,0.0018518518518518517,0.0,0.0,0.0011574074074074073,0.0,0.0,0.0,0.0014367816091954023,0.005056980056980057,0.038097904932582353,0.013105807825635411,0.0,0.015725709475709473,0.009460761810594957,0.02905686254893708,0.048305892187983396,0.005893300248138958,0.05495247848904689,0.07589036457918548,0.5752710162679573,11.0
0.0016666666666666668,0.0033333333333333335,0.0,0.0,0.0,0.0,0.0,0.0,0.0,0.0,0.0,0.0016666666666666668,0.008333333333333333,0.0,0.0,0.0,0.0,0.0,0.0,0.001388888888888889,0.0,0.0,0.006944444444444444,0.0,0.005295138888888888,0.0,0.0,0.007881944444444445,0.0,0.0008333333333333334,0.0033333333333333335,0.0,0.006944444444444444,0.0013020833333333333,0.0026909722222222218,0.002777777777777778,0.0,0.0,0.0,0.0,0.001388888888888889,0.01843915343915344,0.006128472222222222,0.0,0.015284391534391534,0.024186507936507933,0.04289930555555555,0.03816137566137566,0.007619047619047619,0.04228091931216932,0.11294064153439154,0.6362789351851853,12.0
0.0,0.0,0.0,0.0032051282051282055,0.0,0.0015432098765432098,0.0,0.0,0.006410256410256411,0.0,0.0,0.007834757834757835,0.0015432098765432098,0.008729118104118104,0.0,0.0,0.0,0.0,0.0,0.001893939393939394,0.0,0.0,0.010198135198135198,0.0,0.0,0.0,0.0032051282051282055,0.007834757834757835,0.0,0.0,0.0016025641025641027,0.0,0.0,0.004748338081671415,0.0015432098765432098,0.0,0.0,0.0,0.0,0.0032051282051282055,0.0016025641025641027,0.018225794267460935,0.0031457739791073123,0.0,0.006933652766986101,0.015213567296900632,0.043350168350168354,0.053877449710783044,0.008259680134680134,0.043365006906673574,0.07793614564447897,0.581259982301649,13.0
