sc,ie,sh,hh,ei,ge,eg,ci,gc,cc,gi,ig,ee,hs,hi,se,gg,sg,es,si,js,ii,gs,is,cs,os,ss,TimeFactor
0.0,0.0,0.0,0.0,0.0,0.0,0.0,0.0,0.0,0.0,0.0,0.0,0.0,0.0,0.0,0.0,0.0,0.0,0.0,0.005208333333333333,0.005208333333333333,0.005208333333333333,0.006944444444444444,0.010416666666666666,0.015625,0.01736111111111111,0.43402777777777773,1.0
0.0,0.0,0.0,0.0,0.0,0.0,0.0,0.0,0.0,0.0,0.0,0.0,0.0,0.0,0.0,0.0,0.013888888888888888,0.013888888888888888,0.03125,0.0,0.0,0.0,0.04513888888888889,0.0,0.005208333333333333,0.0,0.640625,2.0
0.0,0.0,0.0,0.0,0.0,0.0,0.0,0.0,0.0,0.0,0.0,0.0,0.0,0.0,0.0,0.020833333333333332,0.0,0.020833333333333332,0.0,0.0,0.0,0.0,0.0625,0.02951388888888889,0.0,0.010416666666666666,0.5225694444444444,3.0
0.0,0.0,0.0,0.0,0.0,0.0,0.0,0.0,0.0,0.0,0.0,0.0,0.0,0.0,0.010416666666666666,0.004166666666666667,0.0076388888888888895,0.014583333333333332,0.009375,0.0,0.009375,0.020833333333333332,0.024305555555555556,0.024305555555555552,0.010416666666666666,0.018055555555555554,0.4298611111111111,4.0
0.0,0.0,0.0,0.0,0.0,0.0,0.0,0.0,0.0,0.0,0.0,0.0,0.005208333333333333,0.008996212121212122,0.0,0.005208333333333333,0.003787878787878788,0.001893939393939394,0.022727272727272724,0.010416666666666666,0.006060606060606061,0.010416666666666666,0.040625,0.02509469696969697,0.014583333333333332,0.020833333333333332,0.5741477272727272,5.0
0.0,0.0,0.0,0.0,0.0,0.0,0.0,0.0,0.0,0.0,0.0,0.0,0.0,0.0,0.0,0.0,0.006944444444444444,0.013888888888888888,0.0,0.0,0.0,0.0,0.027777777777777776,0.018055555555555557,0.004166666666666667,0.0,0.5958333333333333,6.0
0.0,0.0,0.0,0.0,0.0,0.0,0.0026041666666666665,0.004166666666666667,0.004166666666666667,0.004166666666666667,0.004166666666666667,0.004166666666666667,0.0,0.0,0.0,0.0026041666666666665,0.008333333333333333,0.012500000000000002,0.0,0.0,0.008333333333333333,0.0,0.04652777777777778,0.034374999999999996,0.014583333333333332,0.0,0.5993055555555556,7.0
0.0,0.0,0.001893939393939394,0.001893939393939394,0.002976190476190476,0.006944444444444444,0.0,0.0,0.0,0.0,0.0,0.0,0.0,0.011111111111111112,0.002976190476190476,0.0,0.005902777777777778,0.015823412698412698,0.01736111111111111,0.0,0.010416666666666666,0.0,0.023083513708513706,0.020535714285714286,0.001736111111111111,0.002976190476190476,0.7077020202020202,8.0
0.0,0.0,0.0,0.0,0.0,0.0,0.0,0.0,0.0,0.0,0.0,0.0,0.0,0.0,0.0,0.0,0.006944444444444444,0.0,0.0026041666666666665,0.0,0.0234375,0.0,0.0375,0.0,0.0067708333333333336,0.0067708333333333336,0.6659722222222222,9.0
0.0,0.0,0.0,0.0,0.020833333333333332,0.020833333333333332,0.0,0.0,0.0,0.0,0.0,0.005208333333333333,0.0,0.0067708333333333336,0.0,0.0,0.0026041666666666665,0.0026041666666666665,0.010416666666666666,0.005208333333333333,0.0,0.0,0.027777777777777776,0.03732638888888889,0.0026041666666666665,0.0,0.5244791666666667,10.0
0.0,0.0,0.0,0.0,0.0,0.0,0.0,0.0,0.0,0.0,0.0,0.005208333333333333,0.041666666666666664,0.0,0.0,0.026041666666666668,0.036458333333333336,0.03993055555555555,0.005208333333333333,0.005208333333333333,0.0,0.0,0.026041666666666668,0.03125,0.020833333333333332,0.0,0.5121527777777778,11.0
0.0,0.002976190476190476,0.0,0.0,0.0,0.0,0.0,0.0,0.0,0.0,0.006944444444444444,0.002976190476190476,0.0,0.0,0.0,0.0,0.015873015873015872,0.03472222222222222,0.002976190476190476,0.002976190476190476,0.020833333333333332,0.00992063492063492,0.06448412698412699,0.0,0.020833333333333332,0.0,0.314484126984127,12.0
0.010416666666666666,0.0,0.0,0.0,0.0,0.010416666666666666,0.0,0.0,0.0,0.0,0.0,0.0,0.010416666666666666,0.0,0.0,0.0,0.0,0.010416666666666666,0.015625,0.0,0.0,0.0,0.036458333333333336,0.010416666666666666,0.020833333333333332,0.0,0.2916666666666667,13.0
