egg,gse,seg,gjj,sgj,hss,oso,iis,ggi,sso,sos,gsi,sis,iso,esg,sgi,gii,soo,ggs,sjs,jss,ssc,scc,see,sse,cgs,geg,sii,isg,gis,sge,gee,egs,sig,igg,ssi,iss,gsg,oss,ses,jsg,ggg,sgg,ssg,sgs,scs,gss,ess,css,sss,TimeFactor
0.0,0.0,0.0,0.0,0.0,0.0,0.0,0.0,0.0,0.0,0.0,0.0,0.0,0.0,0.0,0.0,0.0,0.0,0.0,0.0,0.0,0.0,0.0,0.0,0.0,0.0,0.0,0.0,0.0,0.0,0.0,0.0,0.0,0.0,0.0,0.0,0.0,0.0,0.0,0.006944444444444444,0.006944444444444444,0.006944444444444444,0.006944444444444444,0.009259259259259259,0.009259259259259259,0.013888888888888888,0.016203703703703703,0.020833333333333332,0.027777777777777776,0.4583333333333333,1.0
0.0,0.0,0.0,0.0,0.0,0.0,0.0,0.0,0.0,0.0,0.0,0.0,0.0,0.0,0.0,0.0,0.0,0.0,0.0,0.0,0.0,0.0,0.0,0.0,0.0,0.0,0.0,0.0,0.0,0.0,0.0,0.0,0.0,0.004629629629629629,0.004629629629629629,0.004629629629629629,0.004629629629629629,0.006944444444444444,0.037037037037037035,0.0,0.0,0.0,0.0,0.006944444444444444,0.027777777777777776,0.0,0.020833333333333332,0.004629629629629629,0.0,0.46064814814814814,2.0
0.0,0.0,0.0,0.0,0.0,0.0,0.0,0.0,0.0,0.0,0.0,0.0,0.0,0.0,0.0,0.0,0.0,0.0,0.0,0.0,0.0,0.0,0.0,0.003472222222222222,0.003472222222222222,0.003968253968253968,0.003968253968253968,0.003968253968253968,0.005555555555555556,0.009523809523809523,0.01091269841269841,0.01091269841269841,0.017857142857142856,0.0,0.0,0.003968253968253968,0.003968253968253968,0.003968253968253968,0.0,0.0,0.0,0.0,0.005555555555555556,0.01091269841269841,0.003968253968253968,0.0,0.04265873015873015,0.0,0.027777777777777776,0.4069444444444444,3.0
0.0,0.0,0.0,0.0,0.0,0.0,0.0,0.0,0.0,0.0,0.0,0.0,0.0,0.0,0.0,0.0,0.0,0.0,0.0,0.005555555555555556,0.005555555555555556,0.006944444444444444,0.006944444444444444,0.0,0.0,0.0,0.0,0.0,0.0,0.0,0.0,0.0,0.0,0.0,0.0,0.0,0.009523809523809523,0.0,0.0,0.0,0.0,0.005555555555555556,0.005555555555555556,0.011111111111111112,0.016666666666666666,0.0,0.029166666666666664,0.0,0.0,0.647420634920635,4.0
0.0,0.0,0.0,0.0,0.0,0.0,0.0,0.0,0.0,0.0,0.0,0.0023148148148148147,0.003968253968253968,0.013888888888888888,0.013888888888888888,0.013888888888888888,0.013888888888888888,0.013888888888888888,0.02546296296296296,0.0,0.0,0.0,0.0,0.0,0.0,0.0,0.0,0.009259259259259259,0.003968253968253968,0.013888888888888888,0.0,0.0,0.0,0.0023148148148148147,0.009259259259259259,0.013227513227513227,0.0,0.009259259259259259,0.004629629629629629,0.0,0.0,0.0,0.027777777777777776,0.027777777777777776,0.0,0.0,0.013888888888888888,0.0,0.009259259259259259,0.42096560846560854,5.0
0.0,0.0,0.0,0.0,0.0,0.0,0.0,0.002777777777777778,0.006944444444444444,0.013888888888888888,0.013888888888888888,0.0,0.0,0.0,0.0,0.0,0.0,0.0,0.0,0.0,0.0,0.0,0.0,0.0,0.0,0.0,0.0,0.0,0.0,0.006944444444444444,0.0,0.0,0.0,0.0,0.0,0.0,0.016666666666666666,0.0,0.041666666666666664,0.0,0.0,0.0,0.03472222222222222,0.03472222222222222,0.0,0.0,0.044444444444444446,0.0,0.0,0.44999999999999996,6.0
0.0,0.0,0.0,0.0,0.0,0.0,0.0,0.0,0.0,0.0,0.0,0.0,0.0,0.0,0.0,0.0,0.0,0.0,0.0,0.0,0.0,0.0,0.0,0.0,0.0,0.0,0.0,0.0,0.0,0.0,0.0,0.0,0.0,0.0,0.0,0.0,0.0,0.0,0.0,0.0,0.0,0.0,0.0,0.0,0.003968253968253968,0.0,0.04563492063492063,0.005555555555555556,0.0,0.5281746031746032,7.0
0.0,0.0,0.0,0.0,0.0,0.0,0.0,0.0,0.0,0.0,0.0,0.0,0.0,0.0,0.0,0.0,0.0,0.0,0.0,0.0,0.0,0.0,0.0,0.0,0.0,0.0,0.0,0.0,0.0,0.0,0.0,0.0,0.0,0.0,0.0,0.0,0.013888888888888888,0.0,0.0,0.0,0.0,0.0,0.0,0.0,0.009259259259259259,0.0,0.032407407407407406,0.0,0.009259259259259259,0.5185185185185185,8.0
0.0,0.0,0.0,0.0,0.0,0.003472222222222222,0.004629629629629629,0.0,0.0,0.0,0.004629629629629629,0.0,0.003968253968253968,0.0,0.0,0.0,0.0,0.0,0.027777777777777776,0.0,0.0,0.0,0.0,0.0,0.0,0.0,0.0,0.0,0.0,0.0,0.0,0.0,0.0,0.0,0.0,0.003968253968253968,0.003968253968253968,0.0,0.013888888888888888,0.0,0.0,0.0,0.003968253968253968,0.009523809523809523,0.005555555555555556,0.0,0.04285714285714285,0.0,0.008101851851851851,0.6136904761904761,9.0
0.0,0.0,0.0,0.0,0.0,0.0,0.0,0.0,0.0,0.0,0.0,0.0,0.0,0.0,0.0,0.0,0.0,0.0,0.0,0.0,0.009259259259259259,0.0,0.0,0.0,0.0,0.0,0.0,0.0,0.0,0.0,0.0,0.0,0.0,0.0,0.0,0.0,0.0,0.0,0.0,0.0,0.0,0.0,0.0,0.009259259259259259,0.02037037037037037,0.0,0.029629629629629627,0.009259259259259259,0.0,0.5888888888888889,10.0
0.004629629629629629,0.004629629629629629,0.004629629629629629,0.013888888888888888,0.013888888888888888,0.0,0.0,0.0,0.0,0.0,0.0,0.0,0.0,0.0,0.0,0.0,0.0,0.0,0.004629629629629629,0.0,0.009259259259259259,0.0,0.0,0.0,0.0,0.0,0.0,0.0,0.0,0.0,0.0,0.0,0.0,0.0,0.0,0.0,0.018518518518518517,0.013888888888888888,0.0,0.0,0.0,0.0,0.004629629629629629,0.0,0.0,0.0,0.032407407407407406,0.0,0.032407407407407406,0.5925925925925927,11.0
0.0,0.0,0.0,0.0,0.0,0.003968253968253968,0.0,0.0,0.0,0.0,0.0,0.0,0.0,0.0,0.0,0.0,0.0,0.0,0.003968253968253968,0.0,0.0,0.0,0.0,0.0,0.0,0.0,0.0,0.0,0.003968253968253968,0.003968253968253968,0.0,0.0,0.0,0.0,0.0,0.0,0.003968253968253968,0.0,0.0,0.0,0.0,0.0,0.003968253968253968,0.003968253968253968,0.003968253968253968,0.0,0.028769841269841265,0.0,0.003968253968253968,0.5188492063492064,12.0
0.0,0.0,0.0,0.0,0.0,0.0,0.0,0.0,0.0,0.0,0.0,0.0,0.0,0.0,0.0,0.0,0.0,0.0,0.0,0.0,0.0,0.0,0.0,0.0,0.0,0.0,0.0,0.0,0.0,0.0,0.0,0.0,0.0,0.0,0.0,0.0,0.0,0.0,0.0,0.0,0.0,0.0,0.0,0.003968253968253968,0.003968253968253968,0.0,0.025727513227513224,0.031746031746031744,0.0,0.5179232804232804,13.0
