se,ec,es,js,cg,os,hs,sh,cc,sc,gi,ig,si,gg,sg,sj,jj,gs,cs,is,ss,TimeFactor
0.0,0.0,0.0,0.0,0.0,0.0,0.0,0.0,0.0,0.0,0.0,0.0,0.0,0.0,0.0,0.0,0.0,0.0,0.01736111111111111,0.020833333333333332,0.37847222222222227,1.0
0.0,0.0,0.0,0.0,0.0,0.0,0.0,0.0,0.0,0.0,0.003472222222222222,0.003472222222222222,0.003472222222222222,0.004166666666666667,0.009375,0.020833333333333332,0.020833333333333332,0.05416666666666667,0.0,0.019791666666666666,0.5270833333333333,2.0
0.0,0.0,0.0,0.0,0.0,0.0,0.0,0.0,0.0023148148148148147,0.0023148148148148147,0.0,0.003472222222222222,0.005787037037037038,0.010416666666666666,0.0,0.0,0.0,0.024305555555555556,0.0,0.009259259259259259,0.8587962962962963,3.0
0.0,0.0,0.0,0.0,0.0,0.003472222222222222,0.020833333333333332,0.020833333333333332,0.0,0.0,0.0,0.005208333333333333,0.020833333333333332,0.0,0.003472222222222222,0.0,0.0,0.008680555555555554,0.0,0.03125,0.5520833333333334,4.0
0.0,0.0,0.0,0.004166666666666667,0.020833333333333332,0.0,0.0,0.0,0.0,0.0,0.0,0.0,0.0,0.035416666666666666,0.024999999999999998,0.0,0.0,0.0625,0.0,0.021527777777777774,0.5805555555555555,5.0
0.0,0.0,0.0,0.0,0.0,0.010416666666666666,0.0,0.0,0.0,0.0,0.0,0.010416666666666666,0.0,0.026041666666666668,0.030381944444444444,0.0,0.0,0.03993055555555555,0.010416666666666666,0.0,0.6223958333333334,6.0
0.006944444444444444,0.006944444444444444,0.010416666666666666,0.0,0.0,0.0,0.0,0.0,0.0,0.0,0.0,0.0,0.0,0.006944444444444444,0.006944444444444444,0.0,0.0,0.006944444444444444,0.006944444444444444,0.0,0.53125,7.0
0.0,0.0,0.0,0.0,0.0,0.0,0.0,0.0,0.0,0.0,0.0,0.0,0.006944444444444444,0.0,0.0,0.0,0.0,0.024305555555555556,0.0,0.027777777777777776,0.607638888888889,8.0
0.0,0.0,0.0,0.002976190476190476,0.0,0.0,0.0,0.0,0.0,0.0,0.0,0.0,0.0,0.0,0.01909722222222222,0.0,0.0,0.04985119047619047,0.0,0.0,0.6780753968253969,9.0
0.0,0.0,0.0,0.020833333333333332,0.0,0.041666666666666664,0.0,0.0,0.0,0.0,0.0,0.0,0.024305555555555556,0.0,0.010416666666666666,0.0,0.0,0.05347222222222222,0.0,0.024305555555555556,0.4916666666666667,10.0
0.0,0.0,0.010416666666666666,0.0,0.0,0.0,0.0,0.0,0.0,0.0,0.0,0.0,0.0,0.0,0.0,0.0,0.0,0.0,0.0,0.0,0.4895833333333333,11.0
0.0,0.0,0.0,0.006944444444444444,0.0,0.006944444444444444,0.0,0.0,0.0,0.0,0.0,0.0,0.0,0.0,0.0,0.0,0.0,0.0078125,0.0,0.0,0.4782986111111111,12.0
0.0,0.0,0.0,0.0,0.0,0.0,0.0,0.0,0.0,0.0,0.0,0.0,0.0,0.0,0.0,0.0,0.0,0.0,0.0,0.0,0.3333333333333333,13.0
