os,sc,cc,ge,ic,cs,jj,eg,hg,gi,ee,hh,js,eh,he,ie,ig,ii,ei,se,hs,sh,gs,sg,es,si,gg,is,ss,TimeFactor
0.0,0.0,0.0,0.0,0.0,0.0,0.0,0.0,0.0,0.0,0.0,0.0,0.0,0.0,0.0,0.0,0.0,0.0,0.006944444444444444,0.006944444444444444,0.006944444444444444,0.006944444444444444,0.012499999999999999,0.012499999999999999,0.013888888888888888,0.013888888888888888,0.013888888888888888,0.020833333333333332,0.13472222222222222,1.0
0.0,0.0,0.0,0.0,0.0,0.0,0.0,0.0,0.0,0.0,0.0,0.0,0.0,0.011904761904761904,0.011904761904761904,0.011904761904761904,0.011904761904761904,0.011904761904761904,0.0,0.0,0.0,0.0,0.035150375939849626,0.05246288798920379,0.008333333333333333,0.011904761904761904,0.07159244264507424,0.0,0.2610323886639676,2.0
0.0,0.0,0.0,0.0,0.0,0.0,0.0,0.0,0.0,0.0,0.0,0.0,0.011904761904761904,0.0,0.0,0.0,0.0,0.03571428571428571,0.0,0.0,0.005208333333333333,0.005208333333333333,0.0,0.0,0.010416666666666666,0.021164021164021163,0.0,0.040393518518518516,0.286656746031746,3.0
0.0,0.0,0.0,0.0,0.0,0.0,0.0,0.0010416666666666667,0.0010416666666666667,0.0010416666666666667,0.004166666666666667,0.03333333333333333,0.0,0.0,0.0,0.0010416666666666667,0.0020833333333333333,0.007291666666666666,0.0,0.0020833333333333333,0.0043859649122807015,0.016666666666666666,0.013701923076923077,0.006810897435897436,0.0020833333333333333,0.006469298245614034,0.017467948717948715,0.02135205802968961,0.3579369095816464,4.0
0.0,0.0,0.0,0.004984492689410722,0.006944444444444444,0.006944444444444444,0.007575757575757576,0.0,0.0,0.0,0.018091862354157436,0.0,0.009828009828009828,0.0,0.0,0.0022522522522522522,0.0022522522522522522,0.0,0.0022522522522522522,0.017530030030030033,0.0,0.0,0.05315192241421749,0.02621473932949343,0.017530030030030033,0.001366120218579235,0.01905183872396987,0.019317007021925056,0.368045877472107,5.0
0.0,0.010416666666666666,0.03125,0.0,0.0,0.0,0.0,0.0,0.0,0.0026041666666666665,0.003787878787878788,0.0,0.0,0.0,0.0,0.0,0.0,0.005050505050505051,0.0,0.0034459175084175088,0.0,0.0,0.024568602693602695,0.027346380471380476,0.013441708754208755,0.0171570228143504,0.04385521885521886,0.04259585800534077,0.35781340705909676,6.0
0.016666666666666666,0.016666666666666666,0.0,0.0,0.0,0.016666666666666666,0.0,0.0,0.0,0.0,0.007575757575757576,0.0,0.0,0.0,0.0,0.0,0.0,0.0,0.0,0.007575757575757576,0.0018115942028985507,0.0018115942028985507,0.01155185394315829,0.003787878787878788,0.003787878787878788,0.009766139657444006,0.007575757575757576,0.019506399397703746,0.3752493882928665,7.0
0.0,0.0,0.0,0.0,0.0,0.0,0.0,0.0,0.0,0.007822685788787484,0.019230769230769232,0.009615384615384616,0.0,0.0,0.0,0.0,0.0,0.029534260466463857,0.0,0.006410256410256411,0.0,0.0016025641025641027,0.061301104733308125,0.02133001179611349,0.016666666666666666,0.006944444444444444,0.009178321678321678,0.0,0.4770301967335866,8.0
0.0,0.0,0.0,0.0,0.0,0.0,0.0,0.0,0.0,0.0,0.020617816091954025,0.0,0.0,0.0,0.0,0.0,0.0,0.0030864197530864196,0.0,0.007830459770114942,0.0,0.0,0.06862957410183797,0.039194523108815965,0.0028735632183908046,0.01275010642826735,0.025382447665056356,0.015623669646658152,0.3873447535491514,9.0
0.0,0.0,0.0,0.0,0.0,0.0,0.0,0.0,0.0,0.006410256410256411,0.03333333333333333,0.0,0.0,0.0,0.0,0.0,0.0,0.004807692307692308,0.0,0.016666666666666666,0.0,0.0,0.036591880341880344,0.030904348919054803,0.0,0.01826923076923077,0.026018099547511313,0.03929110105580694,0.37104072398190047,10.0
0.0,0.0,0.0,0.0,0.0,0.013888888888888888,0.0,0.0,0.0,0.0,0.0,0.0,0.0,0.0,0.0,0.0,0.0,0.0,0.0,0.0,0.0,0.0,0.04362859362859362,0.025223387723387725,0.0,0.0,0.020833333333333332,0.001893939393939394,0.39453185703185706,11.0
0.0,0.0,0.0,0.0,0.0,0.0,0.0,0.0,0.0,0.0,0.011904761904761904,0.0,0.0,0.0,0.0,0.0,0.0,0.011904761904761904,0.0,0.003968253968253968,0.0,0.0,0.007936507936507936,0.007591442374051069,0.0,0.007936507936507936,0.007246376811594203,0.003968253968253968,0.35420979986197376,12.0
0.0,0.0,0.0,0.0,0.0,0.0,0.0,0.0,0.0,0.0,0.0,0.03333333333333333,0.0,0.0,0.0,0.0,0.0,0.0,0.0,0.0,0.0,0.016666666666666666,0.03333333333333333,0.016666666666666666,0.0,0.0,0.0,0.0,0.2333333333333333,13.0
