eih,ese,ihs,eei,sse,eii,igg,ieg,sie,gse,sei,gei,ses,jis,gsh,shs,hsi,ogs,ijj,sij,his,ssi,eis,ish,shg,hgs,cii,gis,ihh,sih,ies,gsi,cis,ees,esg,ges,hss,gsg,ggi,gig,sgg,sos,gso,ggg,sgi,gii,ggs,isg,igs,iis,sig,sii,ess,css,ssg,isi,sgs,gss,iss,gos,sis,oss,jss,sss,TimeFactor
0.0,0.0,0.0,0.0,0.0,0.0,0.0,0.0,0.0,0.0,0.0,0.0,0.0,0.0,0.0,0.0,0.0,0.0,0.0,0.0,0.0,0.0,0.0,0.0,0.0,0.0,0.0,0.0,0.0,0.0,0.0,0.0,0.0,0.0,0.0,0.0,0.0,0.0,0.0,0.0,0.0,0.0,0.0,0.0,0.0,0.0,0.0,0.0,0.0,0.0,0.0,0.0,0.0,0.0,0.013888888888888888,0.013888888888888888,0.013888888888888888,0.013888888888888888,0.013888888888888888,0.027777777777777776,0.027777777777777776,0.027777777777777776,0.027777777777777776,0.3194444444444445,1.0
0.0,0.0,0.0,0.0,0.0,0.0,0.0,0.0,0.0,0.0,0.0,0.0,0.0,0.0,0.0,0.0,0.0,0.0,0.0,0.0,0.0,0.0,0.0,0.0,0.0,0.0,0.0,0.0,0.0,0.0,0.0,0.0,0.0,0.0,0.0,0.0,0.0,0.0,0.0,0.0,0.0,0.0,0.0,0.006944444444444444,0.006944444444444444,0.006944444444444444,0.006944444444444444,0.006944444444444444,0.009259259259259259,0.009259259259259259,0.009259259259259259,0.009259259259259259,0.013888888888888888,0.05555555555555555,0.0,0.0,0.0,0.03009259259259259,0.03935185185185185,0.0,0.0,0.0,0.027777777777777776,0.5115740740740741,2.0
0.0,0.0,0.0,0.0,0.0,0.0,0.0,0.0,0.0,0.0,0.0,0.0,0.0,0.0,0.0,0.0,0.0,0.0,0.0,0.0,0.0,0.0,0.0,0.0,0.0,0.0,0.0,0.0,0.0,0.0,0.0,0.0,0.0,0.006944444444444444,0.006944444444444444,0.006944444444444444,0.006944444444444444,0.006944444444444444,0.013888888888888888,0.013888888888888888,0.020833333333333332,0.027777777777777776,0.027777777777777776,0.0,0.0,0.0,0.0,0.0,0.0,0.0,0.0,0.0,0.006944444444444444,0.03472222222222222,0.0,0.0,0.006944444444444444,0.041666666666666664,0.027777777777777776,0.0,0.0,0.041666666666666664,0.0,0.5347222222222223,3.0
0.0,0.0,0.0,0.0,0.0,0.0,0.0,0.0,0.0,0.0,0.0,0.0,0.0,0.0,0.0,0.0,0.0,0.0,0.0,0.0,0.0,0.0,0.005555555555555556,0.009259259259259259,0.009259259259259259,0.009259259259259259,0.009259259259259259,0.013888888888888888,0.013888888888888888,0.013888888888888888,0.013888888888888888,0.013888888888888888,0.02314814814814815,0.0,0.0,0.0,0.018518518518518517,0.027777777777777776,0.0,0.0,0.014814814814814814,0.0,0.0,0.0,0.0,0.0,0.0,0.005555555555555556,0.0,0.009259259259259259,0.009259259259259259,0.013888888888888888,0.013888888888888888,0.0,0.009259259259259259,0.02314814814814815,0.027777777777777776,0.06203703703703703,0.03425925925925926,0.0,0.0,0.0,0.0,0.42870370370370375,4.0
0.0,0.0,0.0,0.0,0.0,0.0,0.0,0.0,0.0,0.0,0.0,0.0,0.0,0.0,0.0,0.0,0.0,0.0,0.002777777777777778,0.002777777777777778,0.002777777777777778,0.005555555555555556,0.0,0.0,0.0,0.0,0.0,0.0,0.0,0.0,0.0,0.0,0.0,0.0,0.0,0.0,0.002777777777777778,0.0,0.0,0.0,0.002777777777777778,0.0,0.0,0.0,0.0,0.0,0.0,0.0,0.0,0.0,0.0,0.002777777777777778,0.013888888888888888,0.0,0.016666666666666666,0.0,0.013888888888888888,0.06481481481481481,0.05648148148148147,0.0,0.0,0.027777777777777776,0.005555555555555556,0.612037037037037,5.0
0.0,0.0,0.0,0.0,0.0,0.0,0.0,0.0,0.0,0.0,0.0,0.0,0.0,0.0,0.0,0.0,0.002777777777777778,0.002777777777777778,0.0,0.0,0.002777777777777778,0.013888888888888888,0.0,0.0,0.0,0.0,0.0,0.0,0.0,0.0,0.0,0.0,0.009259259259259259,0.0,0.0,0.0,0.0,0.0,0.0,0.0,0.0,0.0,0.0,0.0,0.0,0.0,0.009259259259259259,0.0,0.002777777777777778,0.0,0.002777777777777778,0.016666666666666666,0.016975308641975308,0.0,0.0030864197530864196,0.002777777777777778,0.0030864197530864196,0.07191358024691356,0.06604938271604939,0.0,0.0,0.0,0.0,0.6064814814814814,6.0
0.0,0.0,0.0,0.0,0.0,0.0,0.0,0.0,0.0,0.0,0.0,0.0,0.0,0.002777777777777778,0.013888888888888888,0.013888888888888888,0.0,0.0,0.0,0.0,0.0,0.0,0.0,0.0,0.0,0.0,0.0,0.0,0.0,0.0,0.0,0.0,0.0,0.0,0.0,0.0,0.013888888888888888,0.0,0.0,0.0,0.003472222222222222,0.0,0.0,0.0,0.0,0.0,0.0,0.0,0.0,0.0,0.0,0.0,0.01736111111111111,0.0,0.012499999999999999,0.0,0.009027777777777779,0.06712962962962962,0.056018518518518516,0.0,0.0,0.013888888888888888,0.0,0.6094907407407407,7.0
0.0,0.0,0.0,0.0,0.0,0.0,0.0,0.0,0.0,0.002777777777777778,0.002777777777777778,0.002777777777777778,0.004629629629629629,0.0,0.0,0.0,0.0,0.0,0.0,0.0,0.0,0.0,0.002777777777777778,0.0,0.0,0.0,0.0,0.0,0.0,0.0,0.0,0.0,0.0,0.0,0.0,0.013888888888888888,0.0,0.0,0.0,0.0,0.0,0.0,0.0,0.0,0.0,0.0,0.012037037037037035,0.0,0.0,0.0,0.0,0.0,0.018518518518518517,0.0,0.002777777777777778,0.002777777777777778,0.002777777777777778,0.07129629629629629,0.0699074074074074,0.0,0.0,0.0,0.020833333333333332,0.6027777777777777,8.0
0.0,0.0,0.0,0.0,0.0,0.0023148148148148147,0.0030864197530864196,0.009259259259259259,0.009259259259259259,0.0,0.0,0.0,0.0,0.0,0.0,0.0,0.0,0.0,0.0,0.0,0.0,0.009259259259259259,0.0,0.0,0.0,0.0,0.0,0.0,0.0,0.0,0.0,0.009259259259259259,0.0,0.0,0.009259259259259259,0.0,0.0,0.0030864197530864196,0.0,0.0,0.0030864197530864196,0.0,0.0,0.0,0.0,0.0,0.006172839506172839,0.0,0.0,0.0023148148148148147,0.0,0.009259259259259259,0.006944444444444444,0.0,0.0030864197530864196,0.0,0.02314814814814815,0.07330246913580246,0.013532763532763531,0.0,0.0,0.0,0.0,0.5543684710351376,9.0
0.0,0.0,0.0,0.0,0.013888888888888888,0.0,0.0,0.0,0.0,0.0,0.0,0.0,0.013888888888888888,0.0,0.0,0.0,0.0,0.0,0.0,0.0,0.0,0.0,0.0,0.0,0.0,0.0,0.0,0.0,0.0,0.0,0.0,0.0,0.0,0.0,0.0,0.0,0.004629629629629629,0.0,0.0,0.0,0.009259259259259259,0.0,0.0,0.0,0.0,0.0,0.0,0.027777777777777776,0.0,0.0,0.0,0.0,0.013888888888888888,0.0,0.016203703703703703,0.0,0.03472222222222222,0.09027777777777779,0.05787037037037037,0.0,0.0,0.0,0.0,0.4675925925925926,10.0
0.0,0.0,0.0,0.0,0.0,0.0,0.0,0.0,0.0,0.0,0.0,0.0,0.0,0.0,0.0,0.0,0.0,0.0,0.0,0.0,0.0,0.0,0.0,0.0,0.0,0.0,0.0,0.0,0.0,0.0,0.0,0.0,0.0,0.0,0.0,0.0,0.0,0.0,0.0,0.0,0.0,0.0,0.0,0.0,0.0,0.013888888888888888,0.0,0.0,0.0,0.013888888888888888,0.0,0.0,0.004629629629629629,0.0,0.0,0.0,0.0,0.11574074074074074,0.02314814814814815,0.0,0.0,0.0,0.0,0.49537037037037046,11.0
0.0030864197530864196,0.0030864197530864196,0.0030864197530864196,0.0030864197530864196,0.0,0.0,0.0,0.0,0.0,0.0,0.0,0.0,0.0030864197530864196,0.0,0.0,0.0,0.0,0.0,0.0,0.0,0.0,0.0030864197530864196,0.0,0.0,0.0,0.0,0.0,0.0,0.0,0.0,0.0030864197530864196,0.0,0.0,0.0,0.0,0.0,0.027777777777777776,0.0,0.0,0.0,0.0,0.0,0.0,0.0,0.0,0.0,0.0,0.0,0.0,0.0030864197530864196,0.0,0.0,0.027777777777777776,0.0,0.009259259259259259,0.0,0.012345679012345678,0.040123456790123455,0.016313932980599646,0.0,0.0030864197530864196,0.0,0.027777777777777776,0.4775132275132275,12.0
0.0,0.0,0.0,0.0,0.0,0.0,0.0,0.0,0.0,0.0,0.0,0.0,0.0,0.0,0.0,0.0,0.0,0.0,0.0,0.0,0.0,0.0,0.0,0.0,0.0,0.0,0.0,0.0,0.0,0.0,0.0,0.0,0.0,0.0,0.0,0.0,0.0030864197530864196,0.0,0.0,0.0,0.0030864197530864196,0.0,0.0,0.0,0.0,0.0,0.0,0.0,0.0,0.0,0.0,0.0,0.0,0.0,0.0030864197530864196,0.0,0.0,0.07067901234567901,0.030864197530864196,0.0,0.0,0.0,0.0,0.47253086419753093,13.0
