ji,eg,go,oi,ee,se,hh,gh,gi,jg,gc,cg,hi,ce,so,jh,es,sc,sh,ig,hs,os,gg,sg,ii,si,cs,js,jj,sj,is,gs,ss,TimeFactor
0.0,0.0,0.0,0.0,0.0,0.0,0.0,0.0,0.0,0.0,0.0,0.0,0.0,0.0,0.0,0.0,0.0,0.0,0.0,0.0,0.0,0.0,0.0,0.0,0.006944444444444444,0.006944444444444444,0.006944444444444444,0.009259259259259259,0.013888888888888888,0.013888888888888888,0.02546296296296296,0.06481481481481481,0.35185185185185186,1.0
0.0,0.0,0.0,0.0,0.0,0.0,0.0,0.0,0.0,0.0,0.0,0.0,0.0,0.0,0.0,0.0,0.0,0.0,0.0,0.0,0.006944444444444444,0.012499999999999999,0.031018518518518515,0.031018518518518515,0.0,0.009259259259259259,0.013888888888888888,0.011111111111111112,0.0,0.0,0.041666666666666664,0.04027777777777778,0.46898148148148144,2.0
0.0,0.0,0.0,0.0,0.0,0.0,0.0,0.0,0.0,0.0,0.0,0.0,0.0,0.0,0.0,0.006944444444444444,0.006944444444444444,0.013888888888888888,0.013888888888888888,0.013888888888888888,0.020833333333333332,0.0,0.006944444444444444,0.016203703703703703,0.006944444444444444,0.016203703703703703,0.020833333333333332,0.009259259259259259,0.0,0.016203703703703703,0.0787037037037037,0.0462962962962963,0.539351851851852,3.0
0.0,0.0,0.0,0.0,0.0,0.0,0.0,0.0,0.0,0.0,0.013888888888888888,0.013888888888888888,0.013888888888888888,0.020833333333333332,0.027777777777777776,0.0,0.03009259259259259,0.0,0.0,0.0,0.004629629629629629,0.032407407407407406,0.004629629629629629,0.004629629629629629,0.013888888888888888,0.02314814814814815,0.004629629629629629,0.027777777777777776,0.0,0.0,0.09027777777777775,0.02314814814814815,0.400462962962963,4.0
0.0,0.0,0.0,0.0,0.0,0.0,0.0,0.005555555555555556,0.012499999999999999,0.027777777777777776,0.0,0.0,0.0,0.0,0.0,0.0,0.0,0.0,0.0,0.005555555555555556,0.012499999999999999,0.006944444444444444,0.019444444444444445,0.019444444444444445,0.009259259259259259,0.0,0.0,0.0,0.0,0.0,0.05648148148148147,0.08055555555555555,0.5773148148148148,5.0
0.0,0.0,0.0,0.0,0.006944444444444444,0.006944444444444444,0.027777777777777776,0.0,0.0,0.0,0.0,0.0,0.0,0.0,0.0,0.0,0.0,0.0,0.027777777777777776,0.009259259259259259,0.018055555555555557,0.0,0.006944444444444444,0.006944444444444444,0.0,0.0,0.027777777777777776,0.020833333333333332,0.0,0.0,0.04027777777777777,0.05092592592592592,0.6662037037037037,6.0
0.0,0.0,0.009259259259259259,0.009259259259259259,0.0,0.009259259259259259,0.0,0.0,0.005555555555555556,0.0,0.0,0.0,0.0,0.0,0.013888888888888888,0.0,0.018518518518518517,0.0,0.0,0.013888888888888888,0.003472222222222222,0.05416666666666666,0.02546296296296296,0.02546296296296296,0.027314814814814816,0.027314814814814816,0.014814814814814814,0.0,0.0,0.0,0.09143518518518519,0.07268518518518517,0.5782407407407408,7.0
0.0,0.0,0.0,0.0,0.0,0.009259259259259259,0.0,0.0,0.018518518518518517,0.009259259259259259,0.0,0.0,0.0,0.0,0.0,0.0,0.027777777777777776,0.0,0.0,0.0,0.0,0.0,0.03472222222222222,0.06597222222222222,0.032407407407407406,0.041666666666666664,0.0,0.009259259259259259,0.0,0.0,0.09027777777777778,0.05439814814814814,0.6064814814814815,8.0
0.0,0.0,0.0,0.0,0.0,0.0,0.0,0.0,0.0,0.0,0.0,0.0,0.0,0.0,0.0,0.0,0.0,0.006944444444444444,0.0,0.0,0.0,0.0,0.02314814814814815,0.028703703703703703,0.0,0.009259259259259259,0.018518518518518517,0.0,0.0,0.0,0.020833333333333332,0.07453703703703705,0.40138888888888885,9.0
0.0,0.006944444444444444,0.0,0.0,0.0,0.0,0.0,0.0,0.0,0.0,0.0,0.0,0.0,0.0,0.0,0.0,0.0,0.0,0.0,0.0,0.0,0.013888888888888888,0.039351851851851846,0.0462962962962963,0.020833333333333332,0.006944444444444444,0.009259259259259259,0.0,0.0,0.0,0.037037037037037035,0.05092592592592592,0.6018518518518519,10.0
0.009259259259259259,0.0,0.0,0.0,0.01091269841269841,0.01091269841269841,0.0,0.0,0.0,0.0,0.0,0.0,0.0,0.0,0.0,0.0,0.0,0.0,0.0,0.0,0.0,0.0,0.0248015873015873,0.04894179894179893,0.007936507936507936,0.028108465608465607,0.006944444444444444,0.027777777777777776,0.0,0.0,0.05257936507936508,0.07043650793650795,0.45138888888888884,11.0
0.013888888888888888,0.0,0.0,0.0,0.0,0.0,0.005555555555555556,0.0,0.0,0.0,0.0,0.0,0.0,0.0,0.0,0.0,0.0,0.0,0.005555555555555556,0.013888888888888888,0.013888888888888888,0.0,0.041666666666666664,0.041666666666666664,0.0,0.02314814814814815,0.0,0.0,0.0,0.0,0.0462962962962963,0.06481481481481481,0.4796296296296296,12.0
0.0,0.0,0.0,0.0,0.0,0.013888888888888888,0.0,0.0,0.0,0.0,0.0,0.0,0.0,0.0,0.0,0.0,0.013888888888888888,0.0,0.0,0.0,0.020833333333333332,0.0,0.028769841269841268,0.03273809523809523,0.0,0.0,0.0,0.0,0.0,0.0,0.041666666666666664,0.02711640211640212,0.48776455026455023,13.0
