gc,jg,go,jo,co,ei,hi,jj,ih,hg,io,cg,sj,js,hh,so,jc,he,sh,ie,eg,ge,ji,es,og,ic,gi,ig,gh,hs,ee,se,hc,eh,sc,os,ii,si,ci,gg,cs,is,sg,gs,ss,TimeFactor
0.0,0.0,0.0,0.0,0.0,0.0,0.0,0.0,0.0,0.0,0.0,0.0,0.0,0.0,0.0,0.0,0.0,0.0,0.0,0.0,0.0,0.0,0.0,0.0,0.0,0.0,0.0,0.0,0.003968253968253968,0.003968253968253968,0.005555555555555556,0.005555555555555556,0.009259259259259259,0.009259259259259259,0.009259259259259259,0.013888888888888888,0.013888888888888888,0.020833333333333332,0.02407407407407407,0.03333333333333333,0.04259259259259259,0.04517195767195766,0.0720238095238095,0.14543650793650795,0.541931216931217,1.0
0.0,0.0,0.0,0.0,0.0,0.0,0.0,0.0,0.0,0.0,0.0,0.0,0.0,0.0,0.0,0.0,0.0,0.0,0.0,0.0,0.0,0.0,0.0,0.0,0.003968253968253968,0.003968253968253968,0.009523809523809523,0.027777777777777776,0.0,0.0,0.0,0.0,0.0,0.0,0.0,0.0,0.017857142857142856,0.02182539682539682,0.0,0.030687830687830684,0.020833333333333332,0.06164021164021164,0.026719576719576716,0.11759259259259258,0.5742724867724868,2.0
0.0,0.0,0.0,0.0,0.0,0.0,0.0,0.0,0.0,0.0,0.0,0.0,0.0,0.0,0.0023148148148148147,0.0023148148148148147,0.003968253968253968,0.004629629629629629,0.004629629629629629,0.004629629629629629,0.004629629629629629,0.006944444444444444,0.009259259259259259,0.018518518518518517,0.0,0.0,0.017857142857142856,0.008597883597883597,0.0,0.006944444444444444,0.004629629629629629,0.009259259259259259,0.0,0.0,0.0023148148148148147,0.006283068783068783,0.0,0.0,0.0023148148148148147,0.017195767195767195,0.008597883597883597,0.1011904761904762,0.03802910052910053,0.08134920634920634,0.4669312169312169,3.0
0.0,0.0,0.0,0.0,0.0,0.0,0.0,0.0,0.0,0.0,0.0,0.0030864197530864196,0.004629629629629629,0.004629629629629629,0.0,0.0,0.0,0.0,0.0,0.0,0.0,0.009259259259259259,0.0,0.016203703703703703,0.0,0.0,0.0,0.018738977072310405,0.0,0.009259259259259259,0.009259259259259259,0.009259259259259259,0.0,0.0,0.0,0.006944444444444444,0.008597883597883597,0.0,0.0,0.021439594356261023,0.011022927689594356,0.05489417989417989,0.052303791887125216,0.09716710758377427,0.4966380070546737,4.0
0.0,0.0,0.0,0.0,0.0,0.0,0.0,0.0,0.0023148148148148147,0.002777777777777778,0.005555555555555556,0.0,0.0,0.005555555555555556,0.0,0.0,0.0,0.0,0.001736111111111111,0.00787037037037037,0.015625,0.0,0.0,0.013078703703703703,0.0,0.009259259259259259,0.007291666666666666,0.025810185185185183,0.0,0.004050925925925926,0.007291666666666666,0.007291666666666666,0.0,0.0,0.019444444444444445,0.0,0.009606481481481481,0.024189814814814817,0.002777777777777778,0.029398148148148145,0.02511574074074074,0.06956018518518518,0.02997685185185185,0.13472222222222222,0.3730324074074074,5.0
0.0,0.0,0.0,0.0,0.0,0.0,0.0,0.0,0.006944444444444444,0.0,0.0,0.0,0.005555555555555556,0.00808080808080808,0.0,0.005555555555555556,0.0,0.0,0.0,0.0,0.0,0.0,0.0,0.01712962962962963,0.0,0.0,0.0,0.006944444444444444,0.0,0.03009259259259259,0.0025252525252525255,0.012710437710437708,0.0,0.0,0.0,0.011111111111111112,0.005050505050505051,0.005050505050505051,0.006944444444444444,0.03398569023569024,0.0,0.04898989898989899,0.04114057239057239,0.08026094276094276,0.5885942760942762,6.0
0.0,0.0,0.0,0.0,0.0,0.005555555555555556,0.006172839506172839,0.008928571428571428,0.001984126984126984,0.0,0.0,0.0,0.001984126984126984,0.006944444444444444,0.011111111111111112,0.0,0.0,0.0,0.023456790123456788,0.00753968253968254,0.0,0.0,0.0,0.012841710758377424,0.0,0.0,0.010185185185185184,0.01790123456790123,0.0,0.021494708994708994,0.0,0.0,0.0,0.0,0.0,0.001984126984126984,0.014153439153439154,0.020436507936507933,0.0,0.027777777777777776,0.01878306878306878,0.06215828924162257,0.05041887125220459,0.09111552028218695,0.4937389770723104,7.0
0.0,0.0,0.0,0.0023148148148148147,0.0023148148148148147,0.0,0.0,0.0,0.0,0.0,0.0,0.002777777777777778,0.0,0.0,0.0,0.0,0.0,0.0,0.0,0.0023148148148148147,0.0,0.0,0.0,0.011111111111111112,0.0,0.0,0.0023148148148148147,0.0023148148148148147,0.0,0.008179012345679013,0.0030864197530864196,0.016975308641975308,0.0,0.0,0.0,0.006944444444444444,0.002777777777777778,0.0,0.002777777777777778,0.049999999999999996,0.0,0.022067901234567897,0.0867283950617284,0.09629629629629628,0.5120370370370371,8.0
0.0,0.005555555555555556,0.013888888888888888,0.0,0.0,0.0,0.0,0.003968253968253968,0.0,0.0,0.0,0.0,0.003968253968253968,0.005555555555555556,0.0,0.009259259259259259,0.0,0.0,0.0,0.0,0.0,0.0,0.0,0.01708553791887125,0.0,0.0,0.0015432098765432098,0.0,0.0,0.016313932980599646,0.006944444444444444,0.006944444444444444,0.0,0.0,0.0070987654320987656,0.02314814814814815,0.018518518518518517,0.004629629629629629,0.0,0.04563492063492064,0.02032627865961199,0.03891093474426808,0.06518959435626101,0.0858906525573192,0.43295855379188714,9.0
0.0,0.0,0.0,0.0,0.0,0.0,0.0,0.0,0.0,0.0,0.0,0.0,0.0,0.0,0.0,0.0,0.0,0.0,0.0,0.0,0.0,0.0,0.0,0.0063961988304093555,0.0,0.0,0.005555555555555556,0.005555555555555556,0.0,0.019444444444444445,0.005555555555555556,0.005555555555555556,0.0,0.0,0.0,0.021759259259259256,0.008406432748538011,0.008406432748538011,0.0,0.02908138401559454,0.010721247563352826,0.03847465886939571,0.042653508771929825,0.07727826510721247,0.46515594541910327,10.0
0.013888888888888888,0.0,0.0,0.0,0.0,0.0,0.0,0.0,0.006944444444444444,0.0,0.0,0.0,0.0,0.0,0.005555555555555556,0.0,0.0,0.0,0.0,0.0,0.0,0.005555555555555556,0.0,0.0025252525252525255,0.0,0.0,0.0,0.0,0.0,0.016414141414141412,0.0,0.0,0.0,0.005555555555555556,0.0,0.005555555555555556,0.011111111111111112,0.011111111111111112,0.0,0.01919191919191919,0.013888888888888888,0.03813131313131313,0.02474747474747475,0.048106060606060604,0.35505050505050506,11.0
0.0,0.0,0.0,0.0,0.0,0.0,0.0,0.0,0.0,0.0,0.0,0.0,0.017857142857142856,0.02182539682539682,0.0,0.0,0.0,0.0,0.0,0.0,0.0,0.006944444444444444,0.027777777777777776,0.006944444444444444,0.0,0.0,0.0,0.0,0.0,0.006944444444444444,0.0,0.0,0.0,0.0,0.005555555555555556,0.011111111111111112,0.006944444444444444,0.006944444444444444,0.0,0.024801587301587297,0.011111111111111112,0.032407407407407406,0.022486772486772486,0.04292328042328042,0.24742063492063493,12.0
0.0,0.0,0.0,0.0,0.0,0.0,0.0,0.0,0.0,0.0,0.0,0.0,0.0,0.0,0.0,0.0,0.0,0.0,0.0,0.0,0.0,0.0,0.0,0.0,0.0,0.0,0.0,0.0,0.0,0.0,0.0,0.0,0.0,0.0,0.0,0.0,0.0,0.0,0.0,0.0,0.0,0.006944444444444444,0.013888888888888888,0.05092592592592593,0.34490740740740744,13.0
