ih,ce,ei,hg,gi,so,os,ge,hh,ie,sc,hi,sh,ig,ii,cs,es,ee,gh,eg,se,gg,sg,hs,gs,si,is,js,ss,TimeFactor
0.0,0.0,0.0,0.0,0.0,0.0,0.0,0.0,0.0,0.0,0.0,0.0,0.0,0.0,0.0,0.0,0.0,0.0,0.0,0.0,0.0,0.0,0.0,0.0,0.0,0.016666666666666666,0.016666666666666666,0.03333333333333333,0.18333333333333335,1.0
0.0,0.0,0.0,0.0,0.0,0.0,0.0,0.0,0.0,0.0,0.0,0.0,0.0,0.0,0.0,0.0,0.0,0.0,0.016666666666666666,0.016666666666666666,0.016666666666666666,0.016666666666666666,0.016666666666666666,0.03333333333333333,0.038131313131313134,0.0,0.0,0.007575757575757576,0.420959595959596,2.0
0.0,0.0,0.0,0.0,0.0,0.0,0.0,0.0,0.0,0.0,0.0,0.0,0.0,0.0,0.0,0.0032051282051282055,0.0032051282051282055,0.027472527472527472,0.0,0.0,0.009157509157509158,0.019230769230769232,0.0456959706959707,0.016666666666666666,0.07902930402930403,0.0,0.006410256410256411,0.0,0.28992673992673995,3.0
0.0,0.0,0.0,0.0,0.0,0.0,0.0,0.0,0.0,0.0,0.0,0.0,0.0,0.0,0.014583333333333332,0.004629629629629629,0.016666666666666666,0.016666666666666666,0.0,0.016666666666666666,0.016666666666666666,0.017857142857142856,0.012665343915343914,0.0,0.02546296296296296,0.02291666666666667,0.0394510582010582,0.016666666666666666,0.44576719576719576,4.0
0.0,0.0,0.0,0.0,0.0,0.0,0.0,0.0,0.0,0.0,0.003968253968253968,0.011904761904761904,0.011904761904761904,0.017120098039215687,0.03755952380952381,0.033095238095238094,0.004901960784313725,0.006666666666666667,0.0,0.0,0.006601307189542484,0.014991059316808483,0.018565405722037243,0.003968253968253968,0.040362020594401284,0.03756652661064425,0.05281746031746032,0.003968253968253968,0.5273717804731956,5.0
0.0,0.0,0.0,0.0,0.0,0.0,0.0,0.0,0.0,0.0036231884057971015,0.0,0.0,0.0,0.004166666666666667,0.01920289855072464,0.0,0.008362611623481188,0.0024154589371980675,0.0,0.0,0.0012077294685990338,0.0,0.005050505050505051,0.0,0.02490667545015371,0.011413043478260868,0.014602547211242864,0.013888888888888888,0.3911597862684819,6.0
0.0,0.0,0.0,0.0,0.0,0.0008503401360544217,0.0008503401360544217,0.001893939393939394,0.005952380952380952,0.0,0.010416666666666666,0.0,0.0017006802721088435,0.0017973098330241188,0.0008503401360544217,0.015178571428571428,0.014594928880643168,0.0047619047619047615,0.0,0.0017973098330241188,0.0047619047619047615,0.04743867243867244,0.06310382738954168,0.0013227513227513227,0.09622437029269326,0.0040670308527451385,0.003970401291829863,0.000946969696969697,0.5508526928557985,7.0
0.0,0.0,0.0,0.0017730496453900709,0.0017730496453900709,0.0,0.0,0.0,0.019888991674375578,0.0017730496453900709,0.0,0.0,0.007169287696577244,0.000925925925925926,0.0035460992907801418,0.0,0.013888888888888888,0.005319148936170213,0.0,0.0,0.0,0.0479117415287628,0.025687806215095765,0.0017730496453900709,0.01264604104567102,0.0035460992907801418,0.01843971631205674,0.0,0.41727138794668855,8.0
0.0,0.0011904761904761904,0.004629629629629629,0.0,0.001893939393939394,0.005208333333333333,0.005208333333333333,0.0,0.0,0.0,0.0,0.0,0.005208333333333333,0.007714045214045214,0.001893939393939394,0.007102272727272728,0.011028439153439153,0.005681818181818181,0.0,0.0,0.006523569023569024,0.01296446608946609,0.027429428210678213,0.005208333333333333,0.04807524651274651,0.002935606060606061,0.010120550745550745,0.0,0.5799832401394901,9.0
0.0,0.0,0.0,0.0,0.004340277777777777,0.0,0.0,0.0015432098765432098,0.0,0.0,0.0,0.0,0.0,0.004559517993812083,0.02161751878690284,0.0,0.0070987654320987656,0.008789586688137412,0.0,0.001736111111111111,0.005359299516908212,0.025223791818198265,0.04510884043304455,0.0,0.06232247723530699,0.006709608158883521,0.008932996852309668,0.0,0.6299913316522989,10.0
0.0,0.0,0.0,0.0,0.0022522522522522522,0.0,0.0,0.006410256410256411,0.0,0.0,0.0,0.0,0.0,0.0,0.012820512820512822,0.0,0.008662508662508664,0.021483021483021485,0.0,0.0010162601626016261,0.009678768825110288,0.0075532849923093835,0.0075532849923093835,0.0022522522522522522,0.020254575132623912,0.006410256410256411,0.0045045045045045045,0.0,0.3891482610994806,11.0
0.004901960784313725,0.0,0.0,0.0,0.0,0.0,0.0,0.0,0.0,0.0,0.0,0.0,0.0,0.0,0.006756756756756757,0.0,0.0,0.0,0.0,0.0,0.0,0.014184397163120567,0.011117500479202605,0.004901960784313725,0.011117500479202605,0.013829223466269774,0.011576971214017523,0.0,0.25494706220613605,12.0
0.0,0.0,0.003401360544217687,0.0,0.0,0.0,0.0017006802721088435,0.0017006802721088435,0.0,0.0,0.0,0.0,0.0,0.0,0.003401360544217687,0.0,0.0,0.0,0.0,0.0,0.0,0.00510204081632653,0.003401360544217687,0.0,0.0,0.0017006802721088435,0.003401360544217687,0.0,0.05952380952380953,13.0
