jsi,sso,gis,ssh,hse,egs,igi,gig,isc,his,esc,scc,hee,gse,sgi,ecs,ghs,csh,oss,sgs,ies,sse,isg,esi,gee,ges,ehs,ise,ese,csg,hes,sie,hsh,jss,shh,gsg,ggs,sis,ees,iis,eei,hss,isi,jis,ses,ess,cis,ssg,sgg,eis,cse,scs,see,igs,css,ssi,iss,csi,gsi,gss,sii,sss,TimeFactor
0.0,0.0,0.0,0.0,0.0,0.0,0.0,0.0,0.0,0.0,0.0,0.0,0.0,0.0,0.0,0.0,0.0,0.0,0.0,0.0,0.0,0.0,0.0,0.0,0.0,0.0,0.0,0.0,0.0,0.0,0.0,0.0,0.0,0.0,0.0,0.0,0.0,0.0,0.0,0.0,0.0,0.0,0.0,0.0,0.0,0.0,0.0,0.0,0.0,0.0,0.0,0.0,0.0,0.0,0.0,0.010416666666666666,0.010416666666666666,0.020833333333333332,0.041666666666666664,0.0625,0.07291666666666667,0.19791666666666666,1.0
0.0,0.0,0.0,0.0,0.0,0.0,0.0,0.0,0.0,0.0,0.0,0.0,0.0,0.0,0.0,0.0,0.0,0.0,0.0,0.0,0.0,0.0,0.0,0.0,0.0,0.0,0.0,0.0,0.0,0.0,0.0,0.0,0.0,0.0,0.0,0.0,0.0,0.0,0.0,0.0,0.0,0.0,0.0,0.008333333333333333,0.010416666666666666,0.010416666666666666,0.013888888888888888,0.029166666666666664,0.029166666666666664,0.041666666666666664,0.041666666666666664,0.041666666666666664,0.041666666666666664,0.0625,0.0625,0.0,0.09999999999999999,0.0,0.0,0.09999999999999999,0.0,0.15694444444444444,2.0
0.0,0.0,0.0,0.0,0.0,0.0,0.0,0.0,0.0,0.0,0.0,0.0,0.0,0.0,0.0,0.0,0.0,0.0,0.0,0.0,0.0,0.0,0.0,0.0,0.005208333333333333,0.005208333333333333,0.005208333333333333,0.005208333333333333,0.005208333333333333,0.005952380952380952,0.005952380952380952,0.005952380952380952,0.005952380952380952,0.005952380952380952,0.005952380952380952,0.005952380952380952,0.006944444444444444,0.006944444444444444,0.008333333333333333,0.008333333333333333,0.013541666666666667,0.01949404761904762,0.023313492063492064,0.0,0.0,0.026438492063492063,0.0,0.015625,0.02157738095238095,0.0,0.0,0.005952380952380952,0.01875,0.0,0.0,0.0,0.07331349206349207,0.020833333333333332,0.006944444444444444,0.060664682539682546,0.03819444444444444,0.22375992063492064,3.0
0.0,0.0,0.0,0.0,0.0,0.0,0.0,0.0,0.0,0.0,0.0,0.0,0.0,0.0,0.0,0.0,0.0,0.0,0.0,0.0,0.010416666666666666,0.013888888888888888,0.013888888888888888,0.041666666666666664,0.0,0.0,0.0,0.0,0.0,0.0,0.0,0.0,0.0,0.0,0.0,0.0,0.03472222222222222,0.041666666666666664,0.0,0.013888888888888888,0.0,0.0,0.013888888888888888,0.0,0.013888888888888888,0.024305555555555552,0.0,0.0,0.013888888888888888,0.0,0.0,0.0,0.013888888888888888,0.0,0.041666666666666664,0.0,0.05902777777777777,0.0,0.041666666666666664,0.1111111111111111,0.05555555555555555,0.2743055555555556,4.0
0.0,0.0,0.0,0.0,0.0,0.0,0.0,0.0,0.0,0.0,0.0,0.0,0.0,0.005208333333333333,0.005208333333333333,0.008333333333333333,0.008333333333333333,0.008333333333333333,0.020833333333333332,0.029166666666666664,0.0,0.0,0.027430555555555555,0.008333333333333333,0.0,0.0,0.0,0.005208333333333333,0.013888888888888888,0.0,0.0,0.0,0.0,0.0,0.008333333333333333,0.015625,0.0,0.0,0.0,0.0,0.0,0.008333333333333333,0.0,0.0,0.008333333333333333,0.0,0.0,0.008333333333333333,0.04618055555555556,0.0,0.008333333333333333,0.0,0.024305555555555552,0.0,0.008333333333333333,0.005208333333333333,0.048263888888888884,0.0,0.0,0.053125,0.013541666666666667,0.35347222222222224,5.0
0.0,0.0,0.0,0.0,0.0,0.0,0.0,0.0,0.0,0.0,0.0,0.0,0.013888888888888888,0.0,0.005208333333333333,0.0,0.0,0.0,0.013888888888888888,0.0,0.006944444444444444,0.0,0.005208333333333333,0.0,0.0,0.0,0.0,0.0,0.0,0.0,0.0,0.0,0.0,0.0,0.0,0.0,0.005208333333333333,0.015625,0.013888888888888888,0.0,0.0,0.0,0.0,0.0,0.0,0.006944444444444444,0.0,0.06944444444444443,0.06944444444444443,0.0,0.0,0.07638888888888888,0.0,0.020833333333333332,0.07638888888888888,0.0,0.07291666666666667,0.0,0.013888888888888888,0.140625,0.013888888888888888,0.2760416666666667,6.0
0.0,0.0,0.0,0.0,0.0,0.006944444444444444,0.008333333333333333,0.008333333333333333,0.013888888888888888,0.020833333333333332,0.020833333333333332,0.03472222222222222,0.0,0.020833333333333332,0.0,0.0,0.0,0.0,0.0,0.020833333333333332,0.0,0.0,0.0,0.0,0.0,0.0,0.0,0.0,0.0,0.0,0.0,0.0,0.0,0.041666666666666664,0.0,0.0,0.0,0.0,0.006944444444444444,0.0,0.0,0.041666666666666664,0.0,0.0,0.0,0.006944444444444444,0.020833333333333332,0.013888888888888888,0.013888888888888888,0.0,0.020833333333333332,0.0,0.041666666666666664,0.0,0.041666666666666664,0.029166666666666664,0.09166666666666667,0.0,0.006944444444444444,0.07777777777777778,0.029166666666666664,0.3597222222222222,7.0
0.0,0.0,0.0,0.0,0.013888888888888888,0.0,0.0,0.013888888888888888,0.0,0.0,0.0,0.0,0.0,0.005952380952380952,0.0,0.0,0.0,0.0,0.0,0.016666666666666666,0.0,0.0,0.029166666666666664,0.0,0.0,0.0,0.013888888888888888,0.005952380952380952,0.0,0.0,0.0,0.0,0.0,0.0,0.0,0.0,0.052083333333333336,0.0,0.0,0.0,0.0,0.03472222222222222,0.0,0.0,0.041666666666666664,0.041666666666666664,0.0,0.01736111111111111,0.04652777777777778,0.008333333333333333,0.0,0.0,0.011904761904761904,0.013888888888888888,0.008333333333333333,0.005952380952380952,0.10317460317460318,0.0,0.0,0.08660714285714287,0.005952380952380952,0.2557539682539683,8.0
0.0,0.013888888888888888,0.020833333333333332,0.041666666666666664,0.0,0.0,0.0,0.0,0.041666666666666664,0.0,0.0,0.041666666666666664,0.0,0.0,0.0,0.0,0.0,0.0,0.013888888888888888,0.013888888888888888,0.041666666666666664,0.0,0.004629629629629629,0.0,0.0,0.0,0.0,0.0,0.0,0.0,0.0,0.0,0.0,0.0,0.041666666666666664,0.018518518518518517,0.013888888888888888,0.020833333333333332,0.0,0.0,0.0,0.013888888888888888,0.013888888888888888,0.0,0.004629629629629629,0.06018518518518518,0.0,0.013888888888888888,0.037037037037037035,0.0,0.0,0.0,0.0,0.0,0.0,0.025462962962962965,0.07638888888888888,0.0,0.013888888888888888,0.08796296296296297,0.053240740740740734,0.27083333333333337,9.0
0.0,0.0,0.0,0.006944444444444444,0.0,0.0,0.0,0.0,0.0,0.0,0.0,0.0,0.0,0.0,0.0,0.0,0.0,0.0,0.0,0.041666666666666664,0.0,0.0,0.0,0.0,0.0,0.0,0.0,0.0,0.0,0.0,0.0,0.0,0.0,0.0,0.006944444444444444,0.0,0.041666666666666664,0.041666666666666664,0.0,0.0,0.0,0.0,0.0,0.0,0.020833333333333332,0.020833333333333332,0.0,0.05555555555555555,0.05555555555555555,0.020833333333333332,0.0,0.0,0.0,0.0,0.0,0.05555555555555555,0.0625,0.0,0.0,0.16666666666666666,0.05555555555555555,0.09722222222222221,10.0
0.0,0.0,0.0,0.0,0.0,0.0,0.0,0.0,0.0,0.0,0.0,0.0,0.0,0.0,0.0,0.0,0.0,0.0,0.0,0.052083333333333336,0.041666666666666664,0.0,0.0,0.0,0.0,0.0,0.0,0.0,0.0,0.0,0.0,0.0,0.0,0.0,0.0,0.010416666666666666,0.020833333333333332,0.0,0.0,0.0,0.0,0.0,0.0,0.0,0.0,0.041666666666666664,0.0,0.0,0.0,0.0,0.0,0.0,0.0,0.0,0.0,0.03125,0.020833333333333332,0.0,0.0,0.09375,0.03125,0.07291666666666667,11.0
0.013888888888888888,0.0,0.0,0.0,0.0,0.0,0.0,0.0,0.0,0.0,0.0,0.0,0.0,0.0,0.0,0.0,0.0,0.0,0.0,0.0,0.0,0.013888888888888888,0.0,0.0,0.0,0.0,0.0,0.0,0.0,0.0,0.0,0.0,0.0,0.0,0.0,0.008333333333333333,0.008333333333333333,0.0,0.0,0.0,0.0,0.0,0.0,0.0,0.0,0.0,0.0,0.0,0.0,0.0,0.0,0.0,0.0,0.0,0.0,0.008333333333333333,0.041666666666666664,0.0,0.0,0.08055555555555556,0.022222222222222223,0.30277777777777776,12.0
0.0,0.0,0.0,0.0,0.0,0.0,0.0,0.0,0.0,0.0,0.0,0.0,0.0,0.0,0.0,0.0,0.0,0.0,0.0,0.0,0.0,0.0,0.0,0.0,0.0,0.0,0.0,0.0,0.0,0.0,0.0,0.0,0.0,0.0,0.0,0.0,0.020833333333333332,0.0,0.0,0.0,0.0,0.0,0.0,0.0,0.0,0.0,0.0,0.010416666666666666,0.010416666666666666,0.0,0.0,0.0,0.0,0.010416666666666666,0.0,0.0,0.0,0.0,0.0,0.03125,0.0,0.0,13.0
