gis,sih,cgs,gcs,gsi,his,ggs,ggg,sgh,shg,gsh,hgg,ghh,isg,gjj,sgj,see,sse,iei,chs,seh,eie,ies,gse,igs,sig,igg,csi,ihs,jcs,gjc,sjg,jgs,sie,esi,ees,ese,egg,seg,ssg,sgg,gii,sgi,gsg,soi,hes,eso,ise,iis,ses,esg,sis,cch,chh,ces,cce,icc,hhs,cis,ssi,isi,jss,sii,egs,iss,oss,csg,sgs,ess,hss,css,gss,sss,TimeFactor
0.0,0.0,0.0,0.0,0.0,0.0,0.0,0.0,0.0,0.0,0.0,0.0,0.0,0.0,0.0,0.0,0.0,0.0,0.0,0.0,0.0,0.0,0.0,0.0,0.0,0.0,0.0,0.0,0.0,0.0,0.0,0.0,0.0,0.0,0.0,0.0,0.0,0.0,0.0,0.0,0.0,0.0,0.0,0.0,0.0,0.0,0.0,0.0,0.0,0.0,0.0,0.0,0.0,0.0,0.0,0.0,0.0,0.0,0.0,0.0,0.0,0.0,0.0,0.0,0.0,0.009259259259259259,0.013888888888888888,0.013888888888888888,0.013888888888888888,0.027777777777777776,0.027777777777777776,0.041666666666666664,0.35185185185185186,1.0
0.0,0.0,0.0,0.0,0.0,0.0,0.0,0.0,0.0,0.0,0.0,0.0,0.0,0.0,0.0,0.0,0.0,0.0,0.0,0.0,0.0,0.0,0.0,0.0,0.0,0.0,0.0,0.0,0.0,0.0,0.0,0.0,0.0,0.0,0.0,0.0,0.0,0.0,0.0,0.0,0.0,0.0,0.0,0.0,0.0,0.0,0.0,0.006944444444444444,0.006944444444444444,0.006944444444444444,0.006944444444444444,0.006944444444444444,0.009259259259259259,0.009259259259259259,0.009259259259259259,0.009259259259259259,0.009259259259259259,0.009259259259259259,0.009259259259259259,0.013888888888888888,0.016203703703703703,0.020833333333333332,0.023148148148148143,0.027777777777777776,0.05092592592592592,0.0,0.0,0.006944444444444444,0.006944444444444444,0.020833333333333332,0.06481481481481481,0.03472222222222222,0.4467592592592593,2.0
0.0,0.0,0.0,0.0,0.0,0.0,0.0,0.0,0.0,0.0,0.0,0.0,0.0,0.0,0.0,0.0,0.0,0.0,0.0,0.0,0.0,0.0,0.0,0.0,0.0,0.0,0.0,0.0,0.0,0.0,0.0,0.0,0.0,0.0,0.0,0.0,0.005555555555555556,0.005555555555555556,0.005555555555555556,0.006944444444444444,0.006944444444444444,0.009259259259259259,0.009259259259259259,0.009259259259259259,0.013888888888888888,0.013888888888888888,0.013888888888888888,0.0,0.0,0.0,0.0,0.0,0.0,0.0,0.0,0.0,0.0,0.0,0.0,0.0,0.0,0.0,0.0,0.0,0.006944444444444444,0.013888888888888888,0.0,0.0,0.05092592592592593,0.0,0.020833333333333332,0.013888888888888888,0.5435185185185185,3.0
0.0,0.0,0.0,0.0,0.0,0.0,0.0,0.0,0.0,0.0,0.0,0.0,0.0,0.0,0.0,0.0,0.0,0.0,0.0,0.0,0.0,0.0,0.0,0.0,0.0,0.0,0.0,0.0,0.0,0.004629629629629629,0.004629629629629629,0.004629629629629629,0.004629629629629629,0.027777777777777776,0.027777777777777776,0.027777777777777776,0.0,0.0,0.0,0.013888888888888888,0.013888888888888888,0.0,0.0,0.0,0.0,0.0,0.0,0.0,0.0,0.0,0.0,0.004629629629629629,0.0,0.0,0.0,0.0,0.0,0.0,0.0,0.0,0.004629629629629629,0.009259259259259259,0.0,0.0,0.041666666666666664,0.0,0.0,0.0,0.004629629629629629,0.004629629629629629,0.0462962962962963,0.05092592592592592,0.4537037037037037,4.0
0.0,0.0,0.0,0.0,0.0,0.0,0.0,0.0,0.0,0.0,0.0,0.0,0.0,0.0,0.0,0.0,0.004629629629629629,0.004629629629629629,0.006944444444444444,0.006944444444444444,0.006944444444444444,0.006944444444444444,0.006944444444444444,0.006944444444444444,0.01091269841269841,0.013888888888888888,0.013888888888888888,0.013888888888888888,0.032407407407407406,0.0,0.0,0.0,0.0,0.0,0.0,0.0,0.0,0.0,0.0,0.0,0.003968253968253968,0.0,0.0,0.003968253968253968,0.0,0.0,0.0,0.0,0.0,0.0,0.0,0.0,0.0,0.0,0.0,0.0,0.0,0.0,0.0,0.0,0.0,0.004629629629629629,0.0,0.0,0.022486772486772486,0.027777777777777776,0.0,0.0,0.027777777777777776,0.03935185185185185,0.0,0.05886243386243386,0.5085978835978836,5.0
0.0,0.0,0.0,0.0,0.0,0.0,0.0,0.0,0.0,0.0,0.0,0.0,0.0,0.0,0.027777777777777776,0.027777777777777776,0.0,0.003472222222222222,0.0,0.0,0.0,0.0,0.0,0.003472222222222222,0.0,0.0,0.0,0.0,0.0,0.0,0.0,0.0,0.0,0.0,0.0,0.0,0.0,0.003472222222222222,0.003472222222222222,0.013888888888888888,0.013888888888888888,0.0,0.0,0.0,0.0,0.0,0.0,0.0,0.0,0.003472222222222222,0.027777777777777776,0.0,0.0,0.0,0.0,0.0,0.0,0.0,0.005555555555555556,0.0,0.0,0.0,0.0,0.0,0.06898148148148148,0.0,0.0,0.03125,0.0,0.010416666666666666,0.005555555555555556,0.07407407407407407,0.3423611111111111,6.0
0.0,0.0,0.0,0.0,0.0,0.006944444444444444,0.006944444444444444,0.006944444444444444,0.009259259259259259,0.009259259259259259,0.009259259259259259,0.009259259259259259,0.009259259259259259,0.016203703703703703,0.0,0.0,0.0,0.006944444444444444,0.0,0.0,0.0,0.0,0.0,0.009259259259259259,0.0,0.0,0.0,0.0,0.0,0.0,0.0,0.0,0.0,0.0,0.0,0.0,0.0,0.0,0.0,0.0,0.006944444444444444,0.0,0.0,0.0,0.0,0.0,0.0,0.0,0.006944444444444444,0.03472222222222222,0.0,0.0,0.0,0.0,0.0,0.0,0.0,0.009259259259259259,0.0,0.0,0.0,0.0,0.0,0.0,0.0419973544973545,0.0,0.0,0.018518518518518517,0.041666666666666664,0.0,0.03968253968253968,0.037037037037037035,0.4136904761904762,7.0
0.0,0.0,0.0,0.0,0.0,0.0,0.0,0.013888888888888888,0.0,0.0,0.0,0.0,0.0,0.0,0.0,0.0,0.0,0.0,0.0,0.0,0.0,0.0,0.006944444444444444,0.0,0.0,0.0,0.0,0.0,0.0,0.0,0.0,0.0,0.013888888888888888,0.0,0.0,0.0,0.0,0.0,0.0,0.013888888888888888,0.013888888888888888,0.0,0.0,0.0,0.0,0.0,0.0,0.0,0.0,0.0,0.0,0.0,0.0,0.0,0.0,0.0,0.0,0.0,0.0,0.0,0.0,0.0,0.0,0.0,0.03472222222222222,0.0,0.0,0.0,0.013888888888888888,0.0,0.027777777777777776,0.0810185185185185,0.6134259259259259,8.0
0.0,0.0,0.0,0.006944444444444444,0.013888888888888888,0.0,0.005555555555555556,0.0,0.0,0.0,0.0,0.0,0.0,0.0,0.0,0.0,0.0,0.0,0.0,0.0,0.0,0.0,0.0,0.0,0.013888888888888888,0.0,0.0,0.0,0.0,0.0,0.0,0.0,0.0,0.0,0.0,0.006944444444444444,0.0,0.0,0.0,0.013888888888888888,0.024999999999999998,0.0,0.0,0.005555555555555556,0.0,0.0,0.0,0.0,0.0,0.0,0.0,0.013888888888888888,0.0,0.0,0.0,0.0,0.0,0.0,0.0,0.0,0.0,0.018518518518518517,0.0,0.0,0.0,0.0,0.0,0.019444444444444445,0.04027777777777777,0.0,0.043981481481481476,0.08518518518518518,0.5203703703703704,9.0
0.0,0.0,0.006944444444444444,0.0,0.0,0.0,0.0,0.0,0.0,0.0,0.0,0.0,0.0,0.0,0.0,0.0,0.0,0.0,0.0,0.0,0.0,0.0,0.0,0.0,0.0,0.0,0.0,0.0,0.0,0.0,0.0,0.0,0.027777777777777776,0.0,0.0,0.0,0.0,0.0,0.0,0.0,0.0,0.0,0.0,0.006944444444444444,0.0,0.0,0.0,0.0,0.0,0.0,0.0,0.0,0.0,0.0,0.0,0.0,0.0,0.0,0.0,0.0,0.0,0.013888888888888888,0.0,0.0,0.0,0.013888888888888888,0.0,0.006944444444444444,0.0,0.027777777777777776,0.0,0.07175925925925924,0.49074074074074064,10.0
0.003968253968253968,0.013888888888888888,0.0,0.0,0.003968253968253968,0.0,0.027777777777777776,0.0,0.0,0.0,0.0,0.0,0.0,0.003968253968253968,0.0,0.0,0.0,0.0,0.0,0.0,0.0,0.0,0.0,0.0,0.0,0.0,0.0,0.0,0.013888888888888888,0.0,0.0,0.0,0.0,0.0,0.013888888888888888,0.0,0.0,0.0,0.0,0.0,0.003968253968253968,0.0,0.0,0.0,0.0,0.0,0.0,0.0,0.0,0.0,0.003968253968253968,0.0,0.0,0.0,0.0,0.0,0.0,0.0,0.0,0.0,0.0,0.009259259259259259,0.0,0.0,0.013888888888888888,0.0,0.0,0.031746031746031744,0.0,0.009259259259259259,0.017195767195767195,0.07341269841269842,0.4226190476190475,11.0
0.0,0.0,0.0,0.0,0.0,0.0,0.003472222222222222,0.0,0.0,0.0,0.0,0.0,0.0,0.0,0.0,0.0,0.0,0.0,0.0,0.0,0.0,0.0,0.0,0.0,0.0,0.0,0.0,0.0,0.0,0.0,0.0,0.0,0.0,0.0,0.0,0.0,0.0,0.0,0.0,0.005555555555555556,0.012499999999999999,0.0,0.0,0.003472222222222222,0.0,0.0,0.0,0.0,0.0,0.0,0.0,0.0,0.0,0.0,0.0,0.0,0.0,0.0,0.0,0.0,0.0,0.0,0.0,0.0,0.0,0.0,0.0,0.003472222222222222,0.005555555555555556,0.0,0.027777777777777776,0.024999999999999998,0.4131944444444445,12.0
0.0,0.0,0.0,0.0,0.0,0.0,0.0,0.0,0.0,0.0,0.0,0.0,0.0,0.0,0.0,0.0,0.0,0.0,0.0,0.0,0.0,0.0,0.0,0.0,0.0,0.0,0.0,0.0,0.0,0.0,0.0,0.0,0.0,0.0,0.0,0.0,0.0,0.0,0.0,0.0,0.0,0.0,0.0,0.0,0.0,0.0,0.0,0.0,0.0,0.0,0.0,0.0,0.0,0.0,0.0,0.0,0.0,0.0,0.0,0.0,0.0,0.0,0.0,0.0,0.004629629629629629,0.0,0.0,0.0,0.004629629629629629,0.0,0.0,0.032407407407407406,0.2916666666666667,13.0
