jc,ci,hi,ji,ge,se,ei,sh,eg,ig,jg,ee,sg,ie,ii,si,gg,hs,gi,es,sj,cs,os,gs,js,is,ss,TimeFactor
0.0,0.0,0.0,0.0,0.0,0.0,0.0,0.0,0.0,0.0,0.0,0.0,0.0,0.0,0.0,0.0,0.0,0.0,0.0,0.0,0.003787878787878788,0.010416666666666666,0.026785714285714284,0.03444264069264069,0.04648268398268398,0.054518398268398265,0.8235660173160174,1.0
0.0,0.0,0.0,0.0,0.0,0.0,0.0,0.0,0.0,0.0,0.0,0.0,0.0,0.0,0.001984126984126984,0.002777777777777778,0.002976190476190476,0.004787784679089027,0.006613756613756613,0.007605820105820105,0.0,0.03415286404416839,0.01091269841269841,0.07072826529348268,0.023214285714285715,0.08003928438711048,0.7542071455114933,2.0
0.0,0.0,0.0,0.0,0.0,0.0,0.0,0.0,0.0,0.0023148148148148147,0.0023148148148148147,0.0023148148148148147,0.006448412698412699,0.008267195767195767,0.010416666666666666,0.0011574074074074073,0.003472222222222222,0.01703042328042328,0.008928571428571428,0.020006613756613754,0.010069444444444445,0.04985119047619047,0.005787037037037038,0.0689318783068783,0.013541666666666667,0.07795965608465609,0.6911871693121694,3.0
0.0,0.0,0.0,0.0,0.0,0.0,0.0,0.0,0.003787878787878788,0.0,0.0,0.004166666666666667,0.002777777777777778,0.0,0.0,0.011574074074074075,0.010416666666666666,0.035088985088985086,0.002777777777777778,0.006617647058823529,0.0,0.045344198285374754,0.009920634920634922,0.05627794046911694,0.035507738448914916,0.08283217327334974,0.6929098407039583,4.0
0.0,0.0,0.0,0.0,0.0,0.0,0.0,0.001893939393939394,0.0,0.0,0.005952380952380952,0.0,0.0077898550724637685,0.0,0.0,0.00974025974025974,0.0,0.018181818181818184,0.0,0.006944444444444444,0.0,0.060137085137085135,0.005208333333333333,0.07754074126356734,0.011741247882552229,0.06016963109354414,0.7347002635046115,5.0
0.0,0.0,0.0,0.0,0.0,0.0,0.001488095238095238,0.0,0.0,0.0,0.0,0.001488095238095238,0.0018115942028985507,0.0,0.0,0.0026041666666666665,0.0,0.003968253968253968,0.0018115942028985507,0.012799775707384402,0.004787784679089027,0.021727997879313666,0.008880046583850932,0.0825307633981833,0.048934610075914424,0.06644485377322905,0.7407223683861269,6.0
0.0,0.0,0.0,0.0,0.0015432098765432098,0.004320987654320987,0.0,0.0,0.002777777777777778,0.0015432098765432098,0.0032051282051282055,0.0,0.0030864197530864196,0.0,0.0,0.0015432098765432098,0.00876068376068376,0.017599067599067597,0.0015432098765432098,0.02312656479323146,0.002777777777777778,0.019608747733747732,0.005099067599067599,0.09843817447984114,0.018209876543209876,0.07104916688250021,0.7157677199343865,7.0
0.0,0.0,0.0011261261261261261,0.0011261261261261261,0.0,0.0014367816091954023,0.0,0.0,0.0,0.0,0.0,0.0,0.017118773184949657,0.0011261261261261261,0.0015432098765432098,0.007267684351017684,0.005208333333333333,0.024755937592947395,0.0,0.03470322112563492,0.0,0.034203388370055036,0.009196696696696696,0.06852519249303395,0.013011809886809887,0.04841179320345987,0.7312387998979446,8.0
0.0,0.0,0.0,0.0,0.0,0.0,0.0,0.0021929824561403508,0.0,0.0,0.0,0.0,0.005952380952380952,0.001984126984126984,0.0,0.007756132756132756,0.0,0.017311270600744288,0.0,0.015016233766233766,0.0,0.03285359864307232,0.0021929824561403508,0.07825884519963466,0.014957532720690614,0.07361652419218208,0.7479073892725209,9.0
0.001984126984126984,0.001984126984126984,0.0,0.0,0.0,0.0,0.0,0.0,0.0,0.005952380952380952,0.0,0.0,0.01011029411764706,0.0,0.0,0.001736111111111111,0.004901960784313725,0.007442632850241546,0.0,0.005631038647342994,0.0,0.02710807148946535,0.005283816425120772,0.08491403807899972,0.05317460317460317,0.028823757763975156,0.7609530406365446,10.0
0.0,0.0,0.0,0.0,0.0,0.003472222222222222,0.0,0.0,0.0,0.003472222222222222,0.0,0.0,0.011827619843924192,0.0,0.0,0.003472222222222222,0.0018115942028985507,0.005074786324786325,0.0,0.009882478632478632,0.0,0.025988247863247858,0.01609241452991453,0.05684167131178001,0.02690972222222222,0.03952972098352533,0.7956250774185558,11.0
0.0,0.0,0.0,0.0,0.0,0.0,0.0,0.0,0.0,0.0,0.0,0.0,0.007679738562091504,0.0,0.0,0.0,0.0,0.009137426900584797,0.002777777777777778,0.008796296296296297,0.0,0.014316239316239316,0.0032051282051282055,0.0413140694874441,0.0,0.028626194067370537,0.7174804627204008,12.0
0.0,0.0,0.0,0.0,0.0,0.0,0.0,0.0,0.0,0.0,0.0,0.0,0.009615384615384616,0.0,0.0,0.0023148148148148147,0.0,0.0014367816091954023,0.0,0.0,0.0,0.022203562720804104,0.0034209085933223863,0.05781753367960265,0.009715380405035577,0.018746579091406677,0.7913957211371004,13.0
