jc,gh,oe,ho,go,ce,oi,hc,ej,eg,hh,jh,hg,eh,ei,ee,oj,ci,so,jg,gc,hi,sh,ji,ig,gi,jj,sj,gj,ge,se,ie,cg,sc,hs,si,gg,es,ii,sg,og,cs,os,js,gs,is,ss,TimeFactor
0.0,0.0,0.0,0.0,0.0,0.0,0.0,0.0,0.0,0.0,0.0,0.0,0.0,0.0,0.0,0.0,0.0,0.0,0.0,0.0,0.0,0.0005787037037037037,0.0005787037037037037,0.0006944444444444445,0.0006944444444444445,0.0006944444444444445,0.000946969696969697,0.000946969696969697,0.0011574074074074073,0.0013020833333333333,0.0013020833333333333,0.001488095238095238,0.001958689458689459,0.00248015873015873,0.004600694444444445,0.00462962962962963,0.005662393162393163,0.005815972222222222,0.006696428571428572,0.00874065170940171,0.010416666666666666,0.018712488151826388,0.02337974525474525,0.03256793247602071,0.046967894578188694,0.04707250640155052,0.7282471324291176,1.0
0.0,0.0,0.0,0.0,0.0,0.0,0.0,0.0,0.0,0.0,0.0,0.0,0.0,0.00027412280701754384,0.0003720238095238095,0.0008680555555555555,0.000946969696969697,0.000946969696969697,0.000946969696969697,0.000946969696969697,0.005208333333333333,0.0,0.0,0.000946969696969697,0.0030100108225108225,0.0056696052789802776,0.0,0.00033602150537634406,0.0,0.00027412280701754384,0.0008680555555555555,0.0003720238095238095,0.000946969696969697,0.0,0.00734089359661442,0.0019155369484316854,0.0012922932330827067,0.00820801016113516,0.003968253968253968,0.0020833333333333333,0.0,0.027441160065195827,0.00856387536075036,0.02439659055613003,0.06650826949751527,0.06134659865888412,0.7431676578211269,2.0
0.0,0.0,0.0,0.0,0.0,0.0,0.0,0.0,0.0,0.0,0.0004006410256410257,0.0013020833333333333,0.001702724358974359,0.0,0.0,0.0005787037037037037,0.0,0.0,0.0,0.0014467592592592594,0.0,0.0,0.0,0.000744047619047619,0.0015524355877616746,0.0032058747412008273,0.0,0.0025173611111111113,0.0,0.0004528985507246377,0.0,0.0028108465608465607,0.0011969461697722567,0.000744047619047619,0.008897203088779176,0.005919018079344166,0.003926282051282051,0.010533693108421368,0.003038194444444444,0.004910714285714286,0.0,0.04182454773487382,0.00865829772079772,0.012648809523809522,0.05560068202731245,0.07374150105128369,0.73081235391018,3.0
0.0,0.0,0.0,0.0,0.0,0.0,0.0,0.0,0.0004528985507246377,0.000946969696969697,0.0,0.0,0.0,0.0,0.0,0.0010416666666666667,0.0,0.0,0.0,0.00043402777777777775,0.0,0.0,0.0026382080610021785,0.0,0.00043402777777777775,0.00130718954248366,0.0,0.00043402777777777775,0.0003720238095238095,0.0011574074074074073,0.0003720238095238095,0.0008249223602484471,0.0,0.0006510416666666666,0.01698300252987753,0.005494293515126848,0.006272734788359788,0.007575033218415571,0.001488095238095238,0.006230661489945909,0.0,0.030063598461270043,0.009548081162664495,0.0196983992147302,0.07386709067628716,0.06006687314098865,0.7308123683263549,4.0
0.0,0.0,0.0,0.0,0.0,0.0,0.0,0.0004734848484848485,0.0,0.0,0.0,0.0,0.0,0.0,0.0,0.0,0.0,0.0,0.0,0.0018601190476190473,0.0,0.0,0.00453843031968032,0.0,0.0,0.0031685906685906683,0.0,0.0020160486443381183,0.0,0.0,0.0010521885521885522,0.0,0.0004734848484848485,0.0,0.02436400405150405,0.009358070048859522,0.0024862290487290485,0.01344757672882673,0.000994318181818182,0.010547839286594909,0.001558048433048433,0.03914887642059829,0.009849207505457506,0.019981063185797166,0.0765168266126874,0.07241711761520113,0.7057484759514913,5.0
0.0,0.0,0.0,0.0,0.0,0.0,0.0,0.0,0.0,0.00043402777777777775,0.0,0.0,0.0,0.0,0.0003720238095238095,0.0003720238095238095,0.0,0.0,0.0,0.0,0.0,0.0,0.0,0.0,0.0012302892648287384,0.0019864633655394524,0.0,0.003057065217391304,0.0,0.000248015873015873,0.00033602150537634406,0.0,0.0,0.000248015873015873,0.008302600931677019,0.0056960058399203135,0.0027203648806909675,0.011554186560587884,0.002181267806267806,0.008484479238555326,0.0,0.016054792716657426,0.005109772348223435,0.026378458587215593,0.08115578390578736,0.0661626625552564,0.7579156781331675,6.0
0.0,0.0,0.0,0.0005482456140350877,0.0005482456140350877,0.0005482456140350877,0.0005482456140350877,0.0,0.0,0.0006944444444444445,0.0,0.0,0.0,0.0,0.0,0.0,0.0,0.0,0.0005482456140350877,0.0016025641025641027,0.0,0.0,0.0005482456140350877,0.0,0.00038580246913580245,0.0009066358024691358,0.0,0.0006944444444444445,0.0,0.00038580246913580245,0.0010802469135802468,0.0022893772893772895,0.0,0.0005482456140350877,0.013864628600745088,0.002879792853751187,0.004178537511870845,0.021738081293276725,0.0,0.005081544440812175,0.0,0.014750217276178321,0.010742453767398942,0.01760195054481662,0.06809996781615606,0.06439995881647335,0.7439524965117906,7.0
0.0,0.0,0.0010416666666666667,0.0,0.0,0.0,0.0,0.0,0.0,0.0,0.0,0.0,0.0,0.0,0.0,0.0,0.0,0.0,0.0,0.0,0.0,0.0008942766295707473,0.0016693376068376068,0.00028153153153153153,0.0,0.0020650688159879337,0.0,0.0,0.0,0.0006510416666666666,0.00035919540229885057,0.0009325731981981982,0.0011574074074074073,0.0,0.013723261463763915,0.004430235517777443,0.005877080095830096,0.017877194170297615,0.00038580246913580245,0.013223068990532228,0.0,0.020634066161026945,0.006186095001884475,0.013711657996197469,0.07346250691310696,0.04138557568237005,0.759218023279578,8.0
0.0,0.000744047619047619,0.0,0.0,0.0,0.0,0.0,0.0,0.0,0.0,0.0,0.0,0.0006127450980392157,0.0,0.0,0.0006127450980392157,0.0,0.0,0.0,0.0,0.0,0.0,0.0011609907120743034,0.0,0.0,0.0,0.0,0.0,0.0,0.000946969696969697,0.0010217304625199362,0.0025793650793650793,0.0,0.0,0.0076157425067383796,0.0024872788030682767,0.004614602615521733,0.010867410775499011,0.0,0.006464499042624042,0.0,0.018641288201321094,0.007861754151421334,0.02042574987863301,0.05484835360085296,0.040234649615615826,0.797426743709316,9.0
0.000496031746031746,0.0,0.0,0.0,0.0,0.0,0.0008680555555555555,0.0,0.0,0.0,0.0,0.0,0.0,0.0013020833333333333,0.0,0.0,0.0,0.000496031746031746,0.0,0.0,0.0,0.0,0.0,0.0,0.004092261904761905,0.0,0.0,0.0,0.0,0.0,0.0,0.0,0.0,0.0013020833333333333,0.006291990768892943,0.004340277777777778,0.002026772247360483,0.011856599016925104,0.0,0.006500336877175113,0.0,0.013800376458224925,0.005368122215948303,0.015900138464476698,0.058539605286728046,0.026805763636406216,0.7775134696310366,10.0
0.0,0.0,0.0,0.0,0.0,0.0,0.0,0.0,0.0,0.0,0.0,0.0,0.001427469135802469,0.0,0.0,0.0,0.0,0.0,0.0,0.0,0.0,0.0,0.0,0.0,0.001253858024691358,0.0006944444444444445,0.0,0.0,0.0,0.0,0.0008680555555555555,0.0,0.0,0.0,0.0016544990503323837,0.0008680555555555555,0.001754981884057971,0.006641795704295704,0.0,0.010847307382633469,0.0,0.00839851699226699,0.0044089061016144345,0.006727430555555555,0.06201259154157706,0.02748371881071156,0.8024583692609054,11.0
0.0,0.0,0.0,0.0,0.0,0.0,0.0,0.0,0.0,0.0,0.0,0.0,0.0,0.0,0.0,0.0,0.0,0.0,0.0,0.0,0.0,0.0,0.0,0.0,0.0,0.0006944444444444445,0.0,0.0,0.0,0.0,0.0019409937888198758,0.0,0.0,0.0,0.004423493629908104,0.0017361111111111112,0.0026041666666666665,0.012367994450195536,0.0015624999999999999,0.0027212166918049274,0.0,0.010816353785103783,0.004955817506768594,0.0025028935185185184,0.04765828263980564,0.025446846307819775,0.7139022187923661,12.0
0.0,0.0,0.0,0.0,0.0,0.0,0.0,0.0,0.0,0.0,0.0,0.0,0.0,0.0,0.0,0.0,0.0,0.0,0.0,0.0,0.0,0.0,0.0,0.0,0.0,0.0,0.0,0.0,0.0,0.0,0.0,0.0,0.0,0.0,0.0013061650992685473,0.00474537037037037,0.0006510416666666666,0.005265004093129094,0.0,0.003891941391941392,0.0,0.010988450805261151,0.01337627091937437,0.01284551176792556,0.04338491469418194,0.01700011255506945,0.7615452166368115,13.0
