hsh,shs,shh,ses,jgs,ggi,gis,gsi,ggg,ise,eis,ssc,scc,seh,ehh,ssi,sec,hii,iie,ecs,cis,sis,igg,sse,egg,gsg,iig,esi,ese,jes,see,ies,gii,sgi,ggs,isg,csi,iee,sie,gse,seg,igs,hss,ess,ohg,hgs,isi,sii,sgs,sgg,ssg,sjs,oss,iis,jss,iss,gss,ccs,css,sss,TimeFactor
0.0,0.0,0.0,0.0,0.0,0.0,0.0,0.0,0.0,0.0,0.0,0.0,0.0,0.0,0.0,0.0,0.0,0.0,0.0,0.0,0.0,0.0,0.0,0.0,0.0,0.0,0.0,0.0,0.0,0.0,0.0,0.0,0.0,0.0,0.0,0.0,0.0,0.0,0.0,0.0,0.0,0.0,0.0,0.0,0.0,0.0,0.0,0.0,0.0,0.003968253968253968,0.003968253968253968,0.005555555555555556,0.005555555555555556,0.006944444444444444,0.011111111111111112,0.012499999999999999,0.017857142857142856,0.027777777777777776,0.03888888888888889,0.6992063492063493,1.0
0.0,0.0,0.0,0.0,0.0,0.0,0.0,0.0,0.0,0.0,0.0,0.0,0.0,0.0,0.0,0.0,0.0,0.0,0.0,0.0,0.0,0.0,0.0,0.0,0.0,0.0,0.0,0.0,0.0,0.0,0.0,0.0,0.0,0.0,0.0,0.0,0.0,0.0,0.0,0.0,0.0,0.0,0.0,0.0,0.0,0.0,0.0,0.0,0.027777777777777776,0.0,0.027777777777777776,0.0,0.009259259259259259,0.0,0.0,0.013888888888888888,0.06481481481481481,0.0,0.0,0.6064814814814815,2.0
0.0,0.0,0.0,0.0,0.0,0.0,0.0,0.0,0.0,0.0,0.0,0.0,0.0,0.0,0.0,0.0,0.0,0.0,0.0,0.0,0.0,0.0,0.0,0.0,0.0,0.0,0.0,0.0,0.0,0.0,0.0,0.0,0.0,0.0,0.0,0.0,0.0,0.0,0.0,0.005555555555555556,0.005555555555555556,0.005555555555555556,0.006944444444444444,0.013888888888888888,0.027777777777777776,0.027777777777777776,0.027777777777777776,0.027777777777777776,0.006944444444444444,0.0,0.0,0.0,0.0,0.027777777777777776,0.012499999999999999,0.019444444444444445,0.041666666666666664,0.0,0.014814814814814814,0.4782407407407407,3.0
0.0,0.0,0.0,0.0,0.0,0.0,0.0,0.0,0.0,0.0,0.0,0.0,0.0,0.0,0.0,0.0,0.0,0.0,0.0,0.0,0.0,0.0,0.0,0.0,0.0,0.002777777777777778,0.004629629629629629,0.006944444444444444,0.006944444444444444,0.006944444444444444,0.006944444444444444,0.006944444444444444,0.009259259259259259,0.009259259259259259,0.009259259259259259,0.012037037037037035,0.013888888888888888,0.013888888888888888,0.013888888888888888,0.0,0.0,0.004629629629629629,0.0,0.0,0.0,0.0,0.0,0.006944444444444444,0.002777777777777778,0.0,0.0,0.0,0.002777777777777778,0.0,0.013888888888888888,0.027777777777777776,0.1388888888888889,0.0,0.009259259259259259,0.5861111111111109,4.0
0.0,0.0,0.0,0.0,0.0,0.0,0.0,0.0,0.0,0.0,0.0,0.0,0.0,0.0,0.0,0.0,0.0,0.0,0.0,0.0,0.0,0.0,0.003968253968253968,0.003968253968253968,0.01091269841269841,0.0,0.0,0.0,0.0,0.0,0.0,0.0,0.0,0.0,0.003968253968253968,0.0,0.0,0.0,0.0,0.006944444444444444,0.01091269841269841,0.0,0.004629629629629629,0.003968253968253968,0.0,0.0,0.0,0.0,0.0,0.0,0.0,0.0,0.009259259259259259,0.0,0.016203703703703703,0.03981481481481481,0.1156084656084656,0.0,0.02314814814814815,0.6633597883597883,5.0
0.0,0.0,0.0,0.0,0.0,0.0,0.0,0.0,0.0,0.0,0.0,0.0,0.0,0.0,0.0,0.0,0.002777777777777778,0.002777777777777778,0.002777777777777778,0.002777777777777778,0.006944444444444444,0.009259259259259259,0.0,0.0,0.0,0.0,0.0,0.0,0.0,0.0,0.0,0.002777777777777778,0.0,0.0,0.0025252525252525255,0.0,0.0,0.0,0.0,0.0,0.0,0.0,0.009259259259259259,0.005555555555555556,0.0,0.0,0.009259259259259259,0.009259259259259259,0.0025252525252525255,0.0053030303030303025,0.0053030303030303025,0.0,0.002777777777777778,0.0,0.030555555555555555,0.07032828282828284,0.03413299663299663,0.0,0.014814814814814814,0.6016414141414143,6.0
0.0,0.0,0.0,0.0,0.0,0.0,0.0,0.0,0.0,0.0,0.0,0.0,0.0,0.0,0.0,0.0,0.0,0.0,0.0,0.0,0.0,0.0,0.0,0.0,0.0,0.0,0.0,0.0,0.0,0.0,0.0,0.0,0.0,0.0,0.0,0.0,0.0,0.0,0.0,0.0,0.0,0.0,0.014880952380952378,0.01091269841269841,0.0,0.0,0.005555555555555556,0.005555555555555556,0.004629629629629629,0.0,0.004629629629629629,0.0,0.0,0.005555555555555556,0.018849206349206348,0.0601521164021164,0.0533399470899471,0.0,0.015376984126984126,0.6338955026455027,7.0
0.0,0.0,0.0,0.0,0.0,0.0,0.0,0.0,0.0,0.003968253968253968,0.003968253968253968,0.004629629629629629,0.004629629629629629,0.005555555555555556,0.005555555555555556,0.005555555555555556,0.0,0.0,0.0,0.0,0.0,0.009027777777777779,0.0,0.004629629629629629,0.0,0.0,0.0,0.0,0.0,0.0,0.008597883597883597,0.0,0.0,0.0,0.009523809523809523,0.0,0.0,0.0,0.0,0.005555555555555556,0.0,0.003472222222222222,0.013888888888888888,0.005555555555555556,0.0,0.005555555555555556,0.0,0.0,0.005787037037037038,0.007440476190476189,0.005787037037037038,0.0,0.0,0.0,0.010185185185185184,0.032407407407407406,0.08439153439153439,0.0,0.009259259259259259,0.661739417989418,8.0
0.0,0.0,0.0,0.0,0.0,0.0,0.0,0.004629629629629629,0.004629629629629629,0.0,0.0,0.0,0.0,0.0,0.0,0.0,0.0,0.0,0.0,0.0,0.0,0.004629629629629629,0.0,0.0,0.0,0.0030864197530864196,0.0,0.0,0.0,0.0,0.0,0.027777777777777776,0.0,0.0,0.007716049382716049,0.004629629629629629,0.0,0.0,0.027777777777777776,0.0,0.0,0.0,0.0,0.027777777777777776,0.0,0.0,0.0,0.0,0.012205387205387205,0.014870931537598204,0.01893939393939394,0.0,0.0,0.0,0.0,0.034932659932659926,0.12142255892255892,0.0,0.00946969696969697,0.6755050505050505,9.0
0.0,0.0,0.0,0.0,0.0,0.004629629629629629,0.004629629629629629,0.0,0.027777777777777776,0.0,0.0,0.0,0.0,0.0,0.0,0.004629629629629629,0.0,0.0,0.0,0.0,0.0,0.004629629629629629,0.0,0.0,0.0,0.037037037037037035,0.0,0.0,0.0,0.0,0.0,0.0,0.0,0.0,0.041666666666666664,0.0,0.0,0.0,0.0,0.0,0.0,0.0,0.013888888888888888,0.0,0.0,0.0,0.004629629629629629,0.009259259259259259,0.032407407407407406,0.0,0.013888888888888888,0.0,0.0,0.0,0.009259259259259259,0.04629629629629629,0.06734006734006732,0.0,0.0,0.5113636363636364,10.0
0.0,0.0,0.0,0.006944444444444444,0.013888888888888888,0.0,0.0,0.0,0.0,0.0,0.0,0.0,0.0,0.0,0.0,0.0,0.0,0.0,0.0,0.0,0.0,0.0,0.0,0.0,0.0,0.0,0.0,0.0,0.0,0.0,0.0,0.0,0.0,0.0,0.0,0.0,0.0,0.0,0.0,0.0,0.0,0.0,0.0,0.006944444444444444,0.0,0.0,0.0,0.0,0.013888888888888888,0.007692307692307693,0.01695156695156695,0.0,0.0,0.0,0.0,0.03935185185185185,0.05242165242165242,0.0,0.005555555555555556,0.6696937321937321,11.0
0.006944444444444444,0.006944444444444444,0.006944444444444444,0.0,0.0,0.027777777777777776,0.041666666666666664,0.0,0.0,0.0,0.0,0.0,0.0,0.0,0.0,0.0,0.0,0.0,0.0,0.0,0.0,0.0,0.0,0.0,0.0,0.0,0.0,0.0,0.0,0.0,0.0,0.0,0.0,0.0,0.0,0.0,0.0,0.0,0.0,0.0,0.0,0.0,0.0,0.0,0.0,0.0,0.027777777777777776,0.0,0.0,0.011111111111111112,0.011111111111111112,0.0,0.0,0.0,0.0,0.02638888888888889,0.012499999999999999,0.0,0.0,0.4041666666666666,12.0
0.0,0.0,0.0,0.0,0.0,0.0,0.0,0.0,0.0,0.0,0.0,0.0,0.0,0.0,0.0,0.0,0.0,0.0,0.0,0.0,0.0,0.0,0.0,0.0,0.0,0.0,0.0,0.0,0.0,0.0,0.0,0.0,0.0,0.0,0.0,0.0,0.0,0.0,0.0,0.0,0.0,0.0,0.0,0.0,0.0,0.0,0.0,0.0,0.007936507936507936,0.0,0.007936507936507936,0.0,0.0,0.0,0.0,0.0,0.007936507936507936,0.0,0.013888888888888888,0.7123015873015873,13.0
