ci,je,jj,ec,oc,ge,gh,sj,ei,js,jg,oo,cg,he,gi,hg,hh,ic,ih,ce,jc,eg,ig,sh,hi,ie,hs,ee,og,sc,go,io,cc,es,se,so,ii,si,gg,cs,sg,os,gs,is,ss,TimeFactor
0.0,0.0,0.0,0.0,0.0,0.0,0.0,0.0,0.0,0.0,0.0,0.0,0.0,0.0,0.0,0.0,0.0,0.0,0.0,0.0,0.0,0.0,0.0,0.0,0.0,0.0,0.0,0.0,0.004629629629629629,0.004629629629629629,0.004629629629629629,0.006944444444444444,0.006944444444444444,0.006944444444444444,0.006944444444444444,0.013888888888888888,0.02546296296296296,0.032407407407407406,0.032407407407407406,0.037037037037037035,0.039351851851851846,0.04722222222222222,0.07175925925925926,0.07268518518518517,0.41944444444444434,1.0
0.0,0.0,0.0,0.0,0.0,0.0,0.0,0.0,0.0,0.0,0.0,0.0,0.001984126984126984,0.001984126984126984,0.001984126984126984,0.001984126984126984,0.001984126984126984,0.003968253968253968,0.003968253968253968,0.005952380952380952,0.006944444444444444,0.006944444444444444,0.007936507936507936,0.008928571428571428,0.009259259259259259,0.011243386243386243,0.03158068783068783,0.04365079365079364,0.0,0.0,0.001984126984126984,0.0,0.0,0.005952380952380952,0.03968253968253968,0.009259259259259259,0.07043650793650795,0.018353174603174604,0.020667989417989415,0.020833333333333332,0.01917989417989418,0.017195767195767195,0.05241402116402116,0.10185185185185186,0.2218915343915344,2.0
0.0,0.0,0.0,0.0,0.0,0.0,0.0,0.0,0.0,0.0,0.003968253968253968,0.005555555555555556,0.0,0.0,0.0021367521367521365,0.009259259259259259,0.0375,0.0,0.003472222222222222,0.0,0.0,0.002777777777777778,0.008386752136752136,0.04675925925925925,0.0,0.009027777777777779,0.022825091575091574,0.014636752136752135,0.0,0.0067460317460317455,0.0,0.0,0.002777777777777778,0.05838675213675213,0.009829059829059829,0.005555555555555556,0.01752136752136752,0.011324786324786324,0.03709045584045584,0.009523809523809523,0.011164529914529915,0.009259259259259259,0.1025615588115588,0.050956450956450954,0.41766381766381766,3.0
0.0,0.0,0.0,0.0,0.0,0.0,0.0023148148148148147,0.002777777777777778,0.006944444444444444,0.009027777777777779,0.0,0.0,0.0,0.0,0.0,0.0,0.011419753086419753,0.0,0.0,0.002777777777777778,0.0,0.0,0.003472222222222222,0.011419753086419753,0.003472222222222222,0.0,0.014351851851851852,0.010416666666666666,0.0,0.009259259259259259,0.0,0.0,0.0023148148148148147,0.015277777777777777,0.009259259259259259,0.0,0.03310185185185185,0.03518518518518519,0.004629629629629629,0.02361111111111111,0.02330246913580247,0.009722222222222222,0.05509259259259258,0.09891975308641976,0.351929012345679,4.0
0.0,0.0,0.0,0.0,0.0,0.02407407407407407,0.0,0.0,0.004629629629629629,0.0,0.0,0.006944444444444444,0.0,0.0,0.004629629629629629,0.0,0.0,0.0,0.0,0.009259259259259259,0.0,0.005555555555555556,0.004629629629629629,0.003968253968253968,0.0,0.0,0.028769841269841265,0.047949735449735444,0.0,0.0,0.0,0.0,0.0,0.04629629629629629,0.047949735449735444,0.016203703703703703,0.014660493827160495,0.014660493827160495,0.0505731922398589,0.010141093474426807,0.07074514991181657,0.02017195767195767,0.0667768959435626,0.07330246913580248,0.3447751322751323,5.0
0.0,0.0,0.0,0.0030864197530864196,0.013888888888888888,0.0,0.0,0.0030864197530864196,0.0030864197530864196,0.0030864197530864196,0.0,0.0,0.0,0.010030864197530864,0.0,0.0,0.0,0.0,0.0,0.0,0.0,0.0,0.010030864197530864,0.006944444444444444,0.010030864197530864,0.003968253968253968,0.010030864197530864,0.013117283950617281,0.0,0.0,0.0,0.0,0.0,0.03097442680776014,0.0030864197530864196,0.0030864197530864196,0.037037037037037035,0.02711640211640211,0.04431216931216931,0.031084656084656086,0.04431216931216931,0.010141093474426807,0.06150793650793651,0.055114638447971785,0.478505291005291,6.0
0.0,0.0,0.006944444444444444,0.0,0.0,0.006944444444444444,0.0,0.0,0.006944444444444444,0.008578431372549019,0.0,0.0,0.0,0.0,0.0016339869281045752,0.006944444444444444,0.0016339869281045752,0.0,0.006944444444444444,0.0,0.006944444444444444,0.009259259259259259,0.010893246187363833,0.0016339869281045752,0.0,0.004629629629629629,0.0016339869281045752,0.015046296296296294,0.0,0.0016339869281045752,0.0,0.0,0.0,0.04050925925925926,0.024305555555555552,0.0,0.03125,0.03056917211328976,0.02062908496732026,0.01205065359477124,0.02062908496732026,0.02314814814814815,0.0863970588235294,0.049360021786492375,0.4795751633986928,7.0
0.003472222222222222,0.005555555555555556,0.0,0.0,0.0,0.003472222222222222,0.003472222222222222,0.0,0.002777777777777778,0.0,0.0,0.0,0.0,0.0,0.0,0.0,0.0,0.0,0.0,0.0,0.0,0.0,0.013888888888888888,0.0,0.003472222222222222,0.0,0.005555555555555556,0.05555555555555555,0.0,0.0,0.0,0.0,0.0,0.06527777777777777,0.03888888888888889,0.0,0.013194444444444444,0.020833333333333332,0.003472222222222222,0.006944444444444444,0.009722222222222222,0.0,0.049305555555555554,0.054861111111111104,0.3902777777777777,8.0
0.0,0.0,0.0,0.0,0.0,0.013888888888888888,0.0,0.0,0.0,0.009259259259259259,0.0,0.0,0.0,0.0,0.027777777777777776,0.0,0.0,0.0,0.0,0.0,0.0,0.0,0.0,0.0,0.0,0.0,0.013888888888888888,0.018518518518518517,0.0,0.0,0.0,0.0,0.0,0.06018518518518518,0.027777777777777776,0.0,0.0,0.0,0.06944444444444443,0.0,0.041666666666666664,0.009259259259259259,0.06944444444444443,0.027777777777777776,0.27777777777777773,9.0
0.0,0.0,0.0,0.0,0.0,0.0,0.0,0.0,0.0,0.0,0.0,0.0,0.0,0.0,0.0,0.0,0.0,0.0,0.0,0.0,0.0,0.0,0.0,0.0,0.0,0.0,0.0,0.0,0.0,0.0,0.0,0.0,0.0,0.0,0.0,0.0,0.0,0.0,0.0,0.0,0.0,0.0,0.06481481481481481,0.0,0.2685185185185185,10.0
0.0,0.0,0.0,0.0,0.0,0.0,0.0,0.0,0.0,0.0,0.0,0.005555555555555556,0.0,0.0,0.0,0.0,0.0,0.0,0.0,0.0,0.0,0.0,0.0,0.0,0.0,0.0,0.0,0.0,0.0,0.0,0.0,0.0,0.0,0.005555555555555556,0.0,0.005555555555555556,0.027777777777777776,0.027777777777777776,0.0,0.0,0.005555555555555556,0.0,0.03888888888888889,0.0,0.049999999999999996,11.0
0.0,0.0,0.0,0.0,0.0,0.0,0.0,0.0,0.0,0.0,0.0,0.0,0.0,0.0,0.0,0.0,0.0,0.0,0.0,0.0,0.0,0.0,0.0,0.0,0.0,0.0,0.0,0.0,0.0,0.0,0.0,0.0,0.0,0.0,0.0,0.0,0.0,0.0,0.0,0.0,0.0,0.0,0.0,0.0,0.0,12.0
0.0,0.0,0.0,0.0,0.0,0.0,0.0,0.0,0.0,0.0,0.0,0.0,0.0,0.0,0.0,0.0,0.0,0.0,0.0,0.0,0.0,0.0,0.0,0.0,0.0,0.0,0.0,0.0,0.0,0.0,0.0,0.0,0.0,0.0,0.0,0.0,0.0,0.0,0.0,0.0,0.0,0.0,0.0,0.0,0.08333333333333333,13.0
