so,eg,hi,cc,gi,gh,ec,os,eh,js,he,hh,sh,ie,ge,hs,ji,es,ci,sg,gg,sc,ei,ee,se,ig,is,cs,ii,si,gs,ss,TimeFactor
0.0,0.0,0.0,0.0,0.0,0.0,0.0,0.0,0.0,0.0,0.0,0.0,0.0,0.0,0.0,0.0,0.0,0.0,0.0,0.0,0.0,0.0,0.0,0.0,0.0,0.0,0.006944444444444444,0.013888888888888888,0.048611111111111105,0.048611111111111105,0.06944444444444443,0.22916666666666666,1.0
0.0,0.0,0.0,0.0,0.0,0.0,0.0,0.0,0.0,0.0,0.0,0.0,0.0,0.0,0.0,0.0,0.005555555555555556,0.006944444444444444,0.009259259259259259,0.019444444444444445,0.019444444444444445,0.027777777777777776,0.027777777777777776,0.027777777777777776,0.03472222222222222,0.041666666666666664,0.06666666666666667,0.06944444444444443,0.0,0.0,0.06666666666666667,0.3268518518518519,2.0
0.0,0.0,0.0,0.0,0.0,0.0,0.0,0.0,0.003472222222222222,0.003968253968253968,0.003968253968253968,0.003968253968253968,0.003968253968253968,0.003968253968253968,0.006944444444444444,0.016964285714285713,0.0,0.021097883597883598,0.0,0.018353174603174604,0.019014550264550265,0.003968253968253968,0.009027777777777779,0.021527777777777774,0.012499999999999999,0.0,0.07251984126984128,0.017857142857142856,0.031018518518518518,0.034060846560846555,0.04904100529100528,0.30945767195767193,3.0
0.0,0.0,0.0,0.0,0.0,0.0,0.0,0.0,0.0,0.0,0.0,0.0,0.0,0.006944444444444444,0.0,0.0,0.0,0.04398148148148148,0.0,0.009259259259259259,0.032407407407407406,0.0,0.0,0.009259259259259259,0.018518518518518517,0.0,0.08564814814814814,0.027777777777777776,0.0462962962962963,0.06481481481481481,0.10185185185185185,0.3865740740740741,4.0
0.0,0.0,0.0,0.0,0.003472222222222222,0.005555555555555556,0.005555555555555556,0.013888888888888888,0.0,0.0,0.0,0.005555555555555556,0.005555555555555556,0.0,0.0,0.005555555555555556,0.0,0.02037037037037037,0.0,0.0537037037037037,0.030787037037037033,0.0,0.0,0.016203703703703703,0.021759259259259256,0.0,0.053935185185185176,0.016666666666666666,0.009027777777777779,0.009027777777777779,0.04930555555555555,0.42407407407407405,5.0
0.0,0.0,0.0,0.0,0.003472222222222222,0.0,0.0,0.009259259259259259,0.0,0.0,0.009259259259259259,0.0,0.0,0.004629629629629629,0.0,0.0,0.0,0.013888888888888888,0.0,0.04976851851851852,0.04976851851851852,0.05092592592592592,0.0,0.009259259259259259,0.0,0.013888888888888888,0.052083333333333336,0.05092592592592592,0.009259259259259259,0.019675925925925927,0.10300925925925926,0.4675925925925926,6.0
0.0,0.004629629629629629,0.013888888888888888,0.02314814814814815,0.011111111111111112,0.0,0.0,0.0,0.0,0.027777777777777776,0.0,0.0,0.0,0.0,0.0,0.027777777777777776,0.0,0.018518518518518517,0.013888888888888888,0.02314814814814815,0.009259259259259259,0.02314814814814815,0.0,0.032407407407407406,0.027777777777777776,0.005555555555555556,0.07037037037037036,0.041666666666666664,0.019444444444444445,0.02407407407407407,0.07037037037037036,0.5120370370370372,7.0
0.0,0.0,0.0,0.0,0.009259259259259259,0.0,0.0,0.0,0.009259259259259259,0.0,0.0,0.0,0.0,0.0,0.0,0.032407407407407406,0.0,0.027777777777777776,0.0,0.04212962962962963,0.06574074074074072,0.0,0.005555555555555556,0.007936507936507936,0.04497354497354497,0.009259259259259259,0.09219576719576718,0.005555555555555556,0.003968253968253968,0.003968253968253968,0.07096560846560847,0.40238095238095245,8.0
0.009259259259259259,0.0,0.0,0.027777777777777776,0.013888888888888888,0.0,0.0,0.009259259259259259,0.0,0.0,0.0,0.027777777777777776,0.027777777777777776,0.027777777777777776,0.0,0.009259259259259259,0.0,0.040123456790123455,0.0,0.033950617283950615,0.033950617283950615,0.027777777777777776,0.0,0.0,0.0030864197530864196,0.0,0.09104938271604938,0.0,0.035493827160493825,0.04938271604938271,0.0802469135802469,0.45216049382716045,9.0
0.0,0.0,0.0,0.0,0.0,0.0,0.0,0.0,0.0,0.0,0.0,0.004629629629629629,0.004629629629629629,0.0,0.0,0.0,0.0,0.013888888888888888,0.0,0.06481481481481481,0.06481481481481481,0.0,0.013888888888888888,0.0,0.013888888888888888,0.0,0.041666666666666664,0.0,0.037037037037037035,0.06481481481481481,0.1111111111111111,0.3148148148148148,10.0
0.0,0.0,0.0,0.0,0.0,0.0,0.0,0.0,0.0,0.0,0.0,0.0,0.0,0.027777777777777776,0.0,0.0,0.0,0.027777777777777776,0.0,0.03472222222222222,0.013888888888888888,0.0,0.0,0.0,0.0,0.0,0.013888888888888888,0.0,0.020833333333333332,0.020833333333333332,0.07638888888888888,0.18055555555555555,11.0
0.0,0.0,0.0,0.0,0.0,0.0,0.0,0.0,0.0,0.009259259259259259,0.0,0.0,0.0,0.0,0.0,0.0,0.0,0.0,0.0,0.005555555555555556,0.005555555555555556,0.0,0.0,0.0,0.009259259259259259,0.0,0.027777777777777776,0.0,0.014814814814814814,0.014814814814814814,0.059259259259259255,0.3537037037037037,12.0
0.0,0.0,0.0,0.0,0.0,0.0,0.0,0.0,0.0,0.0,0.0,0.0,0.0,0.0,0.0,0.0,0.0,0.0,0.0,0.006944444444444444,0.020833333333333332,0.0,0.0,0.0,0.0,0.006944444444444444,0.0,0.0,0.0,0.0,0.020833333333333332,0.027777777777777776,13.0
