gsi,esg,eii,oei,iis,igg,sig,sos,sso,gii,jss,sgi,gsg,igs,hsi,chs,eee,sge,gee,geg,ige,egi,gis,ggs,gcs,css,oss,esh,shs,hgs,iii,sii,ssi,hss,isi,sis,sgs,sgg,ggg,ess,ssg,iss,gss,sss,TimeFactor
0.0,0.0,0.0,0.0,0.0,0.0,0.0,0.0,0.0,0.0,0.0,0.0,0.0,0.0,0.0,0.0,0.0,0.0,0.0,0.0,0.0,0.0,0.0,0.0,0.0,0.0,0.0,0.0,0.0,0.0,0.0,0.0,0.0,0.0,0.004901960784313725,0.004901960784313725,0.004901960784313725,0.004901960784313725,0.004901960784313725,0.009259259259259259,0.00980392156862745,0.01906318082788671,0.030637254901960786,0.3233932461873638,1.0
0.0,0.0,0.0,0.0,0.0,0.0,0.0,0.0,0.0,0.0,0.0,0.0,0.0,0.0,0.0,0.0,0.0,0.0,0.0,0.0,0.0,0.0,0.0,0.0,0.0,0.0,0.0,0.0,0.0,0.008333333333333333,0.020833333333333332,0.020833333333333332,0.020833333333333332,0.020833333333333332,0.0,0.0,0.0,0.005952380952380952,0.011904761904761904,0.020833333333333332,0.005952380952380952,0.0,0.03762543331508849,0.409398376208721,2.0
0.0,0.0,0.0,0.0,0.0,0.0,0.0,0.0,0.0,0.0,0.0,0.0,0.0,0.0,0.0,0.0,0.0,0.0,0.0,0.0,0.0,0.0,0.0,0.0,0.001893939393939394,0.001893939393939394,0.009259259259259259,0.020833333333333332,0.020833333333333332,0.0,0.0,0.0,0.0,0.020833333333333332,0.0,0.0,0.01707810867293626,0.0,0.0,0.0,0.001893939393939394,0.001893939393939394,0.032084494368977125,0.4548357134564031,3.0
0.0,0.0,0.0,0.0,0.0,0.0,0.0,0.0,0.0,0.0,0.0,0.0,0.0,0.0,0.0,0.0,0.0,0.0,0.0,0.0,0.0,0.0,0.0,0.001937984496124031,0.0,0.0,0.0,0.0,0.0,0.0,0.006410256410256411,0.006410256410256411,0.006410256410256411,0.0,0.0,0.0,0.020572450805008944,0.001937984496124031,0.0,0.009259259259259259,0.012224209898628505,0.008348240906380441,0.03370767905651626,0.30944808851785593,4.0
0.0,0.0,0.0,0.0,0.0,0.0,0.0,0.0,0.0,0.0,0.0,0.0,0.0,0.0,0.007575757575757576,0.007575757575757576,0.016666666666666666,0.016666666666666666,0.016666666666666666,0.020833333333333332,0.020833333333333332,0.020833333333333332,0.020833333333333332,0.0,0.0,0.0,0.0,0.0,0.0,0.0,0.0,0.0,0.0,0.0,0.0,0.007575757575757576,0.008556547619047618,0.014565889154704944,0.01936303827751196,0.0,0.033836722488038276,0.024242424242424242,0.011160714285714286,0.31554739120528597,5.0
0.0,0.0,0.0,0.0,0.0,0.001937984496124031,0.001937984496124031,0.006410256410256411,0.006410256410256411,0.006410256410256411,0.006410256410256411,0.006410256410256411,0.01103988603988604,0.01103988603988604,0.0,0.0,0.0,0.0,0.0,0.0,0.0,0.0,0.0,0.004629629629629629,0.0,0.010416666666666666,0.006410256410256411,0.0,0.0,0.0,0.006410256410256411,0.006410256410256411,0.008348240906380441,0.020833333333333332,0.0,0.0,0.010005973715651135,0.004629629629629629,0.001937984496124031,0.0,0.007317801672640382,0.010416666666666666,0.04071483950047341,0.4701781080953999,6.0
0.0,0.005555555555555556,0.020833333333333332,0.020833333333333332,0.020833333333333332,0.0,0.0,0.0,0.0,0.0,0.0,0.0,0.0,0.0,0.0,0.0,0.0,0.0,0.0,0.0,0.0,0.0,0.0,0.0,0.0,0.0,0.0,0.0,0.0,0.0,0.005555555555555556,0.005555555555555556,0.005555555555555556,0.0,0.005555555555555556,0.005555555555555556,0.021527777777777774,0.0,0.0,0.0,0.012499999999999999,0.04722222222222222,0.024999999999999998,0.21458333333333335,7.0
0.0,0.0,0.0,0.0,0.0,0.0,0.0,0.0,0.0,0.0,0.0,0.003472222222222222,0.0,0.0,0.0,0.0,0.0,0.0,0.0,0.0,0.0,0.0,0.003472222222222222,0.0,0.0,0.0,0.0,0.0,0.0,0.0,0.003472222222222222,0.003472222222222222,0.0,0.0,0.006944444444444444,0.003472222222222222,0.007575757575757576,0.0,0.0,0.0,0.003787878787878788,0.016666666666666666,0.014835858585858584,0.2661616161616162,8.0
0.0,0.0,0.0,0.0,0.0,0.0,0.0,0.0,0.0,0.0,0.0,0.0,0.0,0.0,0.0,0.0,0.0,0.0,0.0,0.0,0.0,0.0,0.0,0.0,0.0,0.0,0.0,0.0,0.006410256410256411,0.0,0.0,0.0,0.0,0.006410256410256411,0.0,0.0,0.0,0.0,0.0,0.0,0.0,0.0,0.0,0.15384615384615385,9.0
0.009259259259259259,0.0,0.0,0.0,0.0,0.0,0.009259259259259259,0.0,0.0,0.0,0.0,0.0,0.0,0.009259259259259259,0.0,0.0,0.0,0.0,0.0,0.0,0.0,0.0,0.0,0.0,0.0,0.0,0.016666666666666666,0.0,0.0,0.0,0.0,0.0,0.016666666666666666,0.0,0.009259259259259259,0.016666666666666666,0.0,0.0,0.0,0.0,0.0,0.02777777777777778,0.0,0.38518518518518513,10.0
0.0,0.0,0.0,0.0,0.0,0.0,0.0,0.0,0.0,0.0,0.0,0.0,0.020833333333333332,0.0,0.0,0.0,0.0,0.0,0.0,0.0,0.0,0.0,0.0,0.0,0.0,0.0,0.0,0.0,0.0,0.0,0.0,0.0,0.0,0.0,0.0,0.0,0.020833333333333332,0.020833333333333332,0.0,0.0,0.020833333333333332,0.0,0.016666666666666666,0.2333333333333333,11.0
0.0,0.0,0.0,0.0,0.0,0.0,0.0,0.0,0.0,0.0,0.0,0.0,0.0,0.008333333333333333,0.0,0.0,0.0,0.0,0.0,0.0,0.0,0.0,0.0,0.0,0.0,0.0,0.0,0.0,0.0,0.0,0.0,0.0,0.0,0.0,0.0,0.0,0.016666666666666666,0.0,0.0,0.0,0.016666666666666666,0.0,0.025000000000000005,0.10000000000000002,12.0
0.0,0.0,0.0,0.0,0.0,0.0,0.0,0.0,0.0,0.0,0.0,0.0,0.0,0.005555555555555556,0.0,0.0,0.0,0.0,0.0,0.0,0.0,0.0,0.005555555555555556,0.0,0.0,0.0,0.0,0.0,0.0,0.0,0.0,0.0,0.0,0.0,0.0,0.0,0.0,0.0,0.0,0.0,0.0,0.005555555555555556,0.005555555555555556,0.06111111111111111,13.0
