hh,jo,ce,cj,so,gh,eh,sc,se,he,ih,hj,jh,hi,jg,gc,jc,sj,go,ci,ei,cc,ic,oj,ji,hg,ij,si,gi,oe,io,eo,oc,ch,ee,ie,og,oi,ge,cg,gj,sh,sg,eg,gg,ig,ii,es,hs,os,js,gs,is,cs,ss,TimeFactor
0.0,0.0,0.0,0.0,0.0,0.0,0.0,0.0,0.0,0.0,0.0,0.0,0.0,0.0,0.0,0.0,0.0,0.0,0.0,0.0,0.0,0.0,0.0,0.0,0.0,0.0,0.0,0.0,0.0,0.001488095238095238,0.001488095238095238,0.0018115942028985507,0.0018115942028985507,0.0018115942028985507,0.0018115942028985507,0.0018115942028985507,0.0018115942028985507,0.0018115942028985507,0.001984126984126984,0.0026041666666666665,0.002777777777777778,0.002777777777777778,0.0032051282051282055,0.003472222222222222,0.0047619047619047615,0.005189255189255189,0.005456349206349205,0.01091269841269841,0.02239080112721417,0.029838466183574875,0.0630488146113146,0.06367781272672576,0.06537767536408841,0.09804454553095855,0.5988231273557361,1.0
0.0,0.0,0.0,0.0,0.0,0.0,0.0,0.0,0.0,0.0,0.0,0.0,0.0,0.0,0.0,0.0,0.0,0.0,0.0,0.0,0.0,0.0,0.002777777777777778,0.002976190476190476,0.002976190476190476,0.002976190476190476,0.003787878787878788,0.0043859649122807015,0.005952380952380952,0.0,0.005208333333333333,0.0,0.0,0.0,0.0,0.0,0.0,0.003787878787878788,0.0,0.0,0.0,0.0,0.01856203007518797,0.0,0.005208333333333333,0.0,0.005169172932330827,0.020652958152958152,0.00996919746919747,0.030392019043334828,0.03183405897221687,0.059514236981342235,0.10145675474622844,0.03656724610671979,0.562511872873715,2.0
0.0,0.0,0.0,0.0,0.0,0.0,0.0,0.0,0.001736111111111111,0.0018115942028985507,0.0018115942028985507,0.0024509803921568627,0.0024509803921568627,0.0024509803921568627,0.0024509803921568627,0.002777777777777778,0.002777777777777778,0.002777777777777778,0.002777777777777778,0.002777777777777778,0.003472222222222222,0.004262574595055414,0.002777777777777778,0.0,0.0,0.0,0.0,0.005998685706166525,0.0,0.0,0.0,0.0,0.0,0.0,0.0,0.0,0.0018115942028985507,0.0,0.0021929824561403508,0.00821256038647343,0.0,0.006944444444444444,0.010003262365205426,0.0,0.0,0.00522875816993464,0.014632936507936506,0.015438044973901078,0.01912196037835424,0.026338143953233462,0.04180672268907563,0.10363335742382383,0.09870358707937789,0.04148423862298543,0.5588840360705686,3.0
0.0,0.0,0.0,0.0026041666666666665,0.002777777777777778,0.003084415584415584,0.004079861111111111,0.005555555555555556,0.0,0.0013020833333333333,0.0026041666666666665,0.0,0.0,0.0011904761904761904,0.0026041666666666665,0.0,0.0,0.0,0.0,0.007254464285714285,0.0,0.0053819444444444435,0.001893939393939394,0.0,0.0,0.0,0.0,0.01558779761904762,0.0,0.0,0.0,0.0,0.0,0.0,0.0026041666666666665,0.010032242063492063,0.0046717171717171714,0.0013020833333333333,0.0,0.004498106060606061,0.0,0.0026041666666666665,0.01718975468975469,0.0,0.004079861111111111,0.00390625,0.004498106060606061,0.024789186507936507,0.022181637806637806,0.022070030663780663,0.010890151515151514,0.07543064574314573,0.09353805916305914,0.07012536075036076,0.5696676587301587,4.0
0.0,0.0,0.0018115942028985507,0.005208333333333333,0.005208333333333333,0.0,0.0,0.001388888888888889,0.0,0.0,0.0,0.0,0.0,0.001984126984126984,0.005208333333333333,0.0,0.0,0.0,0.001388888888888889,0.0018115942028985507,0.0035818713450292395,0.001388888888888889,0.0018115942028985507,0.0,0.0,0.0021929824561403508,0.0,0.012794781337401473,0.0023148148148148147,0.0,0.0018115942028985507,0.0,0.0,0.0021929824561403508,0.0018115942028985507,0.0023148148148148147,0.001984126984126984,0.0,0.0021929824561403508,0.007233796296296296,0.0,0.004177109440267335,0.01116364142679932,0.0,0.010909533935849725,0.0,0.0,0.021570871761089152,0.03871888459345554,0.02510301644812514,0.03755064745196324,0.07074406584918598,0.09627531443893,0.05146213552106,0.5646878615070835,5.0
0.0,0.0,0.0,0.0,0.0,0.0,0.0,0.003505291005291005,0.0033307210031347963,0.0,0.0,0.0,0.0,0.001736111111111111,0.0011904761904761904,0.0,0.0,0.001893939393939394,0.0023809523809523807,0.001893939393939394,0.001893939393939394,0.0,0.0029265873015873016,0.0,0.001893939393939394,0.0,0.0,0.003273809523809524,0.003787878787878788,0.0,0.0023148148148148147,0.0,0.0,0.0,0.0,0.003787878787878788,0.0023148148148148147,0.0,0.0,0.0,0.0,0.0023148148148148147,0.01856060606060606,0.004208754208754209,0.0046717171717171714,0.003787878787878788,0.0036300505050505054,0.013356367451195035,0.019133624024928374,0.030417267917267916,0.022387685576403717,0.10173597815089568,0.0897470501762106,0.06193497542354364,0.5026548030998931,6.0
0.0,0.0021929824561403508,0.0,0.0,0.002777777777777778,0.0,0.0,0.0,0.0021929824561403508,0.0,0.0,0.0,0.0,0.0,0.0024509803921568627,0.0,0.0024509803921568627,0.0,0.0,0.0024509803921568627,0.0,0.0,0.0,0.0,0.0,0.0,0.0,0.002777777777777778,0.0023148148148148147,0.0,0.0,0.0,0.0,0.0,0.0,0.0023148148148148147,0.0,0.0021929824561403508,0.0026041666666666665,0.0,0.0,0.0,0.0020833333333333333,0.0,0.0026041666666666665,0.0,0.0024509803921568627,0.02866715399610136,0.046432896989205046,0.023969979073500746,0.0072525062656641605,0.09457935173692189,0.08849423494166579,0.04493444319342527,0.6318097130146154,7.0
0.0,0.0,0.0,0.0,0.0,0.0,0.0,0.0,0.0038949275362318843,0.0,0.0,0.0,0.0,0.0,0.0,0.0,0.0,0.0,0.0,0.0,0.0,0.0,0.0,0.0,0.0,0.0,0.0,0.004071969696969696,0.0,0.0,0.0,0.0,0.0,0.0,0.0,0.0,0.0,0.0,0.0,0.0,0.0,0.0,0.006676136363636363,0.0020833333333333333,0.003645833333333333,0.0,0.0,0.02616773323295062,0.024082166994304672,0.0176271645021645,0.01947799248523886,0.0787737515771936,0.08891892963450933,0.07046269283588123,0.6541173684742526,8.0
0.0,0.0,0.0,0.0,0.0015432098765432098,0.0015432098765432098,0.0,0.0,0.0,0.0,0.0,0.0,0.0,0.0015432098765432098,0.0,0.0,0.0,0.0,0.0,0.0,0.0,0.0,0.0015432098765432098,0.0,0.0,0.0,0.0,0.001736111111111111,0.0,0.0,0.0,0.0,0.0,0.0,0.0,0.0,0.0,0.0,0.0,0.0,0.0,0.0026041666666666665,0.0,0.0,0.0,0.0,0.0,0.019033840388007053,0.017509920634920635,0.016123236331569663,0.023796304753785576,0.06003528323567753,0.06523477285439136,0.06131788121850995,0.7264356432991876,9.0
0.0021929824561403508,0.0,0.0,0.0,0.0,0.000992063492063492,0.0,0.0,0.0,0.0,0.0,0.0,0.004797149122807018,0.0,0.0,0.0,0.0,0.0026041666666666665,0.0,0.0,0.0,0.0,0.0,0.0,0.0,0.0,0.0,0.006946068875893437,0.0,0.0,0.0,0.0,0.0,0.0,0.004325396825396825,0.0,0.0,0.0,0.0,0.0,0.0,0.0,0.001984126984126984,0.0,0.000992063492063492,0.0016666666666666668,0.0016666666666666668,0.022364097255401602,0.015151835832613864,0.006801358363858364,0.011728201515339196,0.055873151501011915,0.061389642022031406,0.0529985437744305,0.7455258184868215,10.0
0.0,0.0,0.0,0.0,0.0,0.0,0.0,0.0,0.0,0.0,0.0,0.0,0.0,0.0,0.001736111111111111,0.0,0.0,0.0,0.0,0.0,0.0,0.0,0.0,0.0,0.0,0.0,0.0,0.005833333333333334,0.0,0.0,0.0,0.0,0.0,0.0,0.0,0.0,0.0,0.0,0.0,0.0,0.0,0.0,0.008614200964034112,0.0,0.0,0.0,0.0,0.01870967741935484,0.024370039682539684,0.019493830593663743,0.020889230244068954,0.053689985124565215,0.03630098257322951,0.033888237812737254,0.6098077044746956,11.0
0.0,0.0,0.0,0.0,0.0,0.0,0.0,0.0,0.0013440860215053762,0.0,0.0,0.0,0.0,0.0,0.005131964809384164,0.0,0.0,0.003787878787878788,0.0,0.0,0.0,0.0,0.0,0.0,0.0,0.0,0.0,0.0,0.0,0.0,0.0,0.0,0.0,0.0,0.0,0.0,0.0,0.0,0.0,0.0,0.0,0.0,0.011805555555555555,0.0,0.003472222222222222,0.0,0.0,0.03053359051342922,0.005787037037037038,0.005131964809384164,0.009063852813852814,0.09952404226597776,0.03090757808499744,0.030311709646387065,0.6798651840990549,12.0
0.0,0.0,0.0,0.0,0.0,0.0,0.0,0.0,0.0024509803921568627,0.0,0.0,0.0,0.0,0.0,0.0,0.0,0.0,0.0023148148148148147,0.0,0.0,0.0,0.0,0.0,0.0,0.0,0.0,0.0,0.0,0.0,0.0,0.0,0.0,0.0,0.0,0.0,0.0,0.0,0.0,0.004765795206971677,0.0,0.0,0.0,0.0,0.0,0.0,0.0,0.0,0.015634284016636957,0.011710239651416121,0.0023148148148148147,0.006944444444444444,0.04871609191462133,0.04172451323186618,0.04616536785654433,0.5672586536557124,13.0
