gh,ho,cc,cg,oi,ec,jh,go,ie,ci,hi,ih,gg,ei,so,oj,hh,eg,sj,se,sh,gi,ii,ig,os,sc,hs,sg,cs,es,si,is,js,gs,ss,TimeFactor
0.0,0.0,0.0,0.0,0.0,0.0,0.0,0.0,0.0,0.0,0.0,0.0,0.0,0.0,0.0,0.0,0.0,0.0,0.0,0.0,0.0,0.0,0.0,0.0,0.001736111111111111,0.001736111111111111,0.001736111111111111,0.004166666666666667,0.010567632850241546,0.010567632850241546,0.013888888888888888,0.041900304807913506,0.05578919369680239,0.07590435932827236,0.6153403209109731,1.0
0.0,0.0,0.0,0.0,0.0,0.0,0.0,0.0,0.0,0.0,0.0,0.0,0.0,0.0,0.0,0.0,0.0,0.0,0.0,0.0,0.0013440860215053762,0.001736111111111111,0.015625,0.041666666666666664,0.0013440860215053762,0.001736111111111111,0.004032258064516129,0.013888888888888888,0.006765232974910394,0.00984543010752688,0.04487179487179487,0.04699734629170113,0.01194743130227001,0.1468382386729161,0.6513613178935759,2.0
0.0,0.0,0.0,0.0,0.0,0.0,0.0,0.0,0.0,0.0,0.0,0.0,0.0,0.0013020833333333333,0.0013020833333333333,0.0023148148148148147,0.0023148148148148147,0.002976190476190476,0.004629629629629629,0.005952380952380952,0.0,0.0,0.0013020833333333333,0.0023148148148148147,0.005580357142857143,0.0,0.012682956636760985,0.013186177248677248,0.012173445767195765,0.009334742351046699,0.008267195767195767,0.035575855532907284,0.011243386243386243,0.06630934776020757,0.5512376400471198,3.0
0.0,0.0,0.0,0.0,0.0,0.0,0.0,0.0,0.0,0.0,0.0020833333333333333,0.0020833333333333333,0.0035201149425287356,0.0,0.0014367816091954023,0.0,0.0,0.0,0.0,0.0,0.0028735632183908046,0.0,0.002777777777777778,0.0,0.0014367816091954023,0.0,0.046922892720306524,0.006393678160919541,0.0020833333333333333,0.014284003831417626,0.007040229885057471,0.027131226053639847,0.006645114942528736,0.051907726692209444,0.5713801085568327,4.0
0.0,0.0,0.0,0.0,0.0,0.0,0.0,0.0,0.0013440860215053762,0.0024509803921568627,0.0,0.0,0.0013440860215053762,0.0,0.0011904761904761904,0.0,0.0,0.0,0.0,0.0,0.0023809523809523807,0.0,0.0,0.004662698412698413,0.006944444444444444,0.0013440860215053762,0.007520104816119997,0.017613927291346646,0.005586080586080586,0.005586080586080586,0.0013440860215053762,0.015403555963328257,0.007282913165266106,0.05713754277558832,0.6108638989094397,5.0
0.0,0.0,0.0,0.0,0.0,0.001893939393939394,0.001893939393939394,0.020833333333333332,0.0,0.0,0.0,0.0,0.030228758169934644,0.0,0.0,0.0,0.0,0.0,0.0,0.001893939393939394,0.0,0.001893939393939394,0.003787878787878788,0.015979118920295392,0.005555555555555556,0.0,0.004344919786096257,0.018360071301247772,0.0030864197530864196,0.019065656565656564,0.005331088664421998,0.019304152637485972,0.003787878787878788,0.04550641805543767,0.5472529921059333,6.0
0.0,0.0,0.0,0.0,0.0026041666666666665,0.0,0.0,0.0,0.0,0.0,0.0,0.0,0.0,0.0,0.0,0.0,0.0,0.0,0.0,0.0,0.0,0.0,0.0,0.0,0.0,0.0,0.001893939393939394,0.029108796296296296,0.0026041666666666665,0.0026041666666666665,0.008333333333333333,0.028587962962962964,0.0,0.03347537878787879,0.6407880892255892,7.0
0.0,0.0,0.008333333333333333,0.008333333333333333,0.0,0.0,0.0,0.0,0.0,0.0,0.0,0.0,0.008333333333333333,0.0,0.008333333333333333,0.0,0.0,0.0,0.0,0.0,0.0,0.0,0.0,0.0,0.008333333333333333,0.0,0.0,0.014285714285714285,0.003787878787878788,0.006944444444444444,0.008333333333333333,0.014285714285714285,0.0,0.16944444444444443,0.49125180375180366,8.0
0.0032051282051282055,0.0032051282051282055,0.0,0.006944444444444444,0.0,0.0,0.0,0.0,0.0,0.0,0.0,0.0032051282051282055,0.0,0.0,0.0,0.0,0.0,0.0,0.0,0.0,0.0,0.0,0.0,0.0,0.006944444444444444,0.0,0.010416666666666666,0.0032051282051282055,0.017094017094017092,0.013621794871794872,0.0032051282051282055,0.033959096459096456,0.0,0.013125763125763126,0.5485347985347986,9.0
0.0,0.0,0.0,0.0,0.0,0.0,0.0,0.0,0.0,0.0,0.0,0.0,0.020833333333333332,0.0,0.0,0.0,0.0,0.0,0.0,0.0,0.024038461538461536,0.0,0.0,0.0,0.0,0.0,0.0,0.005208333333333333,0.003472222222222222,0.026041666666666668,0.041666666666666664,0.041666666666666664,0.0,0.09548611111111112,0.5749198717948718,10.0
0.0,0.0,0.0,0.0,0.0,0.0,0.0,0.0,0.0,0.0,0.0,0.0,0.002777777777777778,0.0,0.0,0.0,0.0,0.010416666666666666,0.0,0.0,0.0,0.010416666666666666,0.0,0.0,0.0,0.0,0.0,0.005555555555555556,0.0,0.0,0.0,0.013888888888888888,0.0,0.006944444444444445,0.45,11.0
0.0,0.0,0.0,0.0,0.0,0.0,0.0,0.0,0.0,0.0,0.0,0.0,0.005952380952380952,0.0,0.0,0.0,0.0,0.0,0.0,0.0,0.0,0.0,0.0,0.0,0.0,0.0,0.0,0.010416666666666666,0.0,0.008333333333333333,0.0,0.016666666666666666,0.0021929824561403508,0.04080513784461153,0.4156328320802005,12.0
0.0,0.0,0.0,0.0,0.0,0.0,0.0,0.0,0.0,0.0,0.0,0.0,0.008333333333333333,0.0,0.0,0.0,0.0,0.0,0.0,0.0,0.0,0.0,0.0,0.0,0.0,0.0,0.0,0.012719298245614035,0.0,0.0021929824561403508,0.0,0.0043859649122807015,0.0,0.013157894736842105,0.5425438596491228,13.0
