ege,seg,seh,gge,geg,ihs,ggg,hgg,isc,egi,oss,ees,csg,ssi,csi,gjs,sge,igs,ice,ces,esi,eis,gis,ses,sgi,hsg,sse,hii,ihi,ehs,hss,isg,gse,ese,gsg,cse,isi,see,ggh,ghs,esg,igg,sis,ggs,jsc,sei,ies,scc,eig,egs,gsi,sii,ess,jsg,sgs,sjs,jss,css,ssg,sgg,iss,gss,sss,TimeFactor
0.0,0.0,0.0,0.0,0.0,0.0,0.0,0.0,0.0,0.0,0.0,0.0,0.0,0.0,0.0,0.0,0.0,0.0,0.0,0.0,0.0,0.0,0.0,0.0,0.0,0.0,0.0,0.0,0.0,0.0,0.0,0.0,0.0,0.0,0.0,0.0,0.0,0.0,0.0,0.0,0.0,0.0,0.0,0.0,0.008333333333333333,0.008333333333333333,0.008333333333333333,0.008333333333333333,0.008333333333333333,0.008333333333333333,0.008333333333333333,0.008333333333333333,0.008333333333333333,0.013888888888888888,0.013888888888888888,0.013888888888888888,0.013888888888888888,0.020833333333333332,0.027777777777777776,0.027777777777777776,0.041666666666666664,0.04305555555555555,0.20833333333333334,1.0
0.0,0.0,0.0,0.0,0.0,0.0,0.0,0.0,0.0,0.0,0.0,0.0,0.0,0.0,0.0,0.0,0.0,0.0,0.0,0.0,0.0,0.0,0.0,0.0,0.0,0.0,0.0,0.0,0.0,0.0,0.0,0.0,0.0,0.0,0.0,0.0,0.0,0.0,0.0,0.0,0.0,0.005952380952380952,0.013888888888888888,0.026785714285714284,0.0,0.0,0.0,0.0,0.0,0.0,0.0,0.0,0.01984126984126984,0.0,0.027777777777777776,0.041666666666666664,0.041666666666666664,0.0,0.010416666666666666,0.03125,0.031746031746031744,0.08333333333333333,0.3323412698412698,2.0
0.0,0.0,0.0,0.0,0.0,0.0,0.0,0.0,0.0,0.0,0.0,0.0,0.0,0.0,0.0,0.0,0.0,0.0,0.0,0.0,0.0,0.0,0.0,0.0,0.0,0.0,0.0,0.0,0.0,0.0,0.0,0.0,0.0,0.0,0.006944444444444444,0.013888888888888888,0.013888888888888888,0.013888888888888888,0.020833333333333332,0.020833333333333332,0.020833333333333332,0.0,0.03472222222222222,0.003472222222222222,0.0,0.0,0.0,0.0,0.0,0.0,0.003472222222222222,0.003472222222222222,0.005952380952380952,0.0,0.003472222222222222,0.0,0.0,0.0,0.0,0.027777777777777776,0.0744047619047619,0.1488095238095238,0.3333333333333333,3.0
0.0,0.0,0.0,0.0,0.0,0.0,0.0,0.0,0.0,0.0,0.0,0.0,0.0,0.0,0.0,0.0,0.0,0.0,0.0,0.0,0.0,0.0,0.0,0.0,0.0,0.0,0.0,0.006944444444444444,0.006944444444444444,0.006944444444444444,0.006944444444444444,0.010416666666666666,0.010416666666666666,0.013888888888888888,0.0,0.0,0.0,0.024305555555555552,0.0,0.0,0.0,0.0,0.0,0.0,0.0,0.0,0.0,0.0,0.0,0.004629629629629629,0.0,0.0,0.02314814814814815,0.0,0.0,0.0,0.0,0.010416666666666666,0.013888888888888888,0.024305555555555552,0.10300925925925926,0.09722222222222221,0.30324074074074076,4.0
0.0,0.0,0.0,0.0,0.0,0.0,0.0,0.0,0.0,0.0,0.0,0.0,0.0,0.0,0.0,0.0,0.0,0.0,0.0,0.0,0.0,0.0,0.0,0.006944444444444444,0.013888888888888888,0.013888888888888888,0.020833333333333332,0.0,0.0,0.0,0.05555555555555555,0.0,0.0,0.0,0.013888888888888888,0.020833333333333332,0.027777777777777776,0.041666666666666664,0.0,0.0,0.0,0.0,0.027777777777777776,0.0,0.0,0.0,0.0,0.0,0.0,0.0,0.03472222222222222,0.05555555555555555,0.05555555555555555,0.0,0.013888888888888888,0.0,0.0,0.0,0.05555555555555555,0.06944444444444443,0.04861111111111111,0.0625,0.27777777777777773,5.0
0.0,0.0,0.0,0.0,0.0,0.0,0.0,0.0,0.0,0.0,0.0,0.0,0.0,0.0,0.0,0.006944444444444444,0.006944444444444444,0.006944444444444444,0.010416666666666666,0.010416666666666666,0.010416666666666666,0.020833333333333332,0.020833333333333332,0.0,0.0,0.0,0.0,0.0,0.0,0.0,0.0,0.0,0.0,0.020833333333333332,0.0625,0.0,0.03472222222222222,0.020833333333333332,0.0,0.0,0.006944444444444444,0.0,0.0,0.010416666666666666,0.0,0.0,0.0,0.0,0.0,0.013888888888888888,0.0,0.024305555555555552,0.0,0.0,0.006944444444444444,0.006944444444444444,0.020833333333333332,0.0,0.027777777777777776,0.08333333333333333,0.07986111111111112,0.09375,0.22569444444444445,6.0
0.0,0.0,0.0,0.0,0.0,0.0,0.0,0.0,0.0,0.0,0.0,0.0,0.0,0.005208333333333333,0.013888888888888888,0.0,0.0,0.020833333333333332,0.0,0.0,0.0,0.0,0.008333333333333333,0.0,0.0,0.0,0.005208333333333333,0.0,0.0,0.0,0.020833333333333332,0.010416666666666666,0.020833333333333332,0.0,0.005952380952380952,0.0,0.0,0.026041666666666668,0.0,0.0,0.0,0.0,0.0,0.0,0.0,0.0,0.0,0.0,0.020833333333333332,0.0,0.0,0.01909722222222222,0.01636904761904762,0.0,0.02157738095238095,0.0,0.0,0.0,0.0,0.010416666666666666,0.07296626984126985,0.08348214285714285,0.3677083333333333,7.0
0.0,0.0,0.0,0.0,0.0,0.0,0.0,0.0,0.0,0.0,0.0,0.0,0.008333333333333333,0.0,0.0,0.0,0.0,0.029166666666666664,0.0,0.0,0.0,0.0,0.0,0.0,0.0,0.0,0.006944444444444444,0.0,0.0,0.0,0.0,0.0,0.0,0.008333333333333333,0.020833333333333332,0.0,0.0,0.015277777777777779,0.0,0.0,0.0,0.0,0.0,0.041666666666666664,0.0,0.0,0.0,0.0,0.0,0.0,0.0,0.0,0.0,0.0,0.08333333333333333,0.0,0.0,0.0,0.0,0.008333333333333333,0.048611111111111105,0.2125,0.18333333333333335,8.0
0.0,0.0,0.0,0.0,0.0,0.0,0.0,0.005952380952380952,0.008333333333333333,0.020833333333333332,0.024305555555555552,0.041666666666666664,0.0,0.022222222222222223,0.0,0.0,0.0,0.041666666666666664,0.0,0.0,0.0,0.0,0.0625,0.0,0.0,0.0,0.0,0.0,0.0,0.0,0.041666666666666664,0.0,0.0,0.0,0.016666666666666666,0.0,0.0,0.0,0.0,0.0,0.0,0.005952380952380952,0.0,0.011904761904761904,0.0,0.0,0.0,0.008333333333333333,0.0,0.0,0.0,0.022222222222222223,0.052083333333333336,0.0,0.022222222222222223,0.0,0.0,0.0,0.0,0.008333333333333333,0.0744047619047619,0.11359126984126983,0.22847222222222222,9.0
0.0,0.0,0.0,0.0,0.0,0.0,0.005952380952380952,0.0,0.0,0.0,0.0,0.0,0.0,0.0,0.0,0.0,0.0,0.0,0.0,0.0,0.0,0.0,0.020833333333333332,0.0,0.0,0.0,0.0,0.0,0.0,0.0,0.047619047619047616,0.0,0.0,0.0,0.004166666666666667,0.0,0.0,0.0,0.0,0.041666666666666664,0.013888888888888888,0.0,0.013888888888888888,0.0,0.0,0.0,0.0,0.0,0.0,0.0,0.0,0.0,0.0,0.0,0.012499999999999999,0.0,0.0,0.0,0.041666666666666664,0.06150793650793651,0.04662698412698413,0.0507936507936508,0.13888888888888887,10.0
0.0,0.0,0.0,0.0,0.0,0.010416666666666666,0.008333333333333333,0.0,0.0,0.0,0.0,0.0,0.0,0.0,0.0,0.0,0.0,0.0,0.0,0.0,0.0,0.0,0.0,0.010416666666666666,0.0,0.0,0.014583333333333332,0.0,0.0,0.0,0.010416666666666666,0.013888888888888888,0.0,0.0,0.004166666666666667,0.0,0.0,0.014583333333333332,0.0,0.0,0.0,0.0,0.010416666666666666,0.004166666666666667,0.0,0.0,0.0,0.0,0.0,0.0,0.0,0.0,0.010416666666666666,0.0,0.04583333333333334,0.0,0.0,0.0,0.004166666666666667,0.022222222222222223,0.06597222222222222,0.07222222222222223,0.09444444444444444,11.0
0.008333333333333333,0.008333333333333333,0.008333333333333333,0.013888888888888888,0.013888888888888888,0.0,0.0,0.0,0.0,0.0,0.0,0.0,0.0,0.008333333333333333,0.008333333333333333,0.0,0.0,0.0,0.0,0.0,0.0,0.0,0.0,0.0,0.0,0.0,0.008333333333333333,0.0,0.0,0.008333333333333333,0.010416666666666666,0.0,0.0,0.0,0.016666666666666666,0.0,0.0,0.008333333333333333,0.0,0.0,0.0,0.0,0.008333333333333333,0.013888888888888888,0.0,0.0,0.0,0.0,0.0,0.0,0.013888888888888888,0.030555555555555558,0.0,0.0,0.027083333333333334,0.0,0.0,0.0,0.0,0.008333333333333333,0.029166666666666664,0.05486111111111111,0.10902777777777778,12.0
0.0,0.0,0.0,0.0,0.0,0.0,0.0,0.0,0.0,0.0,0.0,0.0,0.0,0.010416666666666666,0.0,0.0,0.0,0.0,0.0,0.0,0.0,0.0,0.0,0.0,0.0,0.0,0.0,0.0,0.0,0.0,0.0,0.0,0.0,0.0,0.0,0.0,0.0,0.0,0.0,0.0,0.0,0.0,0.020833333333333332,0.0,0.0,0.0,0.0,0.0,0.0,0.0,0.010416666666666666,0.010416666666666666,0.0,0.0,0.010416666666666666,0.0,0.0,0.0,0.010416666666666666,0.010416666666666666,0.03125,0.041666666666666664,0.17708333333333334,13.0
