ehs,ges,gge,hgs,sgh,ggg,sos,isg,ssg,ies,ses,egi,igs,sgi,gsi,iii,hcs,ggi,isj,gsj,ssi,gii,isi,sie,sgj,ggs,gse,iej,ish,sgg,shs,sge,gsh,iis,hss,jhg,gis,ess,sgs,cig,cgs,sis,gcs,gss,oss,iie,gsg,isc,hsg,css,jss,iss,sss,TimeFactor
0.0,0.0,0.0,0.0,0.0,0.0,0.0,0.0,0.0,0.0,0.0,0.0,0.0,0.0,0.0,0.0,0.0,0.0,0.0,0.0,0.0,0.0,0.0,0.0,0.0,0.0,0.0,0.0,0.0,0.0,0.0,0.0,0.0,0.0,0.0,0.0,0.0,0.0,0.0,0.0,0.0,0.0,0.0,0.004901960784313725,0.006944444444444444,0.011904761904761904,0.013888888888888888,0.013888888888888888,0.020833333333333332,0.05147058823529411,0.09611344537815125,0.10212418300653596,0.5112628384687207,1.0
0.0,0.0,0.0,0.0,0.0,0.0,0.0,0.0,0.0,0.0,0.0,0.0,0.0,0.0,0.0,0.0,0.0,0.0,0.0,0.0,0.0,0.0,0.0,0.0,0.0,0.0,0.0,0.0,0.0,0.0,0.0,0.0,0.0,0.0,0.0,0.0,0.005208333333333333,0.005208333333333333,0.005555555555555556,0.007575757575757576,0.007575757575757576,0.007575757575757576,0.041666666666666664,0.0857638888888889,0.01875,0.0,0.0,0.0,0.0,0.030145202020202017,0.08263888888888889,0.09895833333333333,0.5200441919191919,2.0
0.0,0.0,0.0,0.0,0.0,0.0,0.0,0.0,0.0,0.0,0.0,0.0,0.0,0.0,0.0,0.0,0.0,0.0,0.0,0.0,0.0,0.0,0.0,0.0,0.0,0.0,0.0,0.0,0.0,0.0,0.0,0.0,0.0,0.003472222222222222,0.003472222222222222,0.010416666666666666,0.0,0.009882478632478632,0.0,0.0,0.0,0.013888888888888888,0.0,0.05694444444444444,0.013888888888888888,0.0,0.0,0.0,0.0,0.08002136752136751,0.044444444444444446,0.17895299145299146,0.5012820512820513,3.0
0.0,0.0,0.0,0.0,0.0,0.0,0.0,0.0,0.0,0.0,0.0,0.0,0.0,0.0,0.0,0.0,0.0,0.0,0.0,0.0,0.0,0.0,0.0,0.002976190476190476,0.002976190476190476,0.002976190476190476,0.002976190476190476,0.0036231884057971015,0.004901960784313725,0.005208333333333333,0.006944444444444444,0.009259259259259259,0.009259259259259259,0.011904761904761904,0.020150335775335773,0.0,0.004901960784313725,0.012780112044817929,0.0036231884057971015,0.0,0.0,0.0,0.0,0.13557538771733146,0.01736111111111111,0.0,0.0,0.005208333333333333,0.0,0.07391651104886399,0.040255918420880055,0.0930063622438942,0.4468814764850571,4.0
0.0,0.0,0.0,0.0,0.0,0.0,0.0,0.0,0.0,0.0,0.0,0.0,0.0,0.0,0.0,0.0,0.003787878787878788,0.003968253968253968,0.004166666666666667,0.0043859649122807015,0.0043859649122807015,0.007954545454545455,0.008333333333333333,0.0,0.0,0.003787878787878788,0.004629629629629629,0.0,0.0,0.0,0.018315018315018316,0.0,0.0,0.0,0.07658730158730158,0.0,0.004166666666666667,0.021843434343434342,0.003968253968253968,0.0,0.0,0.025348725348725346,0.0,0.13335098137729717,0.018994431494431495,0.0,0.003968253968253968,0.0,0.006410256410256411,0.07493130651025388,0.07428981836876573,0.1698757139546613,0.3225497212339318,5.0
0.0,0.0,0.0,0.0,0.0,0.0,0.0,0.0,0.0,0.0,0.0026881720430107525,0.003472222222222222,0.003472222222222222,0.004166666666666667,0.004166666666666667,0.006410256410256411,0.0,0.0,0.0,0.0,0.0,0.0,0.006410256410256411,0.0,0.0,0.005555555555555556,0.0,0.0,0.0,0.004166666666666667,0.0,0.0,0.0,0.004629629629629629,0.015046296296296294,0.0,0.0,0.025632819987658696,0.005555555555555556,0.0,0.0,0.010185185185185184,0.0,0.13715060327963555,0.01091269841269841,0.0,0.003472222222222222,0.0,0.005555555555555556,0.028916230125907546,0.07387508697992569,0.14845364462299945,0.4901057872832067,6.0
0.0,0.0,0.0,0.0,0.0,0.0,0.0043859649122807015,0.0043859649122807015,0.004629629629629629,0.011904761904761904,0.0,0.0,0.0,0.0,0.0,0.0,0.0,0.0,0.0,0.0,0.0,0.0,0.0,0.0,0.0,0.0,0.0,0.0,0.0,0.0,0.0,0.0,0.0,0.0,0.046862816764132544,0.0,0.0,0.02174707602339181,0.0,0.0,0.0,0.0,0.0,0.09164713332476489,0.039047619047619046,0.0,0.0,0.0,0.0,0.013541666666666667,0.05689136034530772,0.15464856050382367,0.5503074459653406,7.0
0.0,0.0,0.0,0.0,0.0,0.0,0.0,0.0,0.0,0.0,0.0,0.0,0.0,0.0,0.0,0.0,0.0,0.0,0.0,0.0,0.0,0.0,0.0,0.0,0.0,0.014520202020202022,0.0,0.0,0.0,0.004629629629629629,0.006944444444444444,0.0,0.006410256410256411,0.0,0.019675925925925927,0.0,0.006410256410256411,0.03587962962962963,0.0,0.0,0.009259259259259259,0.006410256410256411,0.0,0.1289030414030414,0.013354700854700854,0.0,0.013354700854700854,0.0,0.0,0.04090909090909091,0.06592897842897842,0.11100774225774225,0.5164018851518852,8.0
0.0,0.003787878787878788,0.003787878787878788,0.004901960784313725,0.005952380952380952,0.006410256410256411,0.0,0.0,0.005952380952380952,0.0,0.0,0.0,0.0,0.0,0.0,0.0,0.0,0.0,0.0,0.0,0.0,0.0,0.0,0.0,0.0,0.0,0.003787878787878788,0.0,0.0,0.008996212121212122,0.0,0.0,0.0,0.0,0.011904761904761904,0.0,0.0,0.011904761904761904,0.0,0.0,0.0,0.0,0.0,0.09563518589253882,0.0,0.0,0.0,0.0,0.0,0.024688852813852812,0.08317859972271736,0.09142788719994603,0.6376831229772405,9.0
0.010416666666666666,0.0,0.0,0.0,0.0,0.0,0.0,0.0,0.0,0.0,0.0,0.0,0.0,0.0,0.0,0.0,0.0,0.0,0.0,0.0,0.0,0.0,0.0,0.0,0.0,0.0,0.0,0.0,0.0,0.0,0.0,0.0,0.0,0.0,0.007575757575757576,0.0,0.0,0.024465811965811962,0.0,0.0,0.0,0.0,0.0,0.08920568810274693,0.007575757575757576,0.0,0.0,0.0,0.0,0.0,0.017379679144385027,0.060074484339190215,0.7833061546296841,10.0
0.0,0.0,0.0,0.008333333333333333,0.0,0.0,0.0,0.0,0.0,0.0,0.0,0.0,0.0,0.0,0.0,0.0,0.0,0.0,0.0,0.0,0.0,0.0,0.0,0.0,0.0,0.0,0.0,0.0,0.0,0.010416666666666666,0.0,0.0,0.0,0.0,0.0,0.0,0.005555555555555556,0.01948051948051948,0.004629629629629629,0.0,0.0,0.0,0.0,0.14657888407888406,0.0,0.0,0.0,0.0,0.0,0.0,0.0,0.07487073112073112,0.7301346801346802,11.0
0.0,0.0,0.0,0.0,0.0,0.0,0.0,0.0,0.0,0.0,0.0,0.0,0.0,0.0,0.0,0.0,0.0,0.0,0.0,0.0,0.01388888888888889,0.0,0.0,0.0,0.0,0.0,0.011904761904761904,0.0,0.0,0.0,0.0,0.0,0.0,0.005555555555555556,0.011904761904761904,0.0,0.0,0.050198412698412694,0.006410256410256411,0.0,0.0,0.0,0.0,0.13482836607836607,0.011904761904761904,0.0,0.0,0.0,0.0,0.026648351648351647,0.014814814814814814,0.08078796203796204,0.5478197728197728,12.0
0.0,0.0,0.0,0.0,0.0,0.0,0.0,0.005952380952380952,0.0,0.0,0.0,0.0,0.0,0.0,0.0,0.0,0.0,0.0,0.0,0.0,0.027777777777777776,0.0,0.0,0.0,0.0,0.0,0.0,0.0,0.0,0.0,0.0,0.0,0.0,0.0,0.0,0.0,0.0,0.019444444444444445,0.0,0.0,0.0,0.0,0.0,0.08095238095238096,0.007575757575757576,0.0,0.005952380952380952,0.0,0.0,0.026094276094276097,0.0,0.05412642912642912,0.6887908387908389,13.0
