js,oc,ch,gh,hh,ec,jg,io,hg,ci,ce,ih,hc,sc,eg,cg,cc,he,os,eh,ge,hi,sh,se,ee,ei,ie,ig,es,ii,gc,si,gi,ic,hs,is,cs,gs,sg,gg,ss,TimeFactor
0.0,0.0,0.0,0.0,0.0,0.0,0.0,0.0,0.0,0.0,0.0,0.0,0.0,0.0,0.0,0.0,0.0,0.0,0.0,0.0,0.0,0.0,0.0,0.0,0.0,0.0,0.0,0.0,0.0,0.0,0.0,0.0,0.0,0.016666666666666666,0.016666666666666666,0.016666666666666666,0.016666666666666666,0.021464646464646464,0.040909090909090916,0.06666666666666667,0.30429292929292934,1.0
0.0,0.0,0.0,0.0,0.0,0.0,0.0,0.0,0.0,0.0,0.0,0.0,0.0,0.0,0.0,0.0,0.0,0.000946969696969697,0.000946969696969697,0.001893939393939394,0.001893939393939394,0.004166666666666667,0.004166666666666667,0.0051136363636363645,0.005227272727272727,0.005681818181818181,0.007121212121212121,0.008068181818181818,0.012727272727272726,0.01284090909090909,0.016666666666666666,0.019734848484848484,0.026174242424242423,0.0,0.000946969696969697,0.032234848484848484,0.03333333333333333,0.02446969696969697,0.04984848484848484,0.009962121212121212,0.21583333333333332,2.0
0.0,0.0,0.0,0.0,0.0,0.0,0.0,0.0,0.0014619883040935672,0.0014619883040935672,0.0014619883040935672,0.0020325203252032522,0.003787878787878788,0.003787878787878788,0.004934210526315789,0.007575757575757576,0.007575757575757576,0.0020325203252032522,0.007260101010101011,0.005820399113082041,0.018128654970760234,0.0020325203252032522,0.004956496933390386,0.014503668755835789,0.012454615166266303,0.0020325203252032522,0.0020325203252032522,0.0,0.025095385822279274,0.04695348867364272,0.0014619883040935672,0.05659231841027492,0.003472222222222222,0.0,0.010776896046472426,0.04456649211134207,0.005249867091972355,0.05764699223452513,0.01151858606913323,0.036142956400903245,0.42852215420515094,3.0
0.0,0.0,0.0,0.0,0.0,0.0,0.0013440860215053762,0.010416666666666666,0.0,0.0,0.0026041666666666665,0.0013020833333333333,0.0,0.0013020833333333333,0.0013020833333333333,0.0,0.0,0.0,0.00378964552238806,0.0,0.006410256410256411,0.0026461693548387095,0.00954861111111111,0.03686599381274428,0.05381104390681004,0.0013020833333333333,0.0,0.0012437810945273632,0.019609637052295084,0.060329861111111105,0.0013020833333333333,0.022569444444444444,0.013354700854700854,0.0,0.010850694444444442,0.05619383377957679,0.0013440860215053762,0.04965067334107451,0.021459435212457634,0.022461262630553744,0.5036522005403213,4.0
0.0,0.0,0.0,0.0,0.009259259259259259,0.010416666666666666,0.0,0.0,0.0,0.0,0.0004990019960079841,0.0,0.0,0.0004990019960079841,0.0,0.0,0.0004901960784313725,0.0,0.0004901960784313725,0.0,0.0013959931798806478,0.0018563162970106075,0.005855033297417436,0.013377557262599565,0.06164824039483016,0.0004990019960079841,0.01091566866267465,0.000980392156862745,0.012058887745557884,0.02000077808901338,0.0,0.00635403529342542,0.0,0.0004901960784313725,0.004042085896234741,0.01827007420794675,0.012728616063857346,0.034345312754412875,0.026665189319570386,0.020501243975851208,0.5596943885869435,5.0
0.0,0.0,0.0,0.005208333333333333,0.0008865248226950354,0.016666666666666666,0.0,0.0,0.0,0.0,0.016666666666666666,0.007830969267139479,0.0,0.0,0.00037037037037037035,0.0,0.0,0.0,0.0,0.0,0.0,0.006094858156028369,0.013039302600472811,0.01783831908831909,0.023878205128205127,0.005775226757369614,0.0,0.005208333333333333,0.0018130775529301673,0.044723338812133716,0.0,0.013449966903228742,0.0,0.0,0.026041666666666668,0.030399265651469873,0.0,0.05107881436342727,0.03456903862272237,0.03430778707470915,0.5608199348287789,6.0
0.0,0.0011904761904761904,0.0011904761904761904,0.0,0.006881881881881882,0.0,0.0,0.0,0.0,0.0011904761904761904,0.0,0.0023148148148148147,0.0,0.00025484199796126404,0.0,0.0011904761904761904,0.00025484199796126404,0.0010416666666666667,0.0,0.0022321428571428575,0.0011904761904761904,0.0,0.004631417131417131,0.008065990157530902,0.01508179214601233,0.0011904761904761904,0.005311483665841464,0.0,0.008448101462807346,0.023666733960851605,0.0011904761904761904,0.015626629781041543,0.003843866802582399,0.0,0.0082010582010582,0.01783086740082153,0.0023809523809523807,0.03820136981062048,0.03209898839348208,0.043893580622870965,0.5847369778656809,7.0
0.006944444444444444,0.0,0.003968253968253968,0.0020325203252032522,0.0,0.003968253968253968,0.0,0.0,0.0,0.0,0.0,0.0,0.0,0.0,0.0020325203252032522,0.0,0.0,0.0002944640753828033,0.013888888888888888,0.0,0.0,0.0,0.014477817039654494,0.01949371766444937,0.018344589565394528,0.0020325203252032522,0.0020325203252032522,0.0,0.015747633125681906,0.0261604095149299,0.0,0.02260549281200586,0.0,0.0,0.02018412725772891,0.001157235641488297,0.003968253968253968,0.013253316249451372,0.009061484226546034,0.01105425971323936,0.4539639432418056,8.0
0.0,0.0,0.0,0.0,0.0,0.0,0.0,0.0,0.0,0.0,0.0,0.0,0.0,0.0,0.0,0.0,0.0,0.0,0.013888888888888888,0.0,0.0,0.0,0.0,0.014705882352941178,0.024509803921568627,0.0,0.0,0.0,0.004901960784313725,0.0,0.0,0.0,0.0,0.0,0.0,0.0,0.0,0.03124495560936239,0.032657384987893466,0.029519774011299432,0.34857134944373236,9.0
0.0,0.0,0.0,0.0,0.0,0.0,0.0,0.0,0.0,0.0,0.0,0.0,0.0,0.0,0.0,0.0,0.0,0.0,0.0,0.0,0.0,0.0,0.0,0.0,0.0,0.0,0.0,0.0,0.0017730496453900709,0.0,0.0,0.0,0.0,0.0,0.0,0.0,0.0,0.007328605200945627,0.007328605200945627,0.0,0.15023640661938534,10.0
0.0,0.0,0.0,0.0,0.0,0.0,0.0,0.0,0.0,0.0,0.0,0.0,0.0,0.0,0.0,0.0,0.0,0.0,0.0,0.0,0.0,0.0,0.0,0.0,0.0,0.0,0.0,0.0,0.0,0.0,0.0,0.0,0.0,0.0,0.0,0.0,0.0,0.0,0.0,0.0,0.0,11.0
0.0,0.0,0.0,0.0,0.0,0.0,0.0,0.0,0.0,0.0,0.0,0.0,0.0,0.0,0.0,0.0,0.0,0.0,0.0,0.0,0.0,0.0,0.0,0.0,0.0,0.0,0.0,0.0,0.0,0.0,0.0,0.0,0.0,0.0,0.0,0.0,0.0,0.0,0.0,0.0,0.0,12.0
0.0,0.0,0.0,0.0,0.0,0.0,0.0,0.0,0.0,0.0,0.0,0.0,0.0,0.0,0.0,0.0,0.0,0.0,0.0,0.0,0.0,0.0,0.0,0.0,0.0,0.0,0.0,0.0,0.0,0.0,0.0,0.0,0.0,0.0,0.0,0.0,0.0,0.0,0.0,0.0,0.0,13.0
