sge,gee,hgs,egg,seg,sig,igg,ish,gcs,cse,sse,isg,sci,cii,isc,sjg,isi,csi,eig,gse,scc,sjs,osi,iee,jsc,sie,shs,gsh,jgs,his,iih,ihi,jis,ehs,ggg,ghs,ohs,sis,cis,ggs,sgg,ssg,ihh,hse,egs,hhs,ihs,ise,esi,hsi,ese,hgi,gis,ses,see,oss,gig,igs,gsg,sii,ssi,ess,jsg,sgs,ssh,shh,gss,jss,hss,css,iss,sss,TimeFactor
0.0,0.0,0.0,0.0,0.0,0.0,0.0,0.0,0.0,0.0,0.0,0.0,0.0,0.0,0.0,0.0,0.0,0.0,0.0,0.0,0.0,0.0,0.0,0.0,0.0,0.0,0.0,0.0,0.0,0.0,0.0,0.0,0.0,0.0,0.0,0.0,0.0,0.0,0.0,0.0,0.0,0.0,0.0,0.0,0.0,0.0,0.0,0.0,0.0,0.0,0.0,0.0,0.0,0.0,0.0,0.0,0.0,0.0,0.0,0.0,0.0,0.0,0.0,0.0,0.0,0.0,0.006944444444444444,0.006944444444444444,0.006944444444444444,0.027777777777777776,0.03472222222222222,0.3333333333333333,1.0
0.0,0.0,0.0,0.0,0.0,0.0,0.0,0.0,0.0,0.0,0.0,0.0,0.0,0.0,0.0,0.0,0.0,0.0,0.0,0.0,0.0,0.0,0.0,0.0,0.0,0.0,0.0,0.0,0.0,0.0,0.0,0.0,0.0,0.0,0.0,0.0,0.0,0.0,0.0,0.0,0.0,0.0,0.0,0.0,0.0,0.0,0.0,0.0,0.0,0.0,0.0,0.0,0.0,0.0,0.0,0.0,0.0,0.0,0.0,0.0,0.0,0.0,0.006944444444444444,0.006944444444444444,0.009259259259259259,0.009259259259259259,0.006944444444444444,0.009259259259259259,0.020833333333333332,0.05555555555555555,0.0,0.375,2.0
0.0,0.0,0.0,0.0,0.0,0.0,0.0,0.0,0.0,0.0,0.0,0.0,0.0,0.0,0.0,0.0,0.0,0.0,0.0,0.0,0.0,0.0,0.0,0.0,0.0,0.0,0.0,0.0,0.0,0.0,0.0,0.0,0.0,0.0,0.0,0.0,0.0,0.0,0.0,0.0,0.0,0.0,0.0,0.0,0.0,0.0,0.0,0.0,0.0,0.0,0.0,0.0,0.0,0.0,0.0,0.009259259259259259,0.027777777777777776,0.027777777777777776,0.027777777777777776,0.037037037037037035,0.037037037037037035,0.05555555555555555,0.0,0.0,0.0,0.0,0.027777777777777776,0.018518518518518517,0.0,0.009259259259259259,0.018518518518518517,0.28703703703703703,3.0
0.0,0.0,0.0,0.0,0.0,0.0,0.0,0.0,0.0,0.0,0.0,0.0,0.0,0.0,0.0,0.0,0.0,0.0,0.0,0.0,0.0,0.0,0.0,0.0,0.0,0.0,0.0,0.0,0.0,0.0,0.0,0.0,0.0,0.0,0.0,0.0,0.0,0.0,0.005555555555555556,0.005555555555555556,0.005555555555555556,0.005555555555555556,0.006944444444444444,0.006944444444444444,0.006944444444444444,0.006944444444444444,0.006944444444444444,0.006944444444444444,0.006944444444444444,0.006944444444444444,0.013888888888888888,0.013888888888888888,0.013888888888888888,0.020833333333333332,0.020833333333333332,0.006944444444444444,0.0,0.0,0.005555555555555556,0.0,0.0,0.0,0.0,0.005555555555555556,0.0,0.0,0.012499999999999999,0.006944444444444444,0.0,0.06111111111111111,0.019444444444444445,0.30416666666666664,4.0
0.0,0.0,0.0,0.0,0.0,0.0,0.0,0.0,0.0,0.0,0.0,0.0,0.0,0.0,0.0,0.0,0.0,0.0,0.0,0.0,0.0,0.0,0.0,0.0,0.0,0.0,0.0,0.0,0.0,0.0,0.0,0.0,0.0,0.0,0.0,0.005555555555555556,0.013888888888888888,0.020833333333333332,0.0,0.0,0.006944444444444444,0.006944444444444444,0.0,0.0,0.0,0.0,0.0,0.0,0.0,0.0,0.0,0.0,0.0,0.0,0.0,0.013888888888888888,0.0,0.0,0.006944444444444444,0.0,0.0,0.0,0.0,0.013888888888888888,0.0,0.0,0.005555555555555556,0.0,0.03333333333333333,0.005555555555555556,0.041666666666666664,0.325,5.0
0.0,0.0,0.0,0.0,0.0,0.0,0.0,0.0,0.0,0.0,0.0,0.0,0.0,0.0,0.0,0.0,0.0,0.0,0.0,0.0,0.0,0.0,0.0,0.0,0.0,0.0,0.0,0.0,0.0,0.0,0.0,0.0,0.006944444444444444,0.013888888888888888,0.013888888888888888,0.0,0.0,0.0,0.0,0.0,0.013888888888888888,0.013888888888888888,0.0,0.0,0.0,0.0,0.0,0.0,0.0,0.0,0.0,0.0,0.0,0.0,0.0,0.0,0.0,0.0,0.0,0.0,0.0,0.027777777777777776,0.0,0.0,0.0,0.0,0.018518518518518517,0.0,0.04861111111111111,0.016203703703703703,0.027777777777777776,0.548611111111111,6.0
0.0,0.0,0.0,0.0,0.0,0.0,0.0,0.0,0.0,0.0,0.0,0.0,0.0,0.0,0.0,0.0,0.0,0.0,0.0,0.0,0.0,0.0,0.0,0.0,0.0,0.0,0.0,0.0,0.0,0.027777777777777776,0.027777777777777776,0.027777777777777776,0.013888888888888888,0.0,0.0,0.0,0.0,0.0,0.004629629629629629,0.004629629629629629,0.0,0.013888888888888888,0.0,0.0,0.0,0.0,0.0,0.0,0.0,0.0,0.0,0.0,0.0,0.0,0.0,0.013888888888888888,0.0,0.0,0.0,0.0,0.0,0.0,0.0,0.013888888888888888,0.0,0.0,0.06342592592592593,0.0,0.029629629629629627,0.012499999999999999,0.018518518518518517,0.3111111111111111,7.0
0.0,0.0,0.0,0.0,0.0,0.0,0.0,0.0,0.0,0.0,0.0,0.0,0.0,0.0,0.0,0.0,0.0,0.0,0.0,0.0,0.005555555555555556,0.005555555555555556,0.005555555555555556,0.005555555555555556,0.005555555555555556,0.005555555555555556,0.005555555555555556,0.011111111111111112,0.01736111111111111,0.0,0.0,0.0,0.0,0.0,0.0,0.0,0.0,0.0,0.0,0.013888888888888888,0.018518518518518517,0.004629629629629629,0.0,0.0,0.0,0.0,0.0,0.0,0.0,0.0,0.0,0.0,0.0,0.0,0.0,0.004629629629629629,0.0,0.011111111111111112,0.009259259259259259,0.0,0.0,0.005555555555555556,0.0,0.009259259259259259,0.0,0.005555555555555556,0.0775462962962963,0.018518518518518517,0.04629629629629629,0.011574074074074075,0.013888888888888888,0.5157407407407407,8.0
0.0,0.0,0.0,0.0,0.0,0.0,0.0,0.0,0.0,0.0,0.0,0.0,0.0,0.0,0.0,0.0,0.0,0.003968253968253968,0.003968253968253968,0.006944444444444444,0.0,0.0,0.0,0.0,0.0,0.0,0.0,0.0,0.0,0.0,0.0,0.0,0.0,0.0,0.006944444444444444,0.0,0.0,0.006105006105006104,0.0,0.020833333333333332,0.0,0.0,0.0,0.0,0.0,0.0,0.0,0.0,0.0,0.0,0.0,0.0,0.0,0.0,0.0,0.006944444444444444,0.0,0.003968253968253968,0.0,0.031746031746031744,0.03388278388278388,0.003968253968253968,0.0,0.0,0.0,0.0,0.031746031746031744,0.010734635734635734,0.0021367521367521365,0.031746031746031744,0.09238909238909239,0.7019739519739522,9.0
0.0,0.0,0.0,0.0,0.0,0.0,0.0,0.0,0.0,0.0,0.0,0.0,0.0,0.0,0.0,0.0030864197530864196,0.013888888888888888,0.0,0.0,0.0,0.0,0.0,0.0,0.0,0.0,0.0,0.0,0.0,0.0030864197530864196,0.0,0.0,0.0,0.0,0.0,0.0030864197530864196,0.0,0.0,0.013888888888888888,0.0,0.003968253968253968,0.0179673721340388,0.01652437069103736,0.0,0.0,0.0,0.0,0.0,0.0,0.0,0.0,0.0,0.0,0.003968253968253968,0.0,0.0,0.0025252525252525255,0.0,0.0,0.0,0.005555555555555556,0.005555555555555556,0.009523809523809523,0.0,0.0025252525252525255,0.0,0.0,0.0490420073753407,0.014197530864197531,0.010606060606060605,0.03248757415424082,0.0754308962642296,0.713085217251884,10.0
0.0,0.0,0.0,0.0,0.0,0.0,0.0,0.0030864197530864196,0.0030864197530864196,0.0030864197530864196,0.006944444444444444,0.006944444444444444,0.027777777777777776,0.027777777777777776,0.027777777777777776,0.0,0.0,0.0,0.0,0.0,0.0,0.0,0.0,0.0,0.0,0.0,0.0030864197530864196,0.0,0.0,0.0,0.0,0.0,0.0,0.0,0.006944444444444444,0.0,0.0,0.0,0.0,0.0,0.013888888888888888,0.013888888888888888,0.0,0.0,0.0,0.0,0.0,0.0,0.0,0.0030864197530864196,0.0,0.0,0.0,0.0,0.010030864197530864,0.0,0.0,0.0,0.0,0.0,0.0,0.013117283950617281,0.0,0.006944444444444444,0.0,0.0,0.013888888888888888,0.0030864197530864196,0.0030864197530864196,0.02700617283950617,0.020833333333333332,0.6712962962962963,11.0
0.0,0.0,0.004629629629629629,0.004629629629629629,0.004629629629629629,0.005555555555555556,0.010185185185185184,0.0,0.0,0.0,0.0,0.004629629629629629,0.0,0.0,0.0,0.0,0.004629629629629629,0.0,0.0,0.004629629629629629,0.0,0.0,0.0,0.0,0.0,0.0,0.0,0.0,0.0,0.0,0.0,0.0,0.0,0.0,0.013227513227513227,0.0,0.0,0.01574074074074074,0.0,0.0,0.02182539682539682,0.041005291005291,0.0,0.0,0.0,0.0,0.0,0.0,0.0,0.0,0.0,0.0,0.0,0.0,0.0,0.0,0.0,0.0,0.008597883597883597,0.004629629629629629,0.011111111111111112,0.003968253968253968,0.0,0.036375661375661374,0.0,0.0,0.09143518518518517,0.02314814814814815,0.0,0.0,0.011111111111111112,0.507638888888889,12.0
0.009259259259259259,0.009259259259259259,0.0,0.0,0.0,0.0,0.0,0.0,0.0,0.0,0.0,0.009259259259259259,0.0,0.0,0.0,0.0,0.009259259259259259,0.0,0.0,0.0,0.0,0.0,0.0,0.0,0.0,0.0,0.0,0.0,0.0,0.0,0.0,0.0,0.0,0.0,0.006944444444444444,0.0,0.0,0.009259259259259259,0.0,0.0,0.013888888888888888,0.006944444444444444,0.0,0.0,0.0,0.0,0.0,0.0,0.0,0.0,0.0,0.0,0.0,0.0,0.0,0.0,0.0,0.0,0.006944444444444444,0.0,0.0,0.0,0.0,0.006944444444444444,0.0,0.0,0.05787037037037037,0.0,0.0,0.013888888888888888,0.009259259259259259,0.41435185185185186,13.0
