oj,ji,io,oc,jc,ee,oh,gi,jj,oe,gh,ce,ho,cj,jh,go,ig,ej,so,ci,se,jg,ei,gj,js,sh,je,hg,sj,ie,eg,ge,ii,co,og,oi,ih,hj,gc,ic,cg,gg,ij,es,sg,sc,si,os,hs,cs,is,gs,ss,TimeFactor
0.0,0.0,0.0,0.0,0.0,0.0,0.0,0.0,0.0,0.0,0.0,0.0,0.0,0.0,0.0,0.0,0.0,0.0,0.0,0.0,0.0,0.0,0.0,0.0,0.0,0.0,0.003787878787878788,0.003787878787878788,0.003787878787878788,0.003787878787878788,0.004629629629629629,0.004629629629629629,0.004629629629629629,0.006410256410256411,0.006410256410256411,0.007575757575757576,0.007575757575757576,0.007575757575757576,0.007575757575757576,0.008333333333333333,0.008333333333333333,0.012820512820512822,0.013986013986013986,0.015993265993265993,0.01978114478114478,0.029797979797979796,0.040850815850815854,0.04176379176379177,0.045046620046620044,0.04873737373737374,0.07474747474747474,0.26119528619528615,0.30644910644910645,1.0
0.0,0.0,0.0,0.0,0.0,0.0,0.0,0.0,0.0,0.0,0.0,0.0,0.0,0.0,0.0,0.0,0.0,0.0,0.0,0.002976190476190476,0.002976190476190476,0.005952380952380952,0.006944444444444444,0.006944444444444444,0.01011904761904762,0.012152777777777776,0.0,0.0,0.0,0.007878151260504201,0.0,0.0,0.0,0.0,0.0,0.0,0.0,0.0,0.0,0.0,0.0,0.02248168498168498,0.0,0.005208333333333333,0.04186777275012569,0.002976190476190476,0.014136904761904762,0.00992063492063492,0.02573529411764706,0.013095238095238096,0.1505274545715722,0.261539359333477,0.3965675052072111,2.0
0.0,0.0,0.0,0.0,0.0,0.0,0.0,0.0,0.0,0.0,0.0,0.0,0.0,0.0,0.0,0.0030864197530864196,0.0030864197530864196,0.004901960784313725,0.004901960784313725,0.0,0.0033333333333333335,0.002976190476190476,0.0,0.0,0.003472222222222222,0.0,0.0,0.016666666666666666,0.05839285714285714,0.0,0.0,0.0030864197530864196,0.021568627450980395,0.0,0.0,0.0,0.0,0.0,0.0,0.0,0.0,0.011875000000000002,0.0,0.061309523809523814,0.0408641975308642,0.0,0.047712937026662516,0.022976190476190473,0.016302231718898386,0.0033333333333333335,0.10943790051633188,0.21105973229747743,0.3496558751705811,3.0
0.0,0.0,0.0,0.0,0.0,0.0,0.0,0.0,0.0,0.0,0.0,0.0,0.0,0.002777777777777778,0.009259259259259259,0.0,0.005555555555555556,0.005208333333333333,0.009259259259259259,0.0,0.0030864197530864196,0.002777777777777778,0.0,0.0,0.08611111111111112,0.013503086419753086,0.0,0.0,0.009259259259259259,0.0,0.0,0.0,0.005208333333333333,0.0,0.0,0.0,0.0,0.002777777777777778,0.0030864197530864196,0.0,0.0,0.0030864197530864196,0.0,0.04351851851851852,0.06185834957764782,0.0030864197530864196,0.022222222222222223,0.009594298245614035,0.012037037037037035,0.010250162443144898,0.11765960038986356,0.21804076162628794,0.3407758400631207,4.0
0.0,0.0,0.0,0.0,0.0,0.0,0.0,0.0,0.0,0.0,0.0026041666666666665,0.005555555555555556,0.00787037037037037,0.0,0.0,0.0,0.018807870370370367,0.005952380952380952,0.013186177248677248,0.0,0.004918981481481482,0.003968253968253968,0.0,0.0,0.003968253968253968,0.02628968253968254,0.0,0.0,0.0026041666666666665,0.0,0.0,0.0,0.0023148148148148147,0.0,0.0,0.0,0.0,0.0,0.0026041666666666665,0.0,0.0023148148148148147,0.006572420634920635,0.0023148148148148147,0.011838624338624338,0.07201554232804232,0.020461309523809524,0.022230489417989416,0.0107390873015873,0.023272156084656086,0.019378306878306877,0.0824239417989418,0.23696263227513228,0.3888310185185186,5.0
0.0,0.0,0.0,0.0,0.0,0.0,0.0,0.003472222222222222,0.003968253968253968,0.007936507936507936,0.0,0.0,0.0,0.0,0.0,0.0,0.0,0.0,0.003968253968253968,0.0,0.004901960784313725,0.0,0.0,0.009259259259259259,0.0,0.0,0.0,0.0,0.013227513227513227,0.013227513227513227,0.006944444444444444,0.0,0.0,0.0,0.0033333333333333335,0.0,0.0,0.0,0.003472222222222222,0.0,0.0,0.01013888888888889,0.0,0.011904761904761904,0.0524350295673825,0.0,0.02466269841269841,0.04094693432928727,0.030637254901960786,0.014107142857142855,0.10944133208839091,0.13958255524431995,0.4090985838779957,6.0
0.0,0.0,0.0,0.0,0.0,0.0,0.0036231884057971015,0.003968253968253968,0.0,0.0,0.0,0.0,0.0,0.0036231884057971015,0.0,0.0,0.0,0.0,0.0036231884057971015,0.018774703557312252,0.0,0.01103988603988604,0.0,0.0,0.0,0.0,0.004629629629629629,0.0,0.017776627559236254,0.006410256410256411,0.003968253968253968,0.0,0.003968253968253968,0.0,0.0,0.0,0.0,0.0,0.0,0.0,0.0,0.003968253968253968,0.0,0.021418396418396417,0.07306763285024154,0.0043859649122807015,0.018315018315018316,0.02917620137299771,0.0,0.020749337110893173,0.07782668217450826,0.15934229132169633,0.34367812457057306,7.0
0.0,0.0,0.0,0.0,0.0,0.005208333333333333,0.0,0.011111111111111112,0.0036231884057971015,0.0,0.009259259259259259,0.0,0.005208333333333333,0.0,0.0,0.0,0.0036231884057971015,0.0,0.006944444444444444,0.0,0.005208333333333333,0.0,0.0,0.0,0.0036231884057971015,0.0,0.0,0.0,0.0,0.0,0.0,0.0,0.0,0.0,0.0,0.0,0.0,0.0,0.0,0.0,0.0,0.010033444816053512,0.0,0.009178743961352657,0.060024154589371985,0.0,0.011111111111111112,0.022916666666666665,0.005208333333333333,0.0,0.09475566703827575,0.1452875325157934,0.4210082992691688,8.0
0.0,0.0,0.002777777777777778,0.005952380952380952,0.006944444444444444,0.0,0.0,0.0,0.0,0.0,0.0,0.0,0.0,0.0,0.0,0.0,0.006944444444444444,0.0,0.0,0.0,0.013194444444444444,0.0,0.0,0.0,0.002777777777777778,0.0,0.0,0.0,0.002777777777777778,0.002777777777777778,0.0,0.0,0.0,0.0,0.0,0.0,0.004901960784313725,0.0,0.0,0.0,0.0,0.03968253968253968,0.002777777777777778,0.009722222222222222,0.07903439153439153,0.015674603174603174,0.015674603174603174,0.02407407407407407,0.016666666666666666,0.013888888888888888,0.0988503734827264,0.1907135076252723,0.4441915655150949,9.0
0.0,0.0,0.0,0.0,0.0,0.0,0.0,0.0043859649122807015,0.0,0.0,0.0,0.0,0.0,0.0,0.0,0.0,0.005208333333333333,0.0,0.0,0.0,0.0043859649122807015,0.0,0.0,0.0,0.006410256410256411,0.0,0.0,0.0,0.016666666666666666,0.0,0.0,0.0,0.0,0.0,0.0,0.0,0.0,0.0,0.0,0.0,0.0,0.026041666666666668,0.0,0.0,0.051928699955015735,0.006410256410256411,0.03109536662168241,0.020390519568151147,0.0,0.009594298245614035,0.05736195456590193,0.12086144849302743,0.6392586032388664,10.0
0.0,0.0,0.0,0.0,0.0,0.0,0.0,0.0,0.0,0.0,0.0,0.0,0.0,0.0,0.0,0.009259259259259259,0.0,0.0,0.0,0.0,0.0,0.0,0.0,0.0,0.009259259259259259,0.08333333333333333,0.0,0.0,0.0,0.004166666666666667,0.0,0.008333333333333333,0.0,0.0,0.0,0.0,0.0,0.0,0.0,0.0,0.0,0.008333333333333333,0.0,0.017592592592592594,0.043287037037037034,0.0,0.0,0.0,0.015277777777777779,0.07361111111111111,0.062037037037037036,0.10833333333333334,0.4738425925925926,11.0
0.0,0.013888888888888888,0.0,0.0,0.0,0.0,0.0,0.0,0.0,0.0,0.0,0.0,0.0,0.0,0.0,0.0,0.0043859649122807015,0.0,0.0,0.0,0.0,0.0,0.010416666666666666,0.0,0.0,0.0,0.0,0.0,0.0,0.0,0.0,0.0,0.0,0.0,0.0,0.0,0.0,0.0,0.0,0.0,0.0,0.010416666666666666,0.0,0.01918859649122807,0.023574561403508772,0.0,0.0,0.0,0.0043859649122807015,0.0,0.06524122807017545,0.07821637426900585,0.6036184210526316,12.0
0.008333333333333333,0.0,0.0,0.0,0.0,0.0,0.0,0.0,0.0,0.0,0.0,0.0,0.0,0.0,0.0,0.0,0.0,0.0,0.0,0.0,0.0,0.0,0.0,0.0,0.016666666666666666,0.0,0.0,0.0,0.005952380952380952,0.0,0.016666666666666666,0.0,0.0,0.0,0.0,0.0,0.0,0.0,0.0,0.0,0.0,0.0,0.0,0.0,0.008333333333333333,0.0,0.0,0.0,0.0,0.005952380952380952,0.030952380952380953,0.15595238095238095,0.5011904761904762,13.0
