og,ec,eh,he,gh,ge,oe,hg,ei,ch,ce,hh,ee,oi,io,hc,go,jj,cg,hi,ig,ji,eg,sj,ie,os,ic,gi,ih,cc,oc,sh,ci,se,oh,js,so,gc,oo,es,hs,gs,sc,sg,ii,si,is,gg,cs,ss,TimeFactor
0.0,0.0,0.0,0.0,0.0,0.0,0.0,0.0,0.0,0.0,0.0,0.0,0.0,0.0,0.0,0.0,0.0,0.0,0.0,0.0,0.0,0.0,0.0,0.0,0.0,0.0,0.0,0.0,0.003787878787878788,0.005208333333333333,0.005208333333333333,0.005208333333333333,0.005208333333333333,0.005208333333333333,0.005555555555555556,0.005555555555555556,0.005555555555555556,0.008333333333333333,0.011111111111111112,0.011618589743589744,0.014551767676767677,0.014551767676767677,0.017113095238095236,0.02124819624819625,0.021875000000000002,0.02566287878787879,0.030654761904761907,0.04126984126984127,0.04139194139194139,0.27745483682983685,1.0
0.0,0.0,0.0,0.0,0.0,0.0,0.0,0.0,0.0,0.0,0.0,0.0,0.0,0.0,0.0,0.0,0.0013227513227513227,0.0013227513227513227,0.0026455026455026454,0.0028735632183908046,0.006496751624187906,0.008333333333333333,0.008333333333333333,0.008333333333333333,0.008333333333333333,0.010449320794148379,0.01252964787447546,0.01252964787447546,0.0036231884057971015,0.0,0.0,0.006496751624187906,0.009656084656084656,0.013888888888888888,0.0013227513227513227,0.0013227513227513227,0.0028735632183908046,0.0013227513227513227,0.0013227513227513227,0.01521164021164021,0.016144885710103102,0.03478241038211053,0.00551906586389345,0.02311165845648604,0.04435797974028859,0.02448616961360589,0.05355020902247289,0.02023809523809524,0.008392629082284254,0.2955391712513152,2.0
0.0,0.0,0.0,0.0,0.0,0.0,0.0,0.0,0.0,0.0021929824561403508,0.0021929824561403508,0.0043859649122807015,0.0043859649122807015,0.013888888888888888,0.016666666666666666,0.018859649122807017,0.0,0.0,0.0,0.0021929824561403508,0.005066545674531155,0.0,0.0,0.0,0.004970760233918128,0.007259528130671506,0.0,0.004970760233918128,0.0,0.0,0.0,0.0043859649122807015,0.003787878787878788,0.005980861244019139,0.0,0.0,0.013888888888888888,0.003787878787878788,0.016666666666666666,0.012546517809675703,0.0,0.02782864947111771,0.0021929824561403508,0.013227098571926159,0.03216374269005848,0.033694934829236106,0.03757859905772792,0.021464646464646464,0.016666666666666666,0.25043767988414084,3.0
0.0,0.0,0.0,0.0,0.0,0.0,0.0,0.0,0.0,0.0,0.0,0.0,0.003968253968253968,0.0,0.006956521739130435,0.0,0.0,0.0,0.0,0.0,0.0033333333333333335,0.0,0.0,0.0,0.0,0.006956521739130435,0.0,0.0,0.0,0.0,0.0,0.0036231884057971015,0.0,0.003968253968253968,0.0,0.0036231884057971015,0.0,0.0,0.0,0.007936507936507936,0.006956521739130435,0.013968253968253968,0.0,0.01759144237405107,0.03144927536231884,0.02121463077984817,0.018516218081435474,0.021269841269841272,0.0036231884057971015,0.32504485852311943,4.0
0.0,0.0,0.0,0.0,0.0,0.0,0.005555555555555556,0.005555555555555556,0.009523809523809523,0.0,0.0,0.0,0.013363363363363363,0.003968253968253968,0.005555555555555556,0.0,0.0,0.0,0.0,0.0,0.0011261261261261261,0.0,0.0022522522522522522,0.0030864197530864196,0.006220506220506221,0.0033783783783783786,0.005555555555555556,0.007054673721340388,0.0,0.0,0.016666666666666666,0.0,0.0,0.009523809523809523,0.0,0.006172839506172839,0.0,0.0,0.0,0.009523809523809523,0.0011261261261261261,0.035674960674960676,0.0022522522522522522,0.024244482577815907,0.007807807807807808,0.01628056628056628,0.020621812288478956,0.009062634062634063,0.02844272844272844,0.4070701654034987,5.0
0.0,0.0,0.0,0.0,0.001893939393939394,0.001893939393939394,0.0,0.0,0.001893939393939394,0.0,0.0,0.0,0.005681818181818181,0.013888888888888888,0.0,0.0,0.0,0.001893939393939394,0.0,0.001893939393939394,0.003787878787878788,0.0,0.003787878787878788,0.003787878787878788,0.001893939393939394,0.004901960784313725,0.0,0.0,0.001893939393939394,0.0,0.0,0.0,0.0,0.009154040404040402,0.0,0.001893939393939394,0.004901960784313725,0.0,0.0,0.003787878787878788,0.003787878787878788,0.027908039672745553,0.0032051282051282055,0.012042274174627115,0.01736111111111111,0.005681818181818181,0.025126262626262625,0.009188034188034188,0.019871794871794874,0.47366262550086075,6.0
0.0,0.0,0.0,0.0,0.0,0.0025252525252525255,0.0,0.006944444444444444,0.037719298245614034,0.0,0.0043859649122807015,0.0,0.023577884104199892,0.003472222222222222,0.0,0.0043859649122807015,0.0,0.0,0.0,0.0,0.003472222222222222,0.0,0.0,0.008333333333333333,0.021052631578947368,0.0,0.003472222222222222,0.013888888888888888,0.0043859649122807015,0.002564102564102564,0.0,0.003472222222222222,0.0,0.0043859649122807015,0.0,0.008333333333333333,0.0,0.0,0.0,0.008771929824561403,0.0,0.014816855849464544,0.009615384615384616,0.01477272727272727,0.0293859649122807,0.008552631578947367,0.024049707602339182,0.005997474747474747,0.011805555555555555,0.4658598504851365,7.0
0.0,0.010416666666666666,0.010416666666666666,0.010416666666666666,0.0,0.003968253968253968,0.0,0.0,0.0,0.0,0.0,0.0,0.018353174603174604,0.0,0.0,0.0,0.0,0.0,0.0,0.0,0.015151515151515152,0.0,0.0,0.0,0.0,0.005555555555555556,0.0,0.000925925925925926,0.0,0.0,0.0,0.0,0.010416666666666666,0.014384920634920634,0.0,0.0,0.007575757575757576,0.0,0.0,0.02271825396825397,0.013131313131313133,0.06864242842503712,0.0,0.025546353807223376,0.010416666666666666,0.013131313131313133,0.011657464918334484,0.007671957671957673,0.0,0.5528358115314637,8.0
0.0,0.0,0.0,0.0,0.0,0.001141552511415525,0.0,0.0,0.0,0.0,0.0,0.0,0.00228310502283105,0.0,0.0,0.0,0.0,0.0,0.0,0.0,0.00228310502283105,0.0,0.001141552511415525,0.006944444444444444,0.0,0.006944444444444444,0.0,0.0,0.0,0.0,0.0,0.0,0.0,0.003424657534246575,0.0,0.013888888888888888,0.006944444444444444,0.0,0.0,0.00531859692818597,0.0,0.03564757160647571,0.015277777777777779,0.009495641344956413,0.001141552511415525,0.016419330289193304,0.02009132420091324,0.01141552511415525,0.015277777777777779,0.5749187076241871,9.0
0.0005144032921810699,0.0,0.0,0.0,0.0,0.0006775067750677508,0.0,0.0,0.0006775067750677508,0.0,0.0,0.0,0.0006775067750677508,0.0,0.0,0.0,0.0,0.0,0.0,0.0,0.0,0.0,0.0006775067750677508,0.0,0.0,0.00530713640469738,0.0,0.0006775067750677508,0.0,0.0,0.0,0.0,0.0,0.0006775067750677508,0.0,0.004629629629629629,0.0005144032921810699,0.0,0.0,0.004629629629629629,0.0,0.04152016306487851,0.0,0.03401161219589404,0.0,0.004629629629629629,0.013819401014522966,0.038075880758807586,0.0011919100672488207,0.7637578270369598,10.0
0.0,0.0,0.0,0.0,0.0,0.0,0.0,0.0,0.0,0.0,0.0,0.0,0.0,0.0,0.0,0.0,0.0,0.0,0.0,0.0,0.0,0.0,0.0,0.0,0.0,0.0,0.0,0.0,0.00023212627669452182,0.0,0.0,0.004166666666666667,0.0,0.00023212627669452182,0.0,0.0,0.0,0.0,0.0,0.00046425255338904364,0.004398792943361189,0.04200252369595315,0.0,0.017304667146957827,0.0,0.00023212627669452182,0.0,0.025652229322555387,0.0020325203252032522,0.48661530184916324,11.0
0.0,0.0,0.0,0.0,0.0,0.0,0.0,0.0,0.0,0.0,0.0,0.0,0.0015042117930204573,0.0,0.0,0.0,0.0,0.0,0.0,0.0,0.0,0.0,0.0,0.0,0.0,0.0,0.0,0.0,0.0,0.0,0.0,0.0,0.0,0.0009025270758122743,0.0,0.01418973124749298,0.0,0.0,0.0,0.00030084235860409147,0.0,0.018785126151593622,0.0,0.004023370701121034,0.015151515151515152,0.007575757575757576,0.009188062987173439,0.008460003800114003,0.0,0.586585517824462,12.0
0.0,0.0,0.0,0.0,0.0,0.0,0.0,0.0,0.0,0.0,0.0,0.0,0.008454106280193238,0.0,0.0,0.0,0.0,0.005952380952380952,0.0,0.0,0.0,0.0,0.0,0.002976190476190476,0.0,0.0,0.0,0.000980392156862745,0.0,0.0,0.0,0.0,0.0,0.0012077294685990338,0.0,0.0,0.0,0.0,0.0,0.0,0.0,0.017378335440780726,0.0,0.0038659739744550674,0.0024154589371980675,0.0018115942028985507,0.002188121625461779,0.0070009211738386624,0.0,0.44576879531114066,13.0
