oi,ec,cg,jc,sc,jj,sj,so,oo,gj,ej,ji,ig,ge,hh,sh,ij,cs,js,se,go,ii,gi,ie,ee,es,hs,jg,si,os,gg,sg,is,gs,ss,TimeFactor
0.0,0.0,0.0,0.0,0.0,0.0,0.0,0.0,0.0,0.0,0.0,0.0,0.0,0.0,0.0,0.0,0.0,0.0,0.0,0.0,0.0,0.0,0.0,0.0,0.0,0.0,0.0,0.006944444444444444,0.006944444444444444,0.013888888888888888,0.016203703703703703,0.02546296296296296,0.05092592592592592,0.07638888888888888,0.4699074074074074,1.0
0.0,0.0,0.0,0.0,0.0,0.0,0.0,0.0,0.0,0.0,0.0,0.0,0.0,0.0,0.0,0.0,0.0,0.0,0.0,0.0,0.0,0.0,0.0,0.0,0.0,0.009259259259259259,0.011111111111111112,0.0,0.0,0.0,0.03333333333333333,0.04722222222222222,0.03425925925925926,0.1023148148148148,0.4291666666666667,2.0
0.0,0.0,0.0,0.0,0.0,0.0,0.0,0.0,0.0,0.0,0.0,0.0,0.0,0.0,0.0,0.0,0.0,0.0,0.0,0.004629629629629629,0.009259259259259259,0.013888888888888888,0.027777777777777776,0.027777777777777776,0.032407407407407406,0.004629629629629629,0.0,0.0,0.013888888888888888,0.009259259259259259,0.03472222222222222,0.027777777777777776,0.032407407407407406,0.053240740740740734,0.2916666666666667,3.0
0.0,0.0,0.0,0.0,0.0,0.0,0.0,0.0,0.0,0.0,0.0,0.0,0.0,0.0,0.0,0.0,0.0021367521367521365,0.004273504273504273,0.005608974358974359,0.0021367521367521365,0.0,0.004273504273504273,0.0,0.003472222222222222,0.0021367521367521365,0.005608974358974359,0.0,0.0,0.006410256410256411,0.0021367521367521365,0.01695156695156695,0.01695156695156695,0.020477207977207975,0.033671652421652425,0.4570868945868946,4.0
0.0,0.0,0.0,0.0,0.0,0.0,0.0,0.0,0.0,0.0,0.003968253968253968,0.003968253968253968,0.004629629629629629,0.013888888888888888,0.013888888888888888,0.013888888888888888,0.0,0.013888888888888888,0.0,0.017857142857142856,0.0,0.004629629629629629,0.0,0.0,0.0,0.041666666666666664,0.004629629629629629,0.0,0.013888888888888888,0.0,0.0,0.013888888888888888,0.02314814814814815,0.06944444444444443,0.32605820105820105,5.0
0.0,0.0,0.0,0.0023148148148148147,0.0023148148148148147,0.005555555555555556,0.005555555555555556,0.009259259259259259,0.009259259259259259,0.027777777777777776,0.0,0.005555555555555556,0.007936507936507936,0.0,0.0,0.0,0.0,0.006944444444444444,0.035648148148148144,0.004629629629629629,0.0,0.006944444444444444,0.0023148148148148147,0.0,0.006944444444444444,0.015542328042328043,0.016203703703703703,0.0,0.0,0.0,0.027777777777777776,0.015542328042328043,0.01646825396825397,0.05654761904761904,0.3796296296296296,6.0
0.0,0.005555555555555556,0.005555555555555556,0.0,0.0,0.003472222222222222,0.003472222222222222,0.0,0.0,0.0,0.0,0.0,0.005555555555555556,0.005555555555555556,0.005555555555555556,0.005555555555555556,0.0,0.005555555555555556,0.0,0.009259259259259259,0.0,0.0,0.011111111111111112,0.0,0.009259259259259259,0.0,0.0,0.0,0.009259259259259259,0.003472222222222222,0.009259259259259259,0.006944444444444444,0.003472222222222222,0.08101851851851853,0.22777777777777775,7.0
0.013888888888888888,0.0,0.0,0.0,0.0,0.0,0.0,0.0,0.0,0.0,0.0,0.0,0.0,0.0,0.0,0.0,0.0,0.0,0.0,0.0,0.0,0.006944444444444444,0.0,0.0,0.0,0.0,0.0,0.0,0.006944444444444444,0.0,0.0,0.006944444444444444,0.030092592592592587,0.02314814814814815,0.41203703703703703,8.0
0.0,0.0,0.0,0.0,0.0,0.0,0.0,0.0,0.0,0.0,0.0,0.0,0.0,0.0,0.027777777777777776,0.027777777777777776,0.0,0.0,0.0,0.013888888888888888,0.0,0.0,0.0,0.0,0.0,0.0,0.013888888888888888,0.0,0.0,0.027777777777777776,0.013888888888888888,0.027777777777777776,0.0,0.027777777777777776,0.23611111111111113,9.0
0.0,0.0,0.0,0.0,0.0,0.0,0.0,0.0,0.0,0.0,0.0,0.0,0.005555555555555556,0.0,0.0,0.0,0.0,0.0,0.0,0.0,0.0,0.0,0.0,0.0,0.0,0.009259259259259259,0.0,0.0,0.0,0.0,0.0,0.0,0.0,0.04259259259259259,0.525925925925926,10.0
0.0,0.0,0.0,0.0,0.0,0.0,0.0,0.0,0.0,0.0,0.0,0.0,0.0,0.0,0.0,0.0,0.0,0.0,0.0,0.0,0.0,0.0,0.0,0.0,0.0,0.0,0.0,0.0,0.0,0.0,0.027777777777777776,0.041666666666666664,0.0,0.06944444444444443,0.27777777777777773,11.0
0.0,0.0,0.0,0.0,0.0,0.0,0.0,0.0,0.0,0.0,0.0,0.0,0.0,0.013888888888888888,0.003968253968253968,0.003968253968253968,0.0,0.0,0.0,0.0,0.0,0.0,0.0,0.0,0.0,0.02314814814814815,0.0,0.0,0.0,0.0,0.003968253968253968,0.007936507936507936,0.0,0.007936507936507936,0.3518518518518518,12.0
0.0,0.0,0.0,0.0,0.0,0.0,0.0,0.0,0.0,0.0,0.0,0.0,0.0,0.0,0.0,0.0,0.0,0.0,0.0,0.0,0.0,0.0,0.0,0.0,0.0,0.0,0.0,0.0,0.0,0.0,0.027777777777777776,0.027777777777777776,0.0,0.0,0.1111111111111111,13.0
