jg,hh,jh,eg,ge,ji,gi,ig,so,he,sh,og,oo,ie,os,ci,cg,hi,sj,cc,jj,es,gh,oi,eo,ei,si,js,ih,ii,hs,ee,se,gg,sc,is,sg,gs,cs,ss,TimeFactor
0.0,0.0,0.0,0.0,0.0,0.0,0.0,0.0,0.0,0.0,0.0,0.0,0.0,0.0,0.0,0.0,0.0,0.0,0.0,0.0,0.0,0.0,0.0,0.0,0.0,0.0,0.0,0.0,0.0,0.0,0.0,0.0,0.0,0.0,0.013888888888888888,0.013888888888888888,0.01477832512315271,0.02955665024630542,0.03065134099616858,0.3139025725232622,1.0
0.0,0.0,0.0,0.0,0.0,0.0,0.0,0.0,0.0,0.0,0.0,0.0,0.0,0.0,0.0,0.0,0.0,0.0,0.0,0.0,0.0,0.0,0.0,0.0,0.0,0.0,0.0,0.0,0.0,0.0,0.0,0.009259259259259259,0.009259259259259259,0.009259259259259259,0.0,0.0,0.018518518518518517,0.027777777777777776,0.0,0.17592592592592593,2.0
0.0,0.0,0.0,0.0,0.0,0.0,0.0,0.0,0.0,0.0,0.0,0.0,0.0,0.0,0.0,0.0,0.0,0.0,0.0,0.0,0.0,0.0,0.0,0.0,0.0,0.0,0.0,0.004901960784313725,0.013888888888888888,0.013888888888888888,0.013888888888888888,0.0,0.0,0.005376344086021505,0.0,0.004901960784313725,0.02649769585253456,0.02649769585253456,0.0,0.30682434264028197,3.0
0.0,0.0,0.0,0.0,0.0,0.0,0.0,0.0,0.0,0.0,0.0,0.0,0.0,0.0,0.0,0.0,0.0,0.0,0.0,0.0,0.0,0.0,0.0,0.0,0.0,0.0,0.0,0.0,0.0,0.0,0.0,0.0,0.0,0.0,0.016666666666666666,0.016666666666666666,0.0021929824561403508,0.0021929824561403508,0.016666666666666666,0.5289473684210526,4.0
0.0,0.0,0.0,0.0,0.0,0.0,0.0,0.0,0.0,0.0,0.0,0.0,0.0,0.0,0.0,0.0,0.0,0.0,0.0,0.0,0.0,0.0,0.004166666666666667,0.004629629629629629,0.004629629629629629,0.004629629629629629,0.006104651162790698,0.0,0.0,0.004166666666666667,0.008333333333333333,0.0,0.004629629629629629,0.01712962962962963,0.0,0.03304263565891473,0.008796296296296297,0.005813953488372093,0.004629629629629629,0.30596468561584844,5.0
0.0,0.0,0.0,0.0,0.0,0.0,0.0,0.0,0.0,0.0,0.0,0.0,0.0,0.0,0.0,0.0,0.0,0.0032051282051282055,0.003787878787878788,0.006944444444444444,0.007575757575757576,0.024779040404040404,0.0,0.0,0.0,0.016666666666666666,0.010416666666666666,0.003787878787878788,0.011538461538461539,0.03229166666666667,0.013541666666666667,0.0,0.02361111111111111,0.02537878787878788,0.0,0.010307400932400934,0.005681818181818181,0.017329545454545455,0.006944444444444444,0.4428783022533022,6.0
0.0,0.0,0.0,0.0,0.0,0.0,0.0,0.0,0.0,0.0,0.0,0.0,0.0,0.0026881720430107525,0.0026881720430107525,0.006410256410256411,0.006410256410256411,0.0,0.0033333333333333335,0.007575757575757576,0.0,0.005893300248138958,0.0,0.0,0.0,0.0,0.012303556658395368,0.006021505376344087,0.0,0.0,0.0,0.0,0.0026881720430107525,0.007575757575757576,0.021561771561771564,0.03282803218287089,0.016802391157229868,0.030788405143243856,0.02890151515151515,0.4721963117527634,7.0
0.0,0.0,0.0,0.0,0.0,0.0,0.0,0.0,0.001937984496124031,0.001937984496124031,0.001937984496124031,0.0036231884057971015,0.005813953488372093,0.0,0.005561172901921132,0.0,0.0034449497037343257,0.0,0.0,0.0,0.0,0.013136930477678707,0.0,0.0,0.0,0.0,0.01859646485524948,0.0014124293785310734,0.0,0.017184035476718405,0.015151515151515152,0.015516767218412143,0.0020325203252032522,0.012083761949168567,0.0,0.019323036065491624,0.015801486184044887,0.029233968583452008,0.022057464892830742,0.46087906812017393,8.0
0.0,0.0,0.0,0.0,0.0,0.0,0.0,0.0,0.0,0.0,0.0014619883040935672,0.0,0.0,0.0,0.002976190476190476,0.0,0.0,0.0,0.0,0.0,0.0,0.002976190476190476,0.0,0.0,0.0,0.0,0.009047242556014487,0.016093474426807756,0.0,0.010671674005007339,0.008989183331288593,0.0,0.0,0.0094988344988345,0.0014619883040935672,0.005756144440354966,0.012984255835133027,0.03158763669728582,0.016021390889811943,0.5371404724255602,9.0
0.0,0.0,0.0010416666666666667,0.0010416666666666667,0.003968253968253968,0.0043859649122807015,0.0043859649122807015,0.006051587301587301,0.0,0.0,0.007575757575757576,0.0,0.0,0.0043859649122807015,0.0,0.0,0.0010416666666666667,0.0,0.0,0.007936507936507936,0.003968253968253968,0.005427631578947368,0.0,0.0,0.0,0.0,0.006051587301587301,0.003968253968253968,0.0,0.01984126984126984,0.008617424242424242,0.011904761904761904,0.0050099206349206345,0.028288859403410485,0.003968253968253968,0.028322016605685337,0.0535297891086259,0.07080196911300404,0.014845521541950112,0.5269728186330352,10.0
0.0,0.005747126436781609,0.0,0.0,0.001893939393939394,0.0,0.0,0.0011494252873563218,0.0,0.0,0.0005747126436781609,0.0,0.0,0.0,0.0,0.001736111111111111,0.0,0.0,0.0,0.0,0.0,0.0056133061256678695,0.0,0.0,0.0,0.0,0.0011494252873563218,0.003472222222222222,0.0,0.006172839506172839,0.011377181779480628,0.018582046883933678,0.00850485991995426,0.02123308649832792,0.0005747126436781609,0.011779623034075032,0.03538704886105735,0.060301884810083965,0.004609674329501916,0.5501407732256213,11.0
0.000925925925925926,0.0,0.0,0.0,0.003472222222222222,0.0,0.0,0.0,0.0,0.0,0.003472222222222222,0.0,0.0,0.0,0.0,0.0,0.0,0.0,0.0,0.0,0.0,0.014844317356572259,0.0,0.0,0.0,0.0,0.0030864197530864196,0.003472222222222222,0.0,0.0,0.005324074074074074,0.03518518518518519,0.020679012345679013,0.057427832244008714,0.0,0.013823075526506898,0.02317765068990559,0.011247276688453158,0.0,0.47052923021060283,12.0
0.0,0.0,0.0,0.0,0.0,0.0,0.0,0.0,0.0,0.0,0.0,0.0,0.0,0.0,0.0,0.0,0.0,0.0,0.0,0.0,0.0,0.01215738284703802,0.0,0.0,0.0,0.0,0.0186702665150941,0.0,0.0,0.025641025641025644,0.0028735632183908046,0.014519056261343012,0.01013309134906231,0.005747126436781609,0.0028735632183908046,0.01159688013136289,0.0186702665150941,0.03754377932009511,0.0028735632183908046,0.5867004353279307,13.0
