gcs,igc,csi,ggs,see,sse,scs,osi,iog,ogc,csh,shh,iee,sie,igs,ssi,sjs,shs,jss,gee,jes,ige,sgh,eii,ghg,iei,jso,soo,iis,cgs,sic,csg,gsi,ssj,sjj,sge,esi,sii,css,scc,isc,hsg,jgs,isg,gse,ses,hgs,gsg,sgs,hss,sis,ess,jsg,sgi,gss,goh,ggg,ohs,oss,gis,ssg,iss,sgg,sss,TimeFactor
0.0,0.0,0.0,0.0,0.0,0.0,0.0,0.0,0.0,0.0,0.0,0.0,0.0,0.0,0.0,0.0,0.0,0.0,0.0,0.0,0.0,0.0,0.0,0.0,0.0,0.0,0.0,0.0,0.0,0.0,0.0,0.0,0.0,0.0,0.0,0.0,0.0,0.0,0.0,0.0,0.0,0.0,0.0,0.0,0.0,0.0,0.0,0.0,0.0,0.0,0.0,0.0,0.008333333333333333,0.008333333333333333,0.029166666666666664,0.041666666666666664,0.041666666666666664,0.041666666666666664,0.041666666666666664,0.041666666666666664,0.041666666666666664,0.05555555555555555,0.08333333333333333,0.4819444444444445,1.0
0.0,0.0,0.0,0.0,0.0,0.0,0.0,0.0,0.0,0.0,0.0,0.0,0.0,0.0,0.0,0.0,0.0,0.0,0.0,0.0,0.0,0.0,0.0,0.0,0.0,0.0,0.0,0.0,0.0,0.0,0.0,0.0,0.0,0.0,0.0,0.0,0.0,0.0,0.0,0.0,0.0,0.0,0.005952380952380952,0.005952380952380952,0.005952380952380952,0.008333333333333333,0.010416666666666666,0.010416666666666666,0.01636904761904762,0.020833333333333332,0.03720238095238095,0.04583333333333334,0.0,0.0,0.06398809523809523,0.0,0.0,0.0,0.0,0.0,0.041666666666666664,0.05803571428571428,0.047619047619047616,0.5380952380952381,2.0
0.0,0.0,0.0,0.0,0.0,0.0,0.0,0.0,0.0,0.0,0.0,0.0,0.0,0.0,0.0,0.0,0.0,0.0,0.0,0.0,0.0,0.0,0.0,0.0,0.0,0.0,0.0,0.0,0.0,0.0,0.0,0.0,0.0,0.0,0.0,0.0,0.0,0.0,0.0,0.0,0.0,0.004166666666666667,0.0,0.0,0.0,0.0,0.0,0.0,0.0,0.0,0.0,0.0,0.0,0.0,0.1388888888888889,0.0,0.0,0.0,0.0,0.0,0.04305555555555555,0.041666666666666664,0.04722222222222222,0.39166666666666666,3.0
0.0,0.0,0.0,0.0,0.0,0.0,0.0,0.0,0.0,0.0,0.0,0.0,0.0,0.0,0.0,0.0,0.0,0.0,0.0,0.0,0.0,0.0,0.0,0.0,0.0,0.0,0.0,0.0,0.0,0.0,0.0,0.0,0.0,0.008333333333333333,0.008333333333333333,0.010416666666666666,0.010416666666666666,0.010416666666666666,0.013888888888888888,0.020833333333333332,0.020833333333333332,0.0,0.0,0.0,0.0,0.0,0.0,0.010416666666666666,0.0,0.03125,0.0,0.0,0.0,0.008333333333333333,0.07916666666666666,0.0,0.0,0.0,0.0,0.008333333333333333,0.07222222222222223,0.05833333333333333,0.06388888888888888,0.3979166666666667,4.0
0.0,0.0,0.0,0.0,0.0,0.0,0.0,0.0,0.0,0.0,0.0,0.0,0.0,0.0,0.0,0.0,0.0,0.0,0.0,0.0,0.0,0.0,0.0,0.0,0.0,0.0,0.006944444444444444,0.006944444444444444,0.006944444444444444,0.010416666666666666,0.010416666666666666,0.010416666666666666,0.015625,0.0,0.0,0.0,0.0,0.012152777777777776,0.004629629629629629,0.0,0.0,0.0,0.0,0.0,0.0,0.0,0.0,0.010416666666666666,0.0,0.004629629629629629,0.005208333333333333,0.0,0.0,0.0,0.0925925925925926,0.0,0.0,0.0,0.041666666666666664,0.0,0.015625,0.08738425925925926,0.036458333333333336,0.5381944444444445,5.0
0.0,0.0,0.0,0.0,0.0,0.0,0.0,0.0,0.0,0.0,0.0,0.0,0.0,0.0,0.0,0.0,0.005208333333333333,0.008333333333333333,0.010416666666666666,0.020833333333333332,0.020833333333333332,0.020833333333333332,0.041666666666666664,0.041666666666666664,0.041666666666666664,0.041666666666666664,0.0,0.0,0.0,0.0,0.0,0.0,0.0,0.0,0.0,0.0,0.0,0.0,0.0,0.0,0.0,0.0,0.0,0.0,0.0,0.0,0.0,0.0,0.0,0.008333333333333333,0.0,0.05555555555555555,0.0,0.0,0.07118055555555555,0.0,0.0,0.0,0.0,0.0,0.041666666666666664,0.04513888888888889,0.041666666666666664,0.39999999999999997,6.0
0.0,0.0,0.0,0.0,0.0,0.0,0.0,0.0,0.0,0.0,0.0,0.0,0.006944444444444444,0.006944444444444444,0.006944444444444444,0.006944444444444444,0.0,0.0,0.008333333333333333,0.0,0.0,0.0,0.0,0.0,0.0,0.0,0.0,0.0,0.0,0.0,0.0,0.0,0.006944444444444444,0.022222222222222223,0.022222222222222223,0.0,0.0,0.006944444444444444,0.0,0.0,0.0,0.0,0.0,0.0,0.006944444444444444,0.041666666666666664,0.0,0.0,0.0,0.006944444444444444,0.0,0.049999999999999996,0.0,0.0,0.04513888888888889,0.0,0.0,0.006944444444444444,0.008333333333333333,0.0,0.03958333333333333,0.006944444444444444,0.03958333333333333,0.23680555555555557,7.0
0.0,0.0,0.0,0.0,0.0,0.0,0.0,0.006944444444444444,0.006944444444444444,0.006944444444444444,0.010416666666666666,0.010416666666666666,0.0,0.0,0.0,0.0,0.0,0.0,0.0,0.0,0.0,0.0,0.0,0.0,0.0,0.0,0.0,0.0,0.008333333333333333,0.0,0.0,0.0,0.008333333333333333,0.0,0.0,0.0,0.0,0.015277777777777779,0.01875,0.0,0.0,0.0,0.0,0.0,0.0,0.0,0.0,0.010416666666666666,0.03472222222222222,0.0,0.0,0.0,0.0,0.0,0.05555555555555555,0.0,0.0,0.0,0.01736111111111111,0.0,0.03125,0.03958333333333333,0.020833333333333332,0.4479166666666667,8.0
0.0,0.0,0.0,0.0,0.008333333333333333,0.008333333333333333,0.008333333333333333,0.0,0.0,0.0,0.0,0.0,0.0,0.0,0.0,0.020833333333333332,0.0,0.0,0.0,0.0,0.0,0.0,0.0,0.0,0.0,0.0,0.0,0.0,0.0,0.0,0.0,0.0,0.0,0.0,0.0,0.0,0.0,0.020833333333333332,0.029166666666666664,0.0,0.0,0.0,0.0,0.0,0.0,0.0,0.0,0.0,0.0,0.0,0.0,0.0,0.0,0.0,0.029166666666666664,0.0,0.0,0.0,0.020833333333333332,0.0,0.020833333333333332,0.020833333333333332,0.020833333333333332,0.5416666666666666,9.0
0.0,0.0,0.020833333333333332,0.041666666666666664,0.0,0.0,0.0,0.0,0.0,0.0,0.0,0.0,0.0,0.0,0.0,0.0,0.0,0.0,0.0,0.0,0.0,0.0,0.0,0.0,0.0,0.0,0.0,0.0,0.0,0.0,0.0,0.0,0.0,0.0,0.0,0.0,0.0,0.020833333333333332,0.010416666666666666,0.0,0.0,0.0,0.0,0.0,0.0,0.0,0.0,0.0,0.0,0.020833333333333332,0.0,0.0,0.0,0.0,0.0625,0.0,0.0,0.0,0.0,0.0,0.0,0.010416666666666666,0.0,0.6458333333333334,10.0
0.013888888888888888,0.013888888888888888,0.0,0.0,0.0,0.0,0.0,0.0,0.0,0.0,0.0,0.0,0.0,0.0,0.0,0.0,0.0,0.0,0.0,0.0,0.0,0.0,0.0,0.0,0.0,0.0,0.0,0.0,0.0,0.0,0.0,0.0,0.0,0.0,0.0,0.0,0.0,0.0,0.0,0.0,0.0,0.0,0.0,0.0,0.0,0.0,0.0,0.041666666666666664,0.0,0.0,0.0,0.0,0.0,0.0,0.020833333333333332,0.0,0.0,0.0,0.0,0.0,0.013888888888888888,0.0,0.05555555555555555,0.5069444444444444,11.0
0.0,0.0,0.0,0.0,0.0,0.0,0.0,0.0,0.0,0.0,0.0,0.0,0.0,0.0,0.0,0.0,0.041666666666666664,0.0,0.041666666666666664,0.0,0.0,0.0,0.0,0.0,0.0,0.0,0.0,0.0,0.0,0.0,0.0,0.0,0.0,0.0,0.0,0.0,0.0,0.0,0.0,0.0,0.0,0.0,0.0,0.0,0.0,0.0,0.0,0.0,0.0,0.0,0.0,0.0,0.0,0.0,0.03125,0.0,0.0,0.0,0.0,0.0,0.0,0.0,0.0,0.3854166666666667,12.0
0.0,0.0,0.0,0.0,0.0,0.0,0.0,0.0,0.0,0.0,0.0,0.0,0.0,0.0,0.0,0.0,0.041666666666666664,0.0,0.041666666666666664,0.0,0.0,0.0,0.0,0.0,0.0,0.0,0.0,0.0,0.0,0.0,0.0,0.0,0.0,0.0,0.0,0.0,0.0,0.0,0.0,0.0,0.0,0.0,0.0,0.0,0.0,0.0,0.0,0.0,0.0,0.0,0.0,0.0,0.0,0.0,0.020833333333333332,0.0,0.0,0.0,0.0,0.0,0.0,0.0,0.0,0.3958333333333333,13.0
