ssc,ggh,ssg,sse,oes,ige,isi,sis,esg,sgh,see,ssi,ese,gge,gee,ice,hsc,iih,ise,sge,iie,gsi,eee,sec,sos,iis,jgg,cgo,jis,esi,cgs,eis,ges,igs,eig,seh,ses,igg,gis,gii,cis,sch,egs,igi,ihg,ggg,iee,ggi,gse,shs,sgg,sgs,ijs,ies,esh,ess,ggs,hss,iii,jgs,gsg,isg,oss,css,jss,iss,gss,sss,TimeFactor
0.0,0.0,0.0,0.0,0.0,0.0,0.0,0.0,0.0,0.0,0.0,0.0,0.0,0.0,0.0,0.0,0.0,0.0,0.0,0.0,0.0,0.0,0.0,0.0,0.0,0.0,0.0,0.0,0.0,0.0,0.0,0.0,0.0,0.0,0.0,0.0,0.0,0.0,0.0,0.0,0.0,0.0,0.0,0.0,0.0,0.0,0.0,0.0,0.0,0.0,0.0,0.0,0.0,0.0,0.0024509803921568627,0.0024509803921568627,0.006410256410256411,0.006410256410256411,0.008333333333333333,0.010416666666666666,0.010416666666666666,0.011904761904761904,0.05648926237161531,0.06905031243266536,0.09213621345974286,0.10327919629390218,0.1704360590390002,0.3664817208934856,1.0
0.0,0.0,0.0,0.0,0.0,0.0,0.0,0.0,0.0,0.0,0.0,0.0,0.0,0.0,0.0,0.0,0.0,0.0,0.0,0.0,0.0,0.0,0.0,0.0,0.0,0.0,0.0,0.0,0.0,0.0,0.0,0.0,0.0,0.0,0.0,0.0,0.0,0.0,0.0,0.0,0.0,0.0,0.0,0.0,0.0,0.0,0.0,0.0,0.0,0.003472222222222222,0.007575757575757576,0.007575757575757576,0.009259259259259259,0.010416666666666666,0.0,0.029566498316498314,0.008333333333333333,0.03472222222222222,0.0,0.0,0.009259259259259259,0.0,0.016666666666666666,0.09884259259259259,0.06828703703703703,0.09831649831649832,0.11069023569023569,0.48701599326599315,2.0
0.0,0.0,0.0,0.0,0.0,0.0,0.0,0.0,0.0,0.0,0.0,0.0,0.0,0.0,0.0,0.0,0.0,0.0,0.0,0.0,0.0,0.0,0.0,0.0,0.0,0.0,0.0,0.0,0.0,0.0,0.0,0.0,0.0,0.0,0.0,0.0,0.0,0.0,0.0,0.0,0.0,0.0021929824561403508,0.0021929824561403508,0.005208333333333333,0.005952380952380952,0.005952380952380952,0.009259259259259259,0.009259259259259259,0.016666666666666666,0.0,0.0,0.0,0.0,0.0,0.0,0.0678449596212754,0.0,0.040170739348370926,0.0,0.0,0.0,0.0,0.09345238095238095,0.11419065826960563,0.02716526894158473,0.07566325000535527,0.14382530153855017,0.38100319598731575,3.0
0.0,0.0,0.0,0.0,0.0,0.0,0.0,0.0,0.0,0.0,0.0,0.0,0.0,0.0,0.0,0.0,0.0,0.0,0.0,0.0,0.0,0.0,0.0,0.0,0.0,0.0,0.0032051282051282055,0.0032051282051282055,0.004166666666666667,0.004166666666666667,0.004166666666666667,0.004166666666666667,0.0043859649122807015,0.004901960784313725,0.005208333333333333,0.005208333333333333,0.005208333333333333,0.005208333333333333,0.005208333333333333,0.005555555555555556,0.009259259259259259,0.0,0.0,0.0,0.0,0.0,0.0,0.0,0.010763888888888887,0.0,0.0,0.0,0.0,0.004166666666666667,0.0,0.08295454545454545,0.004901960784313725,0.056210292974998854,0.0032051282051282055,0.0,0.013425925925925924,0.009259259259259259,0.009259259259259259,0.1353557028769877,0.0244281045751634,0.18465950186151425,0.11043234049232502,0.2777560925200244,4.0
0.0,0.0,0.0,0.0,0.0,0.0,0.0,0.0,0.0,0.0,0.0,0.0,0.0,0.0,0.0,0.0,0.0,0.0026881720430107525,0.0026881720430107525,0.004901960784313725,0.007575757575757576,0.007575757575757576,0.007575757575757576,0.008333333333333333,0.008333333333333333,0.010263929618768328,0.0,0.0,0.0,0.0,0.0,0.0,0.0,0.004901960784313725,0.0,0.0,0.0,0.0,0.007575757575757576,0.0,0.0,0.0,0.0,0.0,0.0,0.0,0.0,0.0,0.0,0.0,0.0,0.016826923076923076,0.0,0.004901960784313725,0.0,0.05293917570458068,0.017401960784313723,0.032286188405732996,0.0,0.0,0.004166666666666667,0.007074136955291454,0.036969325916194985,0.12699477389442934,0.033019868783376226,0.1497905130414119,0.17124135865022713,0.2739732550934239,5.0
0.0,0.0,0.0,0.0,0.0,0.0,0.0,0.0,0.0,0.0,0.0,0.0028735632183908046,0.0028735632183908046,0.0028735632183908046,0.0033333333333333335,0.0033333333333333335,0.0043859649122807015,0.0,0.0,0.0020325203252032522,0.0,0.0,0.002976190476190476,0.0,0.0,0.002976190476190476,0.0,0.0,0.0,0.0,0.0,0.0028735632183908046,0.016623563218390803,0.005784313725490196,0.0,0.0,0.0,0.002976190476190476,0.0,0.0,0.0,0.0,0.0028735632183908046,0.0,0.0,0.0,0.0,0.0020325203252032522,0.0,0.0,0.009259259259259259,0.010709776334776336,0.0,0.0,0.0,0.055115097693463753,0.005208333333333333,0.03404462650113573,0.0,0.0,0.007659313725490197,0.004976232917409388,0.025743495778465453,0.08026773671097477,0.04750375627926423,0.16025478810709362,0.24272918367019156,0.2557064629953821,6.0
0.0,0.0,0.0,0.0,0.0,0.0,0.0,0.0,0.0030864197530864196,0.003787878787878788,0.003968253968253968,0.0,0.0,0.0,0.0,0.0,0.0,0.0,0.0030864197530864196,0.0,0.0,0.0,0.0,0.0,0.0,0.0,0.0,0.0,0.0,0.0,0.0,0.0,0.0030864197530864196,0.006944444444444444,0.0,0.0,0.0,0.0,0.0,0.0,0.0,0.0,0.0,0.0,0.0,0.001282051282051282,0.0,0.0,0.003787878787878788,0.020833333333333332,0.0,0.002976190476190476,0.0,0.0030864197530864196,0.0,0.0599251625567415,0.003968253968253968,0.04241761325094658,0.0,0.0,0.002976190476190476,0.0,0.003968253968253968,0.06053591470258137,0.01948737584702497,0.16899595693455338,0.34190052961982786,0.23989903858324912,7.0
0.0,0.0,0.0,0.0,0.0,0.0,0.0,0.005208333333333333,0.0,0.0,0.0,0.0,0.0,0.0,0.0,0.0,0.0,0.0,0.0,0.0,0.0,0.008333333333333333,0.0,0.0,0.0,0.003787878787878788,0.0,0.0,0.0,0.0,0.0,0.0,0.003787878787878788,0.008333333333333333,0.0,0.0,0.010416666666666666,0.004629629629629629,0.0,0.0,0.0,0.0,0.0,0.0,0.0,0.003787878787878788,0.0,0.0,0.0,0.0,0.0,0.015625,0.0,0.0,0.0,0.05558654308654309,0.0431712962962963,0.024705387205387203,0.005952380952380952,0.0,0.016666666666666666,0.008333333333333333,0.009343434343434343,0.03172591297591298,0.039070189070189075,0.12605068542568543,0.1751828033078033,0.3169681013431013,8.0
0.0,0.0,0.0,0.0,0.0,0.002777777777777778,0.006944444444444444,0.0,0.0,0.0,0.0,0.0,0.0,0.0,0.0,0.0,0.0,0.0,0.0,0.0,0.0,0.10714285714285714,0.0,0.0,0.0,0.0,0.0,0.0,0.0,0.0,0.0,0.0,0.0,0.006944444444444444,0.0,0.0,0.0,0.009722222222222222,0.018849206349206348,0.0,0.0,0.0,0.0,0.0,0.0,0.0,0.0,0.0,0.0,0.0,0.0,0.006944444444444444,0.0,0.006944444444444444,0.0,0.031746031746031744,0.0,0.04523809523809524,0.0,0.0,0.0,0.0,0.0248015873015873,0.026537698412698412,0.020138888888888887,0.12251984126984128,0.2353174603174603,0.32743055555555556,9.0
0.0,0.0,0.0,0.0,0.0,0.0,0.0,0.0,0.0,0.0,0.0,0.0,0.0,0.005555555555555556,0.0,0.0,0.0,0.0,0.0,0.0,0.0,0.0,0.0,0.0,0.0,0.0,0.0,0.0,0.0,0.0,0.0,0.0,0.0,0.011904761904761904,0.0,0.0,0.0,0.0,0.0,0.0,0.0,0.0,0.0,0.0,0.0,0.0,0.0,0.0,0.0,0.0,0.0,0.0,0.0,0.0,0.0,0.022916666666666665,0.025793650793650796,0.03535353535353535,0.0,0.0,0.011904761904761904,0.017857142857142856,0.0,0.025694444444444447,0.024936868686868684,0.22499151175621765,0.1017857142857143,0.4913053857906799,10.0
0.0,0.0,0.0,0.010416666666666666,0.011904761904761904,0.0,0.0,0.010416666666666666,0.0,0.0,0.0,0.0,0.0,0.0,0.0,0.0,0.0,0.0,0.0,0.0,0.0,0.0,0.0,0.0,0.0,0.0,0.0,0.0,0.0,0.0,0.011904761904761904,0.0,0.0,0.0,0.0,0.0,0.010416666666666666,0.0,0.0,0.0,0.0,0.0,0.0,0.0,0.0,0.0,0.0,0.0,0.0,0.0,0.0,0.0,0.0,0.0,0.0,0.030654761904761907,0.008333333333333333,0.008333333333333333,0.0,0.0,0.0,0.0,0.020833333333333332,0.04791666666666666,0.0,0.10395074696545285,0.15109233087174265,0.49049263644851887,11.0
0.0,0.0,0.006410256410256411,0.0,0.0,0.0,0.0,0.0,0.0,0.0,0.0,0.0,0.0,0.0,0.0,0.0,0.0,0.0,0.0,0.0,0.0,0.0,0.0,0.0,0.0,0.0,0.0,0.0,0.0,0.0,0.0,0.0,0.0,0.008333333333333333,0.0,0.0,0.0,0.0,0.0,0.0,0.0,0.0,0.0,0.0,0.0,0.0,0.0,0.0,0.0,0.0,0.0,0.0,0.0,0.0,0.0,0.0,0.0,0.0,0.0,0.0,0.026648351648351647,0.0,0.0,0.011904761904761904,0.006944444444444444,0.07390873015873016,0.05902777777777778,0.6401556776556776,12.0
0.009259259259259259,0.011904761904761904,0.0,0.0,0.0,0.0,0.0,0.0,0.0,0.0,0.0,0.0,0.0,0.0,0.0,0.0,0.0,0.0,0.0,0.0,0.0,0.0,0.0,0.0,0.0,0.0,0.0,0.0,0.0,0.0,0.0,0.0,0.0,0.0,0.0,0.0,0.0,0.0,0.0,0.0,0.0,0.0,0.0,0.0,0.0,0.0,0.0,0.0,0.0,0.003968253968253968,0.0,0.0,0.0,0.0,0.0,0.025925925925925925,0.005555555555555556,0.0,0.0,0.0,0.0,0.004629629629629629,0.020634920634920634,0.029166666666666664,0.003968253968253968,0.06468253968253967,0.052215608465608465,0.684755291005291,13.0
