ese,iis,gii,scs,ssc,ges,seg,shh,ihh,hgs,sih,hhh,ohs,ggi,sig,gig,ees,egs,jcs,gse,iig,gee,esg,sge,gih,hgi,ies,ihs,oss,isg,hse,shs,ise,ses,hss,sse,see,eee,hji,jii,shj,csg,csh,gsi,gis,sgi,eis,igg,igs,jss,ssi,css,hii,shi,isi,sis,ssh,ggs,sii,ess,gsg,sgs,iii,ggg,sgg,ssg,gss,iss,sss,TimeFactor
0.0,0.0,0.0,0.0,0.0,0.0,0.0,0.0,0.0,0.0,0.0,0.0,0.0,0.0,0.0,0.0,0.0,0.0,0.0,0.0,0.0,0.0,0.0,0.0,0.0,0.0,0.0,0.0,0.0,0.0,0.0,0.0,0.0,0.0,0.0,0.0,0.0,0.0,0.0,0.0,0.0,0.0,0.0,0.0,0.0,0.0,0.0,0.0,0.0,0.0,0.0,0.0,0.0,0.0,0.0,0.0,0.0,0.0,0.0,0.0,0.0,0.0,0.0,0.016666666666666666,0.016666666666666666,0.016666666666666666,0.016666666666666666,0.020833333333333332,0.24583333333333335,1.0
0.0,0.0,0.0,0.0,0.0,0.0,0.0,0.0,0.0,0.0,0.0,0.0,0.0,0.0,0.0,0.0,0.0,0.0,0.0,0.0,0.0,0.0,0.0,0.0,0.0,0.0,0.0,0.0,0.0,0.0,0.0,0.0,0.0,0.0,0.0,0.0,0.0,0.0,0.0036231884057971015,0.0036231884057971015,0.0036231884057971015,0.0036231884057971015,0.0036231884057971015,0.0036231884057971015,0.0036231884057971015,0.0036231884057971015,0.004901960784313725,0.004901960784313725,0.004901960784313725,0.006410256410256411,0.006410256410256411,0.006410256410256411,0.006944444444444444,0.006944444444444444,0.006944444444444444,0.006944444444444444,0.006944444444444444,0.008525149190110827,0.010033444816053512,0.012820512820512822,0.020833333333333332,0.020833333333333332,0.034791898922333704,0.0,0.0036231884057971015,0.0036231884057971015,0.03426044330775788,0.02550303845060878,0.22750808796205216,2.0
0.0,0.0,0.0,0.0,0.0,0.0,0.0,0.0,0.0,0.0,0.0,0.0,0.0,0.0,0.0,0.0,0.0,0.0,0.0,0.0,0.0,0.0,0.0,0.0,0.0,0.0,0.0,0.0,0.0,0.0,0.0025252525252525255,0.0025252525252525255,0.0025252525252525255,0.0025252525252525255,0.0025252525252525255,0.020833333333333332,0.023358585858585856,0.025883838383838384,0.0,0.0,0.0,0.0,0.0,0.0,0.0,0.0,0.0,0.0,0.0,0.0,0.0,0.0,0.0,0.0,0.0,0.0,0.0025252525252525255,0.0025252525252525255,0.0,0.008477633477633478,0.0,0.0025252525252525255,0.0,0.012941919191919192,0.012941919191919192,0.015467171717171718,0.05998977873977873,0.009259259259259259,0.373977873977874,3.0
0.0,0.0,0.0,0.0,0.0,0.0,0.0,0.0,0.0,0.0,0.0,0.0,0.0,0.0,0.0,0.0,0.0,0.0,0.0,0.0,0.0,0.0,0.0,0.0,0.0,0.0,0.0,0.0,0.0,0.018518518518518517,0.0,0.0,0.0,0.0,0.0,0.0015151515151515152,0.0015151515151515152,0.0015151515151515152,0.0,0.0,0.0,0.0,0.0,0.0,0.009259259259259259,0.009259259259259259,0.0,0.0,0.0,0.0,0.0015151515151515152,0.004901960784313725,0.0,0.0,0.0,0.0015151515151515152,0.0,0.010416666666666666,0.0,0.0024509803921568627,0.0024509803921568627,0.016612200435729845,0.0,0.05143716577540108,0.031216577540106955,0.025701871657754016,0.04498786888492771,0.013804713804713804,0.25140621905327787,4.0
0.0,0.0,0.0,0.0,0.0,0.0,0.0,0.0,0.0,0.0,0.0,0.0,0.0,0.0,0.0,0.0,0.0,0.0,0.0,0.0,0.0,0.0,0.0,0.0,0.0024509803921568627,0.0024509803921568627,0.0024509803921568627,0.0024509803921568627,0.024999999999999998,0.0,0.0,0.0,0.0,0.020833333333333332,0.023284313725490197,0.023284313725490197,0.0024509803921568627,0.007352941176470589,0.0,0.0,0.0,0.0,0.0,0.0,0.0,0.0,0.0,0.0,0.0,0.0,0.012500000000000002,0.0,0.0,0.0,0.0,0.0,0.0,0.0,0.012500000000000002,0.02573529411764706,0.008006535947712418,0.01045751633986928,0.025000000000000005,0.022222222222222223,0.005555555555555556,0.008006535947712418,0.016339869281045753,0.02189542483660131,0.30310457516339867,5.0
0.0,0.0,0.0,0.0,0.0,0.0,0.0,0.0,0.0,0.0,0.0,0.0,0.0,0.0,0.0,0.0,0.0,0.0,0.0,0.0,0.0018115942028985507,0.0018115942028985507,0.0018115942028985507,0.0018115942028985507,0.0,0.0,0.0,0.0,0.0,0.0,0.0,0.0,0.0018115942028985507,0.0036231884057971015,0.0,0.0018115942028985507,0.0,0.005434782608695652,0.0,0.0,0.0,0.0,0.0,0.0018115942028985507,0.006410256410256411,0.006410256410256411,0.0,0.0,0.008221850613154962,0.0,0.011904761904761904,0.016666666666666666,0.0,0.0,0.0,0.0018115942028985507,0.0,0.0018115942028985507,0.011904761904761904,0.0018115942028985507,0.0,0.0036231884057971015,0.023809523809523808,0.01847826086956522,0.01847826086956522,0.022101449275362322,0.03197165153686893,0.04041646759038064,0.25242873068960026,6.0
0.0,0.0,0.0,0.0,0.0,0.0,0.0,0.0,0.0,0.0,0.0,0.0,0.0,0.0,0.0,0.0,0.0,0.0,0.0,0.020833333333333332,0.0,0.0,0.0,0.0,0.0,0.0,0.0,0.0,0.0,0.020833333333333332,0.0,0.0,0.0,0.0,0.0,0.0,0.020833333333333332,0.0,0.0,0.0,0.0,0.0,0.0,0.0,0.0,0.0,0.0,0.0,0.0,0.0,0.012499999999999999,0.0,0.0,0.0,0.0,0.004166666666666667,0.0,0.0,0.008333333333333333,0.004166666666666667,0.0,0.022569444444444444,0.008333333333333333,0.041666666666666664,0.015625,0.01736111111111111,0.025694444444444447,0.011805555555555555,0.0986111111111111,7.0
0.0,0.0,0.0,0.0,0.0,0.0,0.0,0.0,0.0,0.0,0.0,0.0,0.0024509803921568627,0.0026041666666666665,0.0026041666666666665,0.0026041666666666665,0.0043859649122807015,0.004629629629629629,0.020833333333333332,0.0,0.0,0.0,0.0,0.0,0.0,0.0,0.0,0.020833333333333332,0.0,0.0,0.0,0.0,0.0,0.0,0.02969457013574661,0.0,0.0,0.0,0.0,0.0,0.0,0.0,0.0,0.0024509803921568627,0.0,0.0,0.004629629629629629,0.005208333333333333,0.0,0.0024509803921568627,0.00814156681190995,0.0375,0.0,0.0,0.0,0.007506127450980392,0.0,0.009015594541910331,0.0030864197530864196,0.007472384665367121,0.004629629629629629,0.015941846824199767,0.006172839506172839,0.01089891975308642,0.014706180961663417,0.026018398156233552,0.027561608032776765,0.029292918434430302,0.5200086633281293,8.0
0.0,0.0,0.0,0.0,0.0,0.0,0.0,0.0,0.0,0.0,0.0,0.0,0.0,0.0,0.0,0.0,0.0,0.0,0.0,0.0,0.0,0.0,0.0,0.0,0.0,0.0,0.0,0.0,0.0033333333333333335,0.005555555555555556,0.0,0.0,0.0,0.0,0.0,0.0,0.0,0.0,0.0,0.0,0.0,0.0,0.0,0.0,0.0,0.0,0.0,0.0,0.0,0.0,0.0,0.0,0.0,0.0,0.0,0.0,0.0,0.0,0.0,0.0,0.003472222222222222,0.01236111111111111,0.0,0.006666666666666667,0.006666666666666667,0.01,0.030138888888888892,0.020694444444444442,0.40111111111111114,9.0
0.0,0.0,0.0,0.0,0.0,0.0,0.0,0.0,0.0020833333333333333,0.0020833333333333333,0.0020833333333333333,0.010416666666666666,0.0,0.0,0.0,0.0,0.0,0.0,0.0,0.0,0.0,0.0,0.0,0.0,0.0,0.0,0.009259259259259259,0.0,0.0,0.0,0.0,0.005706521739130434,0.0,0.0,0.005706521739130434,0.0,0.0,0.0,0.0,0.0,0.0,0.0,0.0,0.0,0.0,0.0,0.0,0.0,0.0,0.0,0.02329911433172303,0.009259259259259259,0.0,0.0,0.0,0.017049114331723025,0.005706521739130434,0.0,0.013425925925925924,0.009259259259259259,0.020833333333333332,0.036904761904761905,0.012499999999999999,0.011904761904761904,0.005952380952380952,0.022023809523809525,0.06160714285714285,0.03024787209569818,0.43268777317690366,10.0
0.0,0.0,0.0,0.0,0.0,0.0002612330198537095,0.0002612330198537095,0.0002612330198537095,0.0,0.0,0.0,0.0002612330198537095,0.0,0.0,0.0,0.0,0.0002612330198537095,0.0002612330198537095,0.0,0.0,0.0,0.0,0.0002612330198537095,0.0002612330198537095,0.0,0.0,0.0024509803921568627,0.0,0.003968253968253968,0.000522466039707419,0.0,0.0,0.003968253968253968,0.0002612330198537095,0.023284313725490197,0.005946892863728563,0.009392680792275112,0.013099701740675372,0.0,0.0,0.0,0.0,0.0,0.0002612330198537095,0.0002612330198537095,0.0002612330198537095,0.0,0.0,0.0,0.0002612330198537095,0.011226800019903468,0.0024509803921568627,0.0,0.0,0.0,0.005274419067522515,0.0002612330198537095,0.000522466039707419,0.006474846992088372,0.006059866184950701,0.0007836990595611286,0.018613404600558082,0.009087177190625467,0.012838834593398489,0.004279611531132829,0.011877324588616003,0.03481112144060081,0.004540844550986539,0.554867797979698,11.0
0.0,0.0005411255411255411,0.0005411255411255411,0.002695473251028807,0.002695473251028807,0.0,0.0,0.0,0.0,0.0,0.0,0.0,0.0,0.0,0.0,0.0,0.0,0.0,0.0,0.0010822510822510823,0.0,0.0010288065843621398,0.0,0.0010288065843621398,0.0,0.0,0.0,0.0,0.0,0.0,0.0,0.0,0.0,0.0010822510822510823,0.0016666666666666668,0.005984211866564808,0.0054430863254392664,0.02338314674915982,0.0,0.0,0.0,0.0,0.0,0.0,0.0,0.0005411255411255411,0.0,0.0,0.016666666666666666,0.0,0.006471892909801407,0.0037242798353909466,0.0,0.0,0.0010822510822510823,0.004562038058770084,0.0,0.0010822510822510823,0.002992105933282404,0.002748917748917749,0.0021645021645021645,0.00864785420340976,0.0024509803921568627,0.006082251082251082,0.002748917748917749,0.009719950831061941,0.025802201913313023,0.004562038058770084,0.3507773502217946,12.0
0.005208333333333333,0.0,0.0,0.0,0.0,0.0,0.0,0.0,0.0,0.0,0.0,0.0,0.0,0.0,0.0,0.0,0.005208333333333333,0.0,0.0,0.0,0.0,0.0,0.0,0.0,0.0,0.0,0.0,0.0,0.0,0.0,0.0,0.0,0.0,0.005208333333333333,0.0,0.01710858585858586,0.01710858585858586,0.0066919191919191925,0.0,0.0,0.0,0.0,0.0,0.0,0.0,0.0,0.0,0.0,0.0,0.0,0.004419191919191919,0.001893939393939394,0.0,0.0,0.001893939393939394,0.001893939393939394,0.0,0.006523569023569024,0.004419191919191919,0.005208333333333333,0.001893939393939394,0.008207070707070706,0.0025252525252525255,0.006523569023569024,0.003787878787878788,0.006313131313131313,0.017255892255892257,0.01362584175084175,0.3570812289562289,13.0
