eh,gh,so,eg,hc,sj,gj,se,ej,gg,ge,sh,jh,hg,gi,es,ci,cg,ig,si,gc,os,ie,ii,sc,gs,hs,sg,cs,js,is,ss,TimeFactor
0.0,0.0,0.0,0.0,0.0,0.0,0.0,0.0,0.0,0.0,0.0,0.0,0.0,0.0,0.0,0.0,0.0,0.0,0.0,0.0,0.0,0.003472222222222222,0.005952380952380952,0.005952380952380952,0.006944444444444444,0.009395424836601307,0.010416666666666666,0.01736111111111111,0.025735294117647054,0.048056722689075626,0.05800653594771243,0.6420401493930906,1.0
0.0,0.0,0.0,0.0,0.0,0.0,0.0,0.0,0.0,0.0,0.0,0.0,0.0,0.0,0.0026041666666666665,0.0026041666666666665,0.003787878787878788,0.003787878787878788,0.003787878787878788,0.003787878787878788,0.020833333333333332,0.009375,0.0,0.0,0.0,0.04944760101010101,0.0,0.002777777777777778,0.035905934343434344,0.04131944444444444,0.05587121212121212,0.6807765151515152,2.0
0.0,0.0,0.0,0.0,0.0,0.0,0.0,0.0,0.0,0.0,0.0,0.0,0.005208333333333333,0.005208333333333333,0.0,0.004941239316239316,0.0,0.0,0.0,0.006944444444444444,0.0,0.006944444444444444,0.0,0.001736111111111111,0.0,0.02847222222222222,0.001736111111111111,0.0,0.04001068376068376,0.022222222222222223,0.09815705128205127,0.6950854700854702,3.0
0.0,0.0,0.0,0.0,0.0,0.0,0.001488095238095238,0.001488095238095238,0.0018115942028985507,0.004092261904761905,0.004629629629629629,0.010552832244008714,0.0,0.0,0.0024509803921568627,0.006390056022408964,0.0,0.0,0.0,0.001488095238095238,0.0,0.008680555555555554,0.0032996894409937885,0.005952380952380952,0.0026041666666666665,0.07720510816738439,0.013547390109890109,0.010533485737290085,0.03695825552443199,0.020127959210440027,0.059961689525308455,0.6434043456661743,4.0
0.0,0.0,0.0,0.0,0.001893939393939394,0.0042763157894736845,0.0,0.0023148148148148147,0.0,0.003878066378066378,0.0,0.009157509157509158,0.0,0.0,0.008044733044733044,0.010921717171717171,0.0,0.0,0.0,0.01903401179716969,0.0,0.009497215747215747,0.0,0.003977272727272728,0.0,0.07704548132179712,0.05065628815628815,0.007173382173382173,0.039359592649066334,0.03714490918438287,0.10594555298502666,0.6096791975081449,5.0
0.0,0.0,0.0,0.001736111111111111,0.0,0.0,0.0,0.0013440860215053762,0.0,0.004861111111111111,0.0,0.0,0.0,0.0,0.0038194444444444448,0.014160496015334723,0.0,0.0,0.001736111111111111,0.010381054131054132,0.0,0.005456349206349205,0.0,0.008725071225071225,0.0,0.07968641275092887,0.010300925925925923,0.011458333333333334,0.014458115062953773,0.036937543489962844,0.08483935792403535,0.7100994771357674,6.0
0.0,0.0,0.0021929824561403508,0.0,0.0,0.0,0.0,0.0,0.0,0.0,0.0,0.0,0.0,0.0,0.0,0.01682591896407686,0.0,0.0,0.0,0.0,0.0,0.021716791979949874,0.005952380952380952,0.0,0.0,0.045823566662382444,0.023431408382066272,0.0045077972709551654,0.0067708333333333336,0.02844568017265386,0.07951726270805218,0.7648153771180087,7.0
0.0,0.0,0.0,0.0,0.0,0.0,0.0,0.0,0.0,0.009574915824915825,0.0,0.006677350427350427,0.0,0.0,0.0032051282051282055,0.017939814814814815,0.0,0.004629629629629629,0.0,0.0032051282051282055,0.0,0.006677350427350427,0.0,0.0,0.0,0.08622372997372996,0.013310185185185184,0.008992165242165243,0.020454545454545454,0.03296448921448921,0.06191412753912754,0.7242314398564399,8.0
0.0,0.002976190476190476,0.0,0.0,0.0,0.0,0.0,0.001893939393939394,0.0,0.012802301864801866,0.003787878787878788,0.0,0.0,0.0024509803921568627,0.0,0.007846320346320346,0.0,0.0,0.0,0.0,0.0,0.0,0.0,0.0,0.0,0.05216251273236566,0.005952380952380952,0.010450487012987014,0.012344426406926406,0.04158929986135868,0.045713943599973016,0.8000293381727205,9.0
0.005208333333333333,0.0,0.0,0.0,0.0,0.0,0.0,0.0,0.0,0.0,0.0,0.0,0.0,0.0,0.0,0.012232905982905981,0.0,0.0,0.0,0.0,0.0,0.003787878787878788,0.0,0.0,0.0,0.044602844051373464,0.008996212121212122,0.0,0.0,0.008689839572192513,0.030037242169595108,0.8864447439815087,10.0
0.0,0.0,0.0,0.0,0.0,0.0,0.0,0.0,0.0,0.005208333333333333,0.0,0.0,0.0,0.004166666666666667,0.002777777777777778,0.00974025974025974,0.0,0.0,0.0,0.0,0.0,0.0,0.0,0.0,0.0,0.07977092352092352,0.0,0.007523148148148148,0.0,0.0,0.040213143338143346,0.8505997474747474,11.0
0.0,0.0,0.0,0.0,0.0,0.0,0.0,0.005952380952380952,0.0,0.0,0.0,0.0,0.0,0.0,0.0,0.025099206349206347,0.0,0.0,0.0,0.006944444444444445,0.0,0.005952380952380952,0.0,0.002777777777777778,0.0,0.07657169219669219,0.005952380952380952,0.0032051282051282055,0.013324175824175824,0.007407407407407407,0.043171758796758795,0.7203079328079328,12.0
0.0,0.0,0.0,0.0,0.0,0.0,0.0,0.0,0.0,0.0,0.0,0.0,0.0,0.0,0.0,0.009722222222222222,0.0,0.0,0.0,0.013888888888888888,0.0,0.003787878787878788,0.0,0.0,0.0,0.04345238095238096,0.0,0.005952380952380952,0.013047138047138048,0.0,0.030039405039405036,0.7967763717763718,13.0
