jj,jh,io,hi,sj,je,gh,eh,ho,he,ih,hh,ce,ch,ic,ec,go,oo,ji,ei,eg,ge,hg,sh,jg,gc,gi,cc,se,ig,ij,ie,ee,hc,ci,jo,og,cg,hs,es,js,ii,sc,so,os,is,gg,sg,si,gs,cs,ss,TimeFactor
0.0,0.0,0.0,0.0,0.0,0.0,0.0,0.0,0.0,0.0,0.0,0.0,0.0,0.0,0.0,0.0,0.0,0.0,0.0,0.0,0.0,0.0,0.0,0.0,0.0,0.0,0.0,0.0,0.0,0.0,0.0,0.0,0.0,0.0,0.009259259259259259,0.009259259259259259,0.009259259259259259,0.009259259259259259,0.009259259259259259,0.009259259259259259,0.013888888888888888,0.013888888888888888,0.013888888888888888,0.018518518518518517,0.018518518518518517,0.02314814814814815,0.027777777777777776,0.03472222222222222,0.037037037037037035,0.05555555555555555,0.08333333333333333,0.3541666666666667,1.0
0.0,0.0,0.0,0.0,0.0,0.0,0.0,0.0,0.0,0.0,0.0,0.0,0.0,0.0,0.0,0.0,0.0,0.0,0.0,0.0,0.0,0.0,0.0,0.0,0.0,0.0,0.0,0.003968253968253968,0.003968253968253968,0.003968253968253968,0.004629629629629629,0.004629629629629629,0.004629629629629629,0.009259259259259259,0.0,0.0,0.0,0.0,0.0,0.07275132275132275,0.004629629629629629,0.008597883597883597,0.017857142857142856,0.0,0.0,0.02314814814814815,0.027777777777777776,0.031746031746031744,0.004629629629629629,0.011904761904761904,0.02314814814814815,0.32208994708994704,2.0
0.0,0.0,0.0,0.0,0.0,0.0,0.0,0.0,0.0,0.0,0.0,0.0,0.0,0.0,0.0,0.0,0.0,0.0,0.0,0.0,0.003472222222222222,0.003472222222222222,0.005555555555555556,0.005555555555555556,0.005555555555555556,0.006944444444444444,0.008641975308641974,0.0,0.0030864197530864196,0.006558641975308641,0.0,0.0,0.0030864197530864196,0.0,0.0,0.0,0.0,0.006944444444444444,0.03888888888888888,0.006558641975308641,0.006944444444444444,0.020061728395061724,0.0,0.0,0.006944444444444444,0.0412037037037037,0.05555555555555555,0.020447530864197528,0.013888888888888888,0.09429012345679012,0.013888888888888888,0.3724537037037037,3.0
0.0,0.0,0.0,0.0,0.0,0.0,0.0,0.0,0.0,0.0021367521367521365,0.0021367521367521365,0.0025252525252525255,0.0025252525252525255,0.003968253968253968,0.003968253968253968,0.004629629629629629,0.006944444444444444,0.009081196581196582,0.01091269841269841,0.01304945054945055,0.0025252525252525255,0.004629629629629629,0.0,0.0025252525252525255,0.01091269841269841,0.0,0.00863025863025863,0.0,0.032407407407407406,0.017406204906204908,0.0,0.0021367521367521365,0.039562289562289556,0.0,0.0,0.0,0.0,0.0,0.013437950937950938,0.009259259259259259,0.006944444444444444,0.039251258001258,0.0021367521367521365,0.009081196581196582,0.003472222222222222,0.07832445332445331,0.044471731971731966,0.08125555000555,0.02070036445036445,0.14644614644614645,0.01933251933251933,0.3432724682724682,4.0
0.0,0.0,0.0,0.0,0.0,0.0,0.0,0.0,0.003472222222222222,0.0,0.003472222222222222,0.0016339869281045752,0.003472222222222222,0.0,0.0,0.002777777777777778,0.0,0.0,0.01273148148148148,0.006944444444444444,0.0,0.003472222222222222,0.003472222222222222,0.0016339869281045752,0.009259259259259259,0.0,0.0016339869281045752,0.005555555555555556,0.018981481481481478,0.017633442265795208,0.0,0.003472222222222222,0.013888888888888888,0.0,0.0,0.0,0.0,0.0,0.003472222222222222,0.009722222222222222,0.0,0.02407407407407407,0.005555555555555556,0.0,0.003472222222222222,0.09515250544662308,0.04451252723311547,0.055610021786492374,0.022235838779956427,0.14392701525054466,0.0,0.47875816993464054,5.0
0.0,0.0,0.0,0.0,0.0,0.0,0.0,0.009259259259259259,0.0,0.0,0.0030864197530864196,0.0,0.0,0.0,0.0,0.0,0.0,0.0,0.0,0.005555555555555556,0.009259259259259259,0.0,0.009259259259259259,0.009259259259259259,0.0,0.0,0.02785493827160494,0.0,0.01273148148148148,0.0378858024691358,0.0,0.005555555555555556,0.007440476190476189,0.0,0.0,0.0,0.0,0.0,0.016313932980599646,0.016313932980599646,0.010416666666666666,0.0281194885361552,0.0,0.0,0.0,0.05666887125220458,0.08440255731922398,0.042504409171075834,0.024415784832451503,0.14301146384479715,0.0,0.44068562610229267,6.0
0.0,0.0,0.0,0.0,0.0,0.0015432098765432098,0.0015432098765432098,0.0,0.0,0.0015432098765432098,0.0,0.02932098765432099,0.0,0.0,0.0,0.0,0.0,0.0,0.0,0.008487654320987654,0.0,0.0015432098765432098,0.0,0.027777777777777776,0.0,0.0,0.013888888888888888,0.0015432098765432098,0.025308641975308643,0.014197530864197531,0.0,0.0,0.02561728395061728,0.0,0.0,0.0,0.0,0.0,0.011265432098765432,0.010185185185185184,0.020833333333333332,0.013888888888888888,0.0015432098765432098,0.0,0.0,0.09027777777777778,0.04287918871252205,0.05939153439153439,0.020833333333333332,0.08948412698412699,0.013888888888888888,0.47321428571428564,7.0
0.0,0.0,0.0,0.004629629629629629,0.013888888888888888,0.0,0.004629629629629629,0.0,0.0,0.0,0.0,0.001736111111111111,0.0,0.0,0.006944444444444444,0.0,0.0,0.006944444444444444,0.0,0.006944444444444444,0.0,0.015625,0.001736111111111111,0.0,0.004629629629629629,0.0,0.018132716049382717,0.0,0.021990740740740738,0.010416666666666666,0.0,0.006944444444444444,0.01273148148148148,0.0,0.0,0.0,0.0,0.0,0.0,0.01736111111111111,0.013888888888888888,0.008101851851851851,0.0,0.006944444444444444,0.006944444444444444,0.06831459435626103,0.04497354497354497,0.05423280423280422,0.023837081128747797,0.12483465608465609,0.011574074074074075,0.48106812169312163,8.0
0.0,0.004629629629629629,0.027777777777777776,0.0,0.0,0.0,0.0,0.0,0.0,0.0,0.0,0.0,0.0,0.0,0.0,0.0,0.0,0.0,0.0,0.0,0.002777777777777778,0.005555555555555556,0.0,0.0,0.004629629629629629,0.0,0.005555555555555556,0.0,0.013888888888888888,0.005555555555555556,0.0,0.002777777777777778,0.013888888888888888,0.0,0.0,0.0,0.0,0.0,0.027777777777777776,0.04953703703703704,0.005555555555555556,0.018055555555555557,0.0,0.004629629629629629,0.032407407407407406,0.021759259259259256,0.06481481481481481,0.0462962962962963,0.018055555555555557,0.09444444444444444,0.0,0.362962962962963,9.0
0.004629629629629629,0.0,0.013888888888888888,0.0,0.0,0.0,0.0,0.0,0.0,0.0,0.0,0.04563492063492064,0.0,0.0,0.0,0.0,0.0,0.0,0.0,0.009259259259259259,0.006944444444444444,0.0,0.0,0.04563492063492064,0.0,0.0,0.030588624338624342,0.0,0.013888888888888888,0.017857142857142856,0.0,0.0,0.016203703703703703,0.0,0.0,0.0,0.0,0.0,0.013888888888888888,0.02414021164021164,0.004629629629629629,0.05439814814814815,0.0,0.0,0.0,0.061673280423280415,0.025297619047619044,0.05654761904761904,0.02546296296296296,0.09540343915343914,0.0,0.3506944444444444,10.0
0.0,0.0,0.0,0.0,0.0,0.0,0.004629629629629629,0.0,0.0,0.0,0.0,0.0,0.0,0.0,0.0,0.0,0.0,0.0,0.0,0.0,0.0,0.0025252525252525255,0.0,0.0,0.0,0.0,0.037995337995338,0.0,0.005555555555555556,0.004273504273504273,0.0,0.02407407407407407,0.005555555555555556,0.0,0.0,0.0,0.0,0.0,0.0067663817663817655,0.012710437710437708,0.004629629629629629,0.0025252525252525255,0.0,0.004629629629629629,0.032407407407407406,0.013597513597513598,0.05191660191660191,0.07296037296037296,0.0021367521367521365,0.054908054908054914,0.0,0.3228697228697229,11.0
0.0,0.0,0.0,0.0,0.0,0.0,0.0,0.0,0.0,0.0,0.0,0.0,0.0,0.0,0.013888888888888888,0.0,0.0,0.0,0.0,0.0,0.0,0.0,0.0,0.0,0.0,0.0,0.009259259259259259,0.0,0.013888888888888888,0.0,0.0,0.009259259259259259,0.006944444444444444,0.0,0.0,0.0,0.0,0.0,0.0,0.03472222222222222,0.0,0.013888888888888888,0.0,0.0,0.0,0.03042328042328042,0.06349206349206349,0.027777777777777776,0.024801587301587297,0.07738095238095237,0.013888888888888888,0.32705026455026454,12.0
0.0,0.0,0.0,0.0,0.037037037037037035,0.0,0.0,0.0,0.0,0.0,0.0,0.0,0.0,0.0,0.0,0.0,0.0,0.0,0.0,0.0,0.027777777777777776,0.0,0.0,0.0,0.0,0.0,0.0,0.0,0.0462962962962963,0.0,0.0,0.0,0.0462962962962963,0.0,0.0,0.0,0.0,0.0,0.0,0.041666666666666664,0.037037037037037035,0.0,0.0,0.0,0.0,0.0,0.0,0.0,0.0,0.041666666666666664,0.0,0.2222222222222222,13.0
