hi,gh,jj,cg,og,hg,sj,jg,ei,ie,eg,ge,ci,hh,sc,ig,gi,cs,sh,hs,si,ee,se,ii,so,is,sg,oo,es,js,gg,gs,ss,TimeFactor
0.0,0.0,0.0,0.0,0.0,0.0,0.0,0.0,0.0,0.0,0.0,0.0,0.0,0.0,0.0,0.0,0.0,0.0,0.0,0.0,0.0,0.0,0.0,0.0,0.0010822510822510823,0.0010822510822510823,0.0010822510822510823,0.0032467532467532465,0.006944444444444444,0.007575757575757576,0.011904761904761904,0.0329004329004329,0.6008477633477634,1.0
0.0,0.0,0.0,0.0,0.0,0.0,0.0,0.0,0.0,0.0,0.0,0.0,0.0,0.0,0.0,0.0,0.0,0.0,0.0,0.0,0.0,0.0,0.0,0.0,0.0,0.0023148148148148147,0.012197293447293445,0.0,0.006410256410256411,0.0,0.0,0.03521423751686909,0.5271967311440995,2.0
0.0,0.0,0.0,0.0,0.0,0.0,0.0,0.0,0.0,0.0,0.0,0.0,0.0,0.0,0.0,0.001282051282051282,0.0022522522522522522,0.0022522522522522522,0.0028735632183908046,0.0028735632183908046,0.004155614500442086,0.005786555786555787,0.01151151151151151,0.0226790450928382,0.0,0.015045815045815045,0.007360742705570292,0.0,0.010541310541310541,0.00607869142351901,0.006410256410256411,0.022182070996726172,0.4600480370954509,3.0
0.0,0.0,0.0,0.0,0.0,0.0,0.0,0.0,0.0,0.0,0.0,0.0,0.0,0.0,0.0008090614886731391,0.003703703703703704,0.0,0.0008090614886731391,0.001851851851851852,0.001851851851851852,0.0425903451995685,0.0,0.007575757575757576,0.02360436893203884,0.0,0.03674242424242424,0.02916217188061848,0.0,0.008384819064430714,0.0,0.05450152822725638,0.040556250204308454,0.3311901376221765,4.0
0.0,0.0,0.0,0.0,0.0,0.0,0.0,0.0,0.0,0.0,0.0,0.0,0.0,0.0011848341232227487,0.0,0.003787878787878788,0.0,0.0003949447077409163,0.017456556082148498,0.017831931457523875,0.00915553640672124,0.007575757575757576,0.003787878787878788,0.0065524917420652015,0.0,0.051281753532938366,0.05548915999152967,0.0,0.0,0.0,0.03857995220554462,0.056633402575345694,0.480287922023704,5.0
0.0,0.0,0.0,0.0,0.0,0.0,0.0,0.0,0.0030864197530864196,0.0030864197530864196,0.0030864197530864196,0.0064197530864197536,0.019753086419753086,0.0,0.0,0.0033333333333333335,0.0033333333333333335,0.0038549665010538994,0.0,0.0030864197530864196,0.02980814728782209,0.009259259259259259,0.014991181657848324,0.04835312083279564,0.0,0.045306659192583996,0.03038291231126597,0.0,0.015758928571428573,0.00026041666666666666,0.03837126161440186,0.0428539502408913,0.5089473440121307,6.0
0.0,0.0,0.0,0.0,0.0,0.0010822510822510823,0.002976190476190476,0.002976190476190476,0.0010822510822510823,0.0010822510822510823,0.002976190476190476,0.008333333333333333,0.0,0.0,0.0,0.009392449338101511,0.0025252525252525255,0.005702808132475652,0.0,0.007505175983436853,0.01618122215948303,0.003787878787878788,0.005321067821067821,0.006858178053830227,0.0,0.024678277107944624,0.047690851703000046,0.0,0.013394448688566337,0.0,0.022397891963109356,0.09282388185840873,0.4712319578687865,7.0
0.0,0.0,0.0,0.0,0.006944444444444444,0.0,0.0,0.005555555555555556,0.0,0.0,0.0,0.0,0.0,0.0,0.0,0.0,0.0005208333333333333,0.0,0.0,0.0010416666666666667,0.0,0.045238095238095244,0.043452380952380944,0.0,0.0,0.013122196342305036,0.042762249827467215,0.0,0.022817460317460316,0.005555555555555556,0.07096165458937198,0.07649240855762594,0.41553549861973776,8.0
0.0,0.0,0.0,0.0,0.0,0.0,0.0,0.0,0.0,0.0030864197530864196,0.0009363295880149813,0.0009363295880149813,0.0,0.0056179775280898875,0.0,0.0015432098765432098,0.0,0.0009363295880149813,0.0009363295880149813,0.002479539464558191,0.028282143932550435,0.006172839506172839,0.0030864197530864196,0.021652981198975536,0.0,0.04547863612219144,0.018674475151135423,0.0,0.0030864197530864196,0.01614114114114114,0.01918892035362301,0.046409934187407464,0.6086869572596255,9.0
0.0,0.0,0.0,0.000925925925925926,0.0,0.0,0.0,0.0006887052341597796,0.0,0.0,0.0,0.0021367521367521365,0.0,0.0,0.0,0.002825457370911916,0.003062678062678063,0.0,0.0,0.0,0.0016146311600857058,0.0,0.0,0.0068140613595159055,0.0,0.005294593173381053,0.04518585370858098,0.0,0.0021367521367521365,0.000925925925925926,0.07213619713619714,0.04575265503295806,0.39383314496950866,10.0
0.0,0.0,0.0,0.0,0.0,0.0,0.0,0.0,0.0,0.0,0.0,0.0,0.0,0.0,0.0,0.0,0.0007183908045977011,0.0,0.0,0.0,0.002750911129800953,0.0,0.0,0.0060975609756097554,0.0,0.013152611321371835,0.024960272672075637,0.0,0.0007183908045977011,0.0,0.017639882888744306,0.046916573268620386,0.5537120728012483,11.0
0.0,0.0,0.0,0.0,0.0,0.0,0.0,0.0,0.0,0.003787878787878788,0.0,0.0010162601626016261,0.0,0.0,0.0,0.0,0.00506993006993007,0.003787878787878788,0.0,0.0,0.0019675925925925924,0.01237989652623799,0.008592017738359202,0.006606125356125356,0.0,0.00501637308039747,0.030172139555162663,0.0,0.013661947808289271,0.0,0.044807815740100725,0.050920443306515184,0.4788803671545969,12.0
0.005208333333333333,0.005208333333333333,0.010416666666666666,0.0,0.005208333333333333,0.0,0.005208333333333333,0.0,0.005208333333333333,0.005208333333333333,0.0,0.0,0.0,0.0,0.0,0.0022522522522522522,0.0,0.0,0.0,0.009176587301587302,0.0023809523809523807,0.0,0.0,0.009523809523809523,0.0,0.0,0.019414950664950664,0.0,0.0,0.005208333333333333,0.033134920634920635,0.022967610467610467,0.35427391677391684,13.0
