go,ee,jj,ge,jg,sh,ij,ji,oe,so,ic,ii,jc,ig,gj,gc,ci,ei,gi,hg,gh,ih,eg,gg,og,cg,io,oc,ej,eo,sj,hs,si,cc,sc,se,is,oj,ho,sg,js,es,cs,os,gs,ss,TimeFactor
0.0,0.0,0.0,0.0,0.0,0.0,0.0,0.0,0.0,0.0,0.0,0.0,0.0,0.0,0.0,0.0,0.0,0.0,0.0,0.0,0.0,0.0,0.0,0.0,0.0,0.0,0.0,0.0018115942028985507,0.0018115942028985507,0.0018115942028985507,0.0018115942028985507,0.0018115942028985507,0.0018115942028985507,0.0021929824561403508,0.0021929824561403508,0.005434782608695652,0.005816170861937452,0.005952380952380952,0.008145363408521303,0.010228696741854636,0.010869565217391304,0.01226309921962096,0.023997266717518433,0.03307748538011696,0.040175375730295636,0.6621176163653281,1.0
0.0,0.0,0.0,0.0,0.0,0.0,0.0,0.0,0.0,0.0,0.0,0.0,0.0,0.0,0.0,0.0,0.0,0.0,0.0,0.0,0.0,0.001488095238095238,0.001488095238095238,0.001488095238095238,0.0021929824561403508,0.0021929824561403508,0.0032051282051282055,0.0,0.0,0.0,0.006359649122807017,0.007142857142857143,0.01499194819628256,0.0,0.0,0.001488095238095238,0.016707634470792366,0.0,0.0,0.005169172932330827,0.0043859649122807015,0.005398110661268556,0.005398110661268556,0.0,0.05405993430374235,0.7001764768599134,2.0
0.0,0.0,0.0,0.0,0.0,0.0,0.0,0.0016666666666666668,0.0016666666666666668,0.0016666666666666668,0.0016666666666666668,0.001736111111111111,0.001736111111111111,0.001736111111111111,0.001736111111111111,0.0021929824561403508,0.0021929824561403508,0.003472222222222222,0.003929093567251462,0.005169172932330827,0.005208333333333333,0.0,0.0,0.007688492063492063,0.0,0.001736111111111111,0.0,0.0,0.0,0.0038596491228070177,0.0,0.006378968253968254,0.0016666666666666668,0.0,0.002976190476190476,0.001736111111111111,0.009712301587301587,0.0,0.0,0.019484649122807018,0.025219298245614034,0.0077887426900584795,0.007619047619047619,0.008145363408521303,0.057640455304928985,0.635905388471178,3.0
0.0,0.0012254901960784314,0.0016666666666666668,0.0016666666666666668,0.0021367521367521365,0.0021929824561403508,0.013888888888888888,0.0,0.0,0.0,0.0010683760683760683,0.0,0.0,0.0,0.003261358524516419,0.0,0.0,0.0,0.0,0.0,0.0,0.0,0.0060526315789473685,0.002892156862745098,0.0,0.0010683760683760683,0.0,0.0,0.0,0.0,0.005138888888888888,0.0021929824561403508,0.0010683760683760683,0.0,0.0,0.006679831176735201,0.0036764705882352945,0.0,0.0,0.011664086687306502,0.04590464660898097,0.0071210076473234366,0.007401315789473684,0.0021929824561403508,0.06477899830647509,0.7217267338784367,4.0
0.0,0.0,0.0,0.003787878787878788,0.0,0.008333333333333333,0.0,0.0,0.005952380952380952,0.005952380952380952,0.0,0.0,0.0,0.0014367816091954023,0.0,0.0,0.0,0.0,0.005952380952380952,0.0,0.0,0.0,0.0014367816091954023,0.010861384783798576,0.0,0.0,0.0,0.0,0.0,0.003472222222222222,0.0,0.008333333333333333,0.0,0.0,0.0,0.004909003831417624,0.005747126436781609,0.0,0.0,0.02423900333383092,0.0014367816091954023,0.013136288998357963,0.018253968253968255,0.008333333333333333,0.04024108075832213,0.7448512215753595,5.0
0.001893939393939394,0.0,0.0,0.003787878787878788,0.0,0.0,0.0,0.0,0.0,0.0,0.0,0.0,0.0,0.001893939393939394,0.0,0.0,0.0,0.0,0.0,0.0,0.0,0.0,0.003787878787878788,0.0,0.0,0.0,0.0,0.0,0.0,0.0,0.0,0.005681818181818181,0.0,0.0,0.0,0.0,0.015422077922077922,0.0,0.0,0.010227272727272729,0.0,0.015782828282828284,0.001893939393939394,0.005952380952380952,0.06736562049062049,0.7829770923520923,6.0
0.0,0.0,0.0,0.0024509803921568627,0.0,0.0020833333333333333,0.0,0.0,0.0,0.0020833333333333333,0.0,0.0,0.0,0.0024509803921568627,0.0,0.0,0.0,0.0,0.0024509803921568627,0.0,0.0,0.0,0.0,0.008267195767195767,0.0,0.0,0.0,0.0,0.0,0.0,0.0,0.006712962962962962,0.0024509803921568627,0.0,0.0,0.002976190476190476,0.028310768751945225,0.0,0.0,0.014686430127606597,0.01597222222222222,0.007510504201680671,0.011247276688453161,0.004398148148148148,0.06676976346093993,0.652511282290694,7.0
0.0,0.0,0.0,0.0,0.0,0.0,0.0,0.0,0.0,0.004208754208754209,0.0,0.0,0.0,0.0,0.0,0.0,0.0,0.0,0.0,0.0,0.0,0.0,0.0,0.004629629629629629,0.0,0.0,0.0,0.0,0.0,0.0,0.0,0.0,0.004086921850079745,0.0,0.0,0.0,0.005980861244019139,0.0,0.0,0.012803473329789117,0.011731902356902357,0.006279904306220096,0.006279904306220096,0.00946969696969697,0.0378876484139642,0.8133079700513912,8.0
0.0,0.0,0.0,0.0,0.001736111111111111,0.0,0.0,0.0,0.0,0.0,0.0,0.0,0.0,0.0,0.0,0.0,0.0,0.0,0.0,0.0,0.0,0.0,0.0,0.006944444444444444,0.0,0.0,0.0,0.0,0.0,0.0,0.0,0.001736111111111111,0.005952380952380952,0.0,0.0,0.0,0.005456349206349205,0.001736111111111111,0.0,0.0147005772005772,0.01273148148148148,0.001984126984126984,0.010732323232323232,0.017361111111111112,0.04453012265512265,0.7077320827320827,9.0
0.0,0.0,0.0,0.0,0.0,0.006944444444444444,0.0,0.0,0.0,0.0,0.0,0.0,0.0014367816091954023,0.0,0.005952380952380952,0.0,0.0,0.0,0.0,0.0,0.0,0.0,0.0,0.012896825396825398,0.0,0.0,0.0,0.0,0.0,0.0,0.0,0.0,0.0,0.0,0.0,0.0,0.0028735632183908046,0.0,0.0,0.010416666666666666,0.010861384783798576,0.013010855683269476,0.013136288998357963,0.008620689655172414,0.04092404442619959,0.789592740831965,10.0
0.0,0.0,0.0,0.0,0.0,0.001488095238095238,0.0,0.0,0.0,0.0,0.0,0.0,0.0,0.001488095238095238,0.0,0.0,0.0,0.0,0.0,0.0,0.0,0.0,0.0,0.0,0.0,0.0,0.0,0.0,0.0,0.0,0.0,0.032222985347985345,0.0024509803921568627,0.0,0.0,0.001488095238095238,0.005656108597285069,0.0,0.0,0.005656108597285069,0.0032051282051282055,0.025297619047619044,0.002976190476190476,0.022817460317460316,0.03505440637793578,0.6935320602600014,11.0
0.001736111111111111,0.0,0.0,0.0,0.0,0.0,0.0,0.0,0.0,0.0,0.0,0.0,0.0,0.0,0.0,0.0,0.0,0.0,0.0,0.0,0.0,0.0,0.0024509803921568627,0.0,0.0,0.0,0.0,0.0,0.0,0.0,0.0,0.0,0.005208333333333333,0.0,0.0,0.0024509803921568627,0.005208333333333333,0.0,0.0,0.007974970291146763,0.036458333333333336,0.0,0.004901960784313725,0.004513888888888889,0.03463680926916221,0.7277926322043968,12.0
0.0,0.0,0.0,0.0,0.0,0.0,0.0,0.0,0.0,0.0,0.0,0.0,0.0,0.0026041666666666665,0.0,0.0,0.0,0.0,0.0,0.0,0.0,0.0,0.0,0.0,0.0,0.0,0.0,0.0,0.0,0.0,0.0,0.0023148148148148147,0.0,0.0,0.0,0.0,0.005208333333333333,0.0,0.0,0.0032051282051282055,0.01909722222222222,0.0,0.005208333333333333,0.0026041666666666665,0.05000063593813594,0.8264238654863655,13.0
