sc,hh,oh,eg,jc,ge,hg,ie,ih,os,hs,se,ee,hj,ji,gi,ei,js,hi,ig,sh,es,cs,si,ii,sg,gs,is,gg,ss,TimeFactor
0.0,0.0,0.0,0.0,0.0,0.0,0.0,0.0,0.0,0.0,0.0,0.0,0.0,0.0,0.0,0.0,0.0,0.0,0.0,0.0,0.0,0.0,0.0,0.0,0.0,0.013888888888888888,0.013888888888888888,0.016666666666666666,0.027777777777777776,0.2611111111111111,1.0
0.0,0.0,0.0,0.0,0.0,0.0,0.0,0.0,0.0,0.0,0.0,0.0,0.0,0.0030864197530864196,0.0030864197530864196,0.0030864197530864196,0.004166666666666667,0.005208333333333333,0.005952380952380952,0.008333333333333333,0.009038800705467372,0.010416666666666666,0.011381172839506173,0.014247134038800706,0.046792328042328045,0.0240299823633157,0.05022045855379189,0.02745260141093474,0.007253086419753086,0.26624779541446203,2.0
0.0,0.0,0.0,0.0,0.0,0.0,0.0,0.0,0.0,0.0,0.004273504273504273,0.02094017094017094,0.03974358974358975,0.0,0.0,0.0,0.0,0.0,0.0,0.0,0.0021367521367521365,0.007038712921065862,0.0,0.0,0.0,0.012606837606837609,0.04878993555464144,0.009712509712509712,0.023076923076923078,0.41501439736733853,3.0
0.0,0.0,0.0,0.0,0.0,0.0,0.0,0.0,0.0,0.0,0.0,0.001282051282051282,0.002564102564102564,0.0,0.0,0.007575757575757576,0.0,0.0,0.0,0.0,0.0,0.0021367521367521365,0.0043859649122807015,0.001282051282051282,0.0,0.04927957033220191,0.04099156204419362,0.02657342657342657,0.07324186534712851,0.2906868959500538,4.0
0.0,0.0,0.0,0.0,0.0,0.0,0.0021367521367521365,0.0021367521367521365,0.0021367521367521365,0.02013888888888889,0.018803418803418803,0.018803418803418803,0.008547008547008546,0.0,0.0,0.0021367521367521365,0.0,0.0,0.0,0.0,0.0,0.02094017094017094,0.0,0.010416666666666666,0.03125,0.014077425842131725,0.021021870286576167,0.018943474825827766,0.024509803921568627,0.3673341772606478,5.0
0.0,0.0,0.0,0.0,0.0,0.0016025641025641027,0.0,0.0,0.0,0.0,0.0,0.0032051282051282055,0.006410256410256411,0.0,0.0,0.005208333333333333,0.0,0.0,0.0,0.006810897435897436,0.0,0.0032051282051282055,0.013888888888888888,0.012019230769230768,0.032852564102564104,0.025507478632478636,0.028846153846153844,0.035924145299145296,0.03258547008547009,0.2919337606837607,6.0
0.0,0.0,0.0,0.0,0.0,0.0,0.0,0.0,0.0,0.0,0.0,0.016666666666666666,0.016666666666666666,0.0,0.0,0.0,0.0,0.0,0.0,0.0,0.0,0.003472222222222222,0.0,0.010416666666666666,0.013888888888888888,0.03171608265947889,0.03866052710392333,0.026755765199161424,0.04986522911051213,0.12522461814914645,7.0
0.0,0.0,0.0021929824561403508,0.003787878787878788,0.016666666666666666,0.0,0.0,0.0,0.016666666666666666,0.0,0.024415204678362574,0.0,0.003787878787878788,0.0,0.0,0.0022522522522522522,0.003787878787878788,0.0021929824561403508,0.0,0.0045045045045045045,0.0,0.006392045454545455,0.030555555555555558,0.011494636083451873,0.0078125,0.026161575750391537,0.033326149115622795,0.025051254903228588,0.026297604422604426,0.5859871160035633,8.0
0.0,0.0,0.0,0.0,0.0,0.0,0.0,0.0,0.0,0.0026881720430107525,0.0,0.0,0.0,0.0,0.0,0.0,0.0,0.0,0.0,0.0,0.0,0.0,0.0,0.0,0.0,0.01556770897705269,0.02770053145470276,0.022096126795793092,0.01075268817204301,0.4211947725573977,9.0
0.0,0.011627906976744186,0.0,0.0,0.0,0.0,0.001937984496124031,0.007575757575757576,0.001937984496124031,0.0,0.0050244042492104506,0.0,0.0,0.0,0.0,0.0,0.0,0.0,0.0,0.0,0.0050244042492104506,0.007575757575757576,0.007575757575757576,0.027422296212319803,0.022068511198945984,0.036262077294685995,0.0691028395685878,0.02566653857414727,0.015625,0.5055727799566273,10.0
0.0,0.0004789272030651341,0.0,0.00023946360153256704,0.0,0.00023946360153256704,0.0,0.0021929824561403508,0.0,0.003472222222222222,0.018859649122807017,0.008816041540633193,0.01990698729582577,0.0,0.0,0.00023946360153256704,0.0,0.00023946360153256704,0.0,0.0,0.00023946360153256704,0.005599545303748805,0.0021929824561403508,0.010050428217263917,0.01315641199008339,0.020596787394777594,0.031666185491428196,0.008059840693688243,0.015476910667473281,0.5882767799370396,11.0
0.0024841437632135304,0.0,0.0,0.0,0.0,0.0009689922480620155,0.0,0.0,0.0,0.0,0.0015151515151515152,0.006293706293706294,0.026559874234292843,0.0,0.0,0.000505050505050505,0.0,0.0,0.0,0.013888888888888888,0.0,0.0025252525252525255,0.003453136011275546,0.006757648036717803,0.005283605283605283,0.012038994597134131,0.025422832980972514,0.005125946405016172,0.008585858585858586,0.37859091812580187,12.0
0.0,0.0,0.0,0.0,0.0,0.0,0.0,0.0,0.0,0.0,0.0,0.018823099415204676,0.02010233918128655,0.0,0.0,0.0,0.0,0.0,0.0,0.0,0.0,0.008771929824561403,0.0016666666666666668,0.005526315789473685,0.0060526315789473685,0.010526315789473684,0.01650717703349282,0.01317384370015949,0.012575757575757575,0.38627392344497613,13.0
