gh,jh,hg,ji,hi,eh,gc,co,gg,ei,ih,ge,cg,gi,ii,si,jg,ee,og,ic,ie,ci,sc,se,sh,hc,sj,eg,ig,os,hs,es,js,sg,cs,is,gs,ss,TimeFactor
0.0,0.0,0.0,0.0,0.0,0.0,0.0,0.0,0.0,0.0,0.0,0.0,0.0,0.0,0.0,0.0,0.0,0.0,0.0,0.0,0.0,0.0,0.0,0.0,0.001736111111111111,0.004166666666666667,0.004166666666666667,0.008333333333333333,0.010416666666666666,0.013888888888888888,0.014236111111111114,0.014583333333333332,0.015277777777777779,0.029861111111111113,0.04722222222222222,0.05421626984126984,0.06180555555555556,0.7200892857142858,1.0
0.0,0.0,0.0,0.0,0.0,0.0,0.0,0.0,0.0,0.0,0.0,0.0,0.0,0.0,0.0,0.0,0.0021929824561403508,0.0021929824561403508,0.003472222222222222,0.004629629629629629,0.004629629629629629,0.008333333333333333,0.008333333333333333,0.02244152046783626,0.0,0.0,0.0,0.0021929824561403508,0.0,0.004629629629629629,0.011574074074074075,0.03447855750487329,0.0,0.009137426900584795,0.06712962962962962,0.026705653021442493,0.09175194931773879,0.6961744639376218,2.0
0.0,0.0,0.0,0.0,0.0,0.0012254901960784314,0.0020833333333333333,0.0020833333333333333,0.002777777777777778,0.002777777777777778,0.002933673469387755,0.004003267973856209,0.007291666666666666,0.010069444444444443,0.011979166666666666,0.01579861111111111,0.0,0.009085648148148148,0.0,0.0,0.004918981481481482,0.0,0.0008503401360544217,0.004003267973856209,0.0023148148148148147,0.0,0.0,0.002075830332132853,0.004478458049886621,0.019212962962962963,0.015889133431150237,0.036275135054021614,0.0036281179138321993,0.03116489651416122,0.04937287414965987,0.11019178504735228,0.11258010148503846,0.5309341097550131,3.0
0.0,0.0,0.0,0.001893939393939394,0.002777777777777778,0.0,0.0,0.0,0.006308576480990274,0.0064324618736383435,0.0,0.005875420875420875,0.0059829059829059825,0.006680889353303146,0.0016666666666666668,0.0016666666666666668,0.0,0.0,0.0,0.0,0.006759259259259259,0.002777777777777778,0.0,0.0024509803921568627,0.0,0.0,0.0,0.003981481481481482,0.0060664112388250325,0.04036001036001036,0.019475502147915942,0.03182402114450796,0.007449494949494949,0.024522046017989223,0.07303146406594681,0.07369486328411277,0.08002861348703134,0.5882927693221811,4.0
0.0,0.0,0.002777777777777778,0.0,0.000946969696969697,0.0,0.0,0.0,0.0065809190809190815,0.005158730158730159,0.002777777777777778,0.0,0.0016025641025641027,0.012215099715099716,0.0025495337995337995,0.010612535612535612,0.0,0.0,0.0,0.0,0.008354377104377104,0.000946969696969697,0.0016025641025641027,0.006353646353646353,0.0,0.0,0.0,0.0016025641025641027,0.011172161172161172,0.07285520035520035,0.02395946645946646,0.019964757464757465,0.011433011433011432,0.027861952861952866,0.047017519517519514,0.06257307507307508,0.08102961852961853,0.578051208051208,5.0
0.0,0.004629629629629629,0.0020833333333333333,0.0,0.0,0.0,0.0,0.0,0.014355742296918767,0.0,0.0,0.002976190476190476,0.008553673994850465,0.01101190476190476,0.001488095238095238,0.007440476190476191,0.001488095238095238,0.0,0.0,0.005131964809384164,0.0023148148148148147,0.0,0.0,0.0,0.0020833333333333333,0.0,0.0,0.002976190476190476,0.01137955182072829,0.03892122750044951,0.016984080207514744,0.02701719576719577,0.008862433862433862,0.014136904761904762,0.06123001497764307,0.07584017355720392,0.09388430877401466,0.5852106641776945,6.0
0.00496031746031746,0.0,0.0,0.0,0.0,0.0,0.0,0.0,0.022321428571428572,0.001488095238095238,0.0,0.0,0.0,0.004320276497695852,0.003472222222222222,0.01091269841269841,0.0,0.001488095238095238,0.0,0.0,0.0,0.0,0.0,0.003472222222222222,0.004909003831417624,0.0,0.0,0.003472222222222222,0.006304403481822836,0.026168395780464745,0.03854049793983053,0.009819295101553166,0.0034209085933223863,0.03145801331285202,0.06771506312663154,0.07245741888400398,0.06193536616228496,0.6213640557008188,7.0
0.0,0.0,0.0,0.0,0.0,0.004166666666666667,0.0,0.0,0.007936507936507936,0.0,0.001984126984126984,0.0,0.0,0.012400793650793654,0.004166666666666667,0.015611471861471863,0.004166666666666667,0.0,0.0,0.0,0.001984126984126984,0.0,0.0,0.005456349206349205,0.004067460317460318,0.0,0.0,0.0,0.006671626984126984,0.03157583903551645,0.036779662989340406,0.011848394660894662,0.006150793650793651,0.02685185185185185,0.054704979906592816,0.07075274635758506,0.08176043266769073,0.5276295016214371,8.0
0.0021929824561403508,0.0,0.0,0.0,0.0,0.0,0.0,0.0,0.017912257495590826,0.0,0.0,0.012896825396825398,0.005208333333333333,0.0,0.007173382173382173,0.0032051282051282055,0.0,0.001984126984126984,0.0,0.0,0.006944444444444444,0.0,0.0,0.004177109440267335,0.0,0.0,0.0,0.0,0.01091269841269841,0.054086538461538464,0.0016025641025641027,0.030656569307885097,0.00860323886639676,0.04187552213868003,0.051984930274403957,0.03955657930438632,0.09926257952573742,0.5997641896764704,9.0
0.0,0.0,0.0,0.0,0.0,0.0,0.0,0.0,0.001388888888888889,0.0,0.0,0.008333333333333333,0.001388888888888889,0.003787878787878788,0.0,0.001893939393939394,0.0,0.0,0.0,0.0,0.0,0.005952380952380952,0.0,0.012500000000000002,0.008333333333333333,0.0,0.0,0.006060606060606061,0.0,0.03141534391534392,0.010185185185185184,0.0634018759018759,0.004629629629629629,0.024747474747474744,0.03194444444444444,0.03612914862914863,0.060371572871572875,0.6042027417027417,10.0
0.0,0.0,0.002777777777777778,0.0,0.0,0.0,0.0,0.0,0.0015432098765432098,0.0,0.0,0.0,0.0015432098765432098,0.0,0.0,0.0,0.0,0.0,0.0,0.0,0.002777777777777778,0.013888888888888888,0.0,0.0,0.0,0.0,0.0,0.0,0.016666666666666666,0.025617283950617284,0.023919753086419752,0.002777777777777778,0.0,0.013888888888888888,0.06311728395061728,0.015046296296296295,0.0511574074074074,0.5152777777777778,11.0
0.0,0.0,0.0,0.0,0.0,0.0,0.0,0.0,0.0,0.0,0.0,0.0,0.003472222222222222,0.0,0.004629629629629629,0.010416666666666666,0.0,0.0,0.0,0.0,0.0,0.006944444444444444,0.006944444444444444,0.0,0.0,0.0,0.0,0.0,0.0,0.024999999999999998,0.018518518518518517,0.0,0.0,0.013888888888888888,0.06782407407407408,0.029629629629629627,0.024305555555555552,0.3717592592592593,12.0
0.0,0.0,0.0,0.0,0.0,0.0,0.0,0.0,0.005208333333333333,0.0,0.0,0.0,0.002976190476190476,0.0,0.0,0.0,0.0,0.0,0.0,0.0,0.0,0.0,0.0,0.005208333333333333,0.0,0.0,0.0,0.0,0.005208333333333333,0.008928571428571428,0.005952380952380952,0.01909722222222222,0.0,0.005952380952380952,0.016865079365079364,0.00818452380952381,0.011160714285714286,0.4052579365079365,13.0
