ji,jg,eh,hi,ei,ee,ge,eg,sc,gi,sh,ig,ie,ii,hh,ih,ic,jc,js,gg,hs,se,es,so,si,os,ci,gc,cg,cs,is,sg,gs,ss,TimeFactor
0.0,0.0,0.0,0.0,0.0,0.0,0.0,0.0,0.0,0.0,0.0,0.0,0.0,0.0,0.0,0.0,0.0,0.0,0.0,0.0,0.0,0.0,0.0,0.005208333333333333,0.005208333333333333,0.005208333333333333,0.006944444444444444,0.006944444444444444,0.006944444444444444,0.006944444444444444,0.012152777777777776,0.02291666666666667,0.030208333333333334,0.8079861111111111,1.0
0.0,0.0,0.0,0.0,0.0,0.0,0.0,0.0,0.0,0.0,0.0,0.0,0.0,0.0,0.0,0.0,0.0,0.0,0.0,0.0,0.0,0.004166666666666667,0.004166666666666667,0.0,0.0,0.002976190476190476,0.0,0.0,0.0,0.0,0.004166666666666667,0.0,0.022619047619047622,0.9619047619047619,2.0
0.0,0.0,0.0,0.0,0.0,0.0,0.0,0.0,0.0,0.0,0.0,0.0,0.0,0.0,0.0,0.0,0.0,0.0,0.0,0.001388888888888889,0.0026041666666666665,0.0,0.0,0.0,0.0,0.0,0.0,0.0,0.0,0.0,0.005555555555555556,0.002777777777777778,0.05094246031746031,0.770064484126984,3.0
0.0,0.0,0.0,0.0,0.0,0.0,0.0,0.0,0.0,0.0,0.0,0.0,0.0,0.0,0.0023148148148148147,0.0023148148148148147,0.004166666666666667,0.004166666666666667,0.011574074074074075,0.020833333333333332,0.004398148148148148,0.0020833333333333333,0.014814814814814815,0.0,0.006481481481481481,0.006944444444444444,0.0,0.0,0.0020833333333333333,0.012500000000000002,0.030208333333333334,0.01597222222222222,0.03726851851851851,0.7385416666666668,4.0
0.0,0.0,0.0,0.0,0.0,0.0,0.0,0.0,0.0,0.001893939393939394,0.001893939393939394,0.001893939393939394,0.001893939393939394,0.007102272727272728,0.0,0.0,0.0,0.0,0.001893939393939394,0.005366161616161616,0.001893939393939394,0.0,0.003787878787878788,0.0,0.005208333333333333,0.0,0.0,0.0,0.0,0.0,0.014583333333333332,0.009532828282828283,0.022159090909090906,0.754229797979798,5.0
0.0,0.0,0.0020833333333333333,0.0020833333333333333,0.0023148148148148147,0.0023148148148148147,0.003472222222222222,0.005208333333333333,0.02291666666666667,0.0,0.0,0.0,0.0023148148148148147,0.02314814814814815,0.0,0.0,0.0,0.0,0.0020833333333333333,0.014930555555555553,0.0,0.007523148148148148,0.013078703703703703,0.0,0.02314814814814815,0.0,0.0,0.0,0.0,0.02291666666666667,0.0328125,0.011111111111111112,0.034548611111111106,0.7719907407407408,6.0
0.0,0.0,0.0,0.0,0.0,0.0,0.004166666666666667,0.0,0.0,0.0,0.0,0.0,0.0,0.0,0.0,0.0,0.0,0.0,0.019791666666666666,0.010416666666666666,0.011111111111111112,0.004166666666666667,0.010648148148148148,0.0,0.0,0.0,0.0,0.0,0.0,0.0,0.0412037037037037,0.018634259259259257,0.07662037037037037,0.8032407407407408,7.0
0.0023148148148148147,0.004166666666666667,0.0,0.0,0.0,0.002976190476190476,0.0,0.010416666666666666,0.0,0.0,0.0,0.0023148148148148147,0.0,0.0,0.0,0.0,0.0,0.0,0.0,0.0,0.012731481481481483,0.002976190476190476,0.0,0.0,0.002976190476190476,0.01736111111111111,0.0,0.0,0.0,0.006481481481481481,0.02045304232804233,0.0,0.07470238095238095,0.8401289682539684,8.0
0.0,0.0,0.0,0.0,0.0,0.0,0.0,0.0,0.0,0.0,0.005208333333333333,0.003472222222222222,0.0,0.003472222222222222,0.0,0.0,0.0,0.0,0.004166666666666667,0.008432539682539682,0.005208333333333333,0.0,0.0,0.0,0.013888888888888888,0.006944444444444444,0.0,0.0,0.0,0.013888888888888888,0.041666666666666664,0.025793650793650796,0.06154100529100529,0.8063161375661374,9.0
0.0,0.0,0.0,0.0,0.0,0.0,0.0,0.0,0.0,0.0,0.0023148148148148147,0.0,0.0,0.0,0.0,0.0,0.0,0.0,0.0,0.010732323232323232,0.004629629629629629,0.0,0.001893939393939394,0.0,0.006944444444444444,0.0,0.0,0.0,0.0,0.006944444444444444,0.028514309764309766,0.013047138047138048,0.08760521885521887,0.8373737373737372,10.0
0.0,0.0,0.0,0.0,0.0,0.0026041666666666665,0.0,0.004498106060606061,0.0,0.0,0.0,0.004166666666666667,0.0,0.011111111111111112,0.0,0.0,0.0,0.0,0.0,0.015104166666666667,0.0234375,0.007954545454545455,0.011268939393939394,0.0,0.013005050505050506,0.0,0.0,0.0,0.0,0.004166666666666667,0.014393939393939395,0.015104166666666669,0.03858173076923077,0.5846032439782439,11.0
0.0,0.0,0.0,0.0,0.0,0.0,0.0,0.0,0.0,0.0,0.0,0.0,0.0,0.0,0.0,0.0,0.0,0.0,0.0,0.028882575757575756,0.0,0.020833333333333332,0.041666666666666664,0.0,0.0,0.0,0.0,0.0,0.0,0.0,0.000946969696969697,0.007102272727272728,0.05299873737373737,0.5142361111111111,12.0
0.0,0.0,0.0,0.0,0.0,0.0,0.0,0.0,0.0,0.009375,0.0,0.0,0.0,0.0,0.0,0.0,0.0,0.0,0.0,0.015625,0.0,0.0,0.015277777777777779,0.0,0.005208333333333333,0.0,0.0,0.0,0.0,0.0,0.021527777777777774,0.026041666666666668,0.049999999999999996,0.4402777777777778,13.0
