oo,oh,oe,co,oi,ch,jj,js,ec,io,sh,hg,hh,hi,eh,he,cc,og,so,oc,hc,ih,os,es,ei,ge,ci,eg,gi,se,ie,ee,jg,ij,ig,sc,sg,ji,sj,ic,gh,gc,ii,si,gg,cg,is,hs,cs,gs,ss,TimeFactor
0.0,0.0,0.0,0.0,0.0,0.0,0.0,0.0,0.0,0.0,0.0,0.0,0.0,0.0,0.0,0.0,0.0,0.0,0.0,0.0,0.0,0.0,0.0,0.0,0.0,0.0,0.0,0.0,0.0,0.0,0.0,0.0,0.0,0.0,0.0,0.004901960784313725,0.004901960784313725,0.006410256410256411,0.006410256410256411,0.006410256410256411,0.008333333333333333,0.008333333333333333,0.008333333333333333,0.008333333333333333,0.00980392156862745,0.013235294117647059,0.013235294117647059,0.014743589743589745,0.014743589743589745,0.02605580693815988,0.3458144796380091,1.0
0.0,0.0,0.0,0.0,0.0,0.0,0.0,0.0,0.0,0.0,0.0,0.0,0.0,0.0,0.0,0.0,0.0,0.0,0.0,0.0,0.0,0.0,0.0,0.001893939393939394,0.0026041666666666665,0.0026041666666666665,0.004498106060606061,0.007102272727272728,0.007575757575757576,0.00946969696969697,0.009706439393939394,0.015151515151515152,0.016666666666666666,0.016666666666666666,0.019649621212121212,0.0,0.025962752525252524,0.0,0.0,0.0,0.0,0.0026041666666666665,0.021164772727272727,0.03631628787878788,0.024857954545454544,0.0,0.01396780303030303,0.007575757575757576,0.016493055555555556,0.05707070707070707,0.2637310606060606,2.0
0.0,0.0,0.0,0.0,0.0,0.0,0.0,0.0,0.0,0.0,0.0,0.0,0.0,0.0,0.001984126984126984,0.001984126984126984,0.001984126984126984,0.0020833333333333333,0.004166666666666667,0.004166666666666667,0.004166666666666667,0.006150793650793651,0.016666666666666666,0.001984126984126984,0.0,0.0,0.004166666666666667,0.004067460317460318,0.001984126984126984,0.004067460317460318,0.0,0.0020833333333333333,0.0,0.0,0.0,0.008333333333333333,0.010218253968253968,0.0,0.0,0.001984126984126984,0.0,0.0,0.04213564213564214,0.021960678210678212,0.01011904761904762,0.001984126984126984,0.006250000000000001,0.010218253968253968,0.01875,0.04884559884559885,0.340827922077922,3.0
0.0,0.0,0.0,0.0,0.0,0.0,0.0,0.0,0.0,0.0025252525252525255,0.0026881720430107525,0.004166666666666667,0.008064516129032258,0.016414141414141412,0.0,0.0,0.005376344086021505,0.0,0.0,0.0026881720430107525,0.0026881720430107525,0.013888888888888888,0.0025252525252525255,0.0,0.0025252525252525255,0.0025252525252525255,0.0026881720430107525,0.0025252525252525255,0.0025252525252525255,0.0,0.0025252525252525255,0.0025252525252525255,0.0,0.0,0.0025252525252525255,0.0068548387096774195,0.010426849136526556,0.0,0.0,0.0,0.0,0.016666666666666666,0.010101010101010102,0.007575757575757576,0.0,0.0,0.026840990550667968,0.0025252525252525255,0.02620967741935484,0.021285434995112415,0.2901230042359075,4.0
0.0,0.0,0.0,0.0,0.0,0.0,0.0,0.00920974450386215,0.016666666666666666,0.0,0.00472027972027972,0.0,0.0,0.0015151515151515152,0.0,0.0,0.0015151515151515152,0.0,0.0,0.0,0.0,0.0,0.0,0.0015151515151515152,0.0,0.016666666666666666,0.0,0.0,0.0,0.0,0.0,0.0,0.0,0.0,0.0,0.006235431235431236,0.026247771836007128,0.0,0.0,0.0015151515151515152,0.0,0.0,0.023106060606060606,0.024009324009324012,0.007954545454545455,0.018181818181818184,0.021272681566799217,0.0032051282051282055,0.016462703962703964,0.06806698203757028,0.39860025595319715,5.0
0.0,0.0,0.0,0.0,0.0,0.0,0.0,0.0,0.002976190476190476,0.0,0.0,0.0,0.0,0.0,0.0,0.0,0.005952380952380952,0.0,0.011904761904761904,0.0,0.0,0.0,0.011904761904761904,0.008928571428571428,0.0,0.002976190476190476,0.0,0.0,0.007725430597771023,0.005952380952380952,0.0,0.0,0.0,0.0,0.004749240121580547,0.002976190476190476,0.031919115163796016,0.0,0.0,0.0,0.0,0.0,0.021973150962512664,0.0226799962006079,0.023325892857142858,0.0,0.033381617274569404,0.0,0.026587301587301587,0.03964401806822019,0.48444280859506933,6.0
0.0,0.0,0.0,0.0,0.0,0.0,0.007246376811594203,0.0026881720430107525,0.001893939393939394,0.0,0.01758705186124541,0.0,0.003814298169136879,0.005555555555555556,0.0,0.0026881720430107525,0.0,0.0,0.0,0.0,0.001893939393939394,0.0,0.007590132827324478,0.007960489815328526,0.006311360448807854,0.003787878787878788,0.0,0.0,0.0011261261261261261,0.00743748657493398,0.0011261261261261261,0.005272317772317773,0.0,0.0,0.006643253925862622,0.005517127799736496,0.01881367694560544,0.0,0.0036231884057971015,0.0,0.0,0.0,0.019878574226400315,0.014630163122449238,0.02351949120524972,0.0,0.036253344278238,0.011878814298169137,0.021503816069033458,0.04868678043556137,0.4550723455376211,7.0
0.0,0.0,0.0,0.0,0.0,0.0,0.0,0.0,0.0,0.0,0.0,0.0,0.0,0.0,0.0,0.0,0.0,0.0,0.0,0.0,0.0,0.0,0.0,0.010416666666666666,0.0,0.0,0.0,0.0,0.0,0.010416666666666666,0.0,0.0,0.0,0.0,0.0,0.01597222222222222,0.0016339869281045752,0.0,0.0,0.0,0.0,0.0,0.0,0.0,0.0032679738562091504,0.0,0.0,0.0,0.01597222222222222,0.018790849673202614,0.3401960784313725,8.0
0.0,0.0,0.0,0.0,0.0,0.0,0.0,0.0,0.0,0.008333333333333333,0.008333333333333333,0.0,0.0,0.0,0.0,0.0,0.0,0.0,0.0,0.0,0.0,0.0,0.008333333333333333,0.0031932225480612573,0.0,0.0,0.0,0.0,0.000505050505050505,0.0031932225480612573,0.0,0.0,0.0,0.0,0.0,0.0,0.01388888888888889,0.0,0.0,0.0,0.0,0.0,0.03484848484848485,0.008838383838383838,0.0065656565656565654,0.0,0.01959107201042685,0.016666666666666666,0.0,0.03914141414141414,0.41190127077223854,9.0
0.0,0.0,0.0,0.0,0.0,0.0030864197530864196,0.0,0.0,0.0,0.0,0.0,0.0,0.0,0.0,0.0,0.0036231884057971015,0.0,0.0,0.0,0.0,0.0,0.006004140786749482,0.0030864197530864196,0.009529481834425252,0.0036231884057971015,0.0,0.0,0.0030864197530864196,0.0,0.0036231884057971015,0.0,0.0,0.0,0.0,0.0,0.001141552511415525,0.04058913773525646,0.0,0.0,0.0,0.0,0.0030864197530864196,0.018717889732382486,0.014557932673874702,0.023515981735159817,0.0,0.01764435242696112,0.0054673721340388,0.006608924645454325,0.05135801943921856,0.44831663678199324,10.0
0.0,0.0,0.0036231884057971015,0.0036231884057971015,0.0036231884057971015,0.0,0.0,0.0010683760683760683,0.0,0.0,0.0,0.0036231884057971015,0.0036231884057971015,0.0,0.0036231884057971015,0.0036231884057971015,0.0,0.0,0.0,0.0,0.0,0.0036231884057971015,0.005208333333333333,0.005759940542549237,0.0,0.0,0.0,0.0,0.0,0.006276709401709401,0.0036231884057971015,0.014039855072463768,0.0,0.0,0.0,0.0,0.015490448878606773,0.0,0.0,0.0036231884057971015,0.0,0.0,0.0021367521367521365,0.011937941285767374,0.026230439881755673,0.0,0.02273682569020098,0.0,0.0054543409806567696,0.040249208584448866,0.47384561075207526,11.0
0.0,0.0026041666666666665,0.0,0.0,0.0,0.0,0.0,0.013888888888888888,0.0,0.0,0.0,0.0,0.0,0.0,0.0,0.0,0.0,0.0,0.0,0.0,0.0026041666666666665,0.0,0.0026041666666666665,0.005413155430711611,0.0,0.008333333333333333,0.0,0.0,0.0009363295880149813,0.0009363295880149813,0.0,0.016666666666666666,0.0,0.0,0.0,0.0026041666666666665,0.0210794974024405,0.0,0.0,0.0,0.0,0.0,0.0018726591760299626,0.006144662921348315,0.0018726591760299626,0.0,0.01895482209737828,0.007880774032459426,0.008748829588014982,0.030811850610124442,0.5960428748338771,12.0
0.004629629629629629,0.0,0.0,0.0,0.0,0.0,0.0,0.001893939393939394,0.0,0.0,0.013888888888888888,0.0,0.0,0.004629629629629629,0.0,0.009259259259259259,0.0,0.0,0.004629629629629629,0.0,0.0,0.0,0.009259259259259259,0.03816137566137566,0.0,0.0,0.0,0.001488095238095238,0.0,0.002976190476190476,0.018518518518518517,0.009259259259259259,0.0,0.0,0.0,0.0,0.0043859649122807015,0.0,0.0,0.0,0.0,0.0,0.002976190476190476,0.017157610907610907,0.013157894736842105,0.0,0.021787240537240533,0.001488095238095238,0.0,0.006764069264069264,0.5636892590839959,13.0
