gse,gii,esc,sgi,ssh,jsh,gjs,shh,csc,sig,ese,ghs,eig,cig,eci,gos,ogs,sge,ssc,gio,gee,iog,scc,isc,eeh,eis,scs,jis,hsg,ehs,ses,iee,hgs,shs,sis,ish,ies,esi,gsi,hse,sii,gsg,see,ges,ige,igs,sse,sie,ssi,isi,egs,igg,iis,ggs,gis,igi,sgs,hss,ess,jss,ssg,ccg,cgs,isg,ggg,sgg,gss,oss,css,iss,sss,TimeFactor
0.0,0.0,0.0,0.0,0.0,0.0,0.0,0.0,0.0,0.0,0.0,0.0,0.0,0.0,0.0,0.0,0.0,0.0,0.0,0.0,0.0,0.0,0.0,0.0,0.0,0.0,0.0,0.0,0.0,0.0,0.0,0.0,0.0,0.0,0.0,0.0,0.0,0.0,0.0,0.0,0.0,0.0,0.0,0.0,0.0,0.0,0.0,0.0,0.0,0.0,0.0,0.0,0.0,0.0,0.0,0.0,0.0,0.0,0.0,0.0,0.0,0.004629629629629629,0.004629629629629629,0.004629629629629629,0.004629629629629629,0.004629629629629629,0.004629629629629629,0.027777777777777776,0.032407407407407406,0.037037037037037035,0.20833333333333334,1.0
0.0,0.0,0.0,0.0,0.0,0.0,0.0,0.0,0.0,0.0,0.0,0.0,0.0,0.0,0.0,0.0,0.0,0.0,0.0,0.0,0.0,0.0,0.0,0.0,0.0,0.0,0.0,0.0,0.0,0.0,0.0,0.0,0.0,0.0,0.0,0.0,0.0,0.0,0.0,0.0,0.0,0.0,0.0,0.0,0.0,0.0,0.0,0.0,0.0,0.0,0.0,0.0,0.0,0.0,0.0,0.0,0.005555555555555556,0.027777777777777776,0.027777777777777776,0.027777777777777776,0.03333333333333333,0.0,0.0,0.005555555555555556,0.005555555555555556,0.03333333333333333,0.03333333333333333,0.013888888888888888,0.019444444444444445,0.04722222222222222,0.38611111111111107,2.0
0.0,0.0,0.0,0.0,0.0,0.0,0.0,0.0,0.0,0.0,0.0,0.0,0.0,0.0,0.0,0.0,0.0,0.0,0.0,0.0,0.0,0.0,0.0,0.0,0.0,0.0,0.0,0.0,0.0,0.0,0.0,0.0,0.0,0.0,0.0,0.0,0.0,0.0,0.0,0.0,0.0,0.0,0.0,0.0,0.0,0.0,0.0,0.0,0.0,0.0025252525252525255,0.0025252525252525255,0.0025252525252525255,0.0025252525252525255,0.0025252525252525255,0.005050505050505051,0.005050505050505051,0.0,0.0,0.0,0.0025252525252525255,0.0,0.0,0.0,0.0,0.0,0.0,0.06565656565656565,0.0,0.013888888888888888,0.03787878787878788,0.27398989898989895,3.0
0.0,0.0,0.0,0.0,0.0,0.0,0.0,0.0,0.0,0.0,0.0,0.0,0.0,0.0,0.0,0.0,0.0,0.0,0.0,0.0,0.0,0.0,0.0,0.0,0.0,0.0,0.0,0.0,0.0,0.0,0.0,0.0,0.0,0.0030864197530864196,0.0030864197530864196,0.0030864197530864196,0.0030864197530864196,0.0030864197530864196,0.0030864197530864196,0.0030864197530864196,0.0030864197530864196,0.005555555555555556,0.005555555555555556,0.006944444444444444,0.006944444444444444,0.008641975308641974,0.011111111111111112,0.027777777777777776,0.027777777777777776,0.0,0.0,0.0,0.0030864197530864196,0.005555555555555556,0.0,0.0,0.005555555555555556,0.0,0.015586419753086419,0.012499999999999999,0.005555555555555556,0.0,0.0,0.0,0.0,0.005555555555555556,0.0691358024691358,0.0,0.027777777777777776,0.014197530864197531,0.2938271604938271,4.0
0.0,0.0,0.0,0.0,0.0,0.0,0.0,0.0,0.0,0.0,0.0,0.0,0.0,0.0,0.0,0.0,0.0,0.0,0.0,0.0,0.0,0.0,0.0,0.0,0.0,0.0,0.0,0.0,0.0,0.0,0.0,0.013888888888888888,0.013888888888888888,0.0,0.0,0.0,0.0,0.0,0.0,0.0,0.0,0.0,0.0,0.0,0.0,0.009259259259259259,0.0,0.013888888888888888,0.013888888888888888,0.0,0.0,0.0,0.0,0.0,0.0,0.0,0.0,0.009259259259259259,0.0,0.016203703703703703,0.004629629629629629,0.0,0.0,0.0,0.0,0.004629629629629629,0.030092592592592587,0.004629629629629629,0.02546296296296296,0.06018518518518518,0.3634259259259259,5.0
0.0,0.0,0.0,0.0,0.0,0.0,0.0,0.0,0.0,0.0,0.0,0.0,0.0,0.0,0.0,0.0,0.0,0.0,0.0,0.0,0.0,0.0,0.0,0.0,0.0,0.0,0.0,0.0,0.0,0.0,0.0,0.0,0.009259259259259259,0.0,0.0,0.0,0.0,0.0,0.0,0.0,0.0,0.0,0.027777777777777776,0.0,0.0,0.0,0.027777777777777776,0.0,0.0,0.0,0.0,0.0,0.0,0.0,0.0,0.0,0.027777777777777776,0.0,0.006944444444444444,0.009259259259259259,0.013888888888888888,0.0,0.0,0.0,0.0,0.013888888888888888,0.06481481481481481,0.009259259259259259,0.016203703703703703,0.06481481481481481,0.29166666666666663,6.0
0.0,0.0,0.0,0.0,0.0,0.0,0.0,0.0,0.0,0.0,0.0,0.0,0.0,0.0,0.0,0.0,0.0,0.0,0.0,0.0,0.0,0.0,0.0,0.003968253968253968,0.003968253968253968,0.003968253968253968,0.003968253968253968,0.004629629629629629,0.004629629629629629,0.008597883597883597,0.013888888888888888,0.0,0.0,0.0,0.0,0.0,0.0,0.0,0.0,0.004629629629629629,0.009259259259259259,0.0,0.0,0.0,0.0,0.0,0.009259259259259259,0.0,0.009259259259259259,0.0,0.0,0.0,0.0,0.0,0.0,0.0,0.004629629629629629,0.008597883597883597,0.02546296296296296,0.01091269841269841,0.027777777777777776,0.0,0.0,0.0,0.0,0.027777777777777776,0.04398148148148148,0.004629629629629629,0.05026455026455027,0.07903439153439153,0.4702380952380953,7.0
0.0,0.0,0.0,0.0,0.0,0.0,0.0,0.0,0.0,0.0,0.0,0.0,0.0,0.0,0.0,0.009259259259259259,0.013888888888888888,0.013888888888888888,0.013888888888888888,0.013888888888888888,0.013888888888888888,0.013888888888888888,0.013888888888888888,0.0,0.0,0.0,0.0,0.0,0.0,0.0,0.0,0.0,0.0,0.0,0.0,0.0,0.0,0.0,0.0,0.0,0.0,0.013888888888888888,0.0,0.0,0.0,0.0,0.0,0.0,0.0,0.0,0.0,0.0,0.0,0.013888888888888888,0.0,0.0,0.013888888888888888,0.0,0.0,0.02314814814814815,0.013888888888888888,0.0,0.0,0.0,0.0,0.0,0.05555555555555555,0.018518518518518517,0.06481481481481481,0.027777777777777776,0.3981481481481481,8.0
0.0,0.0,0.0,0.0,0.0,0.0,0.0,0.0,0.0,0.0,0.0,0.0,0.013888888888888888,0.027777777777777776,0.027777777777777776,0.0,0.0,0.0,0.0,0.0,0.0,0.0,0.0,0.0,0.0,0.0,0.0,0.0,0.0,0.0,0.0021367521367521365,0.0,0.0,0.0,0.0,0.0,0.0,0.0,0.0,0.0,0.0,0.013888888888888888,0.0,0.0,0.027777777777777776,0.013888888888888888,0.0021367521367521365,0.0,0.0,0.0,0.0,0.0,0.0,0.0,0.0,0.0,0.0,0.004629629629629629,0.0021367521367521365,0.004629629629629629,0.0,0.0,0.0,0.0,0.0,0.0,0.027599715099715105,0.0,0.01834045584045584,0.004629629629629629,0.22542735042735043,9.0
0.0,0.0,0.0,0.0,0.0,0.0,0.0,0.0,0.009259259259259259,0.013888888888888888,0.013888888888888888,0.027777777777777776,0.0,0.0,0.0,0.0,0.0,0.0,0.0,0.0,0.0,0.0,0.0,0.0,0.0,0.0,0.009259259259259259,0.0,0.0,0.0,0.013888888888888888,0.0,0.0,0.0,0.0,0.0,0.0,0.0,0.013888888888888888,0.0,0.0,0.009259259259259259,0.0,0.0,0.0,0.041666666666666664,0.013888888888888888,0.0,0.0,0.0,0.0,0.0,0.0,0.009259259259259259,0.0,0.0,0.027777777777777776,0.041666666666666664,0.037037037037037035,0.0,0.013888888888888888,0.0,0.0,0.0,0.0,0.009259259259259259,0.08333333333333333,0.0,0.043981481481481476,0.0,0.400462962962963,10.0
0.0,0.0,0.0,0.0,0.0,0.027777777777777776,0.027777777777777776,0.027777777777777776,0.0,0.0,0.0,0.0,0.0,0.0,0.0,0.0,0.0,0.0,0.0,0.0,0.0,0.0,0.0,0.0,0.0,0.0,0.0,0.0,0.0,0.0,0.0,0.0,0.0,0.0,0.0,0.0,0.0,0.0,0.0,0.0,0.005555555555555556,0.0,0.0,0.0,0.0,0.0,0.0,0.0,0.0,0.0,0.0,0.0,0.005555555555555556,0.0,0.0,0.0,0.013888888888888888,0.0,0.005555555555555556,0.005555555555555556,0.005555555555555556,0.0,0.0,0.0,0.005555555555555556,0.005555555555555556,0.02638888888888889,0.0,0.03472222222222222,0.03333333333333333,0.5194444444444445,11.0
0.0,0.0,0.0,0.0,0.0,0.0,0.0,0.0,0.0,0.0,0.0,0.0,0.0,0.0,0.0,0.0,0.0,0.0,0.0,0.0,0.0,0.0,0.0,0.0,0.0,0.0,0.0,0.0,0.0,0.0,0.013888888888888888,0.0,0.013888888888888888,0.0,0.0,0.0,0.0,0.0,0.0,0.0,0.013888888888888888,0.013888888888888888,0.0,0.0,0.0,0.0,0.013888888888888888,0.0,0.013888888888888888,0.0,0.0,0.0,0.0,0.0,0.0,0.0,0.013888888888888888,0.005555555555555556,0.013888888888888888,0.0,0.0,0.0,0.0,0.0,0.0,0.0,0.0,0.027777777777777776,0.027777777777777776,0.013888888888888888,0.31388888888888894,12.0
0.013888888888888888,0.027777777777777776,0.027777777777777776,0.027777777777777776,0.027777777777777776,0.0,0.0,0.027777777777777776,0.0,0.0,0.0,0.0,0.0,0.0,0.0,0.0,0.0,0.0,0.0,0.0,0.0,0.0,0.027777777777777776,0.0,0.0,0.0,0.0,0.0,0.0,0.0,0.027777777777777776,0.0,0.0,0.0,0.0,0.0,0.0,0.0,0.0,0.0,0.0,0.0,0.0,0.0,0.0,0.0,0.0,0.0,0.0,0.0,0.0,0.0,0.0,0.013888888888888888,0.0,0.0,0.027777777777777776,0.0,0.013888888888888888,0.0,0.05555555555555555,0.0,0.0,0.0,0.0,0.013888888888888888,0.06944444444444443,0.0,0.0,0.013888888888888888,0.16666666666666666,13.0
