jc,ec,ci,je,jg,gj,ih,he,og,ie,sj,ce,hi,ig,hh,hg,so,oi,ic,cc,js,gi,sh,ee,se,es,ei,os,sc,si,ge,eg,ii,is,cs,sg,gg,hs,gs,ss,TimeFactor
0.0,0.0,0.0,0.0,0.0,0.0,0.0,0.0,0.0,0.0,0.0,0.0,0.0,0.0,0.0,0.0,0.0,0.0,0.0,0.0,0.0,0.0,0.0,0.0,0.0,0.0,0.003968253968253968,0.005555555555555556,0.011904761904761904,0.012301587301587301,0.016666666666666666,0.016666666666666666,0.02023809523809524,0.02023809523809524,0.02857142857142857,0.03335421888053467,0.033771929824561404,0.03494152046783626,0.0373015873015873,0.47451963241436923,1.0
0.0,0.0,0.0,0.0,0.0,0.0,0.0,0.0,0.0,0.0,0.0,0.0,0.0,0.0,0.0,0.0,0.0,0.0,0.0,0.0,0.0,0.005555555555555556,0.007575757575757576,0.007575757575757576,0.011904761904761904,0.01948051948051948,0.0,0.0,0.0,0.019444444444444445,0.0,0.0,0.0,0.05555555555555556,0.007575757575757576,0.017460317460317457,0.023809523809523808,0.031385281385281384,0.005555555555555556,0.3704545454545454,2.0
0.0,0.0,0.0,0.0,0.0,0.0,0.0,0.0,0.0,0.0,0.0,0.0,0.0,0.0,0.0,0.0011737089201877935,0.006944444444444444,0.006944444444444444,0.006944444444444444,0.006944444444444444,0.012152777777777776,0.0,0.0,0.002347417840375587,0.0011737089201877935,0.005208333333333333,0.0,0.02361111111111111,0.0,0.009507042253521126,0.0,0.0,0.008333333333333333,0.009507042253521126,0.013888888888888888,0.02018779342723005,0.007042253521126761,0.0,0.024222417840375588,0.5005330594679186,3.0
0.0,0.0,0.0,0.0,0.0,0.0,0.0,0.0,0.0,0.0,0.0,0.0,0.004629629629629629,0.004629629629629629,0.01818181818181818,0.0,0.0,0.0,0.0,0.0,0.0,0.010185185185185184,0.006060606060606061,0.0030864197530864196,0.007253086419753086,0.010339506172839507,0.0,0.0012077294685990338,0.0,0.03266237251744498,0.0,0.0,0.030347557702630163,0.05209036895693567,0.001893939393939394,0.04684630988978814,0.02310370788631658,0.005959982971477224,0.05473473881145045,0.4367874113688706,4.0
0.0,0.0,0.0,0.0,0.0,0.0,0.0,0.0,0.0,0.0,0.0011261261261261261,0.008333333333333333,0.0,0.006028086910439851,0.0,0.0,0.0,0.0,0.011904761904761904,0.016666666666666666,0.0011261261261261261,0.006028086910439851,0.02092035644667224,0.0045045045045045045,0.013845424371740161,0.021052631578947368,0.0011261261261261261,0.0043859649122807015,0.004901960784313725,0.0011261261261261261,0.0011261261261261261,0.004901960784313725,0.008280339162692104,0.01243834332069626,0.01680672268907563,0.012056173820879703,0.024509803921568627,0.02092035644667224,0.019210386857445683,0.5900068373752584,5.0
0.0,0.0,0.0,0.0,0.0,0.0,0.0,0.0,0.0,0.00030303030303030303,0.0,0.0,0.0,0.0,0.0,0.0,0.0,0.0,0.0,0.0,0.0,0.0,0.0,0.0,0.0006060606060606061,0.0006060606060606061,0.00030303030303030303,0.0,0.0,0.00030303030303030303,0.0,0.0,0.0,0.0009090909090909092,0.0,0.015560610684199333,0.01567712523464736,0.0,0.042060088218159625,0.3403385394993574,6.0
0.0,0.0,0.0,0.0,0.0,0.0,0.0004761904761904762,0.0004761904761904762,0.0012626262626262627,0.0,0.0,0.007575757575757576,0.0,0.0,0.0008012820512820514,0.0,0.0,0.0,0.0,0.0025252525252525255,0.0,0.0,0.0029258935508935506,0.009314574314574315,0.004264069264069264,0.013102453102453102,0.0012626262626262627,0.0012626262626262627,0.011363636363636362,0.0005668934240362812,0.0012626262626262627,0.0,0.0016099773242630386,0.005543126341445669,0.012626262626262626,0.013167804417804416,0.019503858070034543,0.0025252525252525255,0.029727789717285517,0.3568532308028107,7.0
0.0,0.0,0.0,0.0,0.0006038647342995169,0.0026881720430107525,0.0,0.0,0.0,0.0006038647342995169,0.0,0.0,0.0,0.0,0.0,0.0,0.0,0.0,0.0,0.0,0.0026881720430107525,0.0006038647342995169,0.0,0.0,0.0,0.0,0.0,0.0,0.0,0.004572118702553485,0.0,0.0006038647342995169,0.01394064872325742,0.0015873015873015875,0.0,0.020288060797993602,0.029952737481363633,0.0,0.022822498407581406,0.23237816461006264,8.0
0.0,0.000462962962962963,0.000462962962962963,0.001488095238095238,0.002976190476190476,0.0,0.0,0.0,0.0,0.000462962962962963,0.0,0.0,0.0,0.0,0.0,0.0,0.0,0.0,0.0,0.0,0.001488095238095238,0.0,0.0,0.0,0.008680555555555554,0.00818452380952381,0.001984126984126984,0.0,0.001488095238095238,0.001984126984126984,0.0,0.0,0.003968253968253968,0.005456349206349205,0.0034391534391534392,0.0026679221594475833,0.001488095238095238,0.0,0.012588557080082502,0.3573956371625863,9.0
0.0008012820512820514,0.0,0.0,0.0008012820512820514,0.0,0.0,0.0,0.0,0.0,0.0,0.0008012820512820514,0.0,0.0,0.0,0.0,0.0,0.0,0.0,0.0,0.011406485671191555,0.0,0.0008012820512820514,0.0,0.0,0.0,0.0008012820512820514,0.0,0.0,0.004901960784313725,0.00014749262536873156,0.0,0.0,0.0002949852507374631,0.0008012820512820514,0.0,0.004046119809394145,0.003097345132743363,0.0,0.004552416609938734,0.21674550180861996,10.0
0.0,0.0,0.0,0.0,0.0,0.0,0.0,0.0,0.0,0.0013227513227513227,0.0,0.0,0.0,0.0,0.0,0.0,0.0,0.0,0.0,0.0,0.0,0.0,0.0,0.013227513227513227,0.003968253968253968,0.0013227513227513227,0.0,0.0013227513227513227,0.0,0.0013227513227513227,0.0013227513227513227,0.0,0.0,0.0,0.0,0.010046212577858147,0.00290084388185654,0.0,0.00978249949768937,0.12012758689973879,11.0
0.0,0.0,0.0,0.0,0.0,0.0,0.0,0.0,0.0,0.0,0.0,0.0,0.0,0.0,0.0,0.0,0.0,0.0,0.0,0.0,0.0,0.001893939393939394,0.0,0.0,0.0,0.0,0.0,0.0,0.0,0.0,0.0,0.0,0.003787878787878788,0.0,0.001893939393939394,0.003977272727272728,0.0,0.0,0.0020833333333333333,0.15303030303030304,12.0
0.0,0.0,0.0,0.0,0.0,0.0,0.0,0.0,0.0,0.0,0.0,0.0,0.0,0.0,0.0,0.0,0.0,0.0,0.0,0.0,0.0,0.0,0.0,0.0,0.0,0.0,0.0,0.0,0.0,0.0,0.0,0.0,0.0,0.0,0.0,0.0,0.0,0.0,0.0,0.0,13.0
