ise,gii,ige,hhs,egh,ghi,egg,hig,seg,ese,ces,ihs,hsg,hsc,ehs,scc,hes,she,gsh,gse,jgg,ggi,sgi,sie,iee,egs,shs,ssi,ggs,hhi,ege,oci,ccs,jse,csi,gee,ges,sge,his,ses,see,sse,cis,ess,esi,sis,gsi,sii,gsg,ggg,isg,gis,sgg,hss,shh,scs,ssh,ssg,sgs,oss,eig,igs,iss,jss,gss,css,sss,TimeFactor
0.0,0.0,0.0,0.0,0.0,0.0,0.0,0.0,0.0,0.0,0.0,0.0,0.0,0.0,0.0,0.0,0.0,0.0,0.0,0.0,0.0,0.0,0.0,0.0,0.0,0.0,0.0,0.0,0.0,0.0,0.0,0.0,0.0,0.0,0.0,0.0,0.0,0.0,0.0,0.0,0.0,0.0,0.0,0.0,0.0,0.0,0.0,0.0,0.0,0.0,0.0,0.0,0.0,0.0,0.006944444444444444,0.006944444444444444,0.006944444444444444,0.006944444444444444,0.006944444444444444,0.006944444444444444,0.009259259259259259,0.009259259259259259,0.009259259259259259,0.013888888888888888,0.02314814814814815,0.03009259259259259,0.28009259259259256,1.0
0.0,0.0,0.0,0.0,0.0,0.0,0.0,0.0,0.0,0.0,0.0,0.0,0.0,0.0,0.0,0.0,0.0,0.0,0.0,0.0,0.0,0.0,0.0,0.0,0.0,0.0,0.0,0.0,0.0,0.0,0.0,0.0,0.0,0.0,0.0,0.0,0.0,0.0,0.0,0.0,0.0,0.0,0.0,0.0,0.0,0.0,0.0,0.0,0.0,0.0,0.0,0.0,0.0,0.027777777777777776,0.0,0.0,0.0,0.0,0.0,0.009259259259259259,0.0,0.0,0.027777777777777776,0.009259259259259259,0.027777777777777776,0.037037037037037035,0.27777777777777773,2.0
0.0,0.0,0.0,0.0,0.0,0.0,0.0,0.0,0.0,0.0,0.0,0.0,0.0,0.0,0.0,0.0,0.0,0.0,0.0,0.0,0.0,0.0,0.0,0.0,0.0,0.0,0.0,0.0,0.0,0.0,0.0,0.0,0.0,0.0,0.0,0.0,0.0,0.0,0.0,0.0,0.0,0.0,0.0,0.0,0.0,0.0,0.003968253968253968,0.003968253968253968,0.006944444444444444,0.009259259259259259,0.009259259259259259,0.009259259259259259,0.016203703703703703,0.0,0.0,0.0,0.0,0.0,0.038690476190476185,0.003968253968253968,0.0,0.003968253968253968,0.021164021164021163,0.003968253968253968,0.041005291005291,0.06944444444444443,0.25892857142857145,3.0
0.0,0.0,0.0,0.0,0.0,0.0,0.0,0.0,0.0,0.0,0.0,0.0,0.0,0.0,0.0,0.0,0.0,0.0,0.0,0.0,0.0,0.0,0.0,0.0,0.0,0.0,0.0,0.0,0.0,0.0,0.0,0.0,0.0,0.0,0.0,0.0,0.0,0.0,0.0,0.0,0.0,0.0,0.0,0.0,0.0,0.0,0.0,0.0,0.0,0.0,0.0,0.0,0.0,0.0,0.0,0.0,0.0,0.0,0.0,0.0,0.0,0.0,0.013888888888888888,0.013888888888888888,0.013888888888888888,0.009259259259259259,0.36574074074074076,4.0
0.0,0.0,0.0,0.0,0.0,0.0,0.0,0.0,0.0,0.0,0.0,0.0,0.0,0.0,0.0,0.0,0.0,0.0,0.0,0.0,0.0,0.0,0.0,0.0,0.0,0.0,0.0,0.0,0.0,0.0,0.0,0.0,0.0,0.0,0.0,0.0,0.0,0.0,0.0,0.0,0.0,0.0,0.0,0.0,0.013888888888888888,0.013888888888888888,0.0,0.0,0.0,0.0,0.0,0.0,0.0,0.0,0.0,0.0,0.0,0.0,0.0,0.013888888888888888,0.0,0.003968253968253968,0.035714285714285705,0.0462962962962963,0.02182539682539682,0.027777777777777776,0.40608465608465605,5.0
0.0,0.0,0.0,0.0,0.0,0.0,0.0,0.0,0.0,0.0,0.0,0.0,0.0,0.0,0.0,0.0,0.0,0.0,0.0,0.0,0.0,0.0,0.0,0.0,0.0,0.0,0.0,0.0,0.0,0.004629629629629629,0.004629629629629629,0.004629629629629629,0.004629629629629629,0.004629629629629629,0.004629629629629629,0.004629629629629629,0.004629629629629629,0.004629629629629629,0.004629629629629629,0.004629629629629629,0.004629629629629629,0.004629629629629629,0.009259259259259259,0.013888888888888888,0.0,0.003968253968253968,0.003968253968253968,0.004629629629629629,0.0,0.0,0.003968253968253968,0.004629629629629629,0.003968253968253968,0.0,0.0,0.0,0.0,0.008597883597883597,0.013888888888888888,0.013888888888888888,0.0,0.0,0.06481481481481481,0.004629629629629629,0.04563492063492063,0.027777777777777776,0.4623015873015874,6.0
0.0,0.0,0.0,0.0,0.0,0.0,0.0,0.0,0.0,0.0,0.0,0.0,0.0,0.0,0.0,0.0,0.0,0.0,0.0,0.0,0.003968253968253968,0.003968253968253968,0.003968253968253968,0.004629629629629629,0.004629629629629629,0.004629629629629629,0.009259259259259259,0.009259259259259259,0.041005291005291,0.0,0.0,0.0,0.0,0.0,0.0,0.0,0.0,0.0,0.0,0.004629629629629629,0.013888888888888888,0.018518518518518517,0.0,0.004629629629629629,0.0,0.0,0.0,0.004629629629629629,0.011904761904761904,0.0,0.009259259259259259,0.003968253968253968,0.02314814814814815,0.02314814814814815,0.0,0.0,0.009259259259259259,0.013888888888888888,0.011904761904761904,0.004629629629629629,0.0,0.0,0.032407407407407406,0.013888888888888888,0.04497354497354497,0.013888888888888888,0.3187830687830688,7.0
0.0,0.0,0.0,0.0,0.0,0.0,0.0,0.0,0.0,0.0,0.0,0.0,0.0,0.0,0.0,0.0,0.003472222222222222,0.003472222222222222,0.003472222222222222,0.027777777777777776,0.0,0.0,0.0,0.0,0.0,0.0,0.0,0.0,0.0,0.0,0.0,0.0,0.0,0.0,0.0,0.0,0.0,0.0,0.0,0.027777777777777776,0.0,0.0,0.0,0.027777777777777776,0.0,0.0,0.0,0.0,0.0,0.006944444444444444,0.0,0.0,0.006944444444444444,0.0,0.0,0.0,0.0,0.003472222222222222,0.0,0.0,0.0,0.0,0.006944444444444444,0.006944444444444444,0.04513888888888889,0.006944444444444444,0.4895833333333333,8.0
0.0,0.0,0.0,0.0,0.0,0.0,0.0,0.0,0.0,0.0,0.0,0.004629629629629629,0.004629629629629629,0.006944444444444444,0.006944444444444444,0.006944444444444444,0.0,0.0,0.0,0.0,0.0,0.0,0.0,0.0,0.0,0.0,0.0,0.027777777777777776,0.0,0.0,0.0,0.0,0.0,0.0,0.0,0.0,0.004629629629629629,0.004629629629629629,0.027777777777777776,0.0,0.0,0.0,0.0,0.004629629629629629,0.0,0.027777777777777776,0.0,0.0,0.0,0.0,0.0,0.0,0.004629629629629629,0.0,0.0,0.0,0.0,0.0,0.003472222222222222,0.018518518518518517,0.0,0.004629629629629629,0.05654761904761904,0.016203703703703703,0.07457010582010581,0.016203703703703703,0.5112433862433862,9.0
0.0,0.0,0.0,0.005555555555555556,0.005555555555555556,0.005555555555555556,0.005555555555555556,0.005555555555555556,0.005555555555555556,0.005555555555555556,0.006944444444444444,0.0,0.0,0.0,0.0,0.0,0.0,0.0,0.0,0.0,0.0,0.0,0.0,0.0,0.0,0.0,0.0,0.005555555555555556,0.0,0.0,0.0,0.0,0.0,0.0,0.0,0.0,0.0,0.0,0.0,0.014583333333333332,0.0,0.005555555555555556,0.0,0.03819444444444445,0.0,0.005555555555555556,0.0,0.0,0.0,0.011111111111111112,0.0,0.0,0.014583333333333332,0.02152777777777778,0.0,0.0,0.0,0.009027777777777779,0.005555555555555556,0.003472222222222222,0.0,0.0,0.05509259259259259,0.019444444444444445,0.02476851851851852,0.016666666666666666,0.4534722222222222,10.0
0.0,0.004629629629629629,0.006944444444444444,0.0,0.0,0.0,0.0,0.0,0.0,0.006944444444444444,0.0,0.0,0.0,0.0,0.0,0.0,0.0,0.0,0.0,0.0,0.0,0.0,0.004629629629629629,0.0,0.0,0.0,0.0,0.0,0.0,0.0,0.0,0.0,0.0,0.0,0.0,0.027777777777777776,0.006944444444444444,0.027777777777777776,0.0,0.004629629629629629,0.004629629629629629,0.009259259259259259,0.0,0.013888888888888888,0.0,0.0,0.0,0.0,0.005555555555555556,0.0,0.005555555555555556,0.0,0.005555555555555556,0.009259259259259259,0.0,0.0,0.0,0.032407407407407406,0.011111111111111112,0.0,0.0,0.0,0.03888888888888889,0.020833333333333332,0.011111111111111112,0.024999999999999998,0.55,11.0
0.013888888888888888,0.0,0.0,0.0,0.0,0.0,0.0,0.0,0.027777777777777776,0.0,0.0,0.0,0.0,0.0,0.0,0.0,0.0,0.0,0.0,0.0,0.0,0.0,0.0,0.0,0.0,0.027777777777777776,0.0,0.0,0.0,0.0,0.0,0.0,0.0,0.0,0.0,0.0,0.0,0.0,0.0,0.013888888888888888,0.0,0.0,0.0,0.013888888888888888,0.0,0.013888888888888888,0.0,0.0,0.0,0.0,0.0,0.0,0.0,0.0,0.0,0.0,0.0,0.0,0.0,0.0,0.0,0.0,0.02854938271604938,0.006172839506172839,0.037808641975308636,0.015432098765432098,0.30092592592592593,12.0
0.0,0.0,0.0,0.0,0.0,0.0,0.0,0.0,0.0,0.0,0.0,0.0,0.0,0.0,0.0,0.0,0.0,0.0,0.0,0.0,0.0,0.0,0.0,0.0,0.0,0.027777777777777776,0.0,0.0,0.0,0.0,0.0,0.0,0.0,0.0,0.0,0.0,0.0,0.0,0.0,0.027777777777777776,0.0,0.027777777777777776,0.0,0.027777777777777776,0.0,0.0,0.027777777777777776,0.027777777777777776,0.013888888888888888,0.0,0.0,0.0,0.0,0.0,0.0,0.0,0.0,0.0,0.02314814814814815,0.0,0.0,0.0,0.013888888888888888,0.0,0.05092592592592592,0.0,0.3148148148148148,13.0
