gh,he,ih,oo,oi,ge,jc,go,sh,ie,eg,ic,gc,jj,sj,es,hc,oc,ce,so,cg,ee,jg,js,hi,ei,eh,se,ig,io,gi,cc,ci,ii,gg,hs,sg,os,si,ji,ij,sc,gs,cs,is,ss,TimeFactor
0.0,0.0,0.0,0.0,0.0,0.0,0.0,0.0,0.0,0.0,0.0,0.0,0.0,0.0,0.0,0.0,0.0,0.0,0.0,0.0,0.0,0.0,0.0,0.0,0.0,0.0,0.0,0.0,0.0,0.003472222222222222,0.004629629629629629,0.004629629629629629,0.004629629629629629,0.009259259259259259,0.010416666666666666,0.012499999999999999,0.01597222222222222,0.016203703703703703,0.016203703703703703,0.027777777777777776,0.027777777777777776,0.027777777777777776,0.03796296296296296,0.05324074074074075,0.06226851851851852,0.4986111111111111,1.0
0.0,0.0,0.0,0.0,0.0,0.0,0.0,0.0,0.0,0.0,0.0,0.0,0.0,0.0,0.0,0.0,0.0,0.0,0.0,0.0,0.0,0.0,0.005555555555555556,0.005555555555555556,0.013888888888888888,0.013888888888888888,0.013888888888888888,0.013888888888888888,0.027777777777777776,0.0,0.0,0.0,0.0,0.01736111111111111,0.012499999999999999,0.0,0.01597222222222222,0.0,0.003472222222222222,0.0,0.0,0.0,0.13680555555555554,0.0,0.024305555555555552,0.36180555555555555,2.0
0.0,0.0,0.0,0.0,0.0,0.0,0.0,0.0,0.0,0.0,0.0,0.0,0.0,0.004629629629629629,0.004629629629629629,0.004629629629629629,0.013888888888888888,0.013888888888888888,0.013888888888888888,0.013888888888888888,0.013888888888888888,0.018518518518518517,0.0,0.006944444444444444,0.0,0.0,0.0,0.013888888888888888,0.041666666666666664,0.0,0.0,0.027777777777777776,0.027777777777777776,0.013888888888888888,0.004629629629629629,0.0,0.004629629629629629,0.020833333333333332,0.009259259259259259,0.0,0.0,0.0,0.05787037037037038,0.009259259259259259,0.041666666666666664,0.20138888888888887,3.0
0.0,0.0,0.0,0.0,0.0,0.0,0.0,0.0,0.0,0.0,0.0,0.0,0.006944444444444444,0.0,0.0,0.03472222222222222,0.0,0.0,0.0,0.0,0.006944444444444444,0.0462962962962963,0.027777777777777776,0.0,0.0,0.0,0.0,0.04398148148148148,0.0,0.0,0.0,0.0,0.006944444444444444,0.009259259259259259,0.0,0.006944444444444444,0.013888888888888888,0.0,0.009259259259259259,0.0,0.0,0.0,0.06018518518518518,0.006944444444444444,0.04398148148148148,0.1759259259259259,4.0
0.0,0.0,0.0,0.0,0.0,0.0,0.0,0.004629629629629629,0.004629629629629629,0.009259259259259259,0.009259259259259259,0.013888888888888888,0.0,0.0,0.0,0.024999999999999998,0.0,0.0,0.0,0.0,0.0,0.0,0.0,0.0,0.0,0.0,0.0,0.005555555555555556,0.0,0.0,0.019444444444444445,0.0,0.027777777777777776,0.0,0.032407407407407406,0.004629629629629629,0.010185185185185184,0.018518518518518517,0.032407407407407406,0.0,0.0,0.0,0.03981481481481482,0.027777777777777776,0.06574074074074075,0.4824074074074074,5.0
0.0,0.0,0.0,0.0,0.0,0.0,0.016203703703703703,0.0,0.0,0.0,0.009259259259259259,0.0,0.0,0.0,0.0,0.05092592592592593,0.0,0.0,0.0,0.0,0.0,0.009259259259259259,0.0,0.004629629629629629,0.0,0.0,0.027777777777777776,0.043981481481481476,0.009259259259259259,0.0,0.009259259259259259,0.0,0.009259259259259259,0.0,0.039351851851851846,0.004629629629629629,0.0462962962962963,0.004629629629629629,0.0,0.0,0.0,0.0,0.07175925925925926,0.02546296296296296,0.0787037037037037,0.539351851851852,6.0
0.0,0.0,0.0,0.0,0.004629629629629629,0.009259259259259259,0.0,0.0,0.0,0.0,0.0,0.0,0.0,0.0,0.0,0.09517195767195767,0.0,0.0,0.0,0.0,0.0,0.013888888888888888,0.0,0.004629629629629629,0.0,0.0,0.0,0.013888888888888888,0.027777777777777776,0.0,0.0,0.006944444444444444,0.0,0.004629629629629629,0.009259259259259259,0.012499999999999999,0.009259259259259259,0.0,0.06481481481481481,0.0,0.0,0.006944444444444444,0.035648148148148144,0.02777777777777778,0.0984126984126984,0.4712301587301588,7.0
0.0,0.0,0.003968253968253968,0.013888888888888888,0.0,0.0,0.0,0.0,0.005555555555555556,0.003968253968253968,0.0,0.0,0.0,0.0,0.013888888888888888,0.05621693121693122,0.0,0.0,0.0,0.013888888888888888,0.0,0.027777777777777776,0.0,0.013888888888888888,0.0,0.0,0.003968253968253968,0.027777777777777776,0.0,0.0,0.0,0.0,0.003968253968253968,0.0,0.0205026455026455,0.009523809523809523,0.016534391534391533,0.027777777777777776,0.0,0.0,0.0,0.0,0.05873015873015872,0.032407407407407406,0.03134920634920635,0.44775132275132273,8.0
0.0,0.003472222222222222,0.0,0.0,0.0,0.0,0.0,0.0,0.0,0.0,0.0,0.0,0.0,0.0,0.0,0.08449074074074074,0.0,0.0,0.0,0.027777777777777776,0.003472222222222222,0.0,0.0,0.0,0.0,0.0,0.0,0.02199074074074074,0.0,0.0,0.0,0.0,0.0,0.009259259259259259,0.006944444444444444,0.006944444444444444,0.020833333333333332,0.027777777777777776,0.009259259259259259,0.0,0.0,0.0,0.03819444444444444,0.0,0.013888888888888888,0.5590277777777778,9.0
0.0,0.0,0.0,0.0,0.0,0.0,0.0,0.0,0.0,0.0,0.0,0.0,0.0,0.0,0.0,0.0,0.0,0.0,0.0,0.0,0.0,0.0,0.009259259259259259,0.0,0.0,0.0,0.0,0.0,0.0,0.0,0.0,0.0,0.0,0.0,0.037037037037037035,0.0,0.027777777777777776,0.0,0.0,0.0,0.0,0.0,0.07407407407407407,0.0,0.013888888888888888,0.2546296296296296,10.0
0.013888888888888888,0.0,0.0,0.0,0.0,0.0,0.0,0.0,0.0,0.0,0.0,0.0,0.0,0.0,0.0,0.027777777777777776,0.0,0.0,0.0,0.0,0.0,0.0,0.0,0.0,0.0,0.0,0.0,0.0,0.0,0.0,0.0,0.0,0.0,0.0,0.013888888888888888,0.013888888888888888,0.0,0.0,0.0,0.0,0.0,0.0,0.0,0.0,0.0,0.09722222222222221,11.0
0.0,0.0,0.0,0.0,0.0,0.0,0.0,0.0,0.0,0.0,0.0,0.0,0.0,0.0,0.0,0.0,0.0,0.0,0.0,0.0,0.0,0.0,0.0,0.0,0.0,0.0,0.0,0.0,0.0,0.0,0.0,0.0,0.0,0.0,0.0,0.0,0.0,0.0,0.0,0.0,0.0,0.0,0.001851851851851852,0.0,0.0,0.16481481481481483,12.0
0.0,0.0,0.0,0.0,0.0,0.0,0.0,0.0,0.0,0.0,0.0,0.0,0.0,0.0,0.0,0.0,0.0,0.0,0.0,0.0,0.0,0.0,0.0,0.0,0.0,0.0,0.0,0.0,0.0,0.0,0.0,0.0,0.0,0.0,0.0,0.0,0.0,0.0,0.0,0.0,0.0,0.0,0.0,0.0,0.0,0.08333333333333333,13.0
