ces,csg,gee,sge,ssh,shs,gii,ees,ese,see,gsg,egs,jss,gsi,seg,sse,egg,ojs,jsi,sii,igg,sig,gse,sei,eii,isg,ssi,sgi,gis,ess,ges,jig,hii,igh,ghi,eis,ggg,isi,sis,sgs,igs,esg,hss,scs,ssc,ssg,sgg,ggs,css,iss,sos,oss,gss,sss,TimeFactor
0.0,0.0,0.0,0.0,0.0,0.0,0.0,0.0,0.0,0.0,0.0,0.0,0.0,0.0,0.0,0.0,0.0,0.0,0.0,0.0,0.0,0.0,0.0,0.0,0.0,0.0,0.0,0.0,0.0,0.0,0.0,0.0,0.0,0.0,0.0,0.0,0.0,0.0,0.0,0.0,0.0,0.0,0.0,0.0,0.0,0.0,0.0,0.0,0.0,0.0,0.027777777777777776,0.027777777777777776,0.037037037037037035,0.32407407407407407,1.0
0.0,0.0,0.0,0.0,0.0,0.0,0.0,0.0,0.0,0.0,0.0,0.0,0.0,0.0,0.0,0.0,0.0,0.0,0.0,0.0,0.0,0.0,0.0,0.0,0.0,0.0,0.0,0.0,0.0,0.0,0.0,0.0,0.0,0.0,0.0,0.0,0.0,0.0,0.0,0.0,0.0,0.0,0.0,0.013888888888888888,0.013888888888888888,0.013888888888888888,0.013888888888888888,0.013888888888888888,0.013888888888888888,0.03333333333333333,0.0,0.0,0.04722222222222222,0.16944444444444443,2.0
0.0,0.0,0.0,0.0,0.0,0.0,0.0,0.0,0.0,0.0,0.0,0.0,0.0,0.0,0.0,0.0,0.0,0.0,0.0,0.0,0.0,0.0,0.0,0.0,0.0,0.0,0.0,0.0,0.0,0.0,0.004629629629629629,0.004629629629629629,0.004629629629629629,0.004629629629629629,0.004629629629629629,0.004629629629629629,0.004629629629629629,0.004629629629629629,0.004629629629629629,0.004629629629629629,0.004629629629629629,0.004629629629629629,0.027777777777777776,0.0,0.0,0.0,0.0,0.004629629629629629,0.013888888888888888,0.0,0.0,0.0,0.037037037037037035,0.19444444444444442,3.0
0.0,0.0,0.0,0.0,0.0,0.0,0.0,0.0,0.0,0.0,0.0,0.0,0.0,0.0,0.0,0.0,0.0,0.0,0.0,0.0,0.003968253968253968,0.003968253968253968,0.003968253968253968,0.003968253968253968,0.003968253968253968,0.003968253968253968,0.003968253968253968,0.009259259259259259,0.013227513227513227,0.013888888888888888,0.0,0.0,0.0,0.0,0.0,0.0,0.0,0.0,0.0,0.0,0.0,0.009259259259259259,0.0,0.0,0.0,0.0,0.003968253968253968,0.0,0.05886243386243386,0.013227513227513227,0.0,0.009259259259259259,0.041005291005291,0.38359788359788366,4.0
0.0,0.0,0.0,0.0,0.0,0.0,0.0,0.0,0.0,0.0,0.0,0.0,0.0,0.009259259259259259,0.013888888888888888,0.013888888888888888,0.013888888888888888,0.013888888888888888,0.013888888888888888,0.02314814814814815,0.0,0.0,0.0,0.0,0.0,0.0,0.0,0.0,0.0,0.013888888888888888,0.0,0.0,0.0,0.0,0.0,0.0,0.0,0.0,0.0,0.0,0.009259259259259259,0.0,0.003472222222222222,0.0,0.0,0.0,0.0,0.0,0.05092592592592593,0.027777777777777776,0.0,0.0,0.04513888888888889,0.33101851851851855,5.0
0.0,0.0,0.0,0.0,0.0,0.0,0.0,0.0,0.0,0.0,0.027777777777777776,0.027777777777777776,0.027777777777777776,0.0,0.0,0.0,0.0,0.0,0.0,0.0,0.0,0.0,0.0,0.0,0.0,0.0,0.0,0.0,0.0,0.0,0.0,0.0,0.0,0.0,0.0,0.0,0.0,0.0,0.0,0.027777777777777776,0.0,0.0,0.027777777777777776,0.0,0.0,0.0,0.0,0.0,0.0,0.027777777777777776,0.0,0.0,0.05423280423280422,0.3624338624338624,6.0
0.0,0.0,0.0,0.0,0.0,0.0,0.0,0.006944444444444444,0.006944444444444444,0.006944444444444444,0.0,0.0,0.0,0.0,0.0,0.0,0.0,0.0,0.0,0.0030864197530864196,0.0,0.0,0.0,0.0,0.0,0.0,0.0,0.0,0.0,0.006944444444444444,0.0,0.0,0.0,0.0,0.0,0.0,0.0,0.0030864197530864196,0.0030864197530864196,0.008641975308641974,0.0,0.0,0.0030864197530864196,0.0,0.0,0.01867283950617284,0.010030864197530864,0.0,0.0,0.05401234567901234,0.0,0.0,0.07422839506172839,0.4609567901234568,7.0
0.0,0.0,0.0,0.0,0.0,0.0,0.0,0.0,0.0,0.0,0.0,0.0,0.009259259259259259,0.0,0.0,0.0,0.0,0.0,0.0,0.0,0.0,0.0,0.0,0.0,0.0,0.0,0.0,0.0,0.0,0.0,0.0,0.0,0.0,0.0,0.0,0.0,0.0,0.0,0.0,0.0,0.0,0.0,0.009259259259259259,0.0,0.0,0.0,0.0,0.0,0.012037037037037035,0.009259259259259259,0.0,0.0,0.04050925925925926,0.669675925925926,8.0
0.0,0.0,0.004629629629629629,0.004629629629629629,0.009259259259259259,0.009259259259259259,0.027777777777777776,0.0,0.0,0.0,0.0,0.0,0.007936507936507936,0.0,0.0,0.0,0.0,0.0,0.0,0.0,0.0,0.0,0.0,0.0,0.0,0.0,0.0,0.027777777777777776,0.0,0.02182539682539682,0.0,0.0,0.0,0.0,0.0,0.0,0.0,0.0,0.0,0.0,0.0,0.0,0.009259259259259259,0.0,0.0,0.03472222222222222,0.0023148148148148147,0.0,0.03009259259259259,0.04398148148148148,0.0,0.0,0.03174603174603175,0.5681216931216931,9.0
0.0,0.013888888888888888,0.0,0.0,0.0,0.0,0.0,0.0,0.0,0.0,0.0,0.0,0.004629629629629629,0.0,0.0,0.0,0.0,0.0,0.0,0.0,0.0,0.0,0.0,0.0,0.0,0.0,0.003968253968253968,0.0,0.0,0.0023148148148148147,0.0,0.0,0.0,0.0,0.0,0.0,0.013227513227513227,0.0,0.003968253968253968,0.06878306878306878,0.0,0.0,0.0,0.0,0.0,0.05886243386243386,0.017857142857142856,0.013227513227513227,0.0,0.02017195767195767,0.0,0.0,0.09589947089947089,0.3498677248677249,10.0
0.0,0.0,0.0,0.0,0.0,0.0,0.0,0.0,0.0,0.0,0.0,0.0,0.0,0.0,0.0,0.0,0.0,0.0,0.0,0.0,0.0,0.0,0.0,0.0,0.0,0.006944444444444444,0.003968253968253968,0.0,0.0,0.0,0.0,0.0,0.0,0.0,0.0,0.0,0.0,0.0,0.003968253968253968,0.003968253968253968,0.0,0.0,0.003968253968253968,0.0,0.0,0.007936507936507936,0.01091269841269841,0.01091269841269841,0.006944444444444444,0.003968253968253968,0.0,0.0,0.03373015873015873,0.23611111111111113,11.0
0.027777777777777776,0.0,0.0,0.0,0.0,0.0,0.0,0.0,0.0,0.0,0.0,0.0,0.0,0.0,0.0,0.0,0.0,0.0,0.0,0.0,0.0,0.0,0.0,0.0,0.0,0.0,0.0,0.0,0.0,0.027777777777777776,0.0,0.0,0.0,0.0,0.0,0.0,0.0,0.0,0.0,0.01273148148148148,0.0,0.0,0.0,0.0,0.0,0.02199074074074074,0.009259259259259259,0.0,0.0,0.005555555555555556,0.0,0.0,0.03287037037037037,0.2787037037037037,12.0
0.0,0.013888888888888888,0.0,0.0,0.0,0.0,0.0,0.0,0.0,0.0,0.0,0.0,0.0,0.0,0.0,0.0,0.0,0.0,0.0,0.0,0.0,0.0,0.0,0.0,0.0,0.0,0.0,0.0,0.0,0.013888888888888888,0.0,0.0,0.0,0.0,0.0,0.0,0.0,0.0,0.0,0.013888888888888888,0.0,0.0,0.0,0.0,0.0,0.004629629629629629,0.004629629629629629,0.0,0.013888888888888888,0.013888888888888888,0.0,0.0,0.027777777777777776,0.22685185185185183,13.0
