hh,eg,gc,cc,ce,js,os,ih,cg,sc,ei,ji,jg,ie,ic,cs,ee,ge,ii,ig,si,sj,ci,sh,hs,so,gi,gg,jj,is,oo,se,es,sg,gs,ss,TimeFactor
0.0,0.0,0.0,0.0,0.0,0.0,0.0,0.0,0.0,0.0,0.0,0.0,0.0,0.0,0.0,0.0,0.0,0.0,0.0,0.0,0.0,0.005952380952380952,0.005952380952380952,0.005952380952380952,0.005952380952380952,0.007575757575757576,0.008333333333333333,0.008333333333333333,0.011904761904761904,0.014285714285714285,0.015151515151515152,0.016666666666666666,0.016666666666666666,0.024242424242424242,0.05757575757575758,0.29545454545454547,1.0
0.0,0.0,0.0,0.0,0.0,0.0,0.0,0.0,0.0,0.0,0.0,0.0,0.0,0.0,0.0,0.0,0.0,0.0,0.011363636363636362,0.016666666666666666,0.022727272727272724,0.0,0.0,0.0,0.0,0.0,0.016666666666666666,0.016666666666666666,0.0,0.04318181818181818,0.0,0.0,0.0,0.037121212121212124,0.031998556998557,0.38694083694083686,2.0
0.0,0.0,0.0,0.0,0.0,0.0,0.0,0.0009578544061302681,0.0009578544061302681,0.0009578544061302681,0.0030864197530864196,0.0043859649122807015,0.0043859649122807015,0.006172839506172839,0.007868089764641489,0.007868089764641489,0.012345679012345678,0.016666666666666666,0.0,0.0,0.027621176184394577,0.0,0.0,0.0009578544061302681,0.0019157088122605363,0.0,0.0,0.03333405352461614,0.0,0.05234974409203084,0.0,0.022839506172839506,0.022839506172839506,0.03150996904777909,0.03598755829548328,0.37165831244778613,3.0
0.0,0.0,0.0,0.0,0.0022522522522522522,0.013888888888888888,0.016666666666666666,0.0,0.0,0.0,0.003472222222222222,0.0,0.0,0.0,0.0,0.0,0.0,0.0,0.006944444444444444,0.0,0.010416666666666666,0.0,0.0,0.0,0.003472222222222222,0.0,0.0,0.0047169811320754715,0.0,0.01893343815513627,0.0,0.003472222222222222,0.0045045045045045045,0.008189203354297694,0.024027565301150206,0.46237605530058357,4.0
0.0,0.0,0.0,0.0,0.0,0.0,0.0009057971014492754,0.0,0.0,0.0,0.0009057971014492754,0.0,0.0,0.0009057971014492754,0.0,0.005283816425120773,0.0,0.0,0.02013888888888889,0.0019606494221243807,0.010144927536231885,0.0,0.0,0.005283816425120773,0.005283816425120773,0.0009057971014492754,0.003472222222222222,0.015226563933223261,0.0,0.030398856478933523,0.0,0.0009057971014492754,0.00966183574879227,0.03416918913960741,0.10370230232984774,0.6674107961841864,5.0
0.0,0.0,0.0016025641025641027,0.0016025641025641027,0.0,0.0,0.005074786324786325,0.0,0.0,0.0016025641025641027,0.0,0.0,0.0,0.01641522988505747,0.0,0.0032051282051282055,0.0023809523809523807,0.0,0.03752907772304324,0.0,0.03371647509578544,0.0,0.0,0.0,0.0,0.0,0.0,0.05044642857142858,0.0,0.0347188013136289,0.0,0.0011904761904761904,0.02208183339648857,0.05328525641025641,0.0799492652940929,0.5718652635678497,6.0
0.0,0.0,0.0,0.005864197530864197,0.0,0.0,0.011094173441734417,0.0,0.003787878787878788,0.0015432098765432098,0.0,0.0,0.0,0.0,0.0,0.002777777777777778,0.006172839506172839,0.0,0.024456521739130432,0.002777777777777778,0.02638888888888889,0.0,0.0,0.013194444444444444,0.016280864197530862,0.0,0.0052668787557440784,0.0509543035435577,0.0,0.025003027506120473,0.0,0.0015432098765432098,0.002777777777777778,0.04306278465875496,0.05156048107621102,0.5388262961698804,7.0
0.0,0.0010548523206751054,0.0,0.0,0.0,0.002333089668615984,0.0,0.0,0.0,0.0,0.0,0.0,0.0,0.0,0.0,0.0005787037037037037,0.0,0.0,0.0,0.0008771929824561404,0.0008771929824561404,0.0,0.0,0.0,0.0017543859649122807,0.0,0.0,0.038960247841826785,0.0,0.0031920077972709547,0.0,0.0,0.0008771929824561404,0.03744631004374508,0.06369168551002038,0.5983571382018612,8.0
0.0,0.008333333333333333,0.0,0.0,0.0,0.0,0.014520202020202018,0.0,0.0002612330198537095,0.0,0.004901960784313725,0.0,0.0006038647342995169,0.0,0.0,0.0,0.0006313131313131314,0.0006313131313131314,0.008102571543064018,0.0,0.00255461592670895,0.0,0.0,0.0,0.0012626262626262627,0.0,0.0,0.015479134992052952,0.0,0.00893830589576082,0.0,0.008333333333333333,0.010858585858585859,0.028229007821155172,0.04107516842654662,0.5952834297855375,9.0
0.0,0.0,0.0,0.0,0.0,0.0,0.0025598750433877128,0.0,0.0,0.0,0.0,0.0,0.0,0.0,0.0,0.0,0.0,0.0,0.01689663658388598,0.0006218905472636816,0.005462371319532985,0.0,0.0,0.0,0.006224712107065048,0.0,0.0009578544061302681,0.03362446243091135,0.0,0.01402884428731402,0.0,0.004901960784313725,0.010425812115891131,0.035136989720276554,0.04274597773776064,0.6597459462496004,10.0
0.0,0.0006313131313131314,0.0,0.0,0.0,0.0,0.0,0.0,0.0,0.0,0.0,0.0,0.0,0.0,0.0,0.0026041666666666665,0.0,0.0,0.006111111111111111,0.0006313131313131314,0.024503968253968254,0.0,0.0,0.0,0.0,0.0,0.0016666666666666668,0.006666666666666667,0.0,0.036976911976911976,0.0,0.0,0.0006313131313131314,0.008068181818181818,0.021669823232323235,0.6398385642135641,11.0
0.0,0.0,0.0,0.0,0.0,0.013888888888888888,0.0,0.0,0.0,0.0,0.010416666666666666,0.0,0.0,0.0,0.0,0.0,0.010416666666666666,0.0,0.002347417840375587,0.0,0.0011737089201877935,0.0,0.0,0.0,0.0016339869281045752,0.0,0.0,0.004273504273504273,0.0,0.014900836643794388,0.0,0.010416666666666666,0.0011737089201877935,0.017037588780546526,0.016534823571898966,0.39578553523251125,12.0
0.010416666666666666,0.0,0.0,0.0,0.0,0.0,0.0,0.0,0.0,0.0,0.0,0.0,0.0,0.0,0.0,0.0,0.0,0.0,0.0,0.0,0.0,0.0,0.0,0.003472222222222222,0.0,0.0,0.0,0.02397875816993464,0.0,0.007428804855275444,0.0,0.0,0.0,0.009226190476190476,0.005427170868347338,0.2733835200746965,13.0
