iig,gii,esi,soo,oso,gcs,jos,gsc,sie,his,isi,hgs,isc,eoo,gsj,jsc,sge,ssi,ges,ggi,shs,gis,eee,ssj,ois,soi,csj,ssc,scc,ses,gsi,osi,sii,csg,sjs,isg,scs,shh,ssh,sis,gsg,sse,ggs,sjj,esj,eig,sei,ggg,jjs,gse,jes,jss,ecs,cos,egs,css,iis,goo,oos,ose,iss,see,gce,ces,sos,hss,sgs,ess,ssg,gss,oss,sgg,sss,TimeFactor
0.0,0.0,0.0,0.0,0.0,0.0,0.0,0.0,0.0,0.0,0.0,0.0,0.0,0.0,0.0,0.0,0.0,0.0,0.0,0.0,0.0,0.0,0.0,0.0,0.0,0.0,0.0,0.0,0.0,0.0,0.0,0.0,0.0,0.0,0.0,0.0,0.0,0.0,0.0,0.0,0.0,0.0,0.0,0.0,0.0,0.005952380952380952,0.005952380952380952,0.005952380952380952,0.006944444444444444,0.006944444444444444,0.006944444444444444,0.006944444444444444,0.008333333333333333,0.008333333333333333,0.008333333333333333,0.008333333333333333,0.010416666666666666,0.010416666666666666,0.010416666666666666,0.010416666666666666,0.010416666666666666,0.010416666666666666,0.013888888888888888,0.013888888888888888,0.013888888888888888,0.015277777777777779,0.021230158730158728,0.024305555555555552,0.03125,0.03452380952380952,0.036111111111111115,0.03720238095238095,0.2836309523809523,1.0
0.0,0.0,0.0,0.0,0.0,0.0,0.0,0.0,0.0,0.0,0.0,0.0,0.0,0.0,0.0,0.0,0.0,0.0,0.0,0.0,0.0,0.0,0.0,0.0,0.0,0.0,0.0,0.0,0.0,0.0,0.0,0.0,0.0,0.0,0.005952380952380952,0.010416666666666666,0.010416666666666666,0.010416666666666666,0.010416666666666666,0.010416666666666666,0.013888888888888888,0.020833333333333332,0.020833333333333332,0.041666666666666664,0.041666666666666664,0.0,0.0,0.0,0.0,0.0,0.0,0.005952380952380952,0.0,0.0,0.0,0.010416666666666666,0.0,0.0,0.0,0.0,0.010416666666666666,0.020833333333333332,0.0,0.0,0.0,0.0,0.013888888888888888,0.0,0.020833333333333332,0.0,0.013888888888888888,0.041666666666666664,0.3318452380952381,2.0
0.0,0.0,0.0,0.0,0.0,0.0,0.0,0.0,0.0,0.0,0.0,0.0,0.0,0.0,0.0,0.0,0.0,0.0,0.0,0.0,0.0,0.0,0.0,0.0,0.0,0.0,0.004629629629629629,0.004629629629629629,0.004629629629629629,0.006944444444444444,0.006944444444444444,0.020833333333333332,0.027777777777777776,0.041666666666666664,0.0,0.0,0.0,0.0,0.0,0.006944444444444444,0.0,0.0,0.06712962962962964,0.004629629629629629,0.006944444444444444,0.0,0.0,0.0,0.0,0.0,0.006944444444444444,0.0,0.0,0.0,0.0,0.010416666666666666,0.0,0.0,0.0,0.0,0.023313492063492064,0.0,0.0,0.0,0.0,0.004629629629629629,0.020833333333333332,0.02215608465608465,0.005952380952380952,0.16236772486772486,0.0,0.047619047619047616,0.242063492063492,3.0
0.0,0.0,0.0,0.0,0.0,0.0,0.0,0.0,0.0,0.0,0.0,0.0,0.0,0.0,0.0,0.0,0.0,0.0,0.0,0.003787878787878788,0.003787878787878788,0.003787878787878788,0.006944444444444444,0.006944444444444444,0.020833333333333332,0.020833333333333332,0.0,0.0,0.0,0.0,0.020833333333333332,0.0,0.020833333333333332,0.0,0.0,0.0,0.0,0.0,0.0,0.008333333333333333,0.007575757575757576,0.029166666666666664,0.01736111111111111,0.006944444444444444,0.0,0.0,0.0,0.0,0.0,0.0,0.0,0.0,0.0,0.0,0.0,0.0,0.0,0.0,0.0,0.0,0.015277777777777779,0.036111111111111115,0.0,0.0,0.0,0.012121212121212121,0.023484848484848487,0.0,0.0,0.06167929292929294,0.0,0.003787878787878788,0.3362373737373738,4.0
0.0,0.0,0.0,0.0,0.0,0.0,0.0,0.0,0.0,0.0,0.0,0.0,0.0,0.0,0.0,0.002976190476190476,0.004629629629629629,0.02685185185185185,0.0462962962962963,0.0,0.0,0.0,0.0,0.0,0.0,0.0,0.0,0.0,0.002976190476190476,0.0,0.0,0.0,0.02685185185185185,0.0,0.0,0.0,0.0,0.013888888888888888,0.013888888888888888,0.002976190476190476,0.0,0.015939153439153437,0.004629629629629629,0.0,0.0,0.0,0.0,0.0,0.0,0.020833333333333332,0.0,0.0,0.0,0.0,0.002976190476190476,0.0,0.0,0.0,0.0,0.008333333333333333,0.008928571428571428,0.0451058201058201,0.0,0.0,0.041666666666666664,0.0,0.011309523809523811,0.047619047619047616,0.021494708994708994,0.028174603174603175,0.041666666666666664,0.026124338624338623,0.11719576719576719,5.0
0.0,0.0,0.0,0.0,0.0,0.0,0.0,0.0,0.008333333333333333,0.008333333333333333,0.008333333333333333,0.010416666666666666,0.020833333333333332,0.020833333333333332,0.041666666666666664,0.0,0.0,0.0,0.0,0.0,0.0,0.0,0.0,0.0,0.0,0.0,0.0,0.0,0.020833333333333332,0.0,0.0,0.0,0.0,0.0,0.0,0.0,0.0,0.0,0.0,0.0,0.0,0.0,0.022222222222222223,0.041666666666666664,0.0,0.0,0.0,0.0,0.0,0.0,0.0,0.0,0.0,0.0,0.0,0.0,0.0,0.0,0.020833333333333332,0.0,0.049999999999999996,0.0,0.0,0.0,0.0,0.0,0.041666666666666664,0.0,0.008333333333333333,0.08819444444444445,0.0,0.016666666666666666,0.4041666666666666,6.0
0.0,0.0,0.0,0.0,0.0,0.013888888888888888,0.020833333333333332,0.020833333333333332,0.0,0.0,0.0,0.0,0.0,0.0,0.0,0.0,0.0,0.013888888888888888,0.013888888888888888,0.0,0.0,0.0,0.0,0.0,0.0,0.0,0.0,0.0,0.020833333333333332,0.0,0.0,0.0,0.013888888888888888,0.0,0.0,0.0,0.0,0.0,0.0,0.0,0.0,0.0,0.0,0.0,0.0,0.0,0.0,0.0,0.0,0.0,0.0,0.0,0.0,0.0,0.0,0.013888888888888888,0.0,0.0,0.0,0.0,0.041666666666666664,0.0,0.0,0.0,0.0,0.0,0.08333333333333333,0.013888888888888888,0.041666666666666664,0.05555555555555555,0.020833333333333332,0.0,0.2777777777777778,7.0
0.0,0.0,0.0,0.0,0.0,0.0,0.0,0.0,0.0,0.0,0.041666666666666664,0.0,0.0,0.0,0.0,0.0,0.0,0.0,0.0,0.0,0.0,0.0,0.0,0.0,0.0,0.0,0.0,0.006944444444444444,0.006944444444444444,0.0,0.0,0.0,0.041666666666666664,0.0,0.0,0.0,0.0,0.0,0.0,0.006944444444444444,0.0,0.010416666666666666,0.0,0.0,0.0,0.0,0.0,0.0,0.0,0.0,0.0,0.041666666666666664,0.0,0.0,0.0,0.0,0.0,0.0,0.0,0.0,0.006944444444444444,0.010416666666666666,0.0,0.0,0.006944444444444444,0.006944444444444444,0.0,0.0,0.07083333333333333,0.0861111111111111,0.006944444444444444,0.07083333333333333,0.24444444444444446,8.0
0.0,0.0,0.0,0.005208333333333333,0.005208333333333333,0.0,0.0,0.0,0.0,0.0,0.0,0.0,0.0,0.0,0.0,0.0,0.0,0.0,0.0,0.0,0.0,0.006944444444444444,0.0,0.0,0.0,0.0,0.0,0.0,0.0,0.0,0.0,0.0,0.0,0.0,0.0,0.0,0.005208333333333333,0.0,0.0,0.0,0.013888888888888888,0.006944444444444444,0.020833333333333332,0.0,0.0,0.0,0.0,0.0,0.0,0.0,0.0,0.0,0.0,0.0,0.0,0.005208333333333333,0.0,0.0,0.0,0.0,0.006944444444444444,0.006944444444444444,0.0,0.0,0.005208333333333333,0.0,0.013888888888888888,0.0,0.013888888888888888,0.052083333333333336,0.015625,0.013888888888888888,0.46875,9.0
0.0,0.0,0.0,0.0,0.0,0.0,0.0,0.0,0.0,0.0,0.0,0.0,0.0,0.0,0.0,0.0,0.0,0.0,0.0,0.0,0.0,0.0,0.0,0.0,0.0,0.0,0.0,0.0,0.0,0.0,0.0,0.0,0.0,0.0,0.0,0.0,0.0,0.0,0.0,0.0,0.0,0.0,0.0,0.0,0.0,0.0,0.0,0.0,0.0,0.0,0.0,0.0,0.0,0.0,0.0,0.0,0.0,0.0,0.0,0.0,0.0,0.0,0.0,0.0,0.041666666666666664,0.0,0.013888888888888888,0.0,0.0,0.013888888888888888,0.041666666666666664,0.0,0.6388888888888888,10.0
0.0,0.0,0.0,0.0,0.0,0.0,0.0,0.006944444444444444,0.0,0.0,0.0,0.0,0.0,0.0,0.0,0.0,0.0,0.0,0.0,0.0,0.0,0.0,0.0,0.0,0.0,0.0,0.0,0.0,0.006944444444444444,0.0,0.0,0.0,0.0,0.0,0.0,0.0,0.0,0.0,0.0,0.020833333333333332,0.0,0.0,0.013888888888888888,0.0,0.0,0.0,0.0,0.0,0.0,0.0,0.0,0.0,0.0,0.0,0.013888888888888888,0.0,0.0,0.0,0.0,0.0,0.020833333333333332,0.0,0.0,0.0,0.013888888888888888,0.041666666666666664,0.020833333333333332,0.0,0.0,0.09722222222222221,0.013888888888888888,0.0,0.4791666666666667,11.0
0.004166666666666667,0.004166666666666667,0.004166666666666667,0.0,0.0,0.0,0.0,0.0,0.0,0.0,0.0,0.0,0.0,0.0,0.0,0.0,0.0,0.004166666666666667,0.004166666666666667,0.0,0.0,0.0,0.0,0.0,0.0,0.0,0.0,0.0,0.0,0.0,0.0,0.0,0.004166666666666667,0.0,0.0,0.0,0.0,0.0,0.0,0.0,0.0,0.005952380952380952,0.005952380952380952,0.0,0.0,0.0,0.0,0.0,0.0,0.0,0.0,0.0,0.0,0.0,0.0,0.0,0.0,0.0,0.0,0.0,0.008333333333333333,0.005952380952380952,0.0,0.0,0.0,0.0,0.014285714285714285,0.014285714285714285,0.016666666666666666,0.049404761904761896,0.0,0.012500000000000002,0.5083333333333333,12.0
0.0,0.0,0.0,0.0,0.0,0.0,0.0,0.0,0.0,0.0,0.0,0.0,0.0,0.0,0.0,0.0,0.0,0.0,0.0,0.0,0.0,0.0,0.0,0.0,0.0,0.0,0.0,0.0,0.0,0.0,0.0,0.0,0.0,0.0,0.0,0.0,0.0,0.0,0.0,0.0,0.0,0.0,0.0,0.0,0.0,0.0,0.0,0.0,0.0,0.0,0.0,0.0,0.0,0.0,0.0,0.006944444444444444,0.0,0.0,0.0,0.0,0.0,0.0,0.0,0.0,0.0,0.0,0.006944444444444444,0.0,0.0,0.05902777777777777,0.0,0.0,0.34375,13.0
