jj,je,so,hg,hc,he,sh,cc,ei,oh,ci,eh,ee,ih,gi,eg,ge,sg,ii,ji,jg,si,gg,io,og,cg,ie,se,gc,ce,sc,ig,hs,js,es,os,is,cs,gs,ss,TimeFactor
0.0,0.0,0.0,0.0,0.0,0.0,0.0,0.0,0.0,0.0,0.0,0.0,0.0,0.0,0.0,0.0,0.0,0.0010162601626016261,0.0010162601626016261,0.0020833333333333333,0.0020833333333333333,0.0020833333333333333,0.0020833333333333333,0.0026041666666666665,0.0026041666666666665,0.0026041666666666665,0.004166666666666667,0.0046875,0.005208333333333333,0.005208333333333333,0.005208333333333333,0.010416666666666666,0.014781141114982578,0.028348214285714286,0.030952380952380953,0.03377088979223126,0.042995265518131376,0.053322807781649245,0.10091463414634146,0.6418404794166989,1.0
0.0,0.0,0.0,0.0,0.0,0.0,0.0,0.0,0.0,0.0,0.0010683760683760683,0.0024509803921568627,0.0024509803921568627,0.004166666666666667,0.004166666666666667,0.004901960784313725,0.004901960784313725,0.0032051282051282055,0.005235042735042735,0.0,0.0,0.008333333333333333,0.013962732528909,0.0,0.0,0.0,0.004166666666666667,0.009068627450980393,0.0,0.0,0.004166666666666667,0.0,0.009022921522921524,0.011111111111111112,0.006764069264069264,0.0,0.04215433259550907,0.07641747549835785,0.08325173600908896,0.6990325646575647,2.0
0.0,0.0,0.0,0.0,0.0,0.0,0.0,0.0010162601626016261,0.0023148148148148147,0.0030995934959349596,0.0,0.0,0.0020325203252032522,0.003787878787878788,0.009722222222222222,0.0,0.0023148148148148147,0.003787878787878788,0.0,0.0,0.005208333333333333,0.003787878787878788,0.009439927732610659,0.0,0.0,0.0,0.0,0.0,0.0,0.0010162601626016261,0.0,0.009027777777777779,0.020070775908293842,0.007575757575757576,0.022669062697757102,0.03434959349593496,0.05810179146800381,0.04846996386630533,0.06989943673946544,0.6823074570429305,3.0
0.0,0.0,0.0,0.0,0.0021929824561403508,0.0024509803921568627,0.0046439628482972135,0.0,0.0,0.0,0.010416666666666666,0.0024509803921568627,0.0,0.0,0.0064282531194295904,0.0033333333333333335,0.005833333333333334,0.010462962962962964,0.010416666666666666,0.004166666666666667,0.0,0.013888888888888888,0.02200358851674641,0.0,0.0,0.0,0.0,0.012546296296296297,0.0,0.004629629629629629,0.004629629629629629,0.02876012446445883,0.011629256965944273,0.020979561947054207,0.048099128540305014,0.008204568908903274,0.08732701852670893,0.05647595667719507,0.058243359810697275,0.47645286902639844,4.0
0.0,0.0,0.0,0.001893939393939394,0.0,0.0,0.0,0.0,0.005645535817949611,0.0,0.0,0.0,0.004398148148148148,0.001893939393939394,0.004710591133004926,0.003977272727272728,0.005645535817949611,0.020836469166210545,0.0,0.0020833333333333333,0.0,0.0034274193548387098,0.004398148148148148,0.0,0.0,0.01185344827586207,0.0035201149425287356,0.007523148148148148,0.0,0.0,0.0,0.0,0.021366903113983204,0.014746543778801843,0.026948388855716442,0.017687955017626877,0.07933982485915189,0.09506422580324136,0.07983802332210287,0.5832010914481021,5.0
0.0,0.0021929824561403508,0.0046439628482972135,0.0,0.0021929824561403508,0.0,0.0021929824561403508,0.0,0.0046439628482972135,0.0,0.006836945304437565,0.0,0.0024509803921568627,0.0013440860215053762,0.007094943240454076,0.003795066413662239,0.005139152435167616,0.023115545029556817,0.009896717600452744,0.0013440860215053762,0.0,0.005169172932330827,0.010308325367498442,0.0,0.0,0.002976190476190476,0.013970588235294118,0.0,0.004166666666666667,0.0024509803921568627,0.0,0.0013440860215053762,0.026961898936144913,0.05371636911697333,0.02702712664012974,0.028068793306796402,0.06191083535847841,0.07143372346108788,0.07859492976590748,0.45168258446559156,6.0
0.0015432098765432098,0.0,0.0,0.0026041666666666665,0.0,0.0,0.0,0.0,0.0,0.0,0.0032051282051282055,0.0,0.0,0.0016666666666666668,0.0,0.0026041666666666665,0.0,0.012388242240215924,0.0,0.0,0.0015432098765432098,0.004117647058823529,0.012401315789473684,0.0,0.0,0.0,0.0,0.0024509803921568627,0.0,0.0,0.0,0.00522875816993464,0.03235836082037063,0.06291213280183869,0.014153311965811965,0.02030864197530864,0.09196107224293498,0.11276158346011288,0.04960871966870419,0.5661826854560987,7.0
0.0,0.0,0.0,0.0,0.0,0.0,0.0,0.0,0.001984126984126984,0.0,0.002976190476190476,0.0,0.001984126984126984,0.0,0.0,0.001984126984126984,0.001984126984126984,0.012661528286528285,0.0,0.0,0.007440476190476189,0.005833333333333334,0.012268518518518519,0.0,0.0,0.001736111111111111,0.0,0.0,0.0,0.0,0.0,0.012713675213675215,0.03331883394383394,0.020432692307692308,0.00496031746031746,0.022023809523809525,0.09331425518925518,0.08410409035409035,0.06548560236060236,0.6127940577940578,8.0
0.0,0.0024509803921568627,0.0,0.0,0.0,0.0,0.0,0.0,0.0,0.0,0.0,0.0,0.0,0.0,0.0024509803921568627,0.0,0.0,0.011825980392156862,0.0,0.0,0.004166666666666667,0.006410256410256411,0.006617647058823529,0.0,0.0,0.0,0.0,0.0026041666666666665,0.0,0.0,0.0,0.009822775263951734,0.01877177152912447,0.030836789844142783,0.004435107376283847,0.011538461538461539,0.04928647741147741,0.07822712418300654,0.057339586475615885,0.6198818950657187,9.0
0.0,0.0,0.0,0.0,0.0,0.0,0.0,0.0,0.002777777777777778,0.0,0.0,0.0,0.0,0.0,0.005555555555555556,0.0,0.0,0.014814814814814814,0.002777777777777778,0.004629629629629629,0.0,0.007407407407407407,0.005555555555555556,0.0,0.0,0.0,0.0,0.0,0.0,0.0,0.0,0.002777777777777778,0.01636904761904762,0.035234788359788355,0.016319444444444445,0.005208333333333333,0.06550925925925925,0.15462962962962962,0.05648148148148147,0.5206183862433863,10.0
0.0,0.0,0.0,0.0,0.0,0.0026041666666666665,0.0,0.0,0.0,0.0,0.0,0.0,0.0067708333333333336,0.0,0.0,0.004166666666666667,0.0026041666666666665,0.024305555555555552,0.0,0.0,0.0,0.0067708333333333336,0.0026041666666666665,0.0,0.0,0.0,0.0,0.009375,0.0,0.0,0.0,0.008333333333333333,0.0078125,0.010937500000000001,0.010416666666666666,0.027777777777777776,0.035069444444444445,0.07881944444444444,0.04796626984126984,0.6303323412698413,11.0
0.0,0.0,0.0,0.0,0.0,0.0,0.0,0.0,0.0,0.0,0.0,0.0,0.0032051282051282055,0.0,0.009157509157509158,0.0,0.0032051282051282055,0.0,0.006410256410256411,0.0,0.006944444444444444,0.009157509157509158,0.016025641025641028,0.0,0.0,0.0,0.011904761904761904,0.0032051282051282055,0.0,0.0,0.0,0.0032051282051282055,0.013888888888888888,0.0,0.03468406593406593,0.01636904761904762,0.01510989010989011,0.03472222222222222,0.04758089133089133,0.5152243589743589,12.0
0.0,0.0,0.0,0.0,0.0,0.0,0.0,0.0,0.0,0.0,0.0,0.0,0.0,0.0,0.0,0.0,0.0,0.020833333333333332,0.0,0.0,0.0,0.0,0.0,0.0,0.0,0.0,0.0,0.0,0.0,0.0,0.0,0.008333333333333333,0.004629629629629629,0.016666666666666666,0.05555555555555556,0.04513888888888889,0.0,0.08101851851851853,0.05810185185185185,0.4597222222222222,13.0
