es,ee,gc,js,cs,hs,gg,jg,sj,sh,hh,eh,se,so,os,is,si,ii,oo,ig,gi,hg,sg,gs,ss,TimeFactor
0.0,0.0,0.0,0.0,0.0,0.0,0.0,0.0,0.0,0.0,0.0,0.0,0.0,0.0,0.0,0.0,0.0,0.0,0.0,0.007575757575757576,0.007575757575757576,0.016666666666666666,0.01948051948051948,0.04372294372294372,0.23831168831168828,1.0
0.0,0.0,0.0,0.0,0.0,0.0,0.0,0.0016025641025641027,0.0016025641025641027,0.0016025641025641027,0.0032051282051282055,0.0036231884057971015,0.0036231884057971015,0.011904761904761904,0.013888888888888888,0.013888888888888888,0.030555555555555558,0.03333333333333333,0.03571428571428571,0.0,0.0,0.0036231884057971015,0.010451505016722408,0.015677257525083612,0.2323698041089345,2.0
0.0,0.0,0.0,0.0,0.0,0.0,0.005747126436781609,0.0,0.0,0.0,0.0,0.0,0.0,0.0,0.0,0.0,0.0,0.0,0.0,0.0,0.0,0.0,0.0028735632183908046,0.0,0.4080459770114942,3.0
0.0,0.0,0.0,0.0,0.0,0.0,0.002777777777777778,0.0,0.0,0.0,0.0,0.0,0.0,0.0,0.002777777777777778,0.0375,0.004166666666666667,0.0,0.0,0.0,0.0,0.0,0.002777777777777778,0.002777777777777778,0.4472222222222222,4.0
0.0,0.0,0.0,0.0033333333333333335,0.013888888888888888,0.016666666666666666,0.03333333333333333,0.0,0.0,0.0,0.0,0.0,0.0,0.0,0.0,0.0043859649122807015,0.0,0.027777777777777776,0.0,0.0,0.013888888888888888,0.0,0.030555555555555558,0.009941520467836256,0.429561403508772,5.0
0.0,0.0,0.016666666666666666,0.0,0.016666666666666666,0.016666666666666666,0.0,0.0,0.0,0.0,0.0,0.0,0.0,0.0,0.0,0.011544011544011544,0.007575757575757576,0.024242424242424242,0.0,0.016666666666666666,0.0,0.0,0.024242424242424242,0.015151515151515152,0.43391053391053386,6.0
0.0,0.003968253968253968,0.0,0.0,0.0,0.010353535353535353,0.007936507936507936,0.0,0.0,0.010353535353535353,0.0,0.0,0.003968253968253968,0.0,0.0,0.0,0.0,0.0,0.0,0.0,0.0,0.0,0.007936507936507936,0.02344877344877345,0.18203463203463208,7.0
0.0,0.03333333333333333,0.0,0.0,0.0,0.0,0.0,0.0,0.0,0.011904761904761904,0.03571428571428571,0.0,0.016666666666666666,0.0,0.0,0.0,0.0,0.0,0.0,0.0,0.0,0.0,0.003472222222222222,0.010416666666666666,0.47182539682539687,8.0
0.0,0.0,0.0,0.0,0.0,0.0,0.007575757575757576,0.0,0.0,0.0,0.0,0.0,0.0,0.0,0.0,0.0,0.0,0.0,0.0,0.0,0.0,0.0,0.0,0.029144385026737968,0.4632798573975045,9.0
0.0,0.0,0.0,0.0,0.0,0.0,0.005555555555555556,0.0,0.0,0.0,0.0,0.0,0.0,0.0,0.0,0.008333333333333333,0.008333333333333333,0.0,0.0,0.002777777777777778,0.0,0.0,0.01875,0.021527777777777774,0.3513888888888889,10.0
0.0,0.0,0.0,0.0,0.0,0.0,0.0,0.0,0.0,0.0,0.0,0.0,0.0,0.0,0.0,0.0,0.0,0.0,0.0,0.0,0.0,0.0,0.0,0.016666666666666666,0.2333333333333333,11.0
0.0,0.0,0.0,0.0,0.0,0.0,0.0,0.0,0.0,0.0,0.0,0.0,0.0,0.0,0.0,0.004166666666666667,0.0,0.0,0.0,0.0,0.0,0.0,0.0,0.0,0.1625,12.0
0.008333333333333333,0.0,0.0,0.0,0.0,0.0,0.0,0.0,0.0,0.0,0.0,0.0,0.008333333333333333,0.0,0.0,0.0,0.0,0.0,0.0,0.0,0.0,0.0,0.0,0.006944444444444444,0.2263888888888889,13.0
