jc,hc,oi,ic,go,so,gc,cj,he,sc,ij,og,co,eh,ci,ce,ee,gh,ih,gi,ch,hg,cc,se,eg,sj,sh,hi,ii,cg,ge,jg,gg,ie,si,ig,je,sg,js,ji,os,ei,hs,gs,es,is,cs,ss,TimeFactor
0.0,0.0,0.0,0.0,0.0,0.0,0.0,0.0,0.0,0.0,0.0,0.0,0.0,0.0,0.0,0.0,0.0,0.0,0.0,0.0,0.0,0.0,0.0,0.0,0.0,0.0,0.0,0.0,0.0,0.0,0.0,0.002976190476190476,0.002976190476190476,0.002976190476190476,0.002976190476190476,0.002976190476190476,0.0032051282051282055,0.006181318681318681,0.0161019536019536,0.020833333333333332,0.02361111111111111,0.023809523809523808,0.025694444444444447,0.028693528693528692,0.028899572649572648,0.08716422466422467,0.12092490842490844,0.5166666666666667,1.0
0.0,0.0,0.0,0.0,0.0,0.0,0.0,0.0,0.0,0.0,0.0,0.0,0.0,0.0,0.0,0.0,0.0,0.0,0.0,0.0,0.0,0.0,0.0,0.0,0.0,0.003787878787878788,0.005952380952380952,0.005952380952380952,0.01875,0.041666666666666664,0.04583333333333334,0.0,0.002976190476190476,0.003472222222222222,0.003787878787878788,0.005208333333333333,0.003787878787878788,0.014024170274170274,0.01521164021164021,0.0,0.021279761904761902,0.0,0.002976190476190476,0.05148809523809524,0.04163510101010101,0.09860058922558922,0.09223484848484848,0.43804112554112556,2.0
0.0,0.0,0.0,0.0,0.0,0.0,0.0,0.0,0.0,0.0,0.0,0.0,0.0,0.0,0.0,0.0023148148148148147,0.0023148148148148147,0.0026041666666666665,0.0026041666666666665,0.003787878787878788,0.006944444444444444,0.006944444444444444,0.008333333333333333,0.008333333333333333,0.009375,0.0,0.0,0.0,0.004918981481481482,0.0,0.0026041666666666665,0.0,0.01227192265795207,0.013252314814814814,0.026950571895424835,0.020469090413943358,0.0,0.0073699618736383435,0.01086848880966528,0.0,0.0255787037037037,0.0,0.014467592592592593,0.06632872846108141,0.030844907407407408,0.13560296593384827,0.08578493265993266,0.48913027332144976,3.0
0.0,0.0,0.0,0.0,0.0,0.0,0.0,0.0,0.0,0.0,0.0013020833333333333,0.004166666666666667,0.004166666666666667,0.005952380952380952,0.007407407407407407,0.0,0.0,0.0,0.007254464285714285,0.0141177398989899,0.0,0.0013020833333333333,0.0,0.006448412698412699,0.0,0.0013020833333333333,0.003787878787878788,0.004629629629629629,0.0067708333333333336,0.0,0.0,0.0,0.012499999999999999,0.0,0.0,0.014898989898989898,0.0,0.008246527777777778,0.016225874819624817,0.0,0.0,0.004166666666666667,0.04022441678691679,0.10667200276575277,0.03465758778258779,0.11247407106782105,0.03297107984607985,0.4650211189273689,4.0
0.0,0.0,0.0,0.0,0.0,0.0,0.0018115942028985507,0.0021929824561403508,0.0021929824561403508,0.0021929824561403508,0.0,0.0,0.0,0.0,0.003787878787878788,0.0,0.008730158730158729,0.0,0.0,0.014802631578947368,0.0,0.0,0.0,0.0,0.014711019974177869,0.0,0.0,0.0,0.0,0.0,0.004970760233918128,0.0,0.019175305688463585,0.003787878787878788,0.00897533689295703,0.012165129556433904,0.0,0.014314194577352474,0.024184101558243434,0.0021929824561403508,0.01948051948051948,0.0,0.021294961712581852,0.06271077479601506,0.027247342664962804,0.11489735950548306,0.0822499678048877,0.44859782030834655,5.0
0.0,0.0,0.0,0.0,0.0016666666666666668,0.010937500000000001,0.0,0.0,0.0016666666666666668,0.004166666666666667,0.0,0.0,0.0,0.0,0.004166666666666667,0.0,0.0016666666666666668,0.0,0.0,0.002777777777777778,0.0016666666666666668,0.0,0.0,0.0026041666666666665,0.008900462962962962,0.0016666666666666668,0.0,0.0,0.004166666666666667,0.00798611111111111,0.0,0.0,0.023368055555555555,0.009272486772486772,0.018358134920634917,0.01984126984126984,0.0,0.011863425925925925,0.031875,0.0,0.021876653439153442,0.002976190476190476,0.03353174603174603,0.12894014550264551,0.016691468253968254,0.08372685185185186,0.07557208994708994,0.46806712962962965,6.0
0.0,0.0,0.0023148148148148147,0.004208754208754209,0.0,0.0,0.0,0.0,0.001893939393939394,0.0,0.0,0.0,0.0,0.0,0.0,0.0,0.001893939393939394,0.0,0.001893939393939394,0.005208333333333333,0.0,0.0,0.0,0.010416666666666666,0.01011029411764706,0.0,0.0,0.0,0.007102272727272728,0.001893939393939394,0.01309912854030501,0.0,0.010962566844919785,0.0024509803921568627,0.001893939393939394,0.014583333333333332,0.0,0.06400852007469655,0.0262991637991638,0.001893939393939394,0.010005925447101917,0.0,0.022151187592364063,0.1196863253848548,0.031820181452534395,0.06083187645687646,0.06343555681790976,0.4266071482983247,7.0
0.0,0.003472222222222222,0.0,0.0,0.0,0.0,0.0,0.0,0.0,0.004166666666666667,0.0,0.0,0.0,0.0,0.0,0.0,0.013888888888888888,0.0,0.0,0.0026041666666666665,0.003472222222222222,0.0,0.0,0.0,0.013888888888888888,0.0,0.0,0.003472222222222222,0.006392045454545455,0.0,0.010416666666666666,0.003472222222222222,0.0,0.003472222222222222,0.010732323232323232,0.0,0.0,0.030381944444444444,0.02525252525252525,0.0,0.010416666666666666,0.0,0.016132305194805196,0.05118371212121212,0.05803571428571428,0.07760416666666665,0.06847492784992784,0.5830672799422799,8.0
0.008333333333333333,0.0,0.0,0.0,0.0,0.002777777777777778,0.0,0.0,0.0,0.002777777777777778,0.0,0.0,0.0,0.0,0.002777777777777778,0.0,0.0,0.0,0.0,0.008333333333333333,0.0,0.0,0.0,0.0,0.0,0.0,0.0,0.0,0.00421455938697318,0.0,0.0,0.010416666666666666,0.0,0.0,0.010416666666666666,0.011111111111111112,0.0,0.014204545454545456,0.014743589743589742,0.0,0.01875,0.0,0.014303674055829227,0.08267718871167147,0.01936661877394636,0.06129145638843914,0.07393176746625021,0.5562388222409774,9.0
0.0,0.0,0.0,0.001893939393939394,0.0,0.0,0.0,0.0,0.0,0.0,0.0,0.0,0.0,0.0,0.0,0.0,0.0,0.0,0.0,0.0,0.0,0.0,0.0,0.0,0.0,0.0,0.0,0.0,0.041666666666666664,0.001893939393939394,0.0,0.0,0.0,0.001893939393939394,0.0,0.0,0.0,0.0,0.0393939393939394,0.0,0.0,0.0,0.030970418470418468,0.04450757575757575,0.03974116161616162,0.09122474747474747,0.028332431457431455,0.5951479076479077,10.0
0.0,0.0,0.0,0.0,0.0,0.041666666666666664,0.0,0.0,0.0,0.0,0.0,0.0,0.0,0.0,0.0,0.0,0.0,0.0,0.0,0.004166666666666667,0.0,0.0,0.0,0.0,0.0,0.0,0.0,0.003472222222222222,0.003472222222222222,0.0,0.0,0.0,0.0,0.0,0.0,0.0,0.0,0.008333333333333333,0.01937830687830688,0.0,0.04583333333333334,0.0,0.01736111111111111,0.07800925925925926,0.01574074074074074,0.08921957671957671,0.03472222222222222,0.5552910052910053,11.0
0.0,0.0,0.0,0.0,0.0,0.0,0.0,0.0,0.0,0.0,0.0,0.0,0.0,0.0,0.0,0.0,0.0,0.0,0.0,0.0,0.0,0.0,0.0,0.005952380952380952,0.0,0.0,0.0,0.0,0.003472222222222222,0.0,0.0,0.0,0.0,0.0,0.015376984126984126,0.0,0.0,0.020833333333333332,0.06597222222222222,0.0,0.031249999999999997,0.0,0.03025793650793651,0.03720238095238095,0.013888888888888888,0.040674603174603176,0.024305555555555552,0.6274801587301587,12.0
0.0,0.0,0.0,0.0,0.0,0.0,0.0,0.0,0.0,0.0,0.0,0.0,0.0,0.0,0.0,0.0,0.0,0.0,0.0,0.0,0.0,0.0,0.0,0.0,0.0,0.0,0.0,0.0,0.0,0.0,0.0,0.0,0.0,0.0,0.0,0.0,0.0,0.004629629629629629,0.0,0.0,0.0,0.0,0.013888888888888888,0.018518518518518517,0.01736111111111111,0.027777777777777776,0.06597222222222222,0.5185185185185185,13.0
