ih,se,hg,he,eh,ge,cg,ee,ei,gh,gi,ie,eg,hh,sh,es,os,hs,og,ci,ig,sc,js,jj,sj,cs,ii,gg,is,si,sg,gs,ss,TimeFactor
0.0,0.0,0.0,0.0,0.0,0.0,0.0,0.0,0.0,0.0,0.0,0.0,0.0,0.0,0.0,0.0,0.0,0.0,0.0,0.001893939393939394,0.001893939393939394,0.001893939393939394,0.001893939393939394,0.003787878787878788,0.003787878787878788,0.006944444444444444,0.012310606060606062,0.013888888888888888,0.014204545454545456,0.022727272727272724,0.04861111111111111,0.054608585858585856,0.47821969696969696,1.0
0.0,0.0,0.0,0.0,0.0,0.0,0.0,0.0,0.0,0.0,0.0,0.0,0.0,0.0,0.0,0.0,0.0,0.003472222222222222,0.003472222222222222,0.0,0.0,0.0,0.0,0.0,0.0,0.0076388888888888895,0.014583333333333332,0.010416666666666666,0.04722222222222222,0.014583333333333332,0.0,0.03611111111111111,0.5291666666666667,2.0
0.0,0.0,0.0,0.0,0.0,0.0,0.0,0.0,0.0,0.0,0.0,0.0,0.0,0.0020833333333333333,0.0020833333333333333,0.002976190476190476,0.004166666666666667,0.0,0.006944444444444444,0.0,0.0,0.0,0.0020833333333333333,0.0,0.0,0.0020833333333333333,0.0020833333333333333,0.009027777777777779,0.015277777777777779,0.0062499999999999995,0.017212301587301585,0.041220238095238095,0.4698412698412698,3.0
0.0,0.0,0.0,0.0,0.0,0.0,0.0,0.0,0.0,0.0,0.0,0.0,0.0,0.0,0.0,0.0067708333333333336,0.0,0.0,0.0,0.0,0.0,0.0,0.020833333333333332,0.0,0.0,0.013392857142857142,0.002976190476190476,0.02725694444444444,0.028397817460317457,0.005580357142857143,0.034573412698412694,0.027306547619047616,0.6662450396825398,4.0
0.0,0.0,0.0,0.0,0.0,0.0,0.0,0.0,0.0,0.0,0.001893939393939394,0.005208333333333333,0.005208333333333333,0.0,0.001893939393939394,0.0,0.0,0.001893939393939394,0.0,0.0,0.001893939393939394,0.005208333333333333,0.0,0.0,0.0,0.0,0.008996212121212122,0.0358270202020202,0.016098484848484848,0.005208333333333333,0.024621212121212124,0.057449494949494945,0.49526515151515155,5.0
0.0,0.0,0.0,0.0,0.0,0.0,0.0,0.0,0.0023148148148148147,0.020833333333333332,0.013971560846560845,0.0,0.005208333333333333,0.0,0.0,0.0023148148148148147,0.005208333333333333,0.02314814814814815,0.0,0.0,0.008101851851851851,0.0,0.002976190476190476,0.0,0.002976190476190476,0.005208333333333333,0.009424603174603174,0.017154431216931217,0.02864583333333333,0.004918981481481482,0.03732638888888889,0.0665922619047619,0.5770089285714286,6.0
0.0,0.0,0.0,0.0,0.0,0.0,0.003472222222222222,0.006944444444444444,0.0,0.0,0.008838383838383838,0.0,0.008838383838383838,0.0,0.0,0.002976190476190476,0.001893939393939394,0.0,0.0,0.0,0.0,0.0,0.0,0.0,0.001893939393939394,0.007260101010101011,0.001893939393939394,0.018105158730158732,0.039096320346320344,0.013392857142857142,0.017180735930735932,0.0791621572871573,0.6223845598845599,7.0
0.0,0.0,0.0,0.0,0.0,0.0016025641025641027,0.0,0.0,0.0016025641025641027,0.0,0.0,0.0,0.0,0.0,0.0,0.010283119658119658,0.0,0.001736111111111111,0.0,0.0,0.0,0.0,0.0,0.0,0.0,0.015277777777777779,0.0073717948717948725,0.012019230769230768,0.01431623931623932,0.0073717948717948725,0.024038461538461536,0.05133547008547009,0.6863782051282051,8.0
0.0,0.0,0.0,0.0,0.0,0.010416666666666666,0.0,0.003472222222222222,0.0,0.0,0.007102272727272728,0.003472222222222222,0.0,0.0,0.0,0.027777777777777776,0.0,0.0,0.0,0.0,0.0,0.0,0.0,0.0,0.0,0.0,0.005208333333333333,0.01404671717171717,0.02168560606060606,0.003472222222222222,0.043718434343434344,0.036931818181818184,0.5726957070707072,9.0
0.0,0.0,0.002976190476190476,0.005208333333333333,0.005208333333333333,0.0,0.0,0.0,0.0,0.002976190476190476,0.0,0.005208333333333333,0.0,0.0,0.0,0.005208333333333333,0.0,0.0026041666666666665,0.0,0.0,0.0026041666666666665,0.0,0.004166666666666667,0.0,0.0,0.0,0.0,0.020833333333333332,0.02157738095238095,0.00818452380952381,0.02938988095238095,0.04241071428571428,0.6747767857142857,10.0
0.0,0.0026041666666666665,0.0,0.0,0.0,0.0,0.0,0.0,0.0,0.0,0.0,0.0,0.0,0.0,0.0,0.00818452380952381,0.0026041666666666665,0.0,0.0,0.0,0.0,0.0,0.0,0.0,0.0,0.0,0.0,0.006392045454545455,0.017187499999999998,0.010416666666666666,0.007474296536796536,0.054863365800865795,0.7236066017316016,11.0
0.001736111111111111,0.0,0.0,0.0,0.0,0.0,0.0,0.0,0.0,0.0,0.001736111111111111,0.0,0.0,0.0,0.0,0.0,0.0,0.004166666666666667,0.0,0.0020833333333333333,0.0,0.0,0.0,0.0,0.0,0.0,0.003472222222222222,0.005208333333333333,0.016550925925925927,0.005208333333333333,0.009027777777777779,0.04259259259259259,0.741550925925926,12.0
0.0,0.0,0.0,0.0,0.0,0.0,0.0,0.0,0.0,0.0,0.0,0.0,0.0,0.0,0.003472222222222222,0.0,0.0,0.003472222222222222,0.0,0.0,0.0,0.0,0.0,0.0,0.0,0.0,0.0,0.0,0.00818452380952381,0.0,0.003472222222222222,0.051835317460317464,0.6795634920634921,13.0
