je,jo,ji,og,ce,eh,gh,hi,he,ei,ci,go,gc,cc,so,ge,os,eg,ee,se,hg,ie,sc,jg,ig,gi,cs,ih,gg,cg,sj,sh,ii,es,hs,si,js,is,hh,sg,gs,ss,TimeFactor
0.0,0.0,0.0,0.0,0.0,0.0,0.0,0.0,0.0,0.0,0.0,0.0,0.0,0.0,0.0,0.0,0.0,0.0,0.0,0.0,0.0,0.0,0.0,0.0,0.0,0.0,0.0,0.0011574074074074073,0.0023148148148148147,0.007575757575757576,0.008333333333333333,0.008333333333333333,0.008333333333333333,0.009490740740740742,0.009490740740740742,0.009490740740740742,0.011956521739130435,0.012356353388962085,0.016666666666666666,0.02260466988727858,0.056888632703850084,0.5650069535939101,1.0
0.0,0.0,0.0,0.0,0.0,0.0,0.0,0.0,0.0,0.0,0.0,0.0,0.0,0.0,0.0,0.0,0.0,0.0,0.0010288065843621398,0.0011261261261261261,0.0016078216945268969,0.0032810588366143922,0.004166666666666667,0.005208333333333333,0.00561175337186898,0.007266809940220345,0.013235294117647059,0.0010288065843621398,0.040095019261685926,0.0,0.0,0.009730690286245841,0.02362804723915835,0.009828009828009828,0.010759496870607982,0.017626518911040428,0.0,0.029295246204767717,0.0,0.039779898008863966,0.04643744240926321,0.6459248203912953,2.0
0.0,0.0,0.0,0.0,0.0,0.0,0.0,0.0,0.0,0.0,0.0,0.0002525252525252525,0.0009689922480620155,0.0014740427531125205,0.001572327044025157,0.001572327044025157,0.0018248522965504095,0.017635658914728684,0.00469373972280949,0.01756298449612403,0.0,0.0,0.000505050505050505,0.001572327044025157,0.0018248522965504095,0.0,0.005851147130216897,0.0,0.055027956903274444,0.003144654088050314,0.0,0.004629629629629629,0.0,0.02840343133458477,0.004629629629629629,0.006374601275917065,0.0,0.02076854066985646,0.0,0.043319466780457866,0.08325875590679666,0.6097991737006642,3.0
0.0,0.0,0.0,0.0,0.0,0.0,0.0,0.0032051282051282055,0.008333333333333333,0.008333333333333333,0.008333333333333333,0.0,0.0032051282051282055,0.0,0.0,0.002023281596452328,0.0,0.0,0.02596935584740463,0.017428151117175508,0.0,0.009599039172209905,0.0,0.0,0.007498057498057498,0.0047295184490306445,0.013621794871794872,0.0,0.04850180307497381,0.0032051282051282055,0.0,0.020379924953095686,0.023175571041424703,0.02398764853033146,0.0005081300813008131,0.014328557621240549,0.0005081300813008131,0.047678456367480755,0.008333333333333333,0.03829530902701634,0.052333015900089076,0.43981887015423604,4.0
0.0,0.0,0.0,0.0,0.0,0.001282051282051282,0.001282051282051282,0.0,0.0006830601092896175,0.0011261261261261261,0.004901960784313725,0.0,0.0011261261261261261,0.0011261261261261261,0.0,0.0016025641025641027,0.005817711700064641,0.0,0.0276600528649709,0.013184669537128555,0.0006830601092896175,0.0,0.004901960784313725,0.0,0.0034117503379798467,0.0,0.006837606837606838,0.0,0.04630887852232379,0.0,0.0,0.0015988110250405333,0.017681214812362355,0.017240498830149498,0.0036902286902286904,0.02267115115475771,0.001282051282051282,0.03256289473743669,0.005860805860805861,0.03766962219831073,0.046031522548577015,0.6084421088946201,5.0
0.0,0.0,0.0,0.0,0.0,0.0,0.0,0.0,0.0006666666666666666,0.0034083694083694087,0.0006666666666666666,0.0,0.0,0.0006666666666666666,0.0,0.0038452950558213717,0.0,0.0027575757575757573,0.017269537480063796,0.027480063795853268,0.0,0.0008771929824561404,0.0006666666666666666,0.0,0.0013333333333333333,0.003408369408369408,0.018159365355537607,0.0,0.062195640616693255,0.0008771929824561404,0.0,0.0,0.017285714285714286,0.028699096225412016,0.005512113617376775,0.012829573934837094,0.004656959202413748,0.02328108149160781,0.0,0.051433473490889774,0.06803186340506914,0.6439915215034833,6.0
0.0,0.0,0.001893939393939394,0.0026041666666666665,0.0026881720430107525,0.0,0.0,0.0,0.0,0.0,0.0,0.0,0.0,0.0,0.0,0.0026041666666666665,0.0,0.0026041666666666665,0.0,0.008584104938271605,0.0,0.0,0.0026881720430107525,0.0,0.0052765558813945915,0.0015432098765432098,0.0033757716049382714,0.0,0.07159897861385353,0.0026041666666666665,0.004901960784313725,0.0053819444444444435,0.004629629629629629,0.022082348136181096,0.009613326363998406,0.002237654320987654,0.006445170660856935,0.021948232969738347,0.0,0.052704091040805034,0.08585030292636374,0.6761397676610522,7.0
0.0,0.0033333333333333335,0.0,0.0,0.0,0.0,0.0,0.0,0.0,0.0,0.0,0.0,0.0,0.0,0.0,0.0003255208333333333,0.006805555555555555,0.001736111111111111,0.0006510416666666666,0.0,0.0,0.0003255208333333333,0.0,0.0,0.0003255208333333333,0.0003255208333333333,0.00874397961469534,0.0,0.008980774769585254,0.0,0.0011904761904761904,0.0011904761904761904,0.00857204861111111,0.0008631552419354838,0.0027126736111111106,0.008107638888888888,0.0011904761904761904,0.01113198399336733,0.005952380952380952,0.019738236683607004,0.04186929496140429,0.6159282791004846,8.0
0.0012437810945273632,0.0,0.0012437810945273632,0.0,0.0,0.0,0.0,0.0,0.0,0.0,0.0,0.0,0.0,0.0,0.0,0.0,0.0,0.0,0.0067438633012403505,0.006536875389334406,0.0,0.0,0.0,0.0,0.0026565953195483035,0.0,0.0074102634078643675,0.0,0.02362679033107483,0.0013227513227513227,0.001366120218579235,0.0,0.005291005291005291,0.007658317359809898,0.0018732196100599652,0.004355103239484578,0.00969945355191257,0.012928453150421113,0.0,0.030862946106003916,0.03862001499988477,0.5865606652119704,9.0
0.0,0.0,0.0,0.0,0.0,0.0,0.0,0.0,0.0,0.0,0.0,0.0,0.0,0.0,0.0,0.001851851851851852,0.0008250825082508251,0.0,0.006811263318112634,0.00578386605783866,0.0,0.0,0.0,0.0008250825082508251,0.004132302101400541,0.00011415525114155251,0.0008250825082508251,0.0,0.029859449356401665,0.0,0.0008250825082508251,0.00011415525114155251,0.007070139980537466,0.006494793314947934,0.003019400113527334,0.0025336684802547177,0.0025894027758940276,0.012507166674713884,0.0,0.015221551027005599,0.0347699619220466,0.6138265424901806,10.0
0.0,0.0,0.0,0.0,0.0,0.0,0.0,0.0,0.0,0.0,0.0,0.0,0.0,0.0,0.0,0.000641025641025641,0.0,0.0,0.0023330730183522062,0.00028200789622109416,0.0,0.0,0.0,0.0,0.0,0.0,0.0008771929824561404,0.0,0.01748141286625614,0.0,0.0,0.0,0.02932882120699379,0.0021236921164404844,0.0007820295891361881,0.015537017003689216,0.00014100394811054708,0.03399981422516932,0.0,0.045193230980987174,0.05238764012894146,0.5488920383962207,11.0
0.0,0.0,0.0,0.0,0.0,0.0,0.0007183908045977011,0.0,0.0,0.0,0.0,0.0,0.0,0.0,0.0,0.0,0.0,0.0,0.0,0.0028735632183908046,0.0,0.0,0.0,0.0,0.001024201202151218,0.021327122011938805,0.0052077711818672425,0.0,0.03733343181633517,0.0,0.0,0.0,0.055997858913680414,0.003026468417167563,0.0,0.013299599076158986,0.0028735632183908046,0.009591648005822597,0.005747126436781609,0.03948860423012828,0.04678545470390733,0.5880385300960148,12.0
0.0,0.0,0.0,0.0,0.0,0.0,0.0001827485380116959,0.0,0.0,0.0,0.0,0.0,0.0,0.0,0.0,0.0,0.0,0.0,0.001894703233178732,0.0003423909390334072,0.0,0.0,0.0,0.0,0.0003192848020434227,0.00015964240102171135,0.0,0.0,0.019505360623781675,0.0,0.0,0.00015964240102171135,0.010614119110035625,0.0017936293291262865,0.0001827485380116959,0.00396459299589971,0.0,0.005233082847980894,0.0003192848020434227,0.01666414599717685,0.01720164169721125,0.4214629817444219,13.0
