ies,ghs,sgh,ige,cgs,shs,ish,hsi,sjs,ses,ees,isi,osg,csi,gse,jjs,ggs,gsg,hsg,ssi,sgs,gii,cse,cis,sci,jgs,sse,egs,shh,gsh,esi,sei,sis,csg,iis,isg,igs,scs,ssg,sgg,jss,ssj,sjj,see,ese,gsi,jej,ejj,ocs,osi,his,ihs,hss,gss,ges,sii,css,iss,sos,ess,oss,sss,TimeFactor
0.0,0.0,0.0,0.0,0.0,0.0,0.0,0.0,0.0,0.0,0.0,0.0,0.0,0.0,0.0,0.0,0.0,0.0,0.0,0.0,0.0,0.0,0.0,0.0,0.0,0.0,0.0,0.0,0.0,0.0,0.0,0.0,0.0,0.0,0.0,0.0,0.0,0.0,0.0,0.0,0.0,0.0,0.0,0.008333333333333333,0.008333333333333333,0.008333333333333333,0.013888888888888888,0.013888888888888888,0.013888888888888888,0.013888888888888888,0.013888888888888888,0.013888888888888888,0.013888888888888888,0.013888888888888888,0.020833333333333332,0.022222222222222223,0.022222222222222223,0.03472222222222222,0.041666666666666664,0.049999999999999996,0.09166666666666667,0.33055555555555555,1.0
0.0,0.0,0.0,0.0,0.0,0.0,0.0,0.0,0.0,0.0,0.0,0.0,0.0,0.0,0.0,0.0,0.0,0.0,0.0,0.0,0.0,0.0,0.0,0.0,0.0,0.0,0.0,0.0,0.0,0.0,0.0,0.0,0.0,0.0,0.0,0.0,0.0,0.0,0.013888888888888888,0.013888888888888888,0.020833333333333332,0.020833333333333332,0.020833333333333332,0.0,0.0,0.0,0.0,0.0,0.0,0.0,0.0,0.0,0.0,0.03472222222222222,0.0,0.0,0.0,0.0,0.0,0.0,0.020833333333333332,0.4375,2.0
0.0,0.0,0.0,0.0,0.0,0.0,0.0,0.0,0.0,0.0,0.0,0.0,0.0,0.0,0.0,0.0,0.0,0.0,0.0,0.0,0.0,0.0,0.0,0.0,0.0,0.0,0.0,0.0,0.0,0.0,0.0,0.0,0.0,0.0,0.013888888888888888,0.020833333333333332,0.041666666666666664,0.041666666666666664,0.01875,0.03958333333333333,0.0,0.020833333333333332,0.020833333333333332,0.0,0.0,0.020833333333333332,0.0,0.0,0.0,0.0,0.0,0.008333333333333333,0.008333333333333333,0.049999999999999996,0.0,0.020833333333333332,0.08472222222222221,0.04513888888888889,0.0,0.020833333333333332,0.029166666666666664,0.32708333333333334,3.0
0.0,0.0,0.0,0.0,0.0,0.0,0.0,0.0,0.0,0.0,0.0,0.0,0.0,0.0,0.0,0.0,0.0,0.0,0.0,0.0,0.0,0.0,0.0,0.0,0.0,0.0,0.0,0.004166666666666667,0.008333333333333333,0.008333333333333333,0.010416666666666666,0.020833333333333332,0.020833333333333332,0.03472222222222222,0.0,0.013888888888888888,0.0,0.0,0.052083333333333336,0.10069444444444443,0.0,0.020833333333333332,0.020833333333333332,0.0,0.020833333333333332,0.008333333333333333,0.0,0.0,0.0,0.0,0.0,0.0,0.024999999999999998,0.043750000000000004,0.0,0.01875,0.0,0.06180555555555556,0.0,0.016666666666666666,0.024999999999999998,0.38055555555555554,4.0
0.0,0.0,0.0,0.0,0.0,0.0,0.0,0.0,0.0,0.0,0.0,0.0,0.0,0.0,0.0,0.0,0.0,0.0,0.004629629629629629,0.005208333333333333,0.006944444444444444,0.008333333333333333,0.010416666666666666,0.020833333333333332,0.020833333333333332,0.027777777777777776,0.027777777777777776,0.0,0.0,0.0,0.0,0.0,0.0,0.006944444444444444,0.008333333333333333,0.0,0.0,0.013888888888888888,0.0,0.011574074074074075,0.016666666666666666,0.0,0.0,0.041666666666666664,0.010416666666666666,0.0,0.0,0.0,0.0,0.0,0.005208333333333333,0.0,0.005208333333333333,0.05497685185185185,0.0,0.005208333333333333,0.013888888888888888,0.14282407407407408,0.0,0.018518518518518517,0.046875,0.381712962962963,5.0
0.0,0.0,0.0,0.0,0.0,0.0,0.0,0.0,0.0,0.0,0.0,0.0,0.0,0.0,0.013888888888888888,0.013888888888888888,0.020833333333333332,0.024038461538461536,0.041666666666666664,0.029166666666666664,0.0,0.0,0.0,0.0,0.0,0.0,0.0,0.0,0.0,0.0,0.0,0.0,0.024305555555555552,0.0,0.0,0.0,0.0,0.0,0.0,0.06570512820512821,0.013888888888888888,0.008333333333333333,0.008333333333333333,0.013888888888888888,0.0,0.0032051282051282055,0.0,0.0,0.0,0.010416666666666666,0.010416666666666666,0.0,0.0032051282051282055,0.11546092796092795,0.0,0.03237179487179487,0.03511904761904762,0.05889041514041513,0.010416666666666666,0.0032051282051282055,0.010416666666666666,0.4289377289377289,6.0
0.0,0.0,0.0,0.0,0.0,0.0,0.0,0.0,0.0,0.0,0.0,0.006944444444444444,0.006944444444444444,0.05555555555555555,0.003787878787878788,0.020833333333333332,0.024621212121212124,0.003787878787878788,0.0,0.0,0.003787878787878788,0.0,0.0,0.0,0.0,0.0,0.0,0.013888888888888888,0.0,0.0,0.0,0.0,0.07638888888888888,0.0,0.0,0.0,0.008333333333333333,0.0,0.02601010101010101,0.029166666666666664,0.06628787878787878,0.0,0.0,0.0,0.0,0.013888888888888888,0.0,0.0,0.0,0.0,0.0,0.0,0.0,0.07727272727272727,0.0,0.05555555555555555,0.0,0.13636363636363635,0.0,0.0,0.0,0.28724747474747475,7.0
0.0,0.0,0.0,0.0,0.0,0.0,0.0,0.0,0.0,0.0,0.008333333333333333,0.0,0.0,0.041666666666666664,0.0,0.0,0.0,0.0,0.0,0.01875,0.008333333333333333,0.0,0.0,0.0,0.0,0.0,0.008333333333333333,0.0,0.0,0.0,0.0,0.0,0.008333333333333333,0.0,0.0,0.0,0.0,0.0,0.004629629629629629,0.004629629629629629,0.0,0.0,0.0,0.008333333333333333,0.0,0.0,0.0,0.0,0.0,0.0,0.0,0.0,0.004629629629629629,0.04189814814814815,0.0,0.06041666666666667,0.0,0.008333333333333333,0.0,0.07083333333333333,0.0,0.2858796296296296,8.0
0.0,0.0,0.0,0.0,0.0,0.010416666666666666,0.010416666666666666,0.010416666666666666,0.013888888888888888,0.05555555555555555,0.0,0.0,0.0,0.0,0.0,0.0,0.041666666666666664,0.0,0.0,0.020833333333333332,0.048611111111111105,0.0,0.0,0.0,0.0,0.0,0.0,0.0,0.0,0.0,0.0,0.0,0.0,0.0,0.0,0.0,0.0,0.0,0.03472222222222222,0.03472222222222222,0.013888888888888888,0.0,0.0,0.0,0.0,0.0,0.0,0.0,0.0,0.0,0.0,0.0,0.011805555555555555,0.23194444444444443,0.0,0.010416666666666666,0.0,0.03611111111111111,0.0,0.05902777777777777,0.0,0.2722222222222222,9.0
0.0,0.0,0.0,0.0,0.004629629629629629,0.0,0.0,0.0,0.006944444444444444,0.0,0.0,0.0,0.0,0.0,0.0,0.0,0.0,0.041666666666666664,0.0,0.0,0.0,0.0,0.0,0.0,0.0,0.0,0.0,0.020833333333333332,0.0,0.0,0.0,0.0,0.0,0.0,0.0,0.004629629629629629,0.0,0.0,0.0625,0.1087962962962963,0.006944444444444444,0.0,0.0,0.0,0.0,0.0,0.0,0.0,0.0,0.0,0.0,0.0,0.008333333333333333,0.0949074074074074,0.0,0.0,0.0,0.03009259259259259,0.0,0.004629629629629629,0.0,0.43842592592592594,10.0
0.0,0.0,0.0,0.0,0.0,0.0,0.0,0.0,0.041666666666666664,0.027777777777777776,0.0,0.0,0.0,0.0,0.0,0.0,0.0,0.008333333333333333,0.0,0.027777777777777776,0.015277777777777779,0.0,0.0,0.0,0.0,0.0,0.0,0.0,0.0,0.0,0.0,0.0,0.0,0.0,0.0,0.0,0.008333333333333333,0.0,0.06388888888888888,0.06527777777777778,0.041666666666666664,0.0,0.0,0.0,0.0,0.020833333333333332,0.0,0.0,0.0,0.0,0.0,0.0,0.020833333333333332,0.0625,0.0,0.048611111111111105,0.0,0.04861111111111111,0.0,0.036111111111111115,0.0,0.2125,11.0
0.0,0.0,0.0,0.0,0.0,0.0,0.0,0.0,0.0,0.010416666666666666,0.0,0.0,0.0,0.0,0.0,0.0,0.0,0.0,0.0,0.0,0.010416666666666666,0.0,0.0,0.0,0.0,0.0,0.0,0.0,0.0,0.0,0.0,0.0,0.0,0.0,0.0,0.0,0.010416666666666666,0.0,0.0,0.0,0.041666666666666664,0.041666666666666664,0.041666666666666664,0.0,0.0,0.010416666666666666,0.0,0.0,0.0,0.0,0.0,0.0,0.0,0.041666666666666664,0.0,0.010416666666666666,0.0,0.0,0.0,0.010416666666666666,0.0,0.1875,12.0
0.013888888888888888,0.013888888888888888,0.013888888888888888,0.013888888888888888,0.0,0.0,0.0,0.0,0.0,0.013888888888888888,0.0,0.0,0.0,0.0,0.0,0.0,0.0,0.0,0.0,0.0,0.0,0.0,0.0,0.0,0.0,0.0,0.0,0.0,0.0,0.0,0.0,0.0,0.0,0.0,0.0,0.0,0.0,0.0,0.0,0.0,0.0,0.0,0.0,0.0,0.0,0.013888888888888888,0.0,0.0,0.0,0.0,0.0,0.0,0.0,0.0,0.013888888888888888,0.013888888888888888,0.0,0.0,0.0,0.027777777777777776,0.0,0.027777777777777776,13.0
