iie,ees,ssh,shs,sjg,ges,jgg,jsj,ige,cis,egg,eis,ese,sge,gee,sie,iee,ssi,ogs,chs,gig,gii,ggs,sgi,sec,ecs,gse,ssg,seg,ggg,isg,gis,ihs,eee,hsh,hih,esi,ise,cse,ses,cig,igs,sse,isi,iis,cgs,see,ess,jss,hss,iii,ehh,seh,hse,sii,gge,geg,egs,gsg,sgg,gsi,csi,sgs,sis,css,oss,iss,gss,sss,TimeFactor
0.0,0.0,0.0,0.0,0.0,0.0,0.0,0.0,0.0,0.0,0.0,0.0,0.0,0.0,0.0,0.0,0.0,0.0,0.0,0.0,0.0,0.0,0.0,0.0,0.0,0.0,0.0,0.0,0.0,0.0,0.0,0.0,0.0,0.0,0.0,0.0,0.0,0.0,0.0,0.0,0.0,0.0,0.0,0.0,0.0,0.0,0.0,0.0,0.0,0.0,0.0,0.0,0.0,0.0,0.0,0.005555555555555556,0.005555555555555556,0.005555555555555556,0.005555555555555556,0.005555555555555556,0.005555555555555556,0.009259259259259259,0.009259259259259259,0.009259259259259259,0.018518518518518517,0.027777777777777776,0.0462962962962963,0.06944444444444443,0.6101851851851853,1.0
0.0,0.0,0.0,0.0,0.0,0.0,0.0,0.0,0.0,0.0,0.0,0.0,0.0,0.0,0.0,0.0,0.0,0.0,0.0,0.0,0.0,0.0,0.0,0.0,0.0,0.0,0.0,0.0,0.0,0.0,0.0,0.0,0.0,0.0,0.0,0.0,0.0,0.0,0.0,0.0,0.0,0.0,0.0,0.0,0.0,0.0,0.0,0.0,0.005555555555555556,0.005555555555555556,0.013888888888888888,0.013888888888888888,0.013888888888888888,0.013888888888888888,0.013888888888888888,0.0,0.0,0.0,0.0,0.0,0.013888888888888888,0.0,0.0,0.006944444444444444,0.005555555555555556,0.027777777777777776,0.012037037037037035,0.005555555555555556,0.7643518518518518,2.0
0.0,0.0,0.0,0.0,0.0,0.0,0.0,0.0,0.0,0.0,0.0,0.0,0.0,0.0,0.0,0.0,0.0,0.0,0.0,0.0,0.0,0.0,0.0,0.0,0.0,0.0,0.0,0.0,0.0,0.0,0.0,0.0,0.0023148148148148147,0.0023148148148148147,0.0023148148148148147,0.0023148148148148147,0.0023148148148148147,0.0023148148148148147,0.0023148148148148147,0.0023148148148148147,0.0025252525252525255,0.005050505050505051,0.006944444444444444,0.006944444444444444,0.006944444444444444,0.009259259259259259,0.009259259259259259,0.009259259259259259,0.009259259259259259,0.013888888888888888,0.0,0.0,0.0,0.0,0.00946969696969697,0.0,0.0,0.0,0.0,0.0,0.0025252525252525255,0.0,0.0013227513227513227,0.006944444444444444,0.008267195767195767,0.0,0.018518518518518517,0.04803992303992303,0.557058682058682,3.0
0.0,0.0,0.0,0.0,0.0,0.0,0.0,0.0,0.0,0.0,0.0,0.0,0.0,0.0,0.0,0.0,0.0,0.0,0.0,0.0,0.0,0.0,0.0030864197530864196,0.003472222222222222,0.003968253968253968,0.003968253968253968,0.009259259259259259,0.009259259259259259,0.009259259259259259,0.009259259259259259,0.009259259259259259,0.01273148148148148,0.0,0.0,0.0,0.0,0.0,0.0,0.0,0.0,0.0,0.0030864197530864196,0.0,0.0,0.003472222222222222,0.0,0.0,0.003472222222222222,0.016975308641975308,0.0030864197530864196,0.0,0.0,0.0,0.0,0.0,0.0,0.0,0.009259259259259259,0.009259259259259259,0.018518518518518517,0.0,0.0,0.009259259259259259,0.0,0.007936507936507936,0.027777777777777776,0.02105379188712522,0.022762345679012346,0.5205577601410936,4.0
0.0,0.0,0.0,0.0,0.0,0.0,0.0,0.0,0.0,0.0,0.0,0.0,0.0,0.0,0.0,0.0,0.0,0.0,0.0,0.0021367521367521365,0.002777777777777778,0.002777777777777778,0.0,0.002777777777777778,0.0,0.0,0.0,0.0,0.0021367521367521365,0.006105006105006104,0.01166056166056166,0.0,0.0,0.0,0.0,0.0,0.0,0.0,0.0021367521367521365,0.0021367521367521365,0.0,0.002777777777777778,0.0,0.0,0.0,0.0,0.0,0.0021367521367521365,0.0,0.0,0.0,0.0,0.0,0.0021367521367521365,0.0,0.0,0.0,0.0,0.0021367521367521365,0.006105006105006104,0.0,0.0,0.004914529914529914,0.0,0.015008140008140007,0.006105006105006104,0.012851037851037849,0.02547822547822548,0.38570411070411065,5.0
0.0,0.0,0.0,0.0,0.0,0.0,0.0,0.0,0.0,0.0,0.0,0.0,0.0,0.0,0.0,0.0,0.0,0.020833333333333332,0.027777777777777776,0.0,0.0,0.0,0.005555555555555556,0.0,0.0,0.0,0.0,0.004629629629629629,0.0,0.0,0.0,0.0,0.0,0.0,0.0,0.0,0.0,0.0,0.0,0.0,0.0,0.0,0.0,0.0,0.0,0.0,0.0,0.0,0.0,0.0,0.0,0.0,0.0,0.0,0.013888888888888888,0.0,0.0,0.0,0.005555555555555556,0.004629629629629629,0.0,0.0,0.011111111111111112,0.006944444444444444,0.017746913580246913,0.011574074074074075,0.02700617283950617,0.07962962962962962,0.679783950617284,6.0
0.0,0.0,0.0,0.0,0.0,0.0,0.0,0.0,0.0,0.0,0.0021367521367521365,0.0021367521367521365,0.004629629629629629,0.004629629629629629,0.004629629629629629,0.005555555555555556,0.005555555555555556,0.004629629629629629,0.0,0.0,0.0,0.0,0.001984126984126984,0.0,0.0,0.0,0.0,0.021296296296296296,0.0021367521367521365,0.0,0.03333333333333333,0.002777777777777778,0.0,0.0,0.0,0.0,0.004629629629629629,0.007692307692307693,0.0,0.004629629629629629,0.0,0.0,0.0021367521367521365,0.005555555555555556,0.005555555555555556,0.0,0.007692307692307693,0.006410256410256411,0.0,0.002777777777777778,0.0,0.0,0.0,0.0,0.004629629629629629,0.0,0.0,0.0021367521367521365,0.004629629629629629,0.005555555555555556,0.0,0.0,0.05462962962962963,0.019444444444444445,0.013665038665038662,0.00753968253968254,0.05543854293854294,0.058419820919820925,0.6314000814000813,7.0
0.0,0.0,0.002777777777777778,0.002777777777777778,0.0030864197530864196,0.0030864197530864196,0.0030864197530864196,0.0030864197530864196,0.0030864197530864196,0.009259259259259259,0.0,0.0,0.0,0.0,0.0,0.0,0.0,0.0,0.0,0.0,0.0,0.0,0.0,0.0,0.0,0.0,0.0,0.005555555555555556,0.0,0.002777777777777778,0.0,0.0,0.0,0.0,0.0,0.0,0.0,0.0,0.0,0.0,0.0,0.0023148148148148147,0.0,0.009259259259259259,0.0,0.0,0.0,0.0030864197530864196,0.013888888888888888,0.002777777777777778,0.0,0.0,0.0,0.0,0.009259259259259259,0.0,0.0,0.0,0.0,0.002777777777777778,0.0,0.0,0.002777777777777778,0.0,0.002777777777777778,0.016975308641975308,0.004720406681190995,0.04277414669571531,0.6813634713144517,8.0
0.027777777777777776,0.027777777777777776,0.0,0.0,0.0,0.0,0.0,0.0,0.0,0.0,0.0,0.0,0.0,0.0,0.0,0.0,0.027777777777777776,0.0,0.0,0.0,0.0,0.0,0.0,0.0,0.0,0.0,0.0,0.008101851851851851,0.0,0.0,0.0,0.0,0.0,0.0,0.0,0.0,0.0,0.0,0.0,0.0,0.0,0.0,0.0,0.0,0.0030864197530864196,0.0,0.0,0.0,0.009259259259259259,0.013888888888888888,0.0,0.0,0.0,0.0,0.0030864197530864196,0.0,0.0,0.0030864197530864196,0.0,0.0,0.0030864197530864196,0.0,0.011574074074074075,0.0,0.026234567901234563,0.013888888888888888,0.010802469135802469,0.05439814814814814,0.5895061728395061,9.0
0.0,0.0,0.0,0.0,0.0,0.0,0.0,0.0,0.0,0.0,0.0,0.0,0.0,0.0,0.0,0.0,0.0,0.0025252525252525255,0.0,0.0,0.0,0.0,0.0,0.0,0.0,0.0,0.0,0.0025252525252525255,0.0,0.0,0.0,0.0,0.0,0.0,0.0,0.0,0.0,0.0,0.0,0.0,0.0,0.0,0.0,0.0,0.0,0.0,0.0,0.004629629629629629,0.006944444444444444,0.008406432748538011,0.0,0.0,0.0,0.0,0.0025252525252525255,0.0,0.0,0.0,0.0,0.0,0.0,0.0,0.0025252525252525255,0.0,0.028597377281587805,0.004629629629629629,0.015467171717171718,0.04066748310169362,0.7972234880129617,10.0
0.0,0.0,0.0,0.0,0.0,0.0,0.0,0.0,0.0,0.0,0.0,0.0,0.0,0.0,0.0,0.0,0.0,0.0,0.0,0.0,0.0,0.0,0.0,0.0,0.0,0.0,0.0,0.0025252525252525255,0.0,0.0,0.0,0.0,0.0,0.0,0.0,0.0,0.0,0.0,0.0,0.0,0.0,0.0025252525252525255,0.0,0.0,0.0,0.0,0.0,0.0,0.006944444444444444,0.0,0.0,0.0,0.0,0.0,0.0,0.0,0.0,0.0,0.0,0.0,0.0,0.0,0.030303030303030304,0.0,0.027777777777777776,0.0,0.003472222222222222,0.07702020202020202,0.6827651515151515,11.0
0.0,0.0,0.0,0.0,0.0,0.0,0.0,0.0,0.0,0.0,0.0,0.0,0.0,0.0,0.0,0.0,0.0,0.003968253968253968,0.0,0.0,0.0,0.0,0.0,0.0,0.0,0.0,0.0,0.003472222222222222,0.0,0.0,0.0,0.0,0.0,0.0,0.0,0.0,0.0,0.0,0.0,0.0,0.0,0.0,0.0,0.0,0.0,0.0,0.0,0.0,0.041666666666666664,0.0,0.0,0.0,0.0,0.0,0.003968253968253968,0.0,0.0,0.0,0.0,0.0,0.0,0.0,0.007440476190476189,0.0,0.017857142857142856,0.0,0.0,0.014880952380952378,0.4067460317460317,12.0
0.0,0.0,0.0,0.0,0.0,0.0,0.0,0.0,0.0,0.0,0.0,0.0,0.0,0.0,0.0,0.0,0.0,0.0,0.0,0.0,0.0,0.0,0.0,0.0,0.0,0.0,0.0,0.012037037037037035,0.0,0.0,0.0,0.0,0.0,0.0,0.0,0.0,0.0,0.0,0.0,0.0,0.0,0.0,0.0,0.0,0.0,0.0,0.0,0.002777777777777778,0.0,0.0,0.0,0.0,0.0,0.0,0.0,0.0,0.0,0.0,0.0,0.002777777777777778,0.0,0.0,0.009259259259259259,0.0,0.020833333333333332,0.0,0.0,0.009259259259259259,0.4430555555555556,13.0
