ge,ei,ie,sc,hc,oo,eh,ec,hi,ee,gc,cg,oi,oc,ig,ch,oe,eo,ce,ii,hg,co,og,so,cc,sj,gi,sh,ic,ci,si,io,eg,sg,se,gg,os,hs,js,es,is,cs,gs,ss,TimeFactor
0.0,0.0,0.0,0.0,0.0,0.0,0.0,0.0,0.0,0.0,0.0,0.0,0.0,0.0,0.0,0.0,0.0,0.0,0.0,0.0,0.0,0.0,0.0,0.0,0.0,0.0,0.0,0.0013440860215053762,0.0024509803921568627,0.0024509803921568627,0.0026041666666666665,0.0032051282051282055,0.004166666666666667,0.009421009098428454,0.010416666666666666,0.010416666666666666,0.022061104218362285,0.02504600909842845,0.028012562034739452,0.028813844086021504,0.07537746922590376,0.07560010501305568,0.09130585660649704,0.6073066989409494,1.0
0.0,0.0,0.0,0.0,0.0,0.0,0.0,0.0,0.0,0.0,0.0,0.0,0.0,0.0,0.0,0.0,0.0,0.0,0.0,0.0,0.0,0.0012626262626262627,0.001388888888888889,0.001388888888888889,0.0038667929292929295,0.004166666666666667,0.020833333333333332,0.010416666666666666,0.0,0.0026041666666666665,0.0,0.001388888888888889,0.0,0.0012626262626262627,0.0012626262626262627,0.020833333333333332,0.00719818376068376,0.0023148148148148147,0.015507640507640507,0.007215007215007215,0.08189894596144597,0.01807619463869464,0.07829115329115328,0.7188225547600547,2.0
0.0,0.0,0.0,0.0,0.0,0.0,0.0,0.0,0.0,0.0,0.0,0.0,0.0,0.0,0.0,0.001893939393939394,0.004166666666666667,0.006944444444444444,0.006944444444444444,0.007575757575757576,0.020833333333333332,0.0,0.0,0.0,0.0,0.008838383838383838,0.022727272727272724,0.0,0.0,0.0,0.003382034632034632,0.0,0.0,0.0024509803921568627,0.0,0.006944444444444444,0.013183303624480095,0.013689435564435566,0.01769827394827395,0.023711664152840622,0.027110654868007806,0.008107088989441931,0.05247283353901001,0.6679917100872984,3.0
0.0,0.0,0.0,0.0,0.0,0.0,0.0,0.0,0.0,0.0,0.000992063492063492,0.0020833333333333333,0.002976190476190476,0.002976190476190476,0.017590048840048843,0.0,0.000992063492063492,0.0,0.000992063492063492,0.0026041666666666665,0.0,0.0,0.0,0.0,0.0,0.0,0.0014367816091954023,0.0,0.0,0.002976190476190476,0.05325302092543472,0.0026041666666666665,0.0,0.012815656565656567,0.002976190476190476,0.013290229885057472,0.011720965815793403,0.004512178434592228,0.009386446886446886,0.028037067099567103,0.1298566974213526,0.02654171140162519,0.0890777565346531,0.5803088195329574,4.0
0.0,0.0,0.0,0.0,0.0,0.0,0.0016025641025641027,0.0016025641025641027,0.003917378917378918,0.005390442890442891,0.0,0.0,0.0,0.0,0.0,0.003787878787878788,0.0,0.0,0.0016025641025641027,0.0,0.0,0.0,0.0,0.0,0.0,0.020833333333333332,0.0,0.006102693602693603,0.0,0.0,0.004166666666666667,0.0,0.0,0.005643027820447175,0.002946650124069479,0.0,0.006801835317460318,0.020405712026175735,0.011562339989759344,0.036951190983449046,0.08278030400006206,0.0667386055364886,0.09080965377588363,0.6263545939201182,5.0
0.0,0.0,0.0,0.001893939393939394,0.004629629629629629,0.004629629629629629,0.0,0.005208333333333333,0.0,0.0025252525252525255,0.0,0.0,0.0,0.0,0.001488095238095238,0.004629629629629629,0.0012626262626262627,0.0,0.005208333333333333,0.003787878787878788,0.0,0.0,0.0,0.0,0.0,0.0,0.005208333333333333,0.006944444444444444,0.0,0.0,0.0061177248677248665,0.0,0.0,0.010227272727272729,0.0,0.003787878787878788,0.013498075998075997,0.010732323232323232,0.006764069264069264,0.00968013468013468,0.07103554805760688,0.05947959992077639,0.08191004937328468,0.679351197549727,6.0
0.0018115942028985507,0.005208333333333333,0.009837962962962963,0.0,0.0,0.016339869281045753,0.0,0.0,0.0,0.001488095238095238,0.0,0.0,0.0,0.0,0.0018115942028985507,0.0,0.0,0.0,0.001488095238095238,0.0,0.0,0.013888888888888888,0.0,0.0024509803921568627,0.0,0.0,0.0,0.004166666666666667,0.0,0.0,0.002777777777777778,0.0024509803921568627,0.004166666666666667,0.023359796817277637,0.002777777777777778,0.001488095238095238,0.025177015250544662,0.001488095238095238,0.005208333333333333,0.04272702438463308,0.04195709684840119,0.1147745571658615,0.06970298989160882,0.6034517128107283,7.0
0.0,0.0,0.0,0.010416666666666666,0.0,0.0,0.0,0.0,0.0,0.0,0.0,0.0,0.0,0.0,0.0,0.0,0.0,0.0,0.0,0.0,0.0,0.0,0.0,0.0,0.0,0.0,0.0,0.0,0.0,0.0,0.0021929824561403508,0.0,0.0,0.0,0.0,0.0,0.013020833333333334,0.0,0.0,0.06469298245614034,0.02261513157894737,0.0200109649122807,0.056926169590643276,0.8101242690058479,8.0
0.0024509803921568627,0.0,0.0,0.0,0.0,0.0024509803921568627,0.0,0.0,0.0,0.0,0.0,0.0,0.0,0.0,0.0,0.0,0.0,0.0,0.0,0.0,0.0,0.0,0.0024509803921568627,0.0,0.0,0.0,0.0,0.0,0.0,0.0,0.01286764705882353,0.005952380952380952,0.0024509803921568627,0.006944444444444444,0.0,0.0,0.033234126984126984,0.0,0.0,0.007878151260504201,0.01882002801120448,0.04656862745098039,0.020833333333333332,0.8370973389355743,9.0
0.0,0.0,0.0,0.006944444444444444,0.0,0.0,0.0,0.0,0.006944444444444444,0.0,0.0,0.006944444444444444,0.0,0.0,0.0,0.0,0.008333333333333333,0.0,0.0,0.0,0.0,0.0,0.0,0.0,0.005208333333333333,0.0,0.0,0.006944444444444444,0.0,0.0,0.0,0.0,0.008333333333333333,0.03472222222222222,0.0,0.0,0.012152777777777776,0.0,0.0,0.005208333333333333,0.005208333333333333,0.026041666666666668,0.006944444444444444,0.44340277777777776,10.0
0.0,0.0,0.0,0.0,0.0,0.027777777777777776,0.0,0.0,0.0,0.0,0.0,0.0,0.0,0.0,0.010416666666666666,0.0,0.0,0.0,0.0,0.010416666666666666,0.0,0.0,0.0,0.0,0.0,0.0,0.0,0.0,0.0,0.0,0.010416666666666666,0.0,0.0,0.0,0.0,0.0,0.027777777777777776,0.0,0.010416666666666666,0.0,0.041666666666666664,0.008333333333333333,0.032638888888888884,0.48680555555555555,11.0
0.0,0.0,0.0,0.0,0.0,0.0,0.0,0.0,0.0,0.0,0.0,0.0,0.0,0.0,0.0,0.0,0.0,0.0,0.0,0.0,0.0,0.0,0.0,0.0,0.0,0.0,0.0,0.0,0.0,0.0,0.0,0.0,0.0,0.0,0.0,0.0,0.0,0.0,0.0,0.0,0.0,0.041666666666666664,0.017857142857142856,0.19047619047619047,12.0
0.0,0.0,0.0,0.0,0.0,0.0,0.0,0.0,0.0,0.0,0.0,0.0,0.0,0.0,0.0,0.0,0.0,0.0,0.0,0.0,0.0,0.0,0.0,0.0,0.0,0.0,0.0,0.0,0.0,0.0,0.0,0.0,0.0,0.0,0.0,0.016666666666666666,0.005208333333333333,0.0,0.0,0.008333333333333333,0.016666666666666666,0.005208333333333333,0.010416666666666666,0.1875,13.0
