ij,ic,ce,io,gh,ch,ej,go,he,hi,gj,ei,hg,ge,ih,ee,og,cc,jc,jg,oe,ji,eo,cg,gc,cs,se,eh,jh,ci,js,hj,sj,sc,ie,sh,so,ig,eg,oi,hs,ii,si,gi,oc,gg,os,es,is,sg,gs,ss,TimeFactor
0.0,0.0,0.0,0.0,0.0,0.0,0.0,0.0,0.0,0.0,0.0,0.0,0.0,0.0,0.0,0.0,0.0,0.0,0.0,0.0,0.0,0.0,0.0,0.0,0.0,0.0023148148148148147,0.0023148148148148147,0.0030864197530864196,0.0030864197530864196,0.0030864197530864196,0.0030864197530864196,0.0030864197530864196,0.0030864197530864196,0.0030864197530864196,0.0030864197530864196,0.005401234567901234,0.006172839506172839,0.006172839506172839,0.006410256410256411,0.006944444444444444,0.007716049382716049,0.008294753086419753,0.008294753086419753,0.008487654320987654,0.016666666666666666,0.019868827160493825,0.025925925925925925,0.048611111111111105,0.08557225953059287,0.10698387260887261,0.2656873219373219,0.3374682030932031,1.0
0.0,0.0,0.0,0.0,0.0,0.0,0.0,0.0,0.0,0.0,0.0,0.0,0.0,0.0,0.0,0.0,0.0,0.0024509803921568627,0.0024509803921568627,0.0024509803921568627,0.0024509803921568627,0.0024509803921568627,0.0043859649122807015,0.005555555555555556,0.00949667616334283,0.0,0.02845479683714978,0.0,0.0,0.0,0.0,0.0,0.0,0.0030864197530864196,0.011339869281045752,0.008689839572192513,0.003787878787878788,0.028006535947712418,0.014398636947656557,0.0,0.0030864197530864196,0.013870733478576617,0.05016454768905749,0.02221593765711413,0.005555555555555556,0.04705964877533505,0.009343434343434343,0.04889303917425692,0.07897092702046263,0.12867606899082648,0.1932705408053705,0.26943607103823825,2.0
0.0,0.0,0.0,0.0,0.0,0.0,0.0,0.0,0.0,0.0,0.0,0.005208333333333333,0.006944444444444444,0.006944444444444444,0.007575757575757576,0.007575757575757576,0.007575757575757576,0.0,0.0,0.0,0.0,0.011904761904761904,0.0,0.005208333333333333,0.004629629629629629,0.006944444444444444,0.03087923699625827,0.0,0.0,0.0,0.0,0.0,0.0064026792750197,0.005208333333333333,0.0,0.0,0.0,0.07076655613889656,0.02840909090909091,0.0,0.017532113276794128,0.011121856866537718,0.03575000649468734,0.016924564796905222,0.0017730496453900709,0.12009107421341464,0.011574074074074075,0.05434857695495993,0.09957649718288016,0.0958425070792092,0.10402459538097836,0.21926352311990613,3.0
0.0,0.0,0.0,0.0,0.0,0.0,0.006410256410256411,0.008333333333333333,0.008333333333333333,0.010026737967914439,0.010648148148148148,0.006410256410256411,0.010416666666666666,0.010416666666666666,0.0,0.0,0.0,0.0,0.0,0.0,0.006410256410256411,0.0,0.0,0.010416666666666666,0.0,0.0,0.05566077441077441,0.0,0.0,0.0,0.0024509803921568627,0.008333333333333333,0.0,0.0023148148148148147,0.02023809523809524,0.004901960784313725,0.008725071225071225,0.05546802054154995,0.007575757575757576,0.0,0.01667055711173358,0.0,0.03604377648495295,0.049778108601638005,0.0,0.01421957671957672,0.01875,0.10034059078176726,0.0669086224233283,0.10364055878761762,0.1702584724643548,0.1698986062956651,4.0
0.0,0.0,0.0,0.0,0.0,0.005952380952380952,0.0,0.0,0.008333333333333333,0.0,0.0,0.016666666666666666,0.011904761904761904,0.015432098765432098,0.0,0.0,0.010416666666666666,0.0,0.0030864197530864196,0.008333333333333333,0.0,0.0,0.0,0.002976190476190476,0.0,0.021836419753086422,0.03078788495455162,0.0,0.0,0.0,0.0,0.0,0.0030864197530864196,0.002976190476190476,0.0,0.0,0.005952380952380952,0.024240265906932578,0.011309523809523811,0.0,0.042074514991181665,0.002976190476190476,0.08512583095916428,0.019642857142857142,0.0,0.0949074074074074,0.0030864197530864196,0.12276234567901233,0.09935558268891602,0.06819376611043278,0.178505291005291,0.10007885632885632,5.0
0.0,0.0,0.0,0.005952380952380952,0.014204545454545456,0.0,0.0,0.0,0.0,0.0,0.0020833333333333333,0.0,0.0,0.004166666666666667,0.0,0.005952380952380952,0.0,0.0,0.0,0.003787878787878788,0.0,0.013888888888888888,0.007575757575757576,0.0,0.0,0.003787878787878788,0.025351731601731597,0.0,0.0,0.0,0.0,0.0,0.0,0.011904761904761904,0.013888888888888888,0.005952380952380952,0.0,0.04672619047619048,0.038014069264069264,0.0,0.012121212121212121,0.007575757575757576,0.12129329004329004,0.004166666666666667,0.0,0.07674062049062048,0.0,0.07012987012987013,0.10753066378066378,0.14481421356421356,0.09029581529581528,0.07876082251082252,6.0
0.0,0.0,0.009259259259259259,0.0,0.0,0.0,0.0,0.0,0.0,0.0,0.0,0.003787878787878788,0.016835016835016835,0.0068742985409652076,0.0,0.003787878787878788,0.0,0.0,0.0,0.0,0.0,0.0,0.0,0.0,0.0,0.0,0.03604096520763187,0.0,0.0,0.0,0.0,0.0,0.0,0.0030864197530864196,0.003787878787878788,0.007575757575757576,0.0,0.05785634118967451,0.007575757575757576,0.0,0.03350970017636684,0.010662177328843996,0.08389450056116722,0.01829405162738496,0.0,0.058838383838383836,0.009259259259259259,0.05953984287317621,0.14484728234728234,0.0813351771685105,0.17646705146705147,0.16688512105178774,7.0
0.0,0.0036231884057971015,0.0,0.0,0.006944444444444444,0.0,0.0,0.0,0.0,0.0,0.0,0.032789855072463764,0.016666666666666666,0.0,0.0,0.0,0.0,0.0,0.0,0.0,0.0,0.0,0.0,0.0036231884057971015,0.0,0.020833333333333332,0.013888888888888888,0.0,0.0,0.0,0.0,0.0,0.02028985507246377,0.0,0.0,0.0,0.02013888888888889,0.056488801054018455,0.016666666666666666,0.0,0.007246376811594203,0.0,0.056969148001756696,0.0,0.0,0.04731005709266579,0.007575757575757576,0.09830643390425998,0.16590203274985885,0.12267512077294686,0.18878262438045046,0.09327867181128051,8.0
0.005555555555555556,0.0,0.0,0.0,0.0,0.0,0.0,0.0,0.0,0.0,0.0,0.0,0.013986013986013986,0.0,0.0,0.0,0.0,0.0,0.0,0.005952380952380952,0.0,0.0,0.0,0.0,0.0,0.006410256410256411,0.03266178266178266,0.0,0.0,0.0,0.0,0.0,0.005208333333333333,0.0,0.005952380952380952,0.0,0.0,0.09615384615384615,0.01597222222222222,0.0,0.07077020202020202,0.005952380952380952,0.010582010582010581,0.016595441595441594,0.0,0.11102843915343914,0.010185185185185184,0.09054325304325304,0.15849543974543975,0.12735690235690236,0.08700396825396824,0.12363400488400487,9.0
0.0,0.0,0.0,0.0,0.0,0.0,0.0,0.0,0.0,0.009259259259259259,0.0,0.0,0.007575757575757576,0.0,0.0,0.0,0.0,0.0,0.0,0.0,0.0,0.0,0.0,0.027777777777777776,0.0,0.027777777777777776,0.011198945981554678,0.0,0.0,0.0,0.0,0.0,0.0,0.0036231884057971015,0.0,0.01288244766505636,0.007575757575757576,0.007575757575757576,0.030679465462074156,0.0,0.016835016835016835,0.03140096618357488,0.023464458247066944,0.01288244766505636,0.0,0.10137451115711986,0.0036231884057971015,0.1054055043185478,0.1961833657485831,0.04229928686450426,0.11183888575192923,0.12543290043290042,10.0
0.0,0.0,0.0,0.0,0.005952380952380952,0.0,0.0,0.0,0.0,0.0,0.0,0.0,0.008333333333333333,0.008333333333333333,0.0,0.0,0.0,0.0,0.0,0.0,0.0,0.0,0.0,0.0,0.0,0.010416666666666666,0.017460317460317457,0.0,0.0,0.0,0.0,0.0,0.005555555555555556,0.0,0.014285714285714285,0.005555555555555556,0.0,0.08943452380952381,0.011160714285714286,0.0,0.045138888888888895,0.008333333333333333,0.046031746031746035,0.011507936507936509,0.0,0.0427579365079365,0.010416666666666666,0.12817460317460316,0.21354166666666666,0.033035714285714286,0.16240079365079366,0.12217261904761904,11.0
0.0,0.0,0.0,0.0,0.0,0.0,0.0,0.0,0.008333333333333333,0.0,0.0,0.0,0.0,0.0,0.0,0.008333333333333333,0.0,0.0,0.0,0.0,0.0,0.0,0.0,0.0,0.0,0.027777777777777776,0.032679738562091505,0.0,0.0,0.0,0.011904761904761904,0.0,0.0,0.0,0.0,0.004901960784313725,0.0,0.015277777777777779,0.0,0.0,0.008333333333333333,0.022222222222222223,0.046708683473389356,0.0,0.0,0.057449494949494945,0.0,0.10388761565232153,0.2599662592309651,0.03412804515745692,0.2540552584670232,0.10404040404040404,12.0
0.0,0.0,0.0,0.0,0.0,0.0,0.011904761904761904,0.0,0.0,0.0,0.0,0.005555555555555556,0.011904761904761904,0.013888888888888888,0.0,0.0,0.0,0.0,0.0,0.013888888888888888,0.011111111111111112,0.0,0.0,0.0,0.0,0.01597222222222222,0.02936507936507936,0.0,0.0,0.0,0.0,0.0,0.0,0.005555555555555556,0.0,0.0,0.0,0.029861111111111113,0.03819444444444444,0.0,0.03630744255744255,0.017460317460317457,0.052083333333333336,0.0,0.0,0.0905122655122655,0.041666666666666664,0.1488095238095238,0.14244089244089245,0.01948051948051948,0.1597520535020535,0.10428460428460429,13.0
