ji,cj,ih,ho,gc,ic,oc,jc,gj,eh,ej,je,ij,co,jg,oo,cg,hi,ie,ei,ee,gh,ci,ce,oi,ec,og,ge,io,sj,sh,jo,oj,go,oe,so,si,se,sc,gg,es,eo,eg,sg,gi,hg,ii,ig,js,cs,os,hs,is,gs,ss,TimeFactor
0.0,0.0,0.0,0.0,0.0,0.0,0.0,0.0,0.0,0.0,0.0,0.0,0.0,0.0,0.0,0.0,0.0,0.0,0.0,0.0,0.0,0.0,0.0,0.0,0.0,0.0,0.0,0.0,0.0,0.0,0.0,0.0,0.0,0.0,0.0,0.0,0.0,0.0,0.0,0.0,0.0,0.004166666666666667,0.005952380952380952,0.005952380952380952,0.010582010582010581,0.010582010582010581,0.013888888888888888,0.013888888888888888,0.014285714285714285,0.014285714285714285,0.02023809523809524,0.024305555555555552,0.03753306878306878,0.10152116402116403,0.639484126984127,1.0
0.0,0.0,0.0,0.0,0.0,0.0,0.0,0.0,0.0,0.0,0.0,0.0,0.0,0.0,0.0,0.0,0.0,0.0,0.0,0.0,0.0,0.0,0.0,0.0,0.0,0.0,0.0,0.0,0.0,0.0,0.001736111111111111,0.002777777777777778,0.002777777777777778,0.002777777777777778,0.0035477053140096615,0.004513888888888889,0.00522875816993464,0.005952380952380952,0.009541847041847042,0.009593837535014004,0.02484400161030596,0.0,0.0,0.028112356053532527,0.0,0.002976190476190476,0.0018115942028985507,0.01340609311357393,0.005952380952380952,0.0226629650542694,0.014551767676767677,0.002777777777777778,0.07801243081773773,0.0721143046590617,0.6009969419256503,2.0
0.0,0.0,0.0,0.0,0.0,0.0,0.0,0.0,0.0,0.0,0.0,0.0,0.0,0.0,0.0,0.0,0.0,0.0014367816091954023,0.0014367816091954023,0.0014367816091954023,0.0024509803921568627,0.0024509803921568627,0.002777777777777778,0.002777777777777778,0.002777777777777778,0.002777777777777778,0.006944444444444444,0.009539102997520846,0.013888888888888888,0.016865079365079364,0.0,0.0,0.0,0.0,0.0,0.006944444444444444,0.029740239007480383,0.028800226987346664,0.007543572984749455,0.022931490603904398,0.020962925400045074,0.009722222222222222,0.0067613252197430695,0.03070701460660893,0.0,0.0024509803921568627,0.002976190476190476,0.012180715197956576,0.016203703703703703,0.01797506358865385,0.02818627450980392,0.01685823754789272,0.03266900629983794,0.10019593086276657,0.45529617019221486,3.0
0.0,0.0,0.0,0.0,0.0,0.0,0.0,0.0,0.0,0.0020833333333333333,0.0020833333333333333,0.0020833333333333333,0.0032051282051282055,0.003787878787878788,0.003787878787878788,0.003787878787878788,0.004629629629629629,0.0,0.0,0.002976190476190476,0.0,0.0032051282051282055,0.0,0.0,0.0,0.0020833333333333333,0.0,0.012962962962962963,0.003787878787878788,0.0,0.0,0.0,0.0,0.0,0.0020833333333333333,0.0,0.05636470011470011,0.007605820105820105,0.0,0.022963726088726086,0.025793650793650796,0.0020833333333333333,0.043750000000000004,0.042390595515595514,0.012894281644281644,0.0032051282051282055,0.005871212121212122,0.013708513708513706,0.005288461538461538,0.057638888888888885,0.00936823593073593,0.004629629629629629,0.0653676763051763,0.11053391053391054,0.4579950142450142,4.0
0.0,0.0,0.0,0.0,0.0,0.0,0.0,0.0015432098765432098,0.010416666666666666,0.0,0.0,0.0,0.0,0.0,0.0024509803921568627,0.006172839506172839,0.004629629629629629,0.0,0.0015432098765432098,0.0,0.0015432098765432098,0.0,0.0,0.006558641975308641,0.013888888888888888,0.0,0.0015432098765432098,0.004519400352733686,0.0,0.0,0.0,0.0,0.0,0.007080610021786493,0.0,0.013888888888888888,0.007834757834757835,0.002976190476190476,0.0,0.020013471912981716,0.05712145969498911,0.0,0.004519400352733686,0.04911400101351082,0.012511022927689594,0.004629629629629629,0.0,0.0030864197530864196,0.0,0.0244417211328976,0.021412037037037035,0.008101851851851851,0.045886053851740126,0.07294933642972858,0.5062899269394368,5.0
0.0,0.0,0.0,0.0,0.0,0.002777777777777778,0.005952380952380952,0.0,0.0,0.0,0.0,0.0,0.0,0.0,0.0,0.005952380952380952,0.0,0.0026041666666666665,0.0,0.0,0.002777777777777778,0.008730158730158729,0.004629629629629629,0.0,0.0,0.0,0.0,0.0,0.004629629629629629,0.004629629629629629,0.0,0.0,0.0,0.0,0.0,0.0,0.025462962962962965,0.01556712962962963,0.0,0.012152777777777776,0.03164173789173789,0.0,0.002777777777777778,0.03384653540903541,0.014112103174603175,0.0,0.005952380952380952,0.00876068376068376,0.004629629629629629,0.008556547619047618,0.005952380952380952,0.015963955026455024,0.04192040598290598,0.06600910663410663,0.5806770197395197,6.0
0.0,0.0,0.001736111111111111,0.0026041666666666665,0.003472222222222222,0.0,0.0,0.0,0.0018115942028985507,0.0,0.0,0.0,0.0,0.0018115942028985507,0.0,0.0,0.0,0.0,0.0,0.0,0.0,0.0,0.0,0.0,0.003472222222222222,0.0,0.001736111111111111,0.008680555555555554,0.0,0.007019927536231883,0.0,0.0,0.0,0.0,0.0018115942028985507,0.0035477053140096615,0.024305555555555552,0.008680555555555554,0.0,0.01909722222222222,0.020984299516908212,0.0018115942028985507,0.0,0.09216485507246376,0.006944444444444444,0.0,0.0,0.018229166666666664,0.02777777777777778,0.052234299516908216,0.00969957729468599,0.0026041666666666665,0.03559027777777777,0.11307367149758453,0.529098731884058,7.0
0.0,0.0,0.0024509803921568627,0.0,0.0,0.0,0.0,0.0,0.0,0.0,0.0,0.0,0.0,0.0,0.0,0.0,0.0,0.0,0.0,0.0,0.0,0.0,0.0,0.0,0.0,0.0,0.0,0.001893939393939394,0.0,0.0,0.015782828282828284,0.0,0.0,0.0,0.0,0.0,0.007352941176470589,0.0,0.0,0.004344919786096257,0.018465909090909092,0.003787878787878788,0.004344919786096257,0.06319444444444444,0.001893939393939394,0.013888888888888888,0.0,0.001893939393939394,0.001893939393939394,0.015782828282828284,0.005681818181818181,0.0,0.034332293523469996,0.05041963755199049,0.6692606209150327,8.0
0.0,0.0,0.0,0.0,0.0,0.0,0.002976190476190476,0.0,0.0,0.0,0.0,0.0,0.0,0.0,0.0,0.0,0.0,0.0,0.0,0.002976190476190476,0.003472222222222222,0.001736111111111111,0.002976190476190476,0.002976190476190476,0.0,0.0,0.0,0.0,0.0,0.0,0.0,0.0,0.0,0.0,0.0,0.0,0.004712301587301587,0.0021929824561403508,0.006944444444444444,0.001736111111111111,0.007858187134502924,0.0,0.004629629629629629,0.03892021720969089,0.0021929824561403508,0.0,0.002976190476190476,0.0021929824561403508,0.006944444444444444,0.016220238095238093,0.0,0.01802248677248677,0.01906415343915344,0.09216704956836536,0.5894458368142578,9.0
0.0,0.0032051282051282055,0.0,0.0,0.0032051282051282055,0.0,0.0,0.0032051282051282055,0.0,0.0,0.0,0.0,0.0,0.0,0.0,0.0,0.0,0.0,0.0,0.0,0.0,0.0,0.0,0.0,0.0024509803921568627,0.0,0.0,0.002777777777777778,0.0,0.007659313725490197,0.0,0.0,0.0,0.0032051282051282055,0.0,0.0,0.010763888888888887,0.0,0.0,0.007659313725490197,0.02450666163901458,0.0032051282051282055,0.0024509803921568627,0.025597931480284424,0.011181139122315593,0.0,0.0,0.002777777777777778,0.0,0.012066365007541479,0.006410256410256411,0.00522875816993464,0.050669530632765934,0.06843622064210299,0.5766707965237378,10.0
0.0,0.0,0.0,0.0,0.0,0.0,0.0,0.0,0.0,0.0,0.0,0.0,0.0,0.0,0.0,0.0,0.0,0.0,0.0,0.008101851851851851,0.0,0.0,0.002777777777777778,0.0,0.0,0.002777777777777778,0.0,0.0,0.0,0.0,0.0,0.0,0.003472222222222222,0.0,0.0,0.003472222222222222,0.007605820105820105,0.008101851851851851,0.0,0.0,0.014054232804232803,0.0,0.003472222222222222,0.006944444444444444,0.0,0.0,0.003472222222222222,0.003472222222222222,0.0,0.007407407407407407,0.002777777777777778,0.004629629629629629,0.02091600529100529,0.08978174603174603,0.7234292328042328,11.0
0.0,0.0,0.0,0.0,0.0,0.0,0.0,0.0,0.0,0.0,0.0,0.0,0.0,0.0,0.0,0.0,0.0,0.0,0.0,0.005208333333333333,0.0046875,0.0,0.0,0.0,0.0,0.0,0.0,0.0,0.0,0.0,0.0046875,0.0,0.0,0.0,0.0,0.0,0.06294642857142857,0.0020833333333333333,0.0026041666666666665,0.0,0.00974702380952381,0.0,0.0020833333333333333,0.021354166666666664,0.008333333333333333,0.0,0.0,0.0020833333333333333,0.008333333333333333,0.013392857142857142,0.0026041666666666665,0.010639880952380951,0.05066964285714285,0.047098214285714285,0.5747767857142857,12.0
0.004166666666666667,0.0,0.0,0.0,0.0,0.005208333333333333,0.0,0.0,0.0,0.0,0.0,0.0,0.0,0.0,0.0,0.0,0.0,0.0,0.0,0.008333333333333333,0.0,0.0,0.0,0.0,0.0,0.0,0.0,0.0023148148148148147,0.0,0.0,0.014583333333333332,0.0,0.0,0.0,0.0,0.0,0.005208333333333333,0.016898148148148148,0.0,0.016203703703703703,0.02175925925925926,0.0,0.0,0.04074074074074074,0.0,0.004166666666666667,0.004166666666666667,0.013888888888888888,0.0,0.007523148148148148,0.0023148148148148147,0.01875,0.013541666666666667,0.08604497354497354,0.5475198412698413,13.0
