ch,eo,ig,ci,io,jc,oe,oc,hc,eg,gc,hh,sj,gh,oj,oi,co,ge,og,cc,jj,sc,ec,eh,he,gi,ei,ie,sh,oo,gg,cg,cs,is,so,sg,es,hs,si,ii,gs,ee,os,se,ss,TimeFactor
0.0,0.0,0.0,0.0,0.0,0.0,0.0,0.0,0.0,0.0,0.0,0.0,0.0,0.0,0.0,0.0,0.0,0.0,0.0,0.0,0.0,0.0,0.0,0.0,0.0,0.0,0.0,0.0,0.0,0.0,0.0,0.006944444444444444,0.006944444444444444,0.006944444444444444,0.006944444444444444,0.006944444444444444,0.007575757575757576,0.007575757575757576,0.013888888888888888,0.013888888888888888,0.013888888888888888,0.013888888888888888,0.013888888888888888,0.014520202020202022,0.1994949494949495,1.0
0.0,0.0,0.0,0.0,0.0,0.0,0.0,0.0,0.0,0.0,0.0,0.0,0.0,0.0,0.0,0.0,0.0,0.0,0.0,0.0,0.0,0.0,0.0,0.0,0.0,0.005555555555555556,0.005555555555555556,0.005555555555555556,0.006410256410256411,0.016666666666666666,0.052564102564102565,0.0,0.0,0.011111111111111112,0.018137254901960786,0.032573599240265906,0.004901960784313725,0.006410256410256411,0.0,0.0,0.02897719564386231,0.03571428571428571,0.0446078431372549,0.011904761904761904,0.5466873721775682,2.0
0.0,0.0,0.0,0.0,0.0,0.0,0.0,0.0,0.0,0.0,0.0,0.0,0.0,0.0,0.0020325203252032522,0.0020325203252032522,0.0020325203252032522,0.0020325203252032522,0.0040650406504065045,0.0040650406504065045,0.0040650406504065045,0.0040650406504065045,0.004720692368214005,0.005208333333333333,0.005208333333333333,0.0,0.0,0.0020325203252032522,0.010416666666666666,0.0020325203252032522,0.03125,0.0,0.004720692368214005,0.017657520325203253,0.02003484320557491,0.023521505376344082,0.020282859078590787,0.012449186991869919,0.0,0.0,0.04908513169233075,0.0020325203252032522,0.02494676732481611,0.011961546026750591,0.47804811703070943,3.0
0.0,0.0,0.0,0.0,0.0,0.0,0.0,0.0,0.0,0.0,0.0,0.0,0.0,0.006944444444444444,0.0,0.0,0.0,0.005555555555555556,0.0,0.0,0.0,0.005555555555555556,0.0,0.0,0.0,0.0,0.013888888888888888,0.008333333333333333,0.0,0.011111111111111112,0.02777777777777778,0.0,0.016666666666666666,0.013888888888888888,0.012499999999999999,0.020833333333333332,0.01388888888888889,0.012499999999999999,0.006944444444444444,0.006944444444444444,0.020833333333333332,0.0,0.006944444444444444,0.013888888888888888,0.44166666666666665,4.0
0.0,0.0,0.0,0.0,0.0,0.0,0.0,0.0,0.0,0.0,0.0,0.011904761904761904,0.016666666666666666,0.0,0.0,0.0,0.0,0.0,0.0,0.006578947368421052,0.03333333333333333,0.0043859649122807015,0.0,0.0,0.016666666666666666,0.0,0.0,0.0021929824561403508,0.005952380952380952,0.0,0.027777777777777776,0.0,0.0043859649122807015,0.011904761904761904,0.0021929824561403508,0.013304093567251462,0.05657894736842106,0.0,0.0021929824561403508,0.0043859649122807015,0.04922723475355054,0.0,0.008145363408521303,0.016666666666666666,0.5388888888888889,5.0
0.0,0.0,0.0,0.0,0.0,0.0,0.0,0.0,0.0,0.0030864197530864196,0.006172839506172839,0.0,0.0,0.0,0.0,0.0,0.0,0.0,0.0,0.006172839506172839,0.0,0.006172839506172839,0.0,0.0,0.0,0.0,0.0,0.0,0.0,0.0,0.0,0.0030864197530864196,0.009259259259259259,0.021742724867724866,0.015046296296296295,0.009837962962962963,0.02843915343915344,0.006944444444444444,0.011904761904761904,0.011904761904761904,0.048748897707231044,0.020833333333333332,0.02854938271604938,0.018849206349206348,0.5765817901234568,6.0
0.0,0.0,0.0,0.0,0.0,0.0,0.0,0.0,0.0,0.004629629629629629,0.008333333333333333,0.0,0.0,0.0,0.0,0.0,0.0,0.0,0.0,0.03333333333333333,0.0,0.016666666666666666,0.0,0.0,0.0,0.0,0.0,0.002777777777777778,0.0,0.0,0.0,0.008333333333333333,0.01388888888888889,0.005555555555555556,0.011111111111111112,0.0,0.007407407407407407,0.005555555555555556,0.02407407407407407,0.04722222222222222,0.04351851851851851,0.016666666666666666,0.011111111111111112,0.005555555555555556,0.5675925925925925,7.0
0.0,0.0,0.0,0.0,0.0,0.0,0.003472222222222222,0.004166666666666667,0.006410256410256411,0.007095410628019323,0.0,0.0,0.0,0.0,0.0,0.0,0.004166666666666667,0.0,0.0066919191919191925,0.010101010101010102,0.0,0.017871017871017872,0.006944444444444444,0.0,0.0,0.0,0.0,0.0,0.006410256410256411,0.003472222222222222,0.00946969696969697,0.0,0.03996254349515219,0.0036231884057971015,0.02073177426438296,0.0025252525252525255,0.023951471234079934,0.0036231884057971015,0.0036231884057971015,0.0,0.023888339920948617,0.0036231884057971015,0.018206521739130437,0.004166666666666667,0.3491362200601331,8.0
0.0,0.0,0.0,0.0,0.0,0.0,0.0,0.0,0.0,0.003968253968253968,0.0,0.0,0.0,0.0,0.0,0.0,0.0,0.009176587301587302,0.0,0.0,0.0,0.0,0.0,0.0,0.0,0.0,0.0,0.0,0.005208333333333333,0.0,0.007936507936507936,0.0,0.009837962962962963,0.03822751322751323,0.0,0.012301587301587301,0.019593253968253968,0.005208333333333333,0.004629629629629629,0.0,0.03914835164835165,0.005208333333333333,0.004629629629629629,0.005208333333333333,0.49638405575905575,9.0
0.0,0.0,0.0,0.0,0.0,0.003787878787878788,0.0,0.0,0.0,0.0,0.016666666666666666,0.0,0.0036231884057971015,0.0,0.0,0.0,0.0,0.0,0.0,0.02391304347826087,0.0036231884057971015,0.0036231884057971015,0.0,0.0,0.0,0.0,0.0,0.0,0.0,0.044526143790849675,0.02840909090909091,0.0,0.011198945981554678,0.021697067019075134,0.041803301780482305,0.05075999767495931,0.010416666666666666,0.0,0.013276143790849673,0.00980392156862745,0.06519720865948488,0.0,0.030574485484530466,0.006944444444444444,0.6101554280791868,10.0
0.0,0.002777777777777778,0.003968253968253968,0.0043859649122807015,0.0043859649122807015,0.0,0.0,0.002777777777777778,0.0,0.0,0.0,0.0,0.0,0.0,0.0,0.005555555555555556,0.0,0.001984126984126984,0.0043859649122807015,0.0047619047619047615,0.0,0.001984126984126984,0.0,0.0,0.0,0.0,0.001984126984126984,0.0,0.0,0.0,0.04139194139194139,0.005555555555555556,0.013314536340852131,0.015476190476190477,0.012499999999999999,0.042269134374397534,0.012301587301587301,0.0,0.003968253968253968,0.001984126984126984,0.06396279159437053,0.024999999999999998,0.0168859649122807,0.02281746031746032,0.5169542445858235,11.0
0.0,0.0,0.0,0.0,0.004901960784313725,0.0,0.0,0.0,0.0,0.0,0.0,0.0,0.0,0.0,0.004901960784313725,0.0,0.0,0.0,0.0,0.0,0.00980392156862745,0.021464646464646464,0.0,0.0,0.0,0.0,0.0,0.0,0.005703242835595777,0.004901960784313725,0.0116025641025641,0.0,0.03535353535353535,0.003887701804368471,0.00980392156862745,0.027051621218287886,0.0124777183600713,0.005703242835595777,0.0008012820512820514,0.0,0.057880695013047954,0.0,0.0124777183600713,0.007575757575757576,0.6803732152016466,12.0
0.0043859649122807015,0.0,0.0031992219492219497,0.0,0.0,0.0,0.0,0.0,0.0,0.0,0.0,0.0,0.0,0.0043859649122807015,0.0,0.0,0.0,0.0,0.0,0.0,0.0,0.0022522522522522522,0.0,0.0,0.0,0.0016339869281045752,0.0,0.0,0.0,0.0,0.021865615615615615,0.0022522522522522522,0.0,0.011300404682757623,0.0022522522522522522,0.03305109922756982,0.0045045045045045045,0.008771929824561403,0.0073454135954135955,0.0044748960190136656,0.03588838979705852,0.010422186892775126,0.0022522522522522522,0.0038862391803568277,0.5025418396161431,13.0
