ie,je,io,jo,eh,he,ce,co,sh,sj,jj,gi,ec,ig,oo,ge,ic,oc,cg,js,hh,ii,eo,go,ci,oi,hg,og,se,ee,cc,oe,eg,sc,so,hs,es,jg,si,cs,gg,sg,is,gs,os,ss,TimeFactor
0.0,0.0,0.0,0.0,0.0,0.0,0.0,0.0,0.0,0.0,0.0,0.0,0.0,0.0,0.0,0.0,0.0,0.0,0.0,0.0,0.0,0.0,0.0,0.0,0.0,0.0,0.0,0.0,0.0,0.0,0.0,0.0,0.0,0.0,0.0,0.0,0.003968253968253968,0.005555555555555556,0.007054673721340388,0.007936507936507936,0.009259259259259259,0.013888888888888888,0.04519400352733686,0.05485008818342152,0.0767195767195767,0.6089065255731924,1.0
0.0,0.0,0.0,0.0,0.0,0.0,0.0,0.0,0.0,0.0,0.0,0.0,0.0,0.0,0.0,0.0,0.0,0.0,0.0,0.0,0.0,0.0,0.0,0.0,0.0,0.0,0.0,0.0,0.006944444444444444,0.006944444444444444,0.006944444444444444,0.009259259259259259,0.009259259259259259,0.011574074074074075,0.023148148148148143,0.027777777777777776,0.005555555555555556,0.0,0.0,0.016203703703703703,0.0,0.005555555555555556,0.04722222222222222,0.04722222222222222,0.11435185185185186,0.49537037037037046,2.0
0.0,0.0,0.0,0.0,0.0,0.0,0.0,0.0,0.0,0.0,0.0,0.0,0.0,0.0,0.0,0.0,0.0,0.0,0.0,0.0,0.0,0.0,0.0,0.0,0.0025252525252525255,0.009259259259259259,0.009259259259259259,0.027777777777777776,0.0,0.0,0.009259259259259259,0.0,0.0025252525252525255,0.0,0.014309764309764309,0.004629629629629629,0.02104377104377104,0.0,0.004629629629629629,0.04882154882154882,0.04461279461279461,0.05387205387205387,0.06523569023569024,0.08375420875420875,0.06776094276094276,0.5307239057239057,3.0
0.0,0.0,0.0,0.0,0.0,0.0,0.0,0.0,0.0,0.0,0.0,0.0,0.0,0.0,0.0,0.0,0.009259259259259259,0.009259259259259259,0.013888888888888888,0.013888888888888888,0.013888888888888888,0.020833333333333332,0.027777777777777776,0.041666666666666664,0.0,0.0,0.006944444444444444,0.0,0.0,0.027777777777777776,0.0,0.0,0.0,0.0,0.0,0.027777777777777776,0.020833333333333332,0.0,0.020833333333333332,0.02546296296296296,0.020833333333333332,0.013888888888888888,0.0,0.08333333333333333,0.11805555555555554,0.4837962962962962,4.0
0.0,0.0,0.0,0.0,0.0,0.0,0.0,0.0,0.0,0.0,0.0,0.0,0.0,0.0,0.006944444444444444,0.009259259259259259,0.0,0.0,0.0,0.0,0.0,0.027777777777777776,0.0,0.0,0.0,0.0,0.0,0.0,0.009259259259259259,0.0,0.013888888888888888,0.0,0.0,0.013888888888888888,0.0,0.0,0.07175925925925926,0.0,0.032407407407407406,0.041666666666666664,0.037037037037037035,0.06018518518518518,0.06111111111111111,0.032407407407407406,0.013888888888888888,0.40185185185185185,5.0
0.0,0.0,0.0,0.0,0.0,0.0,0.0,0.0,0.0,0.0,0.0,0.0,0.0,0.027777777777777776,0.016666666666666666,0.0,0.0,0.0,0.0,0.0,0.0,0.0,0.03333333333333333,0.0,0.0,0.0,0.0,0.0,0.005555555555555556,0.005555555555555556,0.0,0.0,0.005555555555555556,0.0,0.030555555555555558,0.013888888888888888,0.024999999999999998,0.0,0.0,0.0,0.009259259259259259,0.032407407407407406,0.019444444444444445,0.07129629629629629,0.04722222222222222,0.5731481481481481,6.0
0.0,0.0,0.0,0.0,0.0,0.0,0.0,0.0,0.009259259259259259,0.009259259259259259,0.009259259259259259,0.013888888888888888,0.013888888888888888,0.0,0.013888888888888888,0.006944444444444444,0.0,0.0,0.0,0.0,0.009259259259259259,0.03472222222222222,0.0,0.0,0.0,0.0,0.0,0.0,0.0,0.0,0.0,0.0,0.0,0.0,0.013888888888888888,0.0,0.0,0.0,0.03472222222222222,0.041666666666666664,0.041666666666666664,0.03472222222222222,0.037037037037037035,0.05555555555555555,0.05092592592592592,0.40277777777777773,7.0
0.0,0.0,0.0,0.0,0.0,0.0,0.0,0.0,0.0,0.0,0.0,0.0,0.006944444444444444,0.0,0.0,0.003472222222222222,0.0,0.0,0.0,0.0,0.0,0.003472222222222222,0.003472222222222222,0.003472222222222222,0.0,0.0,0.0,0.0,0.0,0.0,0.006944444444444444,0.0,0.013888888888888888,0.006944444444444444,0.0,0.006944444444444444,0.03819444444444444,0.0,0.01736111111111111,0.01736111111111111,0.03819444444444444,0.03819444444444444,0.027777777777777776,0.11458333333333331,0.006944444444444444,0.3958333333333333,8.0
0.0,0.0,0.0,0.0,0.0,0.0,0.0,0.01091269841269841,0.0,0.0,0.0,0.0,0.0,0.0,0.004629629629629629,0.0,0.0,0.0,0.0,0.0,0.0,0.0,0.0,0.0,0.0,0.0,0.0,0.0,0.018353174603174604,0.003472222222222222,0.003472222222222222,0.0,0.0,0.003472222222222222,0.008597883597883597,0.0,0.0308531746031746,0.0,0.003472222222222222,0.0,0.017857142857142856,0.03012566137566137,0.008101851851851851,0.09679232804232803,0.04563492063492064,0.38091931216931213,9.0
0.0,0.0,0.0,0.0,0.0,0.0,0.006944444444444444,0.0,0.0,0.0,0.0,0.006944444444444444,0.0,0.0,0.03333333333333333,0.0,0.0,0.0,0.0,0.0,0.0,0.006944444444444444,0.0,0.005555555555555556,0.0,0.0,0.0,0.0,0.0,0.0,0.005555555555555556,0.0,0.0,0.012499999999999999,0.03333333333333333,0.0,0.006944444444444444,0.0,0.006944444444444444,0.005555555555555556,0.01646825396825397,0.030357142857142857,0.013888888888888888,0.019444444444444445,0.027777777777777776,0.2615079365079365,10.0
0.0,0.0,0.0,0.0,0.0,0.0,0.0,0.0,0.0,0.0,0.0,0.003472222222222222,0.0,0.0,0.0,0.04050925925925925,0.0,0.0,0.0,0.0,0.0,0.013888888888888888,0.009259259259259259,0.0,0.0,0.0,0.0,0.0,0.004629629629629629,0.0,0.0,0.004629629629629629,0.0,0.0,0.060185185185185175,0.013888888888888888,0.028935185185185185,0.0,0.041666666666666664,0.0,0.01273148148148148,0.056712962962962965,0.04513888888888889,0.024305555555555552,0.05555555555555555,0.33449074074074076,11.0
0.0,0.0,0.006944444444444444,0.009259259259259259,0.027777777777777776,0.027777777777777776,0.0,0.0,0.0,0.009259259259259259,0.009259259259259259,0.0,0.0,0.0,0.0,0.0,0.0,0.006944444444444444,0.0,0.0,0.0,0.006944444444444444,0.0,0.0,0.0,0.0,0.0,0.006944444444444444,0.006944444444444444,0.012499999999999999,0.005555555555555556,0.0,0.0,0.011111111111111112,0.0,0.0,0.03333333333333333,0.0,0.013888888888888888,0.012499999999999999,0.04027777777777777,0.019444444444444445,0.013888888888888888,0.05416666666666666,0.009259259259259259,0.2393518518518519,12.0
0.0030864197530864196,0.013888888888888888,0.0,0.0,0.0,0.0,0.0,0.0,0.0,0.0,0.0,0.0,0.0,0.0,0.0030864197530864196,0.0,0.0,0.0,0.0,0.0,0.0,0.0,0.0,0.0,0.0,0.0,0.0,0.0,0.040895061728395056,0.023919753086419752,0.0,0.0,0.0,0.027777777777777776,0.0030864197530864196,0.04861111111111111,0.02700617283950617,0.0,0.0,0.07253086419753087,0.0,0.008641975308641974,0.037808641975308636,0.05509259259259258,0.0,0.4679012345679013,13.0
