ej,io,eh,jc,ih,oe,ji,gj,je,ho,gh,oi,jg,ci,ec,co,gi,cj,ch,eg,ic,jj,ig,go,hh,ce,so,oo,cg,eo,oc,hg,cc,og,gc,gg,ee,sj,js,hs,gs,si,ei,ie,hi,sc,cs,se,sh,ge,sg,is,ii,es,os,ss,TimeFactor
0.0,0.0,0.0,0.0,0.0,0.0,0.0,0.0,0.0,0.0,0.0,0.0,0.0,0.0,0.0,0.0,0.0,0.0,0.0,0.0,0.0,0.0,0.0,0.0,0.0,0.0,0.0,0.0,0.0,0.0,0.0,0.0,0.0,0.0,0.0,0.0,0.0,0.002976190476190476,0.002976190476190476,0.002976190476190476,0.002976190476190476,0.006410256410256411,0.006410256410256411,0.006410256410256411,0.010416666666666666,0.010416666666666666,0.010416666666666666,0.012820512820512822,0.013392857142857142,0.013888888888888888,0.016865079365079364,0.023275335775335776,0.026213369963369964,0.026709401709401708,0.03720238095238095,0.4339133089133089,1.0
0.0,0.0,0.0,0.0,0.0,0.0,0.0,0.0,0.0,0.0,0.0,0.0,0.0,0.0,0.0,0.0,0.0,0.0,0.0,0.0,0.0,0.0,0.0,0.0,0.0,0.0016025641025641027,0.0016025641025641027,0.0032051282051282055,0.003968253968253968,0.003968253968253968,0.003968253968253968,0.003968253968253968,0.006572420634920635,0.013888888888888888,0.017094017094017092,0.017475579975579972,0.041285103785103784,0.0,0.0,0.0016025641025641027,0.02589031339031339,0.0,0.0,0.0,0.0,0.007834757834757835,0.0380736161986162,0.02442956349206349,0.005570818070818071,0.0,0.02653133903133903,0.01809561965811966,0.0,0.0088363603988604,0.006232193732193732,0.30163690476190474,2.0
0.0,0.0,0.0,0.0,0.0,0.0,0.0,0.0,0.0,0.0,0.0,0.0,0.0,0.0,0.0,0.0,0.0,0.0014619883040935672,0.0023809523809523807,0.0025252525252525255,0.0025252525252525255,0.0029239766081871343,0.004901960784313725,0.004906204906204906,0.007142857142857143,0.0,0.0029239766081871343,0.005249867091972355,0.0,0.0,0.0,0.0025252525252525255,0.0164578111946533,0.0023809523809523807,0.0014619883040935672,0.0025252525252525255,0.015973630831643004,0.0,0.0,0.0,0.030850256287963132,0.0025252525252525255,0.004335551522484372,0.005254515599343185,0.0023809523809523807,0.021574770258980785,0.030557454241664766,0.020651966445710438,0.0,0.0,0.006766917293233082,0.00782593739250086,0.0,0.02213864280427748,0.015132304915586649,0.5850716350262631,3.0
0.0,0.0,0.0,0.0,0.0,0.0,0.0,0.0,0.0,0.0,0.0,0.0,0.0,0.0,0.0022522522522522522,0.0026881720430107525,0.004629629629629629,0.0,0.0,0.0,0.0,0.0,0.0,0.0,0.0392156862745098,0.0,0.0045045045045045045,0.006756756756756757,0.0,0.0,0.0026881720430107525,0.0,0.0,0.0,0.0,0.021918941273779986,0.012952101661779082,0.0,0.0,0.0,0.013947158301997012,0.017984330484330485,0.0,0.0,0.0,0.0022522522522522522,0.00944492879976751,0.004777504777504778,0.004901960784313725,0.005213424568263278,0.011413243268081977,0.026857276857276857,0.02314814814814815,0.013875933230771942,0.006418918918918919,0.5954920365024731,4.0
0.0,0.0,0.0,0.0,0.0,0.0,0.0,0.0,0.0,0.0,0.0,0.0,0.0016025641025641027,0.0026881720430107525,0.0026881720430107525,0.0,0.004290736145574855,0.0,0.0,0.0,0.0026881720430107525,0.0,0.0,0.0,0.0,0.005555555555555556,0.020307807807807807,0.0045045045045045045,0.0026881720430107525,0.005555555555555556,0.0,0.0,0.0,0.0,0.0,0.014385353095030515,0.015491452991452992,0.0,0.006944444444444444,0.0016025641025641027,0.031925810491175516,0.014423076923076922,0.0,0.0,0.0,0.009632616487455196,0.0112351805900193,0.01014957264957265,0.0,0.0,0.015433457814612314,0.03420526606010477,0.0,0.008012820512820514,0.02361111111111111,0.667044527549621,5.0
0.0,0.0,0.0,0.0,0.0,0.0,0.0,0.0,0.0,0.0021929824561403508,0.0021929824561403508,0.005555555555555556,0.0,0.0,0.0,0.0,0.004166666666666667,0.0,0.0,0.0,0.0,0.0,0.0,0.0,0.0,0.0,0.009941520467836256,0.0,0.0,0.013888888888888888,0.0,0.005448717948717949,0.014912280701754385,0.0043859649122807015,0.0,0.002564102564102564,0.007692307692307693,0.001282051282051282,0.006036324786324786,0.005665204678362572,0.025233355825461087,0.012980769230769231,0.0,0.0,0.0,0.012938596491228069,0.006578947368421052,0.03198005698005698,0.006359649122807017,0.001282051282051282,0.013529014844804317,0.03959176788124157,0.0043859649122807015,0.03198005698005698,0.02244152046783626,0.621459364222522,6.0
0.0,0.0,0.0,0.0,0.0,0.0,0.0,0.0,0.0015151515151515152,0.0,0.0,0.0,0.0,0.0,0.0,0.0,0.0,0.0,0.0,0.0015151515151515152,0.0,0.0,0.0,0.0,0.0,0.0015151515151515152,0.0,0.0,0.0,0.0,0.0,0.0,0.0,0.0,0.0,0.007675438596491228,0.0,0.0015151515151515152,0.0030303030303030303,0.0030303030303030303,0.02502811515969411,0.007819976076555024,0.0,0.0,0.0,0.0,0.008935508935508936,0.01948051948051948,0.0,0.0,0.014158794421952317,0.009335127591706538,0.0,0.020995670995670995,0.0,0.6244496366206893,7.0
0.0,0.0,0.0,0.0,0.0,0.0,0.0,0.006410256410256411,0.0,0.0,0.0,0.0,0.0,0.0,0.0043859649122807015,0.0023809523809523807,0.0,0.0,0.0,0.005949431421129535,0.0,0.012820512820512822,0.001572327044025157,0.0,0.0,0.0,0.0,0.0,0.0,0.0017730496453900709,0.0,0.001572327044025157,0.009259259259259259,0.0,0.0,0.0,0.0047169811320754715,0.0,0.003472222222222222,0.003144654088050314,0.0324528700950486,0.014088779571182888,0.0043859649122807015,0.0,0.0,0.02965301966372487,0.038454091074445404,0.01862790516294006,0.0,0.0,0.01516658277664567,0.023662591809675698,0.01212438853948288,0.027893918058598626,0.010564258436598861,0.6321343581858629,8.0
0.0,0.0,0.0,0.0,0.0,0.0,0.0033333333333333335,0.004629629629629629,0.0,0.0,0.0,0.0,0.0,0.0,0.0064026792750197,0.0,0.0,0.0,0.0,0.0,0.0,0.03571428571428571,0.0,0.009259259259259259,0.0,0.004629629629629629,0.0,0.0,0.0,0.0,0.0,0.0012626262626262627,0.011798917326206873,0.0,0.0,0.01465744400527009,0.009835194045720362,0.011904761904761904,0.004629629629629629,0.00961745110681281,0.028452022281158455,0.011962149950769446,0.0012626262626262627,0.0,0.0,0.010778070560679255,0.015663885229102618,0.014941577024443766,0.0025252525252525255,0.0012626262626262627,0.02488660194179586,0.02948410027162078,0.006401221517500587,0.019681448196383483,0.017607500165639698,0.6874160766882157,9.0
0.0,0.0,0.0,0.0,0.0022522522522522522,0.0023809523809523807,0.0,0.013888888888888888,0.0,0.0025252525252525255,0.003787878787878788,0.0,0.013888888888888888,0.0,0.0025252525252525255,0.0,0.012607815525435662,0.0,0.0025252525252525255,0.0,0.0,0.0,0.0,0.0022522522522522522,0.0,0.0,0.006040131040131041,0.02119164619164619,0.0025252525252525255,0.005050505050505051,0.0025252525252525255,0.004063846455150803,0.0,0.0022522522522522522,0.0,0.026726896292113684,0.0,0.0,0.0,0.006764069264069264,0.05404927164080481,0.01739560020452469,0.0,0.006410256410256411,0.0,0.0,0.0022522522522522522,0.009114351505655854,0.0,0.0025252525252525255,0.025851106686346964,0.008009153318077803,0.0238058566147811,0.02151756390886826,0.004777504777504778,0.5218506253403279,10.0
0.0,0.0,0.0025252525252525255,0.0025252525252525255,0.0,0.0,0.0,0.0,0.0,0.0,0.0,0.004166666666666667,0.0,0.0,0.0,0.0,0.0,0.0025252525252525255,0.0,0.0026881720430107525,0.0,0.0,0.015046296296296295,0.004629629629629629,0.0,0.0,0.0030864197530864196,0.0,0.0025252525252525255,0.004166666666666667,0.0,0.0,0.0,0.0,0.0,0.023919753086419752,0.0025252525252525255,0.0,0.011904761904761904,0.0066919191919191925,0.022537199956554798,0.012941919191919192,0.011904761904761904,0.0025252525252525255,0.0,0.005611672278338945,0.006172839506172839,0.027059444935789018,0.004166666666666667,0.0,0.008064516129032258,0.011904761904761904,0.029166666666666664,0.02780040548857753,0.007716049382716049,0.5668346289314031,11.0
0.001282051282051282,0.0030864197530864196,0.0,0.0,0.0,0.0,0.0,0.0,0.0,0.0,0.0,0.0,0.0,0.0,0.0026041666666666665,0.011904761904761904,0.0009363295880149813,0.0,0.0,0.0018726591760299626,0.0,0.002564102564102564,0.0,0.0,0.0,0.0,0.0026041666666666665,0.0,0.0,0.0,0.011904761904761904,0.0,0.0,0.0,0.011904761904761904,0.04149500121650476,0.013236295539666326,0.0,0.0,0.0009363295880149813,0.03808689749700986,0.009708259412576385,0.0040227493411014005,0.0043859649122807015,0.0,0.0,0.01946800750054495,0.02578430925069995,0.0009363295880149813,0.0,0.03551206220761957,0.02335864329507144,0.008771929824561403,0.04267312219214447,0.0056905864197530865,0.6752693308035315,12.0
0.0,0.0043859649122807015,0.0,0.0,0.0,0.0043859649122807015,0.0,0.0,0.0,0.0,0.0,0.0,0.0,0.0,0.0,0.0,0.00793514642756391,0.0,0.0,0.0021367521367521365,0.0,0.0,0.009766648259065742,0.0043859649122807015,0.0,0.0,0.012740183792815371,0.0,0.0,0.0,0.0,0.002894327894327894,0.004273504273504273,0.0,0.0014124293785310734,0.014978445910649299,0.0056859336520353465,0.0,0.0,0.0021367521367521365,0.0544806104128138,0.017682270648372345,0.0,0.005957883923985619,0.0,0.00793514642756391,0.020262929161234244,0.002824858757062147,0.002894327894327894,0.0056859336520353465,0.02886733479953819,0.024838955771159164,0.013239538239538239,0.02630416218730224,0.017126148705096073,0.6114485474877982,13.0
