ic,gi,eh,ih,hi,jj,oc,go,ig,he,hg,ge,ho,oo,co,cg,ej,eo,oe,ci,ec,ii,og,gc,sh,cc,ei,si,sg,ie,ee,ce,sc,eg,es,se,gg,hs,oi,sj,js,cs,gs,is,os,so,ss,TimeFactor
0.0,0.0,0.0,0.0,0.0,0.0,0.0,0.0,0.0,0.0,0.0,0.0,0.0,0.0,0.0,0.0,0.0,0.0,0.0,0.0,0.0,0.0,0.0,0.0,0.0,0.0,0.0,0.0,0.0,0.0,0.0,0.0,0.0,0.0,0.0,0.0,0.0,0.0,0.0,0.0,0.0,0.007575757575757576,0.01948051948051948,0.025000000000000005,0.027813852813852815,0.027813852813852815,0.39231601731601734,1.0
0.0,0.0,0.0,0.0,0.0,0.0,0.0,0.0,0.0,0.0,0.0,0.0,0.0,0.0,0.0,0.0,0.0,0.0,0.0,0.0,0.0,0.0,0.0,0.0,0.0,0.0,0.0,0.0,0.0,0.0,0.0,0.0,0.0,0.0,0.0,0.0,0.0,0.008333333333333333,0.013888888888888888,0.016666666666666666,0.016666666666666666,0.007575757575757576,0.0,0.027777777777777776,0.01590909090909091,0.021464646464646464,0.2883838383838384,2.0
0.0,0.0,0.0,0.0,0.0,0.0,0.0,0.0,0.0,0.0,0.0,0.0,0.0,0.0,0.0,0.0,0.0,0.0,0.0,0.0,0.0,0.0,0.0,0.0,0.0,0.0,0.0,0.0,0.0,0.0,0.0,0.016666666666666666,0.016666666666666666,0.016666666666666666,0.016666666666666666,0.016666666666666666,0.016666666666666666,0.016666666666666666,0.0,0.0,0.0,0.0,0.0202991452991453,0.023076923076923078,0.006410256410256411,0.006410256410256411,0.41047008547008557,3.0
0.0,0.0,0.0,0.0,0.0,0.0,0.0,0.0,0.0,0.0,0.0,0.0,0.0,0.0,0.0,0.0,0.0,0.0,0.0,0.0,0.0,0.0,0.0023809523809523807,0.0023809523809523807,0.002976190476190476,0.007246376811594203,0.010416666666666666,0.010416666666666666,0.013906926406926408,0.020833333333333332,0.04642857142857143,0.0,0.0036231884057971015,0.007411067193675889,0.022424948240165627,0.02575051759834368,0.03322275550536421,0.03154761904761905,0.0,0.0,0.0023809523809523807,0.006004140786749482,0.028706709956709958,0.02028985507246377,0.013888888888888888,0.0,0.43776272037141606,4.0
0.0,0.0,0.0,0.0,0.0,0.0,0.0,0.0,0.0,0.0,0.0,0.0,0.0,0.0,0.0017730496453900709,0.0026881720430107525,0.004629629629629629,0.004629629629629629,0.004629629629629629,0.016666666666666666,0.016666666666666666,0.020833333333333332,0.0,0.0017730496453900709,0.0021929824561403508,0.0,0.0,0.02361111111111111,0.025546079891255635,0.021296296296296296,0.014635603345280765,0.0,0.0,0.009259259259259259,0.0064026792750197,0.009090851318030453,0.04361598440545809,0.0021929824561403508,0.0,0.0,0.0,0.0026881720430107525,0.028897849462365593,0.018859649122807017,0.006159014557670772,0.0021929824561403508,0.3757353423213337,5.0
0.0,0.0,0.0,0.0,0.0,0.0,0.0,0.0,0.0,0.0,0.0,0.0,0.0,0.006944444444444444,0.006944444444444444,0.0,0.0,0.0,0.0,0.0,0.005208333333333333,0.0,0.0,0.0,0.004166666666666667,0.0,0.0,0.0,0.013133143024447373,0.0,0.017819499341238474,0.003326745718050066,0.007019927536231884,0.0,0.012661488069096763,0.011146336553945249,0.020202020202020204,0.005978260869565218,0.0,0.0,0.0025252525252525255,0.011931818181818182,0.017678597569901918,0.01240530303030303,0.046875,0.005208333333333333,0.6221577184892402,6.0
0.0,0.0,0.0,0.0,0.0,0.0,0.0,0.0,0.0,0.0,0.0,0.0022522522522522522,0.005555555555555556,0.0045045045045045045,0.0,0.004629629629629629,0.0,0.0,0.0022522522522522522,0.0,0.0,0.008662508662508664,0.0,0.0,0.0,0.009259259259259259,0.0,0.01669059169059169,0.04630685608946478,0.0,0.039289289289289285,0.0,0.02314814814814815,0.0,0.017764517764517766,0.009259259259259259,0.04830666787188526,0.0,0.0,0.0,0.0022522522522522522,0.02077077077077077,0.03604241104241104,0.014553839553839555,0.023412698412698413,0.0022522522522522522,0.5795011501533242,7.0
0.0,0.0,0.0,0.0,0.0,0.0,0.0,0.0,0.0,0.0,0.003472222222222222,0.0,0.0,0.0,0.0,0.0,0.0,0.005555555555555556,0.0,0.003472222222222222,0.0,0.008547008547008546,0.0,0.0,0.0,0.014880952380952378,0.0,0.007514353259034111,0.025722533967214817,0.00738202400436443,0.013888888888888888,0.0,0.007440476190476189,0.003472222222222222,0.015201627568648846,0.012990998363338788,0.010564420803782506,0.005555555555555556,0.0021367521367521365,0.0,0.0,0.009424603174603174,0.03728398478867815,0.007514353259034111,0.022222222222222223,0.0021367521367521365,0.5236202705304708,8.0
0.0,0.0,0.0,0.0,0.0,0.0,0.0,0.0018115942028985507,0.001851851851851852,0.004901960784313725,0.0,0.0,0.0,0.0,0.0,0.0,0.0,0.0,0.0,0.0,0.0,0.009259259259259259,0.016666666666666666,0.011904761904761904,0.004901960784313725,0.0,0.001851851851851852,0.005864197530864197,0.01963231347289318,0.004629629629629629,0.11877010063284572,0.0,0.0,0.023380221653878944,0.02857142857142857,0.04330967491666554,0.02975277067348678,0.0,0.0,0.0,0.0,0.011904761904761904,0.06025228126677402,0.001851851851851852,0.006713554987212276,0.0,0.4255506389351232,9.0
0.0,0.0,0.0,0.0,0.0,0.0024154589371980675,0.0036231884057971015,0.0012077294685990338,0.0,0.0,0.0,0.0,0.0,0.0024154589371980675,0.0036231884057971015,0.0,0.0,0.0,0.0,0.0,0.0,0.0036231884057971015,0.0036231884057971015,0.003472222222222222,0.0,0.02459052301729647,0.0,0.0012077294685990338,0.020389955172563867,0.0,0.03472222222222222,0.017924174174174173,0.02004564633283169,0.0036231884057971015,0.01918222570396483,0.017562399355877615,0.020984299516908212,0.0,0.0,0.0012077294685990338,0.0,0.01751207729468599,0.018839491665578623,0.01722972972972973,0.018518518518518517,0.009259259259259259,0.5465305408383211,10.0
0.0,0.0,0.003787878787878788,0.004901960784313725,0.004901960784313725,0.015151515151515152,0.0,0.0,0.0030864197530864196,0.0,0.0,0.007988380537400145,0.0,0.009259259259259259,0.0,0.0,0.0,0.0,0.003787878787878788,0.0,0.0,0.0,0.0,0.001851851851851852,0.007575757575757576,0.0,0.004901960784313725,0.0030864197530864196,0.004302832244008715,0.004901960784313725,0.010662177328843996,0.0,0.004302832244008715,0.0,0.035365088796461344,0.015582293523469994,0.0,0.011363636363636362,0.0,0.007575757575757576,0.004166666666666667,0.015498118439294911,0.011066901508077978,0.007988380537400145,0.02422426883211197,0.019219977553310886,0.5034978637919814,11.0
0.0,0.0021929824561403508,0.0,0.0,0.0,0.0,0.0,0.0,0.0,0.0021929824561403508,0.0,0.0,0.0,0.0,0.0,0.009395424836601307,0.0,0.0021367521367521365,0.0,0.0,0.010416666666666666,0.02314814814814815,0.0,0.01911764705882353,0.0021929824561403508,0.0358974358974359,0.0,0.00682261208576998,0.04705849276282712,0.0043859649122807015,0.006578947368421052,0.0024509803921568627,0.01099798893916541,0.006578947368421052,0.02377632902013707,0.01699561403508772,0.013157894736842105,0.0,0.006410256410256411,0.0,0.0,0.012553418803418802,0.039787250932761774,0.010796221322537112,0.01768443544759334,0.009137426900584795,0.4914695297822233,12.0
0.005952380952380952,0.0033333333333333335,0.0,0.0,0.0,0.0,0.0,0.0,0.0,0.0,0.0,0.0,0.0,0.041666666666666664,0.0,0.0,0.0,0.010416666666666666,0.010416666666666666,0.0,0.0,0.0,0.0,0.0,0.005208333333333333,0.017113095238095236,0.0,0.008640552995391704,0.022789667769506482,0.0,0.0,0.005208333333333333,0.005208333333333333,0.005208333333333333,0.0,0.0,0.013918010752688172,0.011160714285714286,0.0,0.0,0.0026881720430107525,0.01375,0.017405052384891095,0.00935483870967742,0.0,0.01736111111111111,0.43986640375753283,13.0
