oh,hi,ic,jj,sj,og,eo,je,hc,ig,js,ei,co,gh,sh,gc,ce,eh,hg,jc,io,cg,he,gi,oi,ci,go,ie,oe,cc,se,eg,ge,sc,oo,ii,es,jh,so,ec,ee,oc,gg,sg,cs,os,si,hs,is,gs,ss,TimeFactor
0.0,0.0,0.0,0.0,0.0,0.0,0.0,0.0,0.0,0.0,0.0,0.0,0.0,0.0,0.0,0.0,0.0,0.0,0.0,0.0,0.0,0.0,0.0,0.0,0.0,0.0,0.0,0.0,0.0,0.0,0.0,0.0,0.0,0.0,0.0,0.0,0.0,0.002777777777777778,0.0030864197530864196,0.003968253968253968,0.003968253968253968,0.003968253968253968,0.005555555555555556,0.008333333333333333,0.017017704517704516,0.03392687559354226,0.04146825396825397,0.054585537918871246,0.0673026048026048,0.08314679148012481,0.6708943833943835,1.0
0.0,0.0,0.0,0.0,0.0,0.0,0.0,0.0,0.0,0.0,0.0,0.0,0.0,0.0,0.0,0.0,0.0,0.0,0.0,0.0,0.0021367521367521365,0.0021367521367521365,0.0021367521367521365,0.0021367521367521365,0.003472222222222222,0.003472222222222222,0.003472222222222222,0.003472222222222222,0.004629629629629629,0.004629629629629629,0.004629629629629629,0.005555555555555556,0.007692307692307693,0.012321937321937322,0.01273148148148148,0.014814814814814814,0.03871082621082621,0.0,0.009081196581196582,0.0,0.0,0.006944444444444444,0.044764957264957266,0.0465099715099715,0.03043091168091168,0.050249287749287753,0.021759259259259256,0.019497863247863245,0.06942663817663818,0.05808404558404557,0.5150997150997152,2.0
0.0,0.0,0.0,0.0,0.0,0.0,0.0,0.0,0.0,0.0,0.0,0.0,0.0,0.0,0.0,0.006944444444444444,0.006944444444444444,0.009259259259259259,0.009259259259259259,0.027777777777777776,0.0,0.0,0.0,0.010416666666666666,0.0,0.0,0.0,0.0,0.006944444444444444,0.014814814814814814,0.04722222222222222,0.005787037037037038,0.0,0.01944444444444444,0.010416666666666666,0.003472222222222222,0.10810185185185185,0.0,0.01273148148148148,0.006944444444444444,0.037962962962962955,0.0,0.012731481481481483,0.06597222222222222,0.04722222222222222,0.018518518518518517,0.006944444444444444,0.003472222222222222,0.02546296296296296,0.08541666666666665,0.38981481481481484,3.0
0.0,0.0,0.0,0.0,0.0,0.0,0.0,0.0,0.0,0.0,0.0,0.0,0.0,0.005555555555555556,0.006944444444444444,0.005555555555555556,0.009523809523809523,0.0,0.0,0.0,0.0,0.005555555555555556,0.006944444444444444,0.0,0.0,0.0,0.0,0.0,0.0,0.0373015873015873,0.032407407407407406,0.009523809523809523,0.0,0.010185185185185184,0.014880952380952378,0.0,0.07003968253968253,0.0,0.01951058201058201,0.003968253968253968,0.036375661375661374,0.0,0.014814814814814814,0.04193121693121693,0.052182539682539685,0.013227513227513227,0.0,0.007936507936507936,0.022486772486772486,0.10079365079365078,0.38902116402116405,4.0
0.0,0.0,0.0,0.0,0.0,0.0,0.0,0.0,0.0,0.0,0.0,0.0,0.003968253968253968,0.0,0.0,0.0,0.0,0.0,0.0,0.0,0.010185185185185184,0.0,0.0,0.0,0.0,0.0,0.0,0.003968253968253968,0.014814814814814814,0.018518518518518517,0.041666666666666664,0.0,0.005555555555555556,0.02314814814814815,0.013888888888888888,0.0,0.0847883597883598,0.0,0.027777777777777776,0.007936507936507936,0.041005291005291,0.0,0.05796957671957672,0.0681547619047619,0.02711640211640211,0.013888888888888888,0.008101851851851851,0.003968253968253968,0.03449074074074074,0.06921296296296296,0.4198743386243386,5.0
0.0,0.0,0.0,0.0,0.0,0.0,0.0,0.0,0.0030864197530864196,0.005555555555555556,0.006558641975308641,0.013888888888888888,0.005555555555555556,0.0,0.0,0.0,0.002777777777777778,0.0,0.0,0.0,0.0,0.009259259259259259,0.0,0.0030864197530864196,0.0,0.0,0.0,0.0030864197530864196,0.0,0.003968253968253968,0.018165784832451497,0.006558641975308641,0.012345679012345678,0.021296296296296296,0.009259259259259259,0.020138888888888887,0.07292768959435626,0.0,0.016203703703703703,0.0,0.012610229276895943,0.0,0.016699735449735447,0.022178130511463844,0.009832451499118164,0.023842592592592592,0.047255291005291,0.003968253968253968,0.08952821869488535,0.03216490299823633,0.42486772486772484,6.0
0.0,0.0,0.0,0.0,0.0,0.0025252525252525255,0.003968253968253968,0.009259259259259259,0.0,0.014814814814814814,0.0,0.0,0.0,0.0,0.0,0.003968253968253968,0.0025252525252525255,0.0,0.0,0.0,0.0,0.0,0.0,0.0,0.0,0.0025252525252525255,0.009259259259259259,0.011553030303030303,0.018849206349206348,0.00808080808080808,0.04193121693121693,0.011784511784511785,0.009259259259259259,0.005555555555555556,0.0,0.010627104377104376,0.05905182780182779,0.0,0.011994949494949494,0.0025252525252525255,0.04143518518518518,0.0,0.03698593073593073,0.04718314093314093,0.022907647907647904,0.014309764309764309,0.011994949494949494,0.005555555555555556,0.03625841750841751,0.1200998075998076,0.42321127946127945,7.0
0.0,0.0,0.0,0.004629629629629629,0.004629629629629629,0.0,0.0,0.0,0.0,0.0023148148148148147,0.0,0.004629629629629629,0.0,0.0,0.005555555555555556,0.0,0.004629629629629629,0.0,0.005555555555555556,0.0023148148148148147,0.0,0.013888888888888888,0.0023148148148148147,0.004629629629629629,0.0,0.0,0.0,0.0,0.0,0.021759259259259256,0.06527777777777777,0.005555555555555556,0.013888888888888888,0.021759259259259256,0.013888888888888888,0.04259259259259259,0.06574074074074074,0.0,0.005555555555555556,0.009259259259259259,0.06759259259259259,0.0,0.01712962962962963,0.03425925925925926,0.027777777777777776,0.024999999999999998,0.04722222222222222,0.020833333333333332,0.021759259259259256,0.07314814814814814,0.26157407407407407,8.0
0.0,0.0,0.0023148148148148147,0.0,0.0,0.0,0.003472222222222222,0.0023148148148148147,0.0,0.0,0.0,0.0023148148148148147,0.0,0.0,0.03125,0.0,0.00787037037037037,0.0,0.0,0.0,0.0,0.006944444444444444,0.027777777777777776,0.003472222222222222,0.0,0.0,0.0,0.005555555555555556,0.0,0.008597883597883597,0.026884920634920633,0.003968253968253968,0.004629629629629629,0.01554232804232804,0.0,0.004629629629629629,0.07820767195767196,0.0,0.0,0.005555555555555556,0.01736111111111111,0.0,0.01736111111111111,0.029861111111111106,0.009755291005291005,0.008101851851851851,0.013657407407407408,0.008101851851851851,0.04513888888888889,0.06901455026455026,0.45701058201058203,9.0
0.0,0.0,0.005555555555555556,0.0,0.004629629629629629,0.0,0.0,0.0,0.0,0.0021367521367521365,0.0,0.0,0.005555555555555556,0.0,0.0,0.0,0.0,0.0,0.0,0.003472222222222222,0.0,0.0021367521367521365,0.0,0.009259259259259259,0.0,0.009259259259259259,0.004629629629629629,0.003472222222222222,0.0,0.010416666666666666,0.04436728395061729,0.013888888888888888,0.0,0.012114197530864198,0.0,0.009259259259259259,0.05648741690408357,0.0,0.0021367521367521365,0.009259259259259259,0.04683641975308642,0.0067663817663817655,0.017746913580246913,0.03840218423551757,0.02700617283950617,0.009259259259259259,0.012114197530864198,0.0021367521367521365,0.03392687559354226,0.07081552706552706,0.5269527540360873,10.0
0.0,0.003472222222222222,0.0023148148148148147,0.0,0.0,0.0,0.005555555555555556,0.0,0.0,0.0023148148148148147,0.0,0.0,0.0,0.0,0.003472222222222222,0.0,0.01736111111111111,0.0,0.0,0.0,0.0,0.0,0.0,0.0,0.0,0.0,0.0,0.0,0.0,0.019675925925925927,0.07453703703703703,0.014814814814814814,0.003472222222222222,0.02546296296296296,0.01736111111111111,0.006944444444444444,0.075,0.0,0.03819444444444444,0.0023148148148148147,0.07708333333333332,0.006944444444444444,0.044444444444444446,0.0537037037037037,0.041666666666666664,0.022916666666666665,0.006944444444444444,0.0023148148148148147,0.021759259259259256,0.08726851851851852,0.32268518518518524,11.0
0.006944444444444444,0.0,0.0023148148148148147,0.0,0.0023148148148148147,0.0,0.011784511784511785,0.0,0.0,0.004629629629629629,0.0023148148148148147,0.009259259259259259,0.0023148148148148147,0.0,0.0,0.00484006734006734,0.009259259259259259,0.0,0.004629629629629629,0.0,0.0,0.004629629629629629,0.0,0.005555555555555556,0.0,0.0,0.009259259259259259,0.005555555555555556,0.0,0.006944444444444444,0.04027777777777778,0.0,0.016414141414141412,0.016203703703703703,0.011111111111111112,0.0,0.04532828282828283,0.0,0.011111111111111112,0.004629629629629629,0.04953703703703704,0.0,0.016203703703703703,0.02891414141414141,0.03585858585858586,0.01734006734006734,0.006944444444444444,0.004629629629629629,0.06494107744107745,0.03354377104377104,0.4211279461279461,12.0
0.0,0.0,0.0030864197530864196,0.0,0.0,0.0,0.0,0.0,0.0,0.014197530864197531,0.0,0.0,0.0,0.0,0.0,0.0,0.0,0.0,0.0,0.0,0.007054673721340388,0.0,0.0,0.0,0.0,0.0,0.0,0.0,0.0,0.003968253968253968,0.02821869488536155,0.0,0.007054673721340388,0.016534391534391533,0.003968253968253968,0.014814814814814814,0.05306437389770722,0.0,0.003968253968253968,0.0,0.057583774250440915,0.0,0.028869047619047617,0.030753968253968252,0.025573192239858905,0.024911816578483247,0.023842592592592592,0.007440476190476189,0.05755070546737214,0.06738315696649029,0.4368276014109347,13.0
