hi,hg,ic,eo,co,gh,oi,sj,jj,gc,ig,ci,oc,cg,jg,hh,sh,oe,ec,io,he,se,ih,go,ge,js,ii,eg,so,oo,si,hs,es,og,ce,sg,ie,ee,cc,ei,sc,cs,gg,is,os,gs,ss,TimeFactor
0.0,0.0,0.0,0.0,0.0,0.0,0.0,0.0,0.0,0.0,0.0,0.0,0.0,0.0,0.0,0.0,0.0,0.0,0.0,0.0,0.0,0.0,0.0,0.0,0.0,0.0,0.0,0.0,0.0,0.0,0.0,0.0,0.0,0.0,0.0,0.006944444444444444,0.010416666666666666,0.010416666666666666,0.010416666666666666,0.010416666666666666,0.013020833333333334,0.013715277777777778,0.013888888888888888,0.027777777777777776,0.03802083333333333,0.04583333333333334,0.46579861111111115,1.0
0.0,0.0,0.0,0.0,0.0,0.0,0.0,0.0,0.0,0.0,0.0,0.0,0.0,0.0,0.0,0.0,0.0,0.0,0.0,0.0,0.0,0.0,0.0,0.0,0.0,0.003472222222222222,0.003472222222222222,0.003472222222222222,0.006944444444444444,0.006944444444444444,0.010416666666666666,0.010416666666666666,0.013888888888888888,0.020833333333333332,0.020833333333333332,0.03125,0.0,0.0,0.0,0.020833333333333332,0.003472222222222222,0.02916666666666667,0.010416666666666666,0.03125,0.03958333333333334,0.05902777777777777,0.6743055555555556,2.0
0.0,0.0,0.0,0.0,0.0,0.0,0.0,0.0,0.0,0.0,0.0,0.0,0.0,0.0,0.0026041666666666665,0.003472222222222222,0.003472222222222222,0.005208333333333333,0.005208333333333333,0.0078125,0.010416666666666666,0.013888888888888888,0.01736111111111111,0.020833333333333332,0.020833333333333332,0.0,0.0,0.020833333333333332,0.005208333333333333,0.008680555555555554,0.0,0.006944444444444444,0.020833333333333332,0.0,0.005208333333333333,0.005208333333333333,0.0,0.003472222222222222,0.041666666666666664,0.010416666666666666,0.020833333333333332,0.035590277777777776,0.0,0.0,0.03732638888888889,0.03211805555555556,0.5512152777777778,3.0
0.0,0.0,0.0,0.0,0.0,0.0,0.0,0.0,0.0,0.0,0.0,0.0,0.0,0.003472222222222222,0.0,0.0,0.003472222222222222,0.0,0.0,0.0,0.003472222222222222,0.025049603174603172,0.0,0.0,0.0020833333333333333,0.0020833333333333333,0.005208333333333333,0.006944444444444444,0.0,0.0,0.007291666666666666,0.008680555555555554,0.039781746031746036,0.0,0.0,0.05267857142857143,0.006944444444444444,0.00992063492063492,0.005208333333333333,0.002976190476190476,0.010416666666666666,0.035069444444444445,0.03283730158730159,0.013740079365079365,0.020833333333333332,0.04260912698412699,0.4925595238095238,4.0
0.0,0.0,0.0,0.0,0.0,0.0,0.0,0.0,0.0,0.0,0.0,0.001736111111111111,0.0023148148148148147,0.0,0.0,0.0,0.0,0.0,0.004712301587301587,0.0,0.0,0.00818452380952381,0.0,0.0,0.03422619047619047,0.0,0.006944444444444444,0.005208333333333333,0.004629629629629629,0.004629629629629629,0.006944444444444444,0.002976190476190476,0.06382275132275132,0.0,0.001736111111111111,0.03149801587301587,0.005208333333333333,0.026041666666666668,0.004712301587301587,0.0,0.0,0.020585317460317457,0.04216269841269841,0.04241071428571428,0.019179894179894182,0.04216269841269841,0.6179728835978836,5.0
0.0,0.0,0.0,0.0,0.0,0.0,0.0,0.0,0.0,0.0,0.0,0.0,0.0,0.0026041666666666665,0.0,0.0,0.0,0.0,0.0,0.0,0.0,0.02065972222222222,0.0,0.0,0.00992063492063492,0.0,0.004166666666666667,0.006944444444444444,0.002976190476190476,0.0,0.0,0.0,0.04047619047619047,0.0,0.0,0.04030257936507936,0.002976190476190476,0.017881944444444447,0.0,0.002976190476190476,0.005208333333333333,0.0026041666666666665,0.030753968253968252,0.04756944444444444,0.028893849206349204,0.012152777777777776,0.554265873015873,6.0
0.0,0.0,0.0,0.0,0.0,0.0,0.0,0.0,0.0,0.0026041666666666665,0.009027777777777779,0.0,0.0,0.0,0.0,0.0,0.0,0.0,0.0,0.0,0.0,0.010243055555555556,0.0,0.0,0.0,0.005208333333333333,0.027777777777777776,0.0,0.0,0.0,0.04513888888888889,0.01597222222222222,0.02951388888888889,0.0,0.0,0.019791666666666666,0.0,0.008333333333333333,0.0026041666666666665,0.003472222222222222,0.0,0.012152777777777776,0.019444444444444445,0.04322916666666667,0.020833333333333332,0.04288194444444445,0.5984375000000001,7.0
0.0,0.0,0.0,0.0,0.0,0.0,0.0,0.0,0.0,0.0,0.0,0.0,0.0,0.0,0.0,0.0,0.0,0.0,0.0,0.003472222222222222,0.0,0.015625,0.0,0.0,0.0,0.0,0.0,0.009375,0.015625,0.010416666666666666,0.005208333333333333,0.0,0.024305555555555552,0.0,0.0,0.015625,0.005208333333333333,0.010416666666666666,0.014583333333333332,0.0,0.016319444444444442,0.02673611111111111,0.005208333333333333,0.026041666666666668,0.006944444444444444,0.06631944444444444,0.6392361111111111,8.0
0.0,0.0,0.0,0.0,0.0,0.0,0.005208333333333333,0.013888888888888888,0.013888888888888888,0.0078125,0.0078125,0.0,0.0,0.0,0.0,0.0,0.0,0.006944444444444444,0.0,0.0,0.0,0.018229166666666668,0.0,0.0,0.0,0.0,0.0,0.0,0.012152777777777776,0.0,0.0078125,0.0,0.04600694444444444,0.005208333333333333,0.010416666666666666,0.015625,0.003472222222222222,0.03298611111111111,0.01736111111111111,0.003472222222222222,0.006944444444444444,0.021701388888888885,0.033854166666666664,0.014756944444444442,0.0,0.04079861111111111,0.5703125,9.0
0.0,0.0,0.003472222222222222,0.003472222222222222,0.004166666666666667,0.004166666666666667,0.0,0.0,0.0,0.0,0.004166666666666667,0.003472222222222222,0.003472222222222222,0.0,0.0,0.0,0.0,0.0,0.0,0.0,0.0,0.021527777777777774,0.0,0.0020833333333333333,0.0,0.0,0.010416666666666666,0.0,0.0,0.0,0.02013888888888889,0.004166666666666667,0.041666666666666664,0.0,0.0,0.041666666666666664,0.0,0.008333333333333333,0.010416666666666666,0.0,0.010416666666666666,0.011805555555555555,0.014583333333333332,0.02013888888888889,0.018055555555555557,0.05902777777777778,0.4291666666666667,10.0
0.0,0.0,0.0,0.0,0.0,0.0,0.0,0.0,0.0,0.0,0.0,0.0,0.0,0.0,0.0,0.0,0.006944444444444444,0.0,0.020833333333333332,0.0,0.0,0.03802083333333333,0.0,0.0,0.0,0.0,0.0067708333333333336,0.0,0.0,0.0,0.004166666666666667,0.00954861111111111,0.06319444444444446,0.0,0.0,0.013715277777777778,0.0026041666666666665,0.006076388888888888,0.0,0.0,0.020833333333333332,0.041666666666666664,0.011284722222222222,0.013020833333333334,0.014583333333333332,0.034375,0.5256944444444444,11.0
0.002976190476190476,0.003472222222222222,0.004166666666666667,0.010416666666666666,0.0,0.0,0.0,0.0,0.0,0.005208333333333333,0.002976190476190476,0.0,0.0,0.0,0.0,0.0,0.002976190476190476,0.0,0.0,0.0,0.0,0.04136904761904762,0.0,0.006944444444444444,0.027976190476190474,0.0,0.002976190476190476,0.007142857142857143,0.0,0.0,0.01875,0.01636904761904762,0.03442460317460317,0.0,0.0,0.051339285714285705,0.0,0.042906746031746025,0.008333333333333333,0.004166666666666667,0.002976190476190476,0.019990079365079363,0.02202380952380952,0.021726190476190472,0.01736111111111111,0.03655753968253968,0.41780753968253975,12.0
0.0,0.0,0.0,0.0,0.0,0.0,0.0,0.0,0.0,0.0,0.0,0.0,0.0,0.0,0.0,0.020833333333333332,0.020833333333333332,0.0,0.0,0.0,0.0,0.010416666666666666,0.0,0.0,0.0,0.010416666666666666,0.020833333333333332,0.020833333333333332,0.0,0.0,0.02901785714285714,0.010416666666666666,0.05233134920634921,0.0,0.0,0.013888888888888888,0.0,0.0,0.002976190476190476,0.0,0.002976190476190476,0.027777777777777776,0.006944444444444444,0.034474206349206345,0.0,0.05505952380952381,0.5766369047619048,13.0
