hc,go,ic,oi,gj,jo,eh,ge,io,gc,ec,ei,hi,sh,hh,se,ii,og,gi,eg,ee,cc,co,cg,si,ig,oo,oe,sc,so,eo,ie,ce,es,ci,js,cs,gg,hs,os,sg,is,gs,ss,TimeFactor
0.0,0.0,0.0,0.0,0.0,0.0,0.0,0.0,0.0,0.0,0.0,0.0,0.0,0.0,0.0,0.0,0.0,0.0,0.0,0.0,0.0,0.0,0.0,0.0,0.0,0.0,0.0,0.0,0.0,0.0,0.0,0.0,0.0,0.0,0.005208333333333333,0.006944444444444444,0.010416666666666666,0.011160714285714286,0.011656746031746032,0.018105158730158732,0.018601190476190476,0.03546626984126984,0.05679563492063492,0.6589781746031745,1.0
0.0,0.0,0.0,0.0,0.0,0.0,0.0,0.0,0.0,0.0,0.0,0.0,0.0,0.0,0.0,0.0,0.0,0.0,0.0,0.0,0.0,0.0,0.0,0.0020833333333333333,0.0020833333333333333,0.0020833333333333333,0.004166666666666667,0.005208333333333333,0.006944444444444444,0.007291666666666666,0.010416666666666666,0.010416666666666666,0.010416666666666666,0.027777777777777776,0.0,0.027777777777777776,0.06944444444444443,0.030208333333333334,0.010416666666666666,0.024999999999999998,0.007291666666666666,0.011458333333333334,0.03229166666666667,0.6972222222222223,2.0
0.0,0.0,0.0,0.0,0.0,0.0,0.0,0.0,0.0,0.0,0.0,0.0,0.0,0.0,0.0,0.0,0.0012254901960784314,0.0020833333333333333,0.0020833333333333333,0.0023148148148148147,0.003472222222222222,0.004166666666666667,0.006944444444444444,0.0,0.0,0.0012254901960784314,0.00505952380952381,0.0,0.0020833333333333333,0.00505952380952381,0.0,0.0,0.010416666666666666,0.030753968253968252,0.0,0.00818452380952381,0.03263888888888889,0.018654684095860564,0.013229458450046685,0.023864962651727356,0.04520697167755991,0.016176470588235296,0.04974128540305011,0.6320806100217865,3.0
0.0,0.0,0.0,0.0,0.0,0.0,0.0,0.0,0.0,0.0,0.0,0.0,0.0026041666666666665,0.004166666666666667,0.004166666666666667,0.03819444444444444,0.013020833333333334,0.0,0.006944444444444444,0.006944444444444444,0.027777777777777776,0.0020833333333333333,0.0,0.0,0.0234375,0.00954861111111111,0.0,0.0,0.0026041666666666665,0.0,0.0,0.0,0.0,0.037642045454545456,0.0,0.0,0.013541666666666667,0.006944444444444444,0.020833333333333332,0.009027777777777779,0.024999999999999998,0.014204545454545456,0.0727114898989899,0.4919349747474748,4.0
0.0,0.0,0.0,0.0,0.0,0.0,0.0,0.0,0.0020833333333333333,0.005952380952380952,0.006944444444444444,0.010416666666666666,0.0,0.0,0.0,0.028472222222222218,0.01736111111111111,0.002976190476190476,0.00992063492063492,0.006944444444444444,0.014583333333333332,0.01736111111111111,0.0,0.009027777777777779,0.0,0.006944444444444444,0.0,0.0,0.00505952380952381,0.0,0.0,0.006944444444444444,0.0,0.012896825396825398,0.0,0.0,0.0318452380952381,0.014087301587301588,0.0,0.0020833333333333333,0.04603174603174603,0.020337301587301584,0.060615079365079365,0.4944444444444444,5.0
0.0,0.0,0.0,0.0,0.0,0.0,0.0,0.007142857142857143,0.0,0.0,0.0023148148148148147,0.0,0.0,0.0,0.0,0.005291005291005291,0.014583333333333332,0.0,0.010416666666666666,0.010416666666666666,0.007142857142857143,0.008267195767195767,0.0,0.002976190476190476,0.004166666666666667,0.0,0.0,0.0,0.005291005291005291,0.0,0.0,0.0,0.002976190476190476,0.020238095238095236,0.0,0.002976190476190476,0.02628968253968254,0.023809523809523808,0.0,0.002976190476190476,0.027976190476190474,0.015327380952380953,0.04406415343915344,0.5886904761904762,6.0
0.0,0.0,0.0,0.0,0.004166666666666667,0.004166666666666667,0.006944444444444444,0.007142857142857143,0.0,0.0,0.002976190476190476,0.0,0.0,0.0,0.006944444444444444,0.04513888888888889,0.0,0.0,0.0,0.006944444444444444,0.0314484126984127,0.0,0.0,0.0,0.00992063492063492,0.0,0.0,0.0,0.0,0.002976190476190476,0.0,0.006944444444444444,0.002976190476190476,0.0533234126984127,0.0,0.0,0.029712301587301582,0.006944444444444444,0.0,0.020535714285714286,0.016319444444444442,0.02728174603174603,0.03194444444444444,0.675248015873016,7.0
0.0,0.0,0.0,0.005208333333333333,0.0,0.0,0.0,0.0,0.010416666666666666,0.001893939393939394,0.004498106060606061,0.0,0.0,0.0,0.0,0.024621212121212124,0.007102272727272728,0.010416666666666666,0.005208333333333333,0.001893939393939394,0.022727272727272724,0.0,0.0,0.0,0.012310606060606062,0.006944444444444444,0.001893939393939394,0.0,0.010416666666666666,0.001893939393939394,0.005208333333333333,0.009706439393939394,0.010416666666666666,0.03314393939393939,0.0,0.0,0.020438762626262624,0.030855429292929292,0.0,0.010416666666666666,0.02840909090909091,0.025647095959595956,0.05760732323232323,0.5573705808080808,8.0
0.0,0.0,0.0020833333333333333,0.0,0.0,0.0,0.0,0.01014957264957265,0.020833333333333332,0.0,0.004166666666666667,0.0,0.0,0.0,0.0,0.04097222222222222,0.0,0.0,0.005555555555555556,0.0016025641025641027,0.03125,0.018055555555555557,0.004166666666666667,0.0,0.012499999999999999,0.0,0.0,0.0020833333333333333,0.01597222222222222,0.0,0.010416666666666666,0.0,0.0,0.04556623931623932,0.006944444444444444,0.0,0.007852564102564102,0.006448412698412699,0.014995421245421246,0.03493589743589744,0.02748015873015873,0.015277777777777779,0.01817002442002442,0.6425213675213676,9.0
0.0,0.005208333333333333,0.0,0.0,0.0,0.0,0.0,0.0023148148148148147,0.0,0.0,0.0,0.020833333333333332,0.0,0.0013020833333333333,0.0013020833333333333,0.004208754208754209,0.001893939393939394,0.0,0.0,0.0,0.004629629629629629,0.005366161616161616,0.0,0.005208333333333333,0.005366161616161616,0.0,0.006944444444444444,0.0,0.005366161616161616,0.006944444444444444,0.0,0.041666666666666664,0.0,0.0367739898989899,0.020833333333333332,0.0013020833333333333,0.015190972222222222,0.0026041666666666665,0.004774305555555555,0.022135416666666668,0.028816813973063973,0.0247790404040404,0.03707649410774411,0.6871580387205386,10.0
0.002976190476190476,0.0,0.0,0.003472222222222222,0.0,0.0,0.0,0.020833333333333332,0.0,0.0,0.012152777777777776,0.01636904761904762,0.0,0.0,0.0,0.04348544973544973,0.0,0.0,0.0,0.0,0.05158730158730159,0.015625,0.005208333333333333,0.006944444444444444,0.010416666666666666,0.003472222222222222,0.002976190476190476,0.0,0.010416666666666666,0.005952380952380952,0.0,0.002976190476190476,0.002976190476190476,0.047619047619047616,0.002976190476190476,0.0,0.02091600529100529,0.013888888888888888,0.0,0.018601190476190476,0.046378968253968256,0.0314484126984127,0.07452050264550265,0.5258101851851852,11.0
0.0,0.03125,0.0,0.0,0.0,0.0,0.0,0.005208333333333333,0.005208333333333333,0.0,0.012152777777777776,0.0,0.0,0.0026041666666666665,0.0,0.014583333333333332,0.0,0.0,0.0,0.0,0.015625,0.008333333333333333,0.004166666666666667,0.0,0.03715277777777778,0.005208333333333333,0.010416666666666666,0.01736111111111111,0.013541666666666667,0.015625,0.0,0.0,0.0,0.05520833333333333,0.0,0.0,0.036111111111111115,0.004166666666666667,0.0067708333333333336,0.014583333333333332,0.024999999999999998,0.04652777777777778,0.04652777777777778,0.5666666666666667,12.0
0.0,0.0,0.0,0.0,0.0,0.0,0.0,0.010416666666666666,0.0,0.0,0.020833333333333332,0.0,0.0,0.0,0.0,0.03125,0.015625,0.010416666666666666,0.0,0.0,0.010416666666666666,0.015625,0.0,0.010416666666666666,0.019791666666666666,0.0,0.0,0.0,0.0,0.0,0.0,0.005208333333333333,0.0,0.034374999999999996,0.0,0.004166666666666667,0.03125,0.030208333333333334,0.010416666666666666,0.006944444444444444,0.024999999999999998,0.02395833333333333,0.059722222222222225,0.540625,13.0
