eo,ji,jo,hj,jg,io,gc,oh,oe,je,ci,jj,cg,he,hh,ej,og,oj,ii,ei,hg,sh,sj,so,ie,go,ig,ge,js,gj,ce,hi,oc,sc,cj,ee,gi,cc,ij,se,eg,hs,es,ic,cs,gg,os,ss,is,sg,gs,si,TimeFactor
0.0,0.0,0.0,0.0,0.0,0.0,0.0,0.0,0.0,0.0,0.0,0.0,0.0,0.0,0.0,0.0,0.0,0.0,0.0,0.0024509803921568627,0.0024509803921568627,0.0024509803921568627,0.0024509803921568627,0.003968253968253968,0.003968253968253968,0.003968253968253968,0.008944486885663357,0.009259259259259259,0.009259259259259259,0.009259259259259259,0.011710239651416121,0.011904761904761904,0.011904761904761904,0.011904761904761904,0.013888888888888888,0.014355742296918767,0.01443001443001443,0.015873015873015872,0.018323996265172737,0.02030812324929972,0.020833333333333332,0.027326839826839828,0.030755736638089577,0.034197012138188605,0.03520499108734403,0.03753306878306878,0.043244949494949496,0.05968031151854681,0.06000657838893133,0.061438085335144166,0.102923492629375,0.11715367965367966,1.0
0.0,0.0,0.0,0.0,0.0,0.0,0.0,0.0,0.0,0.0,0.0,0.003968253968253968,0.003968253968253968,0.004166666666666667,0.010416666666666666,0.011904761904761904,0.011904761904761904,0.014384920634920634,0.02559523809523809,0.0,0.0,0.003968253968253968,0.045337301587301586,0.0,0.0,0.014583333333333332,0.013425925925925924,0.009722222222222222,0.010416666666666666,0.013888888888888888,0.0,0.0,0.0,0.052083333333333336,0.005555555555555556,0.0,0.009523809523809523,0.0,0.011904761904761904,0.01607142857142857,0.004166666666666667,0.01878306878306878,0.048511904761904756,0.0,0.014384920634920634,0.10535714285714286,0.0,0.1130621693121693,0.07698412698412697,0.04722222222222222,0.10393518518518519,0.09146825396825398,2.0
0.0,0.0,0.0,0.0,0.0,0.0,0.005208333333333333,0.006944444444444444,0.006944444444444444,0.007575757575757576,0.020833333333333332,0.0,0.021464646464646464,0.0,0.0,0.0,0.007575757575757576,0.0,0.0,0.0,0.0,0.005208333333333333,0.0,0.0,0.006944444444444444,0.020833333333333332,0.0,0.016666666666666666,0.0,0.0,0.0,0.0,0.020833333333333332,0.0,0.0,0.0,0.0,0.0,0.0,0.017113095238095236,0.014520202020202022,0.019728535353535356,0.045522186147186144,0.0,0.0,0.03361742424242425,0.03273809523809524,0.1175820707070707,0.04742063492063492,0.12604166666666666,0.26118326118326113,0.05416666666666667,3.0
0.0,0.0,0.0,0.0,0.0,0.004629629629629629,0.0,0.0,0.041666666666666664,0.0,0.0,0.0,0.0,0.0,0.0,0.0,0.0,0.011904761904761904,0.0,0.0,0.0,0.0,0.014743589743589745,0.0,0.006410256410256411,0.004629629629629629,0.06666666666666667,0.006410256410256411,0.02857142857142857,0.016666666666666666,0.0,0.0,0.0,0.0,0.0,0.0,0.006410256410256411,0.0,0.02948717948717949,0.019230769230769232,0.0,0.0,0.0,0.0,0.02023809523809524,0.05548433048433049,0.011904761904761904,0.3322751322751323,0.05350020350020349,0.05925925925925927,0.1970899470899471,0.012820512820512822,4.0
0.0,0.0,0.0,0.0,0.0,0.0,0.0,0.0,0.0,0.0,0.0,0.009259259259259259,0.0,0.0,0.0,0.009259259259259259,0.013888888888888888,0.0,0.0,0.0,0.009259259259259259,0.0,0.023809523809523808,0.004166666666666667,0.0,0.0,0.009259259259259259,0.004166666666666667,0.0,0.041666666666666664,0.0,0.0,0.0,0.0,0.0,0.0,0.0,0.0,0.0,0.013888888888888888,0.011904761904761904,0.0,0.0,0.0,0.0,0.013888888888888888,0.03306878306878307,0.32665343915343914,0.14212962962962963,0.12175925925925928,0.2027116402116402,0.009259259259259259,5.0
0.0,0.0,0.0,0.0,0.0,0.0,0.0,0.0,0.0,0.0,0.0,0.0,0.0,0.0,0.0,0.0,0.03125,0.0,0.0,0.010416666666666666,0.0,0.016666666666666666,0.015151515151515152,0.008333333333333333,0.0,0.0,0.01875,0.0,0.0,0.008333333333333333,0.0,0.0,0.0,0.0,0.0,0.0,0.0,0.0,0.0,0.010416666666666666,0.016666666666666666,0.007575757575757576,0.008333333333333333,0.0,0.0,0.11515151515151516,0.0,0.23479437229437228,0.03823051948051948,0.13214285714285715,0.1416396103896104,0.01948051948051948,6.0
0.0,0.0,0.008333333333333333,0.010416666666666666,0.029166666666666664,0.0,0.0,0.0,0.0,0.0,0.0,0.008333333333333333,0.0,0.0,0.0,0.013888888888888888,0.005952380952380952,0.0,0.0,0.0,0.0,0.0,0.0,0.01875,0.0,0.0,0.005952380952380952,0.022619047619047622,0.029166666666666664,0.0,0.0,0.0,0.0,0.0,0.0,0.0,0.020833333333333332,0.0,0.0,0.0,0.010416666666666666,0.0,0.046924603174603174,0.0,0.0,0.030257936507936508,0.0,0.25297619047619047,0.036210317460317464,0.0802579365079365,0.24305555555555558,0.0431547619047619,7.0
0.0,0.016666666666666666,0.0,0.0,0.0,0.0,0.0,0.0,0.0,0.0,0.0,0.0,0.0,0.0,0.0,0.0,0.0,0.006410256410256411,0.0,0.0,0.009259259259259259,0.0,0.0794973544973545,0.0,0.006410256410256411,0.0,0.07222222222222223,0.0,0.009259259259259259,0.030555555555555558,0.0,0.0,0.0,0.0,0.0,0.0,0.0,0.0,0.0,0.05555555555555555,0.006410256410256411,0.0,0.011904761904761904,0.0,0.006410256410256411,0.0322039072039072,0.041666666666666664,0.22649572649572647,0.07440476190476189,0.04337606837606837,0.18795787545787546,0.0,8.0
0.0,0.005208333333333333,0.0,0.0,0.0,0.0,0.0,0.0,0.0,0.0,0.041666666666666664,0.0,0.005208333333333333,0.0,0.0,0.0,0.0,0.0,0.0,0.0,0.0,0.0,0.06076388888888889,0.005208333333333333,0.0,0.0,0.0,0.0,0.013888888888888888,0.0,0.0,0.0,0.0,0.0,0.0,0.0,0.020833333333333332,0.0,0.0,0.027777777777777776,0.0,0.006944444444444444,0.0,0.0,0.006944444444444444,0.06770833333333333,0.0,0.19479166666666667,0.006944444444444444,0.23229166666666667,0.13715277777777776,0.0,9.0
0.027777777777777776,0.0,0.0,0.0,0.0,0.0,0.0,0.0,0.0,0.0,0.0,0.0,0.0,0.0,0.0,0.0,0.0,0.0,0.0,0.0,0.0,0.0,0.10185185185185186,0.020833333333333332,0.0,0.0,0.03009259259259259,0.0,0.004629629629629629,0.05092592592592593,0.0,0.0,0.0,0.0,0.0,0.0,0.011904761904761904,0.0,0.0,0.03968253968253968,0.013888888888888888,0.0,0.0,0.0,0.0,0.02314814814814815,0.004629629629629629,0.19345238095238096,0.08564814814814814,0.12533068783068782,0.09953703703703703,0.0,10.0
0.0,0.0,0.0,0.0,0.010416666666666666,0.0,0.0,0.0,0.0,0.0,0.0,0.0,0.0,0.0,0.0,0.0,0.0,0.0,0.0,0.0,0.0,0.010416666666666666,0.004166666666666667,0.0,0.0,0.0,0.016666666666666666,0.0,0.0,0.004166666666666667,0.0,0.0,0.0,0.0,0.0,0.0,0.020833333333333332,0.0,0.0,0.041666666666666664,0.0,0.0,0.0,0.0,0.08333333333333333,0.008333333333333333,0.0,0.28912037037037036,0.0,0.09236111111111112,0.1372685185185185,0.03125,11.0
0.0,0.0,0.0,0.0,0.0,0.0,0.0,0.0,0.0,0.0,0.0,0.0,0.0,0.0,0.0,0.0,0.0,0.0,0.0,0.0,0.0,0.009259259259259259,0.06954156954156955,0.0,0.0,0.0,0.013888888888888888,0.0,0.0,0.007575757575757576,0.0,0.0,0.0,0.0,0.0,0.009259259259259259,0.0,0.0,0.0,0.006410256410256411,0.0,0.0,0.013888888888888888,0.0,0.0,0.011904761904761904,0.0,0.3651071151071151,0.037037037037037035,0.04292929292929293,0.19728882228882227,0.04924242424242425,12.0
0.0,0.0,0.0,0.0,0.0,0.0,0.0,0.006410256410256411,0.0,0.0,0.0,0.0,0.0,0.0,0.0,0.0,0.0,0.0,0.0,0.0,0.0,0.0,0.012820512820512822,0.011904761904761904,0.0,0.0,0.0,0.0,0.0,0.02857142857142857,0.0,0.0,0.0,0.041666666666666664,0.0,0.0,0.0,0.0,0.0,0.0,0.0,0.0,0.02857142857142857,0.0,0.0,0.08114570614570614,0.08333333333333333,0.25134564509564505,0.006410256410256411,0.06523453398453398,0.1325854700854701,0.0,13.0
