eh,he,je,go,hc,hi,sj,io,ci,hh,ch,oo,ic,oe,ie,gi,ej,eg,jj,oc,gc,sh,cg,ce,ec,es,cc,gh,ih,og,ge,co,ei,se,sc,gg,so,os,js,sg,ig,ee,ii,gs,cs,hs,si,is,ss,TimeFactor
0.0,0.0,0.0,0.0,0.0,0.0,0.0,0.0,0.0,0.0,0.0,0.0,0.0,0.0,0.0,0.0,0.0,0.0,0.0,0.0,0.0,0.0,0.0,0.0,0.0,0.0,0.0,0.0016339869281045752,0.002777777777777778,0.002777777777777778,0.002777777777777778,0.0032051282051282055,0.0032051282051282055,0.0032051282051282055,0.0032679738562091504,0.005555555555555556,0.0059829059829059825,0.006410256410256411,0.006944444444444444,0.007679738562091504,0.008044243338360986,0.00876068376068376,0.00980392156862745,0.014580191050779285,0.01576797385620915,0.02434640522875817,0.0315359477124183,0.04536199095022624,0.45304172951231775,1.0
0.0,0.0,0.0,0.0,0.0,0.0,0.0,0.0,0.0,0.0,0.0,0.0,0.0,0.0,0.0,0.0,0.0,0.0,0.0,0.0013227513227513227,0.0025252525252525255,0.0032051282051282055,0.004010923365762076,0.006944444444444444,0.009259259259259259,0.017457079957079957,0.03535353535353535,0.0,0.0,0.0,0.0032051282051282055,0.0,0.0,0.015364265364265363,0.016685748540587252,0.0013227513227513227,0.0,0.0,0.0,0.006536175891014601,0.0026881720430107525,0.013227513227513227,0.01075268817204301,0.016694774759290886,0.036737456092294805,0.0032051282051282055,0.011912519977036106,0.006536175891014601,0.4417197945423752,2.0
0.0,0.0,0.0,0.0,0.0,0.0,0.0,0.0,0.0,0.0,0.0,0.0,0.0,0.0,0.0,0.0016666666666666668,0.0017730496453900709,0.0028735632183908046,0.005319148936170213,0.0,0.0,0.0,0.0,0.0,0.0046466128637808754,0.011706912079252505,0.0,0.0,0.0,0.0,0.0,0.0,0.005952380952380952,0.013274707209043233,0.0,0.033934386973180075,0.0017730496453900709,0.007725430597771023,0.0,0.025129161840268494,0.0016666666666666668,0.005952380952380952,0.02119047619047619,0.029401916451335056,0.0046466128637808754,0.0,0.013373578745919172,0.011706912079252505,0.6296197187558369,3.0
0.0,0.0,0.0,0.0,0.0,0.0,0.0,0.0,0.0,0.0,0.002777777777777778,0.0032051282051282055,0.003968253968253968,0.006410256410256411,0.006410256410256411,0.005235042735042735,0.0,0.0,0.0,0.0,0.0,0.0,0.0,0.0,0.004166666666666667,0.0459648721161879,0.0,0.0,0.0,0.0,0.0010683760683760683,0.006410256410256411,0.006410256410256411,0.04917000032131611,0.002777777777777778,0.014545177045177044,0.008360042735042735,0.007291666666666666,0.0,0.01662851037851038,0.005036630036630036,0.04583333333333334,0.02435897435897436,0.036519383394383396,0.013343253968253968,0.002777777777777778,0.008241758241758242,0.025312881562881567,0.6477756892230577,4.0
0.0,0.0,0.0,0.0,0.0,0.0,0.0,0.0,0.010416666666666666,0.019230769230769232,0.0,0.0,0.0,0.0,0.0033333333333333335,0.0033333333333333335,0.0,0.0033333333333333335,0.0,0.0,0.0,0.009283819628647215,0.0,0.0,0.0,0.022430555555555554,0.025183150183150187,0.0,0.0,0.0,0.0033333333333333335,0.0028735632183908046,0.0,0.0,0.01226001010483769,0.020517676767676768,0.010416666666666666,0.013290229885057472,0.0,0.032879876349703935,0.0,0.017222222222222222,0.03208646616541353,0.045139886454541624,0.012362637362637362,0.0028735632183908046,0.01069548872180451,0.010416666666666666,0.5937534182645344,5.0
0.0,0.0,0.0,0.0,0.0,0.0,0.0,0.0015151515151515152,0.0,0.0,0.0,0.004545454545454545,0.0015151515151515152,0.0,0.004629629629629629,0.0023148148148148147,0.0,0.0,0.0,0.0023148148148148147,0.0,0.0015151515151515152,0.0,0.0015151515151515152,0.0015151515151515152,0.017138047138047136,0.007659932659932659,0.0015151515151515152,0.0,0.0,0.0023148148148148147,0.0,0.006144781144781145,0.008678451178451178,0.018187830687830687,0.013888888888888888,0.0023148148148148147,0.0,0.0,0.02094956129438888,0.0023148148148148147,0.015319865319865318,0.03306878306878307,0.02711890280855798,0.018187830687830687,0.0030303030303030303,0.015458152958152957,0.020502645502645505,0.6614926229581402,6.0
0.0,0.0,0.0,0.0,0.0,0.0,0.0021929824561403508,0.0,0.0,0.0,0.0,0.0,0.0,0.0,0.0,0.0,0.0,0.009722222222222222,0.010964912280701754,0.0016666666666666668,0.0,0.013888888888888888,0.0,0.0038596491228070177,0.0016666666666666668,0.031181783510158795,0.0038596491228070177,0.0,0.0,0.0,0.006944444444444444,0.0,0.0,0.02617369345630215,0.005816170861937452,0.01652046783625731,0.0038596491228070177,0.004970760233918128,0.0,0.017752743061667547,0.0,0.027525252525252526,0.010101010101010102,0.03522509097519193,0.00967581998474447,0.013888888888888888,0.01893939393939394,0.016414141414141412,0.7071890522169832,7.0
0.0,0.0,0.0,0.0,0.0,0.006944444444444444,0.0,0.0,0.0,0.0,0.0,0.0,0.0,0.0,0.002976190476190476,0.008333333333333333,0.0,0.002777777777777778,0.0,0.002777777777777778,0.0,0.0,0.0,0.0,0.002976190476190476,0.021507936507936507,0.008333333333333333,0.0,0.0,0.0,0.0,0.0,0.0,0.005753968253968254,0.002777777777777778,0.04666666666666666,0.005753968253968254,0.005753968253968254,0.0,0.04083333333333333,0.0,0.008730158730158729,0.0,0.02027777777777778,0.011507936507936509,0.0,0.02261904761904762,0.03492063492063492,0.4044444444444444,8.0
0.0,0.0,0.0,0.001282051282051282,0.004629629629629629,0.0,0.0,0.0,0.0,0.0,0.0,0.0,0.0,0.0,0.0,0.001282051282051282,0.0,0.0,0.0,0.005555555555555556,0.0,0.004629629629629629,0.0,0.0,0.0,0.02743460243460243,0.005128205128205128,0.0,0.0,0.001282051282051282,0.0,0.005555555555555556,0.0,0.011421911421911422,0.00811965811965812,0.02532833020637899,0.0,0.001282051282051282,0.0,0.02171783501051794,0.0,0.011363636363636362,0.011538461538461539,0.020625485625485624,0.018115141407824335,0.0,0.00811965811965812,0.006837606837606838,0.5487508922874776,9.0
0.0,0.0,0.0023809523809523807,0.009259259259259259,0.0,0.0,0.0,0.0,0.0,0.0,0.0,0.0,0.004413472706155633,0.0,0.0,0.0,0.0,0.028333225792575387,0.0,0.0,0.0,0.0023809523809523807,0.0,0.0,0.0,0.030705037209102254,0.0,0.0,0.0,0.0,0.0040650406504065045,0.003575730201746462,0.0,0.041031638490988086,0.0160108024691358,0.011172161172161172,0.0,0.01283498946100572,0.0,0.01946570442505402,0.004748338081671415,0.05774239686841313,0.0023809523809523807,0.04135293718627052,0.019229497354497353,0.0023809523809523807,0.007129290462623796,0.013621794871794872,0.5824515404799958,10.0
0.0,0.0,0.0,0.0,0.0,0.0,0.0,0.0028735632183908046,0.0,0.0,0.0,0.0,0.0,0.0,0.0,0.0,0.0,0.0,0.0,0.0,0.0,0.011904761904761904,0.0,0.0,0.0,0.015688646904617867,0.0,0.0,0.0,0.0028735632183908046,0.002777777777777778,0.0,0.0028735632183908046,0.02504369160449015,0.0,0.005555555555555556,0.0,0.0,0.0,0.037914290035433416,0.0,0.041423001949317736,0.037037037037037035,0.051898964364935324,0.0028735632183908046,0.011904761904761904,0.009259259259259259,0.0,0.4047646654951555,11.0
0.0012254901960784314,0.0012254901960784314,0.0,0.0,0.0,0.0,0.0,0.0,0.0,0.0,0.0,0.0,0.0,0.0028735632183908046,0.0,0.0,0.0,0.0,0.0,0.0,0.004629629629629629,0.0,0.0,0.004901960784313725,0.007233796296296296,0.013117582559339527,0.023420479302832243,0.0,0.0,0.0,0.0,0.0028735632183908046,0.0,0.014739923747276687,0.008485018326749938,0.008578431372549019,0.0,0.0,0.0,0.028846254078452222,0.0,0.031482420554428674,0.0078125,0.042972334618194996,0.01284525140465543,0.0012254901960784314,0.0026041666666666665,0.0,0.6955733203002646,12.0
0.0,0.0,0.0,0.0,0.0,0.0,0.0,0.0,0.0,0.0029411764705882353,0.0,0.0,0.000980392156862745,0.0,0.0,0.000980392156862745,0.0,0.0,0.0,0.0,0.0,0.0011111111111111111,0.0,0.0,0.0,0.032662108703130376,0.00196078431372549,0.000980392156862745,0.0,0.0,0.010416666666666666,0.0,0.0,0.018390522875816995,0.006944444444444444,0.009287925696594427,0.0043859649122807015,0.0043859649122807015,0.006944444444444444,0.029140866873065014,0.000980392156862745,0.024885620915032682,0.018627450980392157,0.02762684898520812,0.006944444444444444,0.0011111111111111111,0.004313725490196078,0.0011111111111111111,0.366219470244238,13.0
