ij,sh,ho,hg,ch,sj,gj,eo,hi,eh,cc,oe,go,og,gg,ec,gc,cg,ei,co,jc,hc,oo,ci,ic,ce,sc,ge,ee,js,jg,oc,io,oi,se,ii,ig,gi,eg,sg,si,ie,so,es,hs,gs,os,cs,is,ss,TimeFactor
0.0,0.0,0.0,0.0,0.0,0.0,0.0,0.0,0.0,0.0,0.0,0.0,0.0,0.0,0.0,0.0,0.0,0.0,0.0,0.0,0.0,0.0,0.0,0.0,0.0,0.0,0.0,0.0,0.0,0.0016025641025641027,0.0018115942028985507,0.0018115942028985507,0.0021929824561403508,0.0021929824561403508,0.0024509803921568627,0.002976190476190476,0.003472222222222222,0.003472222222222222,0.003472222222222222,0.004909003831417624,0.005490326103916368,0.005923202614379085,0.0077485380116959065,0.015613240837026003,0.020650836092012563,0.049832769788581345,0.08135561474488953,0.08598672263025264,0.10921247014185449,0.5878217202483184,1.0
0.0,0.0,0.0,0.0,0.0,0.0,0.0,0.0,0.0,0.0,0.0,0.0,0.0,0.0,0.0,0.0,0.0,0.0,0.0,0.002976190476190476,0.002976190476190476,0.0032051282051282055,0.003787878787878788,0.004166666666666667,0.004166666666666667,0.006993006993006993,0.007954545454545455,0.008730158730158729,0.011742424242424243,0.0,0.002777777777777778,0.003787878787878788,0.0,0.0,0.005176767676767676,0.0,0.0,0.003787878787878788,0.005952380952380952,0.012716450216450216,0.007142857142857143,0.0,0.0,0.05689726939726939,0.01712962962962963,0.03727152477152477,0.0624962999963,0.0971024346024346,0.057275594775594775,0.5737863987863987,2.0
0.0,0.0,0.0,0.0,0.0,0.0,0.0,0.0,0.0,0.0,0.0,0.0,0.0,0.006944444444444444,0.006944444444444444,0.008333333333333333,0.008928571428571428,0.008928571428571428,0.012896825396825398,0.0,0.0,0.0,0.0,0.0,0.0,0.0,0.0,0.005952380952380952,0.0,0.003787878787878788,0.0,0.0,0.0,0.002777777777777778,0.0,0.0,0.0,0.0,0.018253968253968255,0.002976190476190476,0.005952380952380952,0.008333333333333333,0.002777777777777778,0.07201918451918453,0.017142579642579644,0.021626984126984123,0.07504856254856256,0.10359779109779109,0.04451058201058201,0.5622664372664373,3.0
0.0,0.0,0.0,0.0,0.0,0.0,0.0,0.0,0.0,0.0,0.0032051282051282055,0.005208333333333333,0.01014957264957265,0.0,0.003787878787878788,0.0,0.0,0.0,0.002976190476190476,0.0,0.0,0.0,0.0,0.0,0.003472222222222222,0.009157509157509158,0.008413461538461538,0.006944444444444444,0.003472222222222222,0.0,0.009157509157509158,0.0,0.0,0.0,0.00996919746919747,0.0,0.0,0.0,0.003472222222222222,0.005331088664421998,0.005015432098765432,0.003787878787878788,0.005208333333333333,0.12400928546761879,0.012703924162257496,0.04394486686153353,0.016672178130511462,0.08626231022064355,0.04920831483331483,0.5684704955538288,4.0
0.0,0.0,0.0,0.0,0.0,0.0,0.0,0.0,0.0,0.005208333333333333,0.003787878787878788,0.0,0.0,0.0,0.002976190476190476,0.0,0.0,0.008333333333333333,0.003787878787878788,0.0,0.008333333333333333,0.0,0.0,0.0,0.0,0.0,0.012205387205387205,0.0,0.005208333333333333,0.002976190476190476,0.0,0.0,0.0,0.0,0.018518518518518517,0.003787878787878788,0.0,0.0,0.0,0.013558201058201056,0.009259259259259259,0.004629629629629629,0.0,0.06561147186147186,0.01518157768157768,0.06610750360750361,0.05433201058201057,0.08097492784992784,0.06735359547859547,0.5478685666185666,5.0
0.0,0.0,0.0,0.003787878787878788,0.003787878787878788,0.004166666666666667,0.004629629629629629,0.004629629629629629,0.006944444444444444,0.0,0.005208333333333333,0.0,0.0,0.0,0.004166666666666667,0.0,0.006944444444444444,0.0,0.0,0.0,0.004629629629629629,0.005208333333333333,0.0,0.0,0.0,0.004166666666666667,0.008333333333333333,0.0,0.015692640692640692,0.007954545454545455,0.0,0.0,0.0,0.0,0.003787878787878788,0.0,0.006944444444444444,0.0,0.0,0.01875,0.0,0.011111111111111112,0.004166666666666667,0.07065446127946128,0.02199074074074074,0.03402777777777778,0.03974867724867725,0.0779611592111592,0.06883417508417508,0.5517721861471861,6.0
0.0,0.0,0.0,0.0,0.004629629629629629,0.0,0.0,0.0,0.0,0.0,0.0,0.0,0.0,0.0,0.005208333333333333,0.0,0.012962962962962963,0.0,0.0,0.0,0.0,0.0,0.0,0.0,0.0,0.005952380952380952,0.0,0.004629629629629629,0.0026041666666666665,0.006944444444444444,0.0,0.0,0.0,0.0,0.005208333333333333,0.008333333333333333,0.008333333333333333,0.008333333333333333,0.005952380952380952,0.01521164021164021,0.004629629629629629,0.0,0.0,0.0763806216931217,0.027430555555555555,0.05768849206349206,0.02685185185185185,0.11197089947089948,0.04878472222222222,0.5519593253968254,7.0
0.0,0.0,0.04487179487179487,0.0,0.0,0.0,0.0,0.0,0.0,0.0,0.0,0.0,0.0,0.0,0.003787878787878788,0.0032051282051282055,0.0,0.0,0.0,0.0,0.0,0.0,0.0,0.0,0.0,0.0,0.003787878787878788,0.0,0.0,0.0032051282051282055,0.0,0.041666666666666664,0.0,0.0,0.006944444444444444,0.0,0.003472222222222222,0.0,0.008333333333333333,0.003787878787878788,0.009837962962962963,0.0,0.0,0.08075894013394012,0.010416666666666666,0.08049982424982426,0.01616809116809117,0.10537460224960227,0.04561584249084249,0.5282657157657158,8.0
0.0,0.0,0.0,0.0,0.0,0.0,0.0,0.0,0.0,0.0,0.0,0.0,0.0,0.0,0.006565656565656566,0.0,0.0,0.008333333333333333,0.0,0.0,0.0,0.0,0.0,0.0,0.006944444444444444,0.0,0.0021929824561403508,0.0,0.0021929824561403508,0.0,0.0,0.0,0.0,0.0,0.005208333333333333,0.0021929824561403508,0.001388888888888889,0.001388888888888889,0.0,0.005176767676767676,0.00577485380116959,0.0,0.00974025974025974,0.1576775746183641,0.003787878787878788,0.05556006493506493,0.022222222222222223,0.07771440912888282,0.034931077694235584,0.591006398572188,9.0
0.0,0.0,0.0,0.005952380952380952,0.0,0.0,0.0,0.0,0.0,0.0,0.003472222222222222,0.008333333333333333,0.0,0.0,0.005208333333333333,0.0,0.0,0.005208333333333333,0.005952380952380952,0.0,0.0,0.0,0.0,0.0,0.005208333333333333,0.0,0.0,0.00818452380952381,0.013392857142857142,0.005952380952380952,0.0,0.005208333333333333,0.0,0.0,0.0,0.0,0.0,0.005208333333333333,0.0,0.011160714285714286,0.005952380952380952,0.0,0.008333333333333333,0.052980006105006104,0.023790445665445664,0.06270985958485958,0.006677350427350427,0.11932615995115996,0.09262057387057386,0.5391674297924297,10.0
0.0,0.0,0.0,0.0,0.0,0.0,0.0,0.0,0.0,0.0,0.0,0.0,0.0,0.0,0.025462962962962965,0.0,0.0,0.004629629629629629,0.0026041666666666665,0.0,0.0,0.0,0.0,0.0,0.0026041666666666665,0.010416666666666666,0.0,0.006481481481481481,0.020833333333333332,0.012731481481481483,0.0,0.010416666666666666,0.0,0.0,0.0,0.0,0.0,0.0,0.006481481481481481,0.004398148148148148,0.005208333333333333,0.0,0.0,0.11267361111111111,0.024479166666666666,0.05532407407407408,0.013020833333333334,0.0527199074074074,0.07199074074074074,0.5575231481481482,11.0
0.0,0.006944444444444444,0.0,0.0,0.0,0.0,0.0,0.004629629629629629,0.0,0.0,0.0,0.0,0.005208333333333333,0.0,0.020833333333333332,0.0,0.006944444444444444,0.0,0.004629629629629629,0.0,0.0,0.0,0.0,0.0,0.0,0.0,0.004629629629629629,0.0,0.0,0.002777777777777778,0.0,0.0,0.0,0.0,0.013020833333333334,0.0,0.0,0.0,0.006944444444444444,0.02172619047619048,0.0,0.0,0.002976190476190476,0.08856646825396826,0.00798611111111111,0.0771494708994709,0.040393518518518516,0.07044477513227512,0.03801256613756613,0.4928488756613756,12.0
0.002777777777777778,0.013888888888888888,0.0,0.0,0.005952380952380952,0.0,0.010416666666666666,0.0,0.0,0.0,0.0,0.0,0.0,0.0,0.015625,0.041666666666666664,0.010416666666666666,0.005208333333333333,0.0,0.0,0.0,0.005952380952380952,0.0,0.0,0.0,0.005952380952380952,0.0032051282051282055,0.0,0.0,0.019574175824175824,0.0,0.0,0.005952380952380952,0.0,0.031001984126984128,0.0,0.005952380952380952,0.005952380952380952,0.010416666666666666,0.0,0.01468253968253968,0.0032051282051282055,0.0,0.10567765567765568,0.010416666666666666,0.058146367521367516,0.017113095238095236,0.07188644688644688,0.08787774725274723,0.43108211233211224,13.0
