he,sj,eh,eo,ej,gh,go,jh,ij,jj,je,io,gc,ie,oe,oi,ic,ge,co,oc,hi,hg,hc,ec,og,ei,cc,ce,ee,cg,sc,hh,gi,sh,ii,eg,ci,os,se,hs,es,oo,so,js,cs,sg,ig,si,gg,is,gs,ss,TimeFactor
0.0,0.0,0.0,0.0,0.0,0.0,0.0,0.0,0.0,0.0,0.0,0.0,0.0,0.0,0.0,0.0,0.0,0.0,0.0,0.0,0.0,0.0,0.0,0.0,0.0,0.0,0.0,0.0,0.0,0.0,0.0,0.0026041666666666665,0.0026041666666666665,0.0026041666666666665,0.003472222222222222,0.003472222222222222,0.005208333333333333,0.005208333333333333,0.006944444444444444,0.00954861111111111,0.00954861111111111,0.010416666666666666,0.010416666666666666,0.011284722222222222,0.019965277777777776,0.03819444444444444,0.03993055555555556,0.04340277777777777,0.04340277777777777,0.056423611111111105,0.08333333333333333,0.592013888888889,1.0
0.0,0.0,0.0,0.0,0.0,0.0,0.0,0.0,0.0,0.0,0.0,0.0,0.0,0.0,0.0,0.0,0.0,0.0,0.0,0.0,0.0,0.0,0.0,0.0,0.003472222222222222,0.005208333333333333,0.0076388888888888895,0.010416666666666666,0.010416666666666666,0.020833333333333332,0.024305555555555556,0.0,0.0,0.0,0.0,0.010416666666666666,0.0,0.015625,0.014583333333333332,0.020833333333333332,0.024999999999999998,0.0,0.0,0.0,0.02638888888888889,0.042361111111111106,0.0,0.006944444444444444,0.027777777777777776,0.01736111111111111,0.03888888888888889,0.4215277777777778,2.0
0.0,0.0,0.0,0.0,0.0,0.0,0.0,0.0,0.0,0.0,0.0,0.0,0.0,0.0,0.0,0.0,0.0,0.0,0.0,0.0,0.0,0.001388888888888889,0.010416666666666666,0.017013888888888887,0.0,0.0,0.013541666666666665,0.005208333333333333,0.005208333333333333,0.0,0.006597222222222222,0.0,0.0,0.010416666666666666,0.010416666666666666,0.0,0.0,0.028472222222222218,0.020833333333333332,0.010416666666666666,0.027777777777777776,0.015277777777777777,0.02569444444444444,0.0,0.06736111111111111,0.010416666666666666,0.0,0.020833333333333332,0.020833333333333332,0.01736111111111111,0.02361111111111111,0.4642361111111111,3.0
0.0,0.0,0.0,0.0,0.0,0.0,0.0,0.0,0.0,0.0,0.0,0.0,0.0,0.0,0.0026041666666666665,0.0026041666666666665,0.002976190476190476,0.002976190476190476,0.005208333333333333,0.005208333333333333,0.0078125,0.002976190476190476,0.0,0.0026041666666666665,0.0,0.0,0.036458333333333336,0.0026041666666666665,0.03943452380952381,0.0,0.0078125,0.0,0.0,0.0026041666666666665,0.015625,0.005208333333333333,0.005208333333333333,0.005208333333333333,0.029166666666666664,0.002976190476190476,0.021354166666666664,0.0,0.0026041666666666665,0.0,0.044270833333333336,0.034970238095238096,0.0,0.00818452380952381,0.0,0.036904761904761905,0.0443452380952381,0.4534226190476191,4.0
0.0,0.0,0.0,0.0,0.0,0.0,0.0,0.0,0.0,0.0,0.0,0.0026041666666666665,0.0026041666666666665,0.006944444444444444,0.0,0.0,0.0,0.00390625,0.0,0.006944444444444444,0.0,0.0,0.0,0.0013020833333333333,0.005208333333333333,0.004166666666666667,0.010850694444444442,0.0,0.0026041666666666665,0.0,0.0026041666666666665,0.0,0.006944444444444444,0.0,0.0013020833333333333,0.006944444444444444,0.0013020833333333333,0.014322916666666666,0.008246527777777778,0.006944444444444444,0.013715277777777778,0.0026041666666666665,0.016493055555555556,0.0,0.014756944444444442,0.0078125,0.004166666666666667,0.005208333333333333,0.017795138888888885,0.0026041666666666665,0.014583333333333332,0.3878472222222222,5.0
0.0,0.0,0.0,0.0,0.0,0.0,0.0,0.0,0.0,0.0,0.001388888888888889,0.0,0.0,0.0,0.0,0.0,0.0,0.005208333333333333,0.0,0.0,0.0,0.0,0.0,0.005208333333333333,0.0,0.0,0.001388888888888889,0.005208333333333333,0.005208333333333333,0.0,0.001388888888888889,0.0,0.0,0.0,0.0,0.010416666666666666,0.0,0.02103174603174603,0.036458333333333336,0.0,0.057638888888888885,0.013392857142857142,0.027281746031746032,0.0,0.021180555555555553,0.016021825396825395,0.0,0.0,0.013888888888888888,0.006597222222222222,0.047271825396825395,0.4538194444444444,6.0
0.0,0.0,0.0,0.0,0.0,0.0,0.0,0.0016025641025641027,0.005208333333333333,0.005208333333333333,0.0,0.0,0.0,0.0,0.0,0.0,0.0,0.027014652014652012,0.0,0.0,0.0,0.0,0.0,0.0016025641025641027,0.0,0.0,0.010416666666666666,0.0016025641025641027,0.04263965201465201,0.002976190476190476,0.015128968253968256,0.0,0.0,0.0,0.001736111111111111,0.00818452380952381,0.0,0.005208333333333333,0.02541208791208791,0.0016025641025641027,0.0455776862026862,0.0,0.0,0.002976190476190476,0.028884310134310132,0.020566239316239316,0.0,0.013888888888888888,0.03373015873015873,0.03729777167277167,0.01636904761904762,0.47849893162393164,7.0
0.0,0.0,0.0,0.0016025641025641027,0.003472222222222222,0.006944444444444444,0.015625,0.0,0.0,0.003472222222222222,0.0,0.0,0.0,0.0,0.0,0.010416666666666666,0.0,0.006410256410256411,0.0,0.0,0.0,0.0,0.0,0.0,0.0,0.0,0.006944444444444444,0.0,0.02590811965811966,0.0,0.0,0.0,0.0,0.0,0.003472222222222222,0.005208333333333333,0.0,0.003472222222222222,0.008547008547008546,0.010416666666666666,0.04447115384615385,0.010283119658119658,0.003472222222222222,0.0,0.01188568376068376,0.027377136752136752,0.0,0.003472222222222222,0.01736111111111111,0.024305555555555552,0.03298611111111111,0.37913995726495725,8.0
0.0,0.003472222222222222,0.010416666666666666,0.0,0.0,0.0,0.0,0.0,0.0,0.003472222222222222,0.0,0.0,0.0,0.003472222222222222,0.010416666666666666,0.0,0.0,0.010416666666666666,0.0,0.003472222222222222,0.0,0.0,0.0,0.015376984126984128,0.0,0.010416666666666666,0.008432539682539682,0.0,0.011904761904761904,0.0,0.006448412698412699,0.010416666666666666,0.0,0.0,0.0,0.014583333333333332,0.0,0.005208333333333333,0.02901785714285714,0.0,0.027033730158730156,0.0,0.008680555555555554,0.0,0.0248015873015873,0.06909722222222223,0.0,0.0,0.05104166666666667,0.002976190476190476,0.07450396825396825,0.3349206349206349,9.0
0.0,0.0,0.0,0.0,0.0,0.0,0.0,0.0,0.0,0.0,0.0,0.0,0.020833333333333332,0.026041666666666668,0.0,0.0,0.0,0.0,0.0,0.0,0.0,0.0,0.0,0.002976190476190476,0.0,0.0,0.002976190476190476,0.0,0.023809523809523808,0.0,0.006181318681318681,0.0,0.0,0.0,0.0,0.020833333333333332,0.0,0.020833333333333332,0.028388278388278388,0.0,0.05826465201465201,0.0,0.0,0.0,0.03695054945054945,0.02574404761904762,0.0,0.005208333333333333,0.002976190476190476,0.005952380952380952,0.0335279304029304,0.5118360805860805,10.0
0.0,0.0,0.013888888888888888,0.0,0.0,0.0,0.0,0.0,0.0,0.0,0.0,0.0,0.0,0.010416666666666666,0.010416666666666666,0.0,0.0,0.013020833333333334,0.0,0.0,0.0,0.0,0.005208333333333333,0.0,0.0,0.0013020833333333333,0.008680555555555554,0.0,0.0625,0.0013020833333333333,0.003472222222222222,0.003472222222222222,0.0,0.010416666666666666,0.0,0.010416666666666666,0.0,0.003472222222222222,0.024305555555555556,0.015625,0.07039930555555556,0.0,0.003472222222222222,0.005208333333333333,0.0,0.010677083333333332,0.0,0.0,0.019791666666666666,0.011979166666666666,0.02456597222222222,0.57265625,11.0
0.001736111111111111,0.0,0.001736111111111111,0.0,0.0,0.0,0.0,0.0,0.0,0.0,0.0,0.001736111111111111,0.0,0.020833333333333332,0.0,0.0,0.001736111111111111,0.012235449735449733,0.0,0.0,0.0,0.0,0.0,0.0,0.0,0.012152777777777778,0.0,0.0,0.01570767195767196,0.001736111111111111,0.006944444444444444,0.0,0.010416666666666666,0.001736111111111111,0.0,0.010995370370370369,0.0,0.00636574074074074,0.019179894179894182,0.001736111111111111,0.03778108465608465,0.0,0.0,0.010416666666666666,0.006944444444444444,0.021412037037037035,0.0,0.010499338624338625,0.017361111111111112,0.02091600529100529,0.02719907407407407,0.5538194444444444,12.0
0.0,0.0,0.0,0.0,0.0,0.0,0.0,0.0,0.0,0.0,0.0,0.0,0.0023148148148148147,0.004166666666666667,0.0,0.0,0.002976190476190476,0.006481481481481481,0.009375,0.004166666666666667,0.0,0.0,0.002976190476190476,0.0020833333333333333,0.0,0.0,0.009226190476190476,0.007374338624338624,0.030952380952380953,0.0,0.01608796296296296,0.0,0.0,0.005208333333333333,0.009375,0.007291666666666666,0.0,0.0020833333333333333,0.018452380952380953,0.0020833333333333333,0.02242063492063492,0.015625,0.010416666666666666,0.002976190476190476,0.019874338624338624,0.033796296296296297,0.005208333333333333,0.0020833333333333333,0.004629629629629629,0.012731481481481483,0.03981481481481482,0.5210813492063492,13.0
