io,ej,hc,ch,je,gh,hg,ei,ic,so,eh,ce,eo,gc,cc,ee,he,sj,oo,ec,jg,cg,co,oe,ie,ig,oc,ci,eg,og,sc,hi,sh,sg,go,se,ii,gi,si,ge,gg,js,es,hs,os,gs,is,cs,ss,TimeFactor
0.0,0.0,0.0,0.0,0.0,0.0,0.0,0.0,0.0,0.0,0.0,0.0,0.0,0.0,0.0,0.0,0.0,0.0,0.0,0.0,0.0,0.0,0.0,0.0,0.0,0.0008012820512820514,0.0011261261261261261,0.0011261261261261261,0.0011261261261261261,0.0016666666666666668,0.0016666666666666668,0.0016666666666666668,0.0016666666666666668,0.0017482517482517483,0.0033333333333333335,0.0033333333333333335,0.00445945945945946,0.004541044541044541,0.006538461538461539,0.010416666666666666,0.011363636363636362,0.012349938863096759,0.021619584119584118,0.02510210786526576,0.038016868543184326,0.08124502025817815,0.08831793608109399,0.09269232052126787,0.584075709667815,1.0
0.0,0.0,0.0,0.0,0.0,0.0,0.0,0.0,0.0,0.0,0.0,0.0,0.0014367816091954023,0.0014367816091954023,0.0014367816091954023,0.0014367816091954023,0.0026041666666666665,0.0026041666666666665,0.0028735632183908046,0.004310344827586207,0.005952380952380952,0.0060664112388250325,0.007389162561576355,0.009840142953733217,0.01636904761904762,0.016493055555555556,0.0,0.0,0.009840142953733217,0.0,0.0,0.0024509803921568627,0.0026041666666666665,0.029025638032990974,0.0,0.0028735632183908046,0.013888888888888888,0.007233796296296296,0.024028361344537813,0.0014367816091954023,0.012018792191205984,0.0024509803921568627,0.056230514236345876,0.004040948275862069,0.07623350585444906,0.053838896669779014,0.02282400028977108,0.10972582759157305,0.4890046463987894,2.0
0.0,0.0,0.0,0.0,0.0,0.0,0.0,0.0,0.0,0.003472222222222222,0.005952380952380952,0.020833333333333332,0.0,0.0,0.021843434343434345,0.023629148629148628,0.0,0.0,0.0,0.020833333333333332,0.0,0.00974025974025974,0.01736111111111111,0.003472222222222222,0.0076388888888888895,0.0,0.0,0.010416666666666666,0.015625,0.0,0.018055555555555557,0.0,0.0,0.024999999999999998,0.0,0.052398989898989896,0.0,0.0,0.005952380952380952,0.06599025974025974,0.008996212121212122,0.0,0.07803030303030303,0.01011904761904762,0.049621212121212115,0.027051767676767674,0.013888888888888888,0.016319444444444445,0.3010912698412698,3.0
0.0,0.0,0.0,0.0,0.0,0.0,0.0,0.013888888888888888,0.022222222222222223,0.0,0.0,0.0,0.0,0.008333333333333333,0.016666666666666666,0.03819444444444444,0.0,0.0,0.0,0.0,0.0,0.010416666666666666,0.010416666666666666,0.0,0.0,0.0,0.0,0.01875,0.010416666666666666,0.013888888888888888,0.024305555555555552,0.0,0.0,0.03958333333333333,0.010416666666666666,0.03125,0.0,0.013888888888888888,0.0,0.010416666666666666,0.0,0.0,0.10555555555555557,0.036458333333333336,0.010416666666666666,0.06076388888888889,0.03125,0.04131944444444444,0.3378472222222222,4.0
0.0,0.0,0.0,0.0,0.0024509803921568627,0.008333333333333333,0.013541666666666667,0.014285714285714285,0.0,0.0024509803921568627,0.0,0.004629629629629629,0.0,0.015790343915343914,0.010784313725490198,0.041534391534391535,0.0,0.0,0.0,0.010784313725490198,0.0,0.016666666666666666,0.009852296181630547,0.0,0.008333333333333333,0.010526315789473684,0.0,0.0,0.025000000000000005,0.008145363408521303,0.0024509803921568627,0.0,0.0021929824561403508,0.014285714285714285,0.0,0.013611694677871149,0.0,0.0,0.008333333333333333,0.03490799097416745,0.013032990974167444,0.0,0.06991994897374154,0.0,0.008403361344537815,0.060844308483627374,0.0021929824561403508,0.05197706275492653,0.3480703392468098,5.0
0.0,0.0,0.0,0.016666666666666666,0.0,0.008796296296296297,0.0,0.024999999999999998,0.0,0.0,0.0,0.0,0.0,0.0,0.0026041666666666665,0.018518518518518517,0.0,0.0,0.003472222222222222,0.012121212121212121,0.0,0.0026041666666666665,0.0,0.0,0.0026041666666666665,0.003472222222222222,0.003472222222222222,0.0,0.012962962962962963,0.013888888888888888,0.0,0.0,0.004166666666666667,0.0211489898989899,0.013888888888888888,0.052398989898989896,0.0067708333333333336,0.003472222222222222,0.012962962962962963,0.007260101010101011,0.013888888888888888,0.0,0.06501473063973064,0.012500000000000002,0.008996212121212122,0.11481481481481481,0.031886574074074074,0.04722222222222222,0.3740898569023569,6.0
0.0,0.0,0.005952380952380952,0.0,0.0,0.002777777777777778,0.005555555555555556,0.0,0.0,0.0,0.0,0.005952380952380952,0.007936507936507936,0.0,0.0,0.0,0.0,0.001984126984126984,0.0,0.0,0.008333333333333333,0.002777777777777778,0.0,0.005952380952380952,0.02261904761904762,0.017857142857142856,0.0,0.013888888888888888,0.011904761904761904,0.0,0.002777777777777778,0.005952380952380952,0.005952380952380952,0.00992063492063492,0.002777777777777778,0.04107142857142857,0.001984126984126984,0.011904761904761904,0.005952380952380952,0.001984126984126984,0.005952380952380952,0.0,0.1111111111111111,0.0,0.06359126984126984,0.08124999999999999,0.0067460317460317455,0.05317460317460317,0.47440476190476183,7.0
0.0,0.0,0.0,0.013888888888888888,0.0,0.0,0.0,0.003472222222222222,0.004629629629629629,0.0,0.0,0.0,0.0,0.006944444444444444,0.0,0.024305555555555552,0.006944444444444444,0.0,0.0,0.013888888888888888,0.0,0.0,0.0,0.0,0.0,0.006944444444444444,0.0,0.006944444444444444,0.028935185185185185,0.0,0.006448412698412699,0.0,0.0,0.008333333333333333,0.0,0.017526455026455025,0.0,0.0,0.021064814814814814,0.010416666666666666,0.008101851851851851,0.00992063492063492,0.06031746031746032,0.012500000000000002,0.008333333333333333,0.09391534391534391,0.045701058201058194,0.014781746031746033,0.5657407407407408,8.0
0.0,0.0,0.0,0.0,0.0,0.0,0.0,0.008333333333333333,0.008333333333333333,0.002777777777777778,0.0,0.010416666666666666,0.005952380952380952,0.020833333333333332,0.0,0.02244543650793651,0.008333333333333333,0.0,0.0,0.008730158730158729,0.0,0.005952380952380952,0.008333333333333333,0.0,0.0,0.0,0.0,0.0,0.03125,0.002777777777777778,0.0,0.0,0.0,0.024305555555555552,0.0,0.022302350427350428,0.005952380952380952,0.005952380952380952,0.01450892857142857,0.01510989010989011,0.0234375,0.0,0.09923687423687423,0.01734775641025641,0.016132478632478634,0.07299679487179486,0.08308531746031746,0.031997863247863245,0.4231646825396826,9.0
0.0,0.003472222222222222,0.0,0.0,0.003472222222222222,0.002777777777777778,0.003472222222222222,0.021875000000000002,0.0018115942028985507,0.0,0.0,0.007763975155279503,0.013888888888888888,0.003472222222222222,0.002777777777777778,0.0,0.0,0.0,0.0,0.005952380952380952,0.0,0.0018115942028985507,0.0,0.0,0.041666666666666664,0.005952380952380952,0.010416666666666666,0.010416666666666666,0.002777777777777778,0.0,0.0,0.002777777777777778,0.0,0.029789941338854386,0.0,0.012152777777777776,0.0,0.041666666666666664,0.013888888888888888,0.012922705314009663,0.011160714285714286,0.0,0.07874827467218772,0.009424603174603174,0.029513888888888885,0.04958160800552105,0.04397644927536232,0.09667874396135263,0.4239389233954451,10.0
0.007575757575757576,0.0,0.0,0.0,0.0,0.006944444444444444,0.0,0.007954545454545455,0.004166666666666667,0.0,0.006944444444444444,0.020833333333333332,0.0,0.008333333333333333,0.0,0.006944444444444444,0.0,0.0,0.0,0.012500000000000002,0.0,0.004166666666666667,0.0,0.0,0.011111111111111112,0.005952380952380952,0.0,0.0,0.006944444444444444,0.0,0.0,0.006944444444444444,0.0,0.029847582972582973,0.0,0.026704545454545453,0.0,0.003787878787878788,0.0,0.003787878787878788,0.015327380952380953,0.0,0.08413149350649352,0.005208333333333333,0.04094065656565656,0.055375180375180376,0.01636904761904762,0.04993686868686869,0.5512671356421356,11.0
0.0,0.0,0.004629629629629629,0.004629629629629629,0.0,0.0,0.005952380952380952,0.029166666666666664,0.002777777777777778,0.0,0.0,0.004629629629629629,0.0,0.008730158730158729,0.0,0.009722222222222222,0.0,0.0,0.0,0.011507936507936509,0.0,0.014351851851851852,0.002777777777777778,0.0,0.013359788359788358,0.020833333333333332,0.0,0.002777777777777778,0.013359788359788358,0.0,0.011574074074074075,0.0,0.006944444444444444,0.014351851851851852,0.0,0.03239087301587301,0.0,0.022156084656084655,0.0,0.004629629629629629,0.007407407407407407,0.0,0.10102513227513227,0.006944444444444444,0.014285714285714285,0.037615740740740734,0.047156084656084646,0.021875000000000002,0.439103835978836,12.0
0.0,0.0,0.0,0.0,0.0,0.0,0.0,0.0021929824561403508,0.0,0.0,0.0,0.01736111111111111,0.0,0.02199074074074074,0.0,0.009594298245614035,0.0,0.0,0.0,0.004629629629629629,0.0,0.011574074074074075,0.0,0.0,0.0021929824561403508,0.0,0.0,0.0,0.004629629629629629,0.010416666666666666,0.005208333333333333,0.0,0.0,0.009837962962962963,0.006944444444444444,0.00682261208576998,0.009259259259259259,0.0,0.006944444444444444,0.0021929824561403508,0.00682261208576998,0.0,0.05380726120857699,0.010416666666666666,0.017470760233918126,0.05831505847953216,0.036458333333333336,0.016538742690058478,0.5850450779727095,13.0
