hc,gh,ci,ih,hi,eo,eh,oe,oc,oo,ce,cg,ec,co,gi,ei,ig,cc,gc,sc,ii,ee,sg,eg,se,es,gg,sh,hs,so,si,js,is,cs,os,gs,ss,TimeFactor
0.0,0.0,0.0,0.0,0.0,0.0,0.0,0.0,0.0,0.0,0.0,0.0,0.0,0.0,0.0,0.0,0.0,0.0,0.0,0.0,0.0,0.0,0.0,0.0,0.0,0.0,0.0,0.003472222222222222,0.003472222222222222,0.004166666666666667,0.006944444444444444,0.006944444444444444,0.01736111111111111,0.018055555555555557,0.02847222222222222,0.03125,0.37986111111111115,1.0
0.0,0.0,0.0,0.0,0.0,0.0,0.0,0.0,0.0,0.0,0.0,0.0,0.0,0.0,0.0,0.0,0.0,0.0,0.0,0.0,0.0,0.0,0.0,0.0,0.0,0.0,0.0,0.0,0.003472222222222222,0.006944444444444444,0.0,0.003472222222222222,0.024305555555555552,0.08333333333333333,0.03472222222222222,0.024305555555555552,0.6527777777777778,2.0
0.0,0.0,0.0,0.0,0.0,0.0,0.0,0.0,0.0,0.0,0.0,0.0,0.0,0.0,0.0,0.0,0.0,0.0,0.0,0.0,0.0,0.0,0.0,0.0,0.0,0.0,0.020833333333333332,0.0,0.006944444444444444,0.0,0.0,0.0,0.02628968253968254,0.0,0.05158730158730159,0.03422619047619047,0.5267857142857143,3.0
0.0,0.0,0.0,0.0,0.0,0.0,0.0,0.0,0.0,0.0,0.0,0.0,0.0,0.0,0.0,0.0,0.0,0.0,0.0,0.0,0.0,0.0,0.0,0.0026041666666666665,0.0078125,0.0234375,0.0026041666666666665,0.0,0.005208333333333333,0.0,0.0,0.0026041666666666665,0.03125,0.013888888888888888,0.005208333333333333,0.036458333333333336,0.4522569444444445,4.0
0.0,0.0,0.0,0.0,0.0,0.0,0.0,0.0,0.0,0.0,0.0,0.0,0.0,0.0,0.0,0.0,0.0,0.005208333333333333,0.005208333333333333,0.005580357142857143,0.006944444444444444,0.0078125,0.03125,0.0026041666666666665,0.020709325396825396,0.028521825396825396,0.006944444444444444,0.0,0.006448412698412699,0.0,0.006944444444444444,0.002976190476190476,0.009052579365079366,0.0427827380952381,0.08630952380952382,0.018229166666666664,0.6231398809523809,5.0
0.0,0.0,0.0,0.0,0.0,0.0,0.0,0.0,0.002976190476190476,0.002976190476190476,0.002976190476190476,0.005208333333333333,0.00992063492063492,0.010416666666666666,0.010416666666666666,0.010416666666666666,0.015625,0.0,0.005208333333333333,0.005208333333333333,0.013392857142857142,0.01909722222222222,0.006944444444444444,0.0,0.022569444444444444,0.031001984126984128,0.0,0.0,0.0,0.0,0.00818452380952381,0.010416666666666666,0.0,0.03720238095238095,0.010416666666666666,0.01512896825396825,0.49429563492063494,6.0
0.0,0.0,0.0,0.0,0.0,0.0,0.0,0.0,0.0,0.0,0.010416666666666666,0.0,0.0,0.0,0.0,0.0,0.0,0.020833333333333332,0.0,0.010416666666666666,0.010416666666666666,0.010416666666666666,0.03125,0.0,0.03125,0.048611111111111105,0.020833333333333332,0.0,0.0,0.0,0.010416666666666666,0.010416666666666666,0.010416666666666666,0.020833333333333332,0.020833333333333332,0.06770833333333333,0.4982638888888889,7.0
0.0,0.0,0.0,0.0,0.0023148148148148147,0.005208333333333333,0.010416666666666666,0.010416666666666666,0.0,0.015625,0.0,0.0,0.0,0.0,0.0,0.010416666666666666,0.015625,0.0,0.0,0.0,0.0,0.052083333333333336,0.0023148148148148147,0.0,0.0,0.004629629629629629,0.005208333333333333,0.0,0.010416666666666666,0.015625,0.005208333333333333,0.0,0.012731481481481483,0.0,0.012152777777777776,0.026620370370370367,0.44965277777777785,8.0
0.0,0.0,0.0,0.010416666666666666,0.0,0.0,0.0,0.010416666666666666,0.0,0.0,0.0,0.0,0.0,0.0,0.0,0.010416666666666666,0.0,0.0,0.0,0.0,0.0,0.041666666666666664,0.029166666666666664,0.0,0.03819444444444444,0.05902777777777777,0.024999999999999998,0.0,0.006944444444444444,0.0,0.010416666666666666,0.0,0.03125,0.01736111111111111,0.004166666666666667,0.049999999999999996,0.4888888888888889,9.0
0.0,0.0,0.020833333333333332,0.0,0.0,0.0,0.0,0.0,0.0,0.0,0.0,0.020833333333333332,0.0,0.0,0.0,0.0,0.0,0.005208333333333333,0.0,0.026041666666666668,0.0,0.006944444444444444,0.045138888888888895,0.0,0.003472222222222222,0.024305555555555556,0.05902777777777777,0.0,0.0,0.0,0.003472222222222222,0.0,0.027777777777777776,0.024305555555555556,0.020833333333333332,0.048611111111111105,0.6631944444444444,10.0
0.0,0.0,0.0,0.0,0.0,0.0,0.0,0.0,0.0,0.0026041666666666665,0.0,0.0,0.0,0.0026041666666666665,0.0026041666666666665,0.0,0.005208333333333333,0.0026041666666666665,0.010416666666666666,0.015625,0.0026041666666666665,0.0026041666666666665,0.0026041666666666665,0.0026041666666666665,0.0234375,0.0234375,0.005208333333333333,0.0,0.0,0.0,0.0,0.0,0.005208333333333333,0.049479166666666664,0.013020833333333334,0.059895833333333336,0.6848958333333334,11.0
0.0,0.006944444444444444,0.0,0.0,0.0,0.0,0.0,0.0,0.0,0.0,0.0,0.0,0.0,0.0,0.0,0.0,0.005208333333333333,0.0,0.0,0.0,0.020833333333333332,0.0,0.0,0.006944444444444444,0.012152777777777776,0.022569444444444444,0.005208333333333333,0.0,0.006944444444444444,0.0,0.015625,0.0,0.0,0.008333333333333333,0.0,0.01909722222222222,0.6201388888888889,12.0
0.0026041666666666665,0.0,0.0,0.0,0.0,0.0,0.0,0.0,0.0026041666666666665,0.0,0.0026041666666666665,0.0,0.0,0.0,0.0,0.0,0.0,0.0,0.0,0.0,0.0,0.0,0.0234375,0.020833333333333332,0.0026041666666666665,0.0078125,0.041666666666666664,0.0,0.0,0.0234375,0.0026041666666666665,0.010416666666666666,0.0,0.0026041666666666665,0.041666666666666664,0.0234375,0.5416666666666666,13.0
