ch,oi,jc,je,ig,ie,jg,ec,ih,cg,oh,go,hi,io,eo,jj,sj,oe,co,gc,ce,eh,hc,ic,gh,gi,hg,oc,hh,ge,eg,cc,ci,he,sc,sh,es,ei,ii,js,oo,cs,hs,ee,se,gg,si,so,sg,os,gs,is,ss,TimeFactor
0.0,0.0,0.0,0.0,0.0,0.0,0.0,0.0,0.0,0.0,0.0,0.0,0.0,0.0,0.0,0.0,0.0,0.0,0.0,0.0,0.0,0.0,0.0,0.0,0.0,0.0,0.0,0.0,0.0,0.0,0.0,0.0,0.003968253968253968,0.003968253968253968,0.003968253968253968,0.003968253968253968,0.003968253968253968,0.0067460317460317455,0.007936507936507936,0.009259259259259259,0.009259259259259259,0.01273148148148148,0.013227513227513227,0.016005291005291005,0.016005291005291005,0.016203703703703703,0.021164021164021163,0.02314814814814815,0.03009259259259259,0.046164021164021164,0.06577380952380953,0.1460978835978836,0.5403439153439152,1.0
0.0,0.0,0.0,0.0,0.0,0.0,0.0,0.0,0.0,0.0,0.0,0.0,0.0,0.0,0.0,0.0,0.0,0.0,0.0,0.0,0.0,0.0025252525252525255,0.0025252525252525255,0.0025252525252525255,0.003472222222222222,0.003472222222222222,0.003472222222222222,0.006944444444444444,0.009259259259259259,0.009259259259259259,0.010627104377104376,0.011047979797979798,0.0,0.008101851851851851,0.008522727272727272,0.009259259259259259,0.03587962962962962,0.009259259259259259,0.006944444444444444,0.0,0.003472222222222222,0.017045454545454544,0.037037037037037035,0.027777777777777776,0.039562289562289556,0.009259259259259259,0.006944444444444444,0.010416666666666666,0.018518518518518517,0.04976851851851851,0.03977272727272727,0.06618265993265994,0.36447811447811457,2.0
0.0,0.0,0.0,0.0,0.0,0.0,0.0,0.0,0.0,0.0,0.0,0.0,0.0,0.0,0.0,0.006944444444444444,0.006944444444444444,0.006944444444444444,0.009259259259259259,0.027777777777777776,0.04583333333333334,0.0,0.0,0.0,0.0,0.0,0.0,0.0,0.0,0.0,0.023148148148148143,0.0,0.0,0.0,0.0,0.0,0.03425925925925925,0.0,0.0,0.0,0.014814814814814814,0.04953703703703704,0.0,0.08101851851851852,0.02546296296296296,0.032407407407407406,0.0,0.02037037037037037,0.06944444444444445,0.009259259259259259,0.06342592592592593,0.016203703703703703,0.2069444444444445,3.0
0.0,0.0,0.0,0.0,0.0,0.0,0.0,0.0,0.0013227513227513227,0.004629629629629629,0.009259259259259259,0.009259259259259259,0.009259259259259259,0.009259259259259259,0.009259259259259259,0.0,0.0,0.0,0.0,0.0013227513227513227,0.004629629629629629,0.0,0.0,0.0013227513227513227,0.0,0.0,0.0,0.009259259259259259,0.0,0.0,0.0013227513227513227,0.052248677248677246,0.0,0.0,0.052248677248677246,0.009259259259259259,0.04034391534391534,0.0,0.009259259259259259,0.0,0.004629629629629629,0.06283068783068782,0.006613756613756613,0.041666666666666664,0.02314814814814815,0.0013227513227513227,0.0,0.0,0.0013227513227513227,0.02314814814814815,0.02843915343915344,0.023809523809523808,0.21626984126984125,4.0
0.0,0.0,0.0,0.0,0.0,0.0,0.0,0.006944444444444444,0.0,0.0,0.0,0.0,0.003968253968253968,0.003968253968253968,0.006944444444444444,0.0,0.0,0.003968253968253968,0.0,0.0,0.020833333333333332,0.0,0.0,0.0,0.0,0.0,0.013888888888888888,0.006944444444444444,0.0,0.020833333333333332,0.006944444444444444,0.007936507936507936,0.0,0.0,0.003968253968253968,0.0,0.10813492063492064,0.0,0.0,0.0,0.003968253968253968,0.007936507936507936,0.004629629629629629,0.05092592592592593,0.027777777777777776,0.059523809523809514,0.0,0.003968253968253968,0.059523809523809514,0.015542328042328043,0.027777777777777776,0.034722222222222224,0.3217592592592593,5.0
0.0,0.0,0.0,0.0,0.0,0.0,0.006944444444444444,0.004629629629629629,0.0,0.006944444444444444,0.0,0.0,0.0,0.0,0.004629629629629629,0.013888888888888888,0.013888888888888888,0.0,0.0,0.0,0.0,0.0,0.0,0.013888888888888888,0.0,0.0,0.0,0.0,0.0,0.0023148148148148147,0.0,0.016203703703703703,0.0023148148148148147,0.0,0.009259259259259259,0.0,0.04259259259259259,0.0,0.021759259259259256,0.0,0.0,0.04398148148148148,0.0,0.031018518518518518,0.037962962962962955,0.03472222222222222,0.02638888888888889,0.0,0.043981481481481476,0.02546296296296296,0.07037037037037037,0.018518518518518517,0.34166666666666673,6.0
0.0,0.0,0.0,0.0,0.004629629629629629,0.013888888888888888,0.0,0.0,0.0,0.0,0.0,0.0,0.0,0.0,0.0,0.0,0.0,0.0,0.0,0.007716049382716049,0.010030864197530864,0.0,0.0030864197530864196,0.0,0.0,0.0030864197530864196,0.0,0.0,0.0,0.0,0.004629629629629629,0.024305555555555556,0.004629629629629629,0.013888888888888888,0.023919753086419752,0.0,0.06172839506172839,0.013888888888888888,0.013888888888888888,0.0,0.0482253086419753,0.013117283950617281,0.006558641975308641,0.020447530864197528,0.03896604938271605,0.043981481481481476,0.003472222222222222,0.05054012345679012,0.043981481481481476,0.031635802469135804,0.04282407407407407,0.006558641975308641,0.4463734567901236,7.0
0.0,0.0,0.0,0.003472222222222222,0.003472222222222222,0.0,0.0,0.0,0.0,0.006944444444444444,0.0,0.0,0.0,0.0,0.004629629629629629,0.0,0.003472222222222222,0.0,0.0,0.011574074074074075,0.0,0.009259259259259259,0.0,0.004629629629629629,0.0,0.0,0.0,0.0,0.003472222222222222,0.005555555555555556,0.005555555555555556,0.003968253968253968,0.0,0.009259259259259259,0.01207010582010582,0.003472222222222222,0.08293650793650793,0.003472222222222222,0.012499999999999999,0.003472222222222222,0.0,0.02199074074074074,0.009259259259259259,0.04265873015873017,0.038029100529100524,0.07106481481481482,0.01712962962962963,0.008101851851851851,0.060218253968253956,0.021759259259259256,0.04034391534391534,0.01207010582010582,0.38085317460317464,8.0
0.0,0.0,0.0,0.0,0.005555555555555556,0.005555555555555556,0.0,0.005555555555555556,0.0,0.0030864197530864196,0.0,0.0,0.0,0.0,0.0,0.0030864197530864196,0.0030864197530864196,0.0,0.0,0.009259259259259259,0.009259259259259259,0.0,0.0,0.0,0.0,0.016975308641975308,0.0,0.0,0.0,0.0,0.0537037037037037,0.0,0.0,0.0,0.029706790123456787,0.0030864197530864196,0.11141975308641976,0.008641975308641974,0.0,0.0,0.0,0.018287037037037036,0.006944444444444444,0.03680555555555556,0.029398148148148145,0.055324074074074074,0.014814814814814814,0.0,0.0478395061728395,0.0030864197530864196,0.10478395061728396,0.06705246913580247,0.3476851851851852,9.0
0.0,0.0,0.006944444444444444,0.0,0.0,0.0,0.0,0.0,0.0,0.0,0.0,0.0,0.0,0.0,0.0,0.006944444444444444,0.006944444444444444,0.0,0.0,0.0,0.0,0.005555555555555556,0.0,0.0,0.0,0.0,0.0,0.0,0.0,0.03333333333333333,0.005555555555555556,0.020436507936507937,0.0,0.013888888888888888,0.056812169312169314,0.0,0.09775132275132277,0.0,0.0,0.0,0.0,0.04265873015873015,0.005555555555555556,0.04126984126984127,0.053769841269841266,0.013888888888888888,0.006944444444444444,0.0,0.027777777777777776,0.003968253968253968,0.0373015873015873,0.036375661375661374,0.392989417989418,10.0
0.0,0.0,0.009259259259259259,0.013888888888888888,0.0,0.0,0.0,0.0,0.0,0.013888888888888888,0.0,0.0,0.0,0.0,0.0,0.0,0.0,0.0,0.0,0.027777777777777776,0.0,0.0,0.0,0.0,0.0,0.002777777777777778,0.0,0.0,0.002777777777777778,0.04675925925925926,0.020833333333333332,0.009259259259259259,0.0,0.0,0.009259259259259259,0.002777777777777778,0.09768518518518517,0.0,0.0,0.0,0.002777777777777778,0.012037037037037035,0.0,0.0,0.0,0.03611111111111111,0.005555555555555556,0.002777777777777778,0.05416666666666666,0.05555555555555555,0.06666666666666667,0.013888888888888888,0.4101851851851852,11.0
0.0,0.0,0.0,0.0,0.014814814814814814,0.0,0.0,0.0,0.0,0.0,0.0,0.0,0.0,0.0,0.0,0.0,0.0,0.0,0.0,0.0,0.0,0.0,0.0,0.005555555555555556,0.0,0.0,0.0,0.0,0.0,0.014814814814814814,0.0,0.019444444444444445,0.005555555555555556,0.0,0.037962962962962955,0.013888888888888888,0.032407407407407406,0.004629629629629629,0.01712962962962963,0.0,0.004629629629629629,0.05462962962962962,0.013888888888888888,0.05740740740740741,0.09444444444444444,0.009259259259259259,0.031018518518518518,0.004629629629629629,0.037037037037037035,0.009259259259259259,0.11898148148148147,0.027777777777777776,0.28750000000000003,12.0
0.007936507936507936,0.009259259259259259,0.0,0.0,0.006944444444444444,0.0,0.0,0.003968253968253968,0.0,0.0,0.0,0.0,0.0,0.009259259259259259,0.009259259259259259,0.0,0.0,0.0,0.0,0.003968253968253968,0.0,0.0,0.0,0.0,0.0,0.0,0.0,0.0,0.013888888888888888,0.006944444444444444,0.0,0.0,0.0,0.003968253968253968,0.013888888888888888,0.013888888888888888,0.03009259259259259,0.0,0.017857142857142856,0.0,0.0,0.006944444444444444,0.0,0.03406084656084656,0.043320105820105814,0.04894179894179893,0.017857142857142856,0.0,0.038029100529100524,0.0,0.09887566137566138,0.027777777777777776,0.2830687830687831,13.0
