gh,gj,sj,cg,oo,ec,go,jj,eo,io,hi,ei,hh,sh,gi,ee,ii,hg,eh,eg,se,hs,os,is,ge,es,ig,si,gg,cs,sg,gs,ss,TimeFactor
0.0,0.0,0.0,0.0,0.0,0.0,0.0,0.0,0.0,0.0,0.0,0.0,0.0,0.0,0.0,0.0,0.0,0.0,0.0,0.0,0.0,0.0,0.0,0.0,0.003472222222222222,0.003472222222222222,0.003472222222222222,0.003472222222222222,0.01736111111111111,0.027777777777777776,0.04652777777777778,0.06128472222222223,0.8331597222222222,1.0
0.0,0.0,0.0,0.0,0.0,0.0,0.0,0.0,0.0,0.0,0.0,0.0,0.0,0.0,0.0,0.0,0.0,0.001488095238095238,0.001488095238095238,0.001488095238095238,0.001488095238095238,0.0056547619047619055,0.011111111111111112,0.015422453703703704,0.0,0.001488095238095238,0.0038029100529100527,0.009271660052910052,0.007142857142857143,0.017559523809523806,0.06018105158730158,0.1142939814814815,0.7481192129629629,2.0
0.0,0.0,0.0,0.0,0.0,0.0,0.0,0.0,0.0,0.0,0.0026041666666666665,0.0026041666666666665,0.002976190476190476,0.002976190476190476,0.004206730769230769,0.005952380952380952,0.007678952991452992,0.0,0.0,0.002976190476190476,0.007316468253968253,0.0,0.0,0.0241529304029304,0.002976190476190476,0.015997023809523808,0.00954861111111111,0.0158634768009768,0.026776175213675212,0.004340277777777777,0.044261294261294264,0.07735233516483515,0.5727735805860806,3.0
0.0,0.0,0.0,0.0,0.0,0.0,0.0,0.0,0.0,0.0,0.0,0.0023148148148148147,0.0026041666666666665,0.0026041666666666665,0.0,0.014583333333333332,0.010648148148148148,0.0,0.0,0.0,0.016898148148148148,0.004166666666666667,0.0,0.03891369047619048,0.006481481481481481,0.025115740740740744,0.02314814814814815,0.010937500000000001,0.022850529100529104,0.005580357142857143,0.027017195767195763,0.06379794973544974,0.6390046296296296,4.0
0.0,0.0,0.0,0.0,0.0,0.0,0.0,0.0,0.004166666666666667,0.006944444444444444,0.0,0.0,0.0,0.0,0.004166666666666667,0.0,0.004166666666666667,0.0,0.0,0.0,0.0,0.008333333333333333,0.011111111111111112,0.040625,0.0,0.012499999999999999,0.0,0.009375,0.01875,0.006944444444444444,0.044444444444444446,0.043750000000000004,0.6180555555555555,5.0
0.0,0.003472222222222222,0.005208333333333333,0.006944444444444444,0.006944444444444444,0.006944444444444444,0.006944444444444444,0.008680555555555554,0.0,0.0,0.0,0.0,0.0,0.0,0.0,0.01736111111111111,0.008680555555555554,0.0,0.0,0.0020833333333333333,0.02673611111111111,0.003472222222222222,0.008680555555555554,0.012152777777777776,0.006944444444444444,0.03715277777777778,0.0,0.008680555555555554,0.02291666666666667,0.003472222222222222,0.05277777777777778,0.10659722222222222,0.6371527777777778,6.0
0.0,0.0,0.0,0.0,0.0,0.0,0.0,0.0,0.004166666666666667,0.0,0.0,0.0,0.0,0.006944444444444444,0.004166666666666667,0.0020833333333333333,0.0,0.0,0.0,0.0,0.012499999999999999,0.014087301587301588,0.007142857142857143,0.07281746031746032,0.0,0.016865079365079364,0.0020833333333333333,0.020833333333333332,0.01388888888888889,0.0,0.03125,0.06478174603174604,0.7263888888888889,7.0
0.0,0.0,0.0,0.0,0.0,0.0,0.0,0.0,0.0,0.0,0.0,0.0,0.0,0.0,0.003472222222222222,0.0,0.00954861111111111,0.0,0.0,0.0,0.0,0.005208333333333333,0.0,0.05295138888888889,0.0,0.013888888888888888,0.00954861111111111,0.0078125,0.015625,0.015625,0.00954861111111111,0.048611111111111105,0.6414930555555556,8.0
0.0,0.0,0.0,0.0,0.0,0.0,0.0,0.0,0.0,0.0,0.0,0.0,0.0,0.0026041666666666665,0.0,0.0,0.0,0.0,0.0,0.0,0.0,0.018229166666666668,0.0,0.057291666666666664,0.0,0.028645833333333332,0.0,0.0026041666666666665,0.0234375,0.0,0.0234375,0.06163194444444444,0.6987847222222223,9.0
0.010416666666666666,0.0,0.0,0.0,0.0,0.0,0.0,0.0,0.0,0.0,0.0,0.0,0.0,0.0,0.0,0.0,0.0,0.0,0.0,0.0,0.0,0.024305555555555552,0.020833333333333332,0.03888888888888888,0.0,0.03472222222222222,0.010416666666666666,0.006944444444444444,0.012499999999999999,0.0,0.01875,0.08819444444444445,0.7340277777777778,10.0
0.0,0.0,0.0,0.0,0.0,0.0,0.006944444444444444,0.0,0.0,0.0,0.0,0.0,0.0,0.0,0.0,0.0,0.020833333333333332,0.0,0.0,0.005208333333333333,0.0,0.0,0.012152777777777776,0.029166666666666664,0.0,0.034374999999999996,0.0,0.024999999999999998,0.009375,0.014583333333333332,0.006944444444444444,0.04652777777777778,0.6222222222222222,11.0
0.0,0.0,0.0,0.0,0.0,0.0,0.0,0.0,0.0,0.0,0.0,0.0,0.0,0.0,0.006944444444444444,0.0,0.014583333333333332,0.0,0.0,0.0,0.020833333333333332,0.006944444444444444,0.0,0.013888888888888888,0.003472222222222222,0.04513888888888889,0.0,0.004166666666666667,0.0076388888888888895,0.013888888888888888,0.011111111111111112,0.04097222222222222,0.6437499999999999,12.0
0.0,0.0,0.0,0.0,0.0,0.0,0.0,0.0,0.0,0.0,0.0,0.0,0.0,0.0,0.004166666666666667,0.0,0.0,0.0,0.0,0.0,0.0,0.016319444444444445,0.0,0.04895833333333333,0.0,0.027777777777777776,0.0,0.0,0.0,0.0,0.0,0.012152777777777776,0.5572916666666666,13.0
