ho,go,eo,oi,gc,sj,jj,ch,jo,io,he,ej,hg,oe,eh,ec,co,ce,ei,hc,ie,og,oc,ci,ic,ge,gh,eg,hh,sh,se,je,ii,cg,es,oo,gi,ee,so,gg,sg,hs,gj,si,cc,ig,sc,js,gs,is,cs,os,ss,TimeFactor
0.0,0.0,0.0,0.0,0.0,0.0,0.0,0.0,0.0,0.0,0.0,0.0,0.0,0.0,0.0,0.0,0.0,0.0,0.0,0.0,0.0,0.0,0.0,0.0,0.0,0.0,0.0,0.0,0.0,0.0,0.0,0.0,0.0,0.0,0.0,0.0,0.0,0.0,0.0,0.005555555555555556,0.005555555555555556,0.009259259259259259,0.013888888888888888,0.013888888888888888,0.013888888888888888,0.013888888888888888,0.02314814814814815,0.027777777777777776,0.05648148148148149,0.05833333333333333,0.060185185185185175,0.061111111111111116,0.6370370370370371,1.0
0.0,0.0,0.0,0.0,0.0,0.0,0.0,0.0,0.0,0.0,0.0,0.0,0.0,0.0,0.0,0.0,0.0,0.0,0.0,0.0,0.0,0.0,0.0,0.0,0.0,0.0,0.0,0.0,0.0,0.0,0.005555555555555556,0.006944444444444444,0.006944444444444444,0.006944444444444444,0.011111111111111112,0.013888888888888888,0.013888888888888888,0.013888888888888888,0.013888888888888888,0.024999999999999998,0.04027777777777778,0.013888888888888888,0.0,0.0,0.005555555555555556,0.013888888888888888,0.005555555555555556,0.006944444444444444,0.04583333333333334,0.06342592592592593,0.05555555555555555,0.0625,0.5685185185185185,2.0
0.0,0.0,0.0,0.0,0.0,0.0,0.0,0.0,0.0,0.0,0.0,0.0,0.0,0.0,0.0,0.0,0.0,0.0,0.0,0.0,0.0,0.0,0.0,0.0,0.0,0.006944444444444444,0.013888888888888888,0.013888888888888888,0.041666666666666664,0.041666666666666664,0.0,0.0,0.0,0.0,0.02638888888888889,0.0,0.013888888888888888,0.013888888888888888,0.027777777777777776,0.019444444444444445,0.02638888888888889,0.005555555555555556,0.0,0.0,0.0,0.0,0.013888888888888888,0.0,0.013888888888888888,0.05416666666666667,0.019444444444444445,0.08333333333333333,0.3138888888888889,3.0
0.0,0.0,0.0,0.0,0.0,0.0,0.0,0.0,0.0,0.0,0.0,0.0,0.0,0.0,0.0,0.0,0.0,0.0,0.0,0.0,0.0,0.0,0.0030864197530864196,0.005555555555555556,0.005555555555555556,0.006172839506172839,0.0,0.0,0.0,0.0,0.0030864197530864196,0.0,0.0030864197530864196,0.005555555555555556,0.013117283950617281,0.0,0.005555555555555556,0.006172839506172839,0.0,0.0,0.011728395061728394,0.047839506172839504,0.0,0.0030864197530864196,0.0,0.005555555555555556,0.0,0.0,0.05879629629629629,0.024999999999999998,0.010030864197530864,0.006944444444444444,0.524074074074074,4.0
0.0,0.0,0.0,0.0,0.0,0.0,0.0,0.0,0.0,0.0,0.0,0.0,0.0,0.0,0.0,0.0,0.0,0.0,0.0,0.0,0.003968253968253968,0.013888888888888888,0.0,0.0,0.009259259259259259,0.003472222222222222,0.0,0.003968253968253968,0.0,0.003968253968253968,0.02314814814814815,0.0,0.020833333333333332,0.0,0.05357142857142857,0.003968253968253968,0.0,0.018518518518518517,0.014880952380952378,0.024305555555555552,0.027777777777777776,0.013888888888888888,0.0,0.013888888888888888,0.0,0.0,0.006944444444444444,0.0,0.05357142857142857,0.01736111111111111,0.016203703703703703,0.006944444444444444,0.4790013227513228,5.0
0.0,0.0,0.0,0.0,0.0,0.0,0.0,0.0,0.0,0.0,0.0,0.0,0.0,0.0,0.0025252525252525255,0.0025252525252525255,0.005555555555555556,0.005555555555555556,0.009259259259259259,0.027777777777777776,0.0,0.0,0.005555555555555556,0.005555555555555556,0.0,0.009259259259259259,0.0,0.0,0.0,0.0,0.02377946127946128,0.0,0.014814814814814814,0.0,0.04322390572390572,0.027777777777777776,0.0,0.005050505050505051,0.027777777777777776,0.006944444444444444,0.035648148148148144,0.0025252525252525255,0.0,0.021759259259259256,0.0,0.0,0.013636363636363636,0.013888888888888888,0.0409090909090909,0.018055555555555557,0.07171717171717172,0.0,0.4755892255892256,6.0
0.0,0.0,0.0,0.0,0.0,0.0,0.0,0.0,0.0,0.0,0.0,0.0,0.0,0.0,0.0,0.0,0.0,0.0,0.003472222222222222,0.0,0.0,0.0,0.0,0.0,0.0,0.006944444444444444,0.013888888888888888,0.0,0.0,0.0,0.022916666666666665,0.0,0.012499999999999999,0.013888888888888888,0.046064814814814815,0.006944444444444444,0.0,0.022916666666666665,0.006944444444444444,0.03680555555555556,0.04513888888888889,0.003472222222222222,0.0,0.009027777777777779,0.013888888888888888,0.0,0.013888888888888888,0.0,0.03888888888888889,0.04050925925925926,0.02638888888888889,0.016203703703703703,0.43263888888888885,7.0
0.0,0.0,0.0,0.0,0.0,0.0,0.0,0.0,0.0,0.0023148148148148147,0.004629629629629629,0.006944444444444444,0.006944444444444444,0.027777777777777776,0.0,0.0,0.0,0.009259259259259259,0.0,0.0,0.006944444444444444,0.0,0.0,0.0,0.0,0.0,0.0,0.0,0.0,0.006944444444444444,0.06018518518518518,0.0,0.0,0.0,0.09027777777777779,0.0,0.0,0.020833333333333332,0.0,0.018518518518518517,0.0625,0.0,0.0,0.0,0.0,0.013888888888888888,0.009259259259259259,0.0,0.08564814814814814,0.006944444444444444,0.0,0.011574074074074075,0.3819444444444444,8.0
0.0,0.0,0.0,0.0,0.0,0.005555555555555556,0.005555555555555556,0.009259259259259259,0.009259259259259259,0.0,0.0,0.0,0.0,0.0,0.0,0.009259259259259259,0.0,0.0,0.009259259259259259,0.0,0.005555555555555556,0.0,0.0,0.0,0.013888888888888888,0.0,0.0,0.0,0.0,0.0,0.011111111111111112,0.0,0.0,0.0,0.021759259259259256,0.0,0.0,0.014814814814814814,0.0,0.005555555555555556,0.005555555555555556,0.027777777777777776,0.0,0.019444444444444445,0.014814814814814814,0.0,0.014814814814814814,0.0,0.049537037037037025,0.04351851851851851,0.005555555555555556,0.02314814814814815,0.42500000000000004,9.0
0.0,0.0021367521367521365,0.005555555555555556,0.009259259259259259,0.02037037037037037,0.0,0.0,0.0,0.0,0.027777777777777776,0.005555555555555556,0.0,0.0,0.0,0.0,0.0,0.0,0.0,0.0021367521367521365,0.0,0.014814814814814814,0.0,0.0021367521367521365,0.0,0.0,0.0,0.013888888888888888,0.007692307692307693,0.0,0.005555555555555556,0.045940170940170943,0.0,0.005555555555555556,0.0,0.06787749287749288,0.019444444444444445,0.007692307692307693,0.013247863247863248,0.013888888888888888,0.006410256410256411,0.02927350427350427,0.03333333333333333,0.0,0.009259259259259259,0.019444444444444445,0.02037037037037037,0.016025641025641024,0.0,0.046794871794871795,0.015384615384615385,0.013247863247863248,0.044444444444444446,0.37215099715099714,10.0
0.0,0.0,0.0,0.009259259259259259,0.0,0.013888888888888888,0.013888888888888888,0.0,0.0,0.0,0.0,0.0,0.0,0.0,0.0,0.013888888888888888,0.0,0.0,0.0,0.0,0.0,0.0,0.0,0.0,0.0,0.019444444444444445,0.0,0.0,0.0,0.0,0.005555555555555556,0.0,0.019444444444444445,0.0,0.0898148148148148,0.02314814814814815,0.0,0.0,0.02314814814814815,0.027777777777777776,0.05416666666666666,0.0,0.0,0.005555555555555556,0.0,0.0,0.0,0.0,0.04027777777777777,0.05092592592592592,0.019444444444444445,0.0,0.32037037037037036,11.0
0.0,0.0,0.0,0.0,0.013888888888888888,0.0,0.0,0.0,0.0,0.0,0.0,0.0,0.0,0.0,0.004629629629629629,0.0,0.0,0.0,0.0,0.0,0.0,0.0,0.0,0.0,0.006944444444444444,0.0,0.0,0.0,0.0,0.0,0.032407407407407406,0.0,0.010416666666666666,0.013888888888888888,0.025462962962962965,0.0,0.0,0.020833333333333332,0.0,0.026620370370370367,0.04513888888888889,0.004629629629629629,0.0,0.013888888888888888,0.03587962962962963,0.003472222222222222,0.028935185185185185,0.0,0.09953703703703703,0.043981481481481476,0.0462962962962963,0.0,0.4398148148148149,12.0
0.027777777777777776,0.0,0.0,0.0,0.0,0.0,0.0,0.0,0.0,0.0,0.0,0.0,0.0,0.013888888888888888,0.0,0.0,0.0,0.0,0.003472222222222222,0.0,0.0,0.0,0.0,0.0,0.0,0.0,0.0,0.0,0.0,0.0,0.015046296296296295,0.0,0.0,0.0,0.013888888888888888,0.013888888888888888,0.0,0.011574074074074075,0.02314814814814815,0.03009259259259259,0.05787037037037037,0.03009259259259259,0.0,0.0,0.003472222222222222,0.0,0.003472222222222222,0.004629629629629629,0.07175925925925926,0.018518518518518517,0.0,0.04398148148148148,0.4467592592592593,13.0
