ig,go,hg,ji,je,co,gc,ho,ei,hs,ge,oc,oe,io,ce,ci,ic,hc,sh,sj,jj,ec,sc,cc,cg,eo,se,ee,ii,oo,es,gg,js,gi,so,sg,os,gs,eg,ie,si,cs,is,ss,TimeFactor
0.0,0.0,0.0,0.0,0.0,0.0,0.0,0.0,0.0,0.0,0.0,0.0,0.0,0.0,0.0,0.0,0.0,0.0,0.0,0.0,0.0,0.0,0.0,0.0,0.0,0.0,0.0,0.0,0.0,0.005208333333333333,0.005208333333333333,0.005208333333333333,0.006944444444444444,0.010416666666666666,0.010416666666666666,0.010416666666666666,0.015625,0.015625,0.020833333333333332,0.020833333333333332,0.03125,0.052083333333333336,0.052083333333333336,0.48784722222222227,1.0
0.0,0.0,0.0,0.0,0.0,0.0,0.0,0.0,0.0,0.0,0.0,0.0020833333333333333,0.0020833333333333333,0.0020833333333333333,0.0020833333333333333,0.004166666666666667,0.004166666666666667,0.005208333333333333,0.005208333333333333,0.006944444444444444,0.006944444444444444,0.010416666666666666,0.012499999999999999,0.014583333333333332,0.01736111111111111,0.020833333333333332,0.026041666666666668,0.026041666666666668,0.03125,0.0020833333333333333,0.021527777777777774,0.026041666666666668,0.0,0.0,0.0,0.019444444444444445,0.029861111111111113,0.04027777777777778,0.01909722222222222,0.020833333333333332,0.05416666666666667,0.02291666666666667,0.03888888888888889,0.33819444444444446,2.0
0.0,0.0,0.0,0.0,0.0,0.0,0.0,0.0,0.0,0.0,0.006944444444444444,0.0,0.0,0.0,0.005208333333333333,0.0,0.0,0.0,0.0,0.0,0.0,0.0,0.0,0.0,0.0,0.0,0.008680555555555554,0.010416666666666666,0.020833333333333332,0.0,0.012152777777777776,0.006944444444444444,0.0,0.0,0.0,0.07291666666666667,0.0,0.06944444444444445,0.003472222222222222,0.005208333333333333,0.02951388888888889,0.005208333333333333,0.008680555555555554,0.3177083333333333,3.0
0.0,0.0,0.0,0.0,0.0,0.0,0.0,0.0,0.012152777777777776,0.01736111111111111,0.006944444444444444,0.0,0.0,0.0,0.006944444444444444,0.0,0.0,0.0,0.0,0.0,0.0,0.005208333333333333,0.006944444444444444,0.0,0.011111111111111112,0.004166666666666667,0.013541666666666667,0.006944444444444444,0.005208333333333333,0.008333333333333333,0.005208333333333333,0.006944444444444444,0.005208333333333333,0.004166666666666667,0.008333333333333333,0.011111111111111112,0.009375,0.019444444444444445,0.004166666666666667,0.0,0.0,0.04340277777777777,0.011111111111111112,0.35000000000000003,4.0
0.0,0.0,0.0,0.0,0.0,0.0,0.0,0.006944444444444444,0.0023148148148148147,0.005208333333333333,0.0,0.0,0.0,0.0023148148148148147,0.0023148148148148147,0.0,0.0023148148148148147,0.0,0.005208333333333333,0.0,0.0,0.0,0.010416666666666666,0.010416666666666666,0.0,0.0,0.03125,0.020833333333333332,0.0,0.0023148148148148147,0.060879629629629624,0.005208333333333333,0.0,0.0,0.0,0.0,0.013888888888888888,0.012731481481481483,0.0,0.0,0.0023148148148148147,0.004629629629629629,0.006481481481481481,0.6253472222222223,5.0
0.0,0.0,0.0,0.0,0.004166666666666667,0.004166666666666667,0.006944444444444444,0.0,0.0,0.011111111111111112,0.0,0.0,0.0,0.0,0.0,0.004166666666666667,0.0,0.0,0.006944444444444444,0.0,0.0,0.0,0.0,0.004166666666666667,0.006944444444444444,0.004166666666666667,0.020833333333333332,0.006944444444444444,0.0,0.0,0.04305555555555555,0.020833333333333332,0.0,0.0,0.0,0.020833333333333332,0.036111111111111115,0.020833333333333332,0.006944444444444444,0.0,0.0,0.026041666666666668,0.004166666666666667,0.4906249999999999,6.0
0.0,0.0,0.0,0.0,0.0,0.0,0.0,0.0,0.0,0.0,0.023809523809523808,0.0,0.01736111111111111,0.0,0.0,0.0,0.0,0.0,0.0,0.0,0.0,0.0,0.005208333333333333,0.005208333333333333,0.0,0.0,0.005208333333333333,0.018601190476190476,0.002976190476190476,0.010416666666666666,0.03298611111111111,0.005952380952380952,0.0,0.002976190476190476,0.0,0.019345238095238096,0.010416666666666666,0.06324404761904762,0.0,0.0,0.002976190476190476,0.020337301587301588,0.002976190476190476,0.4166666666666667,7.0
0.0,0.0,0.0,0.0,0.0,0.0,0.003472222222222222,0.0,0.012152777777777776,0.0,0.0076388888888888895,0.0,0.0,0.0,0.0,0.0,0.0,0.0,0.0,0.0,0.0,0.004166666666666667,0.006076388888888888,0.011111111111111112,0.0,0.0,0.03090277777777778,0.02291666666666667,0.0,0.0,0.04670138888888888,0.020833333333333332,0.0,0.0,0.0,0.028472222222222218,0.004166666666666667,0.049305555555555554,0.014583333333333332,0.013888888888888888,0.008680555555555554,0.015104166666666669,0.01736111111111111,0.5991319444444444,8.0
0.0,0.0,0.0,0.005208333333333333,0.0,0.0,0.0,0.0,0.0,0.0,0.024999999999999998,0.0,0.0,0.0,0.0,0.0,0.0,0.0,0.0,0.0,0.0,0.005208333333333333,0.010416666666666666,0.010416666666666666,0.0,0.0,0.03333333333333333,0.013541666666666667,0.0,0.0,0.07291666666666667,0.010416666666666666,0.004166666666666667,0.0,0.0,0.004166666666666667,0.014583333333333332,0.01875,0.004166666666666667,0.005208333333333333,0.03125,0.026041666666666668,0.036458333333333336,0.5854166666666667,9.0
0.0,0.0,0.0,0.0,0.0,0.0,0.004166666666666667,0.0,0.0,0.013888888888888888,0.0,0.0,0.0,0.0,0.0,0.0,0.0,0.0,0.006944444444444444,0.0,0.0,0.004166666666666667,0.011111111111111112,0.012499999999999999,0.0,0.0,0.004166666666666667,0.006944444444444444,0.0,0.006944444444444444,0.020833333333333332,0.006944444444444444,0.0,0.0,0.006944444444444444,0.024999999999999998,0.006944444444444444,0.04861111111111111,0.0,0.0,0.0,0.034374999999999996,0.004166666666666667,0.6920138888888889,10.0
0.0,0.004166666666666667,0.004166666666666667,0.0,0.0,0.0,0.0,0.0,0.0,0.010416666666666666,0.0,0.0,0.0,0.0,0.0,0.0,0.0,0.0,0.0,0.0,0.0,0.020833333333333332,0.0,0.010416666666666666,0.004166666666666667,0.0,0.01875,0.0,0.004166666666666667,0.0,0.057638888888888885,0.009375,0.0,0.008333333333333333,0.0,0.003472222222222222,0.004166666666666667,0.015625,0.0,0.010416666666666666,0.010416666666666666,0.0,0.0076388888888888895,0.5458333333333333,11.0
0.020833333333333332,0.0,0.020833333333333332,0.0,0.0,0.0,0.004166666666666667,0.0,0.010416666666666666,0.0,0.005208333333333333,0.0,0.0,0.0,0.0,0.004166666666666667,0.0,0.0,0.020833333333333332,0.0,0.0,0.0,0.020833333333333332,0.020833333333333332,0.0,0.0,0.010416666666666666,0.010416666666666666,0.0,0.005208333333333333,0.03125,0.041666666666666664,0.0,0.0,0.005208333333333333,0.029166666666666664,0.010416666666666666,0.09166666666666667,0.0,0.005208333333333333,0.020833333333333332,0.020833333333333332,0.024999999999999998,0.48125,12.0
0.0,0.0,0.0,0.0,0.0,0.0,0.0,0.0,0.020833333333333332,0.0,0.0,0.0,0.0,0.0,0.0,0.0,0.0,0.0,0.0,0.005208333333333333,0.005208333333333333,0.0,0.0,0.0,0.010416666666666666,0.0,0.020833333333333332,0.0,0.020833333333333332,0.0,0.0,0.010416666666666666,0.0,0.0,0.0,0.010416666666666666,0.0,0.010416666666666666,0.0,0.0,0.0,0.0,0.03125,0.4375,13.0
