sj,jj,oh,ji,ec,ic,oi,jg,co,ei,go,gi,cg,he,ch,oc,eo,oo,ig,gc,gh,sh,og,ge,cc,ii,hs,gg,hg,ce,sc,ie,si,cs,eh,ci,hh,hc,oe,so,se,ee,es,os,js,sg,eg,is,gs,ss,TimeFactor
0.0,0.0,0.0,0.0,0.0,0.0,0.0,0.0,0.0,0.0,0.0,0.0,0.0,0.0,0.0,0.0,0.0,0.0,0.0,0.0,0.0,0.0,0.0,0.0,0.0,0.0,0.0,0.0,0.0,0.0,0.0,0.0,0.0,0.0,0.005208333333333333,0.005208333333333333,0.005208333333333333,0.005208333333333333,0.005208333333333333,0.005208333333333333,0.005208333333333333,0.005208333333333333,0.005208333333333333,0.006944444444444444,0.010416666666666666,0.010416666666666666,0.020833333333333332,0.026041666666666668,0.05902777777777777,0.6527777777777778,1.0
0.0,0.0,0.0,0.0,0.0,0.0,0.0,0.0,0.0,0.0,0.0,0.0,0.0,0.0,0.0,0.0,0.0,0.0,0.0,0.0,0.001388888888888889,0.001388888888888889,0.001388888888888889,0.001388888888888889,0.001388888888888889,0.001388888888888889,0.001388888888888889,0.001388888888888889,0.005208333333333333,0.005208333333333333,0.006944444444444444,0.010416666666666666,0.011805555555555555,0.03993055555555556,0.0,0.0,0.001388888888888889,0.005208333333333333,0.009375,0.012152777777777776,0.015277777777777777,0.021180555555555553,0.040972222222222215,0.04270833333333334,0.006597222222222222,0.009722222222222222,0.0,0.006944444444444445,0.030208333333333334,0.5409722222222222,2.0
0.0,0.0,0.0,0.0,0.0,0.0,0.0,0.0,0.0,0.0,0.0,0.0,0.0,0.0,0.0,0.0,0.0,0.0,0.0020833333333333333,0.003977272727272728,0.0,0.0,0.0,0.0,0.0,0.001893939393939394,0.0020833333333333333,0.04217171717171717,0.0,0.0,0.004166666666666667,0.0,0.001893939393939394,0.04198232323232323,0.0,0.0020833333333333333,0.0,0.0,0.0,0.027777777777777776,0.010921717171717173,0.009027777777777779,0.010921717171717173,0.036111111111111115,0.0,0.04059343434343434,0.012499999999999999,0.010227272727272729,0.051199494949494946,0.4383838383838384,3.0
0.0,0.0,0.0,0.0,0.0,0.0,0.0,0.0,0.0,0.0,0.0,0.0,0.003472222222222222,0.004166666666666667,0.004166666666666667,0.005208333333333333,0.005208333333333333,0.005208333333333333,0.005208333333333333,0.0,0.0,0.0,0.0,0.004166666666666667,0.020833333333333332,0.0,0.0,0.011805555555555555,0.0,0.0,0.027777777777777776,0.0,0.035416666666666666,0.022569444444444444,0.0,0.0,0.0,0.0,0.0,0.0,0.003472222222222222,0.006944444444444444,0.04027777777777778,0.009375,0.0,0.02326388888888889,0.010416666666666666,0.035416666666666666,0.04583333333333333,0.4197916666666666,4.0
0.0,0.0,0.0,0.0,0.0,0.0,0.0,0.0,0.005208333333333333,0.005208333333333333,0.013392857142857142,0.015625,0.0,0.0,0.0,0.0,0.0,0.010416666666666666,0.010416666666666666,0.0,0.0,0.0,0.0,0.013392857142857142,0.0,0.010416666666666666,0.0,0.005208333333333333,0.0,0.0,0.005208333333333333,0.015625,0.015625,0.015625,0.010416666666666666,0.0,0.0,0.0,0.0,0.005208333333333333,0.026041666666666668,0.02901785714285714,0.020833333333333332,0.018601190476190476,0.0,0.02157738095238095,0.013392857142857142,0.010416666666666666,0.022321428571428572,0.34747023809523814,5.0
0.0,0.0,0.0,0.0,0.0,0.0,0.0,0.010416666666666666,0.0,0.0026041666666666665,0.0,0.0,0.020833333333333332,0.0,0.0,0.0,0.013888888888888888,0.0,0.0,0.0,0.0,0.0,0.006944444444444444,0.014583333333333332,0.0,0.0026041666666666665,0.0,0.010416666666666666,0.0,0.005208333333333333,0.010416666666666666,0.0,0.0,0.02517361111111111,0.0,0.0,0.0,0.0,0.01736111111111111,0.010416666666666666,0.010416666666666666,0.015625,0.042187499999999996,0.006944444444444444,0.0,0.009375,0.0067708333333333336,0.004166666666666667,0.059548611111111115,0.5274305555555555,6.0
0.0,0.0,0.0,0.0,0.0,0.0,0.004166666666666667,0.0,0.0,0.020833333333333332,0.0,0.0,0.0,0.0,0.0,0.005208333333333333,0.0,0.0,0.004166666666666667,0.0,0.0,0.020833333333333332,0.0,0.0,0.0,0.0,0.041666666666666664,0.024999999999999998,0.0,0.0,0.004166666666666667,0.020833333333333332,0.0,0.013541666666666667,0.0,0.0,0.0,0.0,0.0,0.004166666666666667,0.08402777777777777,0.07951388888888888,0.022569444444444444,0.004166666666666667,0.0,0.004166666666666667,0.020833333333333332,0.005208333333333333,0.014583333333333332,0.3503472222222222,7.0
0.0,0.0,0.0,0.0,0.0,0.003472222222222222,0.0,0.0,0.020833333333333332,0.0,0.0,0.0,0.0,0.0,0.0,0.0,0.0,0.0,0.0,0.0,0.0,0.0,0.0,0.024305555555555556,0.004166666666666667,0.0,0.0,0.010416666666666666,0.0,0.0,0.03194444444444444,0.0,0.003472222222222222,0.05347222222222222,0.0,0.0,0.0,0.0,0.0,0.0,0.018055555555555557,0.034722222222222224,0.021527777777777774,0.020833333333333332,0.0,0.024305555555555556,0.013888888888888888,0.010416666666666666,0.03472222222222222,0.5861111111111111,8.0
0.0,0.0,0.0,0.004166666666666667,0.005208333333333333,0.0,0.0,0.0,0.010416666666666666,0.005208333333333333,0.010416666666666666,0.003472222222222222,0.005208333333333333,0.0,0.0,0.0,0.0,0.0,0.0,0.0,0.0,0.0,0.0,0.026041666666666668,0.004166666666666667,0.026041666666666668,0.003472222222222222,0.020833333333333332,0.0,0.021527777777777774,0.022222222222222223,0.006944444444444444,0.01736111111111111,0.04340277777777777,0.0,0.0,0.0,0.0,0.0,0.0,0.04340277777777777,0.02847222222222222,0.08680555555555554,0.027777777777777776,0.003472222222222222,0.027777777777777776,0.005208333333333333,0.019791666666666666,0.016319444444444445,0.5048611111111111,9.0
0.0,0.0,0.0,0.0,0.0211489898989899,0.006944444444444444,0.0,0.0,0.0,0.010416666666666666,0.0,0.001893939393939394,0.020833333333333332,0.0,0.0,0.0,0.0,0.001893939393939394,0.0,0.001893939393939394,0.0,0.0,0.0,0.014046717171717174,0.008838383838383838,0.01736111111111111,0.001893939393939394,0.024621212121212117,0.0,0.006944444444444444,0.022727272727272724,0.008838383838383838,0.020833333333333332,0.027367424242424245,0.0,0.0,0.0,0.0,0.0,0.015940656565656564,0.008996212121212122,0.022569444444444444,0.03014520202020202,0.026357323232323232,0.0,0.024621212121212117,0.006944444444444444,0.02446338383838384,0.04214015151515151,0.4126578282828282,10.0
0.0,0.0,0.020833333333333332,0.0,0.02314814814814815,0.0,0.0,0.0,0.020833333333333332,0.0,0.0,0.0,0.0,0.0,0.0,0.0,0.0,0.020833333333333332,0.0,0.0023148148148148147,0.0,0.0,0.0,0.007291666666666666,0.02314814814814815,0.010416666666666666,0.020833333333333332,0.02314814814814815,0.0,0.0,0.0,0.0,0.010416666666666666,0.03819444444444444,0.005208333333333333,0.0,0.0,0.005208333333333333,0.0,0.0,0.03587962962962963,0.004166666666666667,0.048379629629629634,0.020833333333333332,0.0,0.02901785714285714,0.007291666666666666,0.0023148148148148147,0.022767857142857142,0.5975198412698413,11.0
0.003472222222222222,0.003472222222222222,0.0,0.0,0.010416666666666666,0.0,0.0,0.0,0.020833333333333332,0.0,0.003472222222222222,0.0,0.0,0.0,0.0,0.0,0.0,0.0,0.0,0.0,0.0,0.0,0.0,0.011805555555555555,0.013888888888888888,0.0,0.003472222222222222,0.04583333333333334,0.0,0.0,0.0076388888888888895,0.0,0.0,0.029861111111111113,0.0,0.0,0.0,0.0,0.0,0.0,0.029166666666666664,0.003472222222222222,0.07569444444444444,0.027777777777777776,0.0,0.042361111111111106,0.0,0.0,0.01875,0.48194444444444445,12.0
0.0,0.0,0.0,0.0,0.005208333333333333,0.0,0.0,0.0,0.0,0.0,0.0,0.0,0.010416666666666666,0.0,0.0,0.0,0.0,0.005208333333333333,0.0,0.0,0.0,0.0,0.0,0.0,0.0,0.013392857142857142,0.0,0.005208333333333333,0.0,0.0,0.00818452380952381,0.002976190476190476,0.010416666666666666,0.03373015873015873,0.0,0.0,0.0,0.0,0.0,0.005208333333333333,0.03645833333333333,0.0,0.05456349206349206,0.003472222222222222,0.0,0.03298611111111111,0.005208333333333333,0.005208333333333333,0.05803571428571428,0.5374503968253969,13.0
