eo,sj,oe,co,hg,oj,gj,gc,so,og,cg,ej,cc,ec,he,ic,ee,je,sc,go,ij,sh,se,ie,si,jg,jj,ih,hs,eg,ii,oi,gg,io,ge,js,ci,gi,oo,ig,es,sg,os,is,cs,gs,ss,TimeFactor
0.0,0.0,0.0,0.0,0.0,0.0,0.0,0.0,0.0,0.0,0.0,0.0,0.0,0.0,0.0,0.0,0.0,0.0,0.0,0.0,0.0,0.0,0.0009689922480620155,0.0009689922480620155,0.0009689922480620155,0.0012626262626262627,0.0012626262626262627,0.002231618510688278,0.0032006107587502935,0.0038667929292929295,0.0038667929292929295,0.005208333333333333,0.0061773255813953485,0.006944444444444444,0.006944444444444444,0.009375,0.010416666666666666,0.010811237373737374,0.013888888888888888,0.014756944444444442,0.020195413436692507,0.024823085506225043,0.025789141414141414,0.04749346664317594,0.04833949964763918,0.05018278717406624,0.4300552766032418,1.0
0.0,0.0,0.0,0.0,0.0,0.0,0.0,0.0,0.0,0.0,0.0,0.0018115942028985507,0.0018115942028985507,0.0018115942028985507,0.0020833333333333333,0.003472222222222222,0.006944444444444444,0.006944444444444444,0.007367149758454106,0.015277777777777779,0.020833333333333332,0.02361111111111111,0.005706521739130434,0.041666666666666664,0.05972222222222223,0.0,0.020833333333333332,0.005283816425120773,0.0076388888888888895,0.004166666666666667,0.012228260869565216,0.0,0.03680555555555556,0.0,0.0020833333333333333,0.024305555555555552,0.0,0.011805555555555555,0.0,0.03680555555555556,0.01431159420289855,0.020833333333333332,0.02681159420289855,0.012228260869565216,0.009027777777777779,0.08097826086956522,0.3914553140096619,2.0
0.0,0.0,0.0,0.004166666666666667,0.005208333333333333,0.005208333333333333,0.005208333333333333,0.005208333333333333,0.005952380952380952,0.009375,0.041666666666666664,0.0,0.0,0.0,0.0,0.0,0.0,0.0,0.0,0.010416666666666666,0.0,0.0,0.005952380952380952,0.005208333333333333,0.011160714285714286,0.0,0.0,0.0,0.0,0.0,0.005952380952380952,0.010416666666666666,0.008333333333333333,0.0,0.041666666666666664,0.005208333333333333,0.0,0.0,0.0,0.005208333333333333,0.015327380952380953,0.008333333333333333,0.057738095238095234,0.05625,0.011160714285714286,0.14866071428571428,0.5110119047619048,3.0
0.0,0.0,0.006944444444444444,0.0,0.0,0.0,0.0,0.006944444444444444,0.0,0.0,0.0,0.0,0.0,0.0,0.0,0.0,0.0,0.0,0.0,0.0,0.0,0.0,0.025462962962962965,0.0,0.03125,0.0,0.0,0.0,0.0,0.0,0.0,0.0,0.0,0.0,0.0,0.027777777777777776,0.0,0.0,0.006944444444444444,0.013888888888888888,0.025462962962962965,0.02337962962962963,0.029166666666666664,0.06435185185185185,0.015046296296296295,0.0878472222222222,0.6355324074074075,4.0
0.0,0.0,0.0,0.0,0.0,0.0,0.0,0.0,0.01636904761904762,0.0,0.0,0.0,0.0,0.0,0.0,0.0,0.0,0.0,0.0,0.0,0.0,0.0,0.0,0.0,0.020833333333333332,0.0,0.0,0.0,0.020833333333333332,0.0,0.010416666666666666,0.0,0.06041666666666667,0.0,0.005952380952380952,0.03125,0.0,0.0,0.0,0.0,0.005952380952380952,0.04836309523809523,0.05357142857142857,0.03125,0.0,0.13720238095238094,0.5575892857142858,5.0
0.0,0.010416666666666666,0.0,0.0,0.0,0.0,0.0,0.0,0.0,0.0,0.0,0.0,0.0,0.0,0.0,0.0,0.0,0.0,0.0,0.0,0.0,0.0,0.0,0.0,0.005952380952380952,0.0,0.0,0.0,0.0,0.0,0.0,0.0,0.0,0.0,0.0,0.041666666666666664,0.0,0.0,0.0,0.010416666666666666,0.006944444444444444,0.020833333333333332,0.041666666666666664,0.026785714285714284,0.005952380952380952,0.0992063492063492,0.5634920634920635,6.0
0.003472222222222222,0.003472222222222222,0.0,0.0,0.0,0.0,0.0,0.0,0.0,0.0,0.0,0.0,0.0,0.0,0.0,0.0,0.0,0.0,0.0,0.0,0.0,0.0,0.0,0.0,0.024305555555555556,0.003472222222222222,0.0,0.0,0.003472222222222222,0.0,0.0,0.0,0.015376984126984126,0.0,0.0,0.028174603174603175,0.0,0.003472222222222222,0.0,0.003472222222222222,0.03472222222222222,0.03234126984126984,0.01736111111111111,0.06249999999999999,0.0,0.07470238095238095,0.5230158730158729,7.0
0.0,0.008333333333333333,0.0,0.0,0.0,0.0,0.008101851851851851,0.0,0.0,0.0,0.0,0.0,0.0,0.0,0.0,0.0,0.0,0.008333333333333333,0.0,0.0,0.0,0.0,0.0,0.0,0.0,0.0,0.0,0.0,0.022222222222222223,0.003472222222222222,0.0,0.0,0.004629629629629629,0.0,0.0,0.013888888888888888,0.0,0.0,0.0,0.0,0.0,0.025694444444444447,0.018518518518518517,0.019696969696969695,0.0,0.07927188552188551,0.5378367003367004,8.0
0.0,0.008333333333333333,0.0,0.0,0.0,0.0,0.0,0.0,0.0,0.0,0.0,0.0,0.0,0.0,0.0,0.0,0.0,0.0,0.0,0.0,0.0,0.0,0.008333333333333333,0.0,0.0,0.0,0.0,0.0,0.0,0.0,0.0,0.0,0.0,0.0,0.0,0.003472222222222222,0.0,0.0,0.0,0.003472222222222222,0.0,0.01875,0.0,0.0,0.0,0.096741452991453,0.5275641025641026,9.0
0.0,0.0,0.0,0.0,0.0,0.0,0.0,0.0,0.0,0.0026041666666666665,0.0,0.0,0.0,0.0,0.0,0.0,0.0,0.0,0.0,0.0,0.0,0.0,0.0,0.0,0.0026041666666666665,0.0,0.0,0.0,0.0,0.0,0.0,0.0,0.0,0.0,0.0,0.041666666666666664,0.0,0.0,0.0,0.0,0.005809294871794872,0.025000000000000005,0.0,0.046875,0.0,0.09391025641025641,0.5315304487179487,10.0
0.0,0.0,0.0,0.0,0.0,0.0,0.0,0.0,0.0,0.0,0.0,0.0,0.0,0.0,0.0,0.0,0.0,0.0,0.0,0.0,0.0,0.0,0.0,0.0,0.0,0.0,0.0,0.0,0.0,0.0,0.0,0.0,0.013888888888888888,0.0,0.0,0.0,0.0,0.0,0.0,0.0,0.005952380952380952,0.008145363408521303,0.052083333333333336,0.0,0.0,0.06965329991645781,0.5169434001670844,11.0
0.0,0.0,0.0,0.0,0.0,0.0,0.0,0.0,0.0,0.0,0.0,0.0,0.0,0.0,0.0,0.0,0.0,0.0,0.0,0.0,0.0,0.0,0.0,0.0,0.0,0.0,0.0,0.0,0.0,0.0,0.0,0.0,0.013888888888888888,0.0,0.0,0.0,0.0,0.0020833333333333333,0.0,0.0,0.013888888888888888,0.020833333333333332,0.013888888888888888,0.006250000000000001,0.0,0.04652777777777778,0.6326388888888889,12.0
0.0,0.0,0.0,0.0,0.0,0.0,0.0,0.0,0.0,0.0,0.0,0.0,0.0,0.0,0.0,0.0,0.0,0.0,0.0,0.0,0.0,0.0,0.0,0.0,0.004166666666666667,0.0,0.0,0.0,0.0,0.0,0.0,0.0,0.0,0.0,0.0,0.0,0.0,0.0,0.0,0.0,0.0,0.006944444444444444,0.0,0.0,0.0,0.12787698412698412,0.5276785714285713,13.0
