ic,hh,ei,jg,ej,ho,jj,sj,io,go,ge,ce,gi,jo,ji,gc,ci,oc,og,ch,ec,eo,oo,co,ie,cg,eg,se,sh,gg,cc,oe,ee,sc,so,es,gh,ig,ii,sg,si,hs,oi,js,cs,os,is,gs,ss,TimeFactor
0.0,0.0,0.0,0.0,0.0,0.0,0.0,0.0,0.0,0.0,0.0,0.0,0.0,0.0,0.0,0.0,0.0,0.0,0.0,0.0,0.0,0.0,0.0,0.0,0.0,0.0,0.0,0.0,0.0,0.0,0.0,0.0,0.0,0.0,0.0,0.0,0.001388888888888889,0.001388888888888889,0.004166666666666667,0.004166666666666667,0.008333333333333333,0.008333333333333333,0.010416666666666666,0.013541666666666665,0.02638888888888889,0.027777777777777776,0.032638888888888884,0.03888888888888889,0.8225694444444445,1.0
0.0,0.0,0.0,0.0,0.0,0.0,0.0,0.0,0.0,0.0,0.0,0.0,0.0,0.0,0.0,0.0,0.0,0.0,0.0,0.0,0.0,0.0,0.0023148148148148147,0.003472222222222222,0.003472222222222222,0.003472222222222222,0.005208333333333333,0.005208333333333333,0.009375,0.010416666666666666,0.010416666666666666,0.013888888888888888,0.013888888888888888,0.015277777777777779,0.020370370370370372,0.03877314814814815,0.0,0.0,0.0,0.0,0.005787037037037038,0.0076388888888888895,0.0,0.014583333333333332,0.03726851851851853,0.023148148148148143,0.024652777777777777,0.02060185185185185,0.5440972222222221,2.0
0.0,0.0,0.0,0.0,0.0,0.0,0.0,0.0,0.0,0.0,0.0,0.0,0.0,0.0,0.0,0.0,0.0,0.004166666666666667,0.005208333333333333,0.005208333333333333,0.006944444444444444,0.009375,0.004166666666666667,0.0,0.0,0.0,0.0,0.004166666666666667,0.0,0.0,0.0,0.0,0.0,0.0,0.0,0.004166666666666667,0.0,0.0,0.004166666666666667,0.010416666666666666,0.004166666666666667,0.005208333333333333,0.0,0.0,0.028472222222222218,0.004166666666666667,0.035416666666666666,0.020833333333333332,0.59375,3.0
0.0,0.0,0.0,0.0,0.0,0.0,0.0,0.0,0.0,0.0,0.0,0.0,0.0,0.0,0.0,0.005208333333333333,0.020833333333333332,0.0,0.0,0.0,0.041666666666666664,0.0,0.005208333333333333,0.0,0.020833333333333332,0.020833333333333332,0.0,0.020833333333333332,0.0,0.005208333333333333,0.020833333333333332,0.0,0.015625,0.0,0.005208333333333333,0.020833333333333332,0.0,0.0,0.0,0.005208333333333333,0.0,0.0,0.0,0.006944444444444444,0.03472222222222222,0.006944444444444444,0.0,0.03125,0.6284722222222223,4.0
0.0,0.0,0.0,0.0,0.0,0.0,0.0,0.0,0.0,0.0,0.0,0.0,0.0,0.003472222222222222,0.004166666666666667,0.0,0.0,0.0,0.0,0.0,0.0,0.0,0.003472222222222222,0.0,0.0,0.0,0.005208333333333333,0.015625,0.0,0.0,0.0,0.0,0.0,0.0,0.0,0.029166666666666664,0.0,0.0,0.005208333333333333,0.016666666666666666,0.0,0.0,0.0,0.0,0.03715277777777778,0.003472222222222222,0.018055555555555557,0.03888888888888889,0.8194444444444445,5.0
0.0,0.0,0.0,0.0,0.0,0.0,0.0,0.0,0.0,0.002976190476190476,0.002976190476190476,0.003472222222222222,0.006944444444444444,0.0,0.0,0.011656746031746032,0.0,0.0,0.0,0.0,0.010416666666666666,0.0,0.013392857142857142,0.0,0.002976190476190476,0.003472222222222222,0.005952380952380952,0.015625,0.0,0.01240079365079365,0.03422619047619047,0.0,0.01636904761904762,0.018601190476190476,0.010416666666666666,0.011111111111111112,0.0,0.0,0.014087301587301588,0.038144841269841266,0.01011904761904762,0.006944444444444444,0.0,0.0,0.03844246031746032,0.011111111111111112,0.03214285714285714,0.04732142857142857,0.5353670634920635,6.0
0.0,0.0,0.0,0.0,0.0,0.0023148148148148147,0.0023148148148148147,0.0023148148148148147,0.003472222222222222,0.0,0.002976190476190476,0.0023148148148148147,0.020833333333333332,0.0,0.0,0.0,0.0,0.0,0.0,0.0,0.0,0.0,0.010416666666666666,0.00992063492063492,0.006944444444444444,0.0,0.0,0.010416666666666666,0.0023148148148148147,0.00992063492063492,0.0023148148148148147,0.0,0.006944444444444444,0.023809523809523808,0.012896825396825398,0.038359788359788365,0.0,0.0,0.0,0.010416666666666666,0.013392857142857142,0.0023148148148148147,0.0,0.0,0.023230820105820105,0.02686838624338624,0.03306878306878307,0.0226521164021164,0.6139219576719577,7.0
0.0,0.0,0.0,0.0,0.005208333333333333,0.0,0.0,0.0,0.0,0.006944444444444444,0.012152777777777776,0.0,0.0023148148148148147,0.0,0.0,0.0,0.010416666666666666,0.0,0.0,0.0,0.006944444444444444,0.005208333333333333,0.0023148148148148147,0.0,0.0023148148148148147,0.005208333333333333,0.004629629629629629,0.010416666666666666,0.0,0.020833333333333332,0.006944444444444444,0.006944444444444444,0.0020833333333333333,0.01678240740740741,0.004398148148148148,0.02928240740740741,0.0,0.0,0.0023148148148148147,0.012731481481481483,0.009259259259259259,0.0,0.0,0.005208333333333333,0.0449074074074074,0.013541666666666667,0.01875,0.03587962962962963,0.6960648148148149,8.0
0.0,0.0,0.0,0.003472222222222222,0.0,0.0,0.0,0.0,0.0,0.0,0.012152777777777776,0.0,0.0023148148148148147,0.0,0.0,0.0,0.0,0.0,0.0,0.0,0.006944444444444444,0.0,0.0,0.0,0.004166666666666667,0.009375,0.005208333333333333,0.024305555555555552,0.0,0.027199074074074073,0.0,0.0,0.020833333333333332,0.012351190476190476,0.0,0.045916005291005285,0.0,0.007523148148148148,0.006481481481481481,0.006944444444444444,0.016782407407407406,0.0023148148148148147,0.0,0.0,0.059308862433862436,0.0,0.01871693121693121,0.030324074074074073,0.677364417989418,9.0
0.0,0.0,0.0,0.0,0.0,0.0,0.0,0.0,0.0,0.0078125,0.003472222222222222,0.0,0.0,0.0,0.0,0.0,0.0,0.0,0.0,0.0,0.0,0.0,0.005208333333333333,0.005208333333333333,0.0,0.0,0.0,0.0026041666666666665,0.0,0.0,0.010416666666666666,0.0,0.006076388888888888,0.01736111111111111,0.0,0.027777777777777776,0.0,0.0,0.0,0.018973214285714284,0.0026041666666666665,0.0,0.0,0.0,0.03819444444444444,0.0234375,0.010416666666666666,0.047619047619047616,0.7728174603174605,10.0
0.0,0.0,0.006944444444444444,0.0,0.0,0.0,0.0,0.0,0.0,0.0,0.0,0.006944444444444444,0.0,0.0,0.0,0.006944444444444444,0.0,0.006944444444444444,0.0,0.005208333333333333,0.0,0.0,0.005208333333333333,0.0,0.006944444444444444,0.0,0.0,0.0078125,0.0,0.0,0.01736111111111111,0.0,0.005208333333333333,0.013888888888888888,0.012152777777777776,0.033959096459096456,0.0,0.0,0.0,0.012753739316239318,0.008680555555555554,0.005208333333333333,0.0,0.0,0.02924679487179487,0.006944444444444444,0.0236759768009768,0.031850961538461536,0.7461175976800977,11.0
0.0,0.0026041666666666665,0.0,0.0,0.0,0.0,0.0,0.0,0.0,0.0026041666666666665,0.0023148148148148147,0.00954861111111111,0.0,0.0,0.0,0.0,0.0,0.0,0.0,0.0026041666666666665,0.003472222222222222,0.0,0.0026041666666666665,0.003472222222222222,0.0,0.0,0.006944444444444444,0.02621527777777778,0.004166666666666667,0.009259259259259259,0.0234375,0.0,0.019965277777777776,0.03298611111111111,0.003472222222222222,0.029976851851851852,0.0,0.0,0.0,0.010706018518518517,0.003472222222222222,0.0067708333333333336,0.0,0.0,0.02690972222222222,0.017708333333333333,0.011111111111111112,0.038252314814814815,0.6994212962962963,12.0
0.004166666666666667,0.0,0.0,0.0,0.0,0.0,0.0020833333333333333,0.004166666666666667,0.0,0.004166666666666667,0.001736111111111111,0.004166666666666667,0.0,0.0,0.0,0.0,0.0,0.007142857142857143,0.0,0.0,0.0,0.004166666666666667,0.008333333333333333,0.0,0.0,0.002976190476190476,0.010416666666666666,0.010416666666666666,0.0,0.002976190476190476,0.010615079365079364,0.0,0.0,0.027132936507936505,0.0,0.01744378306878307,0.0,0.0,0.0,0.017410714285714286,0.0,0.0026041666666666665,0.0,0.0020833333333333333,0.054910714285714285,0.0,0.01597222222222222,0.03760747354497354,0.6639715608465607,13.0
