ih,jo,cg,he,ec,io,gh,ei,co,hc,oi,ho,og,ce,gi,sc,oo,oe,jj,ej,eg,ie,si,ig,gg,ci,ii,so,gc,cc,sg,hg,se,hs,sh,ge,js,cs,ee,es,gs,is,os,ss,TimeFactor
0.0,0.0,0.0,0.0,0.0,0.0,0.0,0.0,0.0,0.0,0.0,0.0,0.0,0.0,0.0,0.0,0.0,0.0,0.0,0.0,0.0,0.0,0.0,0.0,0.0,0.0,0.0,0.0,0.0,0.0,0.0,0.0,0.002976190476190476,0.003472222222222222,0.003472222222222222,0.005208333333333333,0.006944444444444444,0.006944444444444444,0.00818452380952381,0.01512896825396825,0.03298611111111111,0.036458333333333336,0.06944444444444443,0.7254464285714285,1.0
0.0,0.0,0.0,0.0,0.0,0.0,0.0,0.0,0.0,0.0,0.0,0.0,0.0,0.0,0.0,0.0,0.0,0.0023148148148148147,0.003472222222222222,0.003472222222222222,0.006944444444444444,0.006944444444444444,0.006944444444444444,0.006944444444444444,0.006944444444444444,0.006944444444444444,0.006944444444444444,0.009259259259259259,0.010416666666666666,0.010416666666666666,0.010416666666666666,0.020833333333333332,0.003472222222222222,0.01736111111111111,0.020833333333333332,0.0,0.0,0.04629629629629629,0.0023148148148148147,0.010416666666666666,0.03472222222222222,0.032407407407407406,0.041666666666666664,0.5046296296296297,2.0
0.0,0.0,0.0,0.0,0.0,0.0,0.0,0.0,0.0,0.0,0.0,0.0,0.0,0.0,0.002976190476190476,0.00992063492063492,0.023809523809523808,0.0,0.0,0.0,0.0,0.0,0.004166666666666667,0.005952380952380952,0.006944444444444444,0.006944444444444444,0.011111111111111112,0.023809523809523808,0.0,0.002976190476190476,0.016319444444444445,0.0,0.00818452380952381,0.03025793650793651,0.023809523809523808,0.006944444444444444,0.0,0.07435515873015873,0.010416666666666666,0.023809523809523808,0.023660714285714285,0.0,0.02728174603174603,0.5730158730158731,3.0
0.0,0.0,0.0,0.0,0.0,0.0,0.0,0.0,0.0,0.0,0.0,0.005208333333333333,0.008680555555555554,0.010416666666666666,0.005208333333333333,0.004166666666666667,0.0,0.0026041666666666665,0.0,0.0,0.0,0.005208333333333333,0.006944444444444444,0.026041666666666668,0.0,0.020833333333333332,0.006944444444444444,0.006944444444444444,0.0,0.0,0.004166666666666667,0.0,0.024305555555555552,0.004166666666666667,0.0,0.0,0.0,0.027430555555555555,0.01909722222222222,0.0390625,0.04652777777777778,0.030208333333333334,0.012152777777777776,0.6836805555555555,4.0
0.0,0.0,0.0,0.0,0.0,0.0,0.0,0.0,0.0,0.0023148148148148147,0.003472222222222222,0.003472222222222222,0.0,0.0,0.0,0.006944444444444444,0.0,0.0,0.0,0.0,0.0,0.0,0.013020833333333334,0.0,0.0026041666666666665,0.0,0.003472222222222222,0.003472222222222222,0.0,0.0,0.012152777777777776,0.0,0.0,0.003472222222222222,0.0023148148148148147,0.010416666666666666,0.0,0.045717592592592594,0.01736111111111111,0.08854166666666667,0.014178240740740741,0.019965277777777776,0.02690972222222222,0.6368634259259259,5.0
0.0,0.0,0.0,0.0,0.0,0.0,0.0,0.003472222222222222,0.004166666666666667,0.0,0.0,0.0,0.0,0.0,0.0,0.0,0.0,0.004166666666666667,0.0,0.0,0.0,0.0,0.0,0.0,0.0,0.0,0.0,0.003472222222222222,0.0,0.004166666666666667,0.0,0.0,0.03472222222222222,0.004166666666666667,0.0,0.0,0.0,0.033680555555555554,0.0625,0.029861111111111113,0.020833333333333332,0.01736111111111111,0.013888888888888888,0.5968749999999999,6.0
0.0,0.0,0.0,0.0,0.0,0.0,0.010416666666666666,0.0,0.0,0.0,0.0,0.0,0.0,0.0,0.005208333333333333,0.006944444444444444,0.0,0.0,0.0,0.0,0.006944444444444444,0.0,0.006944444444444444,0.005208333333333333,0.013888888888888888,0.0,0.0,0.0,0.0,0.03472222222222222,0.020337301587301584,0.0,0.00992063492063492,0.010416666666666666,0.0,0.013392857142857142,0.0,0.06666666666666667,0.008928571428571428,0.018601190476190476,0.030952380952380953,0.024007936507936506,0.006944444444444444,0.6162202380952381,7.0
0.0,0.0,0.0,0.0,0.0,0.0,0.0,0.0,0.0,0.0,0.0,0.0,0.0,0.0,0.0,0.0,0.0,0.0,0.0,0.0,0.0,0.0,0.006944444444444444,0.0,0.0,0.0,0.006944444444444444,0.0,0.003472222222222222,0.003472222222222222,0.008680555555555554,0.0,0.010416666666666666,0.03125,0.0,0.0,0.0,0.01736111111111111,0.010416666666666666,0.02951388888888889,0.024999999999999998,0.006944444444444444,0.035416666666666666,0.6375000000000001,8.0
0.0,0.0,0.0,0.0,0.0,0.004166666666666667,0.0,0.0,0.0,0.0,0.0,0.0,0.0,0.004166666666666667,0.0,0.004166666666666667,0.004166666666666667,0.002976190476190476,0.0,0.0,0.0,0.0,0.0,0.0,0.002976190476190476,0.0,0.0,0.007142857142857143,0.004166666666666667,0.0,0.002976190476190476,0.0,0.008333333333333333,0.004166666666666667,0.004166666666666667,0.0,0.002976190476190476,0.024999999999999998,0.002976190476190476,0.05000000000000001,0.014285714285714285,0.046875,0.004166666666666667,0.7168154761904763,9.0
0.0,0.0,0.0,0.002976190476190476,0.002976190476190476,0.0,0.0,0.002976190476190476,0.0,0.0,0.0,0.0,0.0,0.0,0.0,0.0,0.0,0.0,0.0,0.0,0.0,0.0,0.0,0.0,0.030257936507936508,0.0,0.002976190476190476,0.0,0.0,0.0,0.020337301587301584,0.0,0.005952380952380952,0.0,0.0,0.0,0.0,0.05059523809523809,0.0,0.044146825396825386,0.05505952380952381,0.013392857142857142,0.002976190476190476,0.7653769841269841,10.0
0.0,0.003472222222222222,0.010416666666666666,0.0,0.006944444444444444,0.0,0.0,0.0,0.0,0.0020833333333333333,0.0,0.0,0.0,0.0,0.0,0.02291666666666667,0.005555555555555556,0.0,0.0,0.0,0.0,0.0,0.013888888888888888,0.0,0.02847222222222222,0.0,0.006944444444444444,0.0020833333333333333,0.0,0.0,0.012499999999999999,0.0,0.027777777777777776,0.013888888888888888,0.012499999999999999,0.0,0.0,0.043750000000000004,0.04861111111111111,0.0625,0.07048611111111111,0.012499999999999999,0.010416666666666666,0.5822916666666667,11.0
0.003472222222222222,0.0,0.0,0.0,0.0,0.006944444444444444,0.0,0.0,0.0,0.0,0.0,0.0,0.0,0.0,0.0,0.003472222222222222,0.0,0.0,0.0,0.0,0.0,0.0,0.005208333333333333,0.003472222222222222,0.010416666666666666,0.0,0.010416666666666666,0.004166666666666667,0.0,0.003472222222222222,0.010416666666666666,0.0,0.0,0.003472222222222222,0.0,0.003472222222222222,0.004166666666666667,0.015625,0.004166666666666667,0.06840277777777777,0.01736111111111111,0.019444444444444445,0.015277777777777779,0.6204861111111111,12.0
0.0,0.0,0.0,0.0,0.0,0.0,0.0,0.0,0.0,0.0,0.0,0.0,0.0,0.0,0.013888888888888888,0.0020833333333333333,0.0,0.0,0.0,0.0,0.0,0.0,0.006944444444444444,0.020833333333333332,0.028124999999999997,0.020833333333333332,0.006944444444444444,0.0,0.0,0.0020833333333333333,0.028124999999999997,0.0,0.007291666666666666,0.03125,0.0,0.0,0.0,0.014583333333333332,0.0,0.0638888888888889,0.06805555555555555,0.013888888888888888,0.010416666666666666,0.5774305555555556,13.0
