gss,css,gcs,gjs,ggj,sse,see,oss,jss,sss,TimeFactor
0.0,0.0,0.0,0.0,0.0,0.0,0.0,0.0,0.0,0.0,1.0
0.0,0.0,0.0,0.0,0.0,0.0,0.0,0.0,0.016666666666666666,0.15,2.0
0.0,0.0,0.0,0.0,0.0,0.0,0.0,0.020833333333333332,0.0,0.0625,3.0
0.0,0.0,0.0,0.0,0.0,0.0,0.0,0.0,0.0,0.0,4.0
0.0,0.0,0.0,0.0,0.0,0.0,0.0,0.0,0.0,0.0,5.0
0.0,0.0,0.0,0.0,0.0,0.0,0.0,0.041666666666666664,0.0,0.125,6.0
0.0,0.0,0.0,0.0043859649122807015,0.0043859649122807015,0.0043859649122807015,0.0043859649122807015,0.0,0.0043859649122807015,0.06140350877192982,7.0
0.0,0.0,0.0,0.0,0.0,0.0,0.0,0.0,0.0,0.0,8.0
0.0,0.020833333333333332,0.020833333333333332,0.0,0.0,0.0,0.0,0.0,0.0,0.041666666666666664,9.0
0.0,0.0,0.0,0.0,0.0,0.0,0.0,0.0,0.0,0.08333333333333333,10.0
0.0,0.0,0.0,0.0,0.0,0.0,0.0,0.0,0.0,0.0,11.0
0.020833333333333332,0.0,0.0,0.0,0.0,0.0,0.0,0.0,0.0,0.0625,12.0
0.0,0.0,0.0,0.0,0.0,0.0,0.0,0.0,0.0,0.0,13.0
