ig,si,jg,sc,se,es,sg,js,cs,hs,os,is,gs,ss,TimeFactor
0.0,0.0,0.0,0.0,0.0,0.0,0.015046296296296295,0.018518518518518517,0.02291666666666667,0.028174603174603175,0.049999999999999996,0.06832010582010582,0.08673941798941798,0.5436177248677249,1.0
0.0,0.0,0.0,0.004629629629629629,0.013888888888888888,0.020833333333333332,0.0,0.025462962962962965,0.0954861111111111,0.009259259259259259,0.020833333333333332,0.01678240740740741,0.030671296296296297,0.5121527777777778,2.0
0.0,0.0,0.004166666666666667,0.0,0.004166666666666667,0.004166666666666667,0.0,0.06856060606060606,0.020833333333333332,0.0,0.0,0.02638888888888889,0.012121212121212121,0.27626262626262627,3.0
0.0,0.0,0.0,0.0,0.0,0.009259259259259259,0.0,0.0375,0.03518518518518519,0.020833333333333332,0.041666666666666664,0.06296296296296296,0.049999999999999996,0.49259259259259264,4.0
0.0,0.0,0.0,0.0,0.0,0.0,0.0,0.0744047619047619,0.005952380952380952,0.010416666666666666,0.047619047619047616,0.020833333333333332,0.05704365079365079,0.3670634920634921,5.0
0.0,0.0,0.0,0.0,0.0,0.0,0.041666666666666664,0.008333333333333333,0.0,0.029166666666666664,0.025000000000000005,0.0,0.09166666666666667,0.3875,6.0
0.0,0.0,0.0,0.006944444444444444,0.0,0.0,0.0,0.041666666666666664,0.0625,0.010416666666666666,0.013888888888888888,0.03819444444444444,0.020833333333333332,0.47222222222222227,7.0
0.010416666666666666,0.010416666666666666,0.020833333333333332,0.0,0.0,0.0,0.0,0.020833333333333332,0.008333333333333333,0.0,0.0,0.041666666666666664,0.041666666666666664,0.5125000000000001,8.0
0.0,0.0,0.0,0.0,0.0,0.0,0.0,0.028273809523809524,0.047619047619047616,0.0,0.010416666666666666,0.024305555555555552,0.0,0.38938492063492064,9.0
0.0,0.0,0.0,0.0,0.0,0.0,0.010416666666666666,0.025462962962962965,0.0,0.0,0.027777777777777776,0.0,0.052083333333333336,0.2175925925925926,10.0
0.0,0.0,0.0,0.0,0.0,0.013888888888888888,0.0,0.10416666666666667,0.0,0.0,0.026785714285714284,0.041666666666666664,0.060515873015873016,0.5029761904761905,11.0
0.0,0.0,0.0,0.0,0.0,0.0,0.0,0.010416666666666666,0.08333333333333333,0.0,0.020833333333333332,0.020833333333333332,0.0,0.4479166666666667,12.0
0.0,0.0,0.0,0.0,0.0,0.0,0.0,0.020833333333333332,0.027777777777777776,0.0,0.0,0.010416666666666666,0.0,0.5243055555555555,13.0
