gg,jg,so,es,ic,se,si,sg,ij,gi,hs,os,cs,js,is,gs,ss,TimeFactor
0.0,0.0,0.0,0.0,0.0,0.0026041666666666665,0.0026041666666666665,0.0026041666666666665,0.005208333333333333,0.005208333333333333,0.005208333333333333,0.00954861111111111,0.015277777777777779,0.016666666666666666,0.021701388888888885,0.07206439393939394,0.6746369949494949,1.0
0.0,0.0,0.0,0.0,0.0,0.0,0.0,0.0,0.0,0.0,0.0,0.0,0.0,0.005952380952380952,0.005952380952380952,0.0744047619047619,0.49702380952380953,2.0
0.0,0.0,0.0,0.0,0.0,0.0,0.0,0.0,0.0,0.0,0.0,0.0,0.0,0.0,0.0,0.07462121212121213,0.6753787878787879,3.0
0.0,0.0,0.0,0.0023148148148148147,0.013888888888888888,0.0,0.0,0.0,0.0,0.0,0.0,0.0,0.015491452991452992,0.0032051282051282055,0.049679487179487176,0.028311965811965812,0.6371082621082621,4.0
0.0,0.0,0.0,0.0,0.0,0.0,0.0,0.0,0.0,0.0,0.0,0.020833333333333332,0.006944444444444444,0.013888888888888888,0.0,0.0,0.7083333333333334,5.0
0.0,0.0,0.0,0.0,0.0,0.0,0.0,0.003472222222222222,0.0,0.0,0.0,0.0,0.0,0.0,0.013888888888888888,0.04206349206349206,0.6072420634920636,6.0
0.0,0.0,0.0,0.0,0.0,0.0,0.0,0.003787878787878788,0.0,0.0,0.0,0.003787878787878788,0.0,0.003787878787878788,0.004166666666666667,0.01927933177933178,0.7151903651903652,7.0
0.0,0.0,0.0,0.0,0.0,0.0,0.0,0.0,0.0,0.0,0.0,0.0,0.012310606060606062,0.0,0.0,0.014204545454545456,0.7234848484848485,8.0
0.0,0.0,0.004629629629629629,0.004629629629629629,0.0,0.0,0.004629629629629629,0.0,0.0,0.0,0.005208333333333333,0.009259259259259259,0.0,0.008333333333333333,0.004629629629629629,0.01949404761904762,0.7725198412698413,9.0
0.0,0.008333333333333333,0.0,0.0,0.0,0.0,0.0,0.008333333333333333,0.0,0.0,0.0,0.0,0.0,0.0,0.0023148148148148147,0.0216374269005848,0.6260477582846004,10.0
0.0,0.0,0.0,0.008333333333333333,0.0,0.0,0.0,0.0,0.0,0.0,0.0,0.003472222222222222,0.0,0.008333333333333333,0.0,0.023644179894179895,0.5395502645502646,11.0
0.005208333333333333,0.0,0.0,0.0,0.0,0.0,0.0,0.0,0.0,0.0,0.0,0.015625,0.005208333333333333,0.0,0.013541666666666667,0.024305555555555552,0.6861111111111112,12.0
0.0,0.0,0.0,0.0,0.0,0.0,0.0,0.0,0.0,0.0,0.0,0.0,0.005952380952380952,0.009157509157509158,0.005952380952380952,0.020197395197395197,0.4587403337403337,13.0
