eis,sis,sgs,cse,ges,sjs,jos,scs,hse,ess,hss,jss,iss,oss,css,gss,sss,TimeFactor
0.0,0.0,0.0,0.0,0.0,0.0,0.010416666666666666,0.027777777777777776,0.027777777777777776,0.03819444444444444,0.048611111111111105,0.09508547008547008,0.11506410256410256,0.12430555555555554,0.15208333333333332,0.15555555555555553,0.20512820512820515,1.0
0.0,0.0,0.0,0.0,0.0,0.0,0.0,0.0,0.0,0.0,0.05555555555555555,0.13888888888888887,0.044444444444444446,0.15555555555555556,0.19999999999999998,0.044444444444444446,0.027777777777777776,2.0
0.0,0.0,0.0,0.0,0.0,0.041666666666666664,0.0,0.0,0.0,0.0,0.08333333333333333,0.05833333333333333,0.041666666666666664,0.08333333333333333,0.27499999999999997,0.0,0.08333333333333333,3.0
0.0,0.0,0.0,0.0,0.08333333333333333,0.0,0.0,0.0,0.0,0.0,0.05357142857142857,0.1111111111111111,0.011904761904761904,0.06746031746031746,0.10912698412698411,0.09523809523809523,0.21825396825396826,4.0
0.0,0.0,0.027777777777777776,0.041666666666666664,0.0,0.0,0.0,0.0,0.0,0.08333333333333333,0.0,0.0,0.041666666666666664,0.1111111111111111,0.06944444444444443,0.2638888888888889,0.19444444444444442,5.0
0.0,0.005555555555555556,0.0,0.0,0.0,0.027777777777777776,0.0,0.0,0.0,0.0,0.0,0.0,0.005555555555555556,0.041666666666666664,0.16666666666666666,0.09444444444444444,0.15833333333333333,6.0
0.0,0.0,0.0,0.0,0.0,0.0,0.0,0.0,0.0,0.0,0.08333333333333333,0.1111111111111111,0.11111111111111112,0.0,0.09722222222222222,0.06944444444444443,0.1111111111111111,7.0
0.0,0.0,0.0,0.0,0.0,0.0,0.0,0.0,0.0,0.0,0.0,0.09999999999999999,0.03333333333333333,0.08333333333333333,0.08333333333333333,0.016666666666666666,0.18333333333333335,8.0
0.0,0.08333333333333333,0.0,0.0,0.0,0.0,0.0,0.0,0.0,0.041666666666666664,0.0,0.0,0.14583333333333334,0.048611111111111105,0.09722222222222221,0.020833333333333332,0.22916666666666666,9.0
0.0,0.0,0.0,0.0,0.0,0.0,0.0,0.0,0.0,0.0,0.0,0.125,0.0,0.041666666666666664,0.0,0.0,0.08333333333333333,10.0
0.0,0.0,0.0,0.0,0.0,0.0,0.0,0.0,0.0,0.0,0.0,0.041666666666666664,0.027777777777777776,0.2916666666666667,0.08333333333333333,0.0,0.13888888888888887,11.0
0.0,0.0,0.0,0.0,0.0,0.0,0.0,0.0,0.0,0.0,0.020833333333333332,0.25,0.08333333333333333,0.0625,0.041666666666666664,0.0,0.125,12.0
0.016666666666666666,0.0,0.0,0.0,0.0,0.0,0.0,0.0,0.0,0.08333333333333333,0.0,0.08333333333333333,0.016666666666666666,0.016666666666666666,0.0,0.0,0.11666666666666665,13.0
