sc,si,ic,cg,cc,gc,ci,ig,gg,sh,og,sg,jg,es,sj,hs,os,gs,is,cs,js,ss,TimeFactor
0.0,0.0,0.0,0.0,0.0,0.0,0.0,0.0,0.0,0.0,0.0018115942028985507,0.0018115942028985507,0.002976190476190476,0.002976190476190476,0.006944444444444444,0.010064412238325281,0.023614770897379594,0.029508564514958372,0.03894754542133059,0.06162949369471108,0.0877946204832394,0.6485872456140999,1.0
0.0,0.0,0.0,0.0,0.0,0.0,0.0,0.001488095238095238,0.002976190476190476,0.004629629629629629,0.0,0.002976190476190476,0.0,0.001488095238095238,0.0,0.05770502645502646,0.022734788359788358,0.01669973544973545,0.061177248677248684,0.025793650793650796,0.05539021164021165,0.6636078042328043,2.0
0.0,0.0,0.0,0.0,0.0,0.0,0.0,0.0,0.0,0.0,0.0,0.020833333333333332,0.0,0.0,0.0,0.012121212121212121,0.0,0.0951388888888889,0.04431818181818182,0.038825757575757576,0.08396464646464646,0.6214646464646465,3.0
0.0,0.0,0.0,0.0,0.0,0.005208333333333333,0.005208333333333333,0.0,0.0,0.0,0.0,0.010416666666666666,0.0,0.0,0.0,0.0,0.010416666666666666,0.05034722222222222,0.05347222222222222,0.048611111111111105,0.026041666666666668,0.6236111111111111,4.0
0.0,0.0,0.0,0.0,0.0,0.0,0.0,0.0,0.0,0.0,0.0,0.0026041666666666665,0.0,0.0,0.0,0.005208333333333333,0.03269675925925926,0.02620701058201058,0.04456018518518518,0.10445601851851853,0.05687830687830688,0.6440558862433863,5.0
0.0,0.0,0.0,0.0,0.006944444444444444,0.0,0.006944444444444444,0.0,0.006410256410256411,0.0,0.0,0.0,0.0,0.0,0.0,0.0032051282051282055,0.07532051282051282,0.11014957264957266,0.004166666666666667,0.061538461538461535,0.09764957264957265,0.5443376068376068,6.0
0.0,0.0,0.0,0.008333333333333333,0.0,0.0,0.0,0.0,0.0,0.0,0.0,0.0,0.0,0.0,0.0,0.008333333333333333,0.016666666666666666,0.05416666666666667,0.016666666666666666,0.024999999999999998,0.10972222222222222,0.7611111111111111,7.0
0.0,0.0,0.0,0.0,0.0,0.0,0.0,0.0,0.0,0.0,0.0,0.0,0.0,0.0,0.0,0.002976190476190476,0.030753968253968252,0.05972222222222221,0.03214285714285714,0.016865079365079364,0.05595238095238095,0.634920634920635,8.0
0.0,0.0,0.041666666666666664,0.0,0.0,0.0,0.0,0.0,0.0,0.0032051282051282055,0.0,0.0,0.0,0.013888888888888888,0.0,0.009157509157509158,0.05082417582417582,0.011538461538461539,0.040170940170940174,0.08974358974358974,0.07023809523809522,0.5028998778998779,9.0
0.0,0.0,0.0,0.0,0.0,0.0,0.0,0.0,0.0,0.0,0.0,0.005952380952380952,0.0,0.0,0.0,0.0,0.075,0.07303391053391052,0.06845238095238095,0.024242424242424242,0.017676767676767676,0.7356421356421357,10.0
0.0,0.004629629629629629,0.0,0.0,0.0,0.0,0.0,0.0,0.0,0.0,0.0,0.011574074074074075,0.0,0.0,0.0,0.008333333333333333,0.041666666666666664,0.04675925925925926,0.052314814814814814,0.049999999999999996,0.056944444444444436,0.5611111111111111,11.0
0.020833333333333332,0.0,0.0,0.0,0.0,0.0,0.0,0.0,0.0,0.0,0.0,0.0,0.0,0.006944444444444444,0.0,0.0,0.024305555555555552,0.11805555555555557,0.03472222222222222,0.0,0.07291666666666667,0.638888888888889,12.0
0.0,0.0,0.0,0.0,0.0,0.0,0.0,0.0,0.0,0.0,0.0,0.0,0.0,0.0,0.0,0.002976190476190476,0.010416666666666666,0.002976190476190476,0.052976190476190475,0.0,0.01636904761904762,0.33095238095238094,13.0
