is,cs,js,os,ss,TimeFactor
0.0,0.006944444444444444,0.006944444444444444,0.020833333333333332,0.13194444444444445,1.0
0.0,0.010416666666666666,0.010416666666666666,0.0,0.0625,2.0
0.0,0.020833333333333332,0.020833333333333332,0.0,0.125,3.0
0.020833333333333332,0.0,0.020833333333333332,0.020833333333333332,0.1875,4.0
0.0,0.0,0.0,0.020833333333333332,0.0625,5.0
0.0,0.013888888888888888,0.0,0.006944444444444444,0.14583333333333334,6.0
0.0,0.0,0.0,0.0,0.0,7.0
0.0,0.0,0.020833333333333332,0.0,0.14583333333333334,8.0
0.0,0.0,0.0,0.0,0.08333333333333333,9.0
0.0,0.0,0.020833333333333332,0.0,0.14583333333333334,10.0
0.0,0.0,0.0,0.0,0.0,11.0
0.0,0.020833333333333332,0.0,0.0,0.14583333333333334,12.0
0.0,0.0,0.0,0.0,0.16666666666666666,13.0
