gg,os,hs,eh,sg,gs,is,ss,TimeFactor
0.0,0.0,0.0,0.0,0.0,0.0,0.0,0.0,1.0
0.0,0.0,0.0,0.0,0.0,0.0,0.020833333333333332,0.22916666666666666,2.0
0.0,0.0,0.0,0.0,0.0,0.0,0.0,0.0,3.0
0.0,0.0,0.0,0.0,0.0,0.0,0.0,0.0,4.0
0.0,0.0,0.0,0.0,0.0,0.0,0.0,0.0,5.0
0.0,0.0,0.0,0.0,0.0,0.0,0.0,0.08333333333333333,6.0
0.0,0.0,0.0,0.0,0.0,0.0,0.027777777777777776,0.1388888888888889,7.0
0.0,0.0,0.006410256410256411,0.006410256410256411,0.006410256410256411,0.012820512820512822,0.0,0.1346153846153846,8.0
0.0,0.0,0.0,0.0,0.0,0.0,0.0,0.08333333333333333,9.0
0.0,0.0,0.0,0.0,0.0,0.0,0.0,0.08333333333333333,10.0
0.0,0.0,0.0,0.0,0.0,0.0,0.0,0.16666666666666666,11.0
0.005555555555555556,0.011904761904761904,0.0,0.0,0.005555555555555556,0.019444444444444445,0.005555555555555556,0.20198412698412696,12.0
0.0,0.0,0.0,0.0,0.0,0.0,0.004629629629629629,0.24537037037037038,13.0
