gs,cs,sj,js,os,ss,TimeFactor
0.0,0.0,0.0,0.0,0.030555555555555558,0.1361111111111111,1.0
0.0,0.0,0.0,0.013888888888888888,0.0,0.06944444444444445,2.0
0.0,0.0,0.016666666666666666,0.016666666666666666,0.0,0.049999999999999996,3.0
0.0,0.0,0.0,0.013888888888888888,0.0,0.1527777777777778,4.0
0.0,0.0,0.0,0.0,0.0,0.0,5.0
0.0,0.0,0.0,0.016666666666666666,0.0,0.06666666666666667,6.0
0.0,0.016666666666666666,0.0,0.0,0.0,0.15,7.0
0.0,0.0,0.0,0.0,0.0,0.0,8.0
0.0,0.0,0.0,0.0,0.013888888888888888,0.06944444444444445,9.0
0.013888888888888888,0.0,0.0,0.0,0.0,0.06944444444444445,10.0
0.0,0.0,0.0,0.013888888888888888,0.0,0.06944444444444445,11.0
0.0,0.0,0.0,0.010416666666666666,0.0,0.07291666666666667,12.0
0.0,0.0,0.0,0.0,0.0,0.0,13.0
