sig,ses,jgs,scs,cse,ess,sgs,jss,css,hss,oss,iss,gss,sss,TimeFactor
0.0,0.0,0.0,0.0,0.0,0.0,0.03009259259259259,0.037037037037037035,0.04583333333333334,0.05634920634920635,0.09999999999999999,0.13664021164021165,0.14338624338624337,0.283994708994709,1.0
0.0,0.0,0.0,0.009259259259259259,0.027777777777777776,0.041666666666666664,0.0,0.05092592592592593,0.1539351851851852,0.018518518518518517,0.041666666666666664,0.03356481481481482,0.061342592592592594,0.3113425925925926,2.0
0.0,0.008333333333333333,0.008333333333333333,0.0,0.0,0.0,0.0,0.13712121212121212,0.041666666666666664,0.0,0.0,0.05277777777777778,0.01590909090909091,0.15252525252525254,3.0
0.0,0.0,0.0,0.0,0.0,0.018518518518518517,0.0,0.075,0.07037037037037037,0.041666666666666664,0.08333333333333333,0.1259259259259259,0.09999999999999999,0.2351851851851852,4.0
0.0,0.0,0.0,0.0,0.0,0.0,0.0,0.1488095238095238,0.011904761904761904,0.020833333333333332,0.09523809523809523,0.041666666666666664,0.11408730158730158,0.15079365079365079,5.0
0.0,0.0,0.0,0.0,0.0,0.0,0.08333333333333333,0.016666666666666666,0.0,0.05833333333333333,0.05000000000000001,0.0,0.09999999999999999,0.27499999999999997,6.0
0.0,0.0,0.0,0.013888888888888888,0.0,0.0,0.0,0.08333333333333333,0.1111111111111111,0.020833333333333332,0.027777777777777776,0.07638888888888888,0.041666666666666664,0.2916666666666667,7.0
0.020833333333333332,0.0,0.041666666666666664,0.0,0.0,0.0,0.0,0.041666666666666664,0.016666666666666666,0.0,0.0,0.08333333333333333,0.041666666666666664,0.42083333333333334,8.0
0.0,0.0,0.0,0.0,0.0,0.0,0.0,0.05654761904761905,0.09523809523809523,0.0,0.020833333333333332,0.048611111111111105,0.0,0.2787698412698413,9.0
0.0,0.0,0.0,0.0,0.0,0.0,0.020833333333333332,0.05092592592592593,0.0,0.0,0.05555555555555555,0.0,0.08333333333333333,0.12268518518518519,10.0
0.0,0.0,0.0,0.0,0.0,0.027777777777777776,0.0,0.20833333333333334,0.0,0.0,0.05357142857142857,0.08333333333333333,0.12103174603174603,0.25595238095238093,11.0
0.0,0.0,0.0,0.0,0.0,0.0,0.0,0.020833333333333332,0.16666666666666666,0.0,0.041666666666666664,0.041666666666666664,0.0,0.3125,12.0
0.0,0.0,0.0,0.0,0.0,0.0,0.0,0.041666666666666664,0.05555555555555555,0.0,0.0,0.020833333333333332,0.0,0.46527777777777785,13.0
