hs,es,oc,so,cs,si,is,js,os,gs,ss,TimeFactor
0.0,0.0,0.0,0.0,0.0,0.009259259259259259,0.018518518518518517,0.027777777777777776,0.027777777777777776,0.027777777777777776,0.2222222222222222,1.0
0.0,0.0,0.0,0.0,0.0,0.0,0.0,0.0,0.0,0.027777777777777776,0.05555555555555555,2.0
0.0,0.013888888888888888,0.027777777777777776,0.027777777777777776,0.027777777777777776,0.0,0.027777777777777776,0.0,0.06944444444444443,0.0,0.3055555555555555,3.0
0.0,0.0,0.0,0.0,0.027777777777777776,0.0,0.0,0.0,0.0,0.0,0.13888888888888887,4.0
0.0,0.0,0.0,0.0,0.0,0.0,0.0,0.0,0.0,0.0,0.16666666666666666,5.0
0.041666666666666664,0.0,0.0,0.0,0.041666666666666664,0.0,0.027777777777777776,0.0,0.0,0.027777777777777776,0.27777777777777773,6.0
0.0,0.0,0.0,0.0,0.0,0.0,0.027777777777777776,0.0,0.0,0.0,0.05555555555555555,7.0
0.0,0.0,0.0,0.0,0.013888888888888888,0.0,0.0,0.0,0.027777777777777776,0.013888888888888888,0.1111111111111111,8.0
0.0,0.0,0.0,0.0,0.0,0.0,0.0,0.0,0.027777777777777776,0.027777777777777776,0.1111111111111111,9.0
0.0,0.0,0.0,0.0,0.0,0.0,0.027777777777777776,0.027777777777777776,0.0,0.0,0.19444444444444442,10.0
0.0,0.0,0.0,0.0,0.027777777777777776,0.0,0.0,0.0,0.0,0.0,0.05555555555555555,11.0
0.0,0.0,0.0,0.0,0.0,0.0,0.027777777777777776,0.0,0.0,0.027777777777777776,0.3611111111111111,12.0
0.0,0.0,0.0,0.0,0.0,0.0,0.0,0.0,0.0,0.027777777777777776,0.13888888888888887,13.0
