jj,gg,sg,se,es,cs,hs,si,cc,ii,os,js,sc,is,gs,ss,TimeFactor
0.0,0.0,0.0,0.0,0.0,0.0,0.013888888888888888,0.027777777777777776,0.027777777777777776,0.027777777777777776,0.027777777777777776,0.027777777777777776,0.027777777777777776,0.05555555555555555,0.06944444444444443,0.27777777777777773,1.0
0.0,0.0,0.0,0.013888888888888888,0.013888888888888888,0.013888888888888888,0.0,0.0,0.0,0.0,0.0,0.0,0.0,0.0,0.027777777777777776,0.18055555555555555,2.0
0.0,0.0,0.0,0.0,0.0,0.027777777777777776,0.0,0.0,0.0,0.0,0.0,0.0,0.0,0.027777777777777776,0.05555555555555555,0.38888888888888884,3.0
0.0,0.0,0.0,0.0,0.0,0.027777777777777776,0.0,0.0,0.0,0.0,0.0,0.0,0.027777777777777776,0.0,0.0,0.027777777777777776,4.0
0.0,0.027777777777777776,0.027777777777777776,0.0,0.0,0.0,0.0,0.0,0.0,0.0,0.0,0.009259259259259259,0.0,0.027777777777777776,0.0,0.1574074074074074,5.0
0.027777777777777776,0.0,0.0,0.0,0.0,0.027777777777777776,0.0,0.0,0.0,0.0,0.013888888888888888,0.027777777777777776,0.0,0.041666666666666664,0.0,0.19444444444444442,6.0
0.0,0.0,0.0,0.0,0.0,0.0,0.027777777777777776,0.0,0.0,0.0,0.0,0.0,0.0,0.027777777777777776,0.0,0.27777777777777773,7.0
0.0,0.0,0.0,0.0,0.0,0.0,0.0,0.0,0.0,0.0,0.0,0.0,0.0,0.0,0.0,0.08333333333333333,8.0
0.0,0.0,0.0,0.0,0.027777777777777776,0.0,0.0,0.0,0.0,0.0,0.0,0.0,0.0,0.027777777777777776,0.0,0.19444444444444442,9.0
0.0,0.0,0.0,0.0,0.0,0.027777777777777776,0.0,0.0,0.0,0.0,0.0,0.0,0.027777777777777776,0.027777777777777776,0.0,0.24999999999999997,10.0
0.0,0.027777777777777776,0.027777777777777776,0.0,0.0,0.0,0.0,0.0,0.0,0.0,0.0,0.0,0.0,0.041666666666666664,0.0,0.15277777777777776,11.0
0.0,0.0,0.0,0.0,0.0,0.0,0.0,0.0,0.0,0.0,0.0,0.0,0.0,0.0,0.0,0.16666666666666666,12.0
0.0,0.0,0.0,0.0,0.0,0.027777777777777776,0.0,0.0,0.0,0.0,0.0,0.0,0.0,0.0,0.0,0.05555555555555555,13.0
