hcs,osc,shs,hss,csc,scc,shc,scg,cgs,igs,sig,css,esi,sjj,jss,jjj,ssj,gse,igg,gig,iis,ghi,hig,iig,igi,gsi,sis,oss,sgi,ses,ess,sii,iii,ssi,esg,ggi,gii,isg,gis,see,eee,sse,gsg,ggs,iss,ssg,ggg,sgg,sgs,gss,sss,TimeFactor
0.0,0.0,0.0,0.0,0.0,0.0,0.0,0.0,0.0,0.0,0.0,0.0,0.0,0.0,0.0,0.0,0.0,0.0,0.0,0.0,0.0,0.0,0.0,0.0,0.0,0.0,0.0,0.0,0.0,0.0,0.0,0.0,0.0,0.0,0.0,0.0,0.0,0.0,0.0,0.0,0.0,0.0,0.0,0.0,0.009259259259259259,0.009259259259259259,0.009259259259259259,0.009259259259259259,0.016666666666666666,0.023433048433048432,0.25619658119658123,1.0
0.0,0.0,0.0,0.0,0.0,0.0,0.0,0.0,0.0,0.0,0.0,0.0,0.0,0.0,0.0,0.0,0.0,0.0,0.0,0.0,0.0,0.0,0.0,0.0,0.0,0.0,0.0,0.0,0.0,0.0,0.0,0.0,0.0,0.0,0.0,0.007575757575757576,0.007575757575757576,0.007575757575757576,0.007575757575757576,0.009259259259259259,0.009259259259259259,0.009259259259259259,0.016835016835016835,0.017592592592592594,0.0,0.008333333333333333,0.022727272727272724,0.03274410774410774,0.007575757575757576,0.03425925925925926,0.21851851851851853,2.0
0.0,0.0,0.0,0.0,0.0,0.0,0.0,0.0,0.0,0.0,0.0,0.0,0.0,0.0,0.0,0.0,0.0,0.0,0.0,0.0,0.0,0.0,0.0,0.0,0.0,0.0,0.0,0.0,0.0,0.0,0.0,0.0,0.0,0.0,0.016666666666666666,0.0,0.0,0.0,0.0,0.0,0.0,0.0,0.0,0.0,0.0,0.020833333333333332,0.0,0.0,0.0375,0.0375,0.30416666666666664,3.0
0.0,0.0,0.0,0.0,0.0,0.0,0.0,0.0,0.0,0.0,0.0,0.0,0.0,0.0,0.0,0.0,0.0,0.0,0.0,0.0,0.0,0.0,0.0,0.0,0.0,0.0,0.0,0.0,0.0,0.0,0.0,0.0,0.0,0.0,0.0,0.0,0.0,0.0,0.0,0.0,0.0,0.0,0.0,0.0,0.009259259259259259,0.019675925925925927,0.019675925925925927,0.019675925925925927,0.0,0.010338345864661654,0.4213746170983013,4.0
0.0,0.0,0.0,0.0,0.0,0.0,0.0,0.0,0.0,0.0,0.0,0.0,0.0,0.0,0.0,0.0,0.0,0.0,0.0,0.0,0.0,0.0,0.0,0.0,0.0,0.0,0.0,0.0,0.0,0.0026041666666666665,0.0026041666666666665,0.0043859649122807015,0.0043859649122807015,0.0043859649122807015,0.0,0.0,0.0,0.0,0.0,0.0,0.0,0.0026041666666666665,0.0,0.0,0.0234375,0.026041666666666668,0.026041666666666668,0.026041666666666668,0.0,0.0234375,0.3540296052631579,5.0
0.0,0.0,0.0,0.0,0.0,0.0,0.0,0.0,0.0,0.0,0.0,0.0,0.0,0.0,0.0,0.0,0.0,0.0,0.0,0.0,0.0,0.0,0.0,0.0,0.0,0.002976190476190476,0.002976190476190476,0.006410256410256411,0.010416666666666666,0.0,0.0,0.0,0.0,0.0,0.002976190476190476,0.0,0.0,0.0,0.010416666666666666,0.0,0.0,0.0,0.010416666666666666,0.0,0.027281746031746032,0.018645706145706143,0.0,0.0,0.037990944240944235,0.037990944240944235,0.3315018315018315,6.0
0.0,0.0,0.0,0.0,0.0,0.0,0.0,0.0,0.0,0.0,0.0,0.0,0.0,0.0,0.0,0.0,0.0,0.0,0.0,0.0,0.0,0.0,0.0,0.0,0.0,0.0,0.0,0.0,0.0,0.0,0.0,0.0,0.0,0.0,0.0,0.0,0.0,0.004629629629629629,0.013888888888888888,0.0,0.0,0.0,0.008252818035426731,0.0,0.013888888888888888,0.037037037037037035,0.02314814814814815,0.027777777777777776,0.029388083735909825,0.03864734299516908,0.30334138486312395,7.0
0.0,0.0,0.0,0.0,0.0,0.0,0.0,0.0,0.0,0.0,0.0,0.0,0.0,0.0,0.0,0.0,0.0,0.0,0.0,0.0,0.0,0.0030864197530864196,0.0030864197530864196,0.0030864197530864196,0.0030864197530864196,0.0,0.004629629629629629,0.0,0.0,0.004629629629629629,0.009259259259259259,0.0,0.0,0.004629629629629629,0.0,0.0,0.0030864197530864196,0.0,0.0,0.004629629629629629,0.013888888888888888,0.009259259259259259,0.020833333333333332,0.0030864197530864196,0.009259259259259259,0.010802469135802469,0.009259259259259259,0.006172839506172839,0.04938271604938271,0.06172839506172839,0.5131172839506172,8.0
0.0,0.0,0.0,0.0,0.0,0.0,0.0,0.0,0.0,0.0,0.0,0.0,0.0,0.0,0.0,0.0,0.0,0.0,0.0,0.0,0.0,0.0,0.0,0.0,0.0,0.0,0.0,0.0,0.0,0.0,0.0,0.0,0.0,0.0,0.0,0.0,0.0,0.0,0.0,0.0,0.0,0.0,0.010416666666666666,0.005208333333333333,0.008333333333333333,0.03239087301587302,0.015625,0.010416666666666666,0.04429563492063492,0.03908730158730158,0.1675595238095238,9.0
0.0,0.0,0.0,0.0,0.0,0.0,0.0,0.0,0.0,0.0,0.0,0.0,0.0,0.0,0.0,0.0,0.0,0.006410256410256411,0.006410256410256411,0.013888888888888888,0.013888888888888888,0.0,0.0,0.0,0.013888888888888888,0.0,0.0,0.0,0.013888888888888888,0.0,0.0,0.0,0.0,0.0,0.0,0.0,0.013888888888888888,0.0,0.0,0.006410256410256411,0.0,0.0,0.013888888888888888,0.006410256410256411,0.0,0.011904761904761904,0.0,0.0,0.018315018315018316,0.03914835164835165,0.3216575091575091,10.0
0.0,0.0,0.0,0.0,0.0,0.0,0.0,0.0,0.0,0.0,0.0,0.0,0.0,0.0,0.0,0.0,0.0,0.0,0.0,0.0,0.0,0.0,0.0,0.0,0.0,0.0,0.004629629629629629,0.0,0.0,0.0,0.0,0.003472222222222222,0.003472222222222222,0.003472222222222222,0.0,0.0,0.0,0.0,0.0,0.0,0.0,0.0,0.0,0.012205387205387205,0.009259259259259259,0.003787878787878788,0.0,0.008417508417508417,0.013888888888888888,0.05641835016835017,0.4643097643097643,11.0
0.0,0.0,0.0,0.0,0.0,0.0,0.0,0.0,0.0,0.0,0.0,0.0,0.005952380952380952,0.006410256410256411,0.006410256410256411,0.006410256410256411,0.006410256410256411,0.0,0.010416666666666666,0.0,0.0,0.0,0.0,0.0,0.0,0.0,0.01636904761904762,0.0,0.0,0.0,0.0,0.0,0.0,0.010416666666666666,0.0,0.0,0.0,0.0,0.0,0.0,0.0,0.0,0.0,0.010416666666666666,0.02873168498168498,0.0043859649122807015,0.0043859649122807015,0.0043859649122807015,0.0,0.0356359649122807,0.343262001156738,12.0
0.002976190476190476,0.002976190476190476,0.002976190476190476,0.002976190476190476,0.002976190476190476,0.002976190476190476,0.002976190476190476,0.002976190476190476,0.002976190476190476,0.004629629629629629,0.009015594541910331,0.012780112044817929,0.0,0.0,0.0,0.0,0.0,0.0,0.0,0.0,0.0043859649122807015,0.0,0.0,0.0,0.0043859649122807015,0.0043859649122807015,0.0,0.0,0.004629629629629629,0.0,0.0,0.002976190476190476,0.002976190476190476,0.007605820105820105,0.0,0.0,0.009015594541910331,0.0,0.0,0.0,0.0,0.0,0.0,0.0043859649122807015,0.0073621553884711775,0.023965141612200435,0.00980392156862745,0.00980392156862745,0.01250778089013383,0.07831363539567875,0.4269517748619916,13.0
