cs,jg,eg,es,gg,ii,si,hs,sg,os,is,gs,ss,TimeFactor
0.0,0.0,0.0,0.0,0.0,0.006944444444444444,0.006944444444444444,0.006944444444444444,0.037037037037037035,0.041666666666666664,0.043981481481481476,0.10185185185185186,0.6712962962962963,1.0
0.0,0.0,0.0,0.027777777777777776,0.032407407407407406,0.0,0.0,0.004629629629629629,0.037037037037037035,0.013888888888888888,0.013888888888888888,0.08796296296296295,0.3657407407407407,2.0
0.0,0.0,0.0,0.0,0.027777777777777776,0.0,0.013888888888888888,0.009259259259259259,0.041666666666666664,0.0,0.02314814814814815,0.06481481481481481,0.40277777777777785,3.0
0.0,0.0,0.0,0.0,0.009259259259259259,0.0,0.0,0.0,0.018518518518518517,0.0,0.0,0.037037037037037035,0.4351851851851852,4.0
0.0,0.0,0.013888888888888888,0.0,0.006944444444444444,0.0,0.0,0.0,0.048611111111111105,0.03472222222222222,0.013888888888888888,0.08333333333333333,0.3819444444444445,5.0
0.0,0.0,0.0,0.0,0.013888888888888888,0.0,0.0,0.0,0.013888888888888888,0.0,0.0,0.013888888888888888,0.20833333333333334,6.0
0.0,0.0,0.0,0.0,0.0,0.0,0.0,0.0,0.0,0.0,0.0,0.041666666666666664,0.2916666666666667,7.0
0.0,0.009259259259259259,0.0,0.0,0.05555555555555555,0.0,0.0,0.0,0.0625,0.0,0.0,0.05092592592592593,0.40509259259259256,8.0
0.0,0.0,0.0,0.0,0.0,0.0,0.0,0.0,0.0,0.0,0.041666666666666664,0.0,0.4583333333333334,9.0
0.0,0.0,0.0,0.0,0.0,0.0,0.0,0.0,0.027777777777777776,0.027777777777777776,0.0,0.03472222222222222,0.24305555555555555,10.0
0.0,0.0,0.0,0.027777777777777776,0.041666666666666664,0.013888888888888888,0.013888888888888888,0.0,0.041666666666666664,0.0,0.0,0.05555555555555555,0.47222222222222215,11.0
0.0,0.0,0.0,0.0,0.027777777777777776,0.0,0.0,0.0,0.027777777777777776,0.0,0.0,0.0,0.19444444444444442,12.0
0.013888888888888888,0.0,0.0,0.0,0.0,0.0,0.0,0.0,0.0,0.013888888888888888,0.0,0.013888888888888888,0.2916666666666667,13.0
