gg,se,sc,si,hs,cs,sg,eg,is,gs,so,os,es,sj,js,ss,TimeFactor
0.0,0.0,0.0,0.0,0.0,0.0,0.0,0.0,0.0,0.002777777777777778,0.004629629629629629,0.004629629629629629,0.005208333333333333,0.008333333333333333,0.008333333333333333,0.716087962962963,1.0
0.0,0.0,0.002777777777777778,0.002777777777777778,0.004166666666666667,0.005555555555555556,0.011805555555555555,0.013888888888888888,0.017063492063492062,0.05520833333333333,0.0,0.011160714285714286,0.0,0.0,0.008333333333333333,0.7839285714285714,2.0
0.008333333333333333,0.013888888888888888,0.0,0.0,0.006712962962962962,0.028356481481481483,0.004629629629629629,0.0,0.02314814814814815,0.05661826599326599,0.0,0.005871212121212122,0.034048821548821544,0.0,0.050462962962962966,0.6012626262626263,3.0
0.0,0.0,0.0,0.0,0.0,0.0026041666666666665,0.0,0.0,0.0026041666666666665,0.016493055555555556,0.0,0.010416666666666666,0.0026041666666666665,0.0,0.012152777777777776,0.7864583333333334,4.0
0.004629629629629629,0.0,0.0,0.0,0.0,0.004629629629629629,0.0,0.0,0.0,0.019675925925925927,0.0,0.015046296296296295,0.008333333333333333,0.0,0.0,0.8643518518518519,5.0
0.0,0.0,0.0,0.0,0.0,0.027777777777777776,0.0,0.0,0.013888888888888888,0.0,0.0,0.0,0.0,0.0,0.020833333333333332,0.7708333333333331,6.0
0.0,0.0,0.0,0.0,0.0,0.0,0.004166666666666667,0.0,0.0,0.02361111111111111,0.0,0.0,0.0,0.0,0.0,0.8055555555555555,7.0
0.0,0.0,0.0,0.0,0.0,0.013888888888888888,0.0,0.0,0.013888888888888888,0.0,0.0,0.0,0.0,0.0,0.006944444444444444,0.7152777777777777,8.0
0.0,0.0,0.0,0.0,0.002976190476190476,0.002976190476190476,0.008333333333333333,0.0,0.008333333333333333,0.014285714285714285,0.0,0.0,0.0,0.0,0.0,0.7964285714285714,9.0
0.0,0.0,0.0,0.0,0.0032051282051282055,0.0032051282051282055,0.0,0.0,0.016666666666666666,0.031837606837606836,0.0,0.0,0.0,0.0,0.0,0.7784188034188034,10.0
0.0,0.0,0.0,0.0,0.013888888888888888,0.003472222222222222,0.020833333333333332,0.0,0.003472222222222222,0.003472222222222222,0.0,0.0,0.0,0.0,0.0,0.7881944444444443,11.0
0.0,0.0,0.0,0.0,0.003787878787878788,0.003787878787878788,0.0,0.0,0.0,0.018073593073593075,0.0,0.0,0.0,0.0,0.0,0.8076839826839827,12.0
0.0,0.0,0.0,0.0,0.0,0.0,0.004166666666666667,0.0,0.016666666666666666,0.025000000000000005,0.0,0.011111111111111112,0.0,0.0,0.004166666666666667,0.6055555555555555,13.0
