css,eso,sos,jss,oss,ssg,sgg,ess,ggg,sss,TimeFactor
0.0,0.0,0.0,0.0,0.0,0.0,0.0,0.0,0.0,0.16666666666666666,1.0
0.0,0.0,0.0,0.0,0.0,0.010416666666666666,0.010416666666666666,0.016666666666666666,0.03125,0.18125,2.0
0.0,0.0,0.0,0.0,0.016666666666666666,0.0,0.0,0.0,0.0,0.2333333333333333,3.0
0.0,0.0,0.0,0.016666666666666666,0.0,0.0,0.0,0.0,0.0,0.15,4.0
0.0,0.0,0.0,0.0,0.003787878787878788,0.0,0.0,0.0,0.0,0.07954545454545454,5.0
0.0,0.0,0.0,0.0,0.0,0.0,0.0,0.0,0.0,0.25,6.0
0.0,0.0,0.0,0.0,0.0,0.0,0.0,0.0,0.0,0.16666666666666666,7.0
0.0,0.0,0.0,0.0,0.0,0.0,0.0,0.0,0.0,0.16666666666666666,8.0
0.0,0.013888888888888888,0.013888888888888888,0.0,0.013888888888888888,0.0,0.0,0.0,0.0,0.2916666666666667,9.0
0.016666666666666666,0.0,0.0,0.0,0.0,0.0,0.0,0.0,0.0,0.15,10.0
0.0,0.0,0.0,0.0,0.0,0.0,0.0,0.0,0.0,0.16666666666666666,11.0
0.0,0.0,0.0,0.0,0.0,0.0,0.0,0.0,0.0,0.08333333333333333,12.0
0.0,0.0,0.0,0.0,0.0,0.0,0.0,0.0,0.0,0.16666666666666666,13.0
