es,jg,jj,ii,ig,hs,sg,cs,os,si,js,is,gs,ss,TimeFactor
0.0,0.0,0.0,0.0,0.0,0.0016025641025641027,0.0016025641025641027,0.007575757575757576,0.018136955636955637,0.018518518518518517,0.03466903466903467,0.06944444444444443,0.07256863506863506,0.5258815258815259,1.0
0.0,0.0,0.0,0.008333333333333333,0.013888888888888888,0.0,0.0,0.06196581196581196,0.013888888888888888,0.0,0.0628968253968254,0.08818681318681319,0.07453449328449328,0.5929716117216117,2.0
0.0,0.020833333333333332,0.020833333333333332,0.0,0.0,0.0,0.013888888888888888,0.053787878787878794,0.03295454545454546,0.0,0.01914983164983165,0.00989057239057239,0.08775252525252525,0.5742424242424242,3.0
0.020833333333333332,0.0,0.0,0.0,0.0,0.020833333333333332,0.0,0.09406565656565657,0.0,0.0,0.026704545454545453,0.029861111111111106,0.03876262626262626,0.6022727272727273,4.0
0.0,0.0,0.0,0.0,0.0,0.0,0.0,0.07291666666666667,0.0,0.0,0.03819444444444444,0.0,0.03819444444444444,0.43402777777777785,5.0
0.0,0.0,0.0,0.0,0.0,0.0,0.008333333333333333,0.013541666666666667,0.008333333333333333,0.0,0.020833333333333332,0.0,0.022222222222222223,0.5100694444444444,6.0
0.0,0.0,0.0,0.0,0.0,0.0,0.0,0.044642857142857144,0.002976190476190476,0.0,0.047619047619047616,0.041666666666666664,0.06845238095238095,0.5446428571428571,7.0
0.0,0.0,0.0,0.0,0.0,0.008928571428571428,0.0,0.047619047619047616,0.05357142857142857,0.0,0.011904761904761904,0.002976190476190476,0.017857142857142856,0.35714285714285715,8.0
0.006944444444444444,0.0,0.0,0.0,0.0,0.006944444444444444,0.0,0.041666666666666664,0.0,0.0,0.006944444444444444,0.0,0.006944444444444444,0.34722222222222215,9.0
0.0,0.0,0.0,0.0,0.0,0.0024509803921568627,0.0,0.020833333333333332,0.020833333333333332,0.0,0.023284313725490197,0.03168767507002801,0.03658963585434174,0.5309873949579832,10.0
0.0,0.0,0.0,0.0,0.0,0.0,0.010416666666666666,0.009259259259259259,0.027777777777777776,0.0,0.015046296296296295,0.004629629629629629,0.06712962962962964,0.2824074074074074,11.0
0.0,0.0,0.0,0.0,0.0,0.0,0.0,0.009259259259259259,0.05555555555555555,0.0,0.004629629629629629,0.041666666666666664,0.018518518518518517,0.6203703703703703,12.0
0.010416666666666666,0.0,0.0,0.0,0.0,0.013888888888888888,0.0,0.0,0.0,0.0,0.0625,0.041666666666666664,0.05902777777777777,0.3958333333333333,13.0
