es,hs,cs,is,os,gs,js,ss,TimeFactor
0.0,0.003787878787878788,0.015593434343434341,0.016666666666666666,0.020138888888888887,0.026262626262626265,0.03295454545454545,0.717929292929293,1.0
0.0,0.0,0.0,0.006944444444444444,0.03472222222222222,0.01736111111111111,0.006944444444444444,0.7673611111111112,2.0
0.0,0.0,0.03819444444444444,0.048611111111111105,0.0,0.0,0.05555555555555555,0.44097222222222227,3.0
0.0024509803921568627,0.0,0.0024509803921568627,0.0,0.0024509803921568627,0.010416666666666666,0.0024509803921568627,0.6464460784313726,4.0
0.0,0.0,0.041666666666666664,0.0,0.0,0.0,0.0,0.625,5.0
0.0,0.0,0.0,0.0,0.0,0.0,0.0,0.6666666666666666,6.0
0.0,0.010416666666666666,0.0,0.010416666666666666,0.0,0.03125,0.0,0.78125,7.0
0.0032051282051282055,0.0,0.0,0.0,0.009615384615384616,0.0,0.0032051282051282055,0.8173076923076922,8.0
0.0,0.0,0.006944444444444444,0.0,0.0,0.047619047619047616,0.0,0.6954365079365079,9.0
0.006944444444444444,0.010416666666666666,0.0,0.010416666666666666,0.041666666666666664,0.041666666666666664,0.010416666666666666,0.7951388888888888,10.0
0.0,0.020833333333333332,0.0,0.0,0.0,0.008333333333333333,0.010416666666666666,0.7104166666666667,11.0
0.0,0.0,0.0,0.0,0.0,0.052083333333333336,0.0,0.6979166666666666,12.0
0.0,0.0,0.010416666666666666,0.006944444444444444,0.004166666666666667,0.0,0.041666666666666664,0.6868055555555556,13.0
