cg,cc,sc,ig,sh,eg,ci,jj,gg,se,jc,ei,si,sj,es,oc,gj,jg,ji,hs,js,sg,cs,os,ss,is,gs,TimeFactor
0.0,0.0,0.0,0.0,0.0,0.0,0.0,0.0,0.0,0.0,0.0,0.0,0.004629629629629629,0.004629629629629629,0.005208333333333333,0.005555555555555556,0.008333333333333333,0.009837962962962963,0.010576923076923076,0.017708333333333336,0.020993589743589742,0.02638888888888889,0.04762443438914027,0.060692663817663826,0.1601652840623429,0.1842802078096196,0.43337523043405396,1.0
0.0,0.0,0.0,0.0,0.0,0.0,0.0,0.0,0.0,0.013888888888888888,0.016666666666666666,0.041666666666666664,0.0,0.0,0.009259259259259259,0.0,0.0,0.0,0.0,0.0,0.044444444444444446,0.016666666666666666,0.11574074074074074,0.07222222222222223,0.05740740740740741,0.15648148148148147,0.28888888888888886,2.0
0.0,0.0,0.0,0.0,0.0,0.0,0.0,0.0,0.008333333333333333,0.08333333333333333,0.0,0.0,0.0,0.0,0.020833333333333332,0.0,0.0,0.041666666666666664,0.0,0.041666666666666664,0.008333333333333333,0.008333333333333333,0.027777777777777776,0.08928571428571429,0.06071428571428572,0.18095238095238095,0.2621031746031746,3.0
0.0,0.0,0.0,0.0,0.0,0.020833333333333332,0.041666666666666664,0.041666666666666664,0.0,0.0,0.0,0.0,0.0,0.0,0.04924242424242425,0.0,0.0,0.015151515151515152,0.027777777777777776,0.04924242424242425,0.023809523809523808,0.0,0.02840909090909091,0.1937229437229437,0.22407453657453658,0.11908924408924408,0.1653138528138528,4.0
0.0,0.0,0.0,0.0,0.027777777777777776,0.0,0.0,0.020833333333333332,0.0,0.0,0.0,0.0,0.009259259259259259,0.016666666666666666,0.06944444444444443,0.0,0.0,0.009259259259259259,0.010416666666666666,0.0,0.0,0.020833333333333332,0.009259259259259259,0.0,0.14328703703703705,0.262037037037037,0.15092592592592594,5.0
0.0,0.0,0.0,0.0,0.0,0.0,0.0,0.0,0.0,0.0,0.0,0.08333333333333333,0.04861111111111111,0.0,0.006944444444444444,0.0,0.0,0.0462962962962963,0.0,0.08690476190476192,0.0,0.025925925925925925,0.03968253968253968,0.04953703703703704,0.10925925925925924,0.26197089947089947,0.1582010582010582,6.0
0.0,0.0,0.0,0.0,0.0,0.0,0.0,0.0,0.0,0.0,0.0,0.0,0.0,0.0,0.08333333333333333,0.0,0.0,0.0,0.0,0.03125,0.0,0.08482142857142856,0.125,0.03125,0.06547619047619048,0.2232142857142857,0.18898809523809523,7.0
0.0,0.0,0.016666666666666666,0.027777777777777776,0.0,0.0,0.0,0.010416666666666666,0.020833333333333332,0.0,0.0,0.0,0.010416666666666666,0.0,0.0,0.0,0.0,0.020833333333333332,0.0,0.09166666666666666,0.0,0.0,0.027777777777777776,0.05555555555555555,0.16944444444444443,0.20833333333333337,0.2569444444444445,8.0
0.011904761904761904,0.016666666666666666,0.0,0.0,0.0,0.0,0.0,0.0,0.0,0.0,0.0,0.0,0.010416666666666666,0.0,0.0,0.0,0.0,0.0,0.0,0.03898809523809524,0.0,0.013888888888888888,0.0861111111111111,0.15525793650793648,0.15486111111111112,0.28581349206349205,0.22609126984126982,9.0
0.0,0.0,0.0,0.0,0.0,0.016666666666666666,0.0,0.011904761904761904,0.0,0.0,0.0,0.0,0.027777777777777776,0.011904761904761904,0.048611111111111105,0.0,0.0,0.013888888888888888,0.0,0.06180555555555556,0.0,0.07685185185185185,0.011904761904761904,0.08333333333333333,0.2552910052910053,0.1994047619047619,0.1806547619047619,10.0
0.0,0.0,0.0,0.0,0.0,0.0,0.0,0.0,0.0,0.0,0.0,0.0,0.013888888888888888,0.03472222222222222,0.0,0.0,0.0,0.016666666666666666,0.0,0.06746031746031746,0.03472222222222222,0.0,0.0,0.041666666666666664,0.2565476190476191,0.1771825396825397,0.35714285714285704,11.0
0.0,0.0,0.020833333333333332,0.0,0.0,0.0,0.0,0.0,0.0,0.0,0.0,0.0,0.0375,0.016666666666666666,0.0,0.0,0.0,0.0,0.0,0.10416666666666667,0.025793650793650796,0.020833333333333332,0.10773809523809524,0.03273809523809524,0.15277777777777776,0.1972222222222222,0.20039682539682538,12.0
0.0,0.0,0.0,0.0,0.0,0.0,0.013888888888888888,0.0,0.0,0.0,0.0,0.0,0.013888888888888888,0.0,0.027777777777777776,0.0,0.0,0.0,0.0,0.09999999999999999,0.0,0.013888888888888888,0.09375,0.010416666666666666,0.18680555555555556,0.125,0.16458333333333333,13.0
