gg,gs,sg,js,os,si,is,ss,TimeFactor
0.0,0.0,0.0,0.0,0.0,0.013888888888888888,0.027777777777777776,0.20833333333333334,1.0
0.0,0.0,0.0,0.013888888888888888,0.013888888888888888,0.0,0.0,0.22222222222222224,2.0
0.0,0.0,0.0,0.0,0.0,0.0,0.0,0.0,3.0
0.0,0.0,0.0,0.0,0.0,0.0,0.0,0.0,4.0
0.0,0.0,0.0,0.0,0.0,0.0,0.0,0.0,5.0
0.0,0.0,0.0,0.0,0.0,0.0,0.0,0.0,6.0
0.0,0.0,0.0,0.0,0.0,0.0,0.0,0.08333333333333333,7.0
0.0,0.0,0.0,0.0,0.013888888888888888,0.0,0.0,0.1527777777777778,8.0
0.0,0.010416666666666666,0.010416666666666666,0.0,0.010416666666666666,0.010416666666666666,0.010416666666666666,0.03125,9.0
0.0,0.0,0.0,0.0,0.0,0.0,0.0,0.0,10.0
0.016666666666666666,0.004166666666666667,0.008333333333333333,0.0,0.0,0.0,0.0,0.05416666666666667,11.0
0.0,0.0,0.0,0.0,0.0,0.0,0.0,0.0,12.0
0.03571428571428571,0.0,0.011904761904761904,0.0,0.0,0.0,0.0,0.03571428571428571,13.0
