ssh,shs,osg,sgg,ios,css,cgs,iss,sjs,hss,jss,oss,sgs,gss,sss,TimeFactor
0.0,0.0,0.0,0.0,0.0,0.0,0.0,0.0,0.0,0.0,0.010416666666666666,0.020833333333333332,0.020833333333333332,0.052083333333333336,0.14583333333333334,1.0
0.0,0.0,0.0,0.0,0.0,0.0,0.0,0.0,0.020833333333333332,0.041666666666666664,0.020833333333333332,0.0,0.020833333333333332,0.020833333333333332,0.041666666666666664,2.0
0.0,0.0,0.0,0.0,0.0,0.020833333333333332,0.041666666666666664,0.0625,0.0,0.0,0.041666666666666664,0.0,0.0,0.041666666666666664,0.125,3.0
0.0,0.0,0.0,0.0,0.0,0.03472222222222222,0.0,0.0625,0.0,0.0,0.0,0.0,0.0,0.06944444444444443,0.16666666666666666,4.0
0.0,0.0,0.0,0.0,0.0,0.0,0.0,0.0,0.0,0.0,0.0,0.041666666666666664,0.0,0.125,0.16666666666666666,5.0
0.0,0.0,0.0,0.0,0.041666666666666664,0.0,0.0,0.0,0.0,0.0,0.0,0.08333333333333333,0.0,0.0,0.041666666666666664,6.0
0.0,0.0,0.0,0.0,0.0,0.0,0.0,0.0,0.0,0.0,0.0,0.08333333333333333,0.0,0.0,0.08333333333333333,7.0
0.0,0.0,0.020833333333333332,0.020833333333333332,0.0,0.0,0.0,0.020833333333333332,0.0,0.0,0.0,0.041666666666666664,0.0,0.0,0.0625,8.0
0.0,0.0,0.0,0.0,0.0,0.0,0.0,0.0,0.0,0.041666666666666664,0.0,0.0,0.0,0.0,0.041666666666666664,9.0
0.0,0.0,0.0,0.0,0.0,0.0,0.0,0.0,0.0,0.0,0.0,0.0,0.0,0.0,0.08333333333333333,10.0
0.0,0.0,0.0,0.0,0.0,0.0,0.0,0.0,0.0,0.0,0.0,0.0,0.0,0.0,0.08333333333333333,11.0
0.041666666666666664,0.041666666666666664,0.0,0.0,0.0,0.0,0.0,0.0,0.0,0.0,0.0,0.0,0.0,0.041666666666666664,0.041666666666666664,12.0
0.0,0.0,0.0,0.0,0.0,0.0,0.0,0.0,0.0,0.0,0.0,0.041666666666666664,0.0,0.0,0.041666666666666664,13.0
