js,ij,so,sc,cs,go,gg,si,sh,hs,is,gi,ii,sg,gs,os,ss,TimeFactor
0.0,0.0,0.0,0.0,0.0,0.0,0.0,0.0,0.0,0.0,0.0,0.005208333333333333,0.005208333333333333,0.005208333333333333,0.005208333333333333,0.013888888888888888,0.2152777777777778,1.0
0.0,0.0,0.0,0.0,0.0,0.0,0.0,0.0,0.010416666666666666,0.010416666666666666,0.013888888888888888,0.0,0.0,0.0,0.016666666666666666,0.0,0.28194444444444444,2.0
0.0,0.0,0.0,0.0,0.0,0.0,0.0,0.004901960784313725,0.0,0.0,0.004901960784313725,0.0,0.0,0.0,0.0,0.0,0.07352941176470588,3.0
0.0,0.0,0.0,0.0,0.0,0.0,0.027777777777777776,0.016666666666666666,0.0,0.0,0.016666666666666666,0.0,0.0,0.013888888888888888,0.013888888888888888,0.013888888888888888,0.3138888888888889,4.0
0.0,0.0,0.0,0.0,0.0,0.0,0.0,0.005208333333333333,0.0,0.005208333333333333,0.01909722222222222,0.0,0.0,0.0,0.0,0.005208333333333333,0.13194444444444445,5.0
0.0,0.0,0.0,0.0,0.0,0.004629629629629629,0.0,0.0,0.0,0.0,0.0,0.0,0.0,0.0,0.004629629629629629,0.004629629629629629,0.23611111111111113,6.0
0.0,0.0,0.0,0.0,0.0,0.0,0.03333333333333333,0.0,0.0,0.0,0.0,0.0,0.0,0.016666666666666666,0.0,0.006410256410256411,0.27692307692307694,7.0
0.0,0.0,0.005208333333333333,0.005208333333333333,0.005208333333333333,0.0,0.0,0.023809523809523808,0.0,0.0,0.0451058201058201,0.011904761904761904,0.011904761904761904,0.0332010582010582,0.05449735449735451,0.015046296296296295,0.2889054232804233,8.0
0.0,0.0,0.0,0.0,0.0,0.0,0.0,0.0,0.0,0.0,0.0,0.0,0.0,0.0,0.0,0.013888888888888888,0.23611111111111113,9.0
0.0,0.0,0.0,0.016666666666666666,0.016666666666666666,0.0,0.0,0.0,0.0,0.0,0.0,0.0,0.0,0.0,0.0,0.0,0.049999999999999996,10.0
0.0,0.0,0.0,0.0,0.0,0.0,0.0,0.016666666666666666,0.0,0.0,0.0,0.0,0.016666666666666666,0.016666666666666666,0.016666666666666666,0.013888888888888888,0.3361111111111111,11.0
0.007575757575757576,0.007575757575757576,0.0,0.0,0.0,0.0,0.007575757575757576,0.0,0.0,0.0,0.016666666666666666,0.0,0.0,0.021464646464646464,0.021464646464646464,0.007575757575757576,0.24343434343434342,12.0
0.0,0.0,0.007575757575757576,0.0,0.0,0.0,0.0,0.0,0.0,0.0,0.0,0.0,0.0,0.0,0.016666666666666666,0.007575757575757576,0.21818181818181817,13.0
