"ci","cs","ee","es","gg","gj","gs","hs","ig","ii","is","js","oc","os","sc","se","sg","sh","si","ss","TimeFactor"
"1",0,0,0,0,0,0,0.00462962962962963,0,0,0,0.0021494708994709,0,0,0,0,0,0.00220959595959596,0,0.00115740740740741,0.0334145021645022,0.916666666666667
"2",0.00115740740740741,0,0,0,0,0,0.00126262626262626,0,0.00126262626262626,0.00231481481481481,0.00357744107744108,0.00115740740740741,0,0,0,0,0.00126262626262626,0,0.00242003367003367,0.0348274410774411,1.83333333333333
"3",0,0.00115740740740741,0,0,0.00115740740740741,0,0.00115740740740741,0,0,0,0,0,0,0,0.00115740740740741,0,0.00115740740740741,0,0,0.0150462962962963,2.75
"4",0,0.00252525252525253,0,0,0,0,0,0,0,0,0,0,0,0,0,0,0,0,0,0.0195707070707071,3.66666666666667
"5",0,0.00242003367003367,0,0,0,0,0,0.00115740740740741,0,0,0,0,0,0,0,0,0,0,0,0.0178872053872054,4.58333333333333
"6",0,0.00115740740740741,0,0,0,0,0,0,0,0,0,0.00231481481481481,0,0,0,0,0,0,0,0.0243055555555556,5.5
"7",0,0.00115740740740741,0.000385802469135802,0.000992063492063492,0.000385802469135802,0.000385802469135802,0.00347222222222222,0,0,0,0,0.00154320987654321,0,0,0,0.000385802469135802,0.00115740740740741,0,0,0.0318011463844797,6.41666666666667
"8",0,0,0,0,0,0,0.00446428571428571,0,0,0,0,0,0,0.000868055555555556,0,0,0.00330687830687831,0,0,0.0260830026455026,7.33333333333333
"9",0,0.000578703703703704,0,0,0.00115740740740741,0,0.00231481481481481,0.00115740740740741,0.00115740740740741,0,0.000578703703703704,0.00115740740740741,0,0.00115740740740741,0.000578703703703704,0,0,0.00115740740740741,0,0.0237268518518518,8.25
"10",0,0.00115740740740741,0,0,0,0,0,0,0,0,0,0.00115740740740741,0.00115740740740741,0,0,0,0,0,0,0.0381944444444444,9.16666666666667
"11",0,0.00108225108225108,0,0,0,0,0,0,0,0,0,0,0,0.00115740740740741,0,0,0,0,0,0.019224987974988,10.0833333333333
"12",0,0.00231481481481481,0,0,0,0,0,0,0,0,0,0.00115740740740741,0,0,0,0,0,0,0,0.0388257575757576,11
"13",0,0,0,0,0,0,0,0,0,0,0,0,0,0,0,0,0,0,0,0.0138888888888889,11.9166666666667
