gis,iss,igi,css,egs,ggg,sgg,sge,gei,eii,sgs,ess,ssg,jss,gig,igs,oss,gss,hss,sss,TimeFactor
0.0,0.0,0.0,0.0,0.0,0.0,0.0,0.0,0.0,0.0,0.0,0.0,0.0,0.0,0.0,0.0,0.0,0.0,0.005555555555555556,0.07777777777777778,1.0
0.0,0.0,0.0,0.0,0.0,0.0,0.0,0.0,0.0,0.0,0.0,0.0,0.0,0.0,0.016666666666666666,0.016666666666666666,0.016666666666666666,0.016666666666666666,0.0,0.10000000000000002,2.0
0.0,0.0,0.0,0.0,0.0,0.0,0.0,0.0,0.0,0.0,0.016666666666666666,0.016666666666666666,0.016666666666666666,0.020833333333333332,0.0,0.0,0.0,0.016666666666666666,0.0,0.1625,3.0
0.0,0.0,0.0,0.0,0.0,0.0,0.0,0.016666666666666666,0.016666666666666666,0.016666666666666666,0.0,0.0,0.016666666666666666,0.016666666666666666,0.0,0.0,0.0,0.016666666666666666,0.0,0.06666666666666667,4.0
0.0,0.0,0.0,0.0,0.0,0.0,0.0,0.0,0.0,0.0,0.0,0.0,0.0,0.0,0.0,0.0,0.016666666666666666,0.0,0.0,0.2333333333333333,5.0
0.0,0.0,0.0,0.0,0.0,0.0,0.0,0.0,0.0,0.0,0.0,0.0,0.0,0.0,0.0,0.0,0.0,0.0,0.0,0.08333333333333333,6.0
0.0,0.0,0.0,0.0,0.0,0.020833333333333332,0.020833333333333332,0.0,0.0,0.0,0.0,0.020833333333333332,0.020833333333333332,0.0,0.0,0.0,0.0,0.0,0.0,0.0,7.0
0.0,0.0,0.0,0.0,0.020833333333333332,0.0,0.0,0.0,0.0,0.0,0.0,0.0,0.0,0.016666666666666666,0.0,0.0,0.0,0.020833333333333332,0.0,0.10833333333333334,8.0
0.0,0.0,0.0,0.0,0.020833333333333332,0.020833333333333332,0.020833333333333332,0.0,0.0,0.0,0.0,0.0,0.020833333333333332,0.0,0.0,0.0,0.0,0.041666666666666664,0.0,0.125,9.0
0.0,0.0,0.0,0.016666666666666666,0.0,0.0,0.0,0.0,0.0,0.0,0.0,0.0,0.0,0.0,0.0,0.0,0.0,0.0,0.0,0.06666666666666667,10.0
0.0,0.0,0.0,0.0,0.0,0.0,0.0,0.0,0.0,0.0,0.020833333333333332,0.0,0.020833333333333332,0.020833333333333332,0.0,0.0,0.0,0.020833333333333332,0.020833333333333332,0.0625,11.0
0.0,0.0,0.0,0.0,0.0,0.0,0.0,0.0,0.0,0.0,0.020833333333333332,0.0,0.020833333333333332,0.0,0.0,0.0,0.0,0.020833333333333332,0.0,0.020833333333333332,12.0
0.006944444444444444,0.006944444444444444,0.006944444444444444,0.006944444444444444,0.0,0.0,0.0,0.0,0.0,0.0,0.0,0.0,0.0,0.0,0.0,0.0,0.0,0.0,0.0,0.05555555555555555,13.0
