jg,sh,si,es,sg,hs,os,js,gs,is,cs,ss,TimeFactor
0.0,0.0,0.0,0.0,0.0018115942028985507,0.002777777777777778,0.03523276240667545,0.04442523056653491,0.05467578710644678,0.07673691563309255,0.10517099404843033,0.6791689382581437,1.0
0.0,0.0020833333333333333,0.002976190476190476,0.006944444444444444,0.008333333333333333,0.01617063492063492,0.05416666666666667,0.055257936507936506,0.05783730158730158,0.05357142857142857,0.11894841269841268,0.5403769841269842,2.0
0.0,0.0,0.0,0.020833333333333332,0.0,0.008333333333333333,0.026620370370370367,0.07592592592592591,0.07083333333333333,0.11481481481481483,0.08773148148148148,0.5949074074074074,3.0
0.0,0.0,0.0,0.016684704184704188,0.0,0.0,0.04067460317460317,0.11554834054834055,0.008333333333333333,0.06880411255411255,0.12114898989898991,0.6288059163059163,4.0
0.0,0.0,0.0,0.010416666666666666,0.0,0.0,0.06510416666666667,0.046875,0.044270833333333336,0.0859375,0.11979166666666667,0.6276041666666666,5.0
0.0,0.0,0.0,0.0,0.0,0.008333333333333333,0.07916666666666666,0.049999999999999996,0.03125,0.11527777777777777,0.05277777777777778,0.579861111111111,6.0
0.0,0.0,0.0,0.0,0.0,0.03125,0.04513888888888889,0.0,0.013888888888888888,0.09375,0.08472222222222221,0.48125,7.0
0.05555555555555555,0.0,0.0,0.0,0.0,0.03472222222222222,0.03611111111111111,0.03472222222222222,0.07638888888888888,0.11249999999999999,0.11805555555555554,0.4486111111111111,8.0
0.0,0.0,0.0,0.0,0.0,0.0,0.06597222222222222,0.08680555555555557,0.14236111111111113,0.024305555555555552,0.041666666666666664,0.5555555555555556,9.0
0.0,0.0,0.0,0.0,0.0,0.0,0.013888888888888888,0.048611111111111105,0.03125,0.024305555555555552,0.10416666666666667,0.36111111111111116,10.0
0.0,0.0,0.0,0.041666666666666664,0.0,0.0,0.0,0.020833333333333332,0.09375,0.020833333333333332,0.020833333333333332,0.5520833333333334,11.0
0.0,0.0,0.0,0.0,0.0,0.016666666666666666,0.03472222222222222,0.005952380952380952,0.04067460317460317,0.06944444444444443,0.044444444444444446,0.45476190476190476,12.0
0.0,0.0,0.0,0.0,0.0,0.0,0.020833333333333332,0.06944444444444443,0.0,0.013888888888888888,0.05555555555555555,0.34027777777777773,13.0
