ii,gi,oh,ji,sg,so,hs,is,jg,es,gs,os,js,cs,ss,TimeFactor
0.0,0.0,0.0,0.002976190476190476,0.010416666666666666,0.010416666666666666,0.013392857142857142,0.013392857142857142,0.020833333333333332,0.024305555555555552,0.0431547619047619,0.07589285714285714,0.08978174603174603,0.10317460317460318,0.5089285714285715,1.0
0.0,0.0,0.0,0.0,0.0,0.0,0.0,0.0,0.0,0.013888888888888888,0.041666666666666664,0.07291666666666667,0.13888888888888887,0.04513888888888889,0.3541666666666667,2.0
0.0,0.0,0.0,0.0,0.0,0.006944444444444444,0.0,0.06597222222222222,0.0,0.0,0.013888888888888888,0.027777777777777776,0.013888888888888888,0.09722222222222221,0.3576388888888889,3.0
0.0,0.0,0.0,0.0,0.0,0.0,0.020833333333333332,0.07638888888888888,0.0,0.020833333333333332,0.0,0.05555555555555555,0.03125,0.10763888888888888,0.4375,4.0
0.0,0.0,0.020833333333333332,0.0,0.0,0.0,0.020833333333333332,0.041666666666666664,0.0,0.0,0.027777777777777776,0.0,0.1111111111111111,0.041666666666666664,0.3194444444444444,5.0
0.0,0.0,0.0,0.0,0.0,0.0,0.0,0.041666666666666664,0.0,0.0,0.0,0.041666666666666664,0.041666666666666664,0.10416666666666667,0.2708333333333333,6.0
0.0,0.0,0.0,0.0,0.0,0.0,0.041666666666666664,0.0,0.0,0.0,0.08333333333333333,0.08333333333333333,0.041666666666666664,0.027777777777777776,0.47222222222222215,7.0
0.0,0.0,0.0,0.0,0.0,0.0,0.0,0.041666666666666664,0.0,0.020833333333333332,0.041666666666666664,0.041666666666666664,0.0,0.0,0.2708333333333333,8.0
0.0,0.0,0.0,0.0,0.0,0.0,0.0,0.041666666666666664,0.041666666666666664,0.0,0.041666666666666664,0.049999999999999996,0.03333333333333333,0.041666666666666664,0.16666666666666666,9.0
0.0,0.0,0.0,0.0,0.0,0.0,0.0,0.052083333333333336,0.0,0.0,0.005208333333333333,0.0,0.109375,0.0,0.3333333333333333,10.0
0.020833333333333332,0.020833333333333332,0.0,0.0,0.0,0.0,0.041666666666666664,0.08333333333333333,0.0,0.013888888888888888,0.0,0.0,0.05555555555555555,0.03472222222222222,0.22916666666666666,11.0
0.0,0.0,0.0,0.0,0.0,0.0,0.0,0.0,0.0,0.010416666666666666,0.0,0.041666666666666664,0.010416666666666666,0.052083333333333336,0.13541666666666666,12.0
0.0,0.0,0.0,0.0,0.0,0.0,0.0,0.08333333333333333,0.0,0.0,0.041666666666666664,0.0,0.020833333333333332,0.020833333333333332,0.16666666666666666,13.0
