og,ei,gc,jg,eg,cg,sg,ji,es,si,hs,js,cs,os,is,gs,ss,TimeFactor
0.0,0.0,0.0,0.0,0.0,0.0,0.003472222222222222,0.003787878787878788,0.005013368983957219,0.005923202614379085,0.008218497189085424,0.009443987385163857,0.0298935813641696,0.03728984795161266,0.05260385039796805,0.09044652243181654,0.7539070406717464,1.0
0.0,0.0,0.0,0.0,0.0,0.004629629629629629,0.003787878787878788,0.0,0.0032051282051282055,0.0,0.008417508417508417,0.013787138787138787,0.02723110223110223,0.04592999592999592,0.027106227106227104,0.10137408887408887,0.764531302031302,2.0
0.0,0.0,0.0,0.0,0.0,0.0,0.0,0.0,0.0,0.0,0.011805555555555555,0.015376984126984126,0.04024470899470899,0.07371031746031745,0.03999819624819625,0.08518819143819144,0.7336760461760461,3.0
0.0,0.0,0.0,0.0,0.0,0.0,0.005952380952380952,0.0,0.006944444444444444,0.0,0.0,0.020833333333333332,0.041666666666666664,0.022240259740259744,0.0273989898989899,0.05565476190476191,0.7359758297258296,4.0
0.0,0.0,0.0,0.0,0.0,0.0,0.011160714285714286,0.0,0.0,0.0,0.04398148148148148,0.052083333333333336,0.015790343915343914,0.007523148148148148,0.05931712962962963,0.059647817460317464,0.7504960317460316,5.0
0.0,0.0,0.0,0.0,0.0,0.0,0.008333333333333333,0.0,0.041666666666666664,0.0,0.0,0.010416666666666666,0.010416666666666666,0.03125,0.026041666666666668,0.055257936507936506,0.73328373015873,6.0
0.0,0.0,0.0,0.0,0.0,0.0,0.018518518518518517,0.0,0.010416666666666666,0.013888888888888888,0.003472222222222222,0.006944444444444444,0.0020833333333333333,0.042361111111111106,0.031018518518518518,0.08888888888888889,0.6157407407407408,7.0
0.0,0.0,0.0,0.0,0.0,0.0,0.005973715651135005,0.0,0.005952380952380952,0.0,0.016397527910685803,0.011363636363636362,0.01866010333752269,0.03298068046051917,0.04521370324638576,0.057350554008024295,0.7227743647363768,8.0
0.0,0.0,0.0,0.0,0.020833333333333332,0.0,0.002777777777777778,0.0,0.003787878787878788,0.0,0.0020833333333333333,0.0,0.05332556935817805,0.005952380952380952,0.04894480519480519,0.05388708513708513,0.7250745027918941,9.0
0.0,0.0,0.0,0.0,0.0,0.0,0.010416666666666666,0.0,0.008101851851851851,0.0,0.0,0.0,0.003472222222222222,0.0474537037037037,0.049305555555555554,0.024999999999999998,0.6062500000000001,10.0
0.0,0.0,0.0,0.002777777777777778,0.0,0.0,0.0016666666666666668,0.0,0.008333333333333333,0.0,0.005952380952380952,0.005555555555555556,0.029166666666666664,0.04722222222222222,0.03472222222222222,0.037526455026455026,0.660410052910053,11.0
0.0,0.0,0.0,0.020833333333333332,0.0,0.0,0.0016666666666666668,0.0,0.0,0.0,0.0,0.0,0.04550653594771242,0.059673202614379084,0.004166666666666667,0.05864145658263306,0.5595121381886088,12.0
0.005952380952380952,0.005952380952380952,0.005952380952380952,0.0,0.0,0.0,0.005952380952380952,0.0,0.005952380952380952,0.0,0.0021929824561403508,0.008333333333333333,0.013160795507286735,0.11607142857142856,0.022321428571428572,0.050394504780469696,0.6744302886846746,13.0
