gsj,sjs,isg,sso,soo,isi,sis,iis,ess,esh,ges,gis,shh,ssj,sjj,jss,sgg,ssg,oss,gsg,sgs,iss,gss,shs,hss,css,sss,TimeFactor
0.0,0.0,0.0,0.0,0.0,0.0,0.0,0.0,0.0,0.0,0.0,0.0,0.0,0.0,0.0,0.0,0.0,0.0,0.0,0.006944444444444444,0.006944444444444444,0.006944444444444444,0.013888888888888888,0.027777777777777776,0.027777777777777776,0.027777777777777776,0.46527777777777785,1.0
0.0,0.0,0.0,0.0,0.0,0.0,0.0,0.0,0.0,0.0,0.0,0.0,0.0,0.0,0.0,0.0,0.009259259259259259,0.009259259259259259,0.027777777777777776,0.0,0.0,0.0,0.0,0.0,0.018518518518518517,0.027777777777777776,0.32407407407407407,2.0
0.0,0.0,0.0,0.0,0.0,0.0,0.0,0.0,0.0,0.0,0.0,0.0,0.0,0.003472222222222222,0.003472222222222222,0.013888888888888888,0.0,0.0,0.0,0.0,0.0,0.003472222222222222,0.04513888888888889,0.0,0.013888888888888888,0.027777777777777776,0.47222222222222227,3.0
0.0,0.0,0.0,0.0,0.0,0.0,0.0,0.0,0.0,0.027777777777777776,0.027777777777777776,0.027777777777777776,0.027777777777777776,0.0,0.0,0.009259259259259259,0.0,0.0,0.018518518518518517,0.0,0.0,0.027777777777777776,0.05555555555555555,0.0,0.0,0.027777777777777776,0.4166666666666667,4.0
0.0,0.0,0.0,0.0,0.0,0.0,0.0,0.0,0.027777777777777776,0.0,0.0,0.0,0.0,0.0,0.0,0.0,0.0,0.0,0.005555555555555556,0.0,0.0,0.0,0.032407407407407406,0.0,0.013888888888888888,0.013888888888888888,0.40648148148148144,5.0
0.0,0.0,0.0,0.0,0.0,0.0,0.0,0.0,0.0,0.0,0.0,0.0,0.0,0.0,0.0,0.0,0.0,0.0,0.0,0.0,0.0,0.013888888888888888,0.013888888888888888,0.0,0.009259259259259259,0.013888888888888888,0.5324074074074074,6.0
0.0,0.0,0.0,0.0,0.0,0.0,0.0,0.0,0.0,0.0,0.0,0.0,0.0,0.0,0.0,0.0,0.0,0.0,0.0,0.0,0.027777777777777776,0.0,0.027777777777777776,0.0,0.0,0.0,0.27777777777777773,7.0
0.0,0.0,0.0,0.0,0.0,0.0,0.0,0.013888888888888888,0.0,0.0,0.0,0.0,0.0,0.0,0.0,0.0,0.0,0.0,0.009259259259259259,0.0,0.0,0.09722222222222222,0.0,0.0,0.0,0.027777777777777776,0.6018518518518519,8.0
0.0,0.0,0.0,0.006944444444444444,0.006944444444444444,0.027777777777777776,0.05555555555555555,0.0,0.0,0.0,0.0,0.0,0.0,0.0,0.0,0.027777777777777776,0.027777777777777776,0.027777777777777776,0.013888888888888888,0.0,0.0,0.0,0.006944444444444444,0.0,0.0,0.020833333333333332,0.4444444444444444,9.0
0.0,0.0,0.0,0.0,0.0,0.0,0.0,0.0,0.0,0.0,0.0,0.0,0.0,0.0,0.0,0.0,0.0,0.0,0.009259259259259259,0.0,0.0,0.0,0.013888888888888888,0.0,0.009259259259259259,0.037037037037037035,0.513888888888889,10.0
0.0,0.0,0.0,0.0,0.0,0.0,0.0,0.0,0.0,0.0,0.0,0.0,0.0,0.0,0.0,0.0,0.0,0.0,0.027777777777777776,0.0,0.0,0.0,0.027777777777777776,0.0,0.0,0.041666666666666664,0.4861111111111111,11.0
0.0,0.0,0.027777777777777776,0.0,0.0,0.0,0.0,0.0,0.0,0.0,0.0,0.0,0.0,0.0,0.0,0.0,0.0,0.0,0.027777777777777776,0.0,0.027777777777777776,0.013888888888888888,0.06944444444444443,0.0,0.0,0.027777777777777776,0.38888888888888884,12.0
0.013888888888888888,0.013888888888888888,0.0,0.0,0.0,0.0,0.0,0.0,0.0,0.0,0.0,0.0,0.0,0.0,0.0,0.013888888888888888,0.0,0.0,0.0,0.0,0.0,0.0,0.06944444444444443,0.0,0.0,0.013888888888888888,0.20833333333333334,13.0
