csj,iis,jgs,jos,sgs,oss,hss,ess,jse,iss,gss,sss,jss,css,TimeFactor
0.0,0.0,0.0,0.0,0.0,0.0,0.011904761904761904,0.027777777777777776,0.041666666666666664,0.12579365079365076,0.14722222222222223,0.16666666666666666,0.19325396825396823,0.20238095238095236,1.0
0.0,0.0,0.0,0.0,0.0,0.0,0.0,0.027777777777777776,0.0,0.25,0.11805555555555554,0.03472222222222222,0.13888888888888887,0.09722222222222222,2.0
0.0,0.0,0.0,0.020833333333333332,0.027777777777777776,0.041666666666666664,0.016666666666666666,0.0,0.0,0.016666666666666666,0.027777777777777776,0.1111111111111111,0.1722222222222222,0.1486111111111111,3.0
0.0,0.0,0.009259259259259259,0.0,0.0,0.0,0.0,0.0,0.0,0.0,0.0,0.20138888888888887,0.0925925925925926,0.11342592592592593,4.0
0.0,0.0,0.0,0.0,0.0,0.041666666666666664,0.041666666666666664,0.0,0.0,0.0,0.0,0.18055555555555555,0.027777777777777776,0.125,5.0
0.0,0.0,0.0,0.0,0.0,0.048611111111111105,0.0,0.041666666666666664,0.0,0.10416666666666667,0.08333333333333333,0.1111111111111111,0.1111111111111111,0.0,6.0
0.0,0.0,0.0,0.0,0.0,0.0,0.0,0.08333333333333333,0.0,0.08333333333333333,0.125,0.16666666666666666,0.041666666666666664,0.0,7.0
0.0,0.0,0.0,0.0,0.0,0.0,0.125,0.0,0.0,0.0,0.041666666666666664,0.125,0.0,0.20833333333333334,8.0
0.0,0.0,0.0,0.0,0.0,0.041666666666666664,0.0,0.0,0.0,0.041666666666666664,0.0,0.05555555555555555,0.16666666666666666,0.1111111111111111,9.0
0.0,0.0,0.0,0.0,0.0,0.041666666666666664,0.020833333333333332,0.0,0.0,0.20833333333333334,0.0,0.22916666666666666,0.0,0.0,10.0
0.0,0.006944444444444444,0.0,0.0,0.0,0.0,0.08333333333333333,0.0,0.0,0.07638888888888888,0.09722222222222221,0.17361111111111113,0.027777777777777776,0.03472222222222222,11.0
0.013888888888888888,0.0,0.0,0.0,0.0,0.027777777777777776,0.041666666666666664,0.0,0.0,0.0625,0.013888888888888888,0.23611111111111108,0.08333333333333333,0.10416666666666667,12.0
0.0,0.0,0.0,0.0,0.0,0.08333333333333333,0.013888888888888888,0.0,0.0,0.09722222222222222,0.013888888888888888,0.06944444444444443,0.013888888888888888,0.041666666666666664,13.0
