sig,ggg,gsg,ggs,ssj,sjs,sos,igs,ess,hss,csg,sgs,oss,sgg,ssg,css,iss,jss,gss,sss,TimeFactor
0.0,0.0,0.0,0.0,0.0,0.0,0.0,0.0,0.0,0.0,0.0,0.0,0.0,0.006944444444444444,0.006944444444444444,0.006944444444444444,0.013888888888888888,0.027777777777777776,0.09027777777777778,0.4305555555555555,1.0
0.0,0.0,0.0,0.0,0.0,0.0,0.0,0.0,0.0,0.0,0.0,0.0,0.018518518518518517,0.0,0.0,0.027777777777777776,0.0,0.0,0.009259259259259259,0.3611111111111111,2.0
0.0,0.0,0.0,0.0,0.0,0.0,0.0,0.0,0.0,0.0,0.013888888888888888,0.013888888888888888,0.013888888888888888,0.0,0.0,0.0,0.027777777777777776,0.0,0.0625,0.4513888888888889,3.0
0.0,0.0,0.0,0.0,0.0,0.0,0.0,0.0,0.0,0.032407407407407406,0.0,0.0,0.0,0.0,0.0,0.0,0.018518518518518517,0.013888888888888888,0.009259259259259259,0.34259259259259256,4.0
0.0,0.0,0.0,0.0,0.0,0.0,0.0,0.0,0.027777777777777776,0.0,0.0,0.0,0.0,0.0,0.0,0.027777777777777776,0.0,0.027777777777777776,0.013888888888888888,0.6527777777777778,5.0
0.0,0.0,0.0,0.0,0.009259259259259259,0.009259259259259259,0.027777777777777776,0.027777777777777776,0.0,0.0,0.0,0.0,0.027777777777777776,0.0,0.027777777777777776,0.0,0.013888888888888888,0.037037037037037035,0.041666666666666664,0.5277777777777778,6.0
0.0,0.0,0.0,0.009259259259259259,0.0,0.0,0.0,0.0,0.0,0.0,0.0,0.0,0.0,0.0,0.0,0.0,0.0,0.013888888888888888,0.018518518518518517,0.5416666666666666,7.0
0.0,0.0,0.013888888888888888,0.0,0.0,0.0,0.0,0.0,0.013888888888888888,0.0,0.0,0.013888888888888888,0.0,0.0,0.0,0.041666666666666664,0.0,0.013888888888888888,0.09722222222222221,0.47222222222222215,8.0
0.0,0.027777777777777776,0.027777777777777776,0.0,0.0,0.0,0.0,0.006944444444444444,0.013888888888888888,0.0,0.0,0.0,0.0,0.03472222222222222,0.006944444444444444,0.0,0.009259259259259259,0.009259259259259259,0.037037037037037035,0.3263888888888889,9.0
0.0,0.0,0.0,0.0,0.0,0.0,0.0,0.0,0.0,0.0,0.0,0.0,0.0,0.0,0.0,0.013888888888888888,0.0,0.0,0.027777777777777776,0.4583333333333333,10.0
0.0,0.0,0.0,0.0,0.0,0.0,0.0,0.0,0.0,0.0,0.0,0.0,0.013888888888888888,0.0,0.0,0.0,0.027777777777777776,0.005555555555555556,0.05555555555555555,0.5638888888888889,11.0
0.005555555555555556,0.0,0.0,0.005555555555555556,0.0,0.0,0.0,0.005555555555555556,0.009259259259259259,0.004629629629629629,0.0,0.0,0.0,0.005555555555555556,0.0,0.009259259259259259,0.04259259259259259,0.018518518518518517,0.06388888888888888,0.412962962962963,12.0
0.0,0.0,0.0,0.0,0.0,0.0,0.0,0.0,0.0,0.0,0.0,0.0,0.0,0.0,0.0,0.0,0.0,0.027777777777777776,0.027777777777777776,0.27777777777777773,13.0
