gi,oi,sg,so,sc,si,os,cg,es,hs,is,gs,cs,js,ss,TimeFactor
0.0,0.0,0.0,0.0,0.0,0.0,0.0,0.005952380952380952,0.006944444444444444,0.013888888888888888,0.03472222222222222,0.06746031746031746,0.11507936507936507,0.13343253968253968,0.6225198412698413,1.0
0.0,0.0,0.0,0.0,0.0,0.0,0.013888888888888888,0.0,0.0,0.0,0.04583333333333334,0.013888888888888888,0.07777777777777777,0.0625,0.2861111111111111,2.0
0.0,0.0,0.0,0.0,0.0,0.0,0.03472222222222222,0.0,0.0,0.020833333333333332,0.020833333333333332,0.024305555555555552,0.020833333333333332,0.09722222222222222,0.3645833333333333,3.0
0.0,0.0,0.0,0.013888888888888888,0.013888888888888888,0.041666666666666664,0.03472222222222222,0.0,0.013888888888888888,0.0,0.041666666666666664,0.0,0.03472222222222222,0.010416666666666666,0.12847222222222224,4.0
0.0,0.0,0.041666666666666664,0.0,0.0,0.0,0.027777777777777776,0.0,0.020833333333333332,0.041666666666666664,0.04305555555555555,0.013888888888888888,0.018055555555555557,0.012499999999999999,0.44722222222222224,5.0
0.0,0.0,0.0,0.0,0.0,0.0,0.047619047619047616,0.0,0.005952380952380952,0.0,0.017857142857142856,0.041666666666666664,0.0,0.005952380952380952,0.21428571428571427,6.0
0.0,0.0,0.0,0.0,0.0,0.0,0.0,0.0,0.0,0.0,0.0,0.0,0.0,0.0,0.16666666666666666,7.0
0.0,0.041666666666666664,0.020833333333333332,0.0,0.0,0.0,0.027083333333333334,0.0,0.041666666666666664,0.041666666666666664,0.0625,0.049999999999999996,0.010416666666666666,0.029166666666666664,0.25833333333333336,8.0
0.0,0.0,0.0,0.0,0.0,0.0,0.0,0.0,0.0,0.0,0.029166666666666664,0.11180555555555556,0.06597222222222222,0.010416666666666666,0.5326388888888889,9.0
0.0,0.0,0.0,0.0,0.0,0.0,0.0462962962962963,0.0,0.0,0.0,0.022222222222222223,0.018518518518518517,0.07222222222222223,0.022222222222222223,0.31851851851851853,10.0
0.0,0.0,0.0,0.0,0.0,0.0,0.010416666666666666,0.0,0.0,0.0,0.024305555555555552,0.027777777777777776,0.0,0.0,0.1875,11.0
0.0,0.0,0.0,0.0,0.0,0.0,0.020833333333333332,0.0,0.0,0.013888888888888888,0.020833333333333332,0.013888888888888888,0.0,0.020833333333333332,0.24305555555555555,12.0
0.020833333333333332,0.0,0.020833333333333332,0.0,0.0,0.0,0.020833333333333332,0.0,0.0,0.041666666666666664,0.0,0.016666666666666666,0.008333333333333333,0.008333333333333333,0.3625,13.0
