sc,es,sj,js,ii,ic,hs,sg,oo,so,si,os,cs,gs,is,ss,TimeFactor
0.0,0.0,0.0,0.0,0.0,0.0,0.0,0.006944444444444444,0.009259259259259259,0.009259259259259259,0.009259259259259259,0.020833333333333332,0.02414021164021164,0.05257936507936508,0.0796957671957672,0.3713624338624339,1.0
0.0,0.0,0.0,0.0,0.013888888888888888,0.013888888888888888,0.013888888888888888,0.0,0.0,0.0,0.027777777777777776,0.027777777777777776,0.041666666666666664,0.0,0.0,0.1111111111111111,2.0
0.0,0.0,0.0,0.0,0.0,0.0,0.009259259259259259,0.0,0.0,0.0,0.0,0.05092592592592592,0.0,0.0,0.004629629629629629,0.1851851851851852,3.0
0.0,0.0,0.0,0.0,0.0,0.0,0.0,0.0,0.0,0.013888888888888888,0.0,0.013888888888888888,0.0,0.013888888888888888,0.0,0.041666666666666664,4.0
0.0,0.0,0.0,0.0,0.0,0.0,0.0,0.0,0.0,0.0,0.0,0.0,0.0,0.0,0.0,0.0,5.0
0.0,0.0,0.027777777777777776,0.027777777777777776,0.0,0.0,0.0,0.0,0.0,0.0,0.0,0.0,0.0,0.0,0.027777777777777776,0.08333333333333333,6.0
0.0,0.0,0.0,0.0,0.0,0.0,0.0,0.0,0.0,0.0,0.0,0.027777777777777776,0.0,0.013888888888888888,0.027777777777777776,0.2638888888888889,7.0
0.0,0.0,0.0,0.0,0.0,0.0,0.0,0.0,0.0,0.0,0.0,0.027777777777777776,0.0,0.0,0.027777777777777776,0.1111111111111111,8.0
0.0,0.0,0.0,0.0,0.0,0.0,0.0,0.0,0.0,0.0,0.0,0.0,0.0,0.027777777777777776,0.0,0.05555555555555555,9.0
0.0,0.0,0.0,0.0,0.0,0.0,0.0,0.0,0.0,0.0,0.0,0.0,0.027777777777777776,0.027777777777777776,0.0,0.1111111111111111,10.0
0.0,0.027777777777777776,0.0,0.0,0.0,0.0,0.0,0.0,0.0,0.0,0.0,0.0,0.0,0.05555555555555555,0.0,0.16666666666666666,11.0
0.027777777777777776,0.0,0.0,0.0,0.0,0.0,0.0,0.0,0.0,0.0,0.0,0.0,0.027777777777777776,0.0,0.0,0.027777777777777776,12.0
0.0,0.0,0.0,0.0,0.0,0.0,0.0,0.0,0.0,0.013888888888888888,0.0,0.041666666666666664,0.0,0.0,0.013888888888888888,0.18055555555555555,13.0
