jg,sj,cs,so,is,si,js,os,sg,es,gg,gs,ss,TimeFactor
0.0,0.0,0.0,0.0,0.0,0.0,0.0,0.0,0.0,0.0,0.0,0.016666666666666666,0.31666666666666665,1.0
0.0,0.0,0.0,0.0,0.0,0.0,0.0,0.0,0.005952380952380952,0.013888888888888888,0.023809523809523808,0.0,0.20634920634920637,2.0
0.0,0.0,0.0,0.0,0.0,0.0,0.0,0.013888888888888888,0.0,0.0,0.0,0.0,0.23611111111111113,3.0
0.0,0.0,0.0,0.0,0.0,0.0,0.013888888888888888,0.0,0.0,0.0,0.0,0.0,0.1527777777777778,4.0
0.0,0.0,0.0,0.0,0.0,0.0,0.0,0.0033333333333333335,0.0,0.0,0.0,0.0,0.08,5.0
0.0,0.0,0.0,0.0,0.0,0.0,0.0,0.016666666666666666,0.0,0.0,0.0,0.0,0.31666666666666665,6.0
0.0,0.0,0.0,0.0,0.0,0.0,0.0,0.0,0.0,0.0,0.0,0.0,0.16666666666666666,7.0
0.0,0.0,0.0,0.0,0.008333333333333333,0.008333333333333333,0.0,0.008333333333333333,0.0,0.004901960784313725,0.0,0.008333333333333333,0.2950980392156863,8.0
0.0,0.0,0.0,0.011904761904761904,0.0,0.0,0.0,0.011904761904761904,0.0,0.011904761904761904,0.0,0.016666666666666666,0.36428571428571427,9.0
0.0,0.0,0.013888888888888888,0.0,0.0,0.0,0.0,0.0,0.0,0.0,0.0,0.0,0.23611111111111113,10.0
0.0,0.0,0.0,0.0,0.0,0.0,0.0,0.0,0.001937984496124031,0.0,0.0,0.003875968992248062,0.16085271317829455,11.0
0.0,0.0,0.0026881720430107525,0.0,0.0,0.0,0.0,0.0,0.0026881720430107525,0.0,0.0,0.0026881720430107525,0.07526881720430108,12.0
0.007575757575757576,0.007575757575757576,0.0,0.0,0.0,0.0,0.0,0.0,0.0,0.0,0.0,0.007575757575757576,0.14393939393939395,13.0
