ssi,eji,csi,gis,jgs,gcs,sis,sgs,osg,scs,ess,oss,hss,jss,iss,css,gss,sss,TimeFactor
0.0,0.0,0.0,0.0,0.0,0.0030864197530864196,0.0030864197530864196,0.0030864197530864196,0.003787878787878788,0.011904761904761904,0.028799489144316733,0.04354314499242035,0.05165019101800711,0.09238489729494227,0.13189179774637047,0.13205759988618557,0.13854235608358545,0.3561786238822721,1.0
0.0,0.0,0.0,0.0,0.011904761904761904,0.0,0.0,0.0,0.0,0.0,0.041666666666666664,0.027777777777777776,0.041666666666666664,0.14417989417989419,0.13921957671957672,0.21898148148148147,0.13968253968253966,0.15158730158730158,2.0
0.0,0.0,0.0,0.041666666666666664,0.0,0.0,0.0,0.0,0.0,0.0,0.0,0.06944444444444443,0.011904761904761904,0.06547619047619048,0.12103174603174603,0.06547619047619048,0.1111111111111111,0.18055555555555555,3.0
0.0,0.0,0.0,0.0,0.0,0.0,0.016666666666666666,0.027777777777777776,0.0,0.0,0.048611111111111105,0.0,0.041666666666666664,0.11388888888888887,0.125,0.07916666666666666,0.12361111111111112,0.17361111111111108,4.0
0.0,0.016666666666666666,0.020833333333333332,0.0,0.0,0.0,0.0,0.0,0.0,0.0,0.0,0.09722222222222222,0.013888888888888888,0.18611111111111112,0.011904761904761904,0.044444444444444446,0.11408730158730158,0.16150793650793652,5.0
0.0,0.0,0.0,0.0,0.0,0.0,0.0,0.0,0.0,0.0,0.0,0.008333333333333333,0.020833333333333332,0.1369047619047619,0.13749999999999998,0.10357142857142858,0.2125,0.2136904761904762,6.0
0.0,0.0,0.0,0.0,0.0,0.0,0.0,0.0,0.0,0.0,0.08333333333333333,0.125,0.0,0.06944444444444443,0.048611111111111105,0.2152777777777778,0.048611111111111105,0.3263888888888889,7.0
0.0,0.0,0.0,0.0,0.0,0.0,0.0,0.0,0.0,0.0,0.0,0.16666666666666666,0.0,0.05833333333333333,0.0,0.08333333333333333,0.0,0.19166666666666665,8.0
0.0,0.0,0.0,0.0,0.0,0.0,0.0,0.011904761904761904,0.0,0.0,0.027777777777777776,0.07585470085470085,0.0,0.09416971916971917,0.07585470085470085,0.08134920634920634,0.11538461538461538,0.4343711843711844,9.0
0.0,0.0,0.0,0.0,0.0,0.0,0.0,0.0,0.0,0.0,0.011904761904761904,0.021164021164021163,0.08333333333333333,0.15343915343915346,0.1111111111111111,0.06018518518518518,0.04894179894179893,0.25992063492063494,10.0
0.041666666666666664,0.0,0.0,0.0,0.0,0.0,0.0,0.0,0.0,0.0,0.0,0.0,0.027777777777777776,0.19444444444444442,0.08333333333333333,0.027777777777777776,0.0,0.4583333333333333,11.0
0.0,0.0,0.0,0.0,0.0,0.0,0.0,0.08333333333333333,0.0,0.0,0.0,0.020833333333333332,0.0,0.3333333333333333,0.0625,0.041666666666666664,0.041666666666666664,0.16666666666666666,12.0
0.0,0.0,0.0,0.0,0.0,0.0,0.0,0.0,0.0,0.0,0.0,0.08333333333333333,0.0,0.20833333333333334,0.19444444444444442,0.125,0.041666666666666664,0.18055555555555555,13.0
