sis,cjs,gsg,sgg,cis,ssh,sii,ssi,sjs,ess,hss,jss,jsh,jos,shh,gss,scs,iss,oss,soo,gso,css,sss,TimeFactor
0.0,0.0,0.0,0.0,0.0,0.0,0.0,0.0,0.0,0.0,0.0,0.0,0.0,0.0,0.0,0.013888888888888888,0.020833333333333332,0.03472222222222222,0.03472222222222222,0.041666666666666664,0.041666666666666664,0.0625,0.25,1.0
0.0,0.0,0.0,0.0,0.0,0.0,0.0,0.0,0.0,0.0,0.0,0.0,0.020833333333333332,0.020833333333333332,0.020833333333333332,0.0625,0.0,0.020833333333333332,0.020833333333333332,0.0,0.0,0.0,0.16666666666666666,2.0
0.0,0.0,0.0,0.0,0.0,0.0,0.0,0.0,0.0,0.010416666666666666,0.041666666666666664,0.08333333333333333,0.0,0.0,0.0,0.041666666666666664,0.0,0.0,0.020833333333333332,0.0,0.0,0.010416666666666666,0.20833333333333334,3.0
0.0,0.0,0.0,0.0,0.0,0.0,0.0,0.0,0.0,0.0,0.0,0.0,0.0,0.0,0.0,0.08333333333333333,0.0,0.0,0.0,0.0,0.0,0.0,0.16666666666666666,4.0
0.0,0.0,0.0,0.0,0.0,0.0,0.0,0.0,0.0,0.0,0.0,0.0,0.0,0.0,0.0,0.0,0.0,0.041666666666666664,0.041666666666666664,0.0,0.0,0.0,0.08333333333333333,5.0
0.0,0.0,0.0,0.0,0.0,0.0,0.013888888888888888,0.013888888888888888,0.013888888888888888,0.0,0.0,0.013888888888888888,0.0,0.0,0.0,0.05555555555555555,0.0,0.0,0.0,0.0,0.0,0.0,0.3055555555555555,6.0
0.0,0.0,0.0,0.0,0.0,0.0,0.0,0.0,0.0,0.0,0.0,0.0,0.0,0.0,0.0,0.0,0.0,0.0,0.0,0.0,0.0,0.0,0.08333333333333333,7.0
0.0,0.0,0.0,0.0,0.0,0.020833333333333332,0.0,0.0,0.0,0.0,0.0,0.0,0.0,0.0,0.020833333333333332,0.0,0.0,0.08333333333333333,0.041666666666666664,0.0,0.0,0.020833333333333332,0.3125,8.0
0.0,0.0,0.0,0.0,0.0,0.0,0.0,0.0,0.0,0.0,0.041666666666666664,0.0,0.0,0.0,0.0,0.0,0.0,0.020833333333333332,0.0,0.0,0.0,0.0,0.10416666666666667,9.0
0.0,0.0,0.013888888888888888,0.013888888888888888,0.041666666666666664,0.0,0.0,0.0,0.0,0.0,0.0,0.0,0.0,0.0,0.0,0.0,0.0,0.041666666666666664,0.05555555555555555,0.0,0.0,0.0,0.08333333333333333,10.0
0.0,0.0,0.0,0.0,0.0,0.0,0.0,0.0,0.0,0.0,0.0,0.0,0.0,0.0,0.0,0.0,0.0,0.08333333333333333,0.041666666666666664,0.0,0.0,0.0,0.20833333333333334,11.0
0.0,0.0,0.0,0.0,0.0,0.0,0.0,0.0,0.0,0.0,0.0,0.0,0.0,0.0,0.0,0.0,0.0,0.0,0.0,0.0,0.0,0.0,0.16666666666666666,12.0
0.020833333333333332,0.041666666666666664,0.0,0.0,0.0,0.0,0.0,0.0,0.0,0.0,0.0,0.041666666666666664,0.0,0.0,0.0,0.041666666666666664,0.0,0.020833333333333332,0.041666666666666664,0.0,0.0,0.0,0.20833333333333334,13.0
