"cs","es","gg","gi","gs","hs","ic","ig","is","js","oi","os","sc","sg","si","so","ss","TimeFactor"
"1",0.00737847222222222,0.000434027777777778,0,0,0.0105613425925926,0.0015256734006734,0,0,0.00810185185185185,0.0118634259259259,0.000868055555555556,0.00694444444444444,0,0.00173611111111111,0,0,0.201849221380471,1
"2",0.00303819444444444,0.00173611111111111,0,0,0.00311710858585859,0.00173611111111111,0,0,0.00260416666666667,0.0121527777777778,0,0.00217013888888889,0,0,0,0.000434027777777778,0.0986426767676768,2
"3",0.00434027777777778,0,0,0,0.00623421717171717,0.00260416666666667,0,0,0.00607638888888889,0.0116003787878788,0,0.00276199494949495,0,0,0.000868055555555556,0,0.156171085858586,3
"4",0.0091540404040404,0,0,0,0.00347222222222222,0,0,0,0.00710227272727273,0.0105744949494949,0,0.00520833333333333,0.00189393939393939,0,0,0,0.180397727272727,4
"5",0.00607638888888889,0.00173611111111111,0,0,0.00173611111111111,0,0,0,0.00347222222222222,0.00520833333333333,0,0.00173611111111111,0,0,0,0,0.113241792929293,5
"6",0.00245949074074074,0,0,0,0.00217013888888889,0.000578703703703704,0.000868055555555556,0,0.00405092592592593,0.00318287037037037,0,0.0063788930976431,0,0,0.000868055555555556,0.00173611111111111,0.0894491792929293,6
"7",0.00173611111111111,0,0,0,0,0.00173611111111111,0,0,0,0.00520833333333333,0,0.00449810606060606,0,0,0,0,0.105508207070707,7
"8",0.00173611111111111,0,0.00189393939393939,0.000946969696969697,0.00181502525252525,0,0,0,0,0.00694444444444444,0,0.00189393939393939,0,0.00189393939393939,0,0,0.0883049242424242,8
"9",0.00631313131313131,0,0,0,0.00260416666666667,0,0,0.00173611111111111,0,0.00173611111111111,0,0.000946969696969697,0,0,0,0,0.105981691919192,9
"10",0,0,0,0,0.00607638888888889,0.00173611111111111,0,0,0.000868055555555556,0.00434027777777778,0,0,0,0.00173611111111111,0,0,0.0894097222222222,10
"11",0.00520833333333333,0.00173611111111111,0,0,0.00710227272727273,0.00189393939393939,0,0,0.00173611111111111,0.00347222222222222,0,0.00173611111111111,0,0,0,0,0.11032196969697,11
"12",0.00173611111111111,0,0,0,0.00173611111111111,0,0,0,0.00173611111111111,0.00434027777777778,0,0.000868055555555556,0,0,0,0,0.107638888888889,12
"13",0.000868055555555556,0,0,0,0,0.00173611111111111,0,0,0.00173611111111111,0.00347222222222222,0,0.00434027777777778,0,0,0,0,0.0995896464646465,13
