oe,es,is,si,os,cs,js,gs,ss,TimeFactor
0.0,0.0,0.0,0.0,0.0,0.020833333333333332,0.020833333333333332,0.041666666666666664,0.25,1.0
0.0,0.0,0.0,0.0,0.0,0.020833333333333332,0.020833333333333332,0.0,0.2916666666666667,2.0
0.0,0.0,0.0,0.0,0.010416666666666666,0.0,0.0,0.0,0.23958333333333334,3.0
0.0,0.0,0.0,0.0,0.0,0.0,0.0,0.0,0.5,4.0
0.0,0.0,0.0,0.0,0.0,0.0,0.0,0.041666666666666664,0.20833333333333334,5.0
0.0,0.0,0.020833333333333332,0.020833333333333332,0.020833333333333332,0.0,0.020833333333333332,0.020833333333333332,0.3125,6.0
0.0,0.0,0.0,0.0,0.020833333333333332,0.020833333333333332,0.0,0.0,0.20833333333333334,7.0
0.0,0.0,0.0,0.0,0.0,0.020833333333333332,0.0,0.010416666666666666,0.21875,8.0
0.020833333333333332,0.020833333333333332,0.0,0.0,0.0,0.0,0.0,0.0,0.4583333333333333,9.0
0.0,0.0,0.0,0.0,0.0,0.0,0.0,0.0,0.5,10.0
0.0,0.0,0.0,0.0,0.0,0.0,0.0,0.0,0.25,11.0
0.0,0.0,0.0,0.0,0.006944444444444444,0.0,0.0,0.006944444444444444,0.3194444444444445,12.0
0.0,0.0,0.0,0.0,0.020833333333333332,0.020833333333333332,0.0,0.0,0.20833333333333334,13.0
