gs,os,js,is,ss,TimeFactor
0.0,0.0,0.020833333333333332,0.020833333333333332,0.20833333333333334,1.0
0.0,0.020833333333333332,0.0,0.0,0.0625,2.0
0.0,0.010416666666666666,0.0,0.0,0.07291666666666667,3.0
0.0,0.0,0.0,0.0,0.08333333333333333,4.0
0.0,0.0,0.0,0.0,0.08333333333333333,5.0
0.0,0.0,0.0,0.0,0.0,6.0
0.0,0.0,0.0,0.0,0.08333333333333333,7.0
0.0,0.0,0.0,0.0,0.0,8.0
0.0,0.0,0.0,0.0,0.25,9.0
0.0,0.0,0.0,0.0,0.0,10.0
0.020833333333333332,0.0,0.0,0.0,0.0625,11.0
0.0,0.0,0.0,0.0,0.08333333333333333,12.0
0.0,0.020833333333333332,0.0,0.0,0.0625,13.0
