gss,jss,oss,sss,TimeFactor
0.0,0.0,0.016666666666666666,0.06666666666666667,1.0
0.0,0.016666666666666666,0.0,0.06666666666666667,2.0
0.0,0.0,0.0,0.0,3.0
0.0,0.016666666666666666,0.0,0.15,4.0
0.0,0.0,0.0,0.0,5.0
0.0,0.0,0.0,0.0,6.0
0.0,0.0,0.0,0.08333333333333333,7.0
0.0,0.0,0.0,0.0,8.0
0.0,0.0,0.016666666666666666,0.06666666666666667,9.0
0.016666666666666666,0.0,0.0,0.06666666666666667,10.0
0.0,0.016666666666666666,0.0,0.06666666666666667,11.0
0.0,0.011904761904761904,0.0,0.07142857142857142,12.0
0.0,0.0,0.0,0.0,13.0
