ie,gh,ij,oe,js,gj,sh,sj,se,ig,cj,si,so,go,oi,gg,gi,jg,sc,es,cs,hs,jh,os,sg,is,gs,ss,TimeFactor
0.0,0.0,0.0,0.0,0.0,0.0,0.0,0.0,0.0,0.0,0.0,0.0,0.0,0.0,0.002976190476190476,0.002976190476190476,0.004901960784313725,0.005952380952380952,0.010416666666666666,0.030161423543776485,0.030619299001651945,0.03411172161172161,0.041666666666666664,0.08772130647130645,0.09121148459383754,0.17173696401637575,0.18725175967823027,0.29829598506069094,1.0
0.0,0.0,0.0,0.0,0.0,0.0,0.0,0.0033333333333333335,0.0033333333333333335,0.0033333333333333335,0.004901960784313725,0.004901960784313725,0.008235294117647058,0.011904761904761904,0.0,0.009743589743589744,0.0,0.0,0.0,0.006410256410256411,0.03784313725490196,0.0196078431372549,0.0,0.09500969618616677,0.04990196078431373,0.2476255117431588,0.07850175967823027,0.415412267471091,2.0
0.0,0.0,0.0,0.0,0.0,0.005555555555555556,0.006944444444444444,0.0,0.010416666666666666,0.027777777777777776,0.0,0.009178743961352657,0.010416666666666666,0.0,0.0,0.016666666666666666,0.0,0.006944444444444444,0.0,0.013888888888888888,0.06086956521739131,0.10069444444444443,0.0,0.11265096618357488,0.02028985507246377,0.10507246376811595,0.17590579710144927,0.3167270531400967,3.0
0.0,0.0,0.0,0.0,0.0,0.0,0.0,0.0,0.0,0.0,0.0,0.0,0.0,0.0,0.0,0.0,0.0,0.011904761904761904,0.0,0.006944444444444444,0.01736111111111111,0.011111111111111112,0.0,0.06779100529100529,0.06828703703703703,0.13323412698412698,0.3216600529100529,0.2783730158730158,4.0
0.0,0.0,0.0,0.0,0.0,0.0,0.0,0.0,0.0,0.003787878787878788,0.0,0.0,0.003787878787878788,0.0,0.0,0.010416666666666666,0.08333333333333333,0.008333333333333333,0.0,0.003787878787878788,0.011363636363636362,0.007575757575757576,0.0,0.06528679653679653,0.11491402116402116,0.12349386724386724,0.30726911976911975,0.25664983164983163,5.0
0.0,0.0,0.0026041666666666665,0.007575757575757576,0.08333333333333333,0.0,0.0026041666666666665,0.0,0.0,0.0,0.0,0.009259259259259259,0.013888888888888888,0.0,0.0,0.017992424242424244,0.0,0.0,0.0,0.013020833333333334,0.01278409090909091,0.0026041666666666665,0.013888888888888888,0.021464646464646464,0.033854166666666664,0.12144886363636363,0.11150568181818181,0.36550399831649827,6.0
0.0,0.005952380952380952,0.0,0.0,0.0,0.0,0.0,0.0,0.0,0.0,0.0,0.005952380952380952,0.0,0.0,0.0,0.005952380952380952,0.0,0.007575757575757576,0.0,0.044444444444444446,0.027777777777777776,0.05321067821067821,0.0,0.03571428571428571,0.05681818181818182,0.10037878787878789,0.19121572871572876,0.29834054834054835,7.0
0.0,0.0,0.0,0.0,0.0,0.0,0.0,0.0,0.0,0.016666666666666666,0.0,0.021103896103896107,0.08333333333333333,0.0,0.0,0.0,0.0,0.007575757575757576,0.0,0.0,0.05833333333333333,0.013888888888888888,0.0,0.08674242424242425,0.03968253968253968,0.19627825877825877,0.1303932178932179,0.26266835016835016,8.0
0.0,0.0,0.0,0.0,0.0,0.0,0.0,0.0,0.0,0.0,0.0,0.015318627450980393,0.0,0.0,0.0,0.0,0.0,0.0,0.0,0.052083333333333336,0.03758169934640523,0.014705882352941175,0.0,0.030637254901960786,0.1070845004668534,0.18947351667939902,0.1957548170783465,0.35736036838978014,9.0
0.0,0.0,0.0,0.0,0.0,0.0,0.0,0.0,0.0,0.0,0.0,0.0,0.0,0.0,0.0,0.0,0.0,0.0,0.0,0.013888888888888888,0.0,0.03819444444444444,0.0,0.009259259259259259,0.0,0.13888888888888887,0.20138888888888887,0.43171296296296297,10.0
0.006410256410256411,0.0,0.0,0.0,0.006410256410256411,0.0,0.013888888888888888,0.0,0.0,0.0,0.0,0.052243589743589745,0.020833333333333332,0.0,0.0,0.0,0.0,0.023076923076923078,0.0,0.004166666666666667,0.03472222222222222,0.041666666666666664,0.0,0.016666666666666666,0.05502136752136752,0.1264957264957265,0.23782051282051284,0.2772435897435897,11.0
0.0,0.0,0.0,0.0,0.0,0.0,0.0,0.0,0.0,0.0,0.0,0.0,0.0,0.0,0.0,0.0,0.0,0.020833333333333332,0.0,0.08888888888888889,0.0,0.005555555555555556,0.0,0.16944444444444443,0.024999999999999998,0.10972222222222222,0.15208333333333332,0.3451388888888889,12.0
0.0,0.0,0.0,0.0,0.0,0.0,0.0,0.0,0.0,0.0,0.0,0.027777777777777776,0.005555555555555556,0.0,0.0,0.0,0.0,0.048611111111111105,0.010416666666666666,0.0,0.0,0.005555555555555556,0.0,0.09375,0.021428571428571425,0.08382936507936507,0.2024801587301587,0.3339285714285714,13.0
