ess,iss,oss,css,sss,TimeFactor
0.0,0.009259259259259259,0.013888888888888888,0.027777777777777776,0.19907407407407407,1.0
0.0,0.0,0.0,0.0,0.0,2.0
0.027777777777777776,0.0,0.0,0.0,0.13888888888888887,3.0
0.0,0.0,0.0,0.0,0.08333333333333333,4.0
0.0,0.0,0.0,0.0,0.08333333333333333,5.0
0.0,0.0,0.0,0.0,0.16666666666666666,6.0
0.0,0.0,0.0,0.0,0.08333333333333333,7.0
0.0,0.027777777777777776,0.0,0.0,0.2222222222222222,8.0
0.0,0.0,0.0,0.0,0.08333333333333333,9.0
0.0,0.0,0.0,0.0,0.08333333333333333,10.0
0.0,0.0,0.0,0.0,0.08333333333333333,11.0
0.0,0.0,0.0,0.0,0.08333333333333333,12.0
0.0,0.0,0.0,0.0,0.08333333333333333,13.0
