gss,ois,css,iss,oss,jss,sss,TimeFactor
0.0,0.013888888888888888,0.013888888888888888,0.013888888888888888,0.027777777777777776,0.027777777777777776,0.15277777777777776,1.0
0.0,0.0,0.0,0.0,0.0,0.05555555555555555,0.1111111111111111,2.0
0.0,0.0,0.0,0.027777777777777776,0.0,0.027777777777777776,0.1111111111111111,3.0
0.0,0.0,0.0,0.0,0.027777777777777776,0.0,0.13888888888888887,4.0
0.0,0.0,0.05555555555555555,0.0,0.0,0.0,0.19444444444444445,5.0
0.027777777777777776,0.0,0.0,0.0,0.0,0.0,0.2222222222222222,6.0
0.0,0.0,0.0,0.0,0.0,0.027777777777777776,0.2222222222222222,7.0
0.0,0.0,0.0,0.0,0.0,0.0,0.0,8.0
0.0,0.0,0.027777777777777776,0.0,0.0,0.0,0.05555555555555555,9.0
0.013888888888888888,0.0,0.0,0.013888888888888888,0.0,0.0,0.05555555555555555,10.0
0.0,0.0,0.0,0.0,0.0,0.027777777777777776,0.05555555555555555,11.0
0.0,0.0,0.0,0.0,0.0,0.0,0.25,12.0
0.0,0.0,0.0,0.0,0.0,0.0,0.16666666666666666,13.0
