ce,ig,cg,gj,eg,gi,og,se,sc,ei,os,gg,ji,js,es,hs,si,so,cs,sg,is,sj,gs,ss,TimeFactor
0.0,0.0,0.0,0.0,0.0,0.0,0.0,0.0,0.0,0.0,0.0,0.0,0.0,0.0,0.0,0.0,0.0,0.0,0.0,0.0,0.007575757575757576,0.011904761904761904,0.19325396825396823,0.6205988455988456,1.0
0.0,0.0,0.0,0.0,0.0,0.0,0.0,0.0,0.0,0.0,0.0,0.0,0.003472222222222222,0.006944444444444444,0.006944444444444444,0.011805555555555555,0.016203703703703703,0.017592592592592594,0.027083333333333334,0.08333333333333333,0.041826923076923074,0.003472222222222222,0.14695767195767193,0.5510302197802198,2.0
0.0,0.0,0.0,0.0,0.0,0.0,0.0,0.005952380952380952,0.005952380952380952,0.008333333333333333,0.011904761904761904,0.052083333333333336,0.0,0.014285714285714285,0.022321428571428572,0.0,0.011904761904761904,0.0,0.0,0.0441468253968254,0.09007936507936508,0.0,0.1921626984126984,0.3742063492063492,3.0
0.0,0.0,0.0,0.0,0.0,0.0,0.006410256410256411,0.0,0.0,0.0,0.020833333333333332,0.0,0.0,0.009259259259259259,0.0,0.0,0.0,0.0,0.0,0.020833333333333332,0.02948717948717949,0.006410256410256411,0.06367521367521367,0.6764245014245014,4.0
0.0,0.0,0.0,0.0,0.0,0.016666666666666666,0.016666666666666666,0.0,0.006410256410256411,0.0,0.0,0.0,0.0,0.0,0.034188034188034185,0.0,0.0,0.0,0.013888888888888888,0.04337606837606838,0.011904761904761904,0.013888888888888888,0.10019841269841269,0.659478021978022,5.0
0.0,0.0,0.0,0.020833333333333332,0.027777777777777776,0.0,0.0,0.006410256410256411,0.011904761904761904,0.0,0.0,0.0,0.0,0.006410256410256411,0.0,0.0,0.0,0.0,0.0,0.006410256410256411,0.0,0.08333333333333333,0.17087912087912085,0.5827075702075701,6.0
0.0,0.0,0.0,0.0,0.0,0.006944444444444444,0.0,0.0,0.0,0.0,0.016666666666666666,0.0,0.0,0.0,0.0,0.007575757575757576,0.02840909090909091,0.0,0.020833333333333332,0.007575757575757576,0.03118686868686869,0.027777777777777776,0.09848484848484847,0.5045454545454545,7.0
0.0,0.0,0.0,0.0,0.0,0.0,0.0,0.0,0.016666666666666666,0.0,0.027777777777777776,0.0,0.016666666666666666,0.009259259259259259,0.0,0.016666666666666666,0.0,0.0,0.0,0.016666666666666666,0.037037037037037035,0.0,0.025925925925925925,0.6666666666666666,8.0
0.0,0.0,0.0,0.0,0.0,0.0,0.0,0.0,0.0,0.0,0.0,0.010416666666666666,0.0,0.044444444444444446,0.011904761904761904,0.05833333333333333,0.010416666666666666,0.0,0.0,0.0,0.057638888888888885,0.0,0.1257936507936508,0.597718253968254,9.0
0.0,0.0,0.0,0.0,0.0,0.0,0.0,0.0,0.0,0.0,0.011904761904761904,0.0,0.0,0.0,0.0,0.0,0.0,0.0,0.011904761904761904,0.06597222222222222,0.04348544973544973,0.011904761904761904,0.10367063492063493,0.5011574074074074,10.0
0.0,0.0,0.0,0.0,0.0,0.0,0.0,0.0,0.0,0.0,0.0,0.0,0.0,0.0,0.0,0.0,0.0,0.0,0.0,0.0,0.0,0.0,0.08867521367521368,0.6613247863247863,11.0
0.0,0.0,0.0,0.0,0.0,0.0,0.0,0.044444444444444446,0.0,0.0,0.0,0.0,0.0,0.011904761904761904,0.011904761904761904,0.0,0.0,0.0,0.0,0.042460317460317455,0.02857142857142857,0.0,0.12380952380952381,0.4035714285714285,12.0
0.005952380952380952,0.008333333333333333,0.011904761904761904,0.0,0.0,0.0,0.0,0.0,0.0,0.0,0.0,0.0,0.0,0.005952380952380952,0.005952380952380952,0.0,0.0,0.0,0.008333333333333333,0.022619047619047622,0.022619047619047622,0.016666666666666666,0.0988095238095238,0.6261904761904762,13.0
