isg,iss,sgg,ssg,igs,gsg,sgs,oss,hss,gss,css,sih,ihh,ssi,sss,TimeFactor
0.0,0.0,0.0,0.0,0.0,0.0,0.0,0.0,0.0,0.0,0.013888888888888888,0.027777777777777776,0.027777777777777776,0.027777777777777776,0.3194444444444445,1.0
0.0,0.0,0.0,0.0,0.0,0.0,0.0,0.0,0.0,0.041666666666666664,0.0,0.0,0.0,0.0,0.4583333333333334,2.0
0.0,0.0,0.0,0.0,0.0,0.0,0.0,0.0,0.02314814814814815,0.03472222222222222,0.0,0.0,0.0,0.0,0.4421296296296296,3.0
0.0,0.0,0.0,0.0,0.0,0.009259259259259259,0.018518518518518517,0.027777777777777776,0.0,0.027777777777777776,0.0,0.0,0.0,0.0,0.5833333333333334,4.0
0.0,0.0,0.0,0.0,0.0,0.0,0.0,0.0,0.0,0.009259259259259259,0.0,0.0,0.0,0.0,0.5740740740740741,5.0
0.0,0.0,0.0,0.0,0.013888888888888888,0.0,0.0,0.0,0.0,0.030092592592592587,0.0,0.0,0.0,0.0,0.2893518518518518,6.0
0.0,0.0,0.0,0.0,0.0,0.0,0.0,0.0,0.013888888888888888,0.0,0.0,0.0,0.0,0.0,0.4861111111111111,7.0
0.0,0.0,0.0,0.0,0.0,0.0,0.013888888888888888,0.0,0.0,0.05555555555555555,0.0,0.0,0.0,0.0,0.5972222222222222,8.0
0.0,0.0,0.0,0.0,0.0,0.0,0.0,0.0,0.0,0.0,0.0,0.0,0.0,0.0,0.6666666666666666,9.0
0.0,0.0,0.0,0.0,0.0,0.0,0.0,0.0,0.0,0.02314814814814815,0.0,0.0,0.0,0.0,0.39351851851851855,10.0
0.0,0.027777777777777776,0.027777777777777776,0.041666666666666664,0.0,0.0,0.013888888888888888,0.0,0.0,0.041666666666666664,0.0,0.0,0.0,0.0,0.4305555555555556,11.0
0.013888888888888888,0.0,0.0,0.0,0.0,0.0,0.013888888888888888,0.0,0.0,0.013888888888888888,0.0,0.0,0.0,0.0,0.2916666666666667,12.0
0.0,0.0,0.0,0.0,0.0,0.0,0.0,0.0,0.0,0.0,0.0,0.0,0.0,0.0,0.4166666666666667,13.0
