gi,og,jj,go,jg,si,hs,sc,es,cs,sg,js,ji,gg,gs,os,is,ss,TimeFactor
0.0,0.0,0.0,0.0,0.0,0.0,0.0,0.0,0.0,0.0,0.0,0.004629629629629629,0.006944444444444444,0.013888888888888888,0.025462962962962965,0.025462962962962965,0.032407407407407406,0.5578703703703703,1.0
0.0,0.0,0.0,0.0,0.0,0.0,0.0,0.0,0.0,0.0,0.009259259259259259,0.0,0.0,0.0,0.009259259259259259,0.032407407407407406,0.05092592592592593,0.4814814814814814,2.0
0.0,0.0,0.0,0.0,0.0,0.0,0.0,0.0,0.0,0.027777777777777776,0.0,0.0,0.0,0.0,0.0,0.020833333333333332,0.0,0.45138888888888884,3.0
0.0,0.0,0.0,0.0,0.0,0.0,0.0,0.009259259259259259,0.013888888888888888,0.009259259259259259,0.0,0.0,0.0,0.0,0.009259259259259259,0.0,0.027777777777777776,0.2638888888888889,4.0
0.0,0.0,0.0,0.0,0.0,0.0,0.013888888888888888,0.0,0.0,0.0,0.027777777777777776,0.0,0.0,0.027777777777777776,0.009259259259259259,0.009259259259259259,0.05092592592592592,0.5277777777777778,5.0
0.0,0.0,0.0,0.0,0.0,0.009259259259259259,0.0,0.0,0.0,0.0,0.0,0.0,0.0,0.0,0.027777777777777776,0.009259259259259259,0.009259259259259259,0.5277777777777778,6.0
0.0,0.0,0.0,0.027777777777777776,0.027777777777777776,0.0,0.0,0.0,0.027777777777777776,0.027777777777777776,0.006944444444444444,0.0,0.0,0.0,0.048611111111111105,0.041666666666666664,0.009259259259259259,0.4490740740740741,7.0
0.0,0.0,0.027777777777777776,0.0,0.0,0.0,0.0,0.0,0.0,0.013888888888888888,0.0,0.027777777777777776,0.0,0.0,0.03373015873015873,0.0,0.027777777777777776,0.2857142857142857,8.0
0.0,0.0,0.0,0.0,0.0,0.0,0.003968253968253968,0.0,0.0,0.0,0.0,0.0,0.0,0.0,0.041005291005291,0.0,0.037037037037037035,0.25132275132275134,9.0
0.0,0.0,0.0,0.0,0.0,0.004629629629629629,0.0,0.0,0.004629629629629629,0.0,0.0,0.0,0.027777777777777776,0.0,0.027777777777777776,0.027777777777777776,0.037037037037037035,0.3703703703703703,10.0
0.0,0.0,0.0,0.0,0.0,0.0,0.027777777777777776,0.0,0.0,0.0,0.0,0.0,0.0,0.0,0.009259259259259259,0.0,0.027777777777777776,0.4351851851851852,11.0
0.0,0.0,0.0,0.0,0.0,0.0,0.0,0.0,0.0,0.009259259259259259,0.05555555555555555,0.0,0.0,0.0,0.06597222222222222,0.0,0.009259259259259259,0.27662037037037035,12.0
0.009259259259259259,0.027777777777777776,0.0,0.0,0.0,0.0,0.0,0.0,0.0,0.0,0.0,0.0,0.0,0.0,0.05555555555555555,0.0,0.009259259259259259,0.3148148148148148,13.0
