ii,cj,cg,gc,gi,cc,sh,ei,jh,oc,sc,og,jg,os,ic,jj,sj,ji,es,sg,si,cs,hs,js,ss,gs,is,TimeFactor
0.0,0.0,0.0,0.0,0.0,0.0,0.0,0.0,0.0,0.0,0.0,0.0,0.0,0.0,0.0043859649122807015,0.004629629629629629,0.004629629629629629,0.013888888888888888,0.027083333333333334,0.031093358395989975,0.04047619047619048,0.046052631578947366,0.07173489278752436,0.0726608187134503,0.1335404483430799,0.2304128376496798,0.23607804232804233,1.0
0.0,0.0,0.0,0.0,0.0,0.0,0.0,0.0,0.0,0.005952380952380952,0.027777777777777776,0.027777777777777776,0.041666666666666664,0.11706349206349205,0.0,0.0,0.020833333333333332,0.0,0.013888888888888888,0.0,0.027777777777777776,0.026785714285714284,0.05158730158730159,0.05357142857142857,0.061507936507936505,0.1111111111111111,0.1626984126984127,2.0
0.0,0.0,0.0,0.0,0.0,0.0,0.011904761904761904,0.020833333333333332,0.03968253968253968,0.0,0.0,0.027777777777777776,0.011904761904761904,0.041666666666666664,0.0,0.0,0.03273809523809524,0.0,0.0,0.0,0.0625,0.011904761904761904,0.08134920634920635,0.09722222222222221,0.06746031746031746,0.3055555555555555,0.10416666666666667,3.0
0.0,0.0,0.0,0.0,0.009259259259259259,0.016666666666666666,0.0,0.0,0.0,0.0,0.0,0.0,0.0,0.13333333333333333,0.0,0.0,0.0,0.0,0.0,0.0,0.03009259259259259,0.1175925925925926,0.12685185185185185,0.03009259259259259,0.14166666666666666,0.15601851851851853,0.07175925925925926,4.0
0.0,0.0,0.0,0.007575757575757576,0.0,0.0,0.0,0.0,0.0,0.0,0.0,0.0,0.041666666666666664,0.041666666666666664,0.0,0.0,0.041666666666666664,0.0,0.08333333333333333,0.027777777777777776,0.041666666666666664,0.007575757575757576,0.04292929292929293,0.027777777777777776,0.08333333333333333,0.20454545454545456,0.0984848484848485,5.0
0.0,0.0,0.08333333333333333,0.0,0.0,0.0,0.0,0.0,0.0,0.0,0.041666666666666664,0.0,0.0,0.027777777777777776,0.0,0.0,0.0,0.0,0.0,0.0,0.0,0.08333333333333333,0.016666666666666666,0.041666666666666664,0.2916666666666667,0.14444444444444446,0.18611111111111112,6.0
0.0,0.0,0.0,0.0,0.0,0.0,0.0,0.0,0.0,0.0,0.0,0.0,0.0,0.020833333333333332,0.0,0.0,0.0,0.0,0.0,0.08333333333333333,0.0,0.10416666666666667,0.041666666666666664,0.0,0.125,0.125,0.16666666666666666,7.0
0.0,0.0,0.0,0.0,0.0,0.0,0.0,0.0,0.0,0.0,0.0,0.0,0.0,0.08333333333333333,0.0,0.0,0.0,0.0,0.08333333333333333,0.020833333333333332,0.0,0.125,0.08333333333333333,0.0,0.10416666666666667,0.14583333333333334,0.10416666666666667,8.0
0.0,0.0,0.0,0.0,0.0,0.0,0.0,0.0,0.0,0.0,0.0,0.0,0.0,0.041666666666666664,0.0,0.0,0.0,0.0,0.0,0.0,0.0,0.0,0.0,0.0,0.08333333333333333,0.08333333333333333,0.20833333333333334,9.0
0.0,0.0,0.0,0.0,0.0,0.0,0.0,0.0,0.0,0.0,0.0,0.0,0.0,0.041666666666666664,0.0,0.0,0.0,0.0,0.0,0.0,0.0,0.16666666666666666,0.0,0.041666666666666664,0.125,0.0,0.125,10.0
0.0,0.0,0.0,0.0,0.041666666666666664,0.0,0.0,0.0,0.0,0.0,0.0,0.0,0.004166666666666667,0.005208333333333333,0.0,0.0,0.004166666666666667,0.005208333333333333,0.0,0.10833333333333334,0.08854166666666667,0.04583333333333334,0.08854166666666667,0.004166666666666667,0.2354166666666667,0.16770833333333335,0.034374999999999996,11.0
0.0,0.020833333333333332,0.0,0.0,0.0,0.0,0.0,0.0,0.0,0.0,0.0,0.0,0.0,0.0,0.0,0.0,0.0,0.0,0.0,0.020833333333333332,0.027777777777777776,0.0,0.0,0.0,0.048611111111111105,0.10416666666666667,0.1111111111111111,12.0
0.0043859649122807015,0.0,0.0,0.0,0.0,0.0,0.0,0.0,0.0,0.0,0.041666666666666664,0.0,0.0,0.0,0.0,0.0043859649122807015,0.0,0.0,0.0,0.0,0.0,0.046052631578947366,0.0,0.05043859649122807,0.017543859649122806,0.013157894736842105,0.15570175438596492,13.0
