gii,igg,csi,ses,ose,see,isg,gse,sse,hsg,ghs,iii,iis,sgi,gsg,igi,gis,gig,oss,sii,shs,hss,sig,isi,igs,ggs,ssi,jss,jcs,css,esg,sis,sgs,ess,ggg,sgg,ssg,cis,gss,iss,sss,TimeFactor
0.0,0.0,0.0,0.0,0.0,0.0,0.0,0.0,0.0,0.0,0.0,0.0,0.0,0.0,0.0,0.0,0.0,0.0,0.0,0.0,0.0,0.0,0.0,0.0,0.0,0.0,0.0,0.0,0.0,0.0,0.0,0.0,0.0,0.0,0.004629629629629629,0.004629629629629629,0.004629629629629629,0.013888888888888888,0.013888888888888888,0.02314814814814815,0.6018518518518517,1.0
0.0,0.0,0.0,0.0,0.0,0.0,0.0,0.0,0.0,0.0,0.0,0.0,0.0,0.0,0.0,0.0,0.0,0.0,0.0,0.0,0.0,0.0,0.0,0.0,0.0,0.0,0.0,0.0,0.0,0.0,0.006944444444444444,0.006944444444444444,0.006944444444444444,0.016203703703703703,0.027777777777777776,0.027777777777777776,0.027777777777777776,0.0,0.037037037037037035,0.006944444444444444,0.41898148148148145,2.0
0.0,0.0,0.0,0.0,0.0,0.0,0.0,0.0,0.0,0.0,0.0,0.0,0.0,0.0,0.0,0.0,0.0,0.0,0.0,0.0,0.0,0.0,0.0,0.0,0.0,0.0,0.0,0.006944444444444444,0.013888888888888888,0.013888888888888888,0.0,0.0,0.0,0.0,0.0,0.0,0.0,0.0,0.037037037037037035,0.0,0.34490740740740744,3.0
0.0,0.0,0.0,0.0,0.0,0.0,0.0,0.0,0.0,0.0,0.0,0.0,0.0,0.0,0.0,0.0,0.0,0.0,0.0,0.0,0.0,0.0,0.0,0.0,0.0,0.0,0.005555555555555556,0.006944444444444444,0.0,0.009259259259259259,0.0,0.005555555555555556,0.037037037037037035,0.0,0.0,0.0,0.009259259259259259,0.0,0.06944444444444445,0.012499999999999999,0.42777777777777776,4.0
0.0,0.0,0.0,0.0,0.0,0.0,0.0,0.0,0.0,0.0,0.0,0.0,0.0,0.0,0.0,0.0,0.0,0.0,0.0,0.0,0.0,0.0,0.0,0.0,0.0,0.011111111111111112,0.0,0.0,0.0,0.0,0.0,0.0,0.0,0.0,0.0,0.016666666666666666,0.005555555555555556,0.0,0.048611111111111105,0.013888888888888888,0.5708333333333333,5.0
0.0,0.0,0.0,0.0,0.0,0.0,0.0,0.0,0.0,0.0,0.0,0.0,0.0,0.0,0.0,0.0,0.0,0.0,0.0,0.0,0.006944444444444444,0.006944444444444444,0.009259259259259259,0.009259259259259259,0.009259259259259259,0.006944444444444444,0.0,0.009259259259259259,0.0,0.013888888888888888,0.0,0.0,0.009259259259259259,0.0,0.027777777777777776,0.027777777777777776,0.027777777777777776,0.0,0.016203703703703703,0.020833333333333332,0.4652777777777777,6.0
0.0,0.0,0.0,0.0,0.0,0.0,0.0,0.0,0.0,0.0,0.0,0.0,0.0,0.0,0.0,0.0,0.0,0.004629629629629629,0.027777777777777776,0.027777777777777776,0.0,0.0,0.0,0.0,0.004629629629629629,0.0,0.027777777777777776,0.0,0.0,0.03333333333333333,0.0,0.0,0.02314814814814815,0.0,0.004629629629629629,0.004629629629629629,0.02777777777777778,0.0,0.03333333333333333,0.027777777777777776,0.5027777777777778,7.0
0.0,0.0,0.0,0.0,0.0,0.0,0.0,0.0,0.0,0.0,0.0,0.0,0.0,0.0,0.013888888888888888,0.027777777777777776,0.027777777777777776,0.0,0.0,0.0,0.0,0.0,0.0,0.0,0.0,0.0,0.0,0.009259259259259259,0.0,0.0,0.0,0.0,0.013888888888888888,0.0,0.013888888888888888,0.013888888888888888,0.041666666666666664,0.0,0.05092592592592592,0.05555555555555555,0.48148148148148145,8.0
0.0,0.0,0.0,0.0,0.0,0.0,0.0,0.0,0.0,0.027777777777777776,0.027777777777777776,0.027777777777777776,0.027777777777777776,0.027777777777777776,0.027777777777777776,0.0,0.0,0.0,0.0,0.0,0.0,0.0,0.0,0.0,0.0,0.027777777777777776,0.0,0.0,0.0,0.0,0.0,0.0,0.027777777777777776,0.006944444444444444,0.0,0.006944444444444444,0.006944444444444444,0.0,0.03472222222222222,0.027777777777777776,0.3611111111111111,9.0
0.0,0.0,0.0,0.0,0.0,0.0,0.0,0.0,0.0,0.0,0.0,0.0,0.0,0.0,0.003472222222222222,0.0,0.0,0.0,0.0,0.0,0.0,0.0,0.0,0.0,0.0,0.013888888888888888,0.0,0.0,0.0,0.0,0.0,0.0,0.0,0.013888888888888888,0.003472222222222222,0.006944444444444444,0.003472222222222222,0.0,0.01736111111111111,0.0,0.2708333333333333,10.0
0.0,0.0,0.0,0.0,0.0,0.006944444444444444,0.006944444444444444,0.006944444444444444,0.006944444444444444,0.0,0.0,0.0,0.0,0.0,0.0,0.0,0.0,0.0,0.0,0.0,0.0,0.0,0.0,0.0,0.0,0.006944444444444444,0.0,0.006944444444444444,0.0,0.0,0.0,0.006944444444444444,0.011574074074074075,0.0,0.006944444444444444,0.006944444444444444,0.006944444444444444,0.0,0.048611111111111105,0.03472222222222222,0.5023148148148148,11.0
0.0,0.0,0.0,0.027777777777777776,0.027777777777777776,0.0,0.0,0.0,0.0,0.0,0.0,0.0,0.0,0.0,0.0,0.0,0.0,0.0,0.0,0.0,0.0,0.0,0.0,0.0,0.027777777777777776,0.009259259259259259,0.0,0.009259259259259259,0.0,0.0,0.0,0.0,0.0,0.027777777777777776,0.0,0.009259259259259259,0.0,0.0,0.0462962962962963,0.0,0.3981481481481482,12.0
0.006944444444444444,0.011111111111111112,0.013888888888888888,0.0,0.0,0.0,0.0,0.0,0.0,0.0,0.0,0.0,0.006944444444444444,0.006944444444444444,0.0,0.0,0.0,0.0,0.0,0.0,0.0,0.009259259259259259,0.005555555555555556,0.006944444444444444,0.0,0.005555555555555556,0.005555555555555556,0.0,0.0,0.005555555555555556,0.0,0.020833333333333332,0.0,0.0,0.0,0.027777777777777776,0.03472222222222222,0.0,0.028703703703703703,0.02314814814814815,0.2805555555555555,13.0
