co,sg,so,jg,os,es,si,hs,cs,is,gs,js,ss,TimeFactor
0.0,0.0,0.0,0.0,0.002976190476190476,0.005902777777777778,0.006578947368421052,0.021347402597402598,0.02359283625730994,0.059857266271739956,0.06940196134275081,0.10037570251386041,0.709966915394547,1.0
0.0,0.0,0.0,0.003787878787878788,0.033901515151515155,0.007954545454545455,0.0,0.02962962962962963,0.023000841750841754,0.012121212121212121,0.05858585858585858,0.09469696969696971,0.6529882154882155,2.0
0.0,0.0,0.0,0.0,0.010416666666666666,0.0,0.0,0.013888888888888888,0.04745370370370369,0.024621212121212117,0.03819444444444444,0.03819444444444444,0.6605639730639731,3.0
0.0,0.0,0.0,0.0,0.020833333333333332,0.0,0.0,0.010416666666666666,0.041666666666666664,0.09672619047619047,0.0,0.0986111111111111,0.6484126984126984,4.0
0.0,0.0,0.0,0.0,0.01909722222222222,0.0,0.0,0.0,0.06944444444444445,0.06076388888888889,0.05381944444444445,0.05381944444444444,0.6597222222222222,5.0
0.0,0.0,0.0,0.0,0.052083333333333336,0.0,0.0,0.0,0.07447089947089947,0.051554232804232804,0.017526455026455025,0.03472222222222222,0.5196428571428572,6.0
0.0,0.0,0.0,0.0,0.0,0.0,0.0,0.020833333333333332,0.052083333333333336,0.041666666666666664,0.03125,0.1125,0.5750000000000001,7.0
0.0,0.0,0.003787878787878788,0.0,0.04976851851851852,0.0,0.0,0.022222222222222223,0.024242424242424242,0.03851010101010101,0.08303872053872054,0.06706649831649832,0.7113636363636364,8.0
0.0,0.004629629629629629,0.0,0.0,0.013888888888888888,0.0,0.0,0.0,0.025462962962962965,0.049999999999999996,0.02685185185185185,0.054034391534391525,0.6584656084656084,9.0
0.0,0.0,0.0,0.0,0.024305555555555552,0.010416666666666666,0.0,0.020833333333333332,0.03472222222222222,0.0,0.05675747863247863,0.08253205128205128,0.6037660256410257,10.0
0.0,0.002976190476190476,0.0,0.0,0.003472222222222222,0.005952380952380952,0.0,0.002976190476190476,0.0220734126984127,0.010582010582010581,0.01868386243386243,0.04950396825396825,0.8004464285714286,11.0
0.0,0.010416666666666666,0.0,0.0,0.047619047619047616,0.0,0.0,0.0,0.06845238095238095,0.03819444444444444,0.04976851851851852,0.06712962962962964,0.5517526455026455,12.0
0.008333333333333333,0.0,0.0,0.0,0.008333333333333333,0.0,0.0,0.010416666666666666,0.0,0.02395833333333333,0.03958333333333333,0.04513888888888889,0.6975694444444445,13.0
