ssg,sgg,ggg,ois,osg,iss,gss,sgs,sss,TimeFactor
0.0,0.0,0.0,0.0,0.0,0.0,0.020833333333333332,0.020833333333333332,0.125,1.0
0.0,0.0,0.0,0.0,0.0,0.0,0.020833333333333332,0.020833333333333332,0.20833333333333334,2.0
0.0,0.0,0.0,0.009259259259259259,0.009259259259259259,0.009259259259259259,0.009259259259259259,0.009259259259259259,0.20370370370370372,3.0
0.0,0.0,0.0,0.0,0.0,0.0,0.0,0.0,0.08333333333333333,4.0
0.0,0.0,0.0,0.0,0.0,0.0,0.0,0.0,0.0,5.0
0.0,0.0,0.0,0.0,0.0,0.0,0.0,0.0,0.0,6.0
0.0,0.0,0.0,0.0,0.0,0.0,0.0,0.0,0.3333333333333333,7.0
0.020833333333333332,0.020833333333333332,0.020833333333333332,0.0,0.0,0.0,0.0,0.0,0.020833333333333332,8.0
0.0,0.0,0.0,0.0,0.0,0.0,0.0,0.0,0.16666666666666666,9.0
0.0,0.0,0.0,0.0,0.0,0.0,0.0,0.0,0.08333333333333333,10.0
0.0,0.0,0.0,0.0,0.0,0.0,0.0,0.0,0.0,11.0
0.0,0.0,0.0,0.0,0.0,0.0,0.0,0.0,0.16666666666666666,12.0
0.0,0.0,0.0,0.0,0.0,0.020833333333333332,0.0,0.0,0.14583333333333334,13.0
