jis,oss,css,isg,ssi,sig,csg,esi,sis,iss,ssg,sgs,gss,sss,TimeFactor
0.0,0.0,0.0,0.0,0.0,0.0,0.022727272727272728,0.022727272727272728,0.022727272727272728,0.022727272727272728,0.03116883116883117,0.05389610389610389,0.07207792207792209,0.20649350649350648,1.0
0.0,0.0,0.0,0.018181818181818184,0.018181818181818184,0.018181818181818184,0.0,0.0,0.0,0.0,0.0,0.018181818181818184,0.018181818181818184,0.0,2.0
0.0,0.0,0.0,0.0,0.0,0.0,0.0,0.0,0.0,0.0,0.0,0.0,0.0,0.09090909090909091,3.0
0.0,0.0,0.03636363636363637,0.0,0.0,0.0,0.0,0.0,0.0,0.0,0.0,0.0,0.0,0.14545454545454548,4.0
0.0,0.0,0.04090909090909091,0.0,0.0,0.0,0.0,0.0,0.0,0.0,0.0,0.0,0.022727272727272728,0.3,5.0
0.0,0.0,0.0,0.0,0.0,0.0,0.0,0.0,0.0,0.0,0.0,0.0,0.0,0.0,6.0
0.0,0.022727272727272728,0.0,0.0,0.0,0.0,0.0,0.0,0.0,0.0,0.0,0.0,0.0,0.06818181818181818,7.0
0.0,0.0,0.0,0.0,0.0,0.0,0.0,0.0,0.0,0.0,0.0,0.0,0.0,0.0,8.0
0.0,0.0,0.0,0.0,0.0,0.0,0.0,0.0,0.0,0.0,0.0,0.0,0.0,0.0,9.0
0.0,0.0,0.0,0.0,0.0,0.0,0.0,0.0,0.0,0.0,0.0,0.0,0.0,0.0,10.0
0.022727272727272728,0.0,0.01515151515151515,0.0,0.0,0.0,0.0,0.0,0.0,0.022727272727272728,0.0,0.0,0.0,0.12121212121212123,11.0
0.0,0.0,0.0,0.0,0.0,0.0,0.0,0.0,0.0,0.0,0.0,0.0,0.0,0.09090909090909091,12.0
0.0,0.022727272727272728,0.0,0.0,0.0,0.0,0.0,0.0,0.0,0.0,0.0,0.0,0.0,0.06818181818181818,13.0
