ogs,sgh,isg,ssc,scc,sjs,ssj,gsg,scs,iis,ssi,jgs,sjg,hcs,gse,csg,egg,seg,ses,ics,csi,sii,ies,esj,ggg,eeg,sjj,egs,sgg,ggs,see,sse,cis,igs,iss,ess,jss,shs,hss,css,ssg,sgs,oss,gss,sss,TimeFactor
0.0,0.0,0.0,0.0,0.0,0.0,0.0,0.0,0.0,0.0,0.0,0.0,0.0,0.0,0.0,0.0,0.0,0.0,0.0,0.0,0.0,0.0,0.0,0.0,0.0,0.0,0.0,0.0,0.0,0.0,0.0,0.0,0.0,0.0,0.0,0.0,0.0,0.0,0.0,0.0,0.005555555555555556,0.005555555555555556,0.005555555555555556,0.005555555555555556,0.22777777777777777,1.0
0.0,0.0,0.0,0.0,0.0,0.0,0.0,0.0,0.0,0.0,0.0,0.0,0.0,0.0,0.0,0.0,0.0,0.0,0.0,0.0,0.0,0.0,0.0,0.0,0.0,0.0,0.0,0.0,0.0,0.0,0.0,0.0,0.0,0.0,0.006944444444444444,0.013888888888888888,0.020833333333333332,0.027777777777777776,0.027777777777777776,0.037037037037037035,0.0,0.0,0.0,0.0,0.3657407407407407,2.0
0.0,0.0,0.0,0.0,0.0,0.0,0.0,0.0,0.0,0.0,0.0,0.0,0.0,0.0,0.0,0.0,0.0,0.0,0.0,0.0,0.0,0.0,0.0,0.0,0.0,0.0,0.0,0.0,0.0,0.0,0.009259259259259259,0.009259259259259259,0.027777777777777776,0.027777777777777776,0.037037037037037035,0.0,0.0,0.0,0.0,0.06944444444444443,0.0,0.0,0.004629629629629629,0.027777777777777776,0.5370370370370371,3.0
0.0,0.0,0.0,0.0,0.0,0.0,0.0,0.0,0.0,0.0,0.0,0.0,0.0,0.0,0.0,0.0,0.0,0.0,0.0,0.0,0.0,0.0,0.006944444444444444,0.006944444444444444,0.006944444444444444,0.006944444444444444,0.006944444444444444,0.006944444444444444,0.006944444444444444,0.027777777777777776,0.006944444444444444,0.006944444444444444,0.0,0.0,0.0,0.0,0.0,0.0,0.013888888888888888,0.0,0.006944444444444444,0.013888888888888888,0.0,0.05555555555555555,0.5694444444444444,4.0
0.0,0.0,0.0,0.0,0.0,0.0,0.0,0.0,0.0,0.0,0.0,0.0,0.0,0.003968253968253968,0.003968253968253968,0.003968253968253968,0.003968253968253968,0.003968253968253968,0.007936507936507936,0.013888888888888888,0.013888888888888888,0.013888888888888888,0.0,0.0,0.0,0.0,0.0,0.0,0.007936507936507936,0.003968253968253968,0.0,0.003968253968253968,0.0,0.0,0.0,0.029761904761904757,0.0,0.0,0.0,0.0,0.003968253968253968,0.0,0.0,0.041666666666666664,0.4226190476190476,5.0
0.0,0.0,0.0,0.0,0.0,0.0,0.0,0.0,0.0,0.0,0.009259259259259259,0.009259259259259259,0.009259259259259259,0.0,0.0,0.0,0.009259259259259259,0.009259259259259259,0.0,0.0,0.0,0.009259259259259259,0.0,0.0,0.0,0.0,0.0,0.0,0.0,0.0,0.0,0.009259259259259259,0.0,0.004629629629629629,0.0,0.0,0.0,0.0,0.0,0.0,0.013888888888888888,0.013888888888888888,0.04398148148148148,0.02777777777777778,0.4976851851851852,6.0
0.0,0.0,0.0,0.0,0.0,0.0,0.0,0.0,0.004629629629629629,0.013888888888888888,0.0,0.0,0.0,0.0,0.0,0.0,0.0,0.0,0.027777777777777776,0.0,0.0,0.0,0.0,0.0,0.0,0.0,0.0,0.0,0.0,0.0,0.0,0.027777777777777776,0.0,0.0,0.013888888888888888,0.041666666666666664,0.0,0.0,0.0,0.004629629629629629,0.0,0.0,0.0,0.018518518518518517,0.513888888888889,7.0
0.0,0.0,0.0,0.0,0.0,0.0,0.0,0.013888888888888888,0.0,0.0,0.0,0.0,0.0,0.0,0.0,0.0,0.0,0.0,0.006944444444444444,0.0,0.0,0.0,0.0,0.0,0.0,0.0,0.0,0.013888888888888888,0.027777777777777776,0.013888888888888888,0.0,0.006944444444444444,0.0,0.0,0.0,0.006944444444444444,0.0,0.0,0.0,0.0,0.0,0.0,0.006944444444444444,0.041666666666666664,0.611111111111111,8.0
0.0,0.0,0.0,0.027777777777777776,0.027777777777777776,0.027777777777777776,0.027777777777777776,0.0,0.0,0.0,0.0,0.0,0.0,0.0,0.0,0.0,0.0,0.0,0.0,0.0,0.0,0.0,0.0,0.0,0.0,0.0,0.0,0.0,0.006944444444444444,0.0,0.0,0.0,0.0,0.0,0.006944444444444444,0.0,0.05555555555555555,0.0,0.006944444444444444,0.006944444444444444,0.006944444444444444,0.0,0.0,0.027777777777777776,0.2708333333333333,9.0
0.0,0.0,0.0,0.0,0.0,0.0,0.027777777777777776,0.0,0.013888888888888888,0.0,0.0,0.0,0.0,0.0,0.0,0.013888888888888888,0.0,0.0,0.0,0.0,0.0,0.0,0.0,0.0,0.0,0.0,0.027777777777777776,0.0,0.013888888888888888,0.0,0.0,0.0,0.0,0.0,0.009259259259259259,0.0,0.0,0.0,0.0,0.0,0.0,0.0,0.0,0.08796296296296297,0.47222222222222215,10.0
0.0,0.0,0.0,0.0,0.0,0.0,0.0,0.0,0.0,0.0,0.0,0.0,0.0,0.0,0.0,0.0,0.0,0.0,0.0,0.0,0.0,0.0,0.0,0.0,0.0,0.0,0.0,0.0,0.0,0.0,0.0,0.0,0.0,0.0,0.0,0.027777777777777776,0.0,0.0,0.0,0.0,0.027777777777777776,0.032407407407407406,0.0,0.032407407407407406,0.21296296296296294,11.0
0.0,0.0,0.0,0.0,0.0,0.0,0.0,0.013888888888888888,0.0,0.0,0.0,0.0,0.0,0.0,0.0,0.0,0.0,0.0,0.0,0.0,0.0,0.0,0.0,0.0,0.0,0.0,0.0,0.0,0.0,0.0,0.0,0.0,0.0,0.0,0.004629629629629629,0.0,0.0,0.0,0.0,0.0,0.0,0.041666666666666664,0.027777777777777776,0.032407407407407406,0.3796296296296296,12.0
0.006944444444444444,0.027777777777777776,0.027777777777777776,0.0,0.0,0.0,0.0,0.0,0.0,0.0,0.0,0.0,0.0,0.0,0.0,0.0,0.0,0.0,0.0,0.0,0.0,0.0,0.0,0.0,0.0,0.0,0.0,0.0,0.0,0.0,0.0,0.0,0.027777777777777776,0.0,0.027777777777777776,0.0,0.0,0.0,0.0,0.0,0.0,0.0,0.0,0.013888888888888888,0.2847222222222222,13.0
