iss,ssg,sgg,ccs,css,jss,gss,sss,TimeFactor
0.0,0.0,0.0,0.0,0.0,0.0,0.027777777777777776,0.2222222222222222,1.0
0.0,0.0,0.0,0.0,0.0,0.027777777777777776,0.0,0.05555555555555555,2.0
0.0,0.0,0.0,0.0,0.0,0.0,0.0,0.0,3.0
0.0,0.0,0.0,0.013888888888888888,0.013888888888888888,0.0,0.0,0.05555555555555555,4.0
0.0,0.0,0.0,0.0,0.0,0.0,0.0,0.0,5.0
0.0,0.0,0.0,0.0,0.027777777777777776,0.0,0.0,0.05555555555555555,6.0
0.0,0.027777777777777776,0.027777777777777776,0.0,0.0,0.027777777777777776,0.0,0.16666666666666666,7.0
0.0,0.0,0.0,0.0,0.0,0.0,0.0,0.08333333333333333,8.0
0.027777777777777776,0.0,0.0,0.0,0.0,0.0,0.0,0.05555555555555555,9.0
0.0,0.0,0.0,0.0,0.0,0.0,0.0,0.0,10.0
0.0,0.0,0.0,0.0,0.0,0.0,0.0,0.0,11.0
0.0,0.0,0.0,0.0,0.0,0.0,0.0,0.0,12.0
0.0,0.0,0.0,0.0,0.0,0.0,0.0,0.0,13.0
