ii,si,es,is,hs,os,cs,gs,js,ss,TimeFactor
0.0,0.0,0.0,0.0,0.0,0.010416666666666666,0.020833333333333332,0.020833333333333332,0.05381944444444445,0.6440972222222222,1.0
0.0,0.0,0.0,0.0,0.0,0.0,0.0,0.0,0.020833333333333332,0.0625,2.0
0.0,0.0,0.0,0.010416666666666666,0.020833333333333332,0.0,0.0,0.013888888888888888,0.0625,0.3923611111111111,3.0
0.0,0.0,0.0,0.010416666666666666,0.0,0.020833333333333332,0.0,0.005208333333333333,0.03125,0.265625,4.0
0.0,0.0,0.0,0.0,0.0,0.0,0.020833333333333332,0.0,0.0,0.22916666666666666,5.0
0.0,0.0,0.0,0.020833333333333332,0.0,0.0,0.020833333333333332,0.020833333333333332,0.0,0.3541666666666667,6.0
0.0,0.0,0.0,0.0,0.0,0.0,0.020833333333333332,0.0,0.0,0.14583333333333334,7.0
0.0,0.0,0.020833333333333332,0.0,0.0,0.0,0.0,0.041666666666666664,0.020833333333333332,0.25,8.0
0.0,0.0,0.0,0.0,0.0,0.0,0.020833333333333332,0.0,0.0,0.0625,9.0
0.020833333333333332,0.020833333333333332,0.0,0.0,0.0,0.0,0.0,0.020833333333333332,0.041666666666666664,0.14583333333333334,10.0
0.0,0.0,0.0,0.0,0.0,0.0,0.020833333333333332,0.0,0.0,0.0625,11.0
0.0,0.0,0.0,0.0,0.0,0.0,0.010416666666666666,0.0,0.0,0.07291666666666667,12.0
0.0,0.0,0.0,0.0,0.0,0.0,0.020833333333333332,0.0,0.020833333333333332,0.125,13.0
