sjs,gsg,ogs,ssg,shs,ges,gis,jgs,gsi,jis,ssc,igi,sgs,scs,his,ggs,ess,sis,hss,oss,jss,css,iss,gss,sss,TimeFactor
0.0,0.0,0.0,0.0,0.0,0.0,0.0,0.0,0.0,0.0,0.0,0.0033333333333333335,0.003472222222222222,0.003787878787878788,0.003968253968253968,0.003968253968253968,0.007936507936507936,0.010198135198135198,0.010388007054673722,0.017203548085901025,0.05675321138556433,0.08017621267621268,0.08290121008258264,0.23432102120827614,0.4815922040922041,1.0
0.0,0.0,0.0,0.0,0.0,0.0,0.0,0.0,0.0,0.004901960784313725,0.005952380952380952,0.0,0.0,0.0,0.0,0.0,0.014161220043572986,0.006944444444444444,0.03664799253034547,0.0305302676626206,0.06299603174603174,0.12399821039526922,0.12631302521008403,0.08594479458450045,0.5016096716464363,2.0
0.0,0.0,0.0,0.0,0.0,0.0,0.0,0.008333333333333333,0.016666666666666666,0.0,0.0,0.0,0.0,0.0,0.0,0.0,0.0,0.0,0.022619047619047622,0.054713804713804715,0.14755291005291007,0.15330988455988456,0.09712301587301586,0.04993386243386242,0.4497474747474748,3.0
0.0,0.0,0.0,0.0,0.0,0.007575757575757576,0.041666666666666664,0.0,0.0,0.0,0.0,0.0,0.017992424242424244,0.0,0.0,0.0,0.024242424242424242,0.011904761904761904,0.008333333333333333,0.054202741702741704,0.13301767676767676,0.12093045843045841,0.06622960372960372,0.11787795537795538,0.396026196026196,4.0
0.0,0.0,0.0,0.0,0.005952380952380952,0.0,0.0,0.0,0.0,0.0,0.0,0.0,0.0,0.0,0.0,0.005952380952380952,0.027777777777777776,0.004166666666666667,0.017063492063492062,0.011904761904761904,0.11111111111111112,0.06937830687830687,0.15162037037037038,0.060218253968253976,0.5348544973544974,5.0
0.0,0.0,0.0,0.020833333333333332,0.0,0.0,0.0,0.0,0.0,0.0,0.0,0.0,0.0,0.0,0.0,0.041666666666666664,0.0,0.0,0.0,0.03511904761904761,0.052976190476190475,0.03125,0.11646825396825396,0.21607142857142858,0.48561507936507936,6.0
0.0,0.0,0.008333333333333333,0.0,0.0,0.0,0.0,0.0,0.011904761904761904,0.0,0.0,0.0,0.008333333333333333,0.0,0.0,0.0,0.008333333333333333,0.0,0.0,0.0488095238095238,0.07407407407407407,0.039914021164021166,0.07215608465608465,0.11403018278018279,0.6141113516113517,7.0
0.0,0.0,0.0,0.0,0.0,0.0,0.0,0.016666666666666666,0.0,0.0,0.0,0.0,0.0,0.0,0.0,0.0,0.0,0.04258040935672514,0.027083333333333334,0.031469298245614036,0.07705896686159844,0.051388888888888894,0.12452485380116958,0.08587962962962963,0.5433479532163743,8.0
0.0,0.008333333333333333,0.0,0.0,0.0,0.010416666666666666,0.0,0.0,0.0,0.0,0.0,0.0,0.0,0.0,0.0,0.008333333333333333,0.013888888888888888,0.004166666666666667,0.019444444444444445,0.024305555555555552,0.09175925925925926,0.1761574074074074,0.13921957671957672,0.14121693121693124,0.3627579365079365,9.0
0.0,0.0,0.0,0.0,0.0,0.0,0.0,0.0,0.0,0.0,0.0,0.0,0.0,0.0,0.0,0.0,0.008333333333333333,0.0,0.008333333333333333,0.06296296296296296,0.03361742424242425,0.03963594276094276,0.15838594276094276,0.15490319865319865,0.5338278619528619,10.0
0.0,0.0,0.0,0.0,0.0,0.0,0.0,0.011904761904761904,0.0,0.0,0.0,0.0,0.0,0.0,0.0,0.0,0.01814814814814815,0.0,0.023606023606023607,0.05357142857142857,0.12936507936507935,0.08721001221001222,0.060664428164428165,0.07016178266178265,0.4620350020350021,11.0
0.006410256410256411,0.0,0.0,0.0,0.0,0.0,0.0,0.0,0.0,0.0,0.0,0.0,0.0,0.0,0.0,0.0,0.0,0.0,0.04861111111111111,0.016826923076923076,0.04282407407407407,0.09567669530904825,0.09392806267806268,0.13235103676280147,0.5633718405777229,12.0
0.0,0.007575757575757576,0.0,0.0,0.0,0.0,0.0,0.0,0.0,0.0,0.0,0.0,0.025507478632478636,0.0,0.0,0.006410256410256411,0.007575757575757576,0.0,0.01566951566951567,0.007575757575757576,0.12805377492877493,0.07411858974358974,0.08511396011396011,0.06491193991193991,0.49415387852887854,13.0
