js,os,si,is,gs,ss,TimeFactor
0.0,0.0,0.013888888888888888,0.013888888888888888,0.013888888888888888,0.041666666666666664,1.0
0.0,0.0,0.0,0.0,0.0,0.0,2.0
0.0,0.0,0.0,0.0,0.0,0.0,3.0
0.0,0.0,0.0,0.0,0.0,0.0,4.0
0.0,0.0,0.0,0.0,0.0,0.0,5.0
0.0,0.0,0.0,0.0,0.0,0.0,6.0
0.0,0.0,0.0,0.0,0.013888888888888888,0.06944444444444445,7.0
0.0,0.010416666666666666,0.0,0.0,0.0,0.07291666666666667,8.0
0.0,0.0,0.0,0.0,0.0,0.0,9.0
0.013888888888888888,0.0,0.0,0.0,0.0,0.06944444444444445,10.0
0.0,0.013888888888888888,0.0,0.0,0.0,0.06944444444444445,11.0
0.013888888888888888,0.0,0.0,0.0,0.0,0.06944444444444445,12.0
0.0,0.0,0.0,0.0,0.0,0.0,13.0
