se,jg,sj,sg,so,cc,si,es,os,gs,hs,is,cs,js,ss,TimeFactor
0.0,0.0,0.0,0.0,0.0,0.0021929824561403508,0.003472222222222222,0.009273592477926843,0.013182261208576997,0.014025054466230938,0.020725834193326454,0.07833283167067996,0.10118822382754271,0.11473383212934296,0.5595398320146772,1.0
0.0,0.0,0.0,0.002976190476190476,0.020833333333333332,0.0,0.005208333333333333,0.007142857142857143,0.05604332010582011,0.06473214285714286,0.01400462962962963,0.10442294973544974,0.04912367724867724,0.04361772486772486,0.5485615079365079,2.0
0.0,0.0,0.0,0.020833333333333332,0.0,0.0,0.0,0.0,0.03514957264957265,0.06570512820512821,0.010416666666666666,0.06909722222222221,0.06917735042735042,0.055288461538461536,0.5909989316239316,3.0
0.0,0.0,0.0,0.0023148148148148147,0.0,0.0,0.0,0.012731481481481483,0.012731481481481483,0.011574074074074075,0.0023148148148148147,0.08745791245791246,0.0431547619047619,0.08731962481962481,0.6570677008177008,4.0
0.0,0.0,0.0,0.0,0.0,0.0,0.0,0.008333333333333333,0.022222222222222223,0.029166666666666664,0.006944444444444444,0.07708333333333334,0.029166666666666664,0.020833333333333332,0.55625,5.0
0.0,0.0,0.005208333333333333,0.0,0.0,0.0,0.0,0.0,0.03125,0.010416666666666666,0.044444444444444446,0.010416666666666666,0.10555555555555557,0.027777777777777776,0.5149305555555556,6.0
0.0,0.0,0.0,0.0,0.0,0.0,0.0,0.005952380952380952,0.01736111111111111,0.01984126984126984,0.006944444444444444,0.0735479797979798,0.03542117604617604,0.08761724386724386,0.6699810606060607,7.0
0.0,0.0,0.0,0.0,0.0,0.0,0.0,0.010416666666666666,0.0,0.061342592592592594,0.0,0.06851851851851852,0.045370370370370366,0.052314814814814814,0.42870370370370364,8.0
0.0,0.0,0.0,0.0,0.0,0.0,0.0,0.0,0.10416666666666667,0.07539682539682539,0.017526455026455025,0.011904761904761904,0.017526455026455025,0.027777777777777776,0.6623677248677248,9.0
0.0,0.0,0.0,0.0,0.0,0.0,0.0,0.005208333333333333,0.03472222222222222,0.08877314814814814,0.05034722222222222,0.08298611111111111,0.015046296296296295,0.07175925925925926,0.5678240740740741,10.0
0.0,0.0,0.0,0.0,0.0,0.0,0.0,0.004629629629629629,0.049999999999999996,0.009837962962962963,0.012962962962962963,0.04270833333333333,0.03113425925925926,0.029166666666666664,0.4028935185185185,11.0
0.0,0.004166666666666667,0.0,0.0,0.0,0.0,0.0,0.0,0.008333333333333333,0.11527777777777777,0.041666666666666664,0.04583333333333334,0.025000000000000005,0.10416666666666667,0.48888888888888893,12.0
0.020833333333333332,0.008333333333333333,0.0,0.0,0.0,0.0,0.0,0.020833333333333332,0.02023809523809524,0.055952380952380955,0.02023809523809524,0.04107142857142857,0.0,0.025000000000000005,0.5375,13.0
