oc,hg,jj,oh,ci,jh,eh,ec,ji,gh,gj,je,ei,cc,gi,jg,og,sh,so,ig,cg,ii,gc,sc,gg,sj,si,os,sg,js,es,hs,cs,is,ss,gs,TimeFactor
0.0,0.0,0.0,0.0,0.0,0.0,0.0,0.0,0.0,0.0,0.0,0.0,0.0,0.0,0.0,0.0,0.0,0.0020833333333333333,0.0023809523809523807,0.004166666666666667,0.004166666666666667,0.004166666666666667,0.005555555555555556,0.006547619047619048,0.007575757575757576,0.009956709956709957,0.012957875457875459,0.015201465201465203,0.01666967291967292,0.018315018315018316,0.04534077034077034,0.04661935286935287,0.057070013320013324,0.2094403281903282,0.21774059274059274,0.3140449827949829,1.0
0.0,0.0,0.0,0.0,0.0,0.0,0.0,0.0,0.0,0.0,0.0,0.004901960784313725,0.006410256410256411,0.006410256410256411,0.006410256410256411,0.011618589743589744,0.016666666666666666,0.0,0.0,0.0,0.0,0.006410256410256411,0.0,0.0,0.009386446886446886,0.0,0.006410256410256411,0.01680672268907563,0.009386446886446886,0.03939636752136752,0.011312217194570137,0.029786220043572984,0.029786220043572984,0.2203213657257775,0.19398178074648667,0.3745977130168307,2.0
0.0,0.0,0.0,0.0,0.0,0.0,0.0,0.0,0.004629629629629629,0.008333333333333333,0.009259259259259259,0.0,0.0,0.0,0.0,0.018518518518518517,0.0,0.010416666666666666,0.0,0.0,0.008333333333333333,0.008333333333333333,0.0,0.0,0.005555555555555556,0.0,0.005747126436781609,0.02023809523809524,0.018845785440613026,0.01477832512315271,0.004629629629629629,0.07992984027466786,0.042066498316498314,0.2708875495513427,0.18338537260951052,0.2861121477500788,3.0
0.0,0.0,0.0,0.0,0.0,0.0,0.0,0.0,0.0,0.0,0.0,0.0,0.0,0.0,0.013888888888888888,0.017676767676767676,0.0,0.004901960784313725,0.0,0.0,0.0,0.0,0.0,0.008689839572192513,0.013888888888888888,0.0,0.0431547619047619,0.008235294117647058,0.018315018315018316,0.007575757575757576,0.021325757575757578,0.030454545454545456,0.020454545454545458,0.21711186689127868,0.25281319171025046,0.32151291518938574,4.0
0.0,0.0,0.0,0.0,0.0,0.003787878787878788,0.004166666666666667,0.005952380952380952,0.0,0.0,0.0,0.0,0.0,0.0,0.011904761904761904,0.013888888888888888,0.0,0.010416666666666666,0.010416666666666666,0.0,0.0,0.0,0.0,0.013888888888888888,0.0,0.0,0.007954545454545455,0.03821248196248196,0.013906926406926408,0.013888888888888888,0.009424603174603174,0.04355158730158729,0.031069624819624816,0.2673971861471861,0.23949314574314573,0.2606782106782107,5.0
0.0,0.0,0.0,0.0,0.0,0.0,0.0,0.0,0.0,0.008333333333333333,0.0,0.0,0.0,0.0,0.0,0.027777777777777776,0.0,0.0,0.0,0.01875,0.0,0.0036231884057971015,0.0,0.027777777777777776,0.0,0.03502415458937198,0.015579710144927537,0.08333333333333333,0.024456521739130432,0.025845410628019327,0.010869565217391304,0.05501207729468599,0.01288244766505636,0.2414955716586151,0.24450483091787442,0.16473429951690824,6.0
0.0,0.0,0.0,0.0,0.004629629629629629,0.0,0.0,0.0,0.009259259259259259,0.0,0.0,0.0,0.0,0.0,0.0,0.013888888888888888,0.0,0.0,0.007575757575757576,0.004629629629629629,0.0,0.0,0.0,0.009259259259259259,0.005208333333333333,0.0,0.0,0.004629629629629629,0.021464646464646464,0.006410256410256411,0.023245273245273246,0.02207977207977208,0.05739688552188552,0.27643826081326084,0.15835437710437708,0.29219680782180785,7.0
0.0,0.0,0.0,0.0,0.0,0.0,0.0,0.0,0.0,0.0,0.0,0.0,0.0,0.0,0.0,0.0,0.0,0.0,0.0,0.0,0.010416666666666666,0.0,0.0,0.0,0.005952380952380952,0.0,0.009259259259259259,0.01736111111111111,0.03869047619047619,0.025793650793650796,0.009259259259259259,0.029723748473748476,0.005952380952380952,0.18589743589743588,0.19603428978428974,0.3823260073260073,8.0
0.0,0.0,0.0,0.004166666666666667,0.0,0.0,0.0,0.0,0.0,0.0,0.0,0.0,0.0,0.0,0.004166666666666667,0.019871794871794874,0.0,0.0,0.0,0.0,0.0,0.0,0.0,0.00876068376068376,0.016666666666666666,0.0,0.0032051282051282055,0.030555555555555558,0.006181318681318681,0.013888888888888888,0.009722222222222222,0.04186507936507936,0.03917887667887668,0.21443833943833943,0.28073870573870574,0.30659340659340656,9.0
0.0,0.0,0.008333333333333333,0.0,0.0,0.0,0.0,0.0,0.0,0.0,0.0,0.0,0.0,0.0,0.0,0.020833333333333332,0.0,0.0,0.0,0.0,0.0,0.0,0.0,0.009259259259259259,0.011904761904761904,0.013888888888888888,0.02023809523809524,0.0,0.009259259259259259,0.04137205387205387,0.0,0.03981481481481482,0.079503367003367,0.17973785473785475,0.26654641654641653,0.2993085618085618,10.0
0.0,0.011904761904761904,0.010416666666666666,0.0,0.0,0.0,0.0,0.0,0.0,0.0,0.0,0.0,0.0,0.0,0.0,0.011904761904761904,0.0,0.0,0.0,0.0,0.0,0.0,0.0,0.08333333333333333,0.0,0.011904761904761904,0.024242424242424242,0.008333333333333333,0.04723182283666155,0.01590909090909091,0.018006799493991147,0.05773978946417276,0.03704481792717087,0.1322269352511288,0.3212622463452634,0.20853845448247724,11.0
0.0,0.0,0.0,0.0,0.0,0.0043859649122807015,0.0,0.0,0.005952380952380952,0.0,0.0,0.0,0.0,0.0,0.0,0.0043859649122807015,0.007575757575757576,0.0,0.0,0.0,0.0,0.0,0.0,0.0,0.0,0.011904761904761904,0.0124777183600713,0.008771929824561403,0.03117167919799499,0.013528138528138528,0.021568627450980395,0.0334864940128098,0.0662684451771139,0.09475746704848871,0.25304497131122516,0.43071969883115396,12.0
0.007575757575757576,0.0,0.0,0.0,0.0,0.0,0.0,0.0,0.0,0.0,0.0,0.0,0.0,0.0,0.020833333333333332,0.003787878787878788,0.0,0.0,0.0,0.0,0.0,0.0,0.0,0.003787878787878788,0.0,0.0,0.020454545454545458,0.03614718614718615,0.03333333333333333,0.003787878787878788,0.013131313131313133,0.019675925925925927,0.03156565656565657,0.19551767676767676,0.2288179413179413,0.3815836940836941,13.0
