ggs,jgs,sos,ess,ics,gse,sis,sgs,gij,hss,oss,css,jss,iss,gss,sss,TimeFactor
0.0,0.0,0.0,0.0,0.0,0.005208333333333333,0.005208333333333333,0.005208333333333333,0.010416666666666666,0.010416666666666666,0.01909722222222222,0.030555555555555558,0.03333333333333333,0.03819444444444444,0.1337121212121212,0.5419823232323232,1.0
0.0,0.0,0.0,0.0,0.0,0.0,0.0,0.0,0.0,0.0,0.0,0.0,0.011904761904761904,0.011904761904761904,0.1488095238095238,0.41071428571428575,2.0
0.0,0.0,0.0,0.0,0.0,0.0,0.0,0.0,0.0,0.0,0.0,0.0,0.0,0.0,0.14924242424242426,0.6007575757575757,3.0
0.0,0.0,0.0,0.004629629629629629,0.027777777777777776,0.0,0.0,0.0,0.0,0.0,0.0,0.0032051282051282055,0.006410256410256411,0.09935897435897435,0.056623931623931624,0.551994301994302,4.0
0.0,0.0,0.0,0.0,0.0,0.0,0.0,0.0,0.0,0.0,0.041666666666666664,0.013888888888888888,0.027777777777777776,0.0,0.0,0.6666666666666666,5.0
0.0,0.0,0.0,0.0,0.0,0.0,0.0,0.006944444444444444,0.0,0.0,0.0,0.0,0.0,0.027777777777777776,0.07718253968253969,0.5547619047619047,6.0
0.0,0.0,0.0,0.0,0.0,0.0,0.0,0.007575757575757576,0.0,0.0,0.007575757575757576,0.0,0.007575757575757576,0.008333333333333333,0.030982905982905984,0.687956487956488,7.0
0.0,0.0,0.0,0.0,0.0,0.0,0.0,0.0,0.0,0.0,0.0,0.024621212121212124,0.0,0.0,0.02840909090909091,0.6969696969696969,8.0
0.0,0.0,0.009259259259259259,0.009259259259259259,0.0,0.0,0.009259259259259259,0.0,0.0,0.010416666666666666,0.009259259259259259,0.0,0.016666666666666666,0.0,0.03898809523809524,0.7302248677248677,9.0
0.0,0.016666666666666666,0.0,0.0,0.0,0.0,0.0,0.016666666666666666,0.0,0.0,0.0,0.0,0.0,0.004629629629629629,0.009941520467836256,0.6187621832358674,10.0
0.0,0.0,0.0,0.016666666666666666,0.0,0.0,0.0,0.0,0.0,0.0,0.006944444444444444,0.0,0.016666666666666666,0.0,0.04728835978835979,0.4957671957671957,11.0
0.010416666666666666,0.0,0.0,0.0,0.0,0.0,0.0,0.0,0.0,0.0,0.03125,0.010416666666666666,0.0,0.027083333333333334,0.03819444444444444,0.6326388888888889,12.0
0.0,0.0,0.0,0.0,0.0,0.0,0.0,0.0,0.0,0.0,0.0,0.011904761904761904,0.018315018315018316,0.011904761904761904,0.040394790394790395,0.4174806674806675,13.0
