sso,soo,ssg,jss,csg,esg,sgg,scs,hss,gii,iig,gsg,sgs,css,gss,iss,oss,sss,TimeFactor
0.0,0.0,0.0,0.0,0.0,0.0,0.0,0.0,0.0,0.013888888888888888,0.013888888888888888,0.013888888888888888,0.013888888888888888,0.020833333333333332,0.027777777777777776,0.03472222222222222,0.041666666666666664,0.23611111111111113,1.0
0.0,0.0,0.0,0.0,0.0,0.0,0.0,0.0,0.041666666666666664,0.0,0.0,0.0,0.0,0.0,0.0,0.0625,0.0,0.14583333333333334,2.0
0.0,0.0,0.0,0.0,0.0,0.0,0.0,0.041666666666666664,0.041666666666666664,0.0,0.0,0.013888888888888888,0.013888888888888888,0.07638888888888888,0.05555555555555555,0.0,0.020833333333333332,0.23611111111111108,3.0
0.0,0.0,0.0,0.0,0.0,0.041666666666666664,0.041666666666666664,0.0,0.0,0.0,0.0,0.020833333333333332,0.020833333333333332,0.041666666666666664,0.0,0.041666666666666664,0.041666666666666664,0.25,4.0
0.0,0.0,0.0,0.0,0.020833333333333332,0.0,0.020833333333333332,0.0,0.0,0.0,0.0,0.0,0.013888888888888888,0.0,0.013888888888888888,0.0,0.0,0.18055555555555555,5.0
0.0,0.0,0.0,0.0,0.0,0.0,0.0,0.0,0.041666666666666664,0.0,0.0,0.0,0.0,0.0,0.0,0.0,0.0625,0.22916666666666666,6.0
0.0,0.0,0.0,0.041666666666666664,0.0,0.0,0.0,0.0,0.0,0.0,0.0,0.0,0.0,0.0,0.0,0.0,0.125,0.4166666666666667,7.0
0.0,0.0,0.0,0.0,0.0,0.0,0.020833333333333332,0.0,0.0,0.0,0.0,0.020833333333333332,0.0,0.0,0.0625,0.0,0.013888888888888888,0.2152777777777778,8.0
0.0,0.0,0.0,0.0,0.0,0.0,0.0,0.0,0.0,0.0,0.0,0.0,0.0,0.020833333333333332,0.020833333333333332,0.020833333333333332,0.041666666666666664,0.22916666666666666,9.0
0.013888888888888888,0.013888888888888888,0.041666666666666664,0.0,0.0,0.0,0.041666666666666664,0.0,0.0,0.0,0.0,0.0,0.0,0.0,0.03472222222222222,0.020833333333333332,0.013888888888888888,0.06944444444444443,10.0
0.0,0.0,0.0,0.0,0.0,0.0,0.0,0.0,0.020833333333333332,0.0,0.0,0.0,0.0,0.0,0.0625,0.020833333333333332,0.0,0.22916666666666666,11.0
0.0,0.0,0.0,0.0,0.0,0.0,0.0,0.0,0.0,0.0,0.0,0.0,0.0,0.0,0.020833333333333332,0.020833333333333332,0.0,0.041666666666666664,12.0
0.0,0.0,0.0,0.0,0.0,0.0,0.0,0.0,0.0,0.0,0.0,0.0,0.041666666666666664,0.0,0.08333333333333333,0.0,0.0,0.125,13.0
