hss,ess,ocs,sos,css,sis,iss,jss,oss,gss,sss,TimeFactor
0.0,0.0,0.0,0.0,0.0,0.013888888888888888,0.027777777777777776,0.041666666666666664,0.041666666666666664,0.041666666666666664,0.16666666666666666,1.0
0.0,0.0,0.0,0.0,0.0,0.0,0.0,0.0,0.0,0.041666666666666664,0.041666666666666664,2.0
0.0,0.020833333333333332,0.041666666666666664,0.041666666666666664,0.041666666666666664,0.0,0.041666666666666664,0.0,0.10416666666666667,0.0,0.20833333333333334,3.0
0.0,0.0,0.0,0.0,0.041666666666666664,0.0,0.0,0.0,0.0,0.0,0.125,4.0
0.0,0.0,0.0,0.0,0.0,0.0,0.0,0.0,0.0,0.0,0.16666666666666666,5.0
0.0625,0.0,0.0,0.0,0.0625,0.0,0.041666666666666664,0.0,0.0,0.041666666666666664,0.20833333333333334,6.0
0.0,0.0,0.0,0.0,0.0,0.0,0.041666666666666664,0.0,0.0,0.0,0.041666666666666664,7.0
0.0,0.0,0.0,0.0,0.020833333333333332,0.0,0.0,0.0,0.041666666666666664,0.020833333333333332,0.08333333333333333,8.0
0.0,0.0,0.0,0.0,0.0,0.0,0.0,0.0,0.041666666666666664,0.041666666666666664,0.08333333333333333,9.0
0.0,0.0,0.0,0.0,0.0,0.0,0.041666666666666664,0.041666666666666664,0.0,0.0,0.16666666666666666,10.0
0.0,0.0,0.0,0.0,0.041666666666666664,0.0,0.0,0.0,0.0,0.0,0.041666666666666664,11.0
0.0,0.0,0.0,0.0,0.0,0.0,0.041666666666666664,0.0,0.0,0.041666666666666664,0.3333333333333333,12.0
0.0,0.0,0.0,0.0,0.0,0.0,0.0,0.0,0.0,0.041666666666666664,0.125,13.0
