css,iss,ssg,sgg,oss,ggg,jss,sss,TimeFactor
0.0,0.0,0.0,0.0,0.0,0.0,0.0,0.0,1.0
0.0,0.0,0.0,0.0,0.0,0.0,0.016666666666666666,0.15,2.0
0.0,0.0,0.0,0.0,0.0,0.0,0.016666666666666666,0.06666666666666667,3.0
0.0,0.0,0.013888888888888888,0.013888888888888888,0.016666666666666666,0.027777777777777776,0.0,0.09444444444444444,4.0
0.0,0.0,0.0,0.0,0.0,0.0,0.0,0.0,5.0
0.0,0.008333333333333333,0.0,0.0,0.0,0.0,0.016666666666666666,0.1416666666666667,6.0
0.0,0.0,0.0,0.0,0.0,0.0,0.0,0.08333333333333333,7.0
0.0,0.0,0.0,0.0,0.0,0.0,0.0,0.08333333333333333,8.0
0.0,0.0,0.0,0.0,0.016666666666666666,0.0,0.0,0.2333333333333333,9.0
0.016666666666666666,0.0,0.0,0.0,0.0,0.0,0.0,0.15,10.0
0.0,0.0,0.0,0.0,0.0,0.0,0.0,0.0,11.0
0.016666666666666666,0.0,0.0,0.0,0.0,0.0,0.016666666666666666,0.13333333333333333,12.0
0.0,0.0,0.0,0.0,0.0,0.0,0.0,0.08333333333333333,13.0
