os,js,so,gs,ss,TimeFactor
0.016666666666666666,0.016666666666666666,0.016666666666666666,0.016666666666666666,0.10000000000000002,1.0
0.0,0.0,0.0,0.0,0.08333333333333333,2.0
0.0,0.0,0.0,0.0,0.0,3.0
0.0,0.0,0.0,0.0,0.0,4.0
0.0,0.0,0.0,0.0,0.08333333333333333,5.0
0.0,0.0,0.0,0.0,0.08333333333333333,6.0
0.0,0.0,0.0,0.0,0.0,7.0
0.0,0.0,0.0,0.016666666666666666,0.06666666666666667,8.0
0.0,0.0,0.0,0.0,0.08333333333333333,9.0
0.0,0.0,0.0,0.0,0.0,10.0
0.0,0.0,0.0,0.0,0.08333333333333333,11.0
0.0,0.0,0.0,0.0,0.0,12.0
0.0,0.0,0.0,0.016666666666666666,0.06666666666666667,13.0
