gi,gg,sg,sc,is,cs,os,js,gs,hs,ss,TimeFactor
0.0,0.0,0.0,0.0,0.0,0.0,0.0,0.0,0.0,0.011363636363636364,0.17045454545454544,1.0
0.0,0.0,0.0,0.0,0.0,0.0,0.0,0.0,0.011363636363636364,0.0,0.07954545454545454,2.0
0.0,0.0,0.0,0.0,0.0,0.0,0.022727272727272728,0.045454545454545456,0.022727272727272728,0.0,0.36363636363636365,3.0
0.0,0.0,0.0,0.022727272727272728,0.022727272727272728,0.06818181818181818,0.0,0.022727272727272728,0.0,0.0,0.22727272727272727,4.0
0.0,0.0,0.0,0.0,0.0,0.0,0.0,0.0,0.0,0.0,0.18181818181818182,5.0
0.0,0.0,0.0,0.0,0.0,0.0,0.022727272727272728,0.0,0.0,0.0,0.06818181818181818,6.0
0.0,0.0,0.0,0.0,0.0,0.0,0.022727272727272728,0.0,0.0,0.0,0.06818181818181818,7.0
0.011363636363636364,0.022727272727272728,0.022727272727272728,0.0,0.0,0.0,0.022727272727272728,0.0,0.011363636363636364,0.0,0.09090909090909091,8.0
0.0,0.0,0.0,0.0,0.0,0.03409090909090909,0.011363636363636364,0.0,0.0,0.0,0.13636363636363635,9.0
0.0,0.0,0.0,0.0,0.0,0.0,0.0,0.0,0.0,0.0,0.0,10.0
0.0,0.0,0.0,0.0,0.0,0.0,0.0,0.0,0.022727272727272728,0.022727272727272728,0.13636363636363635,11.0
0.0,0.0,0.0,0.0,0.0,0.0,0.0,0.0,0.0,0.0,0.0,12.0
0.0,0.0,0.0,0.0,0.0,0.0,0.0,0.0,0.0,0.0,0.09090909090909091,13.0
