sgg,ssg,hss,jhs,sjh,oss,jss,css,iss,gss,sss,TimeFactor
0.0,0.0,0.0,0.0,0.0,0.0,0.0,0.0,0.013888888888888888,0.08333333333333333,0.3194444444444444,1.0
0.0,0.0,0.0,0.0,0.0,0.0,0.027777777777777776,0.027777777777777776,0.0,0.027777777777777776,0.24999999999999997,2.0
0.0,0.0,0.0,0.0,0.0,0.0,0.0,0.027777777777777776,0.0,0.027777777777777776,0.19444444444444442,3.0
0.0,0.0,0.0,0.0,0.0,0.0,0.0,0.0,0.0,0.0,0.0,4.0
0.0,0.0,0.0,0.0,0.0,0.0,0.027777777777777776,0.0,0.0,0.027777777777777776,0.19444444444444442,5.0
0.0,0.0,0.0,0.0,0.0,0.0,0.05555555555555555,0.0,0.027777777777777776,0.0,0.16666666666666666,6.0
0.0,0.0,0.0,0.0,0.0,0.0,0.0,0.0,0.0,0.0,0.0,7.0
0.0,0.0,0.0,0.0,0.0,0.027777777777777776,0.0,0.027777777777777776,0.0,0.05555555555555555,0.2222222222222222,8.0
0.0,0.0,0.027777777777777776,0.027777777777777776,0.027777777777777776,0.013888888888888888,0.0,0.0,0.0,0.0,0.3194444444444445,9.0
0.0,0.0,0.0,0.0,0.0,0.0,0.0,0.0,0.0,0.027777777777777776,0.05555555555555555,10.0
0.0,0.0,0.0,0.0,0.0,0.0,0.013888888888888888,0.0,0.0,0.0,0.06944444444444445,11.0
0.027777777777777776,0.027777777777777776,0.0,0.0,0.0,0.0,0.0,0.0,0.0,0.0,0.1111111111111111,12.0
0.0,0.0,0.0,0.0,0.0,0.013888888888888888,0.013888888888888888,0.0,0.0,0.0,0.13888888888888887,13.0
