gc,ii,gj,hi,sh,ji,go,cg,ci,se,so,hg,sc,sj,eg,gi,ei,ig,si,js,jo,gg,jh,os,es,jg,sg,hs,cs,ss,is,gs,TimeFactor
0.0,0.0,0.0,0.0,0.0,0.0,0.0,0.0,0.0,0.0,0.0,0.0,0.0,0.0,0.0,0.0,0.0,0.0,0.0,0.0,0.0025252525252525255,0.0025252525252525255,0.006410256410256411,0.008333333333333333,0.008333333333333333,0.010416666666666666,0.015345765345765346,0.026325757575757575,0.07072002072002072,0.11575854700854699,0.20467657342657344,0.36196257446257446,1.0
0.0,0.0,0.0,0.0,0.0,0.0,0.0,0.0,0.0,0.0,0.0033333333333333335,0.005952380952380952,0.005952380952380952,0.005952380952380952,0.007575757575757576,0.007575757575757576,0.008333333333333333,0.008333333333333333,0.013888888888888888,0.013888888888888888,0.0,0.0,0.0,0.024797979797979795,0.0275,0.0,0.03190476190476191,0.018571428571428572,0.015238095238095238,0.21993867243867246,0.09801587301587301,0.23324675324675323,2.0
0.0,0.0,0.0,0.0,0.0,0.0,0.008333333333333333,0.016666666666666666,0.020833333333333332,0.020833333333333332,0.0,0.0,0.0,0.0,0.0,0.013888888888888888,0.0,0.0,0.0,0.05238095238095238,0.0,0.004166666666666667,0.0,0.016666666666666666,0.02638888888888889,0.0,0.11607142857142856,0.0,0.008134920634920636,0.15515873015873016,0.07599206349206349,0.214484126984127,3.0
0.0,0.0,0.0,0.0,0.0,0.0033333333333333335,0.0,0.0,0.0,0.0,0.0043859649122807015,0.0,0.0,0.025793650793650796,0.0033333333333333335,0.013888888888888888,0.0,0.0,0.0033333333333333335,0.0,0.0,0.013888888888888888,0.0,0.0,0.021904761904761903,0.0033333333333333335,0.01962406015037594,0.006666666666666667,0.0033333333333333335,0.31222639933166246,0.1302046783625731,0.18474937343358397,4.0
0.0,0.0,0.0,0.0026041666666666665,0.004629629629629629,0.0,0.0,0.0,0.0,0.0,0.007575757575757576,0.0,0.0026041666666666665,0.0,0.0,0.0026041666666666665,0.0,0.0,0.005208333333333333,0.009259259259259259,0.0,0.005208333333333333,0.0,0.011904761904761904,0.04056186868686868,0.0,0.09982638888888888,0.01450892857142857,0.021164021164021163,0.1810102513227513,0.06873421717171717,0.2725957491582492,5.0
0.0,0.0,0.011904761904761904,0.0,0.0,0.0,0.0,0.0,0.0,0.0,0.017857142857142856,0.011904761904761904,0.013888888888888888,0.0024509803921568627,0.0,0.0,0.0,0.0,0.003968253968253968,0.011544011544011544,0.0,0.011710239651416121,0.0,0.053376906318082784,0.030034235916588856,0.0,0.018323996265172737,0.006419234360410832,0.0642896047307812,0.28932709447415333,0.05232648615001556,0.23400673400673402,6.0
0.0,0.0,0.0,0.0,0.0,0.0,0.0,0.0,0.0,0.0,0.009259259259259259,0.0,0.032780764635603345,0.041666666666666664,0.0,0.0,0.0,0.0,0.016203703703703703,0.0026881720430107525,0.0,0.013888888888888888,0.0,0.04270139955623826,0.016577060931899642,0.0,0.015008960573476704,0.01194743130227001,0.023521505376344082,0.30717699266086357,0.11864225977129202,0.18127026796381637,7.0
0.0,0.0,0.0,0.0,0.0,0.0,0.0,0.0,0.0,0.008333333333333333,0.004166666666666667,0.0,0.004166666666666667,0.0,0.0,0.0,0.0,0.008333333333333333,0.0,0.005208333333333333,0.0,0.0,0.0,0.020833333333333332,0.03273809523809524,0.0,0.16374007936507937,0.015625,0.027529761904761904,0.23606150793650793,0.05322420634920635,0.17003968253968252,8.0
0.0,0.0,0.0,0.0,0.0,0.0,0.0,0.0,0.0,0.08333333333333333,0.006944444444444444,0.0,0.027777777777777776,0.0,0.0,0.0,0.0,0.0,0.01364522417153996,0.018518518518518517,0.0,0.03009259259259259,0.0,0.1021825396825397,0.01364522417153996,0.02290448343079922,0.04348544973544973,0.032407407407407406,0.0043859649122807015,0.26390629351155664,0.0981359649122807,0.15530144806460597,9.0
0.008333333333333333,0.016666666666666666,0.0,0.0,0.005952380952380952,0.0,0.0,0.0,0.0,0.013888888888888888,0.027777777777777776,0.0,0.0,0.008333333333333333,0.0028735632183908046,0.005952380952380952,0.0,0.0,0.0028735632183908046,0.011206896551724138,0.0,0.005952380952380952,0.0,0.0,0.04542966611932129,0.0028735632183908046,0.04623015873015873,0.019540229885057474,0.022714833059660645,0.15652709359605912,0.160207991242474,0.2699986316365627,10.0
0.0,0.0,0.0,0.0,0.0,0.0,0.0,0.0043859649122807015,0.0,0.017113095238095236,0.0,0.0,0.0,0.005208333333333333,0.0,0.0043859649122807015,0.0,0.0043859649122807015,0.0,0.010416666666666666,0.0,0.0,0.0,0.0,0.01278409090909091,0.005208333333333333,0.0810663021189337,0.0,0.032957393483709276,0.289494332421964,0.15741128389154704,0.20851560719981768,11.0
0.0,0.0,0.0,0.0,0.007575757575757576,0.0,0.0,0.006944444444444444,0.0,0.0,0.0,0.0,0.0,0.0,0.0,0.0,0.0,0.0,0.016835016835016835,0.011111111111111112,0.0,0.02377946127946128,0.0,0.09409722222222222,0.013131313131313133,0.0,0.04611742424242424,0.01388888888888889,0.0,0.18523779461279458,0.04438131313131313,0.2869002525252526,12.0
0.0,0.0,0.0,0.0,0.0,0.0,0.0,0.0,0.0,0.0,0.0,0.0,0.0,0.0,0.0,0.0,0.0,0.0,0.011904761904761904,0.00992063492063492,0.0,0.03148926237161531,0.0,0.0,0.027661064425770307,0.0,0.028594771241830064,0.022619047619047622,0.005952380952380952,0.22910830999066292,0.13585434173669467,0.16356209150326798,13.0
