so,oo,si,ii,hh,ge,gi,es,jj,sj,js,gg,os,is,sg,gs,sh,hs,cs,ss,TimeFactor
0.0,0.0,0.0,0.0,0.0,0.0,0.0,0.0,0.0,0.0,0.0,0.0,0.0,0.005208333333333333,0.005208333333333333,0.015625,0.020833333333333332,0.020833333333333332,0.020833333333333332,0.4947916666666667,1.0
0.0,0.0,0.0,0.0,0.0,0.0,0.0,0.0,0.0,0.0,0.0,0.006944444444444444,0.020833333333333332,0.0,0.006944444444444444,0.0,0.0,0.013888888888888888,0.020833333333333332,0.34722222222222227,2.0
0.0,0.0,0.0,0.0,0.0,0.0,0.0,0.0,0.0026041666666666665,0.0026041666666666665,0.010416666666666666,0.0,0.0,0.0026041666666666665,0.0,0.033854166666666664,0.0,0.010416666666666666,0.020833333333333332,0.5,3.0
0.0,0.0,0.0,0.0,0.020833333333333332,0.020833333333333332,0.020833333333333332,0.020833333333333332,0.0,0.0,0.006944444444444444,0.0,0.013888888888888888,0.020833333333333332,0.0,0.041666666666666664,0.020833333333333332,0.0,0.020833333333333332,0.4583333333333333,4.0
0.0,0.0,0.0,0.0,0.0,0.0,0.0,0.020833333333333332,0.0,0.0,0.0,0.0,0.004166666666666667,0.0,0.0,0.024305555555555552,0.0,0.010416666666666666,0.010416666666666666,0.4298611111111111,5.0
0.0,0.0,0.0,0.0,0.0,0.0,0.0,0.0,0.0,0.0,0.0,0.0,0.0,0.010416666666666666,0.0,0.010416666666666666,0.0,0.006944444444444444,0.010416666666666666,0.545138888888889,6.0
0.0,0.0,0.0,0.0,0.0,0.0,0.0,0.0,0.0,0.0,0.0,0.0,0.0,0.0,0.020833333333333332,0.020833333333333332,0.0,0.0,0.0,0.2916666666666667,7.0
0.0,0.0,0.0,0.010416666666666666,0.0,0.0,0.0,0.0,0.0,0.0,0.0,0.0,0.006944444444444444,0.07291666666666667,0.0,0.0,0.0,0.0,0.020833333333333332,0.638888888888889,8.0
0.005208333333333333,0.005208333333333333,0.041666666666666664,0.0,0.0,0.0,0.0,0.0,0.0,0.0,0.020833333333333332,0.020833333333333332,0.010416666666666666,0.041666666666666664,0.020833333333333332,0.005208333333333333,0.0,0.0,0.015625,0.4791666666666667,9.0
0.0,0.0,0.0,0.0,0.0,0.0,0.0,0.0,0.0,0.0,0.0,0.0,0.006944444444444444,0.0,0.0,0.010416666666666666,0.0,0.006944444444444444,0.027777777777777776,0.53125,10.0
0.0,0.0,0.0,0.0,0.0,0.0,0.0,0.0,0.0,0.0,0.0,0.0,0.020833333333333332,0.0,0.0,0.020833333333333332,0.0,0.0,0.03125,0.5104166666666666,11.0
0.0,0.0,0.0,0.0,0.0,0.0,0.0,0.0,0.0,0.0,0.0,0.0,0.020833333333333332,0.03125,0.020833333333333332,0.052083333333333336,0.0,0.0,0.020833333333333332,0.4375,12.0
0.0,0.0,0.0,0.0,0.0,0.0,0.0,0.0,0.0,0.010416666666666666,0.010416666666666666,0.0,0.0,0.0,0.0,0.0625,0.0,0.0,0.010416666666666666,0.23958333333333334,13.0
