oo,ci,gj,ho,so,sh,hg,oh,sc,gc,gi,ji,eh,os,ij,ce,cc,js,cg,ig,ei,ee,ii,eg,si,se,jc,jj,sj,cs,og,hs,is,gg,es,gs,sg,ss,TimeFactor
0.0,0.0,0.0,0.0,0.0,0.0,0.0,0.0,0.0,0.0,0.0,0.0,0.0,0.0,0.0,0.0,0.0,0.0,0.0,0.0,0.0,0.0,0.0,0.0,0.006944444444444444,0.009259259259259259,0.013888888888888888,0.013888888888888888,0.013888888888888888,0.013888888888888888,0.027777777777777776,0.027777777777777776,0.03472222222222222,0.041666666666666664,0.0462962962962963,0.06249999999999999,0.06944444444444443,0.45138888888888884,1.0
0.0,0.0,0.0,0.0,0.0,0.0,0.0,0.0,0.0,0.0,0.0,0.0,0.0,0.0,0.0,0.0,0.0,0.0,0.0,0.0,0.0,0.005555555555555556,0.012499999999999999,0.016203703703703703,0.024999999999999998,0.005555555555555556,0.0,0.0,0.0,0.005555555555555556,0.0,0.0,0.018055555555555557,0.037037037037037035,0.027777777777777776,0.06064814814814814,0.04814814814814814,0.48796296296296293,2.0
0.0,0.0,0.0,0.0,0.0,0.0,0.0,0.0,0.0,0.0,0.0,0.0,0.0,0.0,0.0,0.0,0.0,0.0,0.003968253968253968,0.003968253968253968,0.013888888888888888,0.003968253968253968,0.0,0.0,0.0,0.003968253968253968,0.0,0.0,0.0,0.009259259259259259,0.0,0.004629629629629629,0.02711640211640211,0.013888888888888888,0.018518518518518517,0.11441798941798942,0.013888888888888888,0.6851851851851852,3.0
0.0,0.0,0.0,0.0,0.0,0.0,0.0,0.0,0.0,0.0,0.0,0.0,0.0,0.0,0.003968253968253968,0.003968253968253968,0.003968253968253968,0.003968253968253968,0.0,0.013888888888888888,0.0,0.01091269841269841,0.013888888888888888,0.0,0.0,0.0248015873015873,0.0,0.0,0.0,0.0,0.003968253968253968,0.013888888888888888,0.013888888888888888,0.08035714285714285,0.031746031746031744,0.059523809523809514,0.09424603174603174,0.5396825396825397,4.0
0.0,0.0,0.0,0.0,0.0,0.0,0.0,0.0,0.0,0.0,0.0,0.0025252525252525255,0.0025252525252525255,0.0025252525252525255,0.0,0.0,0.0,0.006944444444444444,0.0,0.0,0.0025252525252525255,0.0,0.005050505050505051,0.0,0.007575757575757576,0.0025252525252525255,0.0,0.0,0.006944444444444444,0.0,0.0,0.0025252525252525255,0.007575757575757576,0.03535353535353535,0.0025252525252525255,0.05808080808080809,0.03535353535353535,0.40277777777777785,5.0
0.0,0.0,0.0,0.0,0.0,0.0,0.0,0.0,0.0,0.0,0.0,0.0,0.0,0.0,0.0,0.0,0.0,0.0,0.0,0.0,0.0,0.0,0.027777777777777776,0.003968253968253968,0.031746031746031744,0.007936507936507936,0.0,0.0,0.0,0.0,0.003968253968253968,0.0,0.003968253968253968,0.03293650793650794,0.046825396825396826,0.007936507936507936,0.028968253968253966,0.30396825396825394,6.0
0.0,0.0,0.0,0.0,0.0,0.0,0.0,0.0,0.005555555555555556,0.006944444444444444,0.013888888888888888,0.0,0.0,0.0,0.0,0.0,0.005555555555555556,0.009259259259259259,0.0,0.0,0.0,0.0,0.0,0.0,0.009259259259259259,0.0,0.0,0.009259259259259259,0.009259259259259259,0.006944444444444444,0.0,0.0,0.027777777777777776,0.005555555555555556,0.009259259259259259,0.035648148148148144,0.03425925925925926,0.47824074074074074,7.0
0.0,0.0,0.0,0.0,0.0,0.003968253968253968,0.003968253968253968,0.009259259259259259,0.0,0.0,0.027777777777777776,0.0,0.0,0.0,0.0,0.0,0.0,0.0,0.009259259259259259,0.0,0.0,0.003968253968253968,0.0,0.0,0.0,0.003968253968253968,0.0,0.0,0.0,0.009259259259259259,0.0,0.009259259259259259,0.04563492063492064,0.036375661375661374,0.0,0.058862433862433866,0.02711640211640212,0.41798941798941797,8.0
0.0,0.0,0.0,0.009259259259259259,0.009259259259259259,0.0,0.0,0.0,0.0,0.0,0.006944444444444444,0.0,0.0,0.018518518518518517,0.0,0.0,0.0,0.0,0.0,0.013888888888888888,0.0,0.0,0.006944444444444444,0.027777777777777776,0.006944444444444444,0.0,0.0,0.0,0.0,0.0,0.0,0.0,0.020833333333333332,0.013888888888888888,0.037037037037037035,0.03472222222222222,0.006944444444444444,0.3703703703703704,9.0
0.0,0.0,0.027777777777777776,0.0,0.0,0.0,0.006944444444444444,0.0,0.006944444444444444,0.0,0.0,0.0,0.0,0.009259259259259259,0.0,0.0,0.0,0.0,0.0,0.0,0.0,0.0,0.0,0.0,0.0,0.0,0.0,0.0,0.0,0.020833333333333332,0.0,0.0,0.0625,0.006944444444444444,0.009259259259259259,0.05787037037037037,0.03472222222222222,0.4236111111111111,10.0
0.0,0.027777777777777776,0.0,0.0,0.0,0.0,0.0,0.0,0.0,0.0,0.0,0.0,0.0,0.013888888888888888,0.0,0.0,0.0,0.0,0.0,0.0,0.0,0.0,0.0,0.0,0.0,0.0,0.0,0.0,0.0,0.027777777777777776,0.0,0.0,0.027777777777777776,0.027777777777777776,0.0,0.0462962962962963,0.0,0.412037037037037,11.0
0.004629629629629629,0.0,0.0,0.0,0.004629629629629629,0.0,0.0,0.0,0.013888888888888888,0.0,0.0,0.0,0.0,0.013888888888888888,0.0,0.0,0.013888888888888888,0.0,0.0,0.0,0.0,0.0,0.0,0.0,0.0,0.0,0.0,0.0,0.0,0.027777777777777776,0.0,0.0,0.004629629629629629,0.0,0.0,0.037037037037037035,0.004629629629629629,0.2916666666666667,12.0
0.0,0.0,0.0,0.0,0.0,0.0,0.0,0.0,0.0,0.0,0.0,0.0,0.0,0.0,0.0,0.0,0.0,0.0,0.0,0.0,0.0,0.0,0.0,0.0,0.0,0.0,0.0,0.0,0.0,0.0,0.0,0.011111111111111112,0.0,0.019444444444444445,0.005555555555555556,0.019047619047619046,0.023412698412698413,0.1714285714285714,13.0
