ci,ji,jj,sj,oe,es,og,so,si,sg,os,se,is,cs,hs,js,gs,ss,TimeFactor
0.0,0.0,0.0,0.0,0.0,0.0,0.0,0.0,0.0,0.0,0.013888888888888888,0.027777777777777776,0.03125,0.048611111111111105,0.05555555555555555,0.08333333333333333,0.17361111111111108,0.48263888888888884,1.0
0.0,0.0,0.0,0.0,0.0,0.0,0.0,0.0,0.013888888888888888,0.048611111111111105,0.0,0.0,0.09722222222222222,0.013888888888888888,0.09722222222222222,0.0,0.18055555555555555,0.13194444444444445,2.0
0.0,0.0,0.0,0.0,0.0,0.0,0.027777777777777776,0.041666666666666664,0.0,0.0,0.049999999999999996,0.0,0.08333333333333333,0.041666666666666664,0.09999999999999999,0.08333333333333333,0.027777777777777776,0.12777777777777777,3.0
0.0,0.0007507507507507507,0.0007507507507507507,0.0007507507507507507,0.0007507507507507507,0.0007507507507507507,0.0,0.0,0.0,0.028528528528528527,0.0015015015015015015,0.0,0.125,0.027777777777777776,0.041666666666666664,0.0007507507507507507,0.027777777777777776,0.24324324324324323,4.0
0.0,0.0,0.0,0.0,0.0,0.0,0.0,0.0,0.0,0.0,0.0,0.0,0.16666666666666666,0.0,0.0,0.0,0.125,0.2916666666666667,5.0
0.0,0.0,0.0,0.0,0.0,0.0,0.0,0.0,0.0,0.0,0.0,0.0,0.041666666666666664,0.0,0.08333333333333333,0.0,0.0,0.375,6.0
0.0,0.0,0.0,0.0,0.0,0.0,0.0,0.0,0.0,0.0,0.0,0.0,0.0,0.08333333333333333,0.0,0.010416666666666666,0.16666666666666666,0.3229166666666667,7.0
0.0,0.0,0.0,0.0,0.0,0.0,0.0,0.0,0.0,0.0,0.0,0.0,0.020833333333333332,0.0,0.0,0.0,0.0,0.3125,8.0
0.0,0.0,0.0,0.0,0.0,0.0,0.041666666666666664,0.0,0.0,0.0,0.0,0.0,0.0,0.0,0.0,0.013888888888888888,0.041666666666666664,0.23611111111111113,9.0
0.041666666666666664,0.0,0.0,0.0,0.0,0.041666666666666664,0.0,0.0,0.0,0.041666666666666664,0.0,0.0,0.0,0.041666666666666664,0.0,0.0,0.08333333333333333,0.3333333333333333,10.0
0.0,0.0,0.0,0.0,0.0,0.0,0.0,0.0,0.0,0.0,0.0,0.0,0.0,0.0,0.0,0.02857142857142857,0.041666666666666664,0.34642857142857136,11.0
0.0,0.0,0.0,0.0,0.0,0.0,0.0,0.0,0.0,0.0,0.013888888888888888,0.0,0.0,0.0,0.0,0.013888888888888888,0.013888888888888888,0.375,12.0
0.0,0.0,0.0,0.0,0.0,0.0,0.0,0.016666666666666666,0.0,0.0,0.0,0.0,0.03333333333333333,0.05833333333333333,0.0,0.0,0.13333333333333333,0.17500000000000002,13.0
