gs,sg,os,sc,cs,es,js,ss,TimeFactor
0.0,0.0,0.0,0.0,0.0,0.0,0.016666666666666666,0.06666666666666667,1.0
0.0,0.0,0.0,0.0,0.0,0.0,0.0,0.0,2.0
0.0,0.0,0.0,0.013888888888888888,0.013888888888888888,0.013888888888888888,0.0,0.041666666666666664,3.0
0.0,0.0,0.0,0.0,0.0,0.0,0.013888888888888888,0.06944444444444445,4.0
0.0,0.0,0.0,0.0,0.0,0.0,0.0,0.08333333333333333,5.0
0.0,0.0,0.0,0.0,0.0,0.0,0.0,0.08333333333333333,6.0
0.0,0.0,0.016666666666666666,0.0,0.0,0.0,0.0,0.2333333333333333,7.0
0.0,0.0,0.0,0.0,0.0,0.0,0.0,0.0,8.0
0.016666666666666666,0.016666666666666666,0.0,0.0,0.0,0.0,0.0,0.049999999999999996,9.0
0.0,0.0,0.0,0.0,0.0,0.0,0.013888888888888888,0.06944444444444445,10.0
0.0,0.0,0.0,0.0,0.0,0.0,0.0,0.0,11.0
0.0,0.0,0.0,0.0,0.0,0.0,0.0,0.0,12.0
0.0,0.0,0.0,0.0,0.0,0.0,0.0,0.0,13.0
