si,cs,gg,is,es,js,sg,hs,os,gs,ss,TimeFactor
0.0,0.0,0.0,0.0,0.0,0.0,0.006944444444444444,0.013888888888888888,0.016203703703703703,0.04398148148148148,0.33564814814814814,1.0
0.0,0.0,0.0,0.0,0.0,0.027777777777777776,0.0,0.0,0.027777777777777776,0.027777777777777776,0.3333333333333333,2.0
0.0,0.0,0.0,0.0,0.0,0.0,0.0,0.0,0.0,0.027777777777777776,0.13888888888888887,3.0
0.0,0.0,0.0,0.0,0.013888888888888888,0.0,0.0,0.0,0.0,0.013888888888888888,0.13888888888888887,4.0
0.0,0.0,0.013888888888888888,0.013888888888888888,0.0,0.0,0.013888888888888888,0.0,0.0,0.0,0.125,5.0
0.013888888888888888,0.013888888888888888,0.0,0.013888888888888888,0.0,0.0,0.0,0.0,0.013888888888888888,0.0,0.19444444444444445,6.0
0.0,0.0,0.0,0.0,0.0,0.027777777777777776,0.0,0.0,0.0,0.0,0.2222222222222222,7.0
0.0,0.0,0.0,0.0,0.0,0.0,0.0,0.0,0.0,0.013888888888888888,0.23611111111111113,8.0
0.0,0.0,0.0,0.013888888888888888,0.013888888888888888,0.0,0.0,0.0,0.0,0.0,0.3888888888888889,9.0
0.0,0.0,0.0,0.0,0.0,0.0,0.0,0.0,0.0,0.0,0.16666666666666666,10.0
0.0,0.0,0.0,0.0,0.0,0.0,0.0,0.0,0.0,0.027777777777777776,0.05555555555555555,11.0
0.0,0.0,0.0,0.027777777777777776,0.0,0.0,0.0,0.0,0.0,0.0,0.5555555555555556,12.0
0.0,0.0,0.0,0.0,0.0,0.0,0.0,0.0,0.0,0.027777777777777776,0.3055555555555555,13.0
