os,gs,es,cs,si,is,ss,TimeFactor
0.0,0.0,0.0,0.0,0.027777777777777776,0.027777777777777776,0.27777777777777773,1.0
0.0,0.0,0.027777777777777776,0.027777777777777776,0.0,0.027777777777777776,0.16666666666666666,2.0
0.0,0.0,0.0,0.0,0.0,0.027777777777777776,0.05555555555555555,3.0
0.0,0.0,0.0,0.0,0.0,0.0,0.08333333333333333,4.0
0.0,0.027777777777777776,0.0,0.0,0.0,0.0,0.2222222222222222,5.0
0.0,0.0,0.0,0.0,0.0,0.0,0.08333333333333333,6.0
0.0,0.0,0.0,0.0,0.0,0.0,0.16666666666666666,7.0
0.0,0.0,0.0,0.013888888888888888,0.0,0.0,0.06944444444444445,8.0
0.027777777777777776,0.0,0.0,0.0,0.0,0.0,0.13888888888888887,9.0
0.0,0.0,0.0,0.0,0.0,0.0,0.0,10.0
0.0,0.0,0.0,0.0,0.0,0.0,0.08333333333333333,11.0
0.013888888888888888,0.013888888888888888,0.0,0.0,0.0,0.0,0.05555555555555555,12.0
0.0,0.0,0.0,0.027777777777777776,0.0,0.0,0.05555555555555555,13.0
