ij,ig,se,sc,cg,gg,sj,oh,cj,ii,so,sh,jh,es,ji,si,jg,js,hs,sg,os,cs,ss,gs,is,TimeFactor
0.0,0.0,0.0,0.0,0.0,0.0,0.0,0.0,0.0,0.0,0.0,0.0,0.0,0.0,0.0,0.006944444444444444,0.020833333333333332,0.024305555555555552,0.027777777777777776,0.03472222222222222,0.05555555555555555,0.06597222222222222,0.1284722222222222,0.15625,0.3125,1.0
0.0,0.0,0.0,0.0,0.0,0.0,0.0,0.0,0.0,0.0,0.0,0.013888888888888888,0.013888888888888888,0.02314814814814815,0.08333333333333333,0.0,0.0,0.016666666666666666,0.05555555555555555,0.0,0.05648148148148147,0.0537037037037037,0.1064814814814815,0.037037037037037035,0.12314814814814816,2.0
0.0,0.0,0.0,0.0,0.0,0.0,0.0,0.0,0.0,0.0,0.041666666666666664,0.0,0.0,0.044444444444444446,0.016666666666666666,0.0,0.0,0.0,0.03333333333333333,0.0,0.16944444444444443,0.016666666666666666,0.09999999999999999,0.24166666666666667,0.0861111111111111,3.0
0.0,0.0,0.0,0.0,0.0,0.0,0.020833333333333332,0.027777777777777776,0.041666666666666664,0.041666666666666664,0.020833333333333332,0.0,0.0,0.013888888888888888,0.0,0.0,0.0,0.020833333333333332,0.0,0.0,0.09722222222222222,0.013888888888888888,0.13194444444444445,0.06944444444444443,0.25,4.0
0.0,0.0,0.0,0.0,0.0,0.0,0.0,0.0,0.0,0.0,0.0,0.0,0.0,0.0,0.0,0.0,0.0,0.08333333333333333,0.0,0.0,0.013888888888888888,0.020833333333333332,0.08333333333333333,0.013888888888888888,0.20138888888888887,5.0
0.0,0.0,0.0,0.006944444444444444,0.020833333333333332,0.041666666666666664,0.0,0.0,0.0,0.0,0.0,0.0,0.020833333333333332,0.0,0.0,0.0,0.0,0.0,0.0,0.027777777777777776,0.027777777777777776,0.020833333333333332,0.125,0.041666666666666664,0.25,6.0
0.0,0.0,0.0,0.0,0.0,0.0,0.0,0.0,0.0,0.0,0.0,0.0,0.0,0.020833333333333332,0.0,0.0,0.0,0.125,0.020833333333333332,0.0,0.020833333333333332,0.041666666666666664,0.10416666666666667,0.11805555555555554,0.13194444444444445,7.0
0.0,0.0,0.041666666666666664,0.0,0.0,0.0,0.0,0.0,0.0,0.0,0.0,0.0,0.0,0.06944444444444443,0.0,0.08333333333333333,0.027777777777777776,0.08333333333333333,0.0,0.020833333333333332,0.0625,0.0,0.027777777777777776,0.11805555555555554,0.13194444444444445,8.0
0.0,0.0,0.0,0.0,0.0,0.0,0.0,0.0,0.0,0.0,0.0,0.0,0.0,0.0,0.0,0.0,0.0,0.0,0.0,0.0,0.16666666666666666,0.0,0.16666666666666666,0.0,0.0,9.0
0.0,0.0,0.0,0.1726190476190476,0.0,0.0,0.0,0.0,0.0,0.041666666666666664,0.041666666666666664,0.0,0.0,0.0,0.0,0.005952380952380952,0.0,0.027777777777777776,0.0,0.0,0.05357142857142857,0.011904761904761904,0.3253968253968254,0.07936507936507936,0.07341269841269842,10.0
0.0,0.08333333333333333,0.0,0.0,0.0,0.0,0.0,0.0,0.0,0.0,0.0,0.0,0.0,0.0,0.0,0.0,0.0,0.013888888888888888,0.0,0.0,0.08333333333333333,0.0,0.125,0.0,0.027777777777777776,11.0
0.08333333333333333,0.0,0.0,0.0,0.0,0.0,0.0,0.0,0.0,0.0,0.0,0.0,0.0,0.020833333333333332,0.0,0.041666666666666664,0.0,0.0,0.020833333333333332,0.027777777777777776,0.05555555555555555,0.0,0.1875,0.06944444444444443,0.1597222222222222,12.0
0.0,0.041666666666666664,0.0,0.0,0.0,0.0,0.0,0.0,0.0,0.0,0.0,0.0,0.0,0.0,0.0,0.0,0.0,0.16666666666666666,0.0,0.0,0.08333333333333333,0.0,0.2916666666666667,0.0,0.0,13.0
