sse,ggj,see,gjs,jss,sss,TimeFactor
0.0,0.0,0.0,0.0,0.0,0.0,1.0
0.0,0.0,0.0,0.0,0.016666666666666666,0.15,2.0
0.0,0.0,0.0,0.0,0.0,0.0,3.0
0.0,0.0,0.0,0.0,0.0,0.0,4.0
0.0,0.0,0.0,0.0,0.0,0.0,5.0
0.0,0.0,0.0,0.0,0.0,0.0,6.0
0.005555555555555556,0.005555555555555556,0.005555555555555556,0.005555555555555556,0.005555555555555556,0.05555555555555555,7.0
0.0,0.0,0.0,0.0,0.0,0.0,8.0
0.0,0.0,0.0,0.0,0.0,0.0,9.0
0.0,0.0,0.0,0.0,0.0,0.08333333333333333,10.0
0.0,0.0,0.0,0.0,0.0,0.0,11.0
0.0,0.0,0.0,0.0,0.0,0.0,12.0
0.0,0.0,0.0,0.0,0.0,0.0,13.0
