og,jc,sh,ji,so,sj,hs,oi,ge,ei,js,eg,gj,gh,jg,es,sc,ii,se,si,gg,sg,cs,os,is,gs,ss,TimeFactor
0.0,0.0,0.0,0.0,0.0,0.0,0.0,0.0,0.0,0.004901960784313725,0.004901960784313725,0.005208333333333333,0.005208333333333333,0.005208333333333333,0.005555555555555556,0.005555555555555556,0.008333333333333333,0.009259259259259259,0.010416666666666666,0.011111111111111112,0.013541666666666667,0.022281639928698752,0.029861111111111113,0.09134977223212516,0.1383355614973262,0.23172905525846701,0.31390745692216276,1.0
0.0,0.0,0.0,0.0,0.0,0.0,0.0,0.010416666666666666,0.010416666666666666,0.0,0.029166666666666664,0.0,0.0,0.0,0.0,0.0,0.0,0.0,0.0,0.0,0.0,0.013888888888888888,0.024305555555555552,0.06041666666666667,0.1486111111111111,0.20277777777777775,0.25,2.0
0.0,0.0,0.0,0.0,0.0,0.0,0.017992424242424244,0.0,0.0,0.0,0.0,0.0,0.0,0.0,0.0,0.0,0.041666666666666664,0.0,0.0,0.0,0.0,0.007575757575757576,0.007575757575757576,0.03125,0.05681818181818182,0.15486111111111112,0.3489267676767677,3.0
0.0,0.0,0.0,0.0,0.0,0.013888888888888888,0.0,0.0,0.0,0.0,0.0,0.0,0.0,0.0,0.0,0.0,0.0,0.0,0.0,0.0,0.008333333333333333,0.0,0.0,0.016666666666666666,0.016666666666666666,0.11388888888888889,0.2472222222222222,4.0
0.0,0.0,0.0,0.0,0.0,0.013888888888888888,0.0,0.0,0.0,0.0,0.008333333333333333,0.0,0.0,0.013888888888888888,0.0,0.0,0.0,0.0,0.0,0.027777777777777776,0.022222222222222223,0.0,0.008333333333333333,0.07777777777777777,0.05555555555555555,0.11388888888888889,0.24166666666666667,5.0
0.0,0.0,0.0,0.0,0.013888888888888888,0.0,0.0,0.0,0.0,0.0,0.0,0.0,0.0,0.0,0.0,0.020833333333333332,0.0,0.0,0.0,0.0,0.0,0.0,0.0,0.0,0.016666666666666666,0.2138888888888889,0.31805555555555554,6.0
0.0,0.0,0.0,0.016666666666666666,0.0,0.0,0.0,0.0,0.0,0.0,0.013888888888888888,0.0,0.0,0.0,0.0,0.0,0.0,0.0,0.0,0.016666666666666666,0.0,0.0,0.0,0.016666666666666666,0.05416666666666667,0.08333333333333333,0.46527777777777785,7.0
0.0,0.0,0.006410256410256411,0.0,0.0,0.0,0.0,0.0,0.0,0.0,0.0,0.0,0.0,0.0,0.0,0.0,0.0,0.0,0.0,0.006410256410256411,0.011904761904761904,0.016666666666666666,0.0,0.0,0.04807692307692308,0.1196886446886447,0.29084249084249086,8.0
0.0,0.0,0.0,0.0,0.0,0.0,0.0,0.0,0.0,0.0,0.0,0.0,0.0,0.0,0.0,0.0,0.0,0.0,0.0,0.0,0.0,0.023809523809523808,0.011904761904761904,0.020833333333333332,0.011904761904761904,0.044444444444444446,0.6371031746031747,9.0
0.0,0.027777777777777776,0.0,0.0,0.0,0.0,0.04507575757575758,0.0,0.0,0.0,0.016666666666666666,0.0,0.0,0.0,0.0,0.027083333333333334,0.0,0.0,0.0,0.0,0.0,0.0375,0.020833333333333332,0.010416666666666666,0.03181818181818182,0.08428030303030302,0.2818813131313131,10.0
0.0,0.0,0.0,0.0,0.0,0.0,0.0,0.0,0.0,0.016666666666666666,0.0,0.0,0.0,0.0,0.0,0.0,0.0,0.0,0.0,0.0,0.0,0.016666666666666666,0.0,0.027777777777777776,0.05000000000000001,0.14444444444444443,0.41111111111111115,11.0
0.0,0.0,0.0,0.0,0.0,0.0,0.020833333333333332,0.0,0.0,0.0,0.0,0.0,0.0,0.0,0.0,0.013888888888888888,0.0,0.0,0.0,0.0,0.008333333333333333,0.049999999999999996,0.05833333333333333,0.0625,0.0,0.2388888888888889,0.21388888888888888,12.0
0.011904761904761904,0.0,0.0,0.0,0.0,0.0,0.0,0.0,0.0,0.0,0.007575757575757576,0.0,0.0,0.0,0.0,0.0,0.0,0.0,0.0,0.0,0.0,0.011904761904761904,0.0,0.011904761904761904,0.020833333333333332,0.0632034632034632,0.37267316017316016,13.0
