isg,sgs,iss,oss,css,jss,gss,sss,TimeFactor
0.0,0.0,0.0,0.0,0.006944444444444444,0.043981481481481476,0.05555555555555555,0.7268518518518517,1.0
0.0,0.0,0.0,0.009259259259259259,0.0,0.0,0.0,0.1574074074074074,2.0
0.0,0.0,0.0,0.027777777777777776,0.0,0.0,0.0,0.47222222222222215,3.0
0.0,0.0,0.0,0.0,0.0,0.0,0.0,0.4166666666666667,4.0
0.0,0.0,0.0,0.0,0.027777777777777776,0.0,0.0,0.2222222222222222,5.0
0.0,0.0,0.0,0.0,0.0,0.0,0.0,0.25,6.0
0.009259259259259259,0.009259259259259259,0.027777777777777776,0.027777777777777776,0.0,0.0,0.009259259259259259,0.3333333333333333,7.0
0.0,0.0,0.0,0.0,0.0,0.0,0.0,0.08333333333333333,8.0
0.0,0.0,0.0,0.0,0.0,0.041666666666666664,0.0,0.125,9.0
0.0,0.0,0.0,0.0,0.0,0.0,0.0,0.25,10.0
0.0,0.0,0.027777777777777776,0.0,0.027777777777777776,0.0,0.0,0.3611111111111111,11.0
0.0,0.0,0.0,0.0,0.027777777777777776,0.0,0.0,0.13888888888888887,12.0
0.0,0.0,0.0,0.0,0.0,0.0,0.0,0.16666666666666666,13.0
