os,hs,is,gg,es,gi,sg,gs,ig,si,ii,ss,TimeFactor
0.0,0.0,0.0,0.0,0.011904761904761904,0.013888888888888888,0.013888888888888888,0.013888888888888888,0.013888888888888888,0.025793650793650796,0.03571428571428571,0.20436507936507933,1.0
0.0,0.0,0.0,0.016666666666666666,0.016666666666666666,0.0,0.0,0.0,0.016666666666666666,0.016666666666666666,0.0,0.09999999999999999,2.0
0.0,0.0,0.016666666666666666,0.0,0.0,0.0,0.016666666666666666,0.03333333333333333,0.0,0.016666666666666666,0.03333333333333333,0.05000000000000001,3.0
0.0,0.016666666666666666,0.0,0.0,0.0,0.0,0.0,0.0,0.0,0.0,0.0,0.31666666666666665,4.0
0.0,0.013888888888888888,0.0,0.0,0.0,0.0,0.0,0.0,0.0,0.0,0.0,0.06944444444444445,5.0
0.0,0.0,0.0,0.0,0.0,0.0,0.0,0.0,0.0,0.0,0.0,0.25,6.0
0.0,0.0,0.0,0.0,0.0,0.0,0.0,0.0,0.0,0.0,0.0,0.16666666666666666,7.0
0.013354700854700854,0.0,0.0,0.0,0.0,0.0,0.006410256410256411,0.012820512820512822,0.0,0.0,0.0,0.13408119658119658,8.0
0.0,0.0,0.0,0.0,0.0,0.0,0.0,0.0,0.0,0.0,0.0,0.25,9.0
0.0,0.0,0.0,0.0,0.0,0.0,0.0,0.016666666666666666,0.0,0.0,0.0,0.2333333333333333,10.0
0.0,0.0,0.0,0.0,0.0,0.0,0.0,0.0,0.0,0.0,0.0,0.0,11.0
0.0,0.0,0.0,0.0,0.0,0.0,0.0,0.0,0.0,0.0,0.0,0.0,12.0
0.0,0.0,0.0,0.0,0.0,0.0,0.013888888888888888,0.013888888888888888,0.0,0.0,0.0,0.05555555555555555,13.0
