gi,gs,es,os,cc,cs,js,is,ss,TimeFactor
0.0,0.0,0.0,0.0,0.027777777777777776,0.027777777777777776,0.027777777777777776,0.05555555555555555,0.19444444444444442,1.0
0.0,0.0,0.0,0.0,0.0,0.0,0.027777777777777776,0.0,0.05555555555555555,2.0
0.0,0.0,0.0,0.013888888888888888,0.0,0.027777777777777776,0.0,0.0,0.125,3.0
0.0,0.0,0.027777777777777776,0.027777777777777776,0.0,0.0,0.0,0.0,0.1111111111111111,4.0
0.0,0.027777777777777776,0.0,0.027777777777777776,0.0,0.0,0.0,0.0,0.1111111111111111,5.0
0.0,0.0,0.0,0.0,0.0,0.0,0.0,0.0,0.0,6.0
0.0,0.0,0.0,0.0,0.0,0.0,0.0,0.0,0.0,7.0
0.0,0.0,0.027777777777777776,0.027777777777777776,0.0,0.0,0.0,0.0,0.19444444444444442,8.0
0.0,0.0,0.0,0.0,0.0,0.027777777777777776,0.0,0.0,0.05555555555555555,9.0
0.0,0.0,0.0,0.0,0.0,0.0,0.0,0.0,0.0,10.0
0.0,0.027777777777777776,0.0,0.0,0.0,0.0,0.0,0.0,0.13888888888888887,11.0
0.027777777777777776,0.0,0.0,0.027777777777777776,0.0,0.0,0.0,0.027777777777777776,0.08333333333333333,12.0
0.0,0.0,0.0,0.0,0.0,0.0,0.0,0.0,0.08333333333333333,13.0
