jjs,jss,sgg,ssg,scs,ses,ess,css,hss,scc,jsc,isi,sii,oss,iss,gss,sss,TimeFactor
0.0,0.0,0.0,0.0,0.0,0.0,0.0,0.0,0.020833333333333332,0.041666666666666664,0.041666666666666664,0.041666666666666664,0.041666666666666664,0.041666666666666664,0.041666666666666664,0.10416666666666667,0.20833333333333334,1.0
0.0,0.0,0.0,0.0,0.0,0.020833333333333332,0.020833333333333332,0.020833333333333332,0.0,0.0,0.0,0.0,0.0,0.0,0.0,0.041666666666666664,0.14583333333333334,2.0
0.0,0.0,0.0,0.0,0.0,0.0,0.0,0.041666666666666664,0.0,0.0,0.0,0.0,0.0,0.0,0.041666666666666664,0.08333333333333333,0.3333333333333333,3.0
0.0,0.0,0.0,0.0,0.041666666666666664,0.0,0.0,0.041666666666666664,0.0,0.0,0.0,0.0,0.0,0.0,0.0,0.0,0.0,4.0
0.0,0.013888888888888888,0.041666666666666664,0.041666666666666664,0.0,0.0,0.0,0.0,0.0,0.0,0.0,0.0,0.0,0.0,0.041666666666666664,0.0,0.11111111111111112,5.0
0.041666666666666664,0.041666666666666664,0.0,0.0,0.0,0.0,0.0,0.041666666666666664,0.0,0.0,0.0,0.0,0.0,0.020833333333333332,0.0625,0.0,0.125,6.0
0.0,0.0,0.0,0.0,0.0,0.0,0.0,0.0,0.041666666666666664,0.0,0.0,0.0,0.0,0.0,0.041666666666666664,0.0,0.25,7.0
0.0,0.0,0.0,0.0,0.0,0.0,0.0,0.0,0.0,0.0,0.0,0.0,0.0,0.0,0.0,0.0,0.08333333333333333,8.0
0.0,0.0,0.0,0.0,0.0,0.0,0.041666666666666664,0.0,0.0,0.0,0.0,0.0,0.0,0.0,0.041666666666666664,0.0,0.16666666666666666,9.0
0.0,0.0,0.0,0.0,0.041666666666666664,0.0,0.0,0.041666666666666664,0.0,0.0,0.0,0.0,0.0,0.0,0.041666666666666664,0.0,0.20833333333333334,10.0
0.0,0.0,0.041666666666666664,0.041666666666666664,0.0,0.0,0.0,0.0,0.0,0.0,0.0,0.0,0.0,0.0,0.0625,0.0,0.10416666666666667,11.0
0.0,0.0,0.0,0.0,0.0,0.0,0.0,0.0,0.0,0.0,0.0,0.0,0.0,0.0,0.0,0.0,0.16666666666666666,12.0
0.0,0.0,0.0,0.0,0.0,0.0,0.0,0.041666666666666664,0.0,0.0,0.0,0.0,0.0,0.0,0.0,0.0,0.041666666666666664,13.0
