"cci","ccs","cgs","cis","cse","csg","csi","css","eis","esi","ess","gci","ges","ggg","ggs","gis","gsg","gss","hgi","hhs","hse","hsg","hss","ics","igg","igs","iis","isc","isg","ish","iss","jgs","jis","jjg","jjs","jos","jsi","jss","ogs","ois","oos","osg","osh","oss","scs","sec","seg","ses","sgg","sgi","sgj","sgs","shs","sig","sis","sjj","sjs","sos","sse","ssg","ssi","ssj","sss","TimeFactor"
"1",0,0.000365497076023392,0.000992063492063492,0.00694444444444444,0,0,0.000192901234567901,0.147263672996719,0,0,0.0129159991792216,0,0,0,0,0,0,0.0926093824508128,0,0,0.00231481481481481,0,0.0275994791647134,0,0,0,0,0,0,0,0.111085427753028,0.00148809523809524,0,0,0,0.000868055555555556,0.00231481481481481,0.108643659591589,0.000301932367149758,0.00347222222222222,0,0,0,0.0517062467577342,0.00231481481481481,0,0.000694444444444444,0,0,0,0,0.00478654883093289,0.00151515151515152,0,0.000964506172839506,0,0.00115740740740741,0,0,0,0.000192901234567901,0,0.313128849759606,1
"2",0,0,0,0.00168350168350168,0.00231481481481481,0,0,0.10334806519017,0,0,0.00756222943722944,0,0,0,0,0,0,0.087267039734145,0,0,0,0,0.0269628326919994,0,0.000248015873015873,0.00231481481481481,0.00138888888888889,0,0.000248015873015873,0,0.0988817139447622,0.00173611111111111,0,0,0,0,0,0.0868528908550838,0,0,0,0,0.000771604938271605,0.0818575861476081,0.00192901234567901,0.00347222222222222,0,0,0.000248015873015873,0,0,0.000496031746031746,0,0,0.000868055555555556,0,0,0.00347222222222222,0,0,0,0,0.249333889794416,2
"3",0,0,0,0,0,0,0,0.0937818632944231,0,0,0.00694444444444444,0,0,0,0,0.00347222222222222,0.000771604938271605,0.0894847602483169,0,0.000365497076023392,0,0,0.0245287302853092,0,0,0,0,0,0,0,0.0856366038009778,0.0100063131313131,0,0.00347222222222222,0.00347222222222222,0,0,0.102549015238409,0,0,0,0.000771604938271605,0,0.0685466012220398,0,0,0,0.000694444444444444,0,0,0,0.00771604938271605,0.00034435261707989,0,0.00034435261707989,0,0.00347222222222222,0,0,0,0,0,0.229104671411789,3
"4",0,0,0,0,0,0.00138888888888889,0,0.0871758257174924,0,0,0.0119774130190797,0.000868055555555556,0.00694444444444444,0.00173611111111111,0,0,0,0.0619962021003688,0,0,0,0,0.0264199535032868,0,0,0,0,0,0,0,0.0743260982844316,0.00347222222222222,0,0,0,0,0,0.0897879088504088,0,0,0,0,0,0.0576552228635562,0.00231481481481481,0,0,0,0,0,0,0.00416666666666667,0.00115740740740741,0,0.00694444444444444,0,0.00252525252525253,0.00231481481481481,9.25925925925926e-05,0.000385802469135802,0,9.25925925925926e-05,0.257014840869008,4
"5",0,0,0.00138888888888889,0,0.00347222222222222,0,0,0.101239703583454,0,0,0.0214781746031746,0,0,0,0.000992063492063492,0,0.000434027777777778,0.094923566017316,0,0,0,0.00694444444444444,0.00515046296296296,0,0,0,0,0,0,0,0.0696025232483566,0,0,0,0,0,0,0.0687334656084656,0,0,0,0,0,0.0594522857543691,0,0,0,0,0,0,0,0.00231481481481481,0,0.00231481481481481,0,0,0,0,0,0,0.00173611111111111,0,0.246059804393138,5
"6",0.00115740740740741,0,0,0,0,0,0,0.0650183728308728,0,0.000534188034188034,0.00152625152625153,0,0,0.000534188034188034,0,0,0,0.0691668285418285,0.000534188034188034,0,0,0,0.0158540533540534,0,0,0,0,0,0,0,0.0112520581270581,0,0,0,0,0,0,0.0641711297961298,0,0,0,0,0,0.0720787314537315,0,0,0,0,0,0,0,0.00833333333333333,0,0,0.000462962962962963,0.00115740740740741,0.00231481481481481,0.000534188034188034,0,0,0,0.000868055555555556,0.265309921559922,6
"7",0,0,0.00138888888888889,0.00173611111111111,0,0,0,0.0713301166426167,0,0,0.00604256854256854,0,0,0,0,0,0,0.0507109788359788,0,0,0,0,0.0181712962962963,0,0,0,0,0,0,0,0.0548348063973064,0,0,0,0,0,0,0.0984863516113516,0,0,0,0.000771604938271605,0,0.0419768117684784,0.00115740740740741,0,0,0,0.000868055555555556,0,0,0,0,0,0,0,0.000868055555555556,0,0,0,0,0,0.309485229276896,7
"8",0,0,0,0,0,0,0,0.0453713724547058,0,0,0.011766975308642,0,0,0,0,0,0.00347222222222222,0.0546807359307359,0,0,0,0,0.0124007936507937,0,0,0,0,0,0,0,0.0649616201699535,0.00347222222222222,0.00347222222222222,0,0,0,0,0.104472051867885,0.000771604938271605,0.00694444444444444,0.00378787878787879,0,0,0.0561663259579926,0,0,0,0,0,0,0.00138888888888889,0.00771604938271605,0,0.00173611111111111,0,0,0,0,0,0,0,0,0.303024541045374,8
"9",0,0,0,0,0,0,0,0.0798342090008757,0,0,0.00833333333333333,0,0,0,0,0,0,0.0834601740851741,0,0,0,0,0.0143824154240821,0.00694444444444444,0,0,0,0,0,0.00189393939393939,0.0530079873829874,0.00347222222222222,0,0,0,0,0,0.0494047619047619,0,0,0,0,0,0.0471281033781034,0,0,0,0,0,0,0,0,0.000534188034188034,0,0.00694444444444444,0,0.00694444444444444,0,0,0,0,0,0.274710282001949,9
"10",0,0,0,0,0,0,0,0.0401159411576078,0,0,0.00341435185185185,0,0,0,0,0,0.000992063492063492,0.0924371074187251,0,0,0,0,0.020731518617548,0,0,0,0,0,0,0,0.06756107114563,0,0,0,0,0,0,0.0637096631581926,0,0,0,0,0,0.060388608305275,0,0,0,0,0,0,0,0.00325126262626263,0,0,0,0,0,0,0,0,0,0,0.240832755661187,10
"11",0,0,0,0,0,0,0,0.0392343574635241,0,0,0.00308641975308642,0,0,0,0,0,0,0.0741323865404748,0,0,0,0,0.00493827160493827,0,0,0,0,0,0,0,0.0554906705948373,0,0,0,0,0,0,0.0403584455667789,0,0,0,0,0,0.0777457110790444,0.000771604938271605,0,0,0,0,0,0,0.00366512345679012,0,0,0.00308641975308642,0,0,0,0.00173611111111111,0,0,0,0.220375690259269,11
"12",0,0,0,0,0,0,0,0.0562675364758698,0,0,0.00873316498316498,0,0,0,0.00138888888888889,0,0,0.0713734567901235,0,0,0,0,0.0109953703703704,0,0,0,0,0.00347222222222222,0,0,0.0423611111111111,0.000694444444444444,0,0,0,0,0,0.101192480359147,0,0,0,0,0,0.0627875982042649,0,0,0,0,0,0,0,0,0,0,0,0,0.00694444444444444,0,0,0,0,0,0.241743827160494,12
"13",0,0,0,0,0,0,0.00126262626262626,0.0433256172839506,0.00138888888888889,0,0.0104166666666667,0,0,0,0,0,0,0.0534206148789482,0,0,0,0,0.014864417989418,0,0,0,0,0,0,0,0.030759479717813,0.00138888888888889,0,0,0,0,0.00126262626262626,0.0510131072631073,0,0,0,0,0,0.0321398508898509,0,0,0,0.00347222222222222,0,0.00347222222222222,0,0,0,0,0,0,0,0,0,0,0,0.00347222222222222,0.26475468975469,13
