css,gss,iss,oss,hss,jss,sss,TimeFactor
0.0,0.0,0.0,0.027777777777777776,0.027777777777777776,0.08333333333333333,0.27777777777777773,1.0
0.0,0.0,0.0,0.0,0.0,0.027777777777777776,0.05555555555555555,2.0
0.0,0.0,0.027777777777777776,0.0,0.0,0.0,0.13888888888888887,3.0
0.0,0.0,0.0,0.0,0.0,0.027777777777777776,0.2222222222222222,4.0
0.0,0.0,0.027777777777777776,0.0,0.0,0.027777777777777776,0.19444444444444442,5.0
0.0,0.027777777777777776,0.0,0.0,0.0,0.0,0.05555555555555555,6.0
0.0,0.0,0.027777777777777776,0.0,0.0,0.0,0.3055555555555555,7.0
0.0,0.05555555555555555,0.0,0.0,0.027777777777777776,0.0,0.16666666666666666,8.0
0.0,0.027777777777777776,0.0,0.0,0.0,0.0,0.05555555555555555,9.0
0.027777777777777776,0.0,0.0,0.0,0.0,0.041666666666666664,0.2638888888888889,10.0
0.027777777777777776,0.0,0.0,0.0,0.0,0.041666666666666664,0.4305555555555555,11.0
0.0,0.009259259259259259,0.009259259259259259,0.0,0.0,0.027777777777777776,0.28703703703703703,12.0
0.027777777777777776,0.0,0.0,0.0,0.0,0.0,0.05555555555555555,13.0
