oj,ic,og,eg,oc,jj,ii,se,gg,sh,sc,go,es,sj,ci,io,so,si,gc,sg,ss,js,cs,jg,os,gs,hs,is,TimeFactor
0.0,0.0,0.0,0.0,0.0,0.0,0.0,0.0,0.0,0.0,0.0,0.0036231884057971015,0.0036231884057971015,0.0036231884057971015,0.004901960784313725,0.004901960784313725,0.004901960784313725,0.007246376811594203,0.020833333333333332,0.021568627450980395,0.028079710144927536,0.03371696504688832,0.040228047740835465,0.041666666666666664,0.056372549019607844,0.09948849104859335,0.12990196078431374,0.2453218243819267,1.0
0.0,0.0,0.0,0.0,0.0,0.0,0.0,0.0,0.027777777777777776,0.08333333333333333,0.16666666666666666,0.0,0.010416666666666666,0.030555555555555558,0.0,0.0,0.0,0.041666666666666664,0.0,0.0,0.05555555555555555,0.08194444444444444,0.16944444444444443,0.0,0.03819444444444444,0.06597222222222222,0.0375,0.024305555555555552,2.0
0.0,0.0,0.0,0.0,0.0,0.0,0.0,0.0,0.0,0.0,0.008333333333333333,0.0,0.027777777777777776,0.027777777777777776,0.0,0.0,0.0,0.0,0.0,0.08333333333333333,0.008333333333333333,0.036111111111111115,0.11388888888888889,0.0,0.07777777777777778,0.1472222222222222,0.022222222222222223,0.11388888888888887,3.0
0.0,0.0,0.0,0.0,0.0,0.0,0.020833333333333332,0.020833333333333332,0.0,0.0,0.0,0.0,0.0625,0.0,0.0,0.0,0.0,0.0,0.0,0.0,0.0625,0.125,0.020833333333333332,0.0,0.13333333333333333,0.06944444444444443,0.044444444444444446,0.27361111111111114,4.0
0.0,0.0,0.0,0.0,0.041666666666666664,0.08333333333333333,0.0,0.0,0.0,0.0,0.0,0.0,0.041666666666666664,0.0,0.0,0.0,0.0,0.020833333333333332,0.0,0.041666666666666664,0.07175925925925926,0.03935185185185185,0.0,0.0,0.0625,0.08101851851851852,0.041666666666666664,0.05787037037037037,5.0
0.0,0.0,0.0,0.0,0.0,0.0,0.0,0.0,0.0,0.016666666666666666,0.041666666666666664,0.0,0.0,0.0,0.0,0.0,0.041666666666666664,0.0,0.0,0.016666666666666666,0.0,0.016666666666666666,0.0,0.0,0.08333333333333333,0.16666666666666666,0.0,0.19999999999999998,6.0
0.0,0.027777777777777776,0.027777777777777776,0.08333333333333333,0.0,0.0,0.0,0.0,0.0,0.0,0.027777777777777776,0.0,0.08333333333333333,0.041666666666666664,0.0,0.0,0.0,0.013888888888888888,0.0,0.0,0.08333333333333333,0.013888888888888888,0.0,0.0,0.1111111111111111,0.041666666666666664,0.027777777777777776,0.16666666666666666,7.0
0.041666666666666664,0.0,0.0,0.0,0.0,0.0,0.0,0.0,0.0,0.0,0.0,0.0,0.08333333333333333,0.0,0.0,0.0,0.0,0.0,0.0,0.041666666666666664,0.20833333333333334,0.0,0.08333333333333333,0.08333333333333333,0.0,0.08333333333333333,0.0,0.041666666666666664,8.0
0.0,0.0,0.0,0.0,0.0,0.0,0.0,0.0,0.0,0.0,0.0,0.0,0.048611111111111105,0.0,0.0,0.0,0.0,0.027777777777777776,0.0,0.0,0.048611111111111105,0.0,0.08333333333333333,0.0,0.0,0.020833333333333332,0.08333333333333333,0.1875,9.0
0.0,0.0,0.0,0.0,0.0,0.0,0.0,0.0,0.0,0.0,0.0,0.0,0.0,0.010416666666666666,0.0,0.0,0.0,0.010416666666666666,0.0,0.0,0.041666666666666664,0.0,0.010416666666666666,0.0,0.041666666666666664,0.22916666666666666,0.010416666666666666,0.14583333333333334,10.0
0.0,0.0,0.0,0.0,0.0,0.0,0.0,0.0,0.0,0.0,0.0,0.0,0.0,0.0,0.0,0.0,0.0,0.0,0.0,0.0,0.0,0.027777777777777776,0.1111111111111111,0.027777777777777776,0.0,0.16666666666666666,0.08333333333333333,0.08333333333333333,11.0
0.0,0.0,0.0,0.0,0.0,0.0,0.0,0.0,0.08333333333333333,0.0,0.0,0.0,0.0,0.0,0.0,0.0,0.0,0.0,0.0,0.0,0.0,0.08333333333333333,0.08333333333333333,0.0,0.08333333333333333,0.0,0.0,0.08333333333333333,12.0
0.0,0.0,0.0,0.0,0.0,0.0,0.0,0.0,0.0,0.0,0.0,0.0,0.0,0.0,0.0,0.0,0.0,0.0,0.0,0.08333333333333333,0.0,0.08333333333333333,0.0,0.0,0.16666666666666666,0.08333333333333333,0.0,0.0,13.0
