go,cc,ic,og,sh,hg,jg,hi,ii,jo,eg,cg,sc,ie,se,gj,ig,gi,sj,hs,cs,es,os,si,gg,sg,js,is,gs,ss,TimeFactor
0.0,0.0,0.0,0.0,0.0,0.0,0.0,0.0,0.0,0.0,0.0,0.0,0.0,0.0,0.0,0.0,0.0,0.0,0.0,0.0021929824561403508,0.0021929824561403508,0.002976190476190476,0.004629629629629629,0.004629629629629629,0.005555555555555556,0.010526315789473684,0.011449077238550922,0.030778334725703144,0.08891452115136327,0.7528214475582896,1.0
0.0,0.0,0.0,0.0,0.0,0.0,0.0,0.0,0.0,0.0,0.0,0.0,0.0,0.0,0.0,0.0,0.0,0.0026041666666666665,0.005208333333333333,0.0,0.0,0.005208333333333333,0.005208333333333333,0.0078125,0.016666666666666666,0.0,0.021354166666666664,0.02361111111111111,0.05810185185185185,0.604224537037037,2.0
0.0,0.0,0.0,0.0,0.0,0.0,0.0,0.0,0.0,0.0,0.0,0.0,0.0,0.0,0.0,0.0,0.0,0.0,0.0,0.005952380952380952,0.010139472455648925,0.027777777777777776,0.0,0.013888888888888888,0.027777777777777776,0.005952380952380952,0.00721677559912854,0.0379172502334267,0.03317577030812325,0.746868191721133,3.0
0.0,0.0,0.0,0.0,0.0,0.0,0.0,0.0,0.0,0.0,0.0,0.0,0.0,0.0,0.0,0.0,0.0,0.013888888888888888,0.0,0.001488095238095238,0.009259259259259259,0.001488095238095238,0.001893939393939394,0.006696428571428571,0.029265873015873013,0.021494708994708994,0.003968253968253968,0.04754539442039441,0.07833786583786584,0.7013398638398637,4.0
0.0,0.0,0.0,0.0,0.0,0.0,0.0,0.0,0.0,0.0,0.0,0.0,0.0,0.0,0.0,0.0016025641025641027,0.0016025641025641027,0.0,0.041666666666666664,0.0018115942028985507,0.0,0.0,0.0,0.01570048309178744,0.002793040293040293,0.057460901027077495,0.012351190476190476,0.021286563677868024,0.09334846117934352,0.6670426378466661,5.0
0.0,0.0,0.0,0.0,0.0,0.0,0.0,0.0,0.0,0.0,0.0,0.0,0.0,0.0016025641025641027,0.002777777777777778,0.0,0.002777777777777778,0.0,0.0,0.0,0.004053544494720966,0.00438034188034188,0.00438034188034188,0.0,0.002777777777777778,0.009935897435897435,0.0016025641025641027,0.06136563599798894,0.03998150542268189,0.7810309380162322,6.0
0.0,0.0,0.0,0.0,0.0,0.0,0.0,0.0,0.0,0.0,0.0,0.013888888888888888,0.013888888888888888,0.0,0.0,0.0,0.0,0.0,0.0,0.0,0.0,0.0,0.0,0.0,0.0,0.02150848765432099,0.01286764705882353,0.025683795598011285,0.04084836391821686,0.7879805946595163,7.0
0.0,0.0,0.0,0.0,0.0,0.0,0.0023148148148148147,0.0026041666666666665,0.005208333333333333,0.005952380952380952,0.006944444444444444,0.0,0.0,0.0,0.0,0.005952380952380952,0.005952380952380952,0.0,0.006944444444444444,0.004050925925925926,0.001736111111111111,0.0,0.0,0.006944444444444444,0.0,0.014880952380952378,0.0,0.025917658730158725,0.07779431216931217,0.7434689153439153,8.0
0.0,0.0,0.0,0.0,0.0,0.004519400352733686,0.0,0.0,0.0,0.0,0.0015432098765432098,0.0,0.0,0.0015432098765432098,0.0,0.0,0.004166666666666667,0.013425925925925924,0.0,0.004166666666666667,0.0032051282051282055,0.0015432098765432098,0.0,0.010802469135802469,0.011904761904761904,0.01014957264957265,0.012362637362637362,0.028866503866503867,0.06506071089404424,0.6600732600732601,9.0
0.0,0.0,0.0,0.0,0.006944444444444444,0.0,0.006944444444444444,0.0,0.0,0.0,0.0,0.0,0.0,0.0,0.0,0.006944444444444444,0.0,0.0,0.0,0.006944444444444444,0.013888888888888888,0.0,0.0,0.0,0.020833333333333332,0.01388888888888889,0.018055555555555557,0.001388888888888889,0.1013888888888889,0.5527777777777777,10.0
0.0,0.0,0.0,0.004629629629629629,0.0,0.0,0.0,0.0,0.006944444444444444,0.0,0.0,0.0,0.0,0.0,0.0,0.0,0.0,0.0,0.0,0.0,0.0,0.007407407407407407,0.006944444444444444,0.006944444444444444,0.01074074074074074,0.013518518518518518,0.0023148148148148147,0.00992063492063492,0.10626240079365079,0.5743725198412699,11.0
0.0,0.0,0.0,0.0,0.0,0.0,0.0,0.0,0.0,0.0,0.0,0.0,0.0,0.0,0.0,0.0,0.0,0.0,0.0,0.010416666666666666,0.0,0.0,0.0032051282051282055,0.0,0.0,0.004629629629629629,0.0,0.020032051282051284,0.054754273504273504,0.5736289173789174,12.0
0.004166666666666667,0.004166666666666667,0.004166666666666667,0.0,0.0,0.0,0.0,0.0,0.0,0.0,0.0,0.0,0.0,0.0,0.004166666666666667,0.0,0.009455128205128206,0.0,0.0,0.0032051282051282055,0.010576923076923076,0.006250000000000001,0.01011904761904762,0.0032051282051282055,0.008035714285714285,0.0073717948717948725,0.016826923076923076,0.06845238095238095,0.06038232600732601,0.5294528388278389,13.0
