gh,jg,jo,so,si,gi,hs,sc,os,es,is,js,cs,gs,ss,TimeFactor
0.0,0.0,0.0016666666666666668,0.0016666666666666668,0.0016666666666666668,0.0032051282051282055,0.004270833333333334,0.020833333333333332,0.030353535353535355,0.041666666666666664,0.05881725912975913,0.06060727466977467,0.0625462962962963,0.08898423335923335,0.6237154396529396,1.0
0.0,0.0,0.0,0.0,0.0,0.0,0.013888888888888888,0.0,0.022222222222222223,0.020833333333333332,0.03273809523809524,0.041666666666666664,0.022222222222222223,0.03472222222222222,0.4783730158730159,2.0
0.0,0.0,0.0,0.0,0.0,0.0,0.0,0.0,0.0,0.041666666666666664,0.020833333333333332,0.0625,0.0625,0.022222222222222223,0.7069444444444445,3.0
0.0,0.0,0.0,0.004166666666666667,0.04583333333333334,0.0,0.004166666666666667,0.0,0.004166666666666667,0.0,0.06666666666666667,0.020833333333333332,0.041666666666666664,0.03333333333333333,0.5291666666666667,4.0
0.0,0.0,0.0,0.0,0.0,0.0,0.010416666666666666,0.0,0.041666666666666664,0.0,0.020833333333333332,0.0,0.041666666666666664,0.0625,0.40625,5.0
0.0,0.0,0.0,0.0,0.0,0.0,0.0,0.0,0.01909722222222222,0.0,0.03125,0.0625,0.005208333333333333,0.11805555555555554,0.513888888888889,6.0
0.0,0.0,0.0,0.0,0.0,0.0,0.0,0.0,0.041666666666666664,0.0,0.125,0.0,0.0,0.0,0.4166666666666667,7.0
0.0,0.0,0.0,0.0,0.0,0.0,0.0,0.0,0.07688492063492064,0.0,0.054563492063492064,0.018849206349206348,0.00974025974025974,0.06561147186147186,0.6910173160173159,8.0
0.0,0.010416666666666666,0.0,0.0,0.0,0.0,0.006944444444444444,0.0,0.0,0.0,0.020833333333333332,0.0,0.08234126984126984,0.08283730158730158,0.46329365079365076,9.0
0.0,0.0,0.0,0.0,0.0,0.0,0.020833333333333332,0.0,0.005208333333333333,0.005208333333333333,0.041666666666666664,0.0,0.041666666666666664,0.041666666666666664,0.5104166666666666,10.0
0.020833333333333332,0.0,0.0,0.0,0.0,0.0,0.020833333333333332,0.0,0.04583333333333334,0.013888888888888888,0.030555555555555558,0.013888888888888888,0.07361111111111111,0.020833333333333332,0.42638888888888893,11.0
0.0,0.0,0.0,0.0,0.0,0.0,0.0,0.0,0.0,0.0,0.006944444444444444,0.013888888888888888,0.0,0.02314814814814815,0.6226851851851852,12.0
0.0,0.0,0.0,0.0,0.0,0.0,0.0,0.0,0.020833333333333332,0.0,0.0,0.0,0.0,0.0,0.4791666666666667,13.0
