gg,gc,ce,jg,ei,sg,jo,sc,so,si,os,es,jj,hs,gs,cs,is,js,ss,TimeFactor
0.0,0.0,0.0,0.0,0.0,0.0,0.0,0.0,0.0,0.0,0.0,0.0,0.003787878787878788,0.024999999999999998,0.05595238095238095,0.06136363636363636,0.0628968253968254,0.0927128427128427,0.4482864357864358,1.0
0.0,0.0,0.0,0.0,0.0,0.0,0.0,0.002976190476190476,0.010416666666666666,0.013888888888888888,0.024305555555555552,0.027777777777777776,0.0,0.023809523809523808,0.023809523809523808,0.03720238095238095,0.07539682539682539,0.06696428571428571,0.3601190476190476,2.0
0.0,0.0,0.0,0.0,0.0,0.0,0.005208333333333333,0.0,0.0,0.0,0.01909722222222222,0.0,0.0,0.0,0.005208333333333333,0.0954861111111111,0.03125,0.015625,0.4114583333333333,3.0
0.0,0.0,0.0,0.008333333333333333,0.010416666666666666,0.013888888888888888,0.0,0.0,0.0,0.0,0.044642857142857144,0.0,0.0,0.041666666666666664,0.025198412698412703,0.03561507936507937,0.0505952380952381,0.04345238095238096,0.4761904761904762,4.0
0.0,0.013888888888888888,0.01984126984126984,0.0,0.0,0.0,0.0,0.0,0.0,0.0,0.026785714285714284,0.022321428571428572,0.0,0.010416666666666666,0.04067460317460317,0.024305555555555552,0.010416666666666666,0.15625,0.341765873015873,5.0
0.0,0.0,0.0,0.0,0.0,0.0,0.0,0.0,0.0,0.0,0.1087962962962963,0.0,0.0,0.06712962962962964,0.0,0.004629629629629629,0.0,0.07175925925925926,0.33101851851851855,6.0
0.0,0.0,0.0,0.0,0.0,0.0,0.0,0.020833333333333332,0.0,0.0,0.013888888888888888,0.0,0.0,0.0,0.03125,0.07291666666666667,0.024305555555555552,0.052083333333333336,0.2847222222222222,7.0
0.0,0.0,0.0,0.0,0.0,0.0,0.0,0.0,0.0,0.0,0.020833333333333332,0.0,0.0,0.0,0.010416666666666666,0.03125,0.020833333333333332,0.052083333333333336,0.28125,8.0
0.08333333333333333,0.0,0.0,0.0,0.0,0.0,0.0,0.0,0.0,0.0,0.041666666666666664,0.0,0.0,0.041666666666666664,0.0,0.041666666666666664,0.041666666666666664,0.0,0.16666666666666666,9.0
0.0,0.0,0.0,0.0,0.0,0.0,0.0,0.0,0.0,0.0,0.0,0.006944444444444444,0.0,0.041666666666666664,0.05555555555555555,0.020833333333333332,0.06944444444444443,0.006944444444444444,0.2986111111111111,10.0
0.0,0.0,0.0,0.0,0.0,0.0,0.0,0.0,0.0,0.0,0.0,0.0,0.0,0.0,0.0,0.041666666666666664,0.0,0.16666666666666666,0.375,11.0
0.0,0.0,0.0,0.0,0.0,0.0,0.0,0.0,0.0,0.0,0.041666666666666664,0.0,0.0,0.0,0.0,0.0,0.041666666666666664,0.0625,0.3541666666666667,12.0
0.0,0.0,0.0,0.0,0.0,0.0,0.0,0.0,0.0,0.0,0.041666666666666664,0.0032051282051282055,0.0,0.024038461538461536,0.0032051282051282055,0.0032051282051282055,0.0,0.11698717948717947,0.3076923076923077,13.0
