ig,ec,io,hg,gg,gc,so,hh,sh,sg,si,ji,sc,es,jc,ii,js,cs,sj,hs,os,eg,ss,gs,is,TimeFactor
0.0,0.0,0.0,0.0,0.0,0.0,0.0,0.0,0.0032051282051282055,0.006410256410256411,0.008107088989441931,0.010416666666666666,0.013009049773755657,0.015318627450980393,0.016666666666666666,0.016666666666666666,0.02464555052790347,0.0306711915535445,0.0347737556561086,0.035889894419306186,0.06245286576168929,0.08333333333333333,0.1227187028657617,0.15607843137254904,0.19296945701357468,1.0
0.0,0.0,0.0,0.0,0.0,0.0,0.0,0.013888888888888888,0.0,0.006944444444444444,0.011904761904761904,0.020833333333333332,0.037698412698412696,0.0,0.0,0.0,0.06944444444444443,0.03472222222222222,0.011904761904761904,0.0625,0.15079365079365079,0.0,0.2083333333333333,0.06746031746031746,0.22023809523809523,2.0
0.0,0.0,0.0,0.0,0.0,0.0,0.005555555555555556,0.0,0.0,0.023076923076923078,0.005555555555555556,0.0,0.013888888888888888,0.0,0.011965811965811965,0.02638888888888889,0.10811965811965812,0.10726495726495726,0.020833333333333332,0.005555555555555556,0.0202991452991453,0.0,0.04957264957264957,0.09925213675213675,0.16933760683760682,3.0
0.0,0.0,0.0,0.0024509803921568627,0.0024509803921568627,0.08333333333333333,0.0,0.0,0.0,0.004901960784313725,0.04861111111111111,0.0,0.0,0.0,0.006944444444444444,0.0,0.037173202614379085,0.049019607843137254,0.0024509803921568627,0.027777777777777776,0.10661764705882353,0.0,0.15563725490196076,0.15931372549019607,0.14665032679738563,4.0
0.0,0.0,0.0,0.0,0.008333333333333333,0.0,0.0,0.0,0.0,0.041666666666666664,0.013888888888888888,0.0,0.0,0.027777777777777776,0.0,0.0,0.016666666666666666,0.022222222222222223,0.0,0.027777777777777776,0.013888888888888888,0.0,0.13333333333333333,0.18055555555555555,0.2638888888888889,5.0
0.0,0.0,0.041666666666666664,0.0,0.0,0.0,0.08333333333333333,0.0,0.0,0.011904761904761904,0.03968253968253968,0.0,0.0,0.0,0.0,0.0,0.011904761904761904,0.14384920634920634,0.0,0.0,0.060515873015873016,0.0,0.11607142857142856,0.20634920634920637,0.11805555555555554,6.0
0.0,0.016666666666666666,0.0,0.0,0.0,0.0,0.0,0.0,0.0,0.008333333333333333,0.016666666666666666,0.008333333333333333,0.0,0.0,0.0,0.0,0.0,0.06388888888888888,0.0,0.025000000000000005,0.027777777777777776,0.0,0.125,0.09166666666666667,0.03333333333333333,7.0
0.004166666666666667,0.0,0.0,0.0,0.0,0.0,0.0,0.0,0.004166666666666667,0.010416666666666666,0.0,0.0,0.0,0.0,0.0,0.0,0.04583333333333334,0.012499999999999999,0.008333333333333333,0.004166666666666667,0.125,0.0,0.10833333333333334,0.05833333333333333,0.035416666666666666,8.0
0.0,0.0,0.0,0.0,0.0,0.0,0.0,0.0,0.0,0.0,0.0,0.0,0.0,0.0,0.0,0.0,0.0,0.0,0.0,0.0,0.08333333333333333,0.0,0.1597222222222222,0.19444444444444442,0.0625,9.0
0.0,0.0,0.0,0.0,0.0,0.0,0.0,0.0,0.0,0.0,0.010416666666666666,0.0,0.0,0.0,0.0,0.0,0.0,0.19965277777777776,0.0,0.026041666666666668,0.020833333333333332,0.0,0.026041666666666668,0.13888888888888887,0.078125,10.0
0.0,0.0,0.0,0.0,0.0,0.0,0.0,0.0,0.0,0.0,0.0,0.0,0.08333333333333333,0.041666666666666664,0.0,0.0,0.0,0.041666666666666664,0.0,0.041666666666666664,0.06944444444444443,0.0,0.08333333333333333,0.041666666666666664,0.09722222222222221,11.0
0.0,0.0,0.0,0.0,0.0,0.0,0.0,0.0,0.0,0.0,0.009259259259259259,0.0,0.0,0.0,0.0,0.0,0.0,0.08333333333333333,0.0,0.0,0.08333333333333333,0.0,0.23611111111111108,0.16203703703703703,0.009259259259259259,12.0
0.0,0.0,0.0,0.0,0.0,0.0,0.0,0.0,0.0,0.0,0.0,0.0,0.0,0.027777777777777776,0.0,0.0,0.020833333333333332,0.125,0.0,0.0,0.041666666666666664,0.0,0.027777777777777776,0.19444444444444442,0.0625,13.0
