io,js,ii,si,gg,so,es,cg,sg,gs,os,is,cs,ss,TimeFactor
0.0,0.0,0.0,0.0,0.0,0.0,0.0,0.0,0.0,0.0,0.013888888888888888,0.013888888888888888,0.013888888888888888,0.125,1.0
0.0,0.0,0.0,0.0,0.0,0.0,0.0,0.0,0.013888888888888888,0.05555555555555555,0.0,0.0,0.013888888888888888,0.16666666666666666,2.0
0.0,0.0,0.0,0.0,0.0,0.0,0.0,0.0,0.0,0.0,0.0,0.027777777777777776,0.0,0.05555555555555555,3.0
0.0,0.0,0.0,0.0,0.0,0.0,0.0,0.0,0.0,0.041666666666666664,0.013888888888888888,0.013888888888888888,0.013888888888888888,0.16666666666666666,4.0
0.0,0.0,0.0,0.0,0.0,0.0,0.0,0.0,0.0,0.0,0.027777777777777776,0.0,0.0,0.05555555555555555,5.0
0.0,0.0,0.0,0.0,0.0,0.0,0.027777777777777776,0.027777777777777776,0.0,0.027777777777777776,0.0,0.041666666666666664,0.0,0.2916666666666667,6.0
0.0,0.0,0.0,0.0,0.0,0.0,0.0,0.0,0.0,0.0,0.0,0.0,0.027777777777777776,0.13888888888888887,7.0
0.0,0.0,0.0,0.0,0.027777777777777776,0.027777777777777776,0.0,0.0,0.027777777777777776,0.013888888888888888,0.06944444444444443,0.0,0.0,0.16666666666666666,8.0
0.0,0.027777777777777776,0.027777777777777776,0.027777777777777776,0.0,0.0,0.0,0.0,0.0,0.0,0.0,0.0,0.0,0.08333333333333333,9.0
0.0,0.0,0.0,0.0,0.0,0.0,0.0,0.0,0.0,0.027777777777777776,0.0,0.0,0.027777777777777776,0.19444444444444442,10.0
0.006944444444444444,0.0,0.0,0.0,0.0,0.006944444444444444,0.0,0.0,0.0,0.0,0.020833333333333332,0.006944444444444444,0.0,0.20833333333333334,11.0
0.0,0.0,0.0,0.0,0.0,0.0,0.0,0.0,0.0,0.027777777777777776,0.0,0.0,0.0,0.2222222222222222,12.0
0.0,0.0,0.0,0.0,0.0,0.0,0.0,0.0,0.0,0.0,0.0,0.0,0.0,0.08333333333333333,13.0
