ic,ci,cc,se,cg,jh,eg,so,ji,sg,oi,sc,sj,ii,eo,gg,jj,sh,si,es,os,hs,gs,js,cs,ss,is,TimeFactor
0.0,0.0,0.0,0.0,0.0,0.0,0.0,0.0,0.0,0.0,0.0,0.0,0.006493506493506493,0.006493506493506493,0.0101010101010101,0.012987012987012986,0.012987012987012986,0.018181818181818184,0.04329004329004329,0.052380952380952375,0.05490620490620491,0.06349206349206349,0.07113997113997113,0.07835497835497834,0.08225108225108224,0.13152958152958152,0.3554112554112554,1.0
0.0,0.0,0.0,0.0,0.0,0.0,0.005681818181818182,0.005681818181818182,0.0101010101010101,0.012175324675324674,0.01515151515151515,0.016594516594516592,0.0,0.0,0.0,0.0,0.0,0.0,0.045508658008658005,0.0,0.1443001443001443,0.04906204906204906,0.18933982683982684,0.05422077922077923,0.15863997113997114,0.06114718614718615,0.23239538239538238,2.0
0.0,0.0,0.0,0.0,0.0,0.045454545454545456,0.0,0.0,0.0,0.045454545454545456,0.0,0.0,0.0,0.004784688995215311,0.0,0.0,0.018181818181818184,0.02751196172248804,0.09090909090909091,0.018181818181818184,0.09569377990430622,0.12320574162679425,0.20374800637958532,0.03333333333333333,0.03708133971291866,0.11004784688995216,0.14641148325358852,3.0
0.0,0.0,0.0,0.0,0.012987012987012986,0.0,0.0,0.0,0.0,0.01515151515151515,0.0,0.0,0.01515151515151515,0.022727272727272728,0.0,0.0,0.0,0.0,0.012987012987012986,0.0,0.1515151515151515,0.08874458874458874,0.11147186147186146,0.0303030303030303,0.04329004329004329,0.10606060606060606,0.3896103896103896,4.0
0.0,0.0,0.0,0.045454545454545456,0.0,0.0,0.0,0.0,0.0,0.0,0.0,0.0,0.0,0.0,0.0,0.018181818181818184,0.0,0.0,0.0,0.018181818181818184,0.11666666666666665,0.09090909090909091,0.12878787878787878,0.1212121212121212,0.05909090909090909,0.018181818181818184,0.20151515151515148,5.0
0.0,0.0,0.0,0.0,0.0,0.0,0.0,0.0,0.0,0.0303030303030303,0.0,0.0,0.0,0.0,0.0,0.0,0.0,0.0,0.045454545454545456,0.0,0.11363636363636363,0.0,0.08333333333333333,0.11363636363636363,0.0,0.06818181818181818,0.09090909090909091,6.0
0.0,0.012987012987012986,0.022727272727272728,0.0,0.0,0.0,0.0,0.0,0.0,0.0,0.09090909090909091,0.0,0.0,0.0,0.0,0.0,0.0,0.0,0.0,0.06818181818181818,0.10606060606060606,0.01515151515151515,0.16666666666666666,0.0,0.012987012987012986,0.06926406926406926,0.07142857142857142,7.0
0.0,0.0,0.0,0.0,0.0,0.0,0.0,0.009090909090909092,0.0,0.013986013986013986,0.0,0.0,0.009090909090909092,0.0,0.0,0.009090909090909092,0.0,0.0,0.0,0.006993006993006993,0.0,0.1,0.1874125874125874,0.0,0.10606060606060606,0.05734265734265734,0.2282051282051282,8.0
0.0,0.0,0.0,0.0,0.0,0.0,0.0,0.0,0.0,0.0,0.0,0.09090909090909091,0.0,0.0,0.0,0.0,0.0,0.0,0.01515151515151515,0.0101010101010101,0.10101010101010101,0.0101010101010101,0.0303030303030303,0.01515151515151515,0.07575757575757575,0.03535353535353535,0.1616161616161616,9.0
0.0,0.0,0.0,0.0,0.0,0.0,0.0,0.0,0.0,0.0303030303030303,0.0,0.0,0.0,0.0,0.0,0.0,0.0,0.0,0.0,0.0,0.0,0.045454545454545456,0.16666666666666666,0.0,0.045454545454545456,0.045454545454545456,0.21212121212121213,10.0
0.0,0.0,0.0,0.0,0.0,0.0,0.0,0.0,0.0,0.0,0.0,0.0,0.0,0.0,0.0,0.0,0.0,0.0,0.0,0.0,0.09090909090909091,0.0,0.22222222222222224,0.0,0.11363636363636363,0.0303030303030303,0.08838383838383838,11.0
0.022727272727272728,0.0,0.0,0.0,0.0,0.0,0.0,0.0,0.0,0.0,0.0,0.0,0.0,0.0,0.0,0.0,0.0,0.0,0.0,0.0,0.11363636363636363,0.0,0.11363636363636363,0.09090909090909091,0.0,0.022727272727272728,0.2727272727272727,12.0
0.0,0.0,0.0,0.0,0.0,0.0,0.0,0.0,0.0,0.0,0.0,0.0,0.0,0.0,0.0,0.0,0.0,0.0,0.0,0.0,0.0,0.0,0.14285714285714285,0.0,0.09090909090909091,0.03896103896103896,0.09090909090909091,13.0
