gsg,iii,ssi,sii,gss,ssg,sgs,sss,TimeFactor
0.0,0.0,0.0,0.0,0.0,0.0,0.0,0.0,1.0
0.0,0.0,0.0,0.0,0.0,0.0,0.0,0.0,2.0
0.0,0.0,0.0,0.0,0.0,0.0,0.0,0.0,3.0
0.0,0.0,0.0,0.0,0.0,0.0,0.0,0.0,4.0
0.0,0.0,0.0,0.0,0.0,0.0,0.0,0.0,5.0
0.0,0.0,0.0,0.0,0.0,0.0,0.0,0.0,6.0
0.0,0.0,0.0,0.0,0.0,0.0,0.0,0.0,7.0
0.0,0.0,0.0,0.0,0.0,0.0,0.0,0.08333333333333333,8.0
0.0,0.0,0.0,0.0,0.0,0.0,0.0,0.08333333333333333,9.0
0.007575757575757576,0.007575757575757576,0.007575757575757576,0.007575757575757576,0.015151515151515152,0.015151515151515152,0.022727272727272724,0.0,10.0
0.0,0.0,0.0,0.0,0.0,0.0,0.0,0.0,11.0
0.0,0.0,0.0,0.0,0.0,0.0,0.0,0.0,12.0
0.0,0.0,0.0,0.0,0.0,0.0,0.0,0.0,13.0
