sso,soo,cis,scs,gsg,isg,sgj,gig,ggi,hos,sos,oss,shg,hgs,ohs,cgg,ssc,scc,gcs,jsj,gsi,sgi,gis,egg,seg,sei,jis,ehs,osi,ggs,sjs,cce,ces,ijs,jss,ise,iis,cgs,igs,hss,eis,csi,sse,see,ssi,sii,egs,sis,ses,jcs,ssj,sjj,css,ssg,hsg,ogs,sgs,iss,sgg,ess,gss,sss,TimeFactor
0.0,0.0,0.0,0.0,0.0,0.0,0.0,0.0,0.0,0.0,0.0,0.0,0.0,0.0,0.0,0.0,0.0,0.0,0.0,0.0,0.0,0.0,0.0,0.0,0.0,0.0,0.0,0.0,0.0,0.0,0.0,0.0,0.0,0.0,0.0,0.0,0.0,0.0,0.0,0.0,0.0,0.0,0.0,0.0,0.0,0.0,0.0,0.010416666666666666,0.013888888888888888,0.020833333333333332,0.020833333333333332,0.020833333333333332,0.020833333333333332,0.020833333333333332,0.041666666666666664,0.041666666666666664,0.041666666666666664,0.052083333333333336,0.0625,0.06944444444444443,0.09375,0.3020833333333333,1.0
0.0,0.0,0.0,0.0,0.0,0.0,0.0,0.0,0.0,0.0,0.0,0.0,0.0,0.0,0.0,0.0,0.0,0.0,0.0,0.0,0.0,0.0,0.0,0.0,0.0,0.0,0.0,0.0,0.0,0.0,0.0,0.0,0.0,0.0,0.0,0.0,0.0,0.0,0.0,0.0,0.0,0.008333333333333333,0.008333333333333333,0.008333333333333333,0.010416666666666666,0.01875,0.024305555555555552,0.01875,0.0,0.0,0.0,0.0,0.0,0.05555555555555555,0.0,0.0,0.016666666666666666,0.027083333333333334,0.05555555555555555,0.041666666666666664,0.09097222222222222,0.36527777777777776,2.0
0.0,0.0,0.0,0.0,0.0,0.0,0.0,0.0,0.0,0.0,0.0,0.0,0.0,0.0,0.0,0.0,0.0,0.0,0.0,0.0,0.0,0.0,0.0,0.0,0.0,0.0,0.0,0.0,0.0,0.0,0.0,0.0,0.0,0.0,0.0,0.0,0.0,0.005952380952380952,0.005952380952380952,0.006944444444444444,0.020833333333333332,0.0,0.005952380952380952,0.005952380952380952,0.0,0.0,0.0,0.0,0.0,0.0,0.0,0.0,0.013888888888888888,0.020833333333333332,0.0,0.0,0.0,0.04067460317460317,0.020833333333333332,0.027777777777777776,0.1716269841269841,0.5694444444444445,3.0
0.0,0.0,0.0,0.0,0.0,0.0,0.0,0.0,0.0,0.0,0.0,0.0,0.0,0.0,0.0,0.0,0.0,0.0,0.0,0.0,0.0,0.0,0.0,0.0,0.0,0.0,0.0,0.0,0.0,0.0,0.0,0.005952380952380952,0.005952380952380952,0.005952380952380952,0.005952380952380952,0.020833333333333332,0.020833333333333332,0.0,0.020833333333333332,0.020833333333333332,0.0,0.0,0.01636904761904762,0.01636904761904762,0.0,0.0,0.0,0.0,0.0,0.0,0.0,0.0,0.0,0.12053571428571429,0.0,0.005952380952380952,0.020833333333333332,0.0,0.12053571428571429,0.041666666666666664,0.08928571428571429,0.37797619047619047,4.0
0.0,0.0,0.0,0.0,0.0,0.0,0.0,0.0,0.0,0.0,0.0,0.0,0.0,0.0,0.0,0.0,0.0,0.0,0.0,0.0,0.0,0.0,0.0,0.0,0.0,0.003787878787878788,0.003787878787878788,0.003787878787878788,0.003787878787878788,0.003787878787878788,0.010416666666666666,0.0,0.0,0.0,0.010416666666666666,0.0,0.0,0.0,0.0,0.003787878787878788,0.003787878787878788,0.0,0.0,0.0,0.003787878787878788,0.007575757575757576,0.0,0.003787878787878788,0.0,0.0,0.0,0.0,0.0,0.04924242424242425,0.0,0.0,0.0,0.007575757575757576,0.05303030303030303,0.003787878787878788,0.08333333333333333,0.32386363636363635,5.0
0.0,0.0,0.0,0.0,0.0,0.0,0.0,0.0,0.0,0.0,0.0,0.0,0.0,0.0,0.0,0.0,0.0,0.0,0.0,0.0,0.0,0.0,0.0,0.005952380952380952,0.005952380952380952,0.0,0.0,0.0,0.0,0.0,0.0,0.0,0.0,0.0,0.0,0.0,0.0,0.0,0.0,0.0,0.0,0.0,0.0,0.0,0.041666666666666664,0.041666666666666664,0.0,0.005952380952380952,0.005952380952380952,0.0,0.0,0.0,0.0,0.04345238095238096,0.0,0.005952380952380952,0.0,0.005952380952380952,0.04345238095238096,0.07023809523809522,0.011904761904761904,0.2119047619047619,6.0
0.0,0.0,0.0,0.0,0.0,0.0,0.0,0.0,0.0,0.0,0.0,0.0,0.0,0.0,0.0,0.0,0.008333333333333333,0.008333333333333333,0.010416666666666666,0.013888888888888888,0.013888888888888888,0.020833333333333332,0.020833333333333332,0.0,0.0,0.0,0.0,0.0,0.0,0.0,0.0,0.0,0.0,0.0,0.0,0.0,0.0,0.0,0.0,0.0,0.0,0.0,0.0,0.0,0.0,0.0,0.0,0.0,0.0,0.0,0.0,0.013888888888888888,0.010416666666666666,0.008333333333333333,0.0,0.0,0.022222222222222223,0.020833333333333332,0.008333333333333333,0.013888888888888888,0.03958333333333333,0.43263888888888885,7.0
0.0,0.0,0.0,0.0,0.0,0.0,0.0,0.0,0.0,0.0,0.0,0.0,0.005952380952380952,0.005952380952380952,0.013888888888888888,0.013888888888888888,0.0,0.0,0.0,0.0,0.0,0.0,0.041666666666666664,0.0,0.0,0.0,0.0,0.0,0.0,0.013888888888888888,0.0,0.0,0.0,0.0,0.0,0.0,0.0,0.0,0.0,0.013888888888888888,0.0,0.0,0.005952380952380952,0.005952380952380952,0.0,0.0,0.0,0.0,0.0,0.0,0.0,0.0,0.013888888888888888,0.04067460317460317,0.0,0.0,0.0,0.06845238095238095,0.04067460317460317,0.0,0.06845238095238095,0.3134920634920635,8.0
0.0,0.0,0.0,0.0,0.0,0.0,0.0,0.010416666666666666,0.010416666666666666,0.013888888888888888,0.013888888888888888,0.027777777777777776,0.0,0.0,0.0,0.0,0.0,0.0,0.0,0.0,0.0,0.0,0.0,0.0,0.0,0.0,0.0,0.0,0.0,0.0,0.0,0.0,0.0,0.0,0.0,0.0,0.0,0.0,0.010416666666666666,0.0,0.0,0.0,0.0,0.0,0.010416666666666666,0.010416666666666666,0.041666666666666664,0.0,0.0,0.0,0.0,0.0,0.0,0.010416666666666666,0.0,0.0,0.0,0.03125,0.010416666666666666,0.05555555555555555,0.052083333333333336,0.2743055555555556,9.0
0.0,0.0,0.0,0.010416666666666666,0.010416666666666666,0.041666666666666664,0.041666666666666664,0.0,0.0,0.0,0.0,0.013888888888888888,0.0,0.010416666666666666,0.0,0.0,0.0,0.0,0.0,0.0,0.0,0.0,0.0,0.0,0.0,0.0,0.0,0.0,0.0,0.010416666666666666,0.0,0.0,0.0,0.0,0.0,0.0,0.0,0.0,0.0,0.0,0.0,0.0,0.0,0.0,0.0,0.0,0.0,0.0,0.0,0.0,0.0,0.0,0.03125,0.0,0.0,0.0,0.0,0.052083333333333336,0.0,0.013888888888888888,0.07638888888888888,0.3541666666666667,10.0
0.0,0.0,0.041666666666666664,0.0,0.0,0.0,0.0,0.0,0.0,0.0,0.0,0.020833333333333332,0.0,0.0,0.0,0.0,0.0,0.0,0.0,0.0,0.0,0.0,0.0,0.0,0.0,0.0,0.0,0.0,0.0,0.041666666666666664,0.0,0.0,0.0,0.0,0.0,0.0,0.0,0.0,0.0,0.0,0.0,0.0,0.0,0.0,0.0,0.0,0.0,0.0,0.0,0.0,0.0,0.0,0.041666666666666664,0.0,0.0,0.0,0.0,0.041666666666666664,0.0,0.0,0.06944444444444443,0.3263888888888889,11.0
0.006944444444444444,0.006944444444444444,0.0,0.0,0.0,0.0,0.0,0.0,0.0,0.0,0.0,0.020833333333333332,0.0,0.0,0.0,0.0,0.020833333333333332,0.020833333333333332,0.0,0.0,0.0,0.0,0.0,0.0,0.0,0.0,0.0,0.0,0.0,0.0,0.0,0.0,0.0,0.0,0.0,0.0,0.0,0.0,0.0,0.0,0.0,0.0,0.0,0.0,0.0,0.0,0.0,0.0,0.0,0.0,0.0,0.0,0.041666666666666664,0.0,0.0,0.0,0.006944444444444444,0.006944444444444444,0.0,0.0,0.05555555555555555,0.22916666666666666,12.0
0.0,0.0,0.0,0.0,0.0,0.0,0.0,0.0,0.0,0.0,0.0,0.0,0.0,0.0,0.0,0.0,0.0,0.0,0.0,0.0,0.0,0.0,0.0,0.0,0.0,0.0,0.0,0.0,0.0,0.008333333333333333,0.0,0.0,0.0,0.0,0.0,0.0,0.0,0.0,0.0,0.016666666666666666,0.0,0.0,0.0,0.0,0.0,0.0,0.0,0.0,0.0,0.0,0.0,0.0,0.0,0.020833333333333332,0.0,0.0,0.005952380952380952,0.0,0.029166666666666664,0.008333333333333333,0.02023809523809524,0.14047619047619048,13.0
