sj,og,ci,so,sh,gg,hh,jg,es,sg,js,hs,os,gs,is,cs,ss,TimeFactor
0.0,0.0,0.0,0.0,0.0,0.0,0.0,0.0,0.003787878787878788,0.005208333333333333,0.017108585858585858,0.018223905723905722,0.026890933140933142,0.0647231240981241,0.08169342231842232,0.09084746272246273,0.6081830206830207,1.0
0.0,0.0,0.0,0.0,0.0,0.0,0.0,0.0,0.0,0.0,0.0021929824561403508,0.0,0.017105263157894738,0.0587719298245614,0.04707602339181286,0.06472431077694235,0.47679615705931494,2.0
0.0,0.0,0.0,0.0,0.0,0.0,0.0021929824561403508,0.010416666666666666,0.0,0.0,0.010416666666666666,0.022660818713450288,0.03724415204678363,0.012609649122807017,0.0665204678362573,0.0650219298245614,0.6062500000000001,3.0
0.0,0.0,0.0,0.0,0.006944444444444444,0.020833333333333332,0.0,0.0,0.0,0.014583333333333332,0.06736111111111111,0.027777777777777776,0.060416666666666674,0.06041666666666667,0.049999999999999996,0.05277777777777778,0.5555555555555555,4.0
0.0,0.0,0.0,0.0,0.0,0.0,0.0,0.0,0.0,0.0,0.028935185185185185,0.0,0.05833333333333333,0.07314814814814814,0.0462962962962963,0.03356481481481481,0.5097222222222222,5.0
0.0,0.0,0.0,0.0032051282051282055,0.0,0.0,0.0,0.0,0.0,0.0,0.03918997668997669,0.0,0.05181623931623932,0.0202991452991453,0.0032051282051282055,0.04865967365967366,0.5836247086247086,6.0
0.0,0.0,0.010416666666666666,0.0,0.0,0.0,0.0,0.0,0.0,0.004629629629629629,0.052083333333333336,0.041666666666666664,0.037037037037037035,0.04861111111111111,0.024305555555555552,0.03125,0.5833333333333333,7.0
0.0,0.004629629629629629,0.0,0.0,0.0,0.0,0.0,0.0,0.018518518518518517,0.0,0.06076388888888889,0.0,0.041666666666666664,0.009259259259259259,0.015046296296296295,0.03819444444444444,0.5619212962962963,8.0
0.0,0.0,0.0,0.0,0.0,0.0,0.0,0.0,0.008333333333333333,0.0,0.020833333333333332,0.0,0.030555555555555558,0.049999999999999996,0.05625,0.030555555555555558,0.5534722222222221,9.0
0.0,0.0,0.0,0.0,0.0,0.0,0.0,0.0,0.006944444444444444,0.0,0.023809523809523808,0.0,0.049999999999999996,0.16170634920634921,0.030555555555555558,0.021230158730158728,0.6224206349206348,10.0
0.0,0.0,0.0,0.0,0.0,0.0,0.0,0.0,0.0,0.0,0.0,0.0,0.05902777777777777,0.09375,0.024305555555555552,0.04513888888888889,0.36111111111111116,11.0
0.041666666666666664,0.0,0.0,0.0,0.0,0.008333333333333333,0.0,0.0,0.0,0.0,0.1729166666666667,0.0,0.049999999999999996,0.12291666666666667,0.0,0.020833333333333332,0.5,12.0
0.0,0.0,0.0,0.0,0.0,0.0,0.0,0.0,0.0,0.0,0.056944444444444436,0.0,0.020833333333333332,0.05092592592592593,0.009259259259259259,0.08842592592592592,0.4402777777777778,13.0
