ic,hi,go,so,cg,ej,gc,ci,sc,gj,hg,ii,os,ge,gh,og,gi,gg,ji,jg,se,cs,ig,jj,sj,js,sh,hs,eg,si,es,sg,is,gs,ss,TimeFactor
0.0,0.0,0.0,0.0,0.0,0.0,0.0,0.0,0.0,0.0,0.0,0.0,0.0,0.0,0.0,0.0,0.0,0.0,0.0043859649122807015,0.004629629629629629,0.004629629629629629,0.004629629629629629,0.004901960784313725,0.006410256410256411,0.006410256410256411,0.006828316610925307,0.00876068376068376,0.009015594541910331,0.01103988603988604,0.018518518518518517,0.023420479302832243,0.0283082986172231,0.0783607802486521,0.24898371247812626,0.36409973580857957,1.0
0.0,0.0,0.0,0.0,0.0,0.0,0.0,0.0,0.0,0.0,0.005555555555555556,0.005555555555555556,0.006410256410256411,0.006944444444444444,0.006944444444444444,0.006944444444444444,0.010416666666666666,0.01736111111111111,0.0,0.0,0.0,0.008541666666666668,0.005208333333333333,0.0,0.0,0.0,0.006944444444444444,0.009743589743589744,0.010416666666666666,0.010416666666666666,0.0,0.02451388888888889,0.15327991452991452,0.13867521367521368,0.23279380341880343,2.0
0.0,0.0,0.0,0.0,0.0,0.0,0.0,0.0,0.0,0.08333333333333333,0.0,0.0,0.0,0.0,0.0,0.0,0.0,0.0,0.0,0.0,0.0,0.0,0.08750000000000001,0.0,0.002976190476190476,0.002976190476190476,0.0,0.006599378881987577,0.0,0.002976190476190476,0.0,0.01493271221532091,0.12411145617667356,0.1502329192546584,0.35769496204278806,3.0
0.0,0.0,0.0,0.0,0.0,0.0,0.0,0.002777777777777778,0.004901960784313725,0.0,0.0,0.010416666666666666,0.006944444444444444,0.0,0.0,0.007575757575757576,0.0,0.013888888888888888,0.0,0.0,0.041666666666666664,0.007679738562091504,0.0,0.0,0.004901960784313725,0.0,0.0,0.0124777183600713,0.0,0.006944444444444444,0.01414141414141414,0.08806818181818181,0.05948826500297088,0.20580065359477126,0.42899212715389173,4.0
0.0,0.0,0.0,0.0,0.0,0.0,0.0,0.0,0.0043859649122807015,0.08333333333333333,0.0,0.0036231884057971015,0.007834757834757835,0.0,0.0,0.0,0.041666666666666664,0.007834757834757835,0.022321428571428572,0.0,0.0,0.0,0.0032051282051282055,0.0,0.015081134646352037,0.006828316610925307,0.0,0.0,0.0,0.0036231884057971015,0.0036231884057971015,0.04455091533180778,0.07754209939564631,0.22331187384105,0.3679007242651408,5.0
0.0,0.0,0.0,0.0,0.0,0.0,0.004901960784313725,0.0,0.041666666666666664,0.0,0.0,0.0022522522522522522,0.011363636363636362,0.0,0.0,0.0,0.004901960784313725,0.05481711658182246,0.0,0.0022522522522522522,0.0,0.0,0.019087269087269088,0.0,0.0022522522522522522,0.006040131040131041,0.0,0.003787878787878788,0.0,0.03577317290552585,0.024621212121212124,0.08436494649729943,0.09101875940111236,0.23093012798895152,0.29663507089977675,6.0
0.0,0.0,0.0,0.0,0.0,0.0,0.0,0.0,0.0,0.0036231884057971015,0.0,0.0,0.0,0.0,0.0,0.0,0.0,0.0,0.015527950310559006,0.027777777777777776,0.011904761904761904,0.0036231884057971015,0.008333333333333333,0.0,0.018315018315018316,0.0036231884057971015,0.006410256410256411,0.010869565217391304,0.0,0.0,0.015527950310559006,0.034489966555183944,0.07447443860487338,0.31157031374422683,0.37059576896533414,7.0
0.0,0.0,0.0,0.0,0.006410256410256411,0.008333333333333333,0.0,0.0,0.0,0.0,0.0,0.0,0.005952380952380952,0.0,0.0,0.0,0.008333333333333333,0.019230769230769232,0.0,0.006410256410256411,0.006410256410256411,0.006410256410256411,0.005952380952380952,0.0,0.005952380952380952,0.009259259259259259,0.0,0.006944444444444444,0.0,0.020454545454545458,0.006944444444444444,0.06438283938283938,0.0816146816146816,0.20384245384245384,0.36049506049506047,8.0
0.0,0.0,0.0,0.0,0.0,0.0,0.0,0.0,0.0,0.0,0.0,0.0,0.007575757575757576,0.005555555555555556,0.08333333333333333,0.0,0.0,0.04248112998112998,0.0,0.005555555555555556,0.0,0.0020833333333333333,0.005555555555555556,0.0,0.008493589743589743,0.0,0.0,0.0,0.0,0.029958236208236205,0.005555555555555556,0.05034729762990633,0.07256065190847799,0.2130474296235166,0.30123035177383006,9.0
0.0,0.0,0.0,0.01273148148148148,0.0,0.0,0.0,0.0,0.009259259259259259,0.0,0.003472222222222222,0.0,0.0,0.0,0.0,0.0,0.0,0.04097222222222222,0.0,0.0,0.009259259259259259,0.0,0.003472222222222222,0.0,0.08333333333333333,0.010416666666666666,0.0,0.009259259259259259,0.006944444444444444,0.0,0.0,0.0,0.05092592592592593,0.2537037037037037,0.25625000000000003,10.0
0.0,0.005952380952380952,0.0064197530864197536,0.0033333333333333335,0.005952380952380952,0.0,0.0,0.0,0.005952380952380952,0.0033333333333333335,0.0,0.0,0.0,0.0,0.0,0.0,0.0,0.054257856341189674,0.0,0.0,0.0,0.005952380952380952,0.011904761904761904,0.0,0.005952380952380952,0.0,0.0,0.011904761904761904,0.0,0.010662177328843996,0.021384479717813053,0.022813852813852814,0.08464886964886964,0.21305014430014432,0.27652477152477156,11.0
0.0,0.013888888888888888,0.0,0.006410256410256411,0.0,0.0,0.0,0.0,0.0,0.0,0.0,0.0,0.010416666666666666,0.016666666666666666,0.0,0.0,0.013888888888888888,0.10300925925925926,0.0,0.0,0.009259259259259259,0.0,0.0,0.0,0.010416666666666666,0.006410256410256411,0.0,0.013888888888888888,0.0,0.023076923076923078,0.0,0.05555555555555556,0.11837606837606839,0.12492877492877492,0.3071403133903134,12.0
0.0026881720430107525,0.0,0.0,0.0,0.0,0.0,0.0026881720430107525,0.0026881720430107525,0.005376344086021505,0.0,0.0,0.005952380952380952,0.014635603345280765,0.0,0.0,0.009176587301587302,0.009259259259259259,0.035095579450418156,0.0,0.0,0.0,0.0,0.01736111111111111,0.0,0.0026881720430107525,0.005952380952380952,0.0,0.022569444444444444,0.0,0.0026881720430107525,0.022860129714968425,0.04617362177846049,0.12612273852193207,0.20892537122375832,0.12376525430960915,13.0
