oc,cs,gs,hs,os,sg,gg,is,ss,TimeFactor
0.0,0.0,0.0,0.0,0.0,0.0,0.0,0.011904761904761904,0.07142857142857142,1.0
0.0,0.0,0.0,0.0,0.0,0.007575757575757576,0.015151515151515152,0.007575757575757576,0.13636363636363635,2.0
0.0,0.0,0.0,0.0,0.0,0.0,0.0,0.0,0.08333333333333333,3.0
0.0,0.0,0.0,0.0,0.0,0.0,0.0,0.0,0.0,4.0
0.0,0.0,0.0,0.0,0.03333333333333333,0.0,0.0,0.0,0.21666666666666667,5.0
0.0,0.0,0.0,0.016666666666666666,0.0,0.0,0.0,0.0,0.06666666666666667,6.0
0.0,0.0,0.0,0.0,0.0,0.0,0.0,0.0,0.0,7.0
0.0,0.0,0.011904761904761904,0.0,0.016666666666666666,0.011904761904761904,0.0,0.0,0.20952380952380953,8.0
0.0,0.0,0.0,0.0,0.013888888888888888,0.0,0.0,0.0,0.1527777777777778,9.0
0.013888888888888888,0.013888888888888888,0.0,0.016666666666666666,0.0,0.0,0.0,0.0,0.37222222222222223,10.0
0.0,0.0,0.016666666666666666,0.0,0.0,0.0,0.0,0.0,0.06666666666666667,11.0
0.0,0.013888888888888888,0.016666666666666666,0.0,0.0,0.016666666666666666,0.0,0.0,0.2027777777777778,12.0
0.0,0.0,0.0,0.0,0.0,0.0,0.0,0.0,0.0,13.0
