oss,gss,ess,css,sis,iss,sss,TimeFactor
0.0,0.0,0.0,0.0,0.041666666666666664,0.041666666666666664,0.25,1.0
0.0,0.0,0.041666666666666664,0.041666666666666664,0.0,0.041666666666666664,0.125,2.0
0.0,0.0,0.0,0.0,0.0,0.041666666666666664,0.041666666666666664,3.0
0.0,0.0,0.0,0.0,0.0,0.0,0.08333333333333333,4.0
0.0,0.041666666666666664,0.0,0.0,0.0,0.0,0.20833333333333334,5.0
0.0,0.0,0.0,0.0,0.0,0.0,0.08333333333333333,6.0
0.0,0.0,0.0,0.0,0.0,0.0,0.16666666666666666,7.0
0.0,0.0,0.0,0.020833333333333332,0.0,0.0,0.0625,8.0
0.041666666666666664,0.0,0.0,0.0,0.0,0.0,0.125,9.0
0.0,0.0,0.0,0.0,0.0,0.0,0.0,10.0
0.0,0.0,0.0,0.0,0.0,0.0,0.08333333333333333,11.0
0.020833333333333332,0.020833333333333332,0.0,0.0,0.0,0.0,0.041666666666666664,12.0
0.0,0.0,0.0,0.041666666666666664,0.0,0.0,0.041666666666666664,13.0
