hs,jg,js,os,ig,ii,cs,is,gs,ss,TimeFactor
0.0,0.006944444444444444,0.006944444444444444,0.013888888888888888,0.020833333333333332,0.020833333333333332,0.020833333333333332,0.03819444444444444,0.048611111111111105,0.40625,1.0
0.0,0.0,0.020833333333333332,0.010416666666666666,0.0,0.0,0.010416666666666666,0.0,0.020833333333333332,0.4375,2.0
0.0,0.0,0.0,0.0,0.0,0.0,0.0,0.020833333333333332,0.0,0.14583333333333334,3.0
0.0,0.0,0.020833333333333332,0.0,0.0,0.0,0.0,0.020833333333333332,0.0,0.20833333333333334,4.0
0.0,0.0,0.0,0.0,0.0,0.0,0.0,0.0,0.020833333333333332,0.14583333333333334,5.0
0.0,0.0,0.0,0.0,0.0,0.0,0.0,0.0,0.0,0.08333333333333333,6.0
0.0,0.0,0.0,0.0,0.0,0.0,0.0,0.0,0.0,0.16666666666666666,7.0
0.0,0.0,0.005208333333333333,0.0,0.0,0.0,0.0,0.0,0.0,0.24479166666666666,8.0
0.0,0.0,0.0,0.0,0.0,0.0,0.0,0.010416666666666666,0.010416666666666666,0.3958333333333333,9.0
0.0,0.0,0.020833333333333332,0.0,0.0,0.0,0.0,0.0,0.0,0.22916666666666666,10.0
0.0,0.0,0.041666666666666664,0.0,0.0,0.0,0.0,0.0,0.0,0.4583333333333333,11.0
0.010416666666666666,0.0,0.052083333333333336,0.010416666666666666,0.0,0.0,0.010416666666666666,0.0,0.0,0.4166666666666667,12.0
0.0,0.0,0.020833333333333332,0.0,0.0,0.0,0.006944444444444444,0.0,0.0,0.38888888888888884,13.0
