"css","ess","ggi","gsg","gss","hss","ics","igs","isc","iss","jss","ois","oss","scs","sgg","sgs","sic","sis","sos","ssg","sss","TimeFactor"
"1",0.00983796296296296,0.000578703703703704,0,0.00231481481481481,0.011766975308642,0.00203423120089787,0,0,0,0.0108024691358025,0.0158179012345679,0.00115740740740741,0.00925925925925926,0,0,0.00231481481481481,0,0,0,0,0.185378086419753,1
"2",0.00405092592592593,0.00231481481481481,0,0,0.00415614478114478,0.00231481481481481,0,0,0,0.00347222222222222,0.0162037037037037,0,0.00289351851851852,0,0,0,0,0,0.000578703703703704,0,0.0896464646464646,2
"3",0.00578703703703704,0,0,0,0.00831228956228956,0.00347222222222222,0,0,0,0.00810185185185185,0.0154671717171717,0,0.00368265993265993,0,0,0,0,0.00115740740740741,0,0,0.144675925925926,3
"4",0.0122053872053872,0,0,0,0.00462962962962963,0,0,0,0.00252525252525253,0.00694444444444444,0.0140993265993266,0,0.00694444444444444,0.00252525252525253,0,0,0,0,0,0,0.167929292929293,4
"5",0.00810185185185185,0.00231481481481481,0,0,0.00231481481481481,0,0,0,0,0.00462962962962963,0.00694444444444444,0,0.00231481481481481,0,0,0,0,0,0,0,0.1065867003367,5
"6",0.00327932098765432,0,0,0,0.00289351851851852,0.000771604938271605,0.00115740740740741,0,0,0.00540123456790123,0.00424382716049383,0,0.00850519079685746,0,0,0,0.00115740740740741,0,0.00231481481481481,0,0.0820180976430976,6
"7",0.00231481481481481,0,0,0,0,0.00231481481481481,0,0,0,0,0.00694444444444444,0,0.00599747474747475,0,0,0,0,0,0,0,0.10111531986532,7
"8",0.00231481481481481,0,0.00126262626262626,0,0.00242003367003367,0,0,0,0,0,0.00925925925925926,0,0.00252525252525253,0,0.00252525252525253,0,0,0,0,0.00252525252525253,0.0825968013468013,8
"9",0.00841750841750842,0,0,0,0.00347222222222222,0,0,0.00231481481481481,0,0,0.00231481481481481,0,0.00126262626262626,0,0,0,0,0,0,0,0.101536195286195,9
"10",0,0,0,0,0.00810185185185185,0.00231481481481481,0,0,0,0.00115740740740741,0.00578703703703704,0,0,0,0,0,0,0,0,0.00231481481481481,0.0844907407407408,10
"11",0.00694444444444444,0.00231481481481481,0,0,0.00946969696969697,0.00252525252525253,0,0,0,0.00231481481481481,0.00462962962962963,0,0.00231481481481481,0,0,0,0,0,0,0,0.102693602693603,11
"12",0.00231481481481481,0,0,0,0.00231481481481481,0,0,0,0,0.00231481481481481,0.00578703703703704,0,0.00115740740740741,0,0,0,0,0,0,0,0.104166666666667,12
"13",0.00115740740740741,0,0,0,0,0.00231481481481481,0,0,0,0.00231481481481481,0.00462962962962963,0,0.00578703703703704,0,0,0,0,0,0,0,0.0955387205387205,13
