sg,jj,se,gg,es,gc,sj,si,js,is,sc,gs,hs,os,cs,ss,TimeFactor
0.0,0.0,0.0,0.0,0.0,0.0,0.0,0.0,0.0,0.0,0.013888888888888888,0.013888888888888888,0.027777777777777776,0.041666666666666664,0.05555555555555555,0.2638888888888889,1.0
0.0,0.0,0.0,0.0,0.0,0.0,0.0,0.0,0.027777777777777776,0.05555555555555555,0.0,0.037037037037037035,0.009259259259259259,0.0,0.037037037037037035,0.4166666666666667,2.0
0.0,0.0,0.0,0.0,0.0,0.0,0.027777777777777776,0.027777777777777776,0.027777777777777776,0.08333333333333333,0.0,0.0,0.0,0.0,0.0,0.3333333333333333,3.0
0.0,0.0,0.009259259259259259,0.009259259259259259,0.009259259259259259,0.027777777777777776,0.0,0.0,0.0,0.009259259259259259,0.0,0.037037037037037035,0.013888888888888888,0.0,0.027777777777777776,0.1898148148148148,4.0
0.0,0.027777777777777776,0.0,0.0,0.009259259259259259,0.0,0.0,0.0,0.027777777777777776,0.009259259259259259,0.0,0.009259259259259259,0.0,0.0,0.0,0.16666666666666666,5.0
0.0,0.0,0.0,0.0,0.0,0.0,0.0,0.0,0.0,0.0,0.0,0.0,0.013888888888888888,0.041666666666666664,0.0,0.1111111111111111,6.0
0.0,0.0,0.0,0.0,0.0,0.0,0.0,0.0,0.0,0.0,0.0,0.0,0.0,0.027777777777777776,0.027777777777777776,0.19444444444444442,7.0
0.009259259259259259,0.0,0.0,0.0,0.0,0.0,0.0,0.0,0.027777777777777776,0.009259259259259259,0.009259259259259259,0.018518518518518517,0.027777777777777776,0.0,0.02314814814814815,0.20833333333333334,8.0
0.027777777777777776,0.0,0.0,0.0,0.0,0.0,0.0,0.0,0.0,0.0,0.0,0.027777777777777776,0.0,0.0,0.027777777777777776,0.08333333333333333,9.0
0.0,0.0,0.0,0.0,0.0,0.0,0.0,0.027777777777777776,0.0,0.027777777777777776,0.0,0.0,0.0,0.027777777777777776,0.027777777777777776,0.2222222222222222,10.0
0.0,0.0,0.0,0.0,0.0,0.0,0.0,0.013888888888888888,0.0,0.027777777777777776,0.0,0.05555555555555555,0.0,0.0,0.027777777777777776,0.29166666666666663,11.0
0.027777777777777776,0.0,0.0,0.027777777777777776,0.0,0.0,0.0,0.0,0.0,0.013888888888888888,0.0,0.0,0.0,0.0,0.013888888888888888,0.08333333333333333,12.0
0.0,0.0,0.0,0.0,0.0,0.0,0.0,0.0,0.0,0.0,0.0,0.027777777777777776,0.0,0.0,0.0,0.13888888888888887,13.0
