gsg,sgs,gss,jss,oss,sss,TimeFactor
0.0,0.0,0.0,0.0,0.020833333333333332,0.14583333333333334,1.0
0.0,0.0,0.0,0.020833333333333332,0.0,0.14583333333333334,2.0
0.0,0.0,0.0,0.0,0.0,0.08333333333333333,3.0
0.0,0.0,0.0,0.0,0.0,0.0,4.0
0.0,0.0,0.0,0.0,0.0,0.0,5.0
0.0,0.0,0.0,0.0,0.0,0.16666666666666666,6.0
0.0,0.0,0.020833333333333332,0.0,0.0,0.22916666666666666,7.0
0.0,0.0,0.0,0.0,0.0,0.0,8.0
0.0,0.0,0.020833333333333332,0.016666666666666666,0.0,0.12916666666666668,9.0
0.020833333333333332,0.020833333333333332,0.020833333333333332,0.0,0.0,0.10416666666666667,10.0
0.0,0.0,0.0,0.0,0.0,0.0,11.0
0.0,0.0,0.0,0.0,0.0,0.16666666666666666,12.0
0.0,0.0,0.0,0.0,0.0,0.0,13.0
