ci,ee,se,sh,og,ii,ce,eg,gi,gg,hs,sg,cs,si,sj,jj,os,js,is,gs,ss,TimeFactor
0.0,0.0,0.0,0.0,0.0,0.0,0.0,0.0,0.004629629629629629,0.005555555555555556,0.005555555555555556,0.00753968253968254,0.009259259259259259,0.013888888888888888,0.017857142857142856,0.027777777777777776,0.03439153439153439,0.04563492063492064,0.05145502645502645,0.08492063492063491,0.5248677248677249,1.0
0.0,0.0,0.0,0.0,0.0,0.0,0.0,0.0,0.0,0.0,0.041666666666666664,0.0,0.0,0.0,0.0,0.0,0.027777777777777776,0.0,0.009259259259259259,0.0,0.4212962962962963,2.0
0.0,0.0,0.0,0.0,0.0,0.0,0.0,0.0,0.0,0.0,0.0,0.027777777777777776,0.0,0.0,0.0,0.0,0.0,0.0,0.0,0.027777777777777776,0.1111111111111111,3.0
0.0,0.0,0.0,0.0,0.0,0.0,0.0,0.0,0.0,0.027777777777777776,0.0,0.027777777777777776,0.0,0.0,0.0,0.0,0.027777777777777776,0.027777777777777776,0.0,0.027777777777777776,0.27777777777777773,4.0
0.0,0.0,0.0,0.0,0.0,0.0,0.027777777777777776,0.027777777777777776,0.0,0.0,0.0,0.0,0.0,0.0,0.0,0.0,0.027777777777777776,0.0,0.0,0.05555555555555555,0.19444444444444442,5.0
0.0,0.0,0.0,0.0,0.0,0.0,0.0,0.0,0.0,0.0,0.0,0.0,0.0,0.0,0.0,0.0,0.0,0.0,0.05555555555555555,0.05555555555555555,0.2222222222222222,6.0
0.0,0.0,0.0,0.0,0.0,0.0,0.0,0.0,0.0,0.0,0.027777777777777776,0.0,0.013888888888888888,0.0,0.0,0.0,0.0,0.0,0.013888888888888888,0.0,0.4444444444444445,7.0
0.0,0.0,0.0,0.0,0.0,0.0,0.0,0.0,0.0,0.0,0.0,0.0,0.0,0.0,0.0,0.0,0.027777777777777776,0.0,0.0,0.027777777777777776,0.27777777777777773,8.0
0.0,0.0,0.0,0.0,0.027777777777777776,0.027777777777777776,0.0,0.0,0.0,0.0,0.013888888888888888,0.0,0.041666666666666664,0.027777777777777776,0.0,0.0,0.041666666666666664,0.027777777777777776,0.027777777777777776,0.027777777777777776,0.40277777777777773,9.0
0.0,0.013888888888888888,0.013888888888888888,0.013888888888888888,0.0,0.0,0.0,0.0,0.0,0.0,0.037037037037037035,0.0,0.0,0.0,0.0,0.013888888888888888,0.0462962962962963,0.027777777777777776,0.0,0.0,0.3333333333333333,10.0
0.0,0.0,0.0,0.0,0.0,0.0,0.0,0.0,0.0,0.0,0.0,0.0,0.0,0.0,0.0,0.0,0.0,0.0,0.05555555555555555,0.0,0.1111111111111111,11.0
0.013888888888888888,0.0,0.0,0.0,0.0,0.0,0.0,0.0,0.0,0.013888888888888888,0.0,0.013888888888888888,0.027777777777777776,0.0,0.0,0.0,0.006944444444444444,0.0,0.06944444444444443,0.027777777777777776,0.4930555555555556,12.0
0.0,0.0,0.0,0.0,0.0,0.0,0.0,0.0,0.0,0.0,0.027777777777777776,0.0,0.027777777777777776,0.0,0.0,0.0,0.0,0.0,0.027777777777777776,0.0,0.3333333333333333,13.0
