ogs,iii,sgi,sos,shs,gso,soo,ssj,ggs,jjs,gsh,shh,scc,ssc,see,his,ise,gsg,osg,sgg,csi,isg,esg,ssg,sgs,jhs,ssi,jss,igs,isi,sis,gsi,sii,scs,ess,css,hss,jis,iis,oss,gss,iss,sss,TimeFactor
0.0,0.0,0.0,0.0,0.0,0.0,0.0,0.0,0.0,0.0,0.0,0.0,0.0,0.0,0.0,0.0,0.0,0.0,0.0,0.0,0.0,0.0,0.0,0.0,0.0,0.0,0.0,0.008333333333333333,0.010416666666666666,0.010416666666666666,0.010416666666666666,0.013888888888888888,0.013888888888888888,0.020833333333333332,0.022222222222222223,0.03472222222222222,0.036111111111111115,0.041666666666666664,0.041666666666666664,0.041666666666666664,0.10069444444444446,0.1111111111111111,0.48194444444444445,1.0
0.0,0.0,0.0,0.0,0.0,0.0,0.0,0.0,0.0,0.0,0.0,0.0,0.0,0.0,0.0,0.0,0.0,0.0,0.0,0.0,0.0,0.0,0.0,0.0,0.0,0.003787878787878788,0.041666666666666664,0.0,0.0,0.0,0.0,0.0,0.041666666666666664,0.0,0.003787878787878788,0.020833333333333332,0.007575757575757576,0.0,0.0,0.020833333333333332,0.003787878787878788,0.05303030303030303,0.5530303030303031,2.0
0.0,0.0,0.0,0.0,0.0,0.0,0.0,0.0,0.0,0.0,0.0,0.0,0.0,0.0,0.0,0.0,0.0,0.0,0.0,0.0,0.0,0.010416666666666666,0.013888888888888888,0.024305555555555552,0.04513888888888889,0.0,0.004629629629629629,0.0,0.0,0.0,0.010416666666666666,0.0,0.004629629629629629,0.0,0.0,0.018518518518518517,0.020833333333333332,0.0,0.0,0.010416666666666666,0.05092592592592593,0.09143518518518517,0.36111111111111116,3.0
0.0,0.0,0.0,0.0,0.0,0.0,0.0,0.0,0.0,0.0,0.0,0.0,0.0,0.0,0.0,0.0,0.0,0.0,0.008333333333333333,0.008333333333333333,0.013888888888888888,0.0,0.0,0.0,0.041666666666666664,0.0,0.0,0.0,0.0,0.0,0.0,0.0,0.013888888888888888,0.0,0.0,0.0,0.0,0.0,0.0,0.013888888888888888,0.07638888888888888,0.049999999999999996,0.44027777777777777,4.0
0.0,0.0,0.0,0.0,0.0,0.0,0.0,0.0,0.0,0.0,0.0,0.0,0.0,0.0,0.005208333333333333,0.005208333333333333,0.005208333333333333,0.041666666666666664,0.0,0.041666666666666664,0.0,0.0,0.0,0.0,0.08333333333333333,0.0,0.0,0.0,0.0,0.0,0.0,0.0,0.0,0.0,0.020833333333333332,0.0,0.041666666666666664,0.0,0.0,0.005208333333333333,0.19270833333333334,0.005208333333333333,0.46875,5.0
0.0,0.0,0.0,0.0,0.0,0.0,0.0,0.0,0.0,0.0,0.010416666666666666,0.010416666666666666,0.020833333333333332,0.020833333333333332,0.0,0.0,0.0,0.0,0.0,0.0,0.0,0.0,0.0,0.0,0.0,0.0,0.0,0.0,0.0,0.0,0.0,0.0,0.0,0.0,0.0,0.020833333333333332,0.0,0.0,0.0,0.03125,0.09375,0.020833333333333332,0.3541666666666667,6.0
0.0,0.0,0.0,0.0,0.0,0.0,0.0,0.0,0.0,0.0,0.0,0.0,0.0,0.0,0.0,0.0,0.0,0.0,0.0,0.0,0.0,0.0,0.0,0.0,0.0,0.0,0.020833333333333332,0.020833333333333332,0.0,0.013888888888888888,0.041666666666666664,0.0,0.027777777777777776,0.0,0.0,0.10416666666666667,0.020833333333333332,0.0,0.0,0.041666666666666664,0.020833333333333332,0.08333333333333333,0.4375,7.0
0.0,0.0,0.0,0.0,0.0,0.0,0.0,0.0,0.010416666666666666,0.020833333333333332,0.0,0.0,0.0,0.0,0.0,0.0,0.0,0.0,0.0,0.0,0.0,0.041666666666666664,0.0,0.0,0.041666666666666664,0.0,0.0,0.020833333333333332,0.0,0.0,0.0,0.0,0.0,0.0,0.0,0.052083333333333336,0.0,0.0,0.0,0.010416666666666666,0.052083333333333336,0.08333333333333333,0.4166666666666666,8.0
0.0,0.0,0.0,0.0,0.0,0.0,0.0,0.041666666666666664,0.0,0.0,0.0,0.0,0.0,0.0,0.0,0.0,0.0,0.0,0.0,0.0,0.0,0.0,0.0,0.0,0.0,0.0,0.0,0.005952380952380952,0.0,0.0,0.0,0.0,0.0,0.0,0.0,0.0,0.0,0.0,0.0,0.08333333333333333,0.020833333333333332,0.041666666666666664,0.30654761904761907,9.0
0.0,0.0,0.0,0.0,0.0,0.005208333333333333,0.005208333333333333,0.0,0.013888888888888888,0.0,0.0,0.0,0.0,0.0,0.0,0.0,0.0,0.0,0.0,0.0,0.0,0.0,0.0,0.0,0.0,0.0,0.0,0.0,0.0,0.0,0.0,0.0,0.0,0.0,0.0,0.01909722222222222,0.005208333333333333,0.0,0.0,0.0,0.04340277777777777,0.03298611111111111,0.20833333333333334,10.0
0.0,0.008333333333333333,0.008333333333333333,0.010416666666666666,0.020833333333333332,0.0,0.0,0.0,0.0,0.0,0.0,0.0,0.0,0.0,0.0,0.0,0.0,0.0,0.008333333333333333,0.0,0.0,0.0,0.0,0.0,0.0,0.0,0.0,0.013888888888888888,0.0,0.008333333333333333,0.008333333333333333,0.0,0.0,0.0,0.0,0.0,0.020833333333333332,0.0,0.008333333333333333,0.06597222222222222,0.049999999999999996,0.041666666666666664,0.39305555555555555,11.0
0.020833333333333332,0.0,0.0,0.0,0.0,0.0,0.0,0.0,0.0,0.0,0.0,0.0,0.0,0.0,0.0,0.0,0.0,0.0,0.0,0.0,0.0,0.0,0.0,0.0,0.0,0.0,0.0,0.0,0.0,0.005952380952380952,0.005952380952380952,0.0,0.0,0.0,0.0,0.0,0.005952380952380952,0.0,0.0,0.047619047619047616,0.0744047619047619,0.047619047619047616,0.2916666666666667,12.0
0.0,0.0,0.0,0.0,0.0,0.0,0.0,0.020833333333333332,0.0,0.0,0.0,0.0,0.0,0.0,0.0,0.0,0.0,0.0,0.0,0.0,0.0,0.0,0.0,0.0,0.041666666666666664,0.0,0.0,0.0,0.0,0.0,0.010416666666666666,0.0,0.0,0.0,0.0,0.0,0.0,0.0,0.0,0.041666666666666664,0.0625,0.03125,0.375,13.0
