js,gg,is,sh,hs,os,gc,si,cs,ii,sg,gs,ss,TimeFactor
0.0,0.0,0.0,0.0,0.0,0.0,0.0,0.0,0.0,0.0,0.016666666666666666,0.045238095238095244,0.1880952380952381,1.0
0.0,0.0,0.0,0.0,0.0,0.0,0.0,0.0,0.0,0.0,0.0,0.0,0.0,2.0
0.0,0.0,0.0,0.0,0.0,0.0,0.0,0.0,0.0,0.0,0.0,0.0,0.0,3.0
0.0,0.0,0.0,0.0,0.0,0.0,0.0,0.0,0.0,0.0,0.0,0.0,0.08333333333333333,4.0
0.0,0.0,0.008333333333333333,0.008333333333333333,0.008333333333333333,0.013888888888888888,0.016666666666666666,0.022222222222222223,0.025000000000000005,0.027777777777777776,0.0,0.03888888888888889,0.24722222222222223,5.0
0.0,0.0,0.0,0.0,0.0,0.0,0.0,0.0,0.0,0.0,0.0,0.0,0.0,6.0
0.0,0.016666666666666666,0.0,0.0,0.0,0.0,0.0,0.0,0.0,0.0,0.03333333333333333,0.016666666666666666,0.016666666666666666,7.0
0.016666666666666666,0.0,0.0,0.0,0.0,0.0,0.0,0.0,0.0,0.0,0.0,0.0,0.06666666666666667,8.0
0.0,0.0,0.0,0.0,0.0,0.0,0.0,0.0,0.0,0.0,0.0,0.0,0.08333333333333333,9.0
0.0,0.0,0.0,0.0,0.0,0.0,0.0,0.0,0.0,0.0,0.0,0.0,0.0,10.0
0.0,0.0,0.0,0.0,0.0,0.0,0.0,0.0,0.0,0.0,0.0,0.009259259259259259,0.07407407407407407,11.0
0.0,0.027777777777777776,0.0,0.0,0.016666666666666666,0.0,0.0,0.0,0.0,0.0,0.005555555555555556,0.019444444444444445,0.18055555555555558,12.0
0.0,0.0,0.0,0.0,0.0,0.0,0.0,0.0,0.0,0.0,0.0,0.0,0.08333333333333333,13.0
