gss,hss,jss,iss,oss,sss,TimeFactor
0.0,0.0,0.0,0.013888888888888888,0.027777777777777776,0.125,1.0
0.0,0.0,0.0,0.0,0.0,0.08333333333333333,2.0
0.013888888888888888,0.013888888888888888,0.027777777777777776,0.027777777777777776,0.0,0.16666666666666666,3.0
0.0,0.0,0.027777777777777776,0.027777777777777776,0.027777777777777776,0.24999999999999997,4.0
0.0,0.0,0.0,0.0,0.0,0.0,5.0
0.0,0.0,0.0,0.0,0.0,0.0,6.0
0.0,0.027777777777777776,0.0,0.0,0.0,0.05555555555555555,7.0
0.0,0.0,0.0,0.0,0.0,0.0,8.0
0.0,0.0,0.0,0.0,0.0,0.0,9.0
0.027777777777777776,0.0,0.0,0.0,0.0,0.05555555555555555,10.0
0.0,0.0,0.0,0.0,0.0,0.0,11.0
0.0,0.0,0.027777777777777776,0.027777777777777776,0.0,0.1111111111111111,12.0
0.0,0.0,0.0,0.0,0.0,0.0,13.0
