sis,isg,gss,sgs,jss,sss,TimeFactor
0.0,0.0,0.0,0.0,0.0,0.0,1.0
0.0,0.0,0.0,0.0,0.0,0.0,2.0
0.0,0.0,0.0,0.0,0.0,0.0,3.0
0.0,0.0,0.0,0.0,0.0,0.08333333333333333,4.0
0.0,0.0,0.0,0.0,0.0,0.0,5.0
0.0,0.0,0.0,0.0,0.020833333333333332,0.0625,6.0
0.0,0.0,0.0,0.0,0.0,0.0,7.0
0.0,0.0,0.0,0.0,0.0,0.0,8.0
0.0,0.0,0.0,0.0,0.0,0.0,9.0
0.020833333333333332,0.020833333333333332,0.020833333333333332,0.020833333333333332,0.0,0.0,10.0
0.0,0.0,0.0,0.0,0.0,0.0,11.0
0.0,0.0,0.0,0.0,0.016666666666666666,0.06666666666666667,12.0
0.0,0.0,0.0,0.0,0.0,0.0,13.0
