og,gi,oo,so,sj,jj,hh,sh,cc,ee,se,hi,gg,sg,jh,js,ig,sc,es,si,cs,hs,ji,os,ii,gs,is,ss,TimeFactor
0.0,0.0,0.0,0.0,0.0,0.0,0.0,0.0,0.0,0.0,0.0,0.0,0.0,0.0,0.0,0.005555555555555556,0.006944444444444444,0.013888888888888888,0.014814814814814814,0.016203703703703703,0.02314814814814815,0.02407407407407407,0.027777777777777776,0.027777777777777776,0.037037037037037035,0.07638888888888888,0.08796296296296297,0.638425925925926,1.0
0.0,0.0,0.0,0.0,0.0,0.0,0.0,0.0,0.0,0.0,0.0,0.0,0.0,0.0,0.0025252525252525255,0.0,0.0,0.0,0.0025252525252525255,0.027777777777777776,0.013888888888888888,0.005050505050505051,0.0,0.013888888888888888,0.027777777777777776,0.0025252525252525255,0.03535353535353535,0.6186868686868686,2.0
0.0,0.0,0.0,0.0,0.0,0.0,0.0,0.0,0.0,0.0,0.0,0.0,0.0,0.03935185185185185,0.0,0.0,0.0,0.0,0.009259259259259259,0.010030864197530864,0.012345679012345678,0.013888888888888888,0.0,0.006944444444444444,0.0030864197530864196,0.05709876543209876,0.06790123456790124,0.44675925925925924,3.0
0.0,0.0,0.0,0.0,0.0,0.0,0.0,0.0,0.0,0.0,0.0,0.0,0.005555555555555556,0.03333333333333333,0.0,0.0,0.0,0.0,0.0,0.009259259259259259,0.009259259259259259,0.0,0.0,0.014814814814814814,0.009259259259259259,0.05092592592592592,0.03333333333333333,0.5009259259259259,4.0
0.0,0.0,0.0,0.0,0.0,0.0,0.0,0.0,0.0,0.003472222222222222,0.003472222222222222,0.003472222222222222,0.027777777777777776,0.08333333333333333,0.0,0.0,0.0,0.0,0.013888888888888888,0.0,0.0,0.027777777777777776,0.0,0.003472222222222222,0.0,0.15625,0.006944444444444444,0.5868055555555556,5.0
0.0,0.0,0.0,0.0,0.0,0.0,0.006944444444444444,0.006944444444444444,0.013888888888888888,0.0,0.0,0.0,0.0,0.0,0.0,0.0,0.0,0.013888888888888888,0.0,0.0,0.013888888888888888,0.0,0.0,0.020833333333333332,0.0,0.06944444444444443,0.013888888888888888,0.4236111111111111,6.0
0.0,0.0,0.0,0.0,0.0,0.0,0.0,0.0,0.0,0.0,0.0,0.0,0.0,0.0,0.0,0.013888888888888888,0.0,0.0,0.0,0.04629629629629629,0.06944444444444443,0.013888888888888888,0.0,0.027777777777777776,0.018518518518518517,0.013888888888888888,0.06944444444444443,0.5601851851851852,7.0
0.0,0.0,0.0,0.0,0.0,0.013888888888888888,0.0,0.0,0.0,0.0,0.0,0.0,0.006944444444444444,0.027777777777777776,0.0,0.013888888888888888,0.0,0.0,0.0,0.0,0.03472222222222222,0.0,0.0,0.006944444444444444,0.0,0.0625,0.08333333333333333,0.5,8.0
0.0,0.0,0.0,0.0,0.027777777777777776,0.0,0.0,0.0,0.0,0.0,0.0,0.0,0.0,0.0,0.0,0.003968253968253968,0.0,0.0,0.0,0.0,0.0,0.0,0.0,0.05555555555555555,0.0,0.013888888888888888,0.027777777777777776,0.37103174603174605,9.0
0.0,0.0,0.003472222222222222,0.003472222222222222,0.0,0.0,0.0,0.0,0.0,0.0,0.0,0.0,0.009259259259259259,0.0,0.0,0.0,0.0,0.0,0.0,0.0,0.01273148148148148,0.003472222222222222,0.0,0.0,0.0,0.032407407407407406,0.021990740740740738,0.24652777777777776,10.0
0.0,0.005555555555555556,0.0,0.006944444444444444,0.0,0.0,0.0,0.013888888888888888,0.0,0.0,0.0,0.0,0.0,0.005555555555555556,0.0,0.009259259259259259,0.0,0.0,0.0,0.005555555555555556,0.0,0.013888888888888888,0.0,0.049537037037037025,0.011111111111111112,0.03333333333333333,0.044444444444444446,0.46759259259259256,11.0
0.013888888888888888,0.0,0.0,0.0,0.0,0.0,0.0,0.0,0.0,0.0,0.0,0.0,0.0,0.0,0.0,0.0,0.0,0.0,0.0,0.003968253968253968,0.0,0.003968253968253968,0.0,0.031746031746031744,0.0,0.0496031746031746,0.03968253968253968,0.35714285714285715,12.0
0.0,0.0,0.0,0.0,0.013888888888888888,0.0,0.0,0.0,0.0,0.0,0.0,0.0,0.0,0.027777777777777776,0.0,0.0,0.0,0.0,0.0,0.006944444444444444,0.0,0.0,0.0,0.027777777777777776,0.0,0.041666666666666664,0.020833333333333332,0.4444444444444444,13.0
