ssg,igs,gss,sic,ics,oss,css,iss,jss,sss,TimeFactor
0.0,0.0,0.0,0.0,0.0,0.0,0.004629629629629629,0.009259259259259259,0.027777777777777776,0.125,1.0
0.0,0.0,0.0,0.0,0.0,0.0,0.0,0.0,0.027777777777777776,0.05555555555555555,2.0
0.0,0.0,0.0,0.0,0.0,0.0,0.0,0.0,0.013888888888888888,0.1527777777777778,3.0
0.0,0.0,0.0,0.0,0.0,0.0,0.0,0.0,0.013888888888888888,0.3194444444444445,4.0
0.0,0.0,0.0,0.0,0.0,0.0,0.027777777777777776,0.0,0.027777777777777776,0.1111111111111111,5.0
0.0,0.0,0.0,0.013888888888888888,0.013888888888888888,0.027777777777777776,0.013888888888888888,0.013888888888888888,0.0,0.08333333333333333,6.0
0.0,0.0,0.0,0.0,0.0,0.0,0.0,0.0,0.027777777777777776,0.13888888888888887,7.0
0.0,0.0,0.0,0.0,0.0,0.0,0.027777777777777776,0.0,0.0,0.13888888888888887,8.0
0.0,0.027777777777777776,0.027777777777777776,0.0,0.0,0.0,0.0,0.0,0.0,0.1111111111111111,9.0
0.027777777777777776,0.0,0.027777777777777776,0.0,0.0,0.0,0.0,0.0,0.013888888888888888,0.18055555555555558,10.0
0.0,0.0,0.027777777777777776,0.0,0.0,0.0,0.0,0.0,0.0,0.13888888888888887,11.0
0.0,0.0,0.0,0.0,0.0,0.0,0.0,0.0,0.0,0.25,12.0
0.0,0.0,0.0,0.0,0.0,0.0,0.0,0.013888888888888888,0.041666666666666664,0.19444444444444442,13.0
