scg,gsi,osg,ggg,jse,see,osi,ogs,sii,sos,ceg,egs,cgs,jsg,ssi,jis,cis,ess,sie,jjj,iee,hsi,shs,gsg,isg,gis,ssg,igs,sgs,sjs,sgg,jjs,scs,sjj,ssj,sis,hss,jss,oss,css,iss,gss,sss
0.0,0.0,0.0,0.0,0.0,0.0,0.0,0.0,0.0,0.0,0.0,0.0,0.0,0.0,0.0,0.0,0.0,0.0,0.0,0.0,0.0,0.0,0.0,0.000992063492063492,0.0017428142428142425,0.0018424036281179136,0.0019157088122605363,0.001984126984126984,0.001984126984126984,0.001984126984126984,0.002666459563011287,0.0036231884057971015,0.0045810428119273695,0.004629629629629629,0.004629629629629629,0.0059181718664477285,0.0191378289288506,0.037442091428872365,0.058066939806521146,0.06834020485700562,0.13257450511902674,0.1401112944707744,0.5058336423548693
0.0,0.0,0.0,0.0,0.0,0.0,0.0,0.0,0.0,0.0,0.0,0.0,0.0,0.0,0.0,0.0,0.0,0.0020325203252032522,0.004166666666666667,0.004166666666666667,0.004166666666666667,0.004166666666666667,0.004166666666666667,0.0,0.0,0.0,0.0,0.0,0.0,0.006944444444444444,0.0,0.0,0.0,0.0,0.0,0.0,0.06468253968253969,0.11393728222996514,0.06091269841269841,0.06848303006839591,0.0863433991482772,0.06958478513356563,0.506245967221577
0.0,0.0,0.0,0.0,0.0,0.0,0.0,0.0,0.0,0.0,0.0,0.0,0.0,0.0,0.0,0.004901960784313725,0.008333333333333333,0.11574074074074076,0.0,0.0,0.0,0.0,0.0,0.0,0.0,0.0,0.0,0.0,0.0030864197530864196,0.0,0.0,0.0,0.0,0.0,0.0,0.006410256410256411,0.022222222222222223,0.07115244958382212,0.09464555052790347,0.06975308641975309,0.1756172839506173,0.08665716999050332,0.34147952628344785
0.0,0.0,0.0,0.0,0.0,0.0,0.0,0.0,0.0,0.0,0.0,0.0,0.0,0.005952380952380952,0.013888888888888888,0.0,0.009259259259259259,0.005952380952380952,0.0,0.0,0.0,0.0,0.0,0.0,0.0,0.0,0.0,0.0,0.0,0.0,0.005952380952380952,0.0,0.0,0.0,0.0,0.0,0.016835016835016835,0.014724310776942355,0.0578042328042328,0.10279249259512417,0.0483555796055796,0.10945767195767196,0.5256920710868078
0.0,0.0,0.0,0.0,0.0,0.0,0.0,0.0,0.0,0.008333333333333333,0.013888888888888888,0.013888888888888888,0.027777777777777776,0.0,0.0,0.0,0.0,0.008333333333333333,0.0,0.0,0.0,0.0,0.0,0.0,0.0,0.0,0.0,0.0,0.0,0.0,0.0,0.0,0.0,0.0,0.0,0.0,0.0,0.1549062049062049,0.002976190476190476,0.20039682539682543,0.049080086580086585,0.07424242424242423,0.44617604617604617
0.0,0.0,0.0,0.0,0.0,0.0,0.0,0.0,0.0,0.005952380952380952,0.0,0.0,0.0,0.0,0.0,0.0,0.0,0.033035714285714286,0.0,0.0,0.0,0.0,0.0,0.0,0.0,0.0,0.0,0.0,0.013888888888888888,0.0,0.0,0.0,0.0,0.0,0.0,0.0,0.02023809523809524,0.0488095238095238,0.16359126984126984,0.08472222222222221,0.04970238095238096,0.062003968253968256,0.43472222222222223
0.0,0.0,0.0,0.0,0.0,0.0,0.0,0.0,0.0,0.0,0.0,0.0,0.0,0.0,0.0,0.0,0.0,0.02638888888888889,0.0,0.0,0.0,0.0,0.0,0.0,0.0,0.0,0.0,0.0,0.0,0.0,0.0,0.0,0.0,0.0,0.0,0.0,0.010185185185185184,0.0712719298245614,0.011111111111111112,0.16224415204678364,0.04814814814814814,0.041666666666666664,0.4623172514619884
0.0,0.0,0.0,0.0,0.0,0.0,0.0,0.0,0.0,0.0,0.0,0.0,0.0,0.0,0.0,0.0,0.0,0.010416666666666666,0.0,0.0,0.0,0.0,0.0,0.0,0.0,0.0,0.0,0.0,0.0,0.0,0.0,0.0,0.0,0.0,0.0,0.009259259259259259,0.0,0.05413105413105413,0.2261904761904762,0.08101851851851853,0.04700854700854701,0.04770807895807896,0.5242673992673993
0.0,0.0,0.0,0.0,0.0,0.0,0.004901960784313725,0.004901960784313725,0.011904761904761904,0.0,0.0,0.0,0.0,0.0,0.011904761904761904,0.0,0.0,0.005208333333333333,0.0,0.0,0.0,0.0,0.0,0.0,0.004901960784313725,0.0,0.0,0.0,0.004901960784313725,0.0,0.0,0.0,0.0,0.0,0.0,0.004901960784313725,0.03968253968253968,0.13854166666666665,0.08234126984126984,0.06572420634920635,0.04171626984126984,0.03603524743230626,0.5424311391223157
0.0,0.0,0.0,0.0,0.006944444444444444,0.006944444444444444,0.0,0.0,0.0,0.0,0.0,0.0,0.0,0.0,0.0,0.0,0.0,0.006410256410256411,0.0,0.0,0.0,0.0,0.006410256410256411,0.0,0.0,0.0,0.0,0.0,0.0,0.0,0.0,0.006410256410256411,0.0,0.0,0.0,0.0,0.021688034188034184,0.11359103859103858,0.10046296296296298,0.11886493136493137,0.08257575757575757,0.03481934731934732,0.41154493654493657
0.0,0.0,0.006944444444444444,0.013157894736842105,0.0,0.0,0.0,0.0,0.0,0.0,0.0,0.0,0.0,0.0,0.0,0.0,0.0,0.006944444444444444,0.0,0.0,0.0,0.0,0.0,0.0,0.0,0.0,0.008771929824561403,0.0,0.0043859649122807015,0.0,0.0043859649122807015,0.0,0.0,0.0,0.0,0.0,0.012896825396825398,0.04348845598845599,0.02665945165945166,0.12626262626262627,0.11026334776334774,0.030179615705931497,0.5223257006151744
0.0,0.010416666666666666,0.0,0.0,0.0,0.0,0.0,0.0,0.0,0.0,0.0,0.0,0.0,0.0,0.0,0.0,0.005952380952380952,0.0,0.0,0.0,0.0,0.0,0.0,0.0,0.0,0.0,0.004166666666666667,0.0,0.010416666666666666,0.0,0.004166666666666667,0.0,0.0,0.0,0.0,0.0,0.0020325203252032522,0.05179755791918822,0.020680894308943088,0.14153753285653156,0.09719229476129347,0.034931841799621006,0.5333749770768385
0.004901960784313725,0.0,0.0,0.00980392156862745,0.0,0.0,0.0,0.0,0.0,0.0,0.0,0.0,0.004901960784313725,0.0,0.0,0.0,0.0,0.006410256410256411,0.0,0.0,0.0,0.0,0.0,0.0,0.0,0.0,0.004901960784313725,0.027777777777777776,0.0,0.0,0.004901960784313725,0.0,0.0,0.0,0.0,0.0,0.06891835016835017,0.11382937596172889,0.0576797385620915,0.03705560507031095,0.041477272727272724,0.11776456114691408,0.41634196413608177
