co,cj,oo,gc,gh,ii,oe,ee,gj,ji,oj,jo,ij,hh,hj,sj,so,ch,og,sg,ec,sh,jh,eg,jj,si,hi,sc,gg,io,go,es,se,oi,jc,cg,hs,jg,ci,os,js,gs,cs,is,ss
0.0,0.0,0.0,0.0,0.0,0.0,0.0,0.0,0.0,0.0,0.0,0.0,0.0,0.0,0.0,0.0,0.0,0.0,0.0,0.0,0.0,0.001937984496124031,0.001937984496124031,0.001937984496124031,0.001937984496124031,0.001937984496124031,0.0043859649122807015,0.006839945280437756,0.007575757575757576,0.009259259259259259,0.009259259259259259,0.009513742071881607,0.009513742071881607,0.00980392156862745,0.011197243755383288,0.011904761904761904,0.014415702856195332,0.015095879232966134,0.016666666666666666,0.017433102959418748,0.02427580579355365,0.07606077592937698,0.12363000446645778,0.159194747221243,0.45428379473397107
0.0,0.0,0.0,0.0,0.0,0.0,0.0,0.0,0.0,0.0,0.0,0.0,0.0,0.0,0.0,0.0,0.0,0.0,0.0,0.0,0.016666666666666666,0.0,0.0,0.0,0.0025252525252525255,0.005050505050505051,0.0,0.0025252525252525255,0.0,0.0,0.0,0.005555555555555556,0.027083333333333334,0.0,0.0,0.0,0.016414141414141412,0.008333333333333333,0.0,0.09160353535353537,0.034406565656565656,0.039962121212121206,0.12146464646464646,0.0865530303030303,0.4585227272727273
0.0,0.0,0.0,0.0,0.0,0.0,0.0,0.0,0.0,0.0,0.0,0.0,0.0,0.0,0.0,0.0,0.0,0.0,0.0,0.003787878787878788,0.0,0.0,0.0,0.0,0.0,0.0,0.0,0.00974025974025974,0.0,0.0,0.0,0.0,0.0,0.0,0.008333333333333333,0.0,0.056134259259259266,0.0,0.0,0.12616792929292928,0.03333333333333333,0.05602002164502165,0.08094336219336219,0.13805465367965367,0.40415163540163546
0.0,0.0,0.0,0.0,0.0,0.0,0.0,0.0,0.0,0.0,0.0,0.0,0.0,0.0,0.0,0.0,0.0,0.0,0.006944444444444444,0.0,0.0,0.0,0.0,0.0,0.0,0.0,0.0,0.0,0.0,0.0,0.0,0.0,0.0,0.0,0.0,0.0,0.008333333333333333,0.009259259259259259,0.027777777777777776,0.05992063492063492,0.11388888888888889,0.1539351851851852,0.010416666666666666,0.17833994708994708,0.3478505291005291
0.0,0.0,0.0,0.0,0.0,0.0,0.0,0.0,0.0,0.0,0.0,0.0,0.0,0.0,0.0024509803921568627,0.0024509803921568627,0.004166666666666667,0.006617647058823529,0.0,0.008333333333333333,0.0,0.0,0.0,0.0024509803921568627,0.0,0.004901960784313725,0.0,0.0,0.0,0.0,0.0,0.0024509803921568627,0.0,0.0,0.0,0.006410256410256411,0.006410256410256411,0.0,0.0,0.07275012569130215,0.05833333333333333,0.05865384615384616,0.08955295793531087,0.06196581196581197,0.5287665493547847
0.0,0.0,0.0,0.0,0.0,0.0,0.0,0.0,0.0,0.001984126984126984,0.001984126984126984,0.001984126984126984,0.001984126984126984,0.016666666666666666,0.0,0.021464646464646464,0.0,0.0,0.001984126984126984,0.003968253968253968,0.0,0.0,0.0,0.0,0.001984126984126984,0.0,0.0,0.0,0.0,0.0,0.001984126984126984,0.00955988455988456,0.022619047619047622,0.0,0.0,0.0,0.017857142857142856,0.0,0.0,0.07616341991341992,0.04858104858104858,0.04662698412698413,0.024720475192173307,0.06515151515151514,0.3827320260103279
0.0,0.0,0.0,0.0,0.0,0.0012254901960784314,0.0012254901960784314,0.0012254901960784314,0.0024509803921568627,0.0,0.0,0.0012254901960784314,0.004629629629629629,0.0,0.0,0.03022875816993464,0.0012254901960784314,0.0,0.0,0.0024509803921568627,0.0,0.0,0.0,0.0,0.0012254901960784314,0.004629629629629629,0.0,0.0,0.0024509803921568627,0.0,0.0,0.0012254901960784314,0.0024509803921568627,0.0024509803921568627,0.0,0.0,0.013888888888888888,0.08333333333333333,0.0,0.19675925925925927,0.02514111705288176,0.07887700534759358,0.025073034264210734,0.07431545850663498,0.2756238859180036
0.0,0.0,0.0,0.0,0.008333333333333333,0.0,0.0,0.010416666666666666,0.0,0.0,0.0,0.0,0.0,0.0,0.0,0.0,0.0,0.0,0.0,0.036111111111111115,0.0,0.0,0.0,0.0,0.0,0.010416666666666666,0.0,0.0,0.0,0.0,0.0,0.0,0.010416666666666666,0.0,0.0,0.0,0.0,0.0,0.0,0.036111111111111115,0.2002314814814815,0.052083333333333336,0.010416666666666666,0.04583333333333334,0.412962962962963
0.0,0.0,0.0,0.006410256410256411,0.0,0.0,0.0,0.0,0.0,0.0,0.0,0.0,0.0,0.0,0.0,0.041666666666666664,0.0,0.0,0.0,0.0,0.0,0.0,0.0,0.0,0.0,0.0,0.0,0.0,0.008333333333333333,0.0,0.0,0.0,0.0,0.008333333333333333,0.0,0.0,0.008333333333333333,0.0,0.0,0.0861111111111111,0.0668859649122807,0.02931473984105563,0.2034900284900285,0.09210526315789473,0.3656826360773729
0.0,0.0,0.0,0.0,0.0,0.0,0.0,0.0,0.0,0.0,0.0,0.0,0.0,0.0,0.0,0.0,0.0,0.0,0.0,0.005747126436781609,0.0,0.0,0.0,0.0,0.0,0.0,0.0,0.0,0.0028735632183908046,0.0,0.0,0.0,0.0,0.0,0.0,0.0,0.041666666666666664,0.0,0.0,0.0422979797979798,0.050191570881226055,0.12036311389759664,0.09378265412748171,0.04794932079414838,0.42846133751306165
0.0,0.005208333333333333,0.005208333333333333,0.0,0.0,0.0,0.0,0.005208333333333333,0.0,0.0,0.005208333333333333,0.0,0.0,0.0,0.0,0.0,0.0,0.0,0.0,0.006944444444444444,0.0,0.0,0.0,0.0,0.0,0.0,0.0,0.004166666666666667,0.0,0.0,0.0,0.0,0.010416666666666666,0.005208333333333333,0.0,0.0,0.006944444444444444,0.0,0.0,0.05694444444444444,0.016987179487179486,0.08333333333333333,0.04946581196581198,0.01995192307692308,0.38547008547008543
0.005208333333333333,0.0,0.003472222222222222,0.0,0.0,0.0,0.0,0.0,0.0,0.0,0.0,0.0,0.0,0.0,0.0,0.003472222222222222,0.003472222222222222,0.0,0.006410256410256411,0.0,0.0,0.0,0.0,0.0,0.0,0.0,0.0,0.0,0.0,0.0,0.0,0.003472222222222222,0.0,0.0,0.0,0.0,0.027430555555555555,0.0,0.0,0.15397970085470084,0.018563034188034188,0.06127136752136752,0.052083333333333336,0.03298611111111111,0.37817841880341874
0.0,0.0,0.0,0.0,0.0,0.0,0.0,0.0,0.0,0.0,0.0,0.0,0.0,0.0,0.0,0.0043859649122807015,0.008771929824561403,0.0,0.0,0.021929824561403508,0.0,0.0,0.0,0.0,0.0,0.0,0.0,0.0,0.0,0.0,0.0,0.0,0.0,0.008333333333333333,0.0,0.0,0.0,0.027777777777777776,0.0,0.0798611111111111,0.10416666666666667,0.08333333333333333,0.07222222222222223,0.09999999999999999,0.4058845029239766
