ee,oj,cg,gi,ie,ji,ge,ig,jj,gh,ei,ii,gg,eo,sh,sg,cc,se,so,si,ci,gc,jg,jc,sc,es,sj,js,os,hs,cs,gs,is,ss
0.0,0.0,0.0,0.0,0.0,0.0,0.0,0.0,0.0,0.0,0.0,0.0,0.0,0.0,0.0,0.0,0.0007122507122507123,0.0011111111111111111,0.0012077294685990338,0.0038433515482695813,0.004629629629629629,0.004629629629629629,0.005175983436853002,0.006263616557734205,0.007553520710640819,0.018417592479826068,0.02082586179164939,0.02256451860703255,0.031220729614367893,0.05128059956378007,0.09153449091452033,0.11463506971582658,0.12009128581266822,0.4943030286956111
0.0,0.0,0.0,0.0,0.0,0.0,0.0,0.0,0.0,0.0,0.0008680555555555555,0.001736111111111111,0.001736111111111111,0.0018115942028985507,0.002847222222222222,0.002847222222222222,0.0,0.0,0.000992063492063492,0.003839285714285714,0.0,0.0,0.0008680555555555555,0.0,0.0011111111111111111,0.019108669108669107,0.001736111111111111,0.04420550313213357,0.019907263630089714,0.03546626984126983,0.06675661596857248,0.07230785820459734,0.07102441338854382,0.5674971299835431
0.0,0.0,0.0,0.0,0.0,0.0,0.0,0.0,0.002976190476190476,0.0032051282051282055,0.0,0.0,0.0,0.0,0.0017006802721088435,0.002976190476190476,0.0,0.0036231884057971015,0.0,0.0,0.0,0.0,0.0017006802721088435,0.0,0.0,0.0,0.004693223443223443,0.12217576993273858,0.0786019536019536,0.016590875480627033,0.04573848770277342,0.0836489594206228,0.16474330303674342,0.4676253692737937
0.0,0.0,0.0,0.0,0.0,0.0,0.0030864197530864196,0.003968253968253968,0.0,0.0,0.0,0.0,0.034038800705467366,0.0,0.0,0.052725669392336055,0.0,0.0,0.0043859649122807015,0.003472222222222222,0.0,0.0,0.005952380952380952,0.0,0.0030864197530864196,0.022839506172839506,0.0,0.05416643135941381,0.04822530864197531,0.019913565966197543,0.030784493284493286,0.135278277602839,0.11165994093625671,0.4664163443768707
0.0,0.0,0.0,0.0,0.001572327044025157,0.0028735632183908046,0.0,0.0,0.0,0.0,0.0,0.001572327044025157,0.0028735632183908046,0.0,0.0,0.007575757575757576,0.0,0.0,0.0,0.0,0.0,0.0,0.008825944170771757,0.0,0.001572327044025157,0.009148084619782733,0.0,0.04322059825882207,0.0337959950842189,0.025344531850712722,0.07021864098013524,0.05913299663299663,0.09057384903866143,0.47503282755261717
0.0,0.0,0.0,0.0053030303030303025,0.0,0.0014619883040935672,0.0,0.0,0.0,0.0,0.0,0.0,0.02840909090909091,0.0,0.0,0.006481481481481481,0.0,0.0,0.0,0.004239766081871345,0.0,0.002777777777777778,0.0,0.0,0.0,0.011742424242424243,0.0,0.05107212475633529,0.0216839447102605,0.04419191919191919,0.024641148325358853,0.15045964026227182,0.05894027999291157,0.5052620503278398
0.0,0.0,0.004901960784313725,0.0,0.0,0.0,0.0,0.0,0.0,0.0,0.0,0.0,0.0020833333333333333,0.0,0.0,0.025562169312169314,0.0,0.0,0.0,0.004901960784313725,0.0,0.0,0.0020833333333333333,0.0,0.0,0.0,0.0013227513227513227,0.028406084656084657,0.03739126535736705,0.027735180701282395,0.10632062146892657,0.07549253693944621,0.03472146391513291,0.5657440047582122
0.0,0.0,0.0,0.0,0.0,0.0,0.0,0.0,0.0,0.0,0.0,0.0,0.0,0.0,0.0020325203252032522,0.014043209876543209,0.0,0.0,0.005208333333333333,0.0,0.0,0.0,0.0020325203252032522,0.0,0.018720821661998132,0.02470238095238095,0.0,0.04241102475554953,0.011407520325203252,0.010193377260569991,0.0292925804967544,0.11763447439071667,0.061613462957569275,0.5773744400056414
0.0,0.0,0.0,0.0,0.0,0.0,0.0,0.0,0.0,0.0,0.0,0.0,0.013528138528138528,0.0,0.0,0.022769993164730006,0.0,0.0,0.0,0.0010964912280701754,0.0,0.0,0.007575757575757576,0.0,0.0,0.010854341736694676,0.01608187134502924,0.04997816510974406,0.025374543756896694,0.02391562685680333,0.0124777183600713,0.051095318510179184,0.07482484620642516,0.6070938542881267
0.0,0.0,0.005208333333333333,0.0,0.0,0.0,0.0,0.0,0.0,0.0,0.0,0.0,0.0,0.0,0.0,0.0014124293785310734,0.0,0.0,0.004166666666666667,0.0,0.0,0.0,0.0,0.0,0.0,0.0068548387096774195,0.0014124293785310734,0.042295045865986265,0.009098428453267164,0.011965811965811965,0.08301844354475933,0.07378822355109008,0.0737962953227442,0.6036497204962681
0.0,0.016666666666666666,0.0,0.0023148148148148147,0.0,0.0,0.0,0.0023148148148148147,0.0,0.0,0.0,0.0,0.011904761904761904,0.0,0.0,0.0026881720430107525,0.0,0.0,0.0026881720430107525,0.041666666666666664,0.0,0.0,0.011904761904761904,0.0,0.0,0.0026881720430107525,0.0,0.07445703191670933,0.005376344086021505,0.04237071172555043,0.03245967741935484,0.08974441030892644,0.09631549752517495,0.4811059907834101
0.0,0.0,0.0,0.0,0.0,0.0,0.0,0.0,0.0,0.0,0.0,0.0,0.0,0.0,0.0,0.031416857360793284,0.0,0.020833333333333332,0.0,0.0,0.0,0.0,0.0,0.0,0.0,0.012719298245614035,0.0021929824561403508,0.024258109040717735,0.00835421888053467,0.0,0.10375372307580545,0.209433456830482,0.09635547201336675,0.40734921542987906
0.011904761904761904,0.0,0.0,0.0,0.0,0.0,0.0,0.0,0.004901960784313725,0.0,0.0,0.0011111111111111111,0.006944444444444444,0.0,0.0,0.0011111111111111111,0.0,0.011904761904761904,0.013015873015873015,0.005526315789473685,0.0,0.0,0.014097744360902255,0.0,0.0011111111111111111,0.014097744360902255,0.006013071895424837,0.022274681802545576,0.0,0.03285323940055398,0.01531400966183575,0.07614158847837675,0.06044274401657629,0.7012337248459203
