hc,hj,ih,jh,cc,ic,ei,go,so,jo,ej,cg,ie,gc,sc,hi,jc,gj,hg,gh,ge,og,ii,ee,gi,jg,ci,jj,sj,ig,ji,se,os,sh,cs,eg,hs,si,js,es,gg,sg,is,gs,ss
0.0,0.0,0.0,0.0,0.0,0.0,0.0,0.0,0.0,0.0,0.0,0.0,0.0,0.0,0.0,0.0,0.0,0.0,0.0,0.0,0.0,0.0,0.0,0.0,0.0,0.0005274261603375527,0.0010288065843621398,0.0012254901960784314,0.0012254901960784314,0.0013020833333333333,0.001366120218579235,0.0016339869281045752,0.0016339869281045752,0.0022542967804405714,0.0026888392487796806,0.002859477124183007,0.004028913731045951,0.00563363531066435,0.007333403168146326,0.00940839963034394,0.023589382871736304,0.0349033704424447,0.038785639668995335,0.11676650647219922,0.658471411672709
0.0,0.0,0.0,0.0,0.0,0.0,0.0,0.0,0.0,0.0,0.0,0.0,0.0,0.0,0.0,0.0,0.0,0.0,0.0009157509157509159,0.0016025641025641027,0.0016025641025641027,0.0016025641025641027,0.0018315018315018317,0.0040021706688373355,0.004290462623795957,0.0,0.0015432098765432098,0.0,0.0016025641025641027,0.0026701368806631965,0.0,0.0024589607922941258,0.0048464542512161556,0.0016025641025641027,0.001718943824206982,0.0015432098765432098,0.002542431113859685,0.007190324295587454,0.005590088923422256,0.005036630036630037,0.026801423073352895,0.018487003574722872,0.04960653961280528,0.06280105302661694,0.5381108842888291
0.0,0.0,0.0,0.0,0.0,0.0,0.0,0.0,0.0,0.0,0.0,0.0,0.0,0.0,0.0,0.0008865248226950354,0.0009157509157509159,0.0036231884057971015,0.0,0.0,0.0,0.0,0.0,0.0,0.0,0.0,0.0,0.0,0.0016501650165016502,0.008462282398452611,0.0,0.0,0.0008865248226950354,0.0,0.0062505466524938776,0.0,0.003592685275853593,0.013554926921263553,0.005225490400337672,0.021103896103896107,0.012721417069243157,0.026698106253614993,0.05323743780686838,0.08785888685848386,0.6699988369427191
0.0,0.0,0.0,0.0,0.0,0.0,0.0,0.0,0.0,0.0,0.0,0.0,0.0,0.0,0.0011737089201877935,0.0,0.0,0.0,0.0,0.0,0.0011737089201877935,0.0017006802721088435,0.001141552511415525,0.0,0.008085996955859969,0.0,0.0006666666666666666,0.0,0.0011737089201877935,0.0,0.0,0.010416666666666666,0.001851851851851852,0.0,0.006150720414440668,0.0,0.0033023638909480276,0.004434825376116961,0.003273343766301513,0.004938716677676753,0.02668109856368173,0.032124394193910215,0.04111339550325601,0.10492953614934093,0.662333730445861
0.0,0.0,0.0,0.0,0.0,0.0,0.0,0.0,0.0,0.0,0.0,0.0,0.0,0.0,0.0007246376811594203,0.0,0.0,0.014515455304928988,0.0,0.0,0.0,0.0,0.007900576886425942,0.0,0.04245283018867924,0.0,0.0,0.0,0.04489442185724459,0.0014946219715956555,0.0035491815152832104,0.0006265664160401002,0.0018150252525252527,0.0,0.0021367521367521365,0.0,0.0008680555555555555,0.00995841488176394,0.006120960095336022,0.016554451099500163,0.02540965525420806,0.05077380569398248,0.03250694813140843,0.13418256520296157,0.6035150748746491
0.0,0.0,0.0,0.0,0.0,0.0,0.0,0.0,0.0,0.0,0.0,0.0,0.0005747126436781609,0.0008680555555555555,0.004655934343434343,0.0,0.0,0.0,0.0,0.0,0.0,0.0,0.006130268199233717,0.0,0.001736111111111111,0.0014427681992337162,0.0008680555555555555,0.0,0.0005747126436781609,0.0069578987143642315,0.0,0.0008680555555555555,0.006118075840643053,0.0005747126436781609,0.004123894158961371,0.0,0.003687980792013521,0.015504007101574313,0.0034299102214429508,0.01757686968090241,0.02564158571701675,0.037479905047299845,0.06924367394213245,0.0806813639522947,0.6279281150473071
0.0,0.0,0.0,0.0,0.0,0.0,0.0,0.0,0.0,0.0,0.0,0.005952380952380952,0.0,0.0,0.005952380952380952,0.0,0.0,0.0007374631268436578,0.0,0.0,0.0,0.0,0.005952380952380952,0.0,0.0016335204745139087,0.004901960784313725,0.0,0.0,0.004127816627816628,0.004744061195674099,0.0032627156520961833,0.0025252525252525255,0.006410256410256411,0.0016025641025641027,0.011785165789998471,0.0,0.0032250253158983846,0.005952380952380952,0.008897818599311137,0.0032627156520961833,0.01470587225654311,0.03943161385479735,0.030188868789552712,0.12466171612133325,0.626752735578281
0.0,0.0,0.0,0.0,0.0,0.0,0.0,0.0,0.0,0.001937984496124031,0.0026881720430107525,0.000946969696969697,0.0,0.0,0.0,0.001893939393939394,0.0,0.001937984496124031,0.0,0.000946969696969697,0.0,0.0016666666666666668,0.0028409090909090906,0.006666666666666667,0.005301808406647117,0.0022910557184750734,0.0,0.0,0.0055033495215909235,0.007436575052854124,0.0,0.00428030303030303,0.001937984496124031,0.0,0.0021209740769835036,0.003604651162790698,0.003565365025466893,0.005877192982456141,0.005043859649122807,0.00467741935483871,0.014741014799154335,0.041333454013507645,0.04210643670433426,0.10522533240226921,0.6400936280223681
0.0,0.0,0.0,0.0,0.0,0.0,0.0,0.0,0.0,0.0,0.0,0.0,0.000778816199376947,0.0,0.0,0.0,0.0,0.0,0.001587877688050086,0.009427609427609429,0.0008771929824561404,0.0,0.015151515151515152,0.0,0.007811186224060807,0.0008771929824561404,0.0,0.0,0.0023813885326982964,0.0033281733746130028,0.0,0.0,0.001893939393939394,0.0,0.0016862544711292796,0.000778816199376947,0.0061546840958605666,0.011293003306050287,0.003326713008937438,0.0025332021642892276,0.031210585510462106,0.03645043608212572,0.042742371389469756,0.12361712278543004,0.5294252523634266
0.0,0.0,0.0,0.0,0.0,0.0,0.0,0.0,0.002623536873666609,0.0,0.0,0.0,0.0,0.0,0.0020325203252032522,0.0,0.0,0.0030864197530864196,0.000591016548463357,0.0,0.0,0.0,0.0030864197530864196,0.000591016548463357,0.006172839506172839,0.0030864197530864196,0.0,0.0011737089201877935,0.08450704225352113,0.0042684528500131335,0.0,0.002623536873666609,0.0,0.0028735632183908046,0.004629629629629629,0.0011737089201877935,0.005747126436781609,0.0,0.00816740474367085,0.004629629629629629,0.027433584232312527,0.01579040708399591,0.016742600412075762,0.12939799167602864,0.5029047573920128
0.0,0.0,0.0,0.0,0.0,0.0,0.0009363295880149813,0.0013986013986013986,0.000641025641025641,0.0,0.0,0.0008503401360544217,0.0009363295880149813,0.0,0.0015432098765432098,0.0008503401360544217,0.0,0.000641025641025641,0.0,0.0,0.0,0.0009363295880149813,0.003884915789677694,0.0015432098765432098,0.0,0.0,0.0,0.0,0.0015432098765432098,0.002393550012597631,0.0,0.0030864197530864196,0.0015432098765432098,0.0,0.0015432098765432098,0.0,0.002976190476190476,0.0075120830044032895,0.0016100178890876566,0.0066148498268398135,0.027606134786478623,0.02605836437921988,0.03185338713245824,0.11240266251235435,0.5090950533380834
0.0,0.0,0.0,0.0,0.0,0.0,0.0,0.0,0.0013440860215053762,0.0,0.0,0.0,0.0,0.0,0.0,0.0026881720430107525,0.0,0.0,0.0,0.0,0.0028735632183908046,0.0,0.0013440860215053762,0.0,0.0026881720430107525,0.0,0.0,0.0026881720430107525,0.0055107526881720435,0.01194743130227001,0.0,0.004824924179762889,0.008198924731182796,0.0,0.0,0.0,0.004124953652206155,0.01431631854323734,0.004124953652206155,0.006813125695216908,0.020904558404558404,0.01556513409961686,0.11183207679314465,0.07085317969633877,0.5406907485049866
0.0007936507936507938,0.0009057971014492754,0.0009057971014492754,0.0012077294685990338,0.0015873015873015875,0.0015873015873015875,0.0,0.0007936507936507938,0.0,0.0,0.0,0.0007936507936507938,0.0,0.0007936507936507938,0.003174603174603175,0.0,0.0,0.0,0.0,0.0,0.0,0.0020167909572721726,0.007786957812167698,0.0,0.00408371117090382,0.0,0.0007936507936507938,0.0,0.0007936507936507938,0.009270665282930185,0.0009057971014492754,0.0007936507936507938,0.006841817186644773,0.0015873015873015875,0.010137981214012777,0.0,0.008497818984983,0.007085495111385079,0.006556639639632933,0.006069680738131303,0.017855774023058504,0.01978034683023208,0.06688503442172042,0.1006007809153779,0.459113321446537
