jsi,ggg,ogs,csc,shs,gsh,ssg,ces,ggi,sig,igg,isi,osg,sgg,csi,sii,gce,jgs,eis,sgs,jos,sjs,sos,sis,ess,jjs,scs,oss,hss,css,iss,gss,jss,sss
0.0,0.0,0.0,0.0,0.0,0.0,0.0,0.0,0.0,0.0,0.0,0.0,0.0,0.0,0.0,0.0,0.0,0.0,0.0,0.0,0.0,0.0,0.0,0.0,0.0,0.004629629629629629,0.013888888888888888,0.027777777777777776,0.05879629629629629,0.0898148148148148,0.09107142857142857,0.0970899470899471,0.11640211640211641,0.33386243386243386
0.0,0.0,0.0,0.0,0.0,0.0,0.0,0.0,0.0,0.0,0.0,0.0,0.0,0.0,0.0,0.0,0.0,0.0,0.0,0.0,0.0,0.010416666666666666,0.020833333333333332,0.027777777777777776,0.04722222222222222,0.0,0.004901960784313725,0.016666666666666666,0.04656862745098039,0.05698529411764706,0.11049836601307189,0.04656862745098039,0.1008986928104575,0.17732843137254903
0.0,0.0,0.0,0.0,0.0,0.0,0.0,0.0,0.0,0.0,0.0,0.0,0.0,0.0,0.0,0.0,0.0,0.0,0.0,0.0,0.005555555555555556,0.0,0.0,0.0,0.0,0.0,0.0,0.013888888888888888,0.0,0.15833333333333333,0.05833333333333333,0.005555555555555556,0.036111111111111115,0.3055555555555555
0.0,0.0,0.0,0.0,0.0,0.0,0.0,0.0,0.0,0.0,0.0,0.0,0.0,0.0,0.0,0.0,0.0,0.009259259259259259,0.020833333333333332,0.027777777777777776,0.0,0.0,0.0,0.0,0.0,0.0,0.0,0.09722222222222222,0.08333333333333333,0.0625,0.051388888888888894,0.03009259259259259,0.0861111111111111,0.36481481481481487
0.0,0.0,0.0,0.0,0.0,0.0,0.0,0.008333333333333333,0.008333333333333333,0.008333333333333333,0.008333333333333333,0.009259259259259259,0.009259259259259259,0.009259259259259259,0.016666666666666666,0.016666666666666666,0.016666666666666666,0.0,0.0,0.0,0.0,0.0,0.0,0.009259259259259259,0.02023809523809524,0.0,0.0,0.029497354497354494,0.011904761904761904,0.04047619047619048,0.018518518518518517,0.06666666666666667,0.30092592592592593,0.05806878306878307
0.0,0.0,0.0,0.0,0.0,0.0,0.006410256410256411,0.0,0.0,0.0,0.0,0.0,0.0,0.006410256410256411,0.0,0.0,0.0,0.0,0.0,0.0,0.0,0.0,0.0,0.0,0.0,0.0,0.0,0.12248168498168498,0.0808150183150183,0.027243589743589744,0.006410256410256411,0.011904761904761904,0.1378205128205128,0.26717032967032966
0.0,0.0,0.016666666666666666,0.041666666666666664,0.041666666666666664,0.041666666666666664,0.0,0.0,0.0,0.0,0.0,0.0,0.0,0.0,0.0,0.0,0.0,0.0,0.0,0.0,0.0,0.0,0.0,0.0,0.0,0.0,0.0,0.016666666666666666,0.0,0.10416666666666667,0.07916666666666666,0.10694444444444444,0.10416666666666667,0.19722222222222222
0.0,0.0,0.0,0.0,0.0,0.0,0.0,0.0,0.0,0.0,0.0,0.0,0.0,0.0,0.0,0.0,0.0,0.0,0.0,0.0,0.0,0.0,0.0,0.0,0.0,0.0,0.0,0.041666666666666664,0.0,0.03273809523809524,0.041666666666666664,0.03273809523809524,0.1349206349206349,0.21626984126984128
0.0,0.08333333333333333,0.0,0.0,0.0,0.0,0.0,0.0,0.0,0.0,0.0,0.0,0.0,0.0,0.0,0.0,0.0,0.0,0.0,0.0,0.0,0.0,0.0,0.0,0.0,0.0,0.0,0.048611111111111105,0.08333333333333333,0.09027777777777778,0.027777777777777776,0.027777777777777776,0.0,0.13888888888888887
0.0,0.0,0.0,0.0,0.0,0.0,0.0,0.0,0.0,0.0,0.0,0.0,0.0,0.0,0.0,0.0,0.0,0.0,0.0,0.0,0.0,0.0,0.0,0.0,0.013888888888888888,0.0,0.0,0.0,0.08333333333333333,0.05555555555555555,0.06944444444444443,0.1111111111111111,0.013888888888888888,0.23611111111111108
0.0,0.0,0.0,0.0,0.0,0.0,0.0,0.0,0.0,0.0,0.0,0.0,0.0,0.0,0.0,0.0,0.0,0.0,0.0,0.0,0.0,0.0,0.0,0.0,0.0,0.0,0.0,0.0,0.0,0.1111111111111111,0.0,0.0,0.2777777777777778,0.19444444444444445
0.016666666666666666,0.0,0.0,0.0,0.0,0.0,0.0,0.0,0.0,0.016666666666666666,0.016666666666666666,0.0,0.0,0.0,0.0,0.0,0.0,0.0,0.0,0.0,0.0,0.020833333333333332,0.011904761904761904,0.0,0.0,0.0,0.0,0.10714285714285714,0.0,0.0,0.020833333333333332,0.0,0.15773809523809523,0.2148809523809524
0.0,0.0,0.0,0.0,0.0,0.0,0.0,0.0,0.0,0.0,0.0,0.0,0.0,0.0,0.0,0.0,0.0,0.0,0.0,0.0,0.0,0.0,0.0,0.0,0.003787878787878788,0.0,0.0,0.09523809523809523,0.01948051948051948,0.003787878787878788,0.0,0.003787878787878788,0.19751082251082253,0.17640692640692643
