shs,ssh,ios,ess,gsc,ssg,scs,gsg,osg,sgg,cgs,jjg,sjs,ocs,iis,igs,hss,sis,sgs,css,jsi,oss,jss,iss,gss,sss
0.0,0.0,0.0,0.0,0.0,0.0,0.0,0.0,0.0,0.0,0.0,0.0,0.0,0.0,0.0,0.0,0.001893939393939394,0.006410256410256411,0.008304195804195806,0.011904761904761904,0.013888888888888888,0.038523976023976024,0.04762598512598513,0.08760683760683761,0.13938145188145187,0.4777930402930402
0.0,0.0,0.0,0.0,0.0,0.0,0.0,0.0,0.0,0.0,0.0,0.0,0.007575757575757576,0.010416666666666666,0.016666666666666666,0.027777777777777776,0.005555555555555556,0.0,0.007575757575757576,0.11180555555555555,0.0,0.027777777777777776,0.11862373737373737,0.1380681818181818,0.11502525252525253,0.32979797979797976
0.0,0.0,0.0,0.0,0.004629629629629629,0.004629629629629629,0.004629629629629629,0.004629629629629629,0.004629629629629629,0.004629629629629629,0.016666666666666666,0.020833333333333332,0.0,0.0,0.0,0.0,0.0,0.0,0.004629629629629629,0.07609427609427609,0.0,0.05664983164983165,0.054503367003367,0.061910774410774416,0.1167087542087542,0.3975589225589226
0.0,0.0,0.0,0.041666666666666664,0.0,0.0,0.0,0.0,0.0,0.0,0.0,0.0,0.0,0.0,0.0,0.0,0.041666666666666664,0.0,0.0,0.18474025974025976,0.0,0.0,0.04547258297258297,0.07088744588744589,0.06648629148629148,0.38241341991341987
0.0,0.0,0.0,0.027777777777777776,0.0,0.0,0.0,0.0,0.0,0.0,0.0,0.0,0.0,0.0,0.0,0.0,0.0,0.0,0.0,0.14930555555555555,0.0,0.013888888888888888,0.0925925925925926,0.009259259259259259,0.1363425925925926,0.4875
0.0,0.0,0.011904761904761904,0.0,0.0,0.0,0.0,0.0,0.0,0.0,0.0,0.0,0.0,0.0,0.0,0.0,0.0,0.0,0.011904761904761904,0.022321428571428572,0.0,0.044642857142857144,0.041666666666666664,0.0,0.027777777777777776,0.42311507936507936
0.0,0.0,0.0,0.011111111111111112,0.0,0.0,0.0,0.0,0.0,0.0,0.0,0.0,0.0,0.0,0.0,0.0,0.0,0.0,0.0,0.024999999999999998,0.0,0.05694444444444444,0.09166666666666667,0.08333333333333333,0.13333333333333333,0.4319444444444444
0.0,0.0,0.0,0.0,0.0,0.0,0.0,0.0,0.003968253968253968,0.003968253968253968,0.0,0.0,0.0,0.0,0.0,0.0,0.015873015873015872,0.0,0.0,0.03571428571428571,0.0,0.1349206349206349,0.023809523809523808,0.007936507936507936,0.041666666666666664,0.3988095238095238
0.0,0.0,0.0,0.013888888888888888,0.0,0.0,0.0,0.0,0.0,0.0,0.0,0.0,0.0,0.0,0.0,0.0,0.041666666666666664,0.0,0.0,0.08333333333333333,0.0,0.0,0.013888888888888888,0.0,0.013888888888888888,0.25
0.0,0.0,0.0,0.0,0.0,0.0,0.0,0.0,0.0,0.0,0.0,0.0,0.0,0.0,0.0,0.0,0.004166666666666667,0.0,0.0,0.041666666666666664,0.0,0.0625,0.024999999999999998,0.0619047619047619,0.0744047619047619,0.48035714285714287
0.0,0.0,0.0,0.013888888888888888,0.0,0.0,0.0,0.0,0.0,0.0,0.0,0.0,0.0,0.0,0.0,0.0,0.0,0.0,0.020833333333333332,0.020833333333333332,0.0,0.027777777777777776,0.027777777777777776,0.006944444444444444,0.1111111111111111,0.2708333333333333
0.013888888888888888,0.013888888888888888,0.0,0.0,0.0,0.0,0.0,0.0,0.0,0.0,0.0,0.0,0.0,0.0,0.0,0.0,0.0,0.0,0.0,0.00980392156862745,0.0,0.1111111111111111,0.004901960784313725,0.08333333333333333,0.03758169934640523,0.4754901960784314
0.0,0.0,0.0,0.020833333333333332,0.0,0.0,0.0,0.0,0.0,0.0,0.0,0.0,0.0,0.0,0.0,0.0,0.016666666666666666,0.0,0.0,0.0,0.0,0.016666666666666666,0.125,0.08333333333333333,0.11805555555555554,0.28611111111111115
