jgs,ess,sso,soo,ghs,sis,ssg,csg,sjh,jhs,esg,sgg,ggs,isg,hss,gsi,sgs,gsg,cgs,gii,iig,scs,shs,jss,css,oss,iss,gss,sss
0.0,0.0,0.0,0.0,0.0,0.0,0.0,0.0,0.0,0.0,0.0,0.0,0.0,0.0,0.0,0.0032051282051282055,0.003472222222222222,0.003472222222222222,0.0036231884057971015,0.0036231884057971015,0.0036231884057971015,0.004629629629629629,0.009259259259259259,0.01813529666790536,0.040997383252818036,0.07238247863247864,0.1462150068128329,0.2076640499194847,0.4796977579586275
0.0,0.0,0.0,0.0,0.0,0.0,0.0,0.0,0.0,0.0,0.0,0.0,0.0,0.006944444444444444,0.04128787878787879,0.0,0.0,0.0,0.0,0.0,0.0,0.0,0.0,0.07916666666666666,0.05735930735930735,0.0,0.1332070707070707,0.037698412698412696,0.5610028860028861
0.0,0.0,0.0,0.0,0.0,0.0,0.0,0.0,0.0,0.0,0.0,0.0,0.003787878787878788,0.0,0.009259259259259259,0.0,0.003787878787878788,0.007575757575757576,0.0,0.0,0.0,0.013888888888888888,0.0,0.05239898989898989,0.10610269360269359,0.13703703703703704,0.022306397306397305,0.05355639730639731,0.5902988215488215
0.0,0.0,0.0,0.0,0.0,0.0,0.0,0.0,0.0,0.0,0.010416666666666666,0.010416666666666666,0.0,0.0,0.0,0.0,0.010416666666666666,0.010416666666666666,0.0,0.0,0.0,0.0,0.0,0.03125,0.1048951048951049,0.21527777777777776,0.02840909090909091,0.006410256410256411,0.5720911033411034
0.0,0.0,0.0,0.0,0.0,0.0,0.0,0.005208333333333333,0.016666666666666666,0.016666666666666666,0.0,0.005208333333333333,0.0,0.0,0.01935483870967742,0.0,0.0026881720430107525,0.0,0.0,0.0,0.0,0.0,0.0,0.025177611367127494,0.025446428571428575,0.024999999999999998,0.023523351648351648,0.02368951612903226,0.5613700815313719
0.0,0.0,0.0,0.0,0.0,0.0,0.0,0.0,0.0,0.0,0.0,0.0,0.0,0.0,0.007575757575757576,0.0,0.0,0.0,0.0,0.0,0.0,0.0,0.0,0.023484848484848487,0.02285353535353536,0.04570707070707072,0.006944444444444444,0.044883357383357386,0.6818843193843193
0.0,0.0,0.0,0.0,0.0,0.0,0.0,0.0,0.0,0.0,0.0,0.0,0.0,0.0,0.020833333333333332,0.0,0.0,0.0,0.0,0.0,0.0,0.0,0.0,0.08952020202020201,0.03585858585858586,0.10606060606060606,0.02638888888888889,0.020833333333333332,0.6171717171717171
0.0,0.0,0.0,0.0,0.005952380952380952,0.027777777777777776,0.027777777777777776,0.0,0.0,0.0,0.0,0.008333333333333333,0.0,0.0,0.005952380952380952,0.0,0.0,0.008333333333333333,0.0,0.0,0.0,0.0,0.0,0.027777777777777776,0.013541666666666667,0.0650462962962963,0.08333333333333333,0.025545634920634917,0.5339616402116402
0.0,0.0,0.0,0.0,0.0,0.0,0.0,0.0,0.0,0.0,0.0,0.0,0.0,0.0,0.017857142857142856,0.0,0.0,0.0,0.0,0.0,0.0,0.0,0.0,0.006944444444444444,0.02613304093567251,0.03859649122807018,0.032957393483709276,0.13881056808688388,0.4887009189640768
0.0,0.0,0.006944444444444444,0.006944444444444444,0.0,0.0,0.010416666666666666,0.0,0.0,0.0,0.0,0.010416666666666666,0.0,0.0,0.0,0.0,0.0,0.0,0.0,0.0,0.0,0.0,0.0,0.010416666666666666,0.08333333333333333,0.04513888888888889,0.03472222222222222,0.052083333333333336,0.4895833333333333
0.0,0.0,0.0,0.0,0.0,0.0,0.0,0.0,0.0,0.0,0.0,0.0,0.0,0.0,0.016666666666666666,0.0,0.0,0.0,0.0,0.0,0.0,0.0,0.0,0.024242424242424242,0.015151515151515152,0.009259259259259259,0.05202020202020202,0.0710016835016835,0.6449915824915825
0.0,0.0,0.0,0.0,0.0,0.005208333333333333,0.0,0.0,0.0,0.0,0.0,0.0,0.0,0.0,0.0,0.0,0.0,0.0,0.0,0.0,0.0,0.0,0.0,0.01948051948051948,0.01278409090909091,0.01278409090909091,0.017992424242424244,0.07156385281385282,0.44352002164502163
0.010416666666666666,0.027777777777777776,0.0,0.0,0.0,0.0,0.0,0.0,0.0,0.0,0.0,0.0,0.0,0.0,0.0,0.0,0.009259259259259259,0.0,0.0,0.0,0.0,0.0,0.0,0.04050925925925926,0.0,0.009259259259259259,0.019675925925925927,0.13525132275132276,0.5811838624338623
