sj,eg,ji,jo,jj,og,ic,cg,so,hh,sh,oj,gc,jg,gi,sc,ig,oo,ie,sg,si,gg,jc,ii,js,es,hs,cs,is,os,gs,ss
0.0,0.0,0.0,0.0,0.0,0.0,0.0,0.0,0.0,0.0,0.0,0.0,0.0,0.0012437810945273632,0.0012437810945273632,0.0012437810945273632,0.0012437810945273632,0.0016025641025641027,0.0032051282051282055,0.0037313432835820895,0.00421997157071784,0.0058208955223880594,0.006410256410256411,0.008928571428571428,0.010063319764812303,0.011795729146475415,0.016666666666666666,0.032421170247662785,0.0406114573651887,0.04524145009219636,0.13306243211788624,0.671243919697794
0.0,0.0,0.0,0.0,0.0,0.0,0.0,0.0,0.0,0.0,0.0,0.0,0.005952380952380952,0.0,0.0,0.0,0.0028735632183908046,0.0,0.0,0.09186552557054806,0.009219348659003831,0.0014367816091954023,0.005952380952380952,0.0014367816091954023,0.003472222222222222,0.0014367816091954023,0.011699507389162561,0.008877257799671592,0.035355090311986866,0.03590243568691844,0.08996394659812951,0.5278893291449513
0.0,0.0,0.0,0.0,0.0,0.0,0.0,0.0,0.0,0.0,0.0,0.0016339869281045752,0.0,0.0,0.0012077294685990338,0.0016339869281045752,0.0036231884057971015,0.0,0.0,0.018364592213697073,0.0012077294685990338,0.0,0.0,0.0036231884057971015,0.015522875816993464,0.0,0.002841716396703609,0.029825105272675605,0.04531245963471028,0.03827921155286884,0.08982084269808055,0.7471033868092691
0.0,0.0,0.0,0.0,0.0,0.0,0.0,0.0,0.0,0.0,0.0,0.009259259259259259,0.0,0.0,0.0,0.0,0.0024509803921568627,0.0,0.0,0.010185185185185184,0.010185185185185184,0.0024509803921568627,0.0,0.0,0.009259259259259259,0.0032051282051282055,0.021070051952404894,0.03457767722473606,0.06481976629035452,0.03682412358882947,0.08979137173312869,0.7059210313322156
0.0,0.0,0.0,0.0,0.002777777777777778,0.002777777777777778,0.004901960784313725,0.004901960784313725,0.008333333333333333,0.027777777777777776,0.027777777777777776,0.0,0.0,0.0,0.0,0.0,0.0,0.0,0.0,0.01146761734997029,0.005952380952380952,0.0,0.0,0.0,0.009343434343434343,0.004901960784313725,0.054645191409897285,0.025036075036075037,0.05769830659536543,0.013131313131313133,0.04101811179017061,0.6142239092606739
0.0,0.0,0.003472222222222222,0.003472222222222222,0.0,0.003472222222222222,0.0,0.0,0.0030864197530864196,0.0,0.0,0.0,0.0,0.0,0.0,0.0,0.0,0.0,0.0,0.005555555555555556,0.003472222222222222,0.0,0.0,0.0,0.014583333333333332,0.0,0.01759259259259259,0.006944444444444444,0.03477564102564102,0.015200617283950618,0.07205009496676162,0.8163224121557455
0.003968253968253968,0.008333333333333333,0.0,0.0,0.0,0.0,0.0,0.0,0.0,0.0,0.009259259259259259,0.0,0.0,0.003968253968253968,0.0,0.0,0.0,0.0,0.0,0.0,0.0,0.0,0.0,0.0,0.011904761904761904,0.01771825396825397,0.025549986076301864,0.013157894736842105,0.05358013088276246,0.04033173210804789,0.0308531746031746,0.6980416318574214
0.0,0.0,0.0,0.0,0.0,0.0016025641025641027,0.0,0.0,0.0,0.0,0.0,0.0,0.0,0.0,0.0016025641025641027,0.0,0.0,0.0,0.0,0.0016025641025641027,0.009377967711301045,0.0032051282051282055,0.0,0.0,0.009038800705467372,0.0020833333333333333,0.009178321678321678,0.024827024827024827,0.021699057115723785,0.008374881291547958,0.055242288575621905,0.7688321709155042
0.0,0.0,0.0,0.0,0.0,0.006944444444444444,0.0,0.0,0.0,0.0,0.0,0.0,0.0,0.0,0.0,0.0,0.0,0.0,0.0,0.003472222222222222,0.0,0.0,0.0,0.0,0.0,0.0,0.008333333333333333,0.0,0.05208333333333332,0.03194444444444444,0.12948232323232325,0.767739898989899
0.0,0.0,0.0,0.0,0.0,0.0,0.0,0.0,0.017222222222222222,0.0,0.0,0.0,0.0,0.0,0.0,0.0,0.0,0.0,0.0,0.007806826434277415,0.0,0.0,0.0,0.0,0.009038800705467372,0.0,0.0,0.01895943562610229,0.0354813777362797,0.03119747899159664,0.09187960369332919,0.7050809212573919
0.0,0.0,0.0,0.0,0.0,0.0,0.0,0.0,0.0,0.0,0.0,0.0,0.0,0.0,0.0,0.0,0.0,0.0,0.0,0.010185185185185184,0.0,0.0,0.0,0.0,0.021225071225071224,0.005555555555555556,0.012205387205387205,0.010185185185185184,0.1097667378917379,0.018518518518518517,0.07576150701150701,0.5699301855551856
0.0,0.0,0.0,0.0,0.0,0.0,0.0,0.0,0.0,0.0,0.0,0.0,0.0,0.0,0.0,0.0,0.0030864197530864196,0.0,0.0,0.008089133089133088,0.0,0.0,0.0,0.0,0.029914529914529916,0.0,0.0,0.028566341066341063,0.011904761904761904,0.10595238095238095,0.09054063220729887,0.7219458011124679
0.0,0.0,0.0,0.0,0.0,0.0,0.0,0.0,0.004901960784313725,0.0,0.0,0.0,0.0,0.0,0.0,0.0,0.0,0.0,0.0,0.013763197586727,0.003968253968253968,0.0,0.0,0.0,0.00957049486461251,0.0,0.013888888888888888,0.03664799253034547,0.03307313601431248,0.05775188863424157,0.09065321932968991,0.5691143007319478
