igs,osg,jcs,jsi,jjs,ogs,sig,ihs,igg,sih,hsi,sjs,shs,hhs,ssi,ges,isg,gis,ggg,gsi,eis,jis,ses,ssg,scs,csg,sgg,igi,sjj,ssj,sos,his,ggs,scc,gsg,jgs,ssc,iii,iis,sii,isi,sgs,sis,ess,hss,oss,jss,css,iss,gss,sss
0.0,0.0,0.0,0.0,0.0,0.0,0.0,0.0,0.0,0.0,0.0,0.0,0.0,0.0,0.0,0.0,0.0,0.0,0.0,0.0,0.0,0.0,0.0,0.0,0.0017006802721088435,0.001937984496124031,0.001937984496124031,0.0021929824561403508,0.0021929824561403508,0.0021929824561403508,0.0023148148148148147,0.0023148148148148147,0.0023148148148148147,0.0024509803921568627,0.0024509803921568627,0.0024509803921568627,0.0024509803921568627,0.0025252525252525255,0.0025252525252525255,0.0025252525252525255,0.0025252525252525255,0.004976232917409388,0.006086645184389544,0.006113652357494722,0.0074839877471456415,0.020967358697912025,0.053362985279172805,0.060978266996545454,0.07250372018562247,0.1624336770558645,0.5660885008315835
0.0,0.0,0.0,0.0,0.0,0.0,0.0,0.0,0.0,0.0,0.0,0.0,0.0,0.0,0.0,0.0,0.0,0.0,0.0,0.0,0.0024509803921568627,0.002976190476190476,0.006410256410256411,0.006410256410256411,0.0024509803921568627,0.0,0.006410256410256411,0.0,0.0,0.0,0.0,0.0,0.006410256410256411,0.0,0.0,0.0,0.0024509803921568627,0.0,0.0,0.0,0.0024509803921568627,0.0,0.006836945304437565,0.02188644688644689,0.021217817270448847,0.03233498527616174,0.04636437181004244,0.08960323464093563,0.09055248586982333,0.0681079666086657,0.5846746086471942
0.0,0.0,0.0,0.0,0.0,0.0,0.0,0.0,0.0,0.0,0.0,0.0,0.0,0.0,0.0,0.0,0.0,0.0,0.0043859649122807015,0.008333333333333333,0.0,0.0,0.0,0.005952380952380952,0.0,0.0,0.010338345864661654,0.0,0.0,0.0,0.0,0.0,0.0,0.004629629629629629,0.008771929824561403,0.011507936507936509,0.004629629629629629,0.0,0.0,0.0,0.0,0.006766917293233082,0.0,0.0,0.012719298245614035,0.048165954415954414,0.1019948375211533,0.09198878606773343,0.07395411605937922,0.055609509885825664,0.5502514298566931
0.0,0.0,0.0,0.0,0.0,0.0,0.0,0.0,0.0,0.0,0.0,0.0,0.0,0.0,0.002976190476190476,0.003472222222222222,0.005555555555555556,0.007575757575757576,0.0,0.0,0.0,0.0,0.0,0.011904761904761904,0.0,0.0,0.011904761904761904,0.0,0.0,0.0,0.0,0.0,0.0,0.0,0.0,0.003968253968253968,0.0,0.0,0.0,0.002976190476190476,0.0,0.017669753086419753,0.014814814814814814,0.014583333333333332,0.006172839506172839,0.033895502645502645,0.09153439153439152,0.08481040564373897,0.07328342953342953,0.12698412698412698,0.4859177088343755
0.0,0.0,0.0,0.0,0.0,0.0,0.0,0.0,0.0,0.0,0.0,0.0025252525252525255,0.004166666666666667,0.005208333333333333,0.0,0.0,0.0,0.0,0.0,0.0,0.0,0.0,0.0,0.0026881720430107525,0.0,0.0,0.0026881720430107525,0.0,0.0,0.0,0.0,0.0,0.004166666666666667,0.0,0.0,0.0,0.0,0.0,0.0,0.0,0.0,0.0,0.003787878787878788,0.008477633477633478,0.030798021423021422,0.009897047397047398,0.09550414862914863,0.04902898400882272,0.07856357352325094,0.046581431561270266,0.6559180179139857
0.0,0.0,0.0,0.0,0.0,0.0,0.0043859649122807015,0.0043859649122807015,0.0043859649122807015,0.0043859649122807015,0.0043859649122807015,0.0,0.0,0.0,0.0043859649122807015,0.0,0.0,0.0,0.0,0.0,0.0,0.0,0.0,0.020833333333333332,0.0,0.0,0.0,0.0,0.0,0.0,0.0,0.0,0.005208333333333333,0.0,0.0,0.0,0.0,0.0,0.0,0.0,0.0043859649122807015,0.0,0.0043859649122807015,0.0,0.0,0.03935185185185185,0.045619658119658124,0.024652777777777777,0.05833333333333333,0.13772726420752737,0.6331857287449393
0.0,0.0,0.0,0.0,0.002777777777777778,0.005555555555555556,0.0,0.0,0.0,0.0,0.0,0.0,0.0,0.0,0.0,0.0,0.0,0.0,0.0,0.009259259259259259,0.0,0.0,0.0,0.0,0.0,0.0,0.0,0.0,0.0,0.0,0.0,0.0,0.001893939393939394,0.0,0.0,0.0,0.0,0.0,0.0,0.0,0.0,0.005555555555555556,0.0,0.005555555555555556,0.011904761904761904,0.03425925925925926,0.038660413660413666,0.03125901875901876,0.05321669071669072,0.09062650312650311,0.7094757094757095
0.0,0.0,0.0,0.004166666666666667,0.0,0.0,0.0,0.0,0.0,0.0,0.0,0.0,0.0,0.0,0.0,0.0,0.0,0.0,0.0,0.0,0.0,0.0,0.0,0.0,0.0,0.0,0.0,0.0,0.0,0.0,0.0,0.0,0.0,0.0,0.0,0.010416666666666666,0.0,0.0,0.004166666666666667,0.004166666666666667,0.0,0.0,0.024621212121212124,0.0,0.021875000000000002,0.02566287878787879,0.0723905723905724,0.05243055555555556,0.09545454545454544,0.06956018518518518,0.6150883838383838
0.0,0.0,0.004901960784313725,0.0,0.0,0.0,0.0,0.0,0.0,0.0,0.0,0.0,0.0,0.0,0.0,0.010416666666666666,0.0,0.0,0.0,0.0,0.0,0.0,0.0,0.0,0.0,0.0,0.0,0.0,0.0,0.0,0.0,0.0,0.004166666666666667,0.0,0.004166666666666667,0.0,0.0,0.0,0.0,0.0,0.0,0.004166666666666667,0.0026881720430107525,0.007575757575757576,0.01758716194200065,0.018006799493991144,0.06707352621726435,0.15764659562097894,0.12746982794421124,0.10649449907040041,0.4676390326414046
0.0,0.0,0.0,0.0,0.0,0.0,0.0,0.0,0.0,0.0,0.0,0.016666666666666666,0.0,0.0,0.0,0.0,0.0,0.0,0.0,0.0,0.0,0.0,0.0,0.0,0.0,0.0,0.0,0.0,0.0,0.0,0.0,0.0,0.0,0.0,0.0,0.0,0.0,0.0,0.0,0.0,0.0,0.01288244766505636,0.0,0.008333333333333333,0.008333333333333333,0.04270700906856514,0.053475759290699865,0.026888845828924812,0.11931441018785079,0.13035409643791573,0.5810440981876539
0.0,0.0036231884057971015,0.0,0.0,0.0,0.0,0.0,0.0,0.0,0.0,0.0,0.0,0.0,0.0,0.0,0.0,0.0,0.0,0.0,0.0,0.0,0.0,0.0,0.0,0.0,0.0,0.0,0.0,0.0,0.0,0.0,0.0,0.0,0.0,0.0,0.017857142857142856,0.0,0.0,0.0,0.0,0.0,0.020289855072463767,0.0,0.010499338624338625,0.01289656238953694,0.037402950310559006,0.05262749541315289,0.058193834267535216,0.035749248149831395,0.06995260689587306,0.6809077776137692
0.011904761904761904,0.0,0.0,0.0,0.0,0.0,0.0,0.0,0.0,0.0,0.0,0.005555555555555556,0.0,0.0,0.0,0.0,0.0,0.0,0.0,0.0,0.0,0.0,0.0,0.008252818035426731,0.0,0.0,0.0033333333333333335,0.0,0.0,0.0,0.0,0.0,0.0,0.0,0.0033333333333333335,0.0,0.0,0.0,0.0,0.0,0.0,0.010633770416379112,0.0,0.005555555555555556,0.04776422764227642,0.015497076023391813,0.023365973552946822,0.06278953245018992,0.08297366486795521,0.13600687532428338,0.5830335220046109
0.0,0.0,0.0,0.0,0.0,0.0,0.0,0.0,0.0,0.0,0.0,0.0,0.0,0.0,0.0,0.0,0.0,0.0,0.0,0.0,0.0,0.0,0.0,0.0,0.0,0.0,0.0,0.0,0.0,0.0,0.0,0.0,0.0026881720430107525,0.0,0.004629629629629629,0.0,0.0,0.0,0.0,0.0,0.0,0.019553251408090114,0.0033333333333333335,0.004629629629629629,0.01296594982078853,0.004629629629629629,0.08712600273084144,0.06816436251920123,0.05873615184099055,0.061067801672640386,0.5891427524088815
