jj,io,jc,og,gc,eo,cc,gj,ge,sh,hi,ji,go,gh,ie,ci,cg,ee,se,so,sj,eg,gi,hg,sc,si,ei,ig,ii,jg,jo,jh,gg,es,sg,hs,js,os,cs,is,gs,ss
0.0,0.0,0.0,0.0,0.0,0.0,0.0,0.0,0.0,0.0,0.0,0.0,0.0,0.0,0.0,0.0,0.0,0.0,0.0,0.0,0.0,0.0,0.0,0.0,0.0,0.0,0.0,0.0,0.0007183908045977011,0.0010416666666666667,0.0014367816091954023,0.0028735632183908046,0.0035716516741629185,0.005943627450980392,0.00646551724137931,0.008098799864773494,0.011130372313843078,0.011175907144466984,0.03591614119410883,0.1027004267474106,0.21754064756837266,0.42471983983498446
0.0,0.0,0.0,0.0,0.0,0.0,0.0,0.0,0.0,0.0,0.0,0.0,0.0,0.0,0.0,0.0,0.0,0.0,0.0,0.0007575757575757576,0.0007936507936507938,0.0010683760683760683,0.0010683760683760683,0.0015873015873015875,0.0015873015873015875,0.002281746031746032,0.0025252525252525255,0.0025252525252525255,0.0,0.0,0.0,0.0010683760683760683,0.0035936285936285935,0.009935820352487017,0.010745504495504495,0.0064635981302647956,0.015062637979304646,0.011948902299779492,0.01224246432579766,0.04032001542966455,0.09455484005922603,0.6132027126544671
0.0,0.0,0.0,0.0,0.0,0.0,0.0,0.0,0.0,0.0,0.0,0.0,0.001141552511415525,0.0018115942028985507,0.0018115942028985507,0.0032051282051282055,0.003472222222222222,0.005434782608695652,0.006828316610925307,0.004117742987606001,0.0,0.0,0.0023809523809523807,0.0,0.0,0.0,0.0,0.0,0.0,0.0018115942028985507,0.0,0.0,0.004603580562659846,0.012318632038878683,0.010682107863991338,0.012230978851735255,0.018080953642969147,0.012254022613611653,0.011592080551026824,0.02744196485615491,0.0957770059628686,0.5130031929204627
0.0,0.0,0.0,0.0,0.0,0.0,0.0,0.0,0.0,0.0,0.0,0.0007716049382716049,0.0,0.0,0.0,0.0,0.0,0.0,0.0,0.0006613756613756613,0.007537986704653371,0.0007716049382716049,0.0021367521367521365,0.0,0.0,0.002204585537918871,0.0,0.0,0.0,0.0007716049382716049,0.0,0.0,0.0021367521367521365,0.007054673721340388,0.006172839506172839,0.003527336860670194,0.0048500881834215165,0.0006613756613756613,0.009468602255717102,0.041365069726414266,0.09896171709445406,0.560946029998167
0.0,0.0,0.0,0.0,0.0,0.0,0.0,0.0,0.0006459948320413437,0.0006459948320413437,0.0007309941520467836,0.0,0.0,0.0,0.0,0.0,0.0,0.0,0.0,0.0015432098765432098,0.0,0.0,0.0013769889840881272,0.0,0.0007309941520467836,0.0021929824561403508,0.0006459948320413437,0.0006459948320413437,0.001937984496124031,0.0,0.0,0.0,0.0014619883040935672,0.00836582196231319,0.013231449077984842,0.003596078374230149,0.013787757882892077,0.01577729044834308,0.010165572574660258,0.03009266474522448,0.09647675591124165,0.6292808206071953
0.0,0.0,0.0,0.0,0.0,0.0,0.0,0.0016339869281045752,0.0,0.0,0.0,0.0,0.0,0.0,0.0,0.0005592841163310962,0.0,0.0,0.0024509803921568627,0.0026426174496644293,0.0005952380952380952,0.0,0.0,0.0016339869281045752,0.0020833333333333333,0.003201901565995526,0.0,0.0,0.0,0.0005592841163310962,0.0,0.0,0.004365977160094807,0.011834691715268108,0.008507463388039779,0.0029042825183764782,0.0063547835241479144,0.031069052126099103,0.024979653343870676,0.03989424983984301,0.09408763534812192,0.593974931444212
0.0,0.0,0.0,0.0,0.0,0.0,0.0,0.0,0.0,0.0062825592486609435,0.0,0.0,0.0,0.0,0.002976190476190476,0.0,0.0,0.0,0.0,0.001893939393939394,0.013888888888888888,0.0,0.0,0.0,0.006078412328412328,0.0062825592486609435,0.0,0.0013440860215053762,0.0,0.0,0.0,0.0,0.007289144471347861,0.02104609618961724,0.007174028890130584,0.011576921397861803,0.003950276127695483,0.02070332366942536,0.014923000348779462,0.03842202741874693,0.07371521518596423,0.5957866640275061
0.0,0.0,0.0,0.0,0.0,0.0,0.0,0.0,0.0,0.0017730496453900709,0.0,0.0,0.0,0.0,0.0,0.0,0.0,0.0,0.0016666666666666668,0.0009578544061302681,0.0,0.0,0.0,0.0,0.0009578544061302681,0.002699407871821665,0.0,0.0029292929292929295,0.0,0.0,0.0,0.0,0.0038314176245210726,0.007445141065830721,0.03007227755668694,0.006518782839399127,0.01052188552188552,0.015243568691844553,0.013918744091157884,0.03977538724420603,0.06374856414474904,0.6312734386276205
0.0,0.0,0.0,0.0,0.0,0.0,0.0020576131687242796,0.0,0.0,0.0036231884057971015,0.0,0.0,0.0,0.0,0.0,0.0,0.0,0.0,0.0028735632183908046,0.0027151211361737676,0.0,0.0,0.003012933568489124,0.0,0.0102880658436214,0.005240373661426293,0.0,0.0,0.0,0.005860413343965976,0.0,0.0,0.00845539423755798,0.013131787802840434,0.017228043521982626,0.030103353355789637,0.02253103121158677,0.08780825520591602,0.023052422723475352,0.045085832702304075,0.09900759243104244,0.5345916811275826
0.0,0.0,0.0005995203836930456,0.0008250825082508251,0.0030864197530864196,0.010416666666666666,0.0,0.0,0.0,0.0008250825082508251,0.0,0.0,0.0,0.0,0.0,0.0,0.0,0.0,0.0038046485888212508,0.001488095238095238,0.0030864197530864196,0.0014246028919438706,0.0016501650165016502,0.0,0.0,0.005292743826916489,0.0,0.0,0.001488095238095238,0.0005995203836930456,0.0,0.0,0.0024752475247524753,0.00998086976655607,0.015776280008953276,0.0020876156217882838,0.00965973253143517,0.0185989752821436,0.013299310584996888,0.1662923767166116,0.11454743046796136,0.529361765404367
0.0,0.0,0.0,0.0,0.0,0.0,0.0,0.0,0.0,0.001366120218579235,0.0,0.0,0.0,0.0,0.0,0.0,0.0008865248226950354,0.0,0.007641043981187726,0.0,0.001366120218579235,0.0,0.0017730496453900709,0.001366120218579235,0.0008865248226950354,0.007377490058072409,0.0,0.0008865248226950354,0.0,0.001366120218579235,0.0,0.0,0.0028530513328927074,0.006920755865941628,0.02371401510557647,0.0017006802721088435,0.012878024519112763,0.009818007662835249,0.022245212642337225,0.04505852494664947,0.07792990335064992,0.6052995186081768
0.0,0.0015432098765432098,0.0,0.0,0.0,0.0,0.0,0.0,0.0,0.0014619883040935672,0.0,0.0008771929824561404,0.0,0.0,0.0,0.0,0.0017543859649122807,0.0,0.0014619883040935672,0.0,0.0,0.0,0.0,0.0,0.0,0.003005198180636777,0.0,0.0,0.0015432098765432098,0.0,0.0,0.0,0.0060191432998450535,0.004602756505102733,0.01982054774804722,0.00511445241153548,0.00656329019782835,0.019998610426109897,0.0021005072923272034,0.05136040282943685,0.1055109357981287,0.6005955133356932
0.0015432098765432098,0.0,0.0,0.0,0.0,0.0,0.0,0.0,0.002479539464558191,0.0,0.0,0.0,0.0,0.0,0.0,0.0,0.0,0.0,0.0,0.0009578544061302681,0.0015432098765432098,0.0,0.0,0.0,0.0,0.0040948813982521854,0.0,0.0,0.003745318352059925,0.0,0.0,0.0,0.00933182805983864,0.00997373972189935,0.016113493785066293,0.0035906505756693025,0.0018686868686868686,0.0038314176245210726,0.01718266061353536,0.03679562378591043,0.10239389678478904,0.61788732213933
