ij,se,hg,gi,ig,sc,gg,cg,cj,ii,oh,sj,so,sh,jh,es,ji,si,sg,jg,hs,js,cs,os,gs,is,ss
0.0,0.0,0.0,0.0,0.0,0.0,0.0,0.0,0.0,0.0,0.0,0.0,0.0,0.0,0.0,0.0,0.0,0.0030864197530864196,0.008127692910301606,0.008333333333333333,0.011419753086419753,0.03893454142548345,0.05772729250990121,0.07476757840983622,0.08871458939870458,0.19387578367841526,0.4316796821611848
0.0,0.0,0.0,0.0,0.0,0.0,0.0,0.0,0.0,0.0,0.0,0.0,0.0,0.005952380952380952,0.005952380952380952,0.016290726817042606,0.027777777777777776,0.0,0.0,0.0,0.047619047619047616,0.05746136173767752,0.02745144110275689,0.072015977443609,0.10872667780562517,0.07804667919799498,0.3860388819270397
0.0,0.0,0.0,0.0,0.0,0.0,0.0,0.0,0.0,0.0,0.0,0.0,0.007575757575757576,0.0,0.0,0.023076923076923078,0.006410256410256411,0.0,0.0,0.0,0.00974025974025974,0.047934704184704184,0.027056277056277056,0.13013653013653012,0.12426046176046175,0.050133200133200134,0.3236756299256299
0.0,0.0,0.0,0.0,0.0,0.0,0.0,0.0,0.003968253968253968,0.003968253968253968,0.011904761904761904,0.020833333333333332,0.020833333333333332,0.0,0.0,0.005952380952380952,0.0,0.0,0.0,0.003968253968253968,0.003968253968253968,0.020833333333333332,0.015873015873015872,0.05357142857142857,0.10714285714285714,0.251984126984127,0.30853174603174605
0.0,0.0,0.0,0.0,0.0,0.0,0.0,0.0,0.0,0.0,0.0,0.0,0.0,0.0,0.0,0.004166666666666667,0.0,0.0,0.0,0.0,0.009259259259259259,0.05092592592592593,0.04583333333333334,0.016666666666666666,0.06964285714285713,0.09675925925925927,0.540079365079365
0.0,0.0,0.0014124293785310734,0.0014124293785310734,0.0014124293785310734,0.0014124293785310734,0.01182909604519774,0.020833333333333332,0.0,0.0,0.0,0.0,0.005555555555555556,0.0,0.020833333333333332,0.002824858757062147,0.0,0.0014124293785310734,0.006967984934086628,0.0,0.0014124293785310734,0.029350463566565264,0.04590395480225989,0.034211574677676375,0.0378250398377517,0.11786994784876141,0.4075202810372302
0.0,0.0,0.0,0.0,0.0,0.0,0.0,0.0,0.0,0.0,0.0,0.016666666666666666,0.0,0.0,0.0,0.010416666666666666,0.0,0.0,0.006944444444444444,0.0,0.010416666666666666,0.17932692307692308,0.0515491452991453,0.05849358974358974,0.09236111111111112,0.07569444444444444,0.49813034188034194
0.0,0.013888888888888888,0.0,0.0,0.0,0.0,0.0,0.0,0.0,0.0,0.0,0.0,0.0,0.0,0.0,0.030555555555555558,0.0,0.027777777777777776,0.013888888888888888,0.011904761904761904,0.011904761904761904,0.06045751633986928,0.004901960784313725,0.10212418300653596,0.061391223155929035,0.10569561157796452,0.3888422035480859
0.0,0.0,0.0,0.0,0.0,0.0,0.0,0.0,0.0,0.0,0.0,0.0,0.0,0.0,0.0,0.0,0.0,0.0,0.0,0.020833333333333332,0.0,0.041666666666666664,0.0,0.15277777777777776,0.11237373737373736,0.029166666666666664,0.39318181818181824
0.0,0.0,0.0,0.0,0.0,0.10268817204301074,0.0,0.0,0.0,0.020833333333333332,0.0,0.0,0.041666666666666664,0.0,0.0,0.0,0.0,0.0026881720430107525,0.0,0.0,0.020833333333333332,0.016666666666666666,0.005376344086021505,0.019265232974910392,0.054838709677419356,0.06491935483870968,0.4835573476702508
0.0,0.0,0.0,0.0,0.08333333333333333,0.0,0.0,0.0,0.0,0.0,0.0,0.0,0.009259259259259259,0.0,0.0,0.0,0.0,0.0,0.0,0.0,0.0,0.021296296296296296,0.004629629629629629,0.025925925925925925,0.041666666666666664,0.059259259259259255,0.5046296296296297
0.08333333333333333,0.0,0.0,0.0,0.0,0.0,0.0,0.0,0.0,0.0,0.0,0.0,0.0,0.0,0.0,0.020833333333333332,0.0,0.041666666666666664,0.005952380952380952,0.0,0.020833333333333332,0.0,0.005952380952380952,0.0405982905982906,0.05402930402930403,0.12843406593406595,0.26503357753357754
0.0,0.0,0.0,0.0,0.004629629629629629,0.0,0.0,0.0,0.0,0.0,0.0,0.0,0.0,0.0,0.0,0.0,0.0,0.0,0.0,0.0,0.0,0.17592592592592593,0.0,0.025925925925925925,0.025925925925925925,0.009259259259259259,0.425
