ges,sjj,ssj,gge,sii,cgs,jis,ios,sse,shg,ssi,jcs,ogs,egs,eos,ccc,ssc,scc,gis,isg,sig,esi,ies,sie,shs,cis,iig,sgi,gii,gei,eii,iii,igs,ssg,gsi,sis,sjs,ees,ise,see,iee,ghs,ggg,jgs,sgg,ses,gsg,sso,sos,jsc,jsi,scs,hgs,jhs,hss,sgs,jos,iis,ess,ggs,oss,jss,css,iss,gss,sss
0.0,0.0,0.0,0.0,0.0,0.0,0.0,0.0,0.0,0.0,0.0,0.0,0.0,0.0,0.0,0.0,0.0,0.0,0.0,0.0,0.0,0.0,0.0,0.0,0.0,0.0,0.0,0.0,0.0,0.0,0.0,0.0,0.0,0.0,0.0,0.0,0.0,0.0,0.0,0.0,0.0,0.0,0.0,0.0,0.0,0.0,0.0,0.0,0.0,0.0,0.0,0.0,0.0,0.0,0.0,0.0,0.001572327044025157,0.001572327044025157,0.0017730496453900709,0.005396238051187173,0.015461215932914045,0.02329131808736647,0.03162710544284209,0.04649511995195587,0.19626443441154662,0.42654686438874734
0.0,0.0,0.0,0.0,0.0,0.0,0.0,0.0,0.0,0.0,0.0,0.0,0.0,0.0,0.0,0.0,0.0,0.0,0.0,0.0,0.0,0.0,0.0,0.0,0.0,0.0,0.0,0.0,0.0,0.0,0.0,0.0,0.0,0.0,0.0,0.0,0.0,0.0,0.0,0.0,0.0,0.0,0.0,0.0,0.0,0.0,0.0,0.0,0.0,0.001572327044025157,0.001572327044025157,0.001572327044025157,0.001572327044025157,0.0020833333333333333,0.003655660377358491,0.006036612758310872,0.0,0.0,0.011231417953116066,0.0076388888888888895,0.019053744997141225,0.024220378387045053,0.016129549462882798,0.04644105021463512,0.08899350271205615,0.6015598860724646
0.0,0.0,0.0,0.0,0.0,0.0,0.0,0.0,0.0,0.0,0.0,0.0,0.0,0.0,0.0,0.0,0.0,0.0,0.0,0.0,0.0,0.0,0.0,0.0,0.0,0.0,0.0,0.0,0.0,0.0,0.0,0.0,0.0,0.0,0.0,0.0,0.0,0.0026881720430107525,0.0026881720430107525,0.0026881720430107525,0.0026881720430107525,0.0026881720430107525,0.0026881720430107525,0.0026881720430107525,0.0026881720430107525,0.0026881720430107525,0.0026881720430107525,0.005952380952380952,0.008204633204633204,0.0,0.0,0.0,0.0,0.0,0.024932475169666818,0.0,0.0,0.0,0.012966476913345982,0.0,0.017611098493451435,0.02038327526132404,0.021128381269587947,0.023674049989839463,0.09201000103560007,0.4962555072800625
0.0,0.0,0.0,0.0,0.0,0.0,0.0,0.0,0.0,0.0,0.0,0.0,0.0,0.0,0.0,0.0,0.0,0.0,0.0,0.0,0.0,0.0,0.0,0.0,0.0,0.0,0.0,0.0,0.0,0.0,0.0,0.0,0.0,0.0,0.001141552511415525,0.0016025641025641027,0.0027441166139796276,0.0,0.0,0.0,0.0,0.0,0.0,0.0,0.0,0.0,0.0,0.0,0.0,0.0,0.0,0.0,0.0,0.0,0.003472222222222222,0.0016025641025641027,0.0,0.0,0.0016025641025641027,0.0,0.001141552511415525,0.007310326659641728,0.01926265325237928,0.036503023232475285,0.11650767571369591,0.5571091849750825
0.0,0.0,0.0,0.0,0.0,0.0,0.0,0.0,0.0,0.0,0.0,0.0,0.0,0.0,0.0,0.0,0.0,0.0,0.0,0.0,0.0,0.0,0.0,0.0,0.0,0.0,0.0011574074074074073,0.0011574074074074073,0.0011574074074074073,0.0011574074074074073,0.0011574074074074073,0.0011574074074074073,0.0011574074074074073,0.001736111111111111,0.0,0.0016025641025641027,0.0,0.0,0.0,0.0,0.0,0.0,0.0,0.0,0.0,0.0,0.0011574074074074073,0.0,0.0,0.0,0.0,0.0,0.0,0.0,0.00275997150997151,0.001736111111111111,0.0,0.0,0.0016025641025641027,0.0,0.028388278388278385,0.018696581196581196,0.010098697598697599,0.025941650941650945,0.10391576016576017,0.6275957838457839
0.0,0.0,0.0,0.0,0.0,0.0,0.0,0.0,0.0,0.0,0.0,0.0,0.0,0.0,0.0,0.0,0.0,0.0,0.0,0.0,0.0,0.0,0.0,0.0,0.0,0.0010964912280701754,0.0,0.0,0.0,0.0,0.0,0.0,0.0,0.0030864197530864196,0.0,0.005263157894736842,0.0,0.0,0.0,0.0,0.0,0.0,0.0,0.0010964912280701754,0.0030864197530864196,0.005555555555555556,0.0030864197530864196,0.0,0.0,0.0,0.0,0.0,0.0,0.0,0.0034439090684457627,0.006172839506172839,0.0,0.0,0.006729264475743349,0.0,0.04276315789473684,0.008845029239766081,0.03254031543505228,0.05458733149383632,0.06650671164740228,0.5894738194064856
0.0,0.0,0.0,0.0,0.0,0.0,0.0,0.0,0.0,0.0,0.0,0.0,0.0,0.0,0.0,0.0,0.0,0.0,0.0,0.0,0.0,0.0021929824561403508,0.0043859649122807015,0.0043859649122807015,0.013669784540927918,0.0,0.0,0.0,0.0,0.0,0.0,0.0,0.002777777777777778,0.0037361923326835605,0.0,0.0,0.0,0.0,0.0,0.0,0.0,0.0,0.0021929824561403508,0.0,0.0021929824561403508,0.0,0.0,0.0,0.0,0.0,0.0,0.0,0.0,0.0,0.016351776878092666,0.0030864197530864196,0.0,0.0,0.045402858999350225,0.0021929824561403508,0.021592442645074223,0.007163742690058479,0.019438196631179086,0.01713607134054805,0.06887916815321533,0.5965550419422168
0.0,0.0,0.0,0.0,0.0,0.0,0.0,0.0,0.0,0.0,0.0,0.0,0.0,0.0,0.0,0.0,0.0,0.0,0.0,0.001851851851851852,0.0028735632183908046,0.0,0.0,0.0,0.002976190476190476,0.0,0.0,0.0,0.0,0.0,0.0,0.0,0.0028735632183908046,0.003703703703703704,0.0,0.0026881720430107525,0.0,0.0,0.0,0.0,0.0,0.0,0.001851851851851852,0.0,0.005555555555555556,0.0,0.0,0.0,0.0,0.0,0.0,0.0,0.0,0.0,0.001851851851851852,0.007503192848020435,0.0,0.0,0.0047254150702426565,0.0,0.01851851851851852,0.016666666666666666,0.01916532519980796,0.04970877187228689,0.05037560800908964,0.6404435313779029
0.0,0.0,0.0,0.0,0.0,0.0,0.0,0.0,0.0,0.0,0.0,0.0,0.0,0.0,0.0,0.0016025641025641027,0.0016025641025641027,0.0016025641025641027,0.0059885290148448045,0.0,0.0,0.0,0.0,0.0,0.010416666666666666,0.0,0.0,0.0,0.0,0.0,0.0,0.0,0.0,0.0016025641025641027,0.0,0.0043859649122807015,0.0,0.0,0.0,0.0,0.0,0.0,0.0016025641025641027,0.0,0.0016025641025641027,0.0,0.005708716235032024,0.0,0.0013227513227513227,0.0,0.0,0.0,0.0,0.0,0.04256221719457013,0.011050596576912366,0.0,0.0,0.023616734143049933,0.0013227513227513227,0.0026455026455026454,0.046586819613135405,0.050747863247863255,0.026305630214298947,0.11551377186052109,0.47554343374776814
0.0,0.0,0.0,0.0,0.0,0.0,0.0,0.0,0.0,0.0,0.0,0.0012077294685990338,0.0014619883040935672,0.0014619883040935672,0.020833333333333332,0.0,0.0,0.0,0.0014619883040935672,0.0,0.0,0.0,0.0,0.0,0.0,0.0,0.0,0.0,0.0,0.0,0.0,0.0,0.0,0.00847953216374269,0.0,0.009188034188034188,0.0,0.0,0.0,0.0,0.0,0.0,0.0,0.0,0.0029239766081871343,0.0012077294685990338,0.0,0.0,0.0,0.0,0.0,0.0,0.0,0.0,0.0,0.010038601114115989,0.0,0.0,0.0,0.0,0.03692742866083827,0.011594202898550725,0.013910892057345145,0.13372285609127715,0.0915158893991846,0.48739716296924535
0.0,0.0,0.0,0.0,0.0,0.0,0.0,0.0,0.0,0.0026881720430107525,0.005208333333333333,0.0,0.0,0.0,0.0,0.0,0.0,0.0,0.0017730496453900709,0.0,0.0,0.0,0.0,0.0,0.0,0.0,0.0,0.0,0.0,0.0,0.0,0.0,0.0,0.007775403608736942,0.0,0.013242693878399084,0.0,0.0,0.0,0.0,0.0,0.0,0.0016025641025641027,0.0,0.0031748911465892594,0.008294753086419753,0.0,0.0,0.0,0.0,0.0,0.0017730496453900709,0.0026881720430107525,0.0,0.0030864197530864196,0.017181368596462937,0.0,0.0,0.005208333333333333,0.001572327044025157,0.01909722222222222,0.01843971631205674,0.03182688090230242,0.04288520463793113,0.07605647766785657,0.5697583003312122
0.0,0.0,0.0,0.0,0.0,0.0014124293785310734,0.0014124293785310734,0.0028735632183908046,0.0028735632183908046,0.0,0.0,0.0,0.0,0.0,0.0,0.0,0.0,0.0,0.0,0.0014124293785310734,0.0,0.0,0.0,0.0,0.0,0.0,0.0,0.0,0.0,0.0,0.0,0.0,0.0,0.0014124293785310734,0.0,0.0,0.0,0.0,0.0,0.0,0.0,0.0,0.0,0.0,0.004629629629629629,0.0,0.004629629629629629,0.0,0.0,0.0,0.0,0.0,0.0,0.0,0.003793381759483454,0.01591454846861042,0.0,0.0028735632183908046,0.004629629629629629,0.0,0.007883878573533745,0.009283819628647215,0.004517704517704518,0.08316267147360075,0.1001077270063415,0.5805103058472262
0.0018115942028985507,0.0026881720430107525,0.0026881720430107525,0.0026881720430107525,0.0036231884057971015,0.0,0.0,0.0,0.0,0.0,0.0036231884057971015,0.0,0.0,0.0,0.0,0.0,0.0,0.0,0.0,0.0,0.0,0.0,0.0,0.0,0.0,0.0,0.0,0.0,0.0,0.0,0.0,0.0036231884057971015,0.0,0.006818904144419019,0.0,0.0,0.0,0.0,0.0,0.0,0.0,0.0,0.0,0.0,0.004771505376344086,0.0,0.0018115942028985507,0.0,0.001937984496124031,0.0,0.0,0.0,0.0,0.0,0.0018115942028985507,0.011460101867572155,0.0,0.0,0.007984901277584203,0.0018115942028985507,0.005952380952380952,0.0,0.0323224642742685,0.027247033534988568,0.13845330420478125,0.5702042950468528
