ssg,sgg,sjh,jhs,jsj,sjj,ssi,eji,csi,ses,gis,ssj,sjs,jis,sse,see,jgs,gcs,sis,sgs,osg,scs,ess,hss,oss,jss,iss,gss,css,sss
0.0,0.0,0.0,0.0,0.0,0.0,0.0,0.0,0.0,0.0,0.0,0.0,0.0,0.0,0.0,0.0,0.0,0.0020833333333333333,0.0020833333333333333,0.0020833333333333333,0.002777777777777778,0.013988095238095237,0.02795844625112918,0.03730940468745347,0.057925821025666235,0.08356047451182617,0.10811257237718386,0.12936485021029684,0.13600244948598797,0.39675010843458325
0.0,0.0,0.0,0.0,0.0,0.0,0.0,0.0,0.0,0.0,0.0,0.0,0.0,0.010416666666666666,0.011904761904761904,0.011904761904761904,0.011904761904761904,0.0,0.0,0.0,0.0,0.0,0.011904761904761904,0.03472222222222222,0.027777777777777776,0.14087301587301587,0.11656746031746029,0.09751984126984127,0.15912698412698414,0.28204365079365074
0.0,0.0,0.0,0.0,0.0,0.0,0.0,0.0,0.0,0.011904761904761904,0.016666666666666666,0.020833333333333332,0.020833333333333332,0.0,0.0,0.0,0.0,0.0,0.0,0.0,0.0,0.0,0.011904761904761904,0.011904761904761904,0.05555555555555555,0.0863095238095238,0.12103174603174603,0.06626984126984127,0.06825396825396825,0.25853174603174606
0.0,0.0,0.0,0.0,0.0,0.0,0.0,0.0,0.0,0.0,0.0,0.0,0.0,0.0,0.0,0.0,0.0,0.0,0.016666666666666666,0.027777777777777776,0.0,0.0,0.048611111111111105,0.011904761904761904,0.0,0.11468253968253968,0.09523809523809523,0.08273809523809524,0.0494047619047619,0.3029761904761905
0.0,0.0,0.0,0.0,0.0,0.0,0.0,0.008333333333333333,0.020833333333333332,0.0,0.0,0.0,0.0,0.0,0.0,0.0,0.0,0.0,0.0,0.0,0.0,0.0,0.0,0.009259259259259259,0.0925925925925926,0.1685185185185185,0.009259259259259259,0.12546296296296297,0.061111111111111116,0.2546296296296296
0.0,0.0,0.0,0.0,0.0,0.0,0.0,0.0,0.0,0.0,0.0,0.0,0.0,0.0,0.0,0.0,0.0,0.0,0.0,0.0,0.0,0.0,0.0,0.011904761904761904,0.005555555555555556,0.16964285714285712,0.12857142857142856,0.06676587301587301,0.10079365079365078,0.3500992063492063
0.0,0.0,0.0,0.0,0.0,0.0,0.0,0.0,0.0,0.0,0.0,0.0,0.0,0.0,0.0,0.0,0.0,0.0,0.0,0.0,0.0,0.0,0.08333333333333333,0.0,0.12083333333333333,0.03535353535353535,0.048611111111111105,0.03465909090909091,0.20347222222222225,0.39040404040404036
0.0,0.0,0.0,0.0,0.0,0.0,0.020833333333333332,0.0,0.0,0.0,0.0,0.0,0.0,0.0,0.0,0.0,0.011904761904761904,0.0,0.041666666666666664,0.0,0.0,0.0,0.0,0.0,0.1388888888888889,0.03333333333333333,0.041666666666666664,0.04047619047619048,0.1369047619047619,0.28432539682539687
0.0,0.0,0.010416666666666666,0.010416666666666666,0.011904761904761904,0.011904761904761904,0.0,0.0,0.0,0.0,0.0,0.0,0.0,0.0,0.0,0.0,0.0,0.0,0.0,0.005555555555555556,0.0,0.0,0.016666666666666666,0.010416666666666666,0.09349415204678362,0.11432748538011694,0.028691520467836257,0.10526315789473684,0.04652777777777778,0.5344141604010025
0.0,0.0,0.0,0.0,0.0,0.0,0.0,0.0,0.0,0.0,0.0,0.0,0.0,0.0,0.0,0.0,0.0,0.0,0.0,0.0,0.0,0.0,0.009259259259259259,0.08333333333333333,0.01521164021164021,0.1415343915343915,0.14484126984126983,0.06560846560846562,0.05357142857142857,0.31997354497354497
0.0,0.0,0.0,0.020833333333333332,0.0,0.0,0.041666666666666664,0.0,0.0,0.0,0.0,0.0,0.0,0.0,0.0,0.0,0.0,0.0,0.0,0.0,0.0,0.011904761904761904,0.0,0.03273809523809524,0.03125,0.17589285714285716,0.03273809523809524,0.0,0.023809523809523808,0.6291666666666667
0.009259259259259259,0.009259259259259259,0.0,0.0,0.0,0.0,0.0,0.0,0.0,0.0,0.0,0.0,0.0,0.0,0.0,0.0,0.009259259259259259,0.0,0.0,0.08333333333333333,0.0,0.0,0.0,0.0,0.021464646464646464,0.307449494949495,0.030723905723905723,0.032407407407407406,0.016666666666666666,0.23017676767676767
0.0,0.0,0.0,0.0,0.0,0.0,0.0,0.0,0.0,0.0,0.0,0.0,0.0,0.0,0.0,0.0,0.0,0.0,0.0,0.0,0.0,0.0,0.0,0.0,0.09523809523809523,0.1488095238095238,0.16944444444444443,0.020833333333333332,0.09999999999999999,0.2990079365079365
