jsg,sjj,ssj,csc,isc,jis,jgs,gsi,isi,sis,iis,ggi,seg,egs,ess,ssg,isg,gis,sgs,sos,scs,ggs,jss,hss,sgg,osg,oss,css,gss,iss,sss
0.0,0.0,0.0,0.0,0.0,0.0,0.0,0.0,0.0,0.0,0.0,0.0,0.0,0.0,0.0,0.0,0.0,0.0,0.0,0.0101010101010101,0.0101010101010101,0.0101010101010101,0.0101010101010101,0.016161616161616158,0.018181818181818184,0.018181818181818184,0.026446280991735537,0.0446969696969697,0.06703397612488521,0.1318181818181818,0.5461662075298439
0.0,0.0,0.0,0.0,0.0,0.0,0.0,0.0,0.0,0.0,0.0,0.0032467532467532465,0.0032467532467532465,0.0032467532467532465,0.0032467532467532465,0.004545454545454546,0.006493506493506493,0.006493506493506493,0.007792207792207792,0.0,0.0,0.0,0.0303030303030303,0.0053475935828877,0.0,0.0032467532467532465,0.01313980137509549,0.10160427807486631,0.08472116119174943,0.038897377132671246,0.32079195314489434
0.0,0.0,0.0,0.0,0.0,0.0,0.0,0.0101010101010101,0.0101010101010101,0.0101010101010101,0.09090909090909091,0.0,0.0,0.0,0.0,0.0,0.0,0.0,0.0,0.0,0.0,0.0202020202020202,0.018181818181818184,0.018181818181818184,0.0,0.0,0.03636363636363637,0.0,0.08888888888888889,0.0,0.6060606060606061
0.0,0.0,0.0,0.0,0.0,0.0,0.009090909090909092,0.0,0.0,0.0,0.0,0.0,0.0,0.0,0.0,0.0,0.0,0.0,0.0,0.0,0.0,0.0,0.056818181818181816,0.0,0.0,0.0,0.0,0.05454545454545454,0.009090909090909092,0.04318181818181818,0.2818181818181818
0.0,0.0,0.0,0.0,0.0,0.022727272727272728,0.0,0.0,0.0,0.0,0.0,0.0,0.0,0.0,0.0,0.0,0.0,0.0,0.0,0.0,0.0,0.0,0.045454545454545456,0.0,0.0,0.0,0.045454545454545456,0.0,0.14935064935064934,0.03571428571428571,0.6103896103896104
0.0,0.0,0.0,0.0,0.045454545454545456,0.0,0.0,0.0,0.0,0.0,0.0,0.0,0.0,0.0,0.0,0.0,0.0,0.0,0.0,0.0,0.0,0.0,0.09090909090909091,0.0,0.0,0.0,0.05244755244755244,0.0,0.045804195804195806,0.009090909090909092,0.5744755244755244
0.0,0.0,0.0,0.0,0.0,0.0,0.0,0.0,0.0,0.0,0.0,0.0,0.0,0.0,0.0,0.0,0.0,0.0,0.0,0.0,0.0,0.0,0.0,0.0,0.0,0.0,0.09090909090909091,0.0606060606060606,0.08333333333333333,0.0,0.4924242424242424
0.0,0.012987012987012986,0.012987012987012986,0.022727272727272728,0.0,0.0,0.0,0.0,0.0,0.0,0.0,0.0,0.0,0.0,0.0,0.0,0.0,0.0,0.0,0.0,0.022727272727272728,0.0,0.045454545454545456,0.0,0.0,0.0,0.022727272727272728,0.022727272727272728,0.13636363636363635,0.03116883116883117,0.39740259740259737
0.0,0.0,0.0,0.0,0.0,0.0,0.0,0.0,0.0,0.0,0.0,0.0,0.0,0.0,0.0,0.0,0.0,0.0,0.0,0.0,0.0,0.0,0.022727272727272728,0.0,0.0,0.0,0.022727272727272728,0.022727272727272728,0.04090909090909091,0.0,0.6181818181818182
0.0,0.0,0.0,0.0,0.0,0.0,0.0,0.0,0.0,0.0,0.0,0.0,0.0,0.0,0.0,0.0,0.0,0.0,0.0,0.004329004329004329,0.0,0.0,0.01948051948051948,0.0,0.0,0.0,0.004329004329004329,0.01515151515151515,0.025974025974025972,0.012987012987012986,0.4632034632034632
0.0,0.0,0.0,0.0,0.0,0.0,0.0,0.0,0.0,0.0,0.0,0.0,0.0,0.0,0.0,0.045454545454545456,0.0,0.0,0.0,0.0,0.0,0.0,0.008264462809917356,0.0,0.045454545454545456,0.0,0.0,0.0,0.008264462809917356,0.07575757575757575,0.3622589531680441
0.0,0.0,0.0,0.0,0.0,0.0,0.0,0.0,0.0,0.0,0.0,0.0,0.0,0.0,0.022727272727272728,0.0,0.0,0.0,0.0,0.0,0.0,0.0,0.006060606060606061,0.0303030303030303,0.0,0.0,0.03787878787878787,0.022727272727272728,0.045454545454545456,0.045454545454545456,0.4257575757575758
0.022727272727272728,0.0,0.0,0.0,0.0,0.0,0.0,0.0,0.0,0.022727272727272728,0.0,0.0,0.0,0.0,0.0,0.0,0.0,0.0,0.0,0.0,0.0,0.0,0.0606060606060606,0.011363636363636364,0.0,0.0,0.01515151515151515,0.01515151515151515,0.045454545454545456,0.053030303030303025,0.481060606060606
