ji,oo,oi,gj,jg,so,sj,ei,ge,gi,eg,sc,gg,hh,ih,ii,co,ig,si,js,cs,es,hs,sg,os,is,gs,ss
0.0,0.0,0.0,0.0,0.0,0.0,0.0,0.0,0.0,0.0,0.0,0.0,0.0,0.0014619883040935672,0.0014619883040935672,0.001937984496124031,0.0025252525252525255,0.0026041666666666665,0.005652225052469851,0.0066919191919191925,0.012334686018896547,0.012366790491790493,0.015040160098299634,0.02007957590932282,0.022818117876257413,0.061313463719863015,0.16697477692167154,0.6667369044232793
0.0,0.0,0.0,0.0,0.0,0.0,0.0,0.0,0.0,0.0,0.0,0.0,0.01621096668160765,0.0,0.0,0.0,0.0,0.0033333333333333335,0.0,0.005050505050505051,0.007411067193675889,0.01528912095922405,0.000859106529209622,0.02007412387735113,0.03394357439628618,0.025232135014743712,0.09962971910304945,0.6896330145276807
0.0,0.0,0.0,0.0,0.0,0.0,0.0,0.0,0.0,0.0,0.0,0.0,0.006944444444444444,0.0,0.0,0.0,0.0,0.0,0.0017006802721088435,0.0,0.0017006802721088435,0.0036231884057971015,0.010988231197107174,0.025427139424835276,0.004771505376344086,0.02444555581429896,0.13568141854984642,0.7847171562431088
0.0,0.0,0.0,0.0,0.0,0.0,0.0,0.0,0.0,0.0,0.0,0.007575757575757576,0.0016666666666666668,0.0,0.0,0.0,0.0,0.0,0.0,0.011206896551724138,0.005208333333333333,0.0,0.0011574074074074073,0.02892075517075517,0.026937602627257796,0.05636574074074074,0.11666185666185665,0.6609656499311671
0.0,0.0,0.0,0.0,0.0,0.0,0.0,0.0,0.0,0.0,0.007575757575757576,0.0,0.006828316610925307,0.0,0.0,0.0,0.0,0.0,0.0018115942028985507,0.003472222222222222,0.0025252525252525255,0.0,0.0018115942028985507,0.01582155966659916,0.012613292504596854,0.01660218436534226,0.13113123850510355,0.7164736542850701
0.0,0.0,0.0,0.0,0.0,0.0,0.0,0.0,0.0,0.003787878787878788,0.0,0.0,0.012345679012345678,0.0,0.0,0.0,0.0,0.024305555555555556,0.0,0.0,0.0043859649122807015,0.003787878787878788,0.004629629629629629,0.027760241301907965,0.008294753086419753,0.04021464646464646,0.13929573512906845,0.6478587039990549
0.0,0.0,0.0,0.0,0.0,0.0,0.0016025641025641027,0.0016339869281045752,0.0016339869281045752,0.0,0.0,0.0,0.0,0.0,0.0,0.0,0.0,0.0016339869281045752,0.004901960784313725,0.016666666666666666,0.0,0.009311487151938401,0.0016339869281045752,0.01711831358621582,0.016666666666666666,0.024881048309734855,0.07149151000211974,0.7474905016840284
0.0,0.0,0.0,0.0,0.001488095238095238,0.0033333333333333335,0.0,0.0,0.0,0.0021929824561403508,0.0,0.0,0.011916371811882648,0.0,0.0,0.0021929824561403508,0.0,0.0,0.0,0.0,0.0,0.0,0.0,0.02151263474147891,0.008859649122807017,0.011974728487886383,0.09980688361106316,0.7533890054078393
0.0,0.0,0.0016025641025641027,0.001937984496124031,0.0,0.0,0.0,0.0,0.0,0.0,0.0,0.0,0.006745676803816339,0.0,0.0,0.0,0.0,0.0,0.0,0.0,0.010416666666666666,0.0,0.02,0.008811866428145498,0.03256186642814549,0.030277631625100845,0.08251566057705652,0.8051300828723805
0.0,0.0023809523809523807,0.0,0.0,0.0,0.002976190476190476,0.0,0.0,0.0,0.0,0.0,0.0,0.012301587301587301,0.0,0.0,0.0,0.0,0.0,0.00421997157071784,0.020833333333333332,0.0,0.0,0.0,0.02914365899440526,0.05240683229813664,0.009378701729447998,0.13122883947835282,0.5684632657702093
0.0043859649122807015,0.0,0.0,0.0,0.0,0.0,0.0,0.0,0.0,0.0,0.0,0.0,0.0136645562292114,0.0,0.0,0.004629629629629629,0.0,0.0014367816091954023,0.004629629629629629,0.0,0.007878151260504201,0.003887762001352265,0.0,0.0166438038522217,0.0017730496453900709,0.02843297711883444,0.06255756931425238,0.6834134581308314
0.0,0.0,0.0,0.0,0.0,0.0036231884057971015,0.0,0.0,0.0,0.0,0.0,0.0,0.016666666666666666,0.0,0.0,0.0,0.0,0.0,0.0,0.0,0.0036231884057971015,0.004901960784313725,0.0,0.03866106719367589,0.014161220043572986,0.0036231884057971015,0.09699440052700921,0.5677451195673703
0.0,0.0,0.0,0.0,0.0,0.0,0.0,0.0,0.0,0.0,0.0,0.0,0.0028735632183908046,0.0,0.0,0.0028735632183908046,0.0,0.0,0.0,0.004629629629629629,0.0275,0.0023809523809523807,0.0,0.014760688438849359,0.03384578544061303,0.0063457854406130275,0.058821306939123026,0.5126353919601047
