eis,ssg,sgg,ecs,jec,jhs,cse,ges,sjs,jos,ggs,sgs,ssi,sis,hse,ess,scs,hss,jss,iss,oss,gss,css,sss
0.0,0.0,0.0,0.0,0.0,0.0,0.0,0.0,0.0,0.006944444444444444,0.006944444444444444,0.006944444444444444,0.008333333333333333,0.008333333333333333,0.016666666666666666,0.02361111111111111,0.027777777777777776,0.048611111111111105,0.060505698005698,0.08920940170940173,0.11435185185185183,0.12585470085470085,0.12631766381766382,0.3295940170940171
0.0,0.0,0.0,0.0,0.0,0.0,0.0,0.0,0.0,0.0,0.0,0.0,0.0,0.0,0.0,0.0,0.0,0.04861111111111111,0.13194444444444445,0.037037037037037035,0.16435185185185186,0.037037037037037035,0.1875,0.14351851851851852
0.0,0.0,0.0,0.0,0.0,0.0,0.0,0.0,0.041666666666666664,0.0,0.0,0.0,0.0,0.0,0.0,0.0,0.0,0.08333333333333333,0.0861111111111111,0.020833333333333332,0.06547619047619048,0.0,0.2779761904761905,0.17460317460317457
0.0,0.0,0.0,0.0,0.0,0.0,0.0,0.013888888888888888,0.0,0.0,0.0,0.0,0.0,0.0,0.0,0.0,0.013888888888888888,0.037037037037037035,0.13194444444444445,0.02314814814814815,0.06481481481481481,0.03009259259259259,0.10648148148148147,0.32870370370370366
0.0,0.0,0.0,0.0,0.0,0.0,0.041666666666666664,0.0,0.0,0.0,0.0,0.016666666666666666,0.0,0.0,0.0,0.08333333333333333,0.0,0.0,0.0,0.041666666666666664,0.1111111111111111,0.2388888888888889,0.075,0.225
0.0,0.0,0.0,0.0,0.0,0.0,0.0,0.0,0.011904761904761904,0.0,0.0,0.0,0.0,0.003968253968253968,0.0,0.0,0.0,0.0,0.0,0.003968253968253968,0.015151515151515152,0.03670634920634921,0.19372294372294374,0.23457792207792208
0.0,0.0,0.0,0.0,0.0,0.010416666666666666,0.0,0.0,0.0,0.0,0.0,0.0,0.0,0.0,0.0,0.0,0.0,0.09375,0.03472222222222222,0.10416666666666667,0.027777777777777776,0.07638888888888888,0.09375,0.1423611111111111
0.0,0.0,0.0,0.0,0.0,0.0,0.0,0.0,0.008333333333333333,0.0,0.0,0.0,0.0,0.0,0.0,0.0,0.0,0.0,0.05833333333333333,0.016666666666666666,0.15208333333333332,0.049999999999999996,0.0375,0.34375
0.0,0.0,0.0,0.016666666666666666,0.016666666666666666,0.0,0.0,0.0,0.0,0.0,0.0,0.0,0.0,0.05555555555555555,0.0,0.041666666666666664,0.0,0.0,0.0,0.1763888888888889,0.03472222222222222,0.03472222222222222,0.041666666666666664,0.33194444444444443
0.0,0.0,0.0,0.0,0.0,0.0,0.0,0.0,0.0,0.0,0.0,0.0,0.0,0.0,0.0,0.0,0.0,0.0,0.12380952380952381,0.0,0.05833333333333333,0.0,0.0,0.23452380952380955
0.0,0.0,0.0,0.0,0.0,0.0,0.0,0.0,0.0,0.0,0.0,0.0,0.0,0.0,0.0,0.0,0.0,0.0,0.041666666666666664,0.027777777777777776,0.3055555555555556,0.0,0.08333333333333333,0.125
0.0,0.0,0.0,0.0,0.0,0.0,0.0,0.0,0.0,0.0,0.0,0.0,0.0,0.0,0.0,0.008333333333333333,0.0,0.013888888888888888,0.18333333333333335,0.06944444444444443,0.030555555555555558,0.013888888888888888,0.04583333333333334,0.21805555555555556
0.007575757575757576,0.041666666666666664,0.041666666666666664,0.0,0.0,0.0,0.0,0.0,0.0,0.0,0.0,0.041666666666666664,0.0,0.0,0.0,0.08333333333333333,0.0,0.0,0.011904761904761904,0.007575757575757576,0.007575757575757576,0.041666666666666664,0.0,0.21536796536796535
