ge,hg,ci,gj,so,oi,sg,gg,og,ii,sj,gi,jh,ji,jg,jc,cc,jj,sc,hs,os,eh,si,ig,es,js,gs,cs,is,ss
0.0,0.0,0.0,0.0,0.0,0.0,0.0,0.0,0.0,0.0,0.0,0.0,0.0,0.0,0.0,0.0,0.004901960784313725,0.004901960784313725,0.004901960784313725,0.004901960784313725,0.004901960784313725,0.005208333333333333,0.009259259259259259,0.011904761904761904,0.013235294117647059,0.053063725490196084,0.10611847303023775,0.1303717320261438,0.16144965464818406,0.48487896226866817
0.0,0.0,0.0,0.0,0.0,0.0,0.0,0.0,0.0,0.0,0.0,0.0,0.010416666666666666,0.010416666666666666,0.016666666666666666,0.09375,0.0,0.0,0.03819444444444444,0.04340277777777777,0.09999999999999999,0.0,0.0,0.0,0.0,0.06597222222222222,0.11284722222222222,0.01909722222222222,0.06701388888888889,0.4222222222222223
0.0,0.0,0.0,0.0,0.0,0.0,0.0,0.0,0.004901960784313725,0.004901960784313725,0.020833333333333332,0.03273809523809524,0.0,0.0,0.0,0.0,0.0,0.010416666666666666,0.004901960784313725,0.0,0.05920868347338935,0.0,0.011904761904761904,0.0,0.041666666666666664,0.11458333333333333,0.06825396825396825,0.13419117647058823,0.041666666666666664,0.3664974323062558
0.0,0.0,0.0,0.0,0.0,0.0,0.007575757575757576,0.041666666666666664,0.0,0.0,0.041666666666666664,0.0,0.0,0.0,0.0,0.0,0.0,0.0,0.0,0.0659090909090909,0.020833333333333332,0.0,0.0,0.0,0.009259259259259259,0.061111111111111116,0.025925925925925925,0.02840909090909091,0.06944444444444443,0.3781986531986532
0.0,0.0,0.0,0.0,0.0,0.008333333333333333,0.0,0.0032051282051282055,0.0,0.0032051282051282055,0.0,0.0,0.0,0.0,0.0,0.0,0.0,0.0,0.011904761904761904,0.0,0.02857142857142857,0.0,0.03273809523809524,0.011904761904761904,0.020833333333333332,0.008333333333333333,0.17422161172161174,0.008333333333333333,0.03305860805860806,0.15535714285714286
0.0,0.0,0.0,0.0,0.0,0.0,0.1111111111111111,0.0,0.0,0.0,0.0,0.0,0.0,0.0,0.0,0.0,0.0,0.0,0.0,0.0,0.041666666666666664,0.0,0.0,0.0,0.0,0.06944444444444443,0.0,0.0,0.0,0.19444444444444442
0.0,0.0,0.0,0.0,0.041666666666666664,0.0,0.0,0.0,0.0,0.0,0.0,0.0,0.0,0.0,0.0,0.0,0.0,0.0,0.0,0.0,0.041666666666666664,0.0,0.0,0.0,0.0,0.05486111111111111,0.060515873015873,0.016666666666666666,0.027083333333333334,0.3408730158730158
0.0,0.0,0.0,0.008333333333333333,0.0,0.0,0.049999999999999996,0.0,0.0,0.0,0.0,0.0,0.0,0.009259259259259259,0.0,0.0,0.0,0.006944444444444444,0.0,0.009259259259259259,0.03009259259259259,0.0,0.0,0.0,0.005952380952380952,0.10694444444444445,0.11984126984126985,0.0,0.009259259259259259,0.3941137566137565
0.0,0.0,0.08333333333333333,0.0,0.016666666666666666,0.0,0.0,0.0,0.0,0.0,0.0,0.0,0.0,0.0,0.0,0.0,0.0,0.0,0.016666666666666666,0.0,0.0,0.0,0.0,0.0,0.0,0.0375,0.041666666666666664,0.075,0.09583333333333333,0.3833333333333333
0.0,0.004166666666666667,0.0,0.0,0.0,0.0,0.0,0.004166666666666667,0.0,0.0,0.0,0.0,0.0,0.0,0.0,0.0,0.0,0.0,0.0,0.025000000000000005,0.05833333333333333,0.0,0.004166666666666667,0.0,0.08750000000000001,0.004166666666666667,0.14027777777777778,0.008333333333333333,0.19999999999999998,0.2972222222222222
0.0,0.0,0.0,0.0,0.0,0.0,0.03472222222222222,0.01909722222222222,0.0,0.0,0.013888888888888888,0.0,0.0,0.0,0.005208333333333333,0.0,0.0,0.0,0.0,0.0,0.052083333333333336,0.0,0.005208333333333333,0.0,0.08333333333333333,0.01909722222222222,0.052083333333333336,0.05555555555555555,0.029513888888888885,0.3802083333333333
0.008333333333333333,0.0,0.0,0.0,0.08333333333333333,0.0,0.005952380952380952,0.0,0.0,0.0,0.0,0.008333333333333333,0.0,0.0,0.0,0.0,0.0,0.016666666666666666,0.0,0.047619047619047616,0.08511904761904761,0.0,0.041666666666666664,0.0,0.0,0.008333333333333333,0.005952380952380952,0.04206349206349206,0.1351190476190476,0.3448412698412698
0.0,0.0,0.0,0.0,0.0,0.0,0.0,0.006410256410256411,0.0,0.006410256410256411,0.042521367521367516,0.008333333333333333,0.0,0.0,0.0,0.0,0.0,0.0,0.0,0.01891025641025641,0.024999999999999998,0.0,0.004166666666666667,0.0,0.006410256410256411,0.008333333333333333,0.1466880341880342,0.023076923076923078,0.026648351648351647,0.26042429792429794
