isg,osi,sos,jgs,gii,iis,gei,gis,esg,osg,egs,gsg,sis,igs,ggs,sgg,ggg,ess,sih,ihh,ssi,ssg,isi,sii,csg,jss,sgs,css,hss,oss,iss,gss,sss
0.0,0.0,0.0,0.0,0.0,0.0,0.0,0.0,0.0,0.0,0.0,0.0,0.0,0.0,0.0,0.0,0.0,0.0,0.0024509803921568627,0.0024509803921568627,0.0024509803921568627,0.0024509803921568627,0.003787878787878788,0.003787878787878788,0.010416666666666666,0.013888888888888888,0.015483971366324309,0.01606267507002801,0.020454545454545458,0.025049603174603172,0.05903706179441473,0.12159020173726055,0.7006367067028831
0.0,0.0,0.0,0.0,0.0,0.0,0.0,0.0,0.0,0.0,0.0,0.0,0.0,0.005208333333333333,0.008288530465949821,0.008288530465949821,0.013888888888888888,0.029753176930596287,0.0,0.0,0.0,0.008288530465949821,0.0,0.0,0.0,0.007575757575757576,0.01965725806451613,0.006944444444444444,0.0013440860215053762,0.008919843597262953,0.036315536315536315,0.1250468393613555,0.6371469107356206
0.0,0.0,0.0,0.0,0.0,0.0,0.0,0.0,0.0,0.0,0.0,0.0,0.0030864197530864196,0.0,0.0,0.016666666666666666,0.0,0.0,0.0,0.0,0.0,0.016666666666666666,0.0,0.0,0.0,0.0,0.022839506172839506,0.0030864197530864196,0.01712962962962963,0.010185185185185184,0.010834957764782327,0.1128167641325536,0.7866877842755037
0.0,0.0,0.0,0.0,0.0,0.0,0.0,0.0,0.0,0.0,0.0,0.006410256410256411,0.0,0.0,0.0028735632183908046,0.0028735632183908046,0.0,0.0,0.0,0.0,0.0,0.0,0.0,0.0,0.0,0.016666666666666666,0.02319726888692406,0.008333333333333333,0.0,0.015756302521008403,0.09999999999999999,0.13929659102072894,0.6012591213909673
0.0,0.0,0.0,0.0,0.0,0.0,0.0,0.0,0.0,0.0030864197530864196,0.011904761904761904,0.0,0.0,0.0,0.0,0.006062610229276896,0.002976190476190476,0.0,0.0,0.0,0.0,0.002976190476190476,0.0,0.0,0.0,0.006410256410256411,0.017960888058927274,0.0036231884057971015,0.002976190476190476,0.012235449735449733,0.015527950310559006,0.08018291857805925,0.6674103185185879
0.0,0.0,0.0,0.0,0.0,0.0,0.0,0.009259259259259259,0.009259259259259259,0.002777777777777778,0.0,0.009259259259259259,0.0,0.006944444444444444,0.002777777777777778,0.002777777777777778,0.0,0.0,0.0,0.0,0.0,0.002777777777777778,0.0,0.0,0.0,0.0,0.009722222222222222,0.010416666666666666,0.0,0.0,0.043981481481481476,0.06658730158730158,0.656792328042328
0.0,0.0,0.0,0.0,0.0,0.0,0.0036231884057971015,0.0,0.0,0.0,0.0,0.0,0.007246376811594203,0.0,0.0,0.0,0.0,0.0036231884057971015,0.0,0.0,0.0,0.0036231884057971015,0.0,0.0,0.0,0.041666666666666664,0.010869565217391304,0.0,0.0036231884057971015,0.0,0.007575757575757576,0.06854152288934896,0.7662740238827196
0.0,0.0,0.0,0.0026041666666666665,0.003968253968253968,0.003968253968253968,0.0,0.0,0.0,0.0,0.0,0.0,0.0,0.0,0.0,0.012301587301587301,0.0,0.0,0.0,0.0,0.0,0.017203548085901025,0.0,0.0,0.0,0.0,0.015318627450980393,0.0,0.0,0.0,0.006572420634920635,0.08893243194713783,0.7657973766429649
0.0,0.0,0.0,0.0,0.0,0.0,0.0,0.0,0.0,0.0,0.0,0.0,0.0,0.0,0.0,0.0032051282051282055,0.006410256410256411,0.0,0.0,0.0,0.0,0.0032051282051282055,0.0,0.0,0.0,0.0,0.0,0.020833333333333332,0.041666666666666664,0.030448717948717948,0.03245828245828246,0.06480741480741481,0.7969650719650719
0.0,0.004901960784313725,0.004901960784313725,0.0,0.0,0.0,0.0,0.0,0.0,0.0,0.0,0.004901960784313725,0.004901960784313725,0.0,0.008771929824561403,0.0043859649122807015,0.0043859649122807015,0.0,0.0,0.0,0.0,0.008771929824561403,0.0,0.0,0.0,0.041666666666666664,0.01583820662768031,0.0,0.0,0.00980392156862745,0.014189886480908152,0.05077708096283948,0.4884672717490055
0.0,0.0,0.0,0.0,0.0,0.0,0.0,0.0,0.0,0.0,0.0,0.0,0.0,0.0,0.0023148148148148147,0.014373219373219373,0.0,0.005555555555555556,0.0,0.0,0.008333333333333333,0.01668803418803419,0.0,0.008333333333333333,0.0,0.0,0.005648148148148148,0.005555555555555556,0.0,0.0030864197530864196,0.037369420702754036,0.053936156436156436,0.6721393421393421
0.006410256410256411,0.0,0.0,0.0,0.0,0.0,0.0,0.0,0.0,0.0,0.0,0.0,0.0,0.0,0.0,0.027777777777777776,0.0,0.008333333333333333,0.0,0.0,0.0,0.027777777777777776,0.0,0.0,0.0,0.0,0.010796221322537112,0.006410256410256411,0.0,0.020833333333333332,0.0,0.015425850952166741,0.5429018593492277
0.0,0.0,0.0,0.0,0.0,0.005952380952380952,0.0,0.0,0.0,0.0,0.0,0.006410256410256411,0.0,0.0,0.0,0.005952380952380952,0.0,0.0,0.0,0.0,0.0,0.0,0.0,0.0,0.0,0.0,0.0,0.012820512820512822,0.0,0.10968198468198466,0.007575757575757576,0.011904761904761904,0.5063686313686314
