gsj,sjs,isj,ijs,ogs,iii,sji,gso,soo,hgs,jjs,gos,gsh,hsg,scc,ssc,his,ise,see,hsi,ggs,sso,egs,igi,esh,ges,shh,osg,ggg,csi,gis,sjj,ssj,jse,jsg,isg,esg,sos,jhs,ics,ssh,sgg,ssi,gsi,sgi,gsg,ssg,sii,igs,isi,shs,gii,iis,scs,sgs,jsi,jis,ess,oss,sis,hss,jss,css,iss,gss,sss
0.0,0.0,0.0,0.0,0.0,0.0,0.0,0.0,0.0,0.0,0.0,0.0,0.0,0.0,0.0,0.0,0.0,0.0,0.0,0.0,0.0,0.0,0.0,0.0,0.0,0.0,0.0,0.0,0.0,0.0,0.0,0.0,0.0,0.0,0.0,0.0,0.0,0.0,0.0,0.0,0.0,0.0,0.0,0.0016025641025641027,0.0016025641025641027,0.0016025641025641027,0.0016025641025641027,0.0016025641025641027,0.0030864197530864196,0.0030864197530864196,0.0030864197530864196,0.0032051282051282055,0.0033333333333333335,0.0043859649122807015,0.005893300248138958,0.007575757575757576,0.009259259259259259,0.017899812254650965,0.019991219237362294,0.02027756194422861,0.0287158460677813,0.03455125398556908,0.03693776496408075,0.10025762411727322,0.1590774046851038,0.5313666894379722
0.0,0.0,0.0,0.0,0.0,0.0,0.0,0.0,0.0,0.0,0.0,0.0,0.0,0.0,0.0,0.0,0.0,0.0,0.0,0.0,0.0,0.0,0.0,0.0,0.0,0.0,0.0,0.0,0.0,0.0,0.0,0.0,0.0,0.0,0.0,0.0,0.0,0.0,0.0017006802721088435,0.0017006802721088435,0.0017006802721088435,0.0030864197530864196,0.005952380952380952,0.0,0.0,0.0,0.0030864197530864196,0.005952380952380952,0.0,0.0,0.0017006802721088435,0.0,0.0,0.0,0.0015151515151515152,0.0,0.0,0.0017006802721088435,0.01937340106982964,0.025925925925925925,0.015841521793902746,0.022578529274957848,0.039542737905833146,0.0905505043897901,0.04776591904568095,0.7103253063074492
0.0,0.0,0.0,0.0,0.0,0.0,0.0,0.0,0.0,0.0,0.0,0.0,0.0,0.0,0.0,0.0,0.0,0.0,0.0,0.0,0.0,0.0,0.0,0.0,0.0,0.0,0.0,0.0,0.0,0.0,0.0,0.0011111111111111111,0.0011111111111111111,0.004901960784313725,0.005952380952380952,0.006410256410256411,0.007575757575757576,0.009259259259259259,0.0,0.0,0.0,0.0,0.003888888888888889,0.0,0.0,0.0,0.013528138528138528,0.002777777777777778,0.0,0.0,0.0,0.0,0.0,0.0,0.026348651348651348,0.0,0.0,0.002976190476190476,0.013986013986013986,0.004087301587301587,0.01792929292929293,0.020053475935828877,0.050493591375944315,0.06847579435814731,0.09854626854626858,0.5572534437240318
0.0,0.0,0.0,0.0,0.0,0.0,0.0,0.0,0.0,0.0,0.0,0.0,0.0,0.0,0.0,0.0,0.0,0.0,0.0,0.0,0.0,0.0,0.0,0.001984126984126984,0.0025252525252525255,0.0025252525252525255,0.0025252525252525255,0.0033333333333333335,0.0043859649122807015,0.004629629629629629,0.020833333333333332,0.0,0.0,0.0,0.0,0.0,0.0,0.0,0.0,0.0,0.0,0.0077192982456140355,0.0,0.0,0.0,0.004166666666666667,0.0069112174375332265,0.004629629629629629,0.0,0.0,0.0,0.0,0.0,0.0,0.006150793650793651,0.001984126984126984,0.0,0.011243386243386243,0.02670484973116552,0.0023148148148148147,0.00551994301994302,0.024579587079587083,0.04947855750487329,0.08541576844208422,0.11442958600853337,0.6060096287727866
0.0,0.0,0.0,0.0,0.0,0.0,0.0,0.0,0.0,0.0,0.0,0.0,0.0,0.0,0.0,0.0,0.0015432098765432098,0.0015432098765432098,0.0015432098765432098,0.0022522522522522522,0.003968253968253968,0.004901960784313725,0.013888888888888888,0.0,0.0,0.0,0.0,0.0,0.004901960784313725,0.0,0.0022522522522522522,0.0,0.0,0.0,0.0,0.0,0.0,0.0,0.0,0.0,0.0,0.005952380952380952,0.013888888888888888,0.0,0.0,0.008928571428571428,0.0,0.0,0.0,0.0,0.0,0.0,0.0,0.0,0.02638888888888889,0.0,0.0,0.01971677559912854,0.037011118261118255,0.0022522522522522522,0.02182539682539682,0.04372050622050622,0.04617958294428882,0.04666038587607215,0.1299749504406367,0.4773717695286322
0.0,0.0,0.0,0.0,0.0,0.0,0.0,0.0,0.0,0.0,0.0,0.002777777777777778,0.0036231884057971015,0.0036231884057971015,0.013888888888888888,0.013888888888888888,0.0,0.0,0.0,0.0,0.0,0.0,0.0,0.0,0.0,0.0,0.0036231884057971015,0.0,0.0,0.0,0.0,0.0,0.0,0.0,0.0,0.0,0.0,0.0,0.0,0.0,0.0,0.0,0.0,0.0,0.0,0.0,0.0,0.0,0.0,0.0,0.0,0.0,0.020833333333333332,0.0,0.0,0.0,0.0,0.0,0.05471877156659766,0.0020325203252032522,0.017992424242424244,0.013888888888888888,0.05204475308641976,0.033664967990259614,0.12314244062432467,0.5569234458362684
0.0,0.0,0.0,0.0,0.0,0.0,0.0,0.0,0.0,0.0,0.0,0.0,0.0,0.003472222222222222,0.0,0.0,0.0,0.0,0.0,0.0,0.0,0.0,0.0,0.0,0.0,0.0,0.0,0.0,0.005208333333333333,0.0,0.0,0.0,0.005952380952380952,0.0,0.0,0.0,0.0,0.0,0.0,0.0,0.0,0.005208333333333333,0.005208333333333333,0.0,0.0,0.008333333333333333,0.005208333333333333,0.00818452380952381,0.0,0.005952380952380952,0.002976190476190476,0.0,0.0,0.0,0.01949404761904762,0.0,0.0,0.003968253968253968,0.03634559884559884,0.020833333333333332,0.005208333333333333,0.04640151515151516,0.04538690476190476,0.06016865079365078,0.14725829725829723,0.5592306998556998
0.0,0.0,0.0,0.0,0.0,0.0,0.0,0.0,0.0,0.0,0.002777777777777778,0.0,0.0,0.0,0.0,0.0023148148148148147,0.0,0.0,0.0,0.0,0.0023148148148148147,0.0,0.0,0.0,0.0,0.0,0.0,0.0,0.0,0.0,0.002777777777777778,0.0,0.0,0.0,0.0,0.0043859649122807015,0.0,0.0023148148148148147,0.0,0.0,0.0,0.0,0.0,0.0,0.002777777777777778,0.007472384665367121,0.005555555555555556,0.0,0.0,0.005555555555555556,0.009259259259259259,0.002777777777777778,0.007407407407407407,0.0023148148148148147,0.017413905133203376,0.0,0.0,0.009941520467836256,0.021444107465612844,0.002777777777777778,0.0030864197530864196,0.020063234924228134,0.022022811169316547,0.08945655310963745,0.22319021507794853,0.5305969573955567
0.0,0.0,0.0,0.0,0.0,0.0,0.0,0.0,0.0043859649122807015,0.006410256410256411,0.0,0.0,0.0,0.0,0.0,0.0,0.0,0.0,0.0,0.0,0.0,0.0043859649122807015,0.0,0.0,0.0,0.0,0.0,0.0,0.0,0.0,0.0,0.0,0.010796221322537112,0.0,0.0,0.0,0.0,0.0,0.0,0.0,0.0,0.006410256410256411,0.0,0.0,0.0,0.0,0.006410256410256411,0.0,0.0,0.006410256410256411,0.0,0.0,0.0,0.0,0.006410256410256411,0.0,0.0,0.0,0.054467824848259634,0.012820512820512822,0.0,0.03008892539784988,0.012395118230358505,0.09043648581692061,0.11854757085020244,0.6296241288375155
0.0,0.0,0.0,0.0,0.0,0.0,0.0,0.0028735632183908046,0.0028735632183908046,0.0,0.0,0.0,0.0,0.0,0.0,0.0,0.0,0.0,0.0,0.0,0.008771929824561403,0.0043859649122807015,0.0,0.0,0.0,0.0,0.0,0.0,0.0,0.0,0.0,0.0,0.0,0.0,0.0,0.0069901315789473685,0.0,0.0,0.0,0.0,0.0,0.0,0.0026041666666666665,0.0,0.0,0.0,0.0043859649122807015,0.0,0.0043859649122807015,0.0028735632183908046,0.0,0.0,0.0,0.009259259259259259,0.008081896551724138,0.0,0.0,0.0,0.013715277777777778,0.0,0.010686063218390806,0.008333333333333333,0.08861749680715199,0.05368418351914269,0.17827709539653733,0.5058672483411595
0.0,0.0,0.0,0.0,0.0,0.0022522522522522522,0.003472222222222222,0.0,0.0,0.0,0.0,0.0,0.0,0.0,0.0,0.0,0.0,0.0,0.0,0.0,0.003472222222222222,0.0,0.0,0.0,0.0,0.0,0.0,0.0022522522522522522,0.0,0.0,0.0,0.0,0.0,0.0,0.0,0.0,0.0,0.0043859649122807015,0.0,0.0,0.0,0.0,0.0022522522522522522,0.0,0.0022522522522522522,0.0,0.0,0.0022522522522522522,0.004166666666666667,0.0022522522522522522,0.003472222222222222,0.0,0.0022522522522522522,0.0,0.005724474474474474,0.0,0.0,0.0,0.04478879009771458,0.007807807807807808,0.01273148148148148,0.02368375649268098,0.040453204512129,0.05087344618237066,0.11741160087842008,0.6617903740615412
0.0,0.0,0.003472222222222222,0.004629629629629629,0.005952380952380952,0.0,0.0,0.0,0.0,0.0,0.0,0.0,0.0,0.0,0.0,0.0,0.0,0.0,0.0,0.0,0.004629629629629629,0.011965811965811965,0.0,0.0,0.0,0.0,0.0,0.0,0.0,0.0,0.0,0.0,0.0,0.0,0.004629629629629629,0.010416666666666666,0.0,0.0,0.0,0.0,0.0,0.004629629629629629,0.0,0.0,0.0,0.0,0.01736111111111111,0.0,0.0,0.0026041666666666665,0.0,0.0,0.0,0.0,0.025854700854700857,0.0,0.0,0.01202876984126984,0.02667824074074074,0.0026041666666666665,0.0026041666666666665,0.03932271432271432,0.03660205535205535,0.13185986467236469,0.17450206043956043,0.4776523823398824
0.0036231884057971015,0.0036231884057971015,0.0,0.0,0.0,0.0,0.0,0.0,0.0,0.0,0.0,0.0,0.0,0.0,0.0,0.0,0.0,0.0,0.0,0.0,0.0,0.005952380952380952,0.0,0.0,0.0,0.0,0.0,0.0,0.0,0.0,0.0,0.0,0.0023809523809523807,0.0,0.0,0.0,0.0,0.005952380952380952,0.0,0.0,0.0,0.0,0.0,0.0,0.0,0.0,0.0,0.0,0.0,0.0,0.0,0.0,0.0023809523809523807,0.0,0.011904761904761904,0.0,0.0,0.0,0.06709956709956709,0.0036231884057971015,0.0,0.06460568417090155,0.018774703557312252,0.07261434217955957,0.09095849802371542,0.47983954451345756
