ic,gc,gi,oo,se,cg,jh,eg,ig,so,oi,ji,ci,sc,eo,jg,cc,gg,jj,ii,sh,sj,sg,es,si,hs,os,gs,js,cs,is,ss
0.0,0.0,0.0,0.0,0.0,0.0,0.0,0.0,0.0,0.0,0.0,0.0,0.0,0.0,0.0010822510822510823,0.0032467532467532465,0.0036363636363636364,0.0036363636363636364,0.0036363636363636364,0.006087662337662337,0.0068831168831168825,0.011931818181818182,0.01362012987012987,0.02214052287581699,0.024314043799337916,0.03150432900432901,0.04079365079365079,0.05490981240981241,0.07065550462609285,0.07886544011544011,0.1374628639334522,0.48559300993124527
0.0,0.0,0.0,0.0,0.0,0.0,0.0,0.0014903129657228018,0.0014903129657228018,0.0014903129657228018,0.003367003367003367,0.006060606060606061,0.006734006734006734,0.010192837465564738,0.0,0.0,0.0,0.0,0.0,0.0,0.0,0.0,0.0071128573364042805,0.0,0.018744323513325004,0.02867913585616935,0.08907001203651921,0.1469046209888629,0.06467750387273487,0.17107306721394097,0.14340456056669093,0.29950852609100315
0.0,0.0,0.0,0.0,0.0,0.0,0.011363636363636364,0.0,0.0,0.0,0.0,0.0,0.0,0.00505050505050505,0.0,0.012987012987012986,0.0,0.00505050505050505,0.012987012987012986,0.0011655011655011655,0.02505827505827506,0.0,0.026859504132231406,0.012987012987012986,0.020793600339054887,0.05652680652680653,0.061484601257328526,0.11205019727747,0.08560568219659129,0.026029526029526028,0.11072008799281527,0.41328053259871445
0.0,0.0,0.0,0.0,0.0,0.006493506493506493,0.0,0.0,0.0,0.0,0.0,0.0,0.0,0.02207792207792208,0.0,0.0,0.0,0.0,0.0,0.011363636363636364,0.0,0.010227272727272727,0.0053475935828877,0.005681818181818182,0.006493506493506493,0.045471521942110175,0.0397977022977023,0.11087556234615058,0.06557486631016043,0.12437856261385673,0.12337850058438292,0.4228380279850868
0.0,0.0,0.0,0.0,0.006060606060606061,0.0,0.0,0.0,0.0,0.0,0.0,0.0,0.0,0.0,0.0,0.0,0.0,0.006993006993006993,0.0,0.0,0.0,0.0,0.0,0.0101010101010101,0.0,0.04321789321789322,0.04049586776859504,0.06863439590712317,0.052617079889807156,0.1425660198387471,0.08196550923823652,0.4564395200758837
0.0,0.0,0.0,0.0,0.0,0.0,0.0,0.0,0.0,0.0,0.0,0.0,0.0,0.0,0.0,0.0,0.0,0.0,0.0,0.0,0.0,0.0,0.006060606060606061,0.0,0.045454545454545456,0.008264462809917356,0.10974025974025974,0.027813852813852815,0.04166666666666667,0.018181818181818184,0.08575364029909484,0.3843368752459662
0.0,0.0,0.0,0.0,0.0,0.0,0.0,0.0,0.0,0.0,0.018181818181818184,0.0,0.00505050505050505,0.0,0.0,0.0,0.01515151515151515,0.0,0.0,0.0,0.0,0.0,0.0,0.04166666666666666,0.0,0.004329004329004329,0.11594516594516596,0.032106782106782104,0.02435064935064935,0.00505050505050505,0.06291486291486291,0.40252525252525245
0.0,0.0,0.002272727272727273,0.006993006993006993,0.0,0.0,0.0,0.0,0.0,0.004329004329004329,0.0,0.0,0.0,0.0,0.0,0.0,0.0,0.008874458874458875,0.0,0.0,0.0,0.004329004329004329,0.009090909090909092,0.002272727272727273,0.0,0.09523809523809525,0.04451104451104451,0.07606560106560106,0.011322011322011322,0.0647130647130647,0.15333832833832833,0.4257409257409257
0.0,0.0,0.0,0.0,0.0,0.0,0.0,0.0,0.0,0.0,0.0,0.0,0.0,0.008264462809917356,0.0,0.0,0.0,0.0,0.0,0.0,0.0053475935828877,0.0,0.0,0.0053475935828877,0.004784688995215311,0.05080213903743316,0.03958608236683103,0.08119898677174218,0.004784688995215311,0.08021085772281944,0.058769919451034006,0.38817571395674405
0.0,0.006060606060606061,0.0,0.0,0.0,0.006060606060606061,0.0,0.0,0.0,0.0,0.0,0.0,0.0,0.0,0.0,0.0,0.0,0.0,0.0,0.0,0.0,0.0,0.019047619047619046,0.0,0.0,0.012121212121212121,0.006060606060606061,0.10173160173160173,0.048484848484848485,0.051515151515151514,0.16536796536796536,0.2199134199134199
0.0,0.0,0.0,0.0,0.0,0.0,0.0,0.0,0.0,0.0,0.0,0.011363636363636364,0.0,0.0,0.0,0.0,0.0,0.0,0.0,0.0,0.0,0.0,0.0,0.005681818181818182,0.0,0.004329004329004329,0.01506132756132756,0.09473304473304474,0.009090909090909092,0.025072150072150075,0.05735930735930736,0.3227633477633478
0.01515151515151515,0.0,0.0,0.0,0.0,0.0,0.0,0.0,0.0,0.0,0.0,0.0,0.0,0.0,0.0,0.0,0.0,0.0,0.0,0.0,0.0,0.0,0.0,0.009090909090909092,0.0,0.0,0.055519480519480524,0.059848484848484845,0.04868421052631578,0.012987012987012986,0.21363636363636365,0.3123547505126453
0.0,0.0,0.0,0.0,0.0,0.0,0.0,0.0,0.0,0.0,0.0,0.0,0.0,0.0,0.0,0.0,0.0,0.0,0.0,0.0,0.0,0.0,0.0,0.0,0.007905138339920948,0.0,0.0364029909484455,0.043178823811234876,0.020892151326933936,0.01693958215697346,0.023415977961432508,0.2149016990914224
