AripiprazoleDarkPTZ_Individual:8;,0.03846,0.02703,0.05282,0.04878,0.08333,0.12097,0.10769,0.10563,0.16854,0.14737,0.07216,0.12,0.11702
AripiprazoleDarkPTZ_Individual:48,0.0911,0.02146,0.00615,0.03175,0.01739,0.02715,0.02985,0.02105,0.04566,0.06215,0.075,0.07285,0.07975
AripiprazoleDarkPTZ_Individual:4;,0.09412,0.12177,0.0099,0.03571,0.02532,0.01676,0.01961,0.03352,0.04317,0.02674,0.03053,0.01015,0.04762
AripiprazoleDarkPTZ_Individual:40,0.15901,0.09709,0.08503,0.03,0.0458,0.11538,0.06383,0.0303,0.03101,0.05051,0.01575,0.0303,0.02597
AripiprazoleDarkPTZ_Individual:41,0.17782,0.14545,0.0875,0.03721,0.02994,0.04348,0.07879,0.04651,0.05528,0.04364,0.04036,0.04327,0.06404
AripiprazoleDarkPTZ_Individual:42,0.13571,0.10909,0.07529,0.11461,0.07223,0.08707,0.11268,0.08092,0.09241,0.08039,0.09774,0.08065,0.06667
AripiprazoleDarkPTZ_Individual:43,0.13758,0.07407,0.04444,0.03226,0.03191,0.04167,0.04425,0.03226,0.09375,0.04598,0.07317,0.02941,0.05607
AripiprazoleDarkPTZ_Individual:44,0.16129,0.08451,0.04118,0.02273,0.0,0.02326,0.03049,0.07317,0.04,0.05085,0.05455,0.08421,0.04545
AripiprazoleDarkPTZ_Individual:45,0.15574,0.07752,0.05051,0.0355,0.04225,0.06667,0.03518,0.0566,0.08466,0.07303,0.05435,0.10949,0.09596
AripiprazoleDarkPTZ_Individual:46,0.04412,0.02013,0.01622,0.02137,0.00885,0.06417,0.01786,0.02165,0.02083,0.02646,0.01887,0.02186,0.03846
AripiprazoleDarkPTZ_Individual:47,0.09155,0.02247,0.07634,0.04192,0.04,0.03871,0.0473,0.04348,0.0375,0.08427,0.02597,0.03077,0.08333
AripiprazoleDarkPTZ_Individual:2;,0.17714,0.08011,0.05866,0.06133,0.06329,0.04348,0.06765,0.05868,0.04938,0.05031,0.08254,0.09441,0.09818
AripiprazoleDarkPTZ_Individual:28,0.10097,0.12542,0.01481,0.01471,0.03271,0.07203,0.02151,0.04324,0.06218,0.04651,0.04583,0.04478,0.03636
AripiprazoleDarkPTZ_Individual:29,0.10941,0.08039,0.05882,0.03546,0.01887,0.00549,0.0359,0.00847,0.0099,0.02618,0.01594,0.02326,0.01932
AripiprazoleDarkPTZ_Individual:26,0.1996,0.16718,0.07729,0.07407,0.075,0.03704,0.10417,0.04795,0.02632,0.02825,0.06015,0.03784,0.07895
AripiprazoleDarkPTZ_Individual:6;,0.13793,0.03759,0.03211,0.0051,0.05488,0.05166,0.04237,0.02963,0.03448,0.06215,0.03743,0.08163,0.03636
AripiprazoleDarkPTZ_Individual:24,0.12217,0.13355,0.0724,0.05854,0.02685,0.06207,0.02857,0.02564,0.03571,0.04237,0.05405,0.01439,0.00962
AripiprazoleDarkPTZ_Individual:25,0.13235,0.10843,0.04605,0.06936,0.06748,0.08671,0.10112,0.05291,0.05366,0.07009,0.12719,0.10425,0.20144
AripiprazoleDarkPTZ_Individual:22,0.10478,0.07233,0.05806,0.03311,0.07558,0.05797,0.03704,0.04762,0.01724,0.04142,0.05851,0.03497,0.05882
AripiprazoleDarkPTZ_Individual:23,0.14021,0.04,0.04678,0.0211,0.02477,0.01881,0.0438,0.02155,0.04878,0.07054,0.04142,0.07071,0.0479
AripiprazoleDarkPTZ_Individual:20,0.18102,0.09756,0.09121,0.03604,0.04717,0.04724,0.04255,0.06977,0.08333,0.01042,0.07339,0.03448,0.02041
AripiprazoleDarkPTZ_Individual:21,0.15136,0.06272,0.02,0.05495,0.05386,0.08427,0.07915,0.05934,0.05714,0.07224,0.07057,0.07865,0.06206
AripiprazoleDarkPTZ_Individual:34,0.01333,0.07101,0.0,0.04167,0.01389,0.0,0.10811,0.08219,0.0,0.0,0.10256,0.02778,0.12308
AripiprazoleDarkPTZ_Individual:38,0.11278,0.04348,0.05797,0.10127,0.08,0.04505,0.02941,0.06283,0.02885,0.06404,0.07407,0.05963,0.03883
AripiprazoleDarkPTZ_Individual:35,0.17937,0.13488,0.12245,0.12821,0.08696,0.07333,0.09494,0.10256,0.12766,0.08242,0.14286,0.12025,0.1145
AripiprazoleDarkPTZ_Individual:27,0.15323,0.12048,0.15152,0.11538,0.09091,0.10458,0.081,0.12055,0.10135,0.11878,0.1049,0.07342,0.1039
AripiprazoleDarkPTZ_Individual:11,0.13568,0.08464,0.08193,0.08411,0.12211,0.0888,0.11983,0.15464,0.09816,0.10526,0.13548,0.12195,0.15842
AripiprazoleDarkPTZ_Individual:37,0.17949,0.09569,0.0531,0.09735,0.0495,0.06383,0.11268,0.11111,0.04478,0.01961,0.06627,0.05714,0.06918
AripiprazoleDarkPTZ_Individual:36,0.0,0.08602,0.03249,0.11905,0.11765,0.13095,0.14141,0.15306,0.21918,0.09859,0.18868,0.16216,0.13115
AripiprazoleDarkPTZ_Individual:5;,0.11868,0.06651,0.02985,0.01695,0.01799,0.09756,0.03825,0.06122,0.04264,0.02695,0.02222,0.05263,0.03476
AripiprazoleDarkPTZ_Individual:9;,0.03286,0.03608,0.07407,0.07432,0.08824,0.10127,0.16,0.14815,0.09091,0.12941,0.09574,0.02083,0.0
AripiprazoleDarkPTZ_Individual:31,0.01948,0.04961,0.06806,0.10929,0.11628,0.12687,0.08621,0.15842,0.11667,0.21101,0.16547,0.14173,0.13281
AripiprazoleDarkPTZ_Individual:30,0.12888,0.06633,0.05738,0.0543,0.08072,0.10612,0.07203,0.08367,0.09211,0.09816,0.11628,0.11947,0.0969
AripiprazoleDarkPTZ_Individual:1;,0.14027,0.10791,0.05833,0.05376,0.02564,0.07602,0.04639,0.0375,0.07453,0.01714,0.05128,0.0303,0.05096
AripiprazoleDarkPTZ_Individual:19,0.13816,0.10506,0.06557,0.05921,0.0292,0.02041,0.07339,0.07177,0.0292,0.07772,0.06726,0.07143,0.03315
AripiprazoleDarkPTZ_Individual:18,0.09627,0.01036,0.01149,0.04508,0.05102,0.11765,0.04265,0.05263,0.05641,0.02642,0.0303,0.03401,0.04
AripiprazoleDarkPTZ_Individual:39,0.14795,0.0,0,0.02198,0.06383,0.07692,0.0,0.03371,0.03175,0.07229,0.04636,0.0119,0.04255
AripiprazoleDarkPTZ_Individual:33,0.12251,0.09533,0.0978,0.10345,0.07925,0.07289,0.0898,0.10305,0.08475,0.10465,0.11574,0.08021,0.0995
AripiprazoleDarkPTZ_Individual:3;,0.18574,0.16471,0.07179,0.04487,0.03828,0.02557,0.01269,0.0596,0.04444,0.01058,0.00977,0.01733,0.01961
AripiprazoleDarkPTZ_Individual:32,0.03158,0.10448,0.06875,0.06061,0.09,0.09,0.1,0.09434,0.14444,0.17568,0.1125,0.22059,0.10606
AripiprazoleDarkPTZ_Individual:13,0.14203,0.06748,0.01899,0.08571,0.09231,0.10606,0.09259,0.05747,0.06897,0.05051,0.05263,0.09375,0.05607
AripiprazoleDarkPTZ_Individual:12,0.08602,0.04828,0.10448,0.07303,0.09167,0.12081,0.09677,0.07006,0.08871,0.06667,0.10185,0.08247,0.09677
AripiprazoleDarkPTZ_Individual:7;,0.02222,0.03879,0.05328,0.07042,0.08962,0.0219,0.07273,0.08642,0.16667,0.08081,0.10256,0.125,0.08861
AripiprazoleDarkPTZ_Individual:10,0.08602,0.1118,0.15753,0.13103,0.0915,0.10169,0.14754,0.12397,0.1236,0.12389,0.12295,0.14655,0.12613
AripiprazoleDarkPTZ_Individual:17,0.13278,0.04923,0.03825,0.04651,0.05128,0.05,0.05078,0.0534,0.05172,0.06356,0.05205,0.05648,0.02905
AripiprazoleDarkPTZ_Individual:16,0.15345,0.09964,0.03846,0.05941,0.03738,0.06542,0.04202,0.04211,0.03684,0.0597,0.06429,0.00676,0.04032
AripiprazoleDarkPTZ_Individual:15,0.12704,0.07258,0.04651,0.02381,0.05825,0.01408,0.05233,0.00359,0.0,0.11881,0.07042,0.10638,0.03226
AripiprazoleDarkPTZ_Individual:14,0.15327,0.04839,0.1457,0.0596,0.0122,0.12963,0.05357,0.10303,0.07895,0.05172,0.10169,0.06787,0.0813
CariprazineDarkPTZ_Individual:8;,0.22381,0.16667,0.10753,0.21739,0.20513,0.17568,0.14815,0.22905,0.18621,0.14706,0.03125,0.09302,0.08738
CariprazineDarkPTZ_Individual:48,0.18447,0.15094,0.06211,0.04478,0.12593,0.08621,0.06957,0.09375,0.03597,0.11034,0.08092,0.10236,0.10769
CariprazineDarkPTZ_Individual:4;,0.19816,0.0641,0.08407,0.06509,0.04444,0.07759,0.05405,0.0534,0.07373,0.04678,0.03784,0.06011,0.06
CariprazineDarkPTZ_Individual:40,0.16898,0.04571,0.03883,0.07692,0.05405,0.1068,0.04301,0.0,0.02273,0.02326,0.0137,0.07576,0.06034
CariprazineDarkPTZ_Individual:41,0.14511,0.04828,0.04734,0.05185,0.04717,0.02439,0.01538,0.03774,0.02158,0.03968,0.03191,0.04902,0.05785
CariprazineDarkPTZ_Individual:42,0.15802,0.10909,0.06522,0.05634,0.02273,0.10959,0.03659,0.04478,0.03704,0.06154,0.12727,0.1028,0.03846
CariprazineDarkPTZ_Individual:43,0.13298,0.05525,0.04,0.072,0.07059,0.056,0.03,0.08163,0.03067,0.04673,0.05556,0.03731,0.03297
CariprazineDarkPTZ_Individual:44,0.21658,0.06767,0.0177,0.03191,0.06364,0.1037,0.13402,0.12621,0.10638,0.11224,0.06604,0.20183,0.11628
CariprazineDarkPTZ_Individual:45,0.15936,0.09326,0.04,0.03125,0.03784,0.0396,0.07784,0.0622,0.09735,0.04762,0.07643,0.04184,0.06699
CariprazineDarkPTZ_Individual:46,0.17098,0.03968,0.09756,0.11,0.11215,0.05479,0.06316,0.06918,0.03226,0.13636,0.08511,0.16667,0.12174
CariprazineDarkPTZ_Individual:47,0.23179,0.07407,0.06316,0.07229,0.05714,0.10843,0.05,0.04348,0.07843,0.08537,0.06122,0.07843,0.01493
CariprazineDarkPTZ_Individual:2;,0.18491,0.17182,0.08889,0.0396,0.03571,0.03077,0.04688,0.02128,0.06,0.02655,0.02174,0.04651,0.02703
CariprazineDarkPTZ_Individual:28,0.18328,0.11207,0.05455,0.02,0.01794,0.01258,0.04865,0.09677,0.07359,0.08889,0.06322,0.03941,0.06763
CariprazineDarkPTZ_Individual:29,0.17166,0.15,0.08333,0.0515,0.024,0.04839,0.02439,0.0102,0.025,0.0,0.00694,0.0125,0.01242
CariprazineDarkPTZ_Individual:26,0.2,0.09474,0.06,0.02793,0.0597,0.05217,0.07634,0.03597,0.06767,0.10448,0.04478,0.03804,0.03226
CariprazineDarkPTZ_Individual:6;,0.12076,0.05691,0.05882,0.02358,0.02703,0.02752,0.08871,0.03162,0.03448,0.01709,0.05348,0.0812,0.05
CariprazineDarkPTZ_Individual:24,0.18012,0.11985,0.03261,0.0303,0.03509,0.01987,0.10656,0.02299,0.05147,0.04202,0.03846,0.04908,0.08966
CariprazineDarkPTZ_Individual:25,0.16302,0.0221,0.03937,0.05983,0.06818,0.07767,0.08837,0.10949,0.05357,0.04706,0.08242,0.07489,0.09877
CariprazineDarkPTZ_Individual:22,0.15023,0.18217,0.10695,0.10497,0.03448,0.1215,0.05714,0.09023,0.05195,0.05556,0.08,0.02521,0.05479
CariprazineDarkPTZ_Individual:23,0.1275,0.05732,0.01351,0.01325,0.04321,0.02804,0.072,0.09322,0.05755,0.07947,0.09184,0.02597,0.11215
CariprazineDarkPTZ_Individual:20,0.08696,0.03349,0.04673,0.0198,0.02239,0.01932,0.0202,0.0303,0.04405,0.0101,0.04444,0.04,0.04795
CariprazineDarkPTZ_Individual:21,0.16667,0.11765,0.12069,0.08451,0.07534,0.10891,0.10072,0.14504,0.09184,0.10563,0.10417,0.10606,0.11811
CariprazineDarkPTZ_Individual:34,0.15094,0.12879,0.11207,0.04908,0.10833,0.07576,0.10656,0.14146,0.10284,0.16301,0.16467,0.18452,0.1746
CariprazineDarkPTZ_Individual:38,0.14706,0.0339,0.0381,0.04587,0.08621,0.00952,0.07353,0.04678,0.03571,0.05051,0.04211,0.0407,0.07197
CariprazineDarkPTZ_Individual:35,0.14498,0.03109,0.08333,0.01282,0.03846,0.0942,0.07692,0.08095,0.08451,0.1044,0.05202,0.14173,0.04819
CariprazineDarkPTZ_Individual:27,0.15869,0.15873,0.0,0.05263,0.02609,0.0625,0.07042,0.02727,0.05495,0.06061,0.01869,0.0219,0.11364
CariprazineDarkPTZ_Individual:11,0.15344,0.11268,0.17978,0.12844,0.15278,0.14894,0.17925,0.144,0.13978,0.20661,0.27,0.23364,0.26606
CariprazineDarkPTZ_Individual:37,0.22249,0.12081,0.10227,0.1125,0.05376,0.04082,0.11111,0.04444,0.03977,0.06122,0.04,0.06222,0.0
CariprazineDarkPTZ_Individual:36,0.13216,0.11913,0.11111,0.13636,0.07895,0.08696,0.06494,0.03614,0.12291,0.11465,0.05172,0.11694,0.0679
CariprazineDarkPTZ_Individual:5;,0.16735,0.09295,0.015,0.02488,0.02691,0.05806,0.03687,0.05325,0.06093,0.05694,0.024,0.04255,0.0625
CariprazineDarkPTZ_Individual:9;,0.13971,0.19444,0.1,0.125,0.15094,0.12069,0.16667,0.07937,0.24561,0.25806,0.20619,0.08108,0.08
CariprazineDarkPTZ_Individual:31,0.14851,0.18657,0.10274,0.05376,0.06579,0.04167,0.10811,0.05172,0.1161,0.0452,0.06667,0.01357,0.03529
CariprazineDarkPTZ_Individual:30,0.18182,0.20408,0.17213,0.07463,0.08421,0.25,0.01852,0.03448,0.05556,0.04054,0.07971,0.075,0.07586
CariprazineDarkPTZ_Individual:1;,0.10566,0.06364,0.03529,0.06195,0.0,0.05405,0.11765,0.08197,0.12,0.16957,0.18261,0.19936,0.1129
CariprazineDarkPTZ_Individual:19,0.13621,0.08228,0.0614,0.03846,0.07339,0.03876,0.05932,0.02632,0.03846,0.07,0.10191,0.0885,0.03488
CariprazineDarkPTZ_Individual:18,0.20674,0.08786,0.05096,0.07851,0.08333,0.06024,0.05461,0.0602,0.08532,0.05508,0.05056,0.03535,0.08824
CariprazineDarkPTZ_Individual:39,0.13755,0.0708,0.01266,0.02941,0.02941,0.02899,0.0,0.06306,0.06098,0.03571,0.01053,0.06061,0.03738
CariprazineDarkPTZ_Individual:33,0.2521,0.15278,0.14159,0.12727,0.06395,0.08547,0.05138,0.03333,0.02745,0.0219,0.02632,0.0219,0.03526
CariprazineDarkPTZ_Individual:3;,0.20217,0.05138,0.04698,0.07,0.04149,0.05587,0.06364,0.06849,0.03509,0.03243,0.03767,0.05161,0.03906
CariprazineDarkPTZ_Individual:32,0.14035,0.08989,0.13333,0.09639,0.12,0.07801,0.11585,0.12575,0.08485,0.05921,0.05926,0.12418,0.05128
CariprazineDarkPTZ_Individual:13,0.24818,0.03797,0.0,0.0411,0.05505,0.08696,0.0,0.08333,0.05147,0.0625,0.02632,0.07778,0.0625
CariprazineDarkPTZ_Individual:12,0.15102,0.09942,0.08427,0.06952,0.09626,0.07627,0.10417,0.08955,0.06667,0.08372,0.0625,0.07229,0.08974
CariprazineDarkPTZ_Individual:7;,0.23843,0.14634,0.18227,0.17112,0.19872,0.21622,0.19277,0.12963,0.12617,0.14859,0.07071,0.0873,0.09189
CariprazineDarkPTZ_Individual:10,0.20377,0.13924,0.0614,0.27273,0.04651,0.125,0.21053,0.275,0.27273,0.24359,0.23333,0.11765,0.14667
CariprazineDarkPTZ_Individual:17,0.13426,0.04878,0.0,0.01869,0.03797,0.06481,0.03125,0.01852,0.10577,0.03488,0.05882,0.08333,0.10204
CariprazineDarkPTZ_Individual:16,0.08163,0.05479,0.05405,0.02542,0.05854,0.07212,0.09665,0.09091,0.05921,0.075,0.075,0.07627,0.08072
CariprazineDarkPTZ_Individual:15,0.16441,0.03,0.08434,0.05882,0.04615,0.06593,0.05381,0.03333,0.02688,0.0963,0.09195,0.04167,0.11111
CariprazineDarkPTZ_Individual:14,0.14103,0.04663,0.0274,0.07143,0.03968,0.04301,0.04819,0.01818,0.06711,0.03271,0.04688,0.01961,0.03306
ClozapineDarkPTZ_Individual:8;,0.16364,0.03571,0.12903,0.02299,0.12121,0.05357,0.03158,0.07,0.05825,0.13265,0.10526,0.06383,0.07692
ClozapineDarkPTZ_Individual:48,0.03731,0.02804,0.07308,0.08118,0.06977,0.06481,0.06915,0.04301,0.035,0.02235,0.05172,0.01538,0.04237
ClozapineDarkPTZ_Individual:4;,0.11184,0.07168,0.05275,0.06757,0.06122,0.07386,0.09424,0.08986,0.05864,0.0522,0.06512,0.10396,0.09062
ClozapineDarkPTZ_Individual:40,0.17241,0.09677,0.11667,0.05479,0.11111,0.03279,0.02222,0.05128,0.04459,0.0339,0.05291,0.04545,0.04688
ClozapineDarkPTZ_Individual:41,0.14935,0.08245,0.05263,0.0411,0.05348,0.0625,0.03571,0.03623,0.02339,0.01563,0.05634,0.02538,0.02717
ClozapineDarkPTZ_Individual:42,0.08707,0.11538,0.04706,0.01389,0.065,0.13469,0.0873,0.10837,0.0757,0.02721,0.03077,0.0427,0.07456
ClozapineDarkPTZ_Individual:43,0.0,0.0566,0.08458,0.04667,0.0817,0.08278,0.04615,0.03239,0.01017,0.05208,0.04,0.00735,0.05556
ClozapineDarkPTZ_Individual:44,0.11017,0.06417,0.07229,0.10377,0.07042,0.09,0.09195,0.07787,0.08458,0.13672,0.10922,0.06464,0.17647
ClozapineDarkPTZ_Individual:45,0.11111,0.11732,0.07317,0.14828,0.11899,0.09009,0.10035,0.0807,0.04989,0.06808,0.05832,0.0907,0.07625
ClozapineDarkPTZ_Individual:46,0.07143,0.07692,0.11111,0,0.05,0,0.18182,0.2,0,0.0,0.0,0.0,0
ClozapineDarkPTZ_Individual:47,0.01333,0.03604,0.03015,0.039,0.04587,0.02674,0.03,0.05634,0.03125,0.01613,0.03158,0.04717,0.0
ClozapineDarkPTZ_Individual:2;,0.1323,0.16623,0.06,0.0663,0.0375,0.05099,0.07364,0.07647,0.10891,0.04072,0.08244,0.06349,0.05435
ClozapineDarkPTZ_Individual:28,0.10979,0.06269,0.04695,0.06643,0.05932,0.04984,0.07859,0.05333,0.0738,0.05519,0.08667,0.07047,0.08475
ClozapineDarkPTZ_Individual:29,0.17507,0.05263,0.08333,0.07051,0.08163,0.0687,0.1134,0.07317,0.075,0.04478,0.04969,0.03067,0.03175
ClozapineDarkPTZ_Individual:26,0.15385,0.10476,0.03762,0.06268,0.04035,0.04503,0.05014,0.05152,0.07862,0.06918,0.04858,0.05,0.02941
ClozapineDarkPTZ_Individual:6;,0.12651,0.04348,0.18248,0.08247,0.12757,0.07729,0.06771,0.08439,0.03955,0.05645,0.11494,0.08036,0.10476
ClozapineDarkPTZ_Individual:24,0.14225,0.0471,0.04128,0.03723,0.0515,0.06803,0.11458,0.09767,0.095,0.06579,0.07729,0.06005,0.04286
ClozapineDarkPTZ_Individual:25,0.09792,0.07353,0.10204,0.08808,0.07407,0.09272,0.07386,0.08696,0.14286,0.12346,0.07207,0.14943,0.10476
ClozapineDarkPTZ_Individual:22,0.15301,0.09792,0.0684,0.04013,0.06545,0.05455,0.0775,0.11494,0.08255,0.10882,0.06004,0.11576,0.07051
ClozapineDarkPTZ_Individual:23,0.10417,0.07519,0.0119,0.03158,0.06667,0.05932,0.09559,0.05556,0.04444,0.08936,0.04878,0.08108,0.09465
ClozapineDarkPTZ_Individual:20,0.10995,0.13992,0.08861,0.18552,0.06684,0.06667,0.05489,0.08831,0.08086,0.09091,0.05705,0.10185,0.10853
ClozapineDarkPTZ_Individual:21,0.02273,0.01786,0.0339,0.09959,0.0625,0.05263,0.08571,0.1,0.09091,0.06122,0.04762,0.18182,0.02564
ClozapineDarkPTZ_Individual:34,0.12928,0.14068,0.04739,0.07947,0.06289,0.07308,0.04706,0.04945,0.04817,0.05011,0.08824,0.05136,0.05714
ClozapineDarkPTZ_Individual:38,0.15587,0.09643,0.05202,0.01911,0.04149,0.03493,0.02667,0.01633,0.02166,0.01389,0.03582,0.02397,0.03416
ClozapineDarkPTZ_Individual:35,0.10194,0.05357,0.0339,0.05556,0.01333,0.04301,0.02532,0.0641,0.04651,0.02484,0.01754,0.04082,0.025
ClozapineDarkPTZ_Individual:27,0.17382,0.07666,0.03226,0.05714,0.07663,0.04587,0.06324,0.07173,0.05581,0.13953,0.08559,0.03333,0.12865
ClozapineDarkPTZ_Individual:11,0.11852,0.12707,0.06429,0.07237,0.07031,0.06061,0.05172,0.05063,0.05921,0.09326,0.08621,0.04412,0.04938
ClozapineDarkPTZ_Individual:37,0.09091,0.11356,0.09963,0.0625,0.04902,0.06433,0.06167,0.07116,0.03571,0.07568,0.07025,0.04444,0.05392
ClozapineDarkPTZ_Individual:36,0.10883,0.16993,0.05976,0.06343,0.02922,0.02865,0.0231,0.07921,0.03188,0.04805,0.04235,0.01158,0.03322
ClozapineDarkPTZ_Individual:5;,0.10904,0.12941,0.0367,0.04762,0.04918,0.09,0.04152,0.04717,0.05725,0.08725,0.02062,0.04386,0.10345
ClozapineDarkPTZ_Individual:9;,0.0928,0.17125,0.01709,0.05495,0.044,0.04348,0.02655,0.05076,0.05797,0.02649,0.02242,0.04688,0.032
ClozapineDarkPTZ_Individual:31,0.14577,0.17416,0.09322,0.11268,0.03356,0.11728,0.10303,0.05668,0.07364,0.06695,0.07643,0.08182,0.08537
ClozapineDarkPTZ_Individual:30,0.14599,0.07589,0.04717,0.02817,0.00735,0.09722,0.05039,0.05952,0.07143,0.08667,0.12299,0.08929,0.1677
ClozapineDarkPTZ_Individual:1;,0.17633,0.07755,0.01124,0.0,0.17647,0.08451,0.12,0.03086,0.15217,0.03333,0.11409,0.03419,0.05952
ClozapineDarkPTZ_Individual:19,0.11538,0.07426,0.09036,0.1194,0.08553,0.10345,0.06542,0.08421,0.07942,0.08012,0.07221,0.0506,0.10164
ClozapineDarkPTZ_Individual:18,0.09677,0.09483,0.11111,0.09278,0.05742,0.07547,0.05614,0.06011,0.05366,0.07273,0.08407,0.07216,0.08368
ClozapineDarkPTZ_Individual:39,0.1329,0.13514,0.06154,0.05333,0.05839,0.04971,0.0472,0.05369,0.05212,0.05517,0.03495,0.05941,0.06098
ClozapineDarkPTZ_Individual:33,0.15152,0.08917,0.04762,0.07143,0.02564,0.04306,0.05181,0.05844,0.01724,0.00858,0.01653,0.03883,0.05714
ClozapineDarkPTZ_Individual:3;,0.125,0.13803,0.09677,0.03636,0.04202,0.11364,0.03409,0.09259,0.02857,0.0,0.07778,0.11538,0.072
ClozapineDarkPTZ_Individual:32,0.17097,0.19777,0.16954,0.13299,0.05263,0.06687,0.05051,0.05576,0.03892,0.0404,0.07368,0.02663,0.05842
ClozapineDarkPTZ_Individual:13,0.03061,0.15646,0.03008,0.02878,0.05357,0.08108,0.02564,0.20106,0.08333,0.02083,0.06324,0.05337,0.04222
ClozapineDarkPTZ_Individual:12,0.23053,0.07258,0.03356,0.04317,0.13158,0.08148,0.08054,0.12821,0.0396,0.08673,0.07487,0.08333,0.11921
ClozapineDarkPTZ_Individual:7;,0.17215,0.13659,0.07273,0.01299,0.02564,0.10204,0.04702,0.04587,0.02256,0.10185,0.06796,0.09231,0.05607
ClozapineDarkPTZ_Individual:10,0.18029,0.0973,0.07068,0.08434,0.07609,0.05941,0.06667,0.03968,0.12438,0.05344,0.10563,0.08287,0.08046
ClozapineDarkPTZ_Individual:17,0.1,0.08889,0.07229,0.06667,0.03371,0.03704,0.03546,0.0597,0.02358,0.00683,0.05729,0.05689,0.02373
ClozapineDarkPTZ_Individual:16,0.13028,0.06159,0.0439,0.05699,0.06471,0.05294,0.04478,0.05645,0.07782,0.05344,0.09955,0.09953,0.08421
ClozapineDarkPTZ_Individual:15,0.16667,0.13043,0.06897,0.05389,0.05882,0.07353,0.05495,0.02299,0.03571,0.02532,0.01361,0.08411,0.02222
ClozapineDarkPTZ_Individual:14,0.15642,0.06087,0.03636,0.09917,0.01961,0.00719,0.03175,0.05072,0.02778,0.02222,0.01712,0.02128,0.02929
CNODarkPTZ_Individual:8;,0.08882,0.03004,0.02727,0.06897,0.04545,0.01563,0.07778,0.06173,0.02857,0.07143,0.06838,0.08654,0.03704
CNODarkPTZ_Individual:48,0.10904,0.0885,0.08696,0.18016,0,0.0,0.03472,0.1,0.04605,0.09645,0.05769,0.16667,0.09948
CNODarkPTZ_Individual:4;,0.09091,0.11333,0.06723,0.08696,0.05217,0.07273,0.0,0.0,0.06897,0.03571,0.01136,0.06579,0.05155
CNODarkPTZ_Individual:40,0.17647,0.13889,0.07914,0.04545,0.13043,0.02564,0.04918,0.03191,0.06667,0.04762,0.00488,0.05143,0.03137
CNODarkPTZ_Individual:41,0.14019,0.12255,0.02941,0.0404,0.06977,0.03125,0.0531,0.05185,0.06838,0.01794,0.04459,0.04061,0.07059
CNODarkPTZ_Individual:42,0.15473,0.05102,0.04451,0.07958,0.04741,0.0757,0.06912,0.06863,0.05747,0.05306,0.0508,0.05594,0.04983
CNODarkPTZ_Individual:43,0.17391,0.05211,0.02326,0.03371,0.03984,0.02381,0.05051,0.04375,0.02857,0.07407,0.04598,0.05263,0.01282
CNODarkPTZ_Individual:44,0.1462,0.13139,0.0,0.0,0.0,0.03614,0.02083,0.04762,0.12069,0.04167,0.0,0.03279,0.0375
CNODarkPTZ_Individual:45,0.23973,0.10924,0.05263,0.11538,0.05814,0.0791,0.03226,0.12105,0.075,0.0566,0.07927,0.12195,0.13333
CNODarkPTZ_Individual:46,0.22747,0.10776,0.05517,0.07317,0.01429,0.08676,0.06711,0.09278,0.05,0.01667,0.0922,0.06897,0.05217
CNODarkPTZ_Individual:47,0.12684,0.02985,0.07895,0.13333,0.05738,0.09559,0.04918,0.04237,0.15238,0.06316,0.0597,0.11724,0.09783
CNODarkPTZ_Individual:2;,0.16484,0.06667,0.07377,0.03191,0.02548,0.06032,0.10638,0.04571,0.0852,0.02871,0.05394,0.03597,0.0
CNODarkPTZ_Individual:28,0.15406,0.06329,0.02963,0.06767,0.08434,0.09459,0.03704,0.05263,0.02899,0.0292,0.08434,0.4,0.10577
CNODarkPTZ_Individual:29,0.16129,0.02899,0.05682,0.06536,0.12329,0.1746,0.11538,0.12821,0.1875,0.08065,0.10976,0.06522,0.09722
CNODarkPTZ_Individual:26,0.11966,0.05263,0.09559,0.06767,0.10976,0.12644,0.09804,0.07692,0.08871,0.07273,0.04762,0.0625,0.14706
CNODarkPTZ_Individual:6;,0.09091,0.02,0.06545,0.02,0.03333,0.08551,0.01515,0.17647,0.075,0.06202,0.08553,0.06832,0.05556
CNODarkPTZ_Individual:24,0.09574,0.07813,0.02083,0.01299,0.01351,0.06897,0.0,0.05495,0.02778,0.07609,0.07353,0.04938,0.06452
CNODarkPTZ_Individual:25,0.16244,0.0,0.05607,0.03419,0.01389,0.07299,0.0396,0.08333,0.11111,0.05785,0.08108,0.07207,0.0625
CNODarkPTZ_Individual:22,0.17112,0.05,0.12676,0.12903,0.04487,0.08835,0.06786,0.04274,0.06589,0.06048,0.05338,0.0567,0.08649
CNODarkPTZ_Individual:23,0.18809,0.03704,0.04511,0.045,0.02427,0.05882,0.06909,0.08333,0.09016,0.07778,0.12583,0.06579,0.12568
CNODarkPTZ_Individual:20,0.15741,0.12903,0.056,0.04167,0.08333,0.12371,0.07018,0.09091,0.10417,0.05128,0.07865,0.13131,0.01887
CNODarkPTZ_Individual:21,0.16496,0.11877,0.03488,0.07921,0.07627,0.13869,0.0411,0.0625,0.03797,0.07634,0.04348,0.05263,0.04255
CNODarkPTZ_Individual:34,0.15468,0.02548,0.07729,0.05263,0.08333,0.2,0.06,0.02564,0.0241,0.08163,0.0473,0.0708,0.02649
CNODarkPTZ_Individual:38,0.10895,0.03093,0.02381,0.03077,0.05556,0.10204,0.02362,0.04386,0.07143,0.02041,0.05691,0.0,0.01626
CNODarkPTZ_Individual:35,0.11414,0.0625,0.05579,0.06787,0.03478,0.07194,0.08943,0.06422,0.05351,0.08434,0.07576,0.03763,0.12
CNODarkPTZ_Individual:27,0.19624,0.04245,0.08609,0.10059,0.07843,0.06604,0.09465,0.09615,0.08182,0.11236,0.08125,0.08861,0.06557
CNODarkPTZ_Individual:11,0.1553,0.09143,0.03665,0.0,0.02632,0.0365,0.04741,0.0625,0.07042,0.02439,0.0427,0.07571,0.05276
CNODarkPTZ_Individual:37,0.13944,0.1134,0.05263,0.0747,0.1,0.16667,0.04,0.00815,0.0431,0.08197,0.05229,0.07595,0.05556
CNODarkPTZ_Individual:36,0.16547,0.12195,0.05376,0.0641,0.06087,0.07353,0.06767,0.08861,0.09859,0.06635,0.11111,0.08383,0.05263
CNODarkPTZ_Individual:5;,0.15341,0.04444,0.0884,0.09259,0.09649,0.07595,0.13125,0.11719,0.08712,0.05854,0.05621,0.125,0.11615
CNODarkPTZ_Individual:9;,0.16361,0.05634,0.04975,0.04977,0.02959,0.06667,0.05882,0.04878,0.07353,0.0297,0.07101,0.02703,0.05814
CNODarkPTZ_Individual:31,0.17213,0.10897,0.05155,0.11735,0.05161,0.06475,0.09722,0.02516,0.04965,0.00952,0.0678,0.04795,0.07143
CNODarkPTZ_Individual:30,0.19375,0.09091,0.09259,0.09032,0.07071,0.07937,0.10345,0.07692,0.02116,0.01266,0.03268,0.06569,0.04192
CNODarkPTZ_Individual:1;,0.12739,0.0939,0.02,0.04396,0.05263,0.04808,0.08029,0.05031,0.05263,0.10526,0.03093,0.07143,0.06154
CNODarkPTZ_Individual:19,0.18812,0.125,0.04571,0.07937,0.06757,0.12069,0.03077,0.05634,0.07692,0.08333,0.03846,0.0625,0.01786
CNODarkPTZ_Individual:18,0.15964,0.05093,0.09091,0.03419,0.04808,0.04348,0.06878,0.05155,0.08252,0.02577,0.06373,0.10383,0.05525
CNODarkPTZ_Individual:39,0.18761,0.06422,0.08966,0.05797,0.07937,0.0,0.0625,0.06475,0.04274,0.09524,0.03571,0.07732,0.0625
CNODarkPTZ_Individual:33,0.16291,0.10995,0.13665,0.10438,0.09457,0.03608,0.05502,0.08532,0.0473,0.07942,0.08148,0.09341,0.05694
CNODarkPTZ_Individual:3;,0.24242,0.0,0.0,0.0339,0.06522,0.04237,0.02174,0.0,0.03571,0.0,0,0.04762,0.08333
CNODarkPTZ_Individual:32,0.15261,0.04348,0.07627,0.04142,0.01183,0.09848,0.05236,0.05031,0.11806,0.07065,0.09259,0.05825,0.07576
CNODarkPTZ_Individual:13,0.1271,0.07592,0.08046,0.03086,0.05116,0.05747,0.01333,0.05536,0.02581,0.05801,0.06402,0.06466,0.04695
CNODarkPTZ_Individual:12,0.1675,0.02235,0.04167,0.08553,0.05286,0.07143,0.04545,0.0766,0.10345,0.05654,0.04186,0.0659,0.1028
CNODarkPTZ_Individual:7;,0.19101,0.05455,0.05882,0.04219,0.08537,0.05797,0.05435,0.06329,0.06593,0.08589,0.07438,0.04,0.0597
CNODarkPTZ_Individual:10,0.10243,0.05018,0.03008,0.04886,0.0,0.04348,0.03644,0.02846,0.05882,0.04741,0.02994,0.07059,0.04082
CNODarkPTZ_Individual:17,0.16717,0.09774,0.06349,0.0963,0.0,0.06719,0.04265,0.07895,0.07054,0.09877,0.07759,0.04651,0.19048
CNODarkPTZ_Individual:16,0.17778,0.07177,0.0137,0.10448,0.23077,0.03008,0.03448,0.01493,0.05,0.04412,0.07333,0.04487,0.04598
CNODarkPTZ_Individual:15,0.14773,0.07534,0.09859,0.03448,0.06723,0.01923,0.05333,0.07576,0.03012,0.05381,0.05405,0.04,0.05882
CNODarkPTZ_Individual:14,0.23214,0.08491,0.04587,0.06667,0.11538,0.10714,0.02941,0.07609,0.03521,0.05556,0.02703,0.06316,0.05556
HaloperidolDarkPTZ_Individual:8;,0.18036,0.08333,0.09829,0.07171,0.16355,0.13253,0.0819,0.11905,0.10526,0.10714,0.09921,0.07009,0.09544
HaloperidolDarkPTZ_Individual:48,0.13973,0.09346,0.08616,0.04905,0.07042,0.06358,0.06234,0.05698,0.02824,0.04848,0.03963,0.05249,0.0712
HaloperidolDarkPTZ_Individual:4;,0.15498,0.1264,0.18143,0.14987,0.1117,0.06738,0.1,0.08982,0.08222,0.09572,0.09859,0.09489,0.11587
HaloperidolDarkPTZ_Individual:40,0.12371,0.07463,0.08943,0.0,0.07143,0.01754,0.09677,0.08108,0.13918,0.11696,0.1157,0.06316,0.04908
HaloperidolDarkPTZ_Individual:41,0.08505,0.07261,0.09034,0.05053,0.02426,0.05508,0.03155,0.05046,0.0442,0.0748,0.07306,0.10811,0.07692
HaloperidolDarkPTZ_Individual:42,0.18118,0.07389,0.05324,0.02688,0.04795,0.05348,0.05932,0.03356,0.03004,0.07143,0.03756,0.06439,0.06597
HaloperidolDarkPTZ_Individual:43,0.1371,0.10236,0.06771,0.06897,0.05914,0.06627,0.06623,0.05854,0.08333,0.03934,0.05397,0.0892,0.0619
HaloperidolDarkPTZ_Individual:44,0.18519,0.08511,0.1,0.12681,0.12883,0.14103,0.08494,0.084,0.06957,0.05479,0.1,0.08756,0.05031
HaloperidolDarkPTZ_Individual:45,0.13475,0.08756,0.06736,0.06701,0.08854,0.06548,0.09059,0.09091,0.12033,0.07309,0.13061,0.08418,0.13962
HaloperidolDarkPTZ_Individual:46,0.15625,0.15206,0.18072,0.10053,0.12724,0.06313,0.02807,0.07234,0.04942,0.07783,0.12457,0.05459,0.09761
HaloperidolDarkPTZ_Individual:47,0.14019,0.09615,0.08791,0.11706,0.12059,0.16388,0.14212,0.08333,0.12463,0.12033,0.08943,0.12466,0.11077
HaloperidolDarkPTZ_Individual:2;,0.13483,0.1044,0.11448,0.16617,0.14096,0.11483,0.08255,0.08108,0.08054,0.04006,0.04661,0.04225,0.04573
HaloperidolDarkPTZ_Individual:28,0.16358,0.09924,0.07789,0.12009,0.05622,0.09467,0.09649,0.08907,0.09144,0.08333,0.10145,0.10309,0.11765
HaloperidolDarkPTZ_Individual:29,0.07207,0.09222,0.10819,0.06395,0.07317,0.06312,0.11111,0.1383,0.09398,0.08462,0.04369,0.085,0.09794
HaloperidolDarkPTZ_Individual:26,0.11717,0.12431,0.09463,0.08481,0.14006,0.08907,0.07087,0.07853,0.05204,0.04739,0.08491,0.07317,0.09804
HaloperidolDarkPTZ_Individual:6;,0.13636,0.10591,0.05013,0.0836,0.04878,0.09887,0.05344,0.07453,0.09021,0.06207,0.07471,0.05578,0.09738
HaloperidolDarkPTZ_Individual:24,0.14014,0.09343,0.09174,0.11111,0.07885,0.0963,0.11211,0.09023,0.09211,0.08264,0.07658,0.09494,0.05288
HaloperidolDarkPTZ_Individual:25,0.1236,0.08594,0.13802,0.07643,0.08556,0.10061,0.08766,0.0687,0.14338,0.09635,0.08418,0.13187,0.07121
HaloperidolDarkPTZ_Individual:22,0.17232,0.12281,0.13218,0.09497,0.0625,0.05208,0.08772,0.02667,0.0102,0.125,0.07447,0.0531,0.08696
HaloperidolDarkPTZ_Individual:23,0.12061,0.06557,0.03049,0.07386,0.0375,0.045,0.05128,0.06993,0.03077,0.03571,0.09322,0.06452,0.05042
HaloperidolDarkPTZ_Individual:20,0.10562,0.12458,0.12754,0.1128,0.08232,0.13253,0.10963,0.07046,0.10593,0.06991,0.10196,0.10231,0.07432
HaloperidolDarkPTZ_Individual:21,0.13043,0.08333,0.05699,0.07339,0.06667,0.08763,0.09503,0.08521,0.10747,0.08418,0.10966,0.05612,0.10178
HaloperidolDarkPTZ_Individual:34,0.10881,0.08824,0.04839,0.06915,0.08333,0.05579,0.10112,0.1066,0.16923,0.06707,0.10748,0.12222,0.10843
HaloperidolDarkPTZ_Individual:38,0.12441,0.10561,0.07957,0.09091,0.07921,0.05085,0.04483,0.03716,0.03655,0.05573,0.04533,0.02899,0.05435
HaloperidolDarkPTZ_Individual:35,0.13793,0.12723,0.0823,0.06278,0.07317,0.05357,0.1165,0.08257,0.11765,0.08257,0.04545,0.04828,0.09474
HaloperidolDarkPTZ_Individual:27,0.1529,0.1501,0.08081,0.07908,0.10028,0.11012,0.09204,0.11634,0.10299,0.10429,0.10543,0.11602,0.10703
HaloperidolDarkPTZ_Individual:11,0.062,0.05917,0.08904,0.09865,0.09479,0.10204,0.12366,0.08995,0.11647,0.06186,0.08122,0.11211,0.09494
HaloperidolDarkPTZ_Individual:37,0.1509,0.04924,0.03175,0.025,0.06711,0.05385,0.04908,0.05263,0.07166,0.09554,0.0786,0.05298,0.11724
HaloperidolDarkPTZ_Individual:36,0,0.11745,0.08915,0.11737,0.09756,0.10968,0.05085,0.14173,0.05882,0.08725,0.07345,0.08547,0.06028
HaloperidolDarkPTZ_Individual:5;,0.11913,0.11111,0.16271,0.08974,0.14211,0.11382,0.08696,0.09231,0.09292,0.15951,0.15517,0.13592,0.13194
HaloperidolDarkPTZ_Individual:9;,0.11845,0.06015,0.09274,0.12077,0.11261,0.10435,0.10909,0.10938,0.12766,0.08989,0.1658,0.08125,0.05294
HaloperidolDarkPTZ_Individual:31,0.08571,0.13542,0.07692,0.12903,0.08824,0.03448,0.08475,0.09459,0.03571,0.07843,0.125,0.02586,0.01408
HaloperidolDarkPTZ_Individual:30,0.1165,0.04857,0.03347,0.06701,0.05941,0.08451,0.07563,0.07759,0.05742,0.03804,0.07463,0.06044,0.07692
HaloperidolDarkPTZ_Individual:1;,0.13789,0.10644,0.08203,0.06519,0.0961,0.0724,0.07258,0.05769,0.09353,0.06318,0.058,0.06186,0.06092
HaloperidolDarkPTZ_Individual:19,0.07362,0.05672,0.09302,0.08824,0.08696,0.03571,0.04502,0.08084,0.08185,0.10409,0.08547,0.1,0.03093
HaloperidolDarkPTZ_Individual:18,0.14388,0.09268,0.06306,0.07874,0.0875,0.12409,0.06952,0.04615,0.06404,0.09938,0.04651,0.06818,0.0838
HaloperidolDarkPTZ_Individual:39,0.10562,0.07317,0.04861,0.03509,0.03067,0.04202,0.01695,0.07463,0.02151,0.0367,0.02994,0.04327,0.08197
HaloperidolDarkPTZ_Individual:33,0.08551,0.08118,0.1295,0.1383,0.1102,0.09524,0.09677,0.12903,0.13278,0.14097,0.15854,0.13889,0.13761
HaloperidolDarkPTZ_Individual:3;,0.10884,0.09132,0.09451,0.07453,0.06834,0.05519,0.12917,0.06707,0.09884,0.09091,0.08824,0.12542,0.08392
HaloperidolDarkPTZ_Individual:32,0.09821,0.06535,0.08267,0.0411,0.09896,0.0898,0.04918,0.05594,0.1055,0.06178,0.08434,0.10976,0.14535
HaloperidolDarkPTZ_Individual:13,0.14521,0.06383,0.1,0.08333,0.07563,0.01942,0.05195,0.07317,0.0,0.05051,0.0396,0.02439,0.04494
HaloperidolDarkPTZ_Individual:12,0.07563,0.04598,0.08163,0.02778,0.0423,0.0292,0.04412,0.03072,0.0355,0.06716,0.09574,0.03465,0.05495
HaloperidolDarkPTZ_Individual:7;,0.04467,0.07623,0.13636,0.19565,0.08333,0,0.06349,0.15957,0.2,0.06061,0.09333,0.26667,0.1165
HaloperidolDarkPTZ_Individual:10,0.15832,0.10648,0.08856,0.0969,0.14754,0.11628,0.10891,0.15152,0.15023,0.09653,0.11203,0.07246,0.04938
HaloperidolDarkPTZ_Individual:17,0.10291,0.0625,0.10638,0.04651,0.04386,0.09756,0.06299,0.0915,0.08182,0.05426,0.05208,0.07692,0.08661
HaloperidolDarkPTZ_Individual:16,0.17191,0.07278,0.05098,0.06538,0.04706,0.06931,0.0375,0.05357,0.04167,0.05978,0.04848,0.05983,0.02564
HaloperidolDarkPTZ_Individual:15,0.11797,0.08571,0.09322,0.08133,0.07287,0.06226,0.06324,0.06522,0.072,0.10917,0.08042,0.08372,0.07813
HaloperidolDarkPTZ_Individual:14,0.12719,0.06009,0.0551,0.04188,0.06536,0.05428,0.07435,0.05769,0.04485,0.05517,0.05966,0.11043,0.09309
NDMCDarkPTZ_Individual:8;,0.12587,0.15034,0.11236,0.05,0.05882,0.05882,0.08187,0.04286,0.09375,0.08242,0.07353,0.03077,0.05625
NDMCDarkPTZ_Individual:48,0.15054,0.12805,0.04762,0.10377,0.0,0.09884,0.05988,0.07173,0.06897,0.10432,0.03534,0.06452,0.1032
NDMCDarkPTZ_Individual:4;,0.17966,0.06369,0.0687,0.06723,0.08333,0.08182,0.125,0.08871,0.11842,0.08163,0.07801,0.04255,0.02521
NDMCDarkPTZ_Individual:40,0.17874,0.13483,0.02885,0.05394,0.14493,0.06757,0.09948,0.09259,0.09146,0.08247,0.09467,0.04372,0.07407
NDMCDarkPTZ_Individual:41,0.16754,0.03922,0.08,0.09091,0.13636,0.0,0.01667,0,0.02222,0.04688,0.07317,0.0,0.0
NDMCDarkPTZ_Individual:42,0.12006,0.09009,0.05694,0.06137,0.09551,0.04,0.07971,0.0393,0.06931,0.10152,0.07981,0.0443,0.04651
NDMCDarkPTZ_Individual:43,0.10137,0.0566,0.01873,0.05723,0.04702,0.05158,0.06316,0.04167,0.04467,0.04582,0.03175,0.03661,0.0439
NDMCDarkPTZ_Individual:44,0.13178,0.07456,0.10345,0.08374,0.05217,0.11765,0.0625,0.08491,0.08586,0.08299,0.10656,0.07345,0.0733
NDMCDarkPTZ_Individual:45,0.13444,0.1124,0.08247,0.15873,0.05172,0.07018,0.06767,0.07639,0.06087,0.14773,0.14205,0.07927,0.13924
NDMCDarkPTZ_Individual:46,0.08804,0.0942,0.04762,0.13115,0.06195,0.08696,0.05556,0.13043,0.03797,0.15714,0.05,0.08333,0.1125
NDMCDarkPTZ_Individual:47,0.15474,0.1,0.02727,0.04615,0.15,0.0241,0.07407,0.12319,0.03509,0.05319,0.09615,0.04959,0.07487
NDMCDarkPTZ_Individual:2;,0.10298,0.05072,0.02381,0.05473,0.10638,0.07647,0.05738,0.08621,0.34286,0.0515,0.05702,0.10241,0.06422
NDMCDarkPTZ_Individual:28,0.14098,0.07937,0.07942,0.10698,0.09155,0.04301,0.10222,0.07836,0.12644,0.10687,0.14634,0.02151,0.10526
NDMCDarkPTZ_Individual:29,0.16541,0.05294,0.08553,0.03226,0.06711,0.04545,0.03636,0.025,0.08088,0.05674,0.08333,0.11111,0.07368
NDMCDarkPTZ_Individual:26,0.13774,0.07784,0.06211,0.09286,0.07229,0.03604,0.07895,0.0,0.07317,0.07813,0.06329,0.05376,0.02857
NDMCDarkPTZ_Individual:6;,0.10037,0.07981,0.08451,0.09524,0.03226,0.1125,0.07692,0.13636,0.06957,0.10169,0.12857,0.06667,0.11628
NDMCDarkPTZ_Individual:24,0.13105,0.03955,0.06061,0.06164,0.1194,0.03614,0.15254,0.06122,0.05952,0.07692,0.04762,0.09009,0.08943
NDMCDarkPTZ_Individual:25,0.22717,0.12929,0.10504,0.07605,0.08658,0.04712,0.05025,0.06522,0.0515,0.07216,0.08721,0.05505,0.04615
NDMCDarkPTZ_Individual:22,0.14839,0.11111,0.05128,0.07576,0.10588,0.09302,0.06557,0.07965,0.10156,0.08054,0.04918,0.04403,0.04516
NDMCDarkPTZ_Individual:23,0.13904,0.08099,0.02186,0.07296,0.06481,0.04523,0.06838,0.05652,0.09785,0.07765,0.03916,0.03929,0.05135
NDMCDarkPTZ_Individual:20,0.16796,0.15726,0.06393,0.07563,0.06468,0.07362,0.09302,0.08108,0.04867,0.07882,0.1,0.0766,0.05738
NDMCDarkPTZ_Individual:21,0.15544,0.06306,0.07609,0.0,0.03448,0.11304,0.09709,0.07368,0.11333,0.10695,0.12136,0.08661,0.11732
NDMCDarkPTZ_Individual:34,0.18099,0.08299,0.05063,0.08738,0.09202,0.03704,0.04545,0.06422,0.09302,0.09848,0.13043,0.07383,0.15625
NDMCDarkPTZ_Individual:38,0.16694,0.1028,0.05797,0.10559,0.06122,0.048,0.08152,0.04831,0.11558,0.07186,0.08108,0.05747,0.08989
NDMCDarkPTZ_Individual:35,0.18306,0.09136,0.07,0.04135,0.05988,0.08475,0.09639,0.0198,0.04132,0.04233,0.07895,0.08333,0.05618
NDMCDarkPTZ_Individual:27,0.13784,0.08772,0.15254,0.0984,0.09434,0.11197,0.07234,0.05263,0.1123,0.11034,0.06404,0.02139,0.00862
NDMCDarkPTZ_Individual:11,0.13161,0.15517,0.09014,0.07359,0.05854,0.03556,0.05752,0.07558,0.122,0.05233,0.03902,0.07256,0.04724
NDMCDarkPTZ_Individual:37,0.22269,0.05729,0.04,0.04724,0.0,0.04082,0.02857,0.15789,0.03333,0.03846,0.0,0.03077,0.10294
NDMCDarkPTZ_Individual:36,0.20424,0.10385,0.04511,0.0989,0.06742,0.04225,0.04902,0.03448,0.04082,0.12583,0.03896,0.04396,0.0724
NDMCDarkPTZ_Individual:5;,0.1907,0.10497,0.05185,0.04,0.03846,0.05556,0.09032,0.07767,0.1,0.02857,0.09,0.09524,0.1413
NDMCDarkPTZ_Individual:9;,0.12479,0.05686,0.05028,0.02732,0.03828,0.04235,0.03687,0.02583,0.04184,0.06079,0.03113,0.05946,0.02857
NDMCDarkPTZ_Individual:31,0.20706,0.16733,0.07463,0.06993,0.10995,0.0198,0.02454,0.10096,0.09167,0.06757,0.0,0.09091,0.06667
NDMCDarkPTZ_Individual:30,0.1456,0.11568,0.07554,0.11864,0.09268,0.07882,0.06641,0.10857,0.08929,0.06599,0.09135,0.14721,0.06969
NDMCDarkPTZ_Individual:1;,0.03279,0.08387,0.15079,0.13934,0.12308,0.13,0.15842,0.15476,0.28571,0.44898,0.18841,0.2,0.15476
NDMCDarkPTZ_Individual:19,0.12671,0.14286,0.0,0.02778,0.09459,0.02083,0.04255,0.12346,0.0,0.08333,0.06667,0.13415,0.10526
NDMCDarkPTZ_Individual:18,0.14541,0.12234,0.0625,0.09677,0.1223,0.0991,0.07018,0.07512,0.14151,0.0796,0.09249,0.06438,0.07353
NDMCDarkPTZ_Individual:39,0.15046,0.18182,0.15385,0.084,0.0824,0.06442,0.05594,0.0935,0.09709,0.06633,0.10502,0.04545,0.08824
NDMCDarkPTZ_Individual:33,0.15036,0.14625,0.10952,0.09091,0.06579,0.13889,0.04211,0.11679,0.04286,0.08571,0.04255,0.13953,0.11364
NDMCDarkPTZ_Individual:3;,0.1145,0.04762,0.03947,0.05625,0.07407,0.05036,0.04839,0.07143,0.06481,0.11111,0.09836,0.08889,0.07
NDMCDarkPTZ_Individual:32,0.17489,0.05769,0.12621,0.05,0.0493,0.09639,0.1133,0.05042,0.08556,0.05556,0.13636,0.08861,0.0922
NDMCDarkPTZ_Individual:13,0.15789,0.11765,0.125,0.07955,0.04902,0.05797,0.06329,0.07742,0.08995,0.06707,0.0553,0.05319,0.04865
NDMCDarkPTZ_Individual:12,0.16968,0.10042,0.0473,0.08915,0.05373,0.0751,0.09091,0.04811,0.05397,0.06557,0.02952,0.07246,0.03612
NDMCDarkPTZ_Individual:7;,0.11842,0.16427,0.10526,0.09804,0.0219,0.02586,0.065,0.04717,0.05882,0.05333,0.04545,0.06047,0.07345
NDMCDarkPTZ_Individual:10,0.15021,0.11798,0.06757,0.12844,0.06329,0.12632,0.10169,0.17757,0.14085,0.16049,0.1129,0.15686,0.13333
NDMCDarkPTZ_Individual:17,0.16561,0.11978,0.09851,0.06383,0.06452,0.06952,0.07246,0.0365,0.05455,0.08738,0.05882,0.06522,0.08187
NDMCDarkPTZ_Individual:16,0.12105,0.12403,0.08824,0.12,0.02151,0.06918,0.02247,0.04854,0.06897,0.06863,0.04795,0.09434,0.04667
NDMCDarkPTZ_Individual:15,0.17836,0.13364,0.02198,0.0274,0.03731,0.01538,0.09091,0.03704,0.06154,0.09574,0.03846,0.05455,0.06
NDMCDarkPTZ_Individual:14,0.09719,0.09685,0.09647,0.06135,0.06452,0.03333,0.07071,0.11392,0,0.04348,0.07895,0.0531,0.03125
NDMCHighDarkPTZ_Individual:8;,0.07792,0.1,0.08966,0.03448,0.02632,0.0,0.0,0.03226,0.0,0.0,0.05,0.0,0.06667
NDMCHighDarkPTZ_Individual:48,0.11497,0.09709,0.03659,0.05469,0.05085,0.04688,0.04317,0.01258,0.032,0.07101,0.04321,0.06452,0.05941
NDMCHighDarkPTZ_Individual:4;,0.12963,0.08097,0.11111,0.11888,0.10101,0.1619,0.11111,0.14706,0.16,0.17219,0.1519,0.15642,0.14724
NDMCHighDarkPTZ_Individual:40,0.11429,0.02655,0.05085,0.05584,0.04396,0.08333,0.0813,0.08889,0.09859,0.06599,0.06173,0.07647,0.05051
NDMCHighDarkPTZ_Individual:41,0.16172,0.03333,0.0,0.02174,0.00787,0.03067,0.04054,0.06207,0.01471,0.07194,0.0177,0.04167,0.04886
NDMCHighDarkPTZ_Individual:42,0.136,0.07407,0.08897,0.08889,0.05,0.04695,0.04043,0.06854,0.06364,0.05058,0.0787,0.03865,0.06452
NDMCHighDarkPTZ_Individual:43,0.12676,0.05769,0.0229,0.04934,0.04274,0.06207,0.03546,0.05143,0.06757,0.08547,0.07877,0.03167,0.04957
NDMCHighDarkPTZ_Individual:44,0.11765,0.0,0.06667,0.05063,0.08163,0.04945,0.05797,0.05634,0.04865,0.05882,0.03721,0.03659,0.04545
NDMCHighDarkPTZ_Individual:45,0.03398,0.01818,0.04938,0.01961,0.05505,0.07143,0.00901,0.02424,0.07317,0.02315,0.05941,0.04839,0.08759
NDMCHighDarkPTZ_Individual:46,0.10395,0.0557,0.02688,0.02463,0.04762,0.05076,0.06667,0.0543,0.04869,0.01587,0.05839,0.04746,0.06695
NDMCHighDarkPTZ_Individual:47,0.13838,0.06173,0.04156,0.02679,0.0361,0.03318,0.06635,0.05689,0.05611,0.03947,0.04392,0.05759,0.06647
NDMCHighDarkPTZ_Individual:2;,0.11905,0.12575,0.13095,0.07778,0.12865,0.07927,0.0431,0.04984,0.0302,0.05583,0.03036,0.03085,0.0528
NDMCHighDarkPTZ_Individual:28,0.11628,0.05369,0.11486,0.09375,0.06977,0.12987,0.08108,0.13483,0.11765,0.05455,0.12963,0.14634,0.04412
NDMCHighDarkPTZ_Individual:29,0.08163,0.09302,0.16949,0.11111,0.01587,0.2,0.04762,0.06977,0.03448,0.12195,0.02174,0.05263,0.04167
NDMCHighDarkPTZ_Individual:26,0.09873,0.14634,0.05691,0.02258,0.05703,0.0939,0.08898,0.07263,0.076,0.064,0.11159,0.13655,0.13656
NDMCHighDarkPTZ_Individual:6;,0.12158,0.10294,0.044,0.03185,0.05,0.03318,0.04545,0.08333,0.06356,0.05652,0.06827,0.07851,0.07877
NDMCHighDarkPTZ_Individual:24,0.06667,0.10734,0.07489,0.07054,0.07025,0.08036,0.05446,0.0873,0.04605,0.05282,0.07055,0.04511,0.0597
NDMCHighDarkPTZ_Individual:25,0.12885,0.09816,0.06202,0.07619,0.08621,0.07407,0.09353,0.08861,0.08025,0.09877,0.10241,0.1,0.10638
NDMCHighDarkPTZ_Individual:22,0.13467,0.09202,0.11333,0.05221,0.07025,0.06967,0.10959,0.09615,0.07451,0.0632,0.07647,0.04762,0.03008
NDMCHighDarkPTZ_Individual:23,0.11911,0.10828,0.07143,0.07,0.05091,0.06757,0.06383,0.07471,0.06393,0.09357,0.08917,0.06548,0.0625
NDMCHighDarkPTZ_Individual:20,0.12011,0.085,0.06494,0.04854,0.0733,0.09048,0.06122,0.10596,0.11688,0.07207,0.07273,0.10791,0.11888
NDMCHighDarkPTZ_Individual:21,0.1194,0.125,0.04396,0.08527,0.06608,0.05,0.04976,0.05072,0.07674,0.07323,0.07947,0.03491,0.0623
NDMCHighDarkPTZ_Individual:34,0.00917,0.13091,0.01754,0.04386,0.03793,0.01563,0.01622,0.01818,0.02874,0.02807,0.02749,0.0219,0.06579
NDMCHighDarkPTZ_Individual:38,0.16466,0.05825,0.04412,0.07609,0.0303,0.04959,0.05208,0.02703,0.0367,0.02597,0.07547,0.05405,0.03488
NDMCHighDarkPTZ_Individual:35,0.0875,0.0793,0.09846,0.06949,0.0659,0.16099,0.13765,0.05983,0.05386,0.06939,0.1102,0.075,0.04762
NDMCHighDarkPTZ_Individual:27,0.17365,0.11397,0.07955,0.08974,0.07368,0.12832,0.10526,0.10471,0.05276,0.09446,0.07202,0.07407,0.08506
NDMCHighDarkPTZ_Individual:11,0.0565,0.1256,0.07692,0.05946,0.05625,0.1411,0.14554,0.12605,0.13278,0.1308,0.18539,0.1326,0.11574
NDMCHighDarkPTZ_Individual:37,0.10772,0.05333,0.05978,0.01563,0.02027,0.03521,0.04839,0.02761,0.04247,0.03285,0.02135,0.03659,0.03488
NDMCHighDarkPTZ_Individual:36,0.12222,0.15714,0.05844,0.03213,0.06569,0.04867,0.06918,0.06579,0.0177,0.01163,0.01538,0.02273,0.03571
NDMCHighDarkPTZ_Individual:5;,0.12442,0.0442,0.03237,0.01645,0.01506,0.03738,0.01538,0.02685,0.01951,0.03831,0.02667,0.06173,0.04582
NDMCHighDarkPTZ_Individual:9;,0.05714,0.11656,0.14371,0.10667,0.14943,0.0303,0.02174,0.0,0.0155,0.01887,0.00806,0.00741,0.0
NDMCHighDarkPTZ_Individual:31,0.09709,0.09223,0.05455,0.07143,0.01754,0.12371,0.02941,0.02128,0.0,0.0,0.0,0.0,0.0
NDMCHighDarkPTZ_Individual:30,0.14201,0.11957,0.03557,0.04783,0.05476,0.05329,0.06216,0.05627,0.06502,0.05263,0.04627,0.04956,0.04819
NDMCHighDarkPTZ_Individual:1;,0.2028,0.0663,0.07857,0.08029,0.07947,0.06364,0.05645,0.02538,0.04306,0.04839,0.03433,0.03478,0.02817
NDMCHighDarkPTZ_Individual:19,0.11811,0.05532,0.03289,0.03,0.03175,0.02392,0.03782,0.02395,0.09278,0.0219,0.03704,0.04375,0.06667
NDMCHighDarkPTZ_Individual:18,0.10327,0.02439,0.06796,0.05405,0.02941,0.0,0.04082,0.02857,0.02326,0.10769,0.10345,0.11111,0.03448
NDMCHighDarkPTZ_Individual:39,0.17747,0.08649,0.04138,0.02198,0.01639,0.08046,0.06122,0.025,0.05,0.06349,0.06061,0.18605,0.08
NDMCHighDarkPTZ_Individual:33,0.09524,0,0.04959,0,0.0,0.00699,0.0,0.0,0.02857,0.2,0,0.14286,0
NDMCHighDarkPTZ_Individual:3;,0.04487,0.10471,0.08671,0.025,0.09859,0.0977,0.06011,0.05116,0.0367,0.06897,0.09565,0.08403,0.07469
NDMCHighDarkPTZ_Individual:32,0.12598,0.112,0.125,0.08725,0.06417,0.04,0.02703,0.02564,0.07407,0.02041,0.0,0.03448,0.11765
NDMCHighDarkPTZ_Individual:13,0.1606,0.03788,0.01005,0.06604,0.06593,0.06652,0.06977,0.03118,0.04,0.03935,0.06961,0.0411,0.03723
NDMCHighDarkPTZ_Individual:12,0.12963,0.07778,0.07143,0.09809,0.0843,0.03243,0.06377,0.0404,0.05769,0.06061,0.0625,0.08481,0.02941
NDMCHighDarkPTZ_Individual:7;,0.10309,0.09392,0.08497,0.08213,0.06273,0.07609,0.116,0.03101,0.04027,0.02941,0.016,0.07246,0.03333
NDMCHighDarkPTZ_Individual:10,0.10317,0.11583,0.0892,0.05941,0.0,0.02128,0.04545,0.07547,0.0597,0.0303,0.03509,0.11538,0.15873
NDMCHighDarkPTZ_Individual:17,0.10861,0.03061,0.0,0.26087,0.0,0.0,0.0,0.07895,0.0,0.07143,0.05882,0.0,0.10938
NDMCHighDarkPTZ_Individual:16,0.13256,0.09936,0.05603,0.0984,0.05105,0.04103,0.04575,0.05034,0.04306,0.07407,0.01508,0.04583,0.02341
NDMCHighDarkPTZ_Individual:15,0.05,0.16667,0.04598,0.10145,0.03846,0.11111,0.03077,0.03571,0.09836,0.08955,0.11224,0.0625,0.13235
NDMCHighDarkPTZ_Individual:14,0.12632,0.02151,0.09375,0.05,0.02423,0.04762,0.12329,0.06618,0.0,0.04348,0.0,0.07826,0.06897
OSU6162DarkPTZ_Individual:8;,0.17778,0.13529,0.07034,0.09091,0.01031,0.05691,0.02105,0.02632,0.04918,0.06773,0.06422,0.05556,0.06267
OSU6162DarkPTZ_Individual:48,0.11111,0.07487,0.04965,0.0101,0.03315,0.04681,0.04327,0.05085,0.1125,0.05464,0.09836,0.02469,0.05512
OSU6162DarkPTZ_Individual:4;,0.1984,0.08661,0.01923,0.04082,0.04575,0.08108,0.08511,0.05926,0.09259,0.13475,0.03614,0.03604,0.04265
OSU6162DarkPTZ_Individual:40,0.13926,0.03165,0.05,0.03395,0.07187,0.04,0.04432,0.06279,0.04492,0.0491,0.05352,0.06137,0.07951
OSU6162DarkPTZ_Individual:41,0.21698,0.12844,0.0,0.01316,0.0,0.01961,0.14286,0.02817,0.01389,0.04717,0.03333,0.05634,0.08621
OSU6162DarkPTZ_Individual:42,0.1663,0.05831,0.03933,0.02424,0.03125,0.07429,0.02381,0.03333,0.04505,0.04906,0.05,0.04072,0.01429
OSU6162DarkPTZ_Individual:43,0.06842,0.08092,0.12994,0.06275,0.04819,0.06989,0.04027,0.04651,0.09938,0.0,0.08485,0.08943,0.01961
OSU6162DarkPTZ_Individual:44,0.133,0.10119,0.04494,0.04348,0.07143,0.03448,0.08333,0.10606,0.09677,0.04651,0.03774,0.10938,0.14706
OSU6162DarkPTZ_Individual:45,0.12787,0.04762,0.03333,0.03518,0.02,0.01887,0.00778,0.03214,0.02372,0.04015,0.02232,0.03086,0.02789
OSU6162DarkPTZ_Individual:46,0.15385,0.11419,0.025,0.04639,0.06061,0.04895,0.01966,0.04065,0.04196,0.02671,0.02483,0.0413,0.03073
OSU6162DarkPTZ_Individual:47,0.14663,0.06897,0.07692,0.06452,0.07285,0.02247,0.07368,0.01471,0.04386,0.06557,0.03448,0.02273,0.03448
OSU6162DarkPTZ_Individual:2;,0.1,0.03846,0.02469,0.0566,0.0,0.03883,0.02703,0.01449,0.025,0.0404,0.05455,0.01266,0.13043
OSU6162DarkPTZ_Individual:28,0.14243,0.04972,0.05556,0.07287,0.08475,0.05164,0.07979,0.05696,0.07143,0.09091,0.05102,0.04082,0.10526
OSU6162DarkPTZ_Individual:29,0.09119,0.01905,0.09492,0.06723,0.0375,0.05283,0.06944,0.03252,0.03757,0.07692,0.02685,0.03915,0.04709
OSU6162DarkPTZ_Individual:26,0.17905,0.11921,0.05738,0.05208,0.10317,0.08081,0.10169,0.10968,0.1,0.06145,0.07273,0.05911,0.08108
OSU6162DarkPTZ_Individual:6;,0.16712,0.136,0.03465,0.07568,0.03488,0.04274,0.05357,0.04819,0.03681,0.04965,0.02837,0.03209,0.05488
OSU6162DarkPTZ_Individual:24,0.18564,0.12308,0.04286,0.18333,0.08654,0.11429,0.05882,0.04651,0.09023,0.16949,0.0198,0.0303,0.125
OSU6162DarkPTZ_Individual:25,0.08036,0.03333,0.07143,0.05405,0.05521,0.09626,0.04372,0.05217,0.09453,0.03356,0.10224,0.11409,0.05864
OSU6162DarkPTZ_Individual:22,0.09294,0.0625,0.03125,0.06494,0.01961,0.11111,0.03175,0.0,0.05405,1.0,0.05794,0.04,0.0303
OSU6162DarkPTZ_Individual:23,0.21429,0.10169,0.05435,0.06186,0.01681,0.07692,0.06796,0.06349,0.03604,0.11382,0.05882,0.07627,0.0873
OSU6162DarkPTZ_Individual:20,0.10933,0.05161,0.05495,0.08,0.03846,0.07692,0.06944,0.07407,0.09756,0.06736,0.06599,0.1049,0.06024
OSU6162DarkPTZ_Individual:21,0.19289,0.07514,0.02885,0.01887,0.0566,0.06796,0.11111,0.10256,0.02128,0.05116,0.05051,0.02395,0.05469
OSU6162DarkPTZ_Individual:34,0.15962,0.0,0.05063,0.02817,0.09375,0.0,0.0875,0.0875,0.04505,0.0125,0.06061,0.07407,0.04301
OSU6162DarkPTZ_Individual:38,0.16155,0.08403,0.07639,0.08621,0.10323,0.11413,0.1234,0.12542,0.18092,0.2491,0.13158,0.12062,0.1521
OSU6162DarkPTZ_Individual:35,0.15965,0.04242,0.01274,0.00917,0.04,0.01935,0.01914,0.04813,0.0625,0.0396,0.0625,0.03,0.04945
OSU6162DarkPTZ_Individual:27,0.21296,0.15909,0.09174,0.06122,0.07767,0.06536,0.09032,0.11458,0.09353,0.06796,0.15299,0.04412,0.05128
OSU6162DarkPTZ_Individual:11,0.16286,0.09499,0.02532,0.0226,0.04147,0.03723,0.02262,0.03448,0.05983,0.06977,0.05155,0.05714,0.0679
OSU6162DarkPTZ_Individual:37,0.17327,0.14978,0.01935,0.0297,0.03205,0.03061,0.04167,0.04255,0.08824,0.08889,0.02632,0.0303,0.06803
OSU6162DarkPTZ_Individual:36,0.15845,0.06226,0.06557,0.03165,0.04592,0.05556,0.04592,0.06472,0.06716,0.07653,0.03774,0.06061,0.11667
OSU6162DarkPTZ_Individual:5;,0.16337,0.0625,0.04878,0.07018,0.07463,0.04494,0.01299,0.04225,0.05,0.04762,0.04167,0.05263,0.05263
OSU6162DarkPTZ_Individual:9;,0.16996,0.14872,0.02,0.06,0.02913,0.02857,0.03093,0.0625,0.06417,0.03723,0.0241,0.07143,0.04959
OSU6162DarkPTZ_Individual:31,0.12888,0.06084,0.09259,0.06612,0.06071,0.04545,0.096,0.06475,0.06614,0.07556,0.0452,0.04643,0.04532
OSU6162DarkPTZ_Individual:30,0.1587,0.05882,0.03261,0.04865,0.02844,0.07059,0.04698,0.09195,0.02609,0.04217,0.05479,0.0791,0.0549
OSU6162DarkPTZ_Individual:1;,0.18111,0.09063,0.0411,0.06338,0.0429,0.08333,0.02734,0.02724,0.0439,0.05763,0.07692,0.08108,0.07732
OSU6162DarkPTZ_Individual:19,0.17788,0.10482,0.07306,0.06316,0.10619,0.09302,0.10959,0.11789,0.13488,0.09048,0.17978,0.09434,0.06667
OSU6162DarkPTZ_Individual:18,0.18068,0.081,0.06195,0.0,0.03077,0.06944,0.05,0.05405,0.01619,0.03947,0.04348,0.02326,0.04762
OSU6162DarkPTZ_Individual:39,0.11587,0.02294,0.02752,0.05417,0.01509,0.04912,0.04854,0.04808,0.09353,0.04301,0.04639,0.07576,0.03644
OSU6162DarkPTZ_Individual:33,0.04598,0.02174,0.1,0.01064,0.05263,0.07273,0.09091,0.01351,0.01266,0.05128,0.01724,0.02703,0.125
OSU6162DarkPTZ_Individual:3;,0.23667,0.0796,0.06918,0.06536,0.07317,0.08995,0.07407,0.08889,0.05682,0.02479,0.07729,0.04511,0.02105
OSU6162DarkPTZ_Individual:32,0.11244,0.13126,0.04082,0.04118,0.02239,0.07187,0.07194,0.02857,0.01609,0.0546,0.041,0.03409,0.04595
OSU6162DarkPTZ_Individual:13,0.13939,0.02516,0.0396,0.03448,0.02899,0.08247,0.04217,0.03371,0.07619,0.04717,0.02727,0.05455,0.02521
OSU6162DarkPTZ_Individual:12,0.11801,0.1165,0.06667,0.07143,0.08,0.0458,0.03896,0.08889,0.02174,0.03659,0.04511,0.03529,0.02632
OSU6162DarkPTZ_Individual:7;,0.15273,0.04115,0.02609,0.02857,0.0,0.08333,0.03279,0.07031,0.07386,0.11957,0.01575,0.03,0.104
OSU6162DarkPTZ_Individual:10,0.10198,0.02256,0.04494,0.06383,0.1,0.02326,0.09524,0.06494,0.0791,0.03279,0.05687,0.05085,0.0885
OSU6162DarkPTZ_Individual:17,0.13827,0.0994,0.03519,0.04483,0.03618,0.04306,0.06122,0.03922,0.0695,0.0332,0.03273,0.07063,0.09717
OSU6162DarkPTZ_Individual:16,0.1596,0.02075,0.04348,0.0,0.05435,0.0,0.02128,0.05556,0.0641,0.07937,0.07547,0.08494,0.07143
OSU6162DarkPTZ_Individual:15,0.07826,0.0,0.06962,0.04403,0.04255,0.10638,0.10383,0.10909,0.15205,0.0531,0.07407,0.07273,0.04237
OSU6162DarkPTZ_Individual:14,0.1377,0.10621,0.04478,0.02632,0.02609,0.07553,0.05263,0.08725,0.07595,0.05917,0.08033,0.06567,0.05937
PCAP1DarkPTZ_Individual:8;,0.0625,0.11972,0.08333,0.08451,0.06711,0.10417,0.0625,0.08187,0.02857,0.0281,0.02212,0.05797,0.06604
PCAP1DarkPTZ_Individual:48,0.12821,0.06553,0.03553,0.02024,0.02326,0.03125,0.03285,0.05978,0.0597,0.02564,0.0429,0.01571,0.02273
PCAP1DarkPTZ_Individual:4;,0.10879,0.05587,0.07653,0.05344,0.1037,0.07874,0.04412,0.1125,0.03941,0.05556,0.03627,0.09677,0.0531
PCAP1DarkPTZ_Individual:40,0.16088,0.0754,0.04237,0.03509,0.07547,0.11667,0.0396,0.06849,0.09402,0.07273,0.07527,0.00948,0.04706
PCAP1DarkPTZ_Individual:41,0.14255,0.08879,0.08178,0.03356,0.02804,0.0,0.06667,0.0,0.04082,0.08228,0.08571,0.07087,0.03261
PCAP1DarkPTZ_Individual:42,0.15457,0.07207,0.14634,0.01887,0.06897,0.06316,0.04027,0.11364,0.05405,0.05839,0.04065,0.06723,0.0838
PCAP1DarkPTZ_Individual:43,0.13436,0.10345,0.02308,0.0463,0.08642,0.07547,0.03106,0.0442,0.04207,0.03906,0.02286,0.02881,0.03488
PCAP1DarkPTZ_Individual:44,0.17579,0.2327,0.09615,0.07258,0.09722,0.05512,0.0765,0.17143,0.0,0.08571,0.03125,0.05159,0.04828
PCAP1DarkPTZ_Individual:45,0.19018,0.12766,0.03571,0.06771,0.06509,0.10623,0.09167,0.14015,0.11374,0.06918,0.08462,0.08609,0.10949
PCAP1DarkPTZ_Individual:46,0.13235,0.14063,0.05797,0.02817,0.06202,0.03704,0.0625,0.05333,0.05634,0.13333,0.0,0.01148,0.00566
PCAP1DarkPTZ_Individual:47,0.11145,0.10843,0.07115,0.04661,0.03376,0.03279,0.06599,0.03425,0.05106,0.00781,0.05909,0.05882,0.06044
PCAP1DarkPTZ_Individual:2;,0.0838,0.1453,0.06024,0.09023,0.09554,0.07004,0.06642,0.05696,0.06881,0.08949,0.05804,0.05556,0.08085
PCAP1DarkPTZ_Individual:28,0.1256,0.06073,0.02459,0.02317,0.03155,0.03226,0.01976,0.03344,0.05238,0.0184,0.02404,0.02643,0.04
PCAP1DarkPTZ_Individual:29,0.11765,0.06667,0.05952,0.0354,0.06832,0.07512,0.05464,0.06103,0.02691,0.05072,0.04054,0.07547,0.05036
PCAP1DarkPTZ_Individual:26,0.16,0.11111,0.05797,0.0411,0.07927,0.02273,0.16883,0.07955,0.06475,0.06884,0.10784,0.07407,0.04545
PCAP1DarkPTZ_Individual:6;,0.12651,0.10189,0.04167,0.03963,0.04135,0.03073,0.03468,0.03716,0.0559,0.04924,0.0361,0.02991,0.03766
PCAP1DarkPTZ_Individual:24,0.12346,0.17204,0.08362,0.05851,0.04678,0.03509,0.0628,0.04577,0.04781,0.02465,0.02712,0.05414,0.03782
PCAP1DarkPTZ_Individual:25,0.10031,0.0875,0.05208,0.0838,0.06936,0.04274,0.03593,0.07634,0.08108,0.05833,0.02752,0.03067,0.05797
PCAP1DarkPTZ_Individual:22,0.07241,0.11392,0.13717,0.06438,0.04422,0.00546,0.0969,0.06835,0.05868,0.0301,0.03514,0.03347,0.04061
PCAP1DarkPTZ_Individual:23,0.11111,0.10849,0.06522,0.09091,0.09524,0.09615,0.25,0.04255,0.10204,0.05128,0.11111,0.15942,0.12632
PCAP1DarkPTZ_Individual:20,0.09881,0.10526,0.02479,0.05469,0.06716,0.08148,0.10377,0.05161,0.08287,0.07339,0.0942,0.07895,0.07186
PCAP1DarkPTZ_Individual:21,0.10526,0.08511,0.03846,0.06061,0.08571,0.17021,0.01587,0.11765,0.04,0.08929,0.07692,0.12329,0.10909
PCAP1DarkPTZ_Individual:34,0.20721,0.10112,0.04211,0.03401,0.06593,0.06731,0.09639,0.01111,0.05128,0.03759,0.09821,0.05882,0.1
PCAP1DarkPTZ_Individual:38,0.11504,0.04167,0.02479,0.10345,0.07143,0.03448,0.0,0.01923,0.02586,0.0365,0.03906,0.03738,0.1
PCAP1DarkPTZ_Individual:35,0.09215,0.14085,0.07463,0.06667,0.07143,0.07143,0.04082,0.04938,0.09091,0.05479,0.08475,0.08824,0.06667
PCAP1DarkPTZ_Individual:27,0.09226,0.05556,0.18072,0.10345,0.09,0.09028,0.07453,0.14583,0.06569,0.11481,0.10407,0.13218,0.09705
PCAP1DarkPTZ_Individual:11,0.04819,0.07286,0.14706,0.01136,0.03883,0.01724,0.01792,0.02286,0.05229,0.06522,0.08163,0.0566,0.0367
PCAP1DarkPTZ_Individual:37,0.14516,0.07011,0.02128,0.05498,0.03846,0.06122,0.05941,0.03207,0.04851,0.02508,0.03191,0.02564,0.02624
PCAP1DarkPTZ_Individual:36,0.1087,0.14563,0.05882,0.14159,0.11724,0.08571,0.17284,0.07692,0.05607,0.06618,0.06081,0.09489,0.08491
PCAP1DarkPTZ_Individual:5;,0.23016,0.21094,0.01667,0.08861,0.12977,0.08197,0.1039,0.06044,0.04762,0.12,0.08197,0.09333,0.09286
PCAP1DarkPTZ_Individual:9;,0.05882,0.0742,0.03902,0.05085,0.05051,0.06849,0.04545,0.04301,0.06912,0.06417,0.05641,0.07477,0.05952
PCAP1DarkPTZ_Individual:31,0.12075,0.04839,0.06757,0.04065,0.07143,0.05426,0.05426,0.07092,0.04094,0.09581,0.08475,0.08333,0.11574
PCAP1DarkPTZ_Individual:30,0.15789,0.07092,0.07937,0.07407,0.12069,0.06,0.10628,0.02976,0.09483,0.07317,0.09028,0.10599,0.07882
PCAP1DarkPTZ_Individual:1;,0.12923,0.05911,0.08602,0.09302,0.05634,0.04762,0.07407,0.01754,0.07895,0.07692,0,0.0,0.06452
PCAP1DarkPTZ_Individual:19,0.12787,0.11066,0.04651,0.05581,0.06173,0.06132,0.06509,0.09129,0.0935,0.0543,0.08152,0.06,0.03604
PCAP1DarkPTZ_Individual:18,0.11936,0.09906,0.06397,0.07121,0.09921,0.06452,0.07862,0.07353,0.11079,0.09211,0.09974,0.08626,0.12721
PCAP1DarkPTZ_Individual:39,0.11712,0.03774,0.06349,0.12727,0.07353,0.06557,0.02703,0.03333,0.06667,0.04839,0.04651,0.03704,0.0
PCAP1DarkPTZ_Individual:33,0.0322,0.05926,0.05376,0.05769,0.04317,0.03922,0.05031,0.05687,0.05405,0.03153,0.03289,0.02632,0.04975
PCAP1DarkPTZ_Individual:3;,0.10667,0.11864,0.03984,0.05725,0.03478,0.03279,0.04494,0.06557,0.04375,0.08333,0.03822,0.03409,0.06
PCAP1DarkPTZ_Individual:32,0.00501,0.11449,0.08738,0.08708,0.0479,0.02933,0.04545,0.02041,0.04106,0.03922,0.03415,0.02612,0.06364
PCAP1DarkPTZ_Individual:13,0.13018,0.11168,0.09794,0.04046,0.01613,0.02532,0.17241,0.07843,0.08696,0.06897,0.03846,0.09804,0.00699
PCAP1DarkPTZ_Individual:12,0.11661,0.10032,0.0838,0.03704,0.04571,0.02797,0.01992,0.04891,0.06757,0.085,0.07752,0.03915,0.03982
PCAP1DarkPTZ_Individual:7;,0.12838,0.15058,0.08377,0.09179,0.10455,0.05208,0.05882,0.04074,0.05854,0.04639,0.06667,0.05286,0.04016
PCAP1DarkPTZ_Individual:10,0.14097,0.09059,0.08442,0.13065,0.09375,0.1,0.0766,0.08824,0.11828,0.08,0.125,0.135,0.06024
PCAP1DarkPTZ_Individual:17,0.14,0.12288,0.0916,0.02842,0.04211,0.05405,0.06667,0.06504,0.0483,0.05882,0.02778,0.04645,0.03315
PCAP1DarkPTZ_Individual:16,0.1087,0.07386,0.05851,0.04225,0.10256,0.08254,0.06047,0.05417,0.01,0.05536,0.03659,0.04861,0.05229
PCAP1DarkPTZ_Individual:15,0.15152,0.08125,0.06897,0.02532,0.06979,0.07692,0.05882,0.03509,0.09091,0.11111,0.06093,0.06522,0.04265
PCAP1DarkPTZ_Individual:14,0.10949,0.13406,0.10057,0.05164,0.0241,0.06704,0.06472,0.04878,0.06542,0.04965,0.04706,0.06226,0.05612
PCAP2DarkPTZ_Individual:8;,0.13905,0.08097,0.03896,0.06044,0.05882,0.02672,0.01754,0.03614,0.06757,0.06633,0.03546,0.01946,0.02632
PCAP2DarkPTZ_Individual:48,0.14554,0.06531,0.06265,0.0554,0.05985,0.05198,0.08228,0.10299,0.0799,0.08564,0.09434,0.07242,0.0806
PCAP2DarkPTZ_Individual:4;,0.19853,0.07006,0.05333,0.02963,0.08235,0.0411,0.01075,0.03846,0.04706,0.05,0.0495,0.07143,0.1
PCAP2DarkPTZ_Individual:40,0.19658,0.10811,0.1761,0.10156,0.11728,0.11798,0.10526,0.06748,0.06452,0.09934,0.09816,0.14857,0.09921
PCAP2DarkPTZ_Individual:41,0.1401,0.08252,0.06061,0.03057,0.06452,0.04329,0.03376,0.04196,0.03125,0.02128,0.04348,0.03488,0.05556
PCAP2DarkPTZ_Individual:42,0.11919,0.05724,0.02885,0.05634,0.04464,0.04762,0.09091,0.06433,0.10687,0.12687,0.08287,0.08333,0.08081
PCAP2DarkPTZ_Individual:43,0.08661,0.06061,0.05556,0.05837,0.06169,0.05605,0.05949,0.04935,0.07398,0.04688,0.05729,0.05015,0.05163
PCAP2DarkPTZ_Individual:44,0.11111,0.02174,0.1,0.02256,0.0,0.05,0.05535,0.09489,0.03383,0.09146,0.04286,0.06803,0.06723
PCAP2DarkPTZ_Individual:45,0.10256,0.09494,0.0,0.13333,0.22222,0.14286,0.15789,0.1,0.10559,0.14286,0.04,0.07254,0.05495
PCAP2DarkPTZ_Individual:46,0.15094,0.03261,0.03867,0.05579,0.04412,0.03086,0.07556,0.06573,0.06198,0.07667,0.06338,0.0903,0.03165
PCAP2DarkPTZ_Individual:47,0.1,0.103,0.125,0.13966,0.0875,0.07721,0.0814,0.05539,0.06306,0.00699,0.06612,0.06364,0.03663
PCAP2DarkPTZ_Individual:2;,0.1875,0.05917,0.06383,0.04142,0.04717,0.04762,0.11194,0.0098,0.11538,0.13492,0.03226,0.09756,0.08
PCAP2DarkPTZ_Individual:28,0.06884,0,0.075,0.04615,0.10748,0.12687,0.06667,0.07143,0.03306,0.09877,0.07547,0.04494,0.11024
PCAP2DarkPTZ_Individual:29,0.1451,0.06849,0.06593,0.09649,0.07383,0.07801,0.05785,0.075,0.08434,0.08,0.0,0.09167,0.01961
PCAP2DarkPTZ_Individual:26,0.19307,0.04878,0.04762,0.06618,0.08642,0.04965,0.08824,0.13534,0.1374,0.17822,0.11111,0.12097,0.14141
PCAP2DarkPTZ_Individual:6;,0.13793,0.04167,0.0303,0.04478,0.11628,0.17021,0.05051,0.0,0.0,0.08046,0.5,0.04494,0.08929
PCAP2DarkPTZ_Individual:24,0.0495,0.08276,0.0641,0.04324,0.05195,0.0922,0.02,0.08235,0.08,0.05848,0.05405,0.0625,0.08523
PCAP2DarkPTZ_Individual:25,0.08911,0.04331,0.04115,0.05714,0.05907,0.03556,0.06818,0.04211,0.05208,0.05983,0.03365,0.03252,0.0098
PCAP2DarkPTZ_Individual:22,0.07009,0.02128,0.0473,0.06897,0.0618,0.08482,0.05314,0.10345,0.09489,0.1,0.11613,0.06369,0.06742
PCAP2DarkPTZ_Individual:23,0.12971,0.06358,0.06073,0.08929,0.10648,0.09341,0.10185,0.09859,0.10063,0.09357,0.08721,0.10526,0.09486
PCAP2DarkPTZ_Individual:20,0.08658,0.06826,0.04132,0.04869,0.05656,0.05672,0.0544,0.05828,0.04569,0.04772,0.05934,0.04741,0.03875
PCAP2DarkPTZ_Individual:21,0.09274,0.08725,0.1,0.04198,0.07317,0.05512,0.05911,0.0582,0.07229,0.09607,0.08984,0.07407,0.12
PCAP2DarkPTZ_Individual:34,0.17548,0.12775,0.04459,0.04494,0.05128,0.0493,0.02917,0.05634,0.09502,0.0623,0.08929,0.04762,0.05282
PCAP2DarkPTZ_Individual:38,0.1152,0.1465,0.06667,0.03883,0.05714,0.07792,0.09239,0.08824,0.09045,0.1123,0.05288,0.1123,0.08586
PCAP2DarkPTZ_Individual:35,0.13134,0.05682,0.04819,0.03109,0.0641,0.05882,0.06944,0.04895,0.05528,0.03704,0.04327,0.03125,0.05063
PCAP2DarkPTZ_Individual:27,0.22249,0.13289,0.05612,0.05172,0.07692,0.06536,0.04587,0.05069,0.08,0.06122,0.07725,0.02488,0.07042
PCAP2DarkPTZ_Individual:11,0.13362,0.09016,0.05155,0.05785,0.03597,0.14474,0.09375,0.0,0.02247,0.02941,0.04444,0.04412,0.12766
PCAP2DarkPTZ_Individual:37,0.21649,0.1215,0.10072,0.13158,0.08547,0.10417,0.05357,0.19178,0.125,0.09091,0.10309,0.10256,0.16393
PCAP2DarkPTZ_Individual:36,0.09694,0.02439,0.04,0.02439,0.0678,0.0184,0.0137,0.03571,0.02273,0.08,0.06061,0.05682,0.02256
PCAP2DarkPTZ_Individual:5;,0.13115,0.07634,0.03226,0.09827,0.04902,0.03937,0.04132,0.06383,0.07955,0.08491,0.1,0.04317,0.05839
PCAP2DarkPTZ_Individual:9;,0.13974,0.05128,0.03896,0.06173,0.02679,0.03876,0.06306,0.088,0.06422,0.06522,0.12963,0.11842,0.10435
PCAP2DarkPTZ_Individual:31,0.09821,0.06122,0.04167,0.05941,0.03361,0.02439,0.17073,0.03012,0.09524,0.04348,0.07143,0.0566,0.05495
PCAP2DarkPTZ_Individual:30,0.17735,0.08392,0.05109,0.10526,0.03093,0.02222,0.03008,0.06667,0.05109,0.07031,0.05442,0.09559,0.09942
PCAP2DarkPTZ_Individual:1;,0.06358,0.0407,0.05914,0.05,0.08824,0.10189,0.05525,0.04167,0.04889,0.07792,0.09346,0.01117,0.03415
PCAP2DarkPTZ_Individual:19,0.13298,0.09091,0.03822,0.10811,0.0939,0.08795,0.04438,0.05995,0.06073,0.04977,0.02355,0.00477,0.00837
PCAP2DarkPTZ_Individual:18,0.11538,0.05063,0.0381,0.04545,0.07971,0.05469,0.07018,0.09195,0.05435,0.04444,0.12139,0.07653,0.08421
PCAP2DarkPTZ_Individual:39,0.14623,0.02532,0.03226,0.04202,0.04762,0.03175,0.07143,0.05882,0.01802,0.07778,0.05833,0.09709,0.06383
PCAP2DarkPTZ_Individual:33,0.09756,0.01905,0.06757,0.112,0.10072,0.11628,0.09551,0.09615,0.10769,0.0,0.0,0.04098,0.08333
PCAP2DarkPTZ_Individual:3;,0.10794,0.08095,0.02857,0.03109,0.11009,0.03297,0.02817,0.08642,0.06383,0.03623,0.0339,0.08475,0.03774
PCAP2DarkPTZ_Individual:32,0.09,0.02439,0.08994,0.08204,0.07816,0.08,0.02,0.0,0.03125,0.03226,0.03261,0.01961,0.01408
PCAP2DarkPTZ_Individual:13,0.10145,0.1039,0.05405,0.18182,0.08,0,0.0,0.01762,0.0625,0.09677,0.09268,0.02055,0.0
PCAP2DarkPTZ_Individual:12,0.1248,0.09184,0.06222,0.056,0.05993,0.07348,0.04681,0.10373,0.048,0.03717,0.02996,0.05676,0.04478
PCAP2DarkPTZ_Individual:7;,0.20367,0.07407,0.06015,0.10377,0.0402,0.05618,0.04103,0.03483,0.06842,0.07463,0.06849,0.03947,0.06047
PCAP2DarkPTZ_Individual:10,0.15021,0.11111,0.09756,0.06154,0.08571,0.03774,0.05263,0.12371,0.13235,0.05195,0.03478,0.06897,0.09474
PCAP2DarkPTZ_Individual:17,0.14602,0.06667,0.03636,0.11475,0.05556,0.02273,0.07778,0.0,0.06667,0.03846,0.07273,0.02353,0.05128
PCAP2DarkPTZ_Individual:16,0.10909,0.06593,0.07927,0.0241,0.09639,0.07595,0.0838,0.1105,0.10651,0.07538,0.06707,0.08333,0.09179
PCAP2DarkPTZ_Individual:15,0.188,0.04819,0.08182,0.04412,0.09028,0.06107,0.11009,0.08032,0.06299,0.11184,0.08743,0.05,0.08553
PCAP2DarkPTZ_Individual:14,0.09888,0.06731,0.06977,0.11111,0.07568,0.10204,0.08871,0.05882,0.09655,0.10448,0.06349,0.05366,0.03311
PCAP814DarkPTZ_Individual:8;,0.09434,0.08889,0.08333,0.12821,0.13514,0.11765,0.18182,0.07143,0.0,0.10345,0.04,0.06557,0.03704
PCAP814DarkPTZ_Individual:48,0.12798,0.09756,0.08586,0.07254,0.08784,0.04981,0.07955,0.1,0.08861,0.11111,0.0935,0.07435,0.08333
PCAP814DarkPTZ_Individual:4;,0.07226,0.03015,0.0,0.02273,0.15909,0.12329,0.04575,0.06294,0.06077,0.04975,0.0625,0.08429,0.12554
PCAP814DarkPTZ_Individual:40,0.12739,0.17021,0.09938,0.10294,0.0404,0.0,0.0678,0.03604,0.04545,0.05263,0.07027,0.06383,0.06863
PCAP814DarkPTZ_Individual:41,0.16346,0.01538,0.0,0.0404,0.0202,0.06635,0.01984,0.03636,0.02842,0.05263,0.01603,0.02941,0.02367
PCAP814DarkPTZ_Individual:42,0.13986,0.0262,0.01047,0.02174,0.05333,0.16667,0.0,0.04464,0.05882,0.03478,0.05747,0.04762,0.06579
PCAP814DarkPTZ_Individual:43,0.10638,0.09091,0.07317,0.04,0.01316,0.07059,0.08333,0.04918,0.07246,0.05747,0.09091,0.03158,0.02778
PCAP814DarkPTZ_Individual:44,0.18779,0.03125,0.09474,0.14458,0.04348,0.13542,0.09434,0.13821,0.05618,0.16949,0.14286,0.0,0.13924
PCAP814DarkPTZ_Individual:45,0.15108,0.09286,0.08725,0.04734,0.06338,0.04487,0.06452,0.09231,0.07692,0.04,0.05102,0.04587,0.04487
PCAP814DarkPTZ_Individual:46,0.05556,0.11888,0.05,0.03448,0.07051,0.07407,0.08333,0.03636,0.06604,0.04688,0.00758,0.0219,0.02532
PCAP814DarkPTZ_Individual:47,0.12775,0.15287,0.06962,0.14189,0.11392,0.06838,0.05143,0.05263,0.09877,0.05096,0.08257,0.02759,0.09548
PCAP814DarkPTZ_Individual:2;,0.0,0.06306,0.07907,0.14773,0.11321,0.1,0.11272,0.04438,0.03802,0.05288,0.06306,0.02281,0.01304
PCAP814DarkPTZ_Individual:28,0.07407,0.05263,0.03937,0.04142,0.06494,0.04839,0.05147,0.00714,0.04624,0.01923,0.03955,0.05769,0.05983
PCAP814DarkPTZ_Individual:29,0.07173,0.04268,0.03261,0.05618,0.07345,0.03571,0.04082,0.07432,0.08392,0.08333,0.09,0.07865,0.05854
PCAP814DarkPTZ_Individual:26,0.0,0.01587,0.09934,0.125,0.11413,0.16875,0.14729,0.03106,0.02092,0.06504,0.03662,0.02857,0.00836
PCAP814DarkPTZ_Individual:6;,0.01899,0.02804,0.00481,0.01245,0.07432,0.05944,0.01992,0.01017,0.00342,0.02367,0.01111,0.0,0.0
PCAP814DarkPTZ_Individual:24,0.13707,0.06667,0.08333,0.0438,0.05128,0.06173,0.01942,0.03448,0.0,0.01587,0.01149,0.02308,0.04348
PCAP814DarkPTZ_Individual:25,0.08943,0.11111,0.07979,0.05851,0.03465,0.09365,0.08143,0.10638,0.14151,0.08065,0.09005,0.0989,0.13684
PCAP814DarkPTZ_Individual:22,0.11429,0.02381,0.04348,0.06417,0.03321,0.05848,0.02786,0.08532,0.06965,0.04054,0.09272,0.05046,0.05366
PCAP814DarkPTZ_Individual:23,0.11856,0.03472,0.06897,0.06452,0.05455,0.04396,0.0099,0.05147,0.09231,0.06211,0.11377,0.03937,0.06742
PCAP814DarkPTZ_Individual:20,0.12308,0.04,0.06024,0.06818,0.06356,0.03211,0.02869,0.07328,0.08589,0.07666,0.08,0.12442,0.10075
PCAP814DarkPTZ_Individual:21,0.10748,0.04641,0.07989,0.06878,0.08148,0.10909,0.05769,0.09836,0.07143,0.11299,0.06,0.06395,0.06111
PCAP814DarkPTZ_Individual:34,0.03797,0.03922,0.04762,0.05,0.02222,0.07692,0.01724,0.0625,0.14286,0.09091,0.05263,0.02128,0.0375
PCAP814DarkPTZ_Individual:38,0.1545,0.00862,0.04839,0.07246,0.0443,0.07229,0.06593,0.07042,0.03383,0.05,0.04695,0.06897,0.03125
PCAP814DarkPTZ_Individual:35,0.05672,0.05474,0.05738,0.14679,0.08036,0.05512,0.08537,0.05109,0.02837,0.0117,0.02353,0.0122,0.02825
PCAP814DarkPTZ_Individual:27,0.1,0.07759,0.16279,0.13548,0.06102,0.09767,0.06276,0.0289,0.05921,0.02632,0.00599,0.04372,0.03303
PCAP814DarkPTZ_Individual:11,0.0,0.0,0.0,0.0,0.0,0.0,0,0,0,0,0,0,0
PCAP814DarkPTZ_Individual:37,0.1299,0.15481,0.12121,0.03191,0.06364,0.04762,0.09091,0.05556,0.04453,0.06593,0.03797,0.05512,0.04
PCAP814DarkPTZ_Individual:36,0.09055,0.11111,0.04545,0.09474,0.11364,0.05952,0.15789,0.08,0.06818,0.11111,0.05102,0.07527,0.08081
PCAP814DarkPTZ_Individual:5;,0.0,0.1215,0.05556,0.06383,0.05344,0.06897,0.03247,0.02094,0.02326,0.01709,0.03,0.04032,0.0202
PCAP814DarkPTZ_Individual:9;,0.06959,0.04869,0.1129,0.09677,0.10526,0.03125,0.14286,0.08571,0.03571,0.07353,0.0641,0.02667,0.03279
PCAP814DarkPTZ_Individual:31,0.5,0.05405,0.0,0.0,0.0,0.0,0.0,0.0,0.0,0.0,0.0,0.2,0.0
PCAP814DarkPTZ_Individual:30,0,0.11712,0.12613,0.06522,0.07692,0.07456,0.07229,0.06232,0.05505,0.06309,0.04073,0.0401,0.05937
PCAP814DarkPTZ_Individual:1;,0.05556,0.06452,0.06522,0.06329,0.05435,0.08,0.06989,0.08796,0.07807,0.07328,0.03614,0.03343,0.0301
PCAP814DarkPTZ_Individual:19,0.09302,0.06075,0.04673,0.06222,0.07576,0.06069,0.07742,0.05034,0.1021,0.07333,0.05776,0.07636,0.06273
PCAP814DarkPTZ_Individual:18,0.14762,0.08264,0.08633,0.08182,0.0828,0.1,0.09412,0.0438,0.1039,0.09091,0.09483,0.07429,0.09701
PCAP814DarkPTZ_Individual:39,0.11017,0.07692,0.04615,0.08571,0.08738,0.10606,0.07246,0.13725,0.04425,0.0625,0.05085,0.08772,0.09859
PCAP814DarkPTZ_Individual:33,0.09615,0.0885,0.03488,0.06024,0.0,0.01786,0.0,0.01389,0.01538,0.01235,0.03774,0.0,0.0
PCAP814DarkPTZ_Individual:3;,0.00833,0.02419,0.03909,0.10965,0.05915,0.03916,0.01522,0.00656,0.00897,0.05109,0.0,0.01351,0.0
PCAP814DarkPTZ_Individual:32,0.0,0.08,0.14286,0.02817,0.04478,0.02778,0.01124,0.02703,0.02273,0.05128,0.0,0.02326,0.0
PCAP814DarkPTZ_Individual:13,0.14164,0.07237,0.08065,0.08247,0.032,0.04795,0.07438,0.04505,0.04819,0.06623,0.09659,0.06154,0.06667
PCAP814DarkPTZ_Individual:12,0.07143,0.13636,0.10345,0.02941,0.0,0.0,0.0,0.0,0.0,0.06667,0,0.0,0
PCAP814DarkPTZ_Individual:7;,0.13433,0.09259,0.11111,0.15909,0.05,0.0,0.04762,0.02381,0.08,0.0,0.0,0.03571,0.0
PCAP814DarkPTZ_Individual:10,0.04,0.10345,0.08642,0.10417,0.21622,0.06593,0.11538,0.10204,0.07477,0.05682,0.12698,0.07317,0.04
PCAP814DarkPTZ_Individual:17,0.13531,0.0814,0.02532,0.0,0.05435,0.10606,0.07143,0.01724,0.03614,0.05952,0.00758,0.02174,0.11111
PCAP814DarkPTZ_Individual:16,0.15333,0.08108,0.07746,0.04762,0.05505,0.05357,0.05109,0.05189,0.02844,0.05405,0.07048,0.14865,0.06557
PCAP814DarkPTZ_Individual:15,0.09942,0.04959,0.04819,0.03,0.0063,0.1157,0.05479,0.06957,0.04046,0.01587,0.07937,0.07432,0.03185
PCAP814DarkPTZ_Individual:14,0.09845,0.04217,0.0369,0.05323,0.06763,0.05314,0.07116,0.05691,0.08966,0.05283,0.05187,0.02373,0.02871
PCAP931DarkPTZ_Individual:8;,0.09633,0.15186,0.16204,0.06936,0.12364,0.09896,0.10628,0.06286,0.0,0.03529,0.02532,0.06422,0.03333
PCAP931DarkPTZ_Individual:48,0.17424,0.08511,0.02899,0.09091,0.12687,0.10169,0.11628,0.09821,0.07317,0.14925,0.13194,0.05455,0.1375
PCAP931DarkPTZ_Individual:4;,0.22283,0.13139,0.07586,0.07813,0.05405,0.13889,0.11765,0.11976,0.08372,0.10698,0.11268,0.06283,0.08122
PCAP931DarkPTZ_Individual:40,0.13,0.07895,0.0,0.12,0.11111,0.11111,0.03597,0.03226,0.06522,0.1,0.0,0.08696,0.0
PCAP931DarkPTZ_Individual:41,0.08205,0.12963,0.09375,0.22727,0.08553,0.06573,0.08929,0.07527,0.04278,0.06618,0.07143,0.0354,0.0
PCAP931DarkPTZ_Individual:42,0.10526,0.07568,0.01087,0.02703,0.05882,0.05732,0.07435,0.0304,0.04255,0.04886,0.04732,0.04908,0.05047
PCAP931DarkPTZ_Individual:43,0.18577,0.14715,0.0991,0.03704,0.07263,0.06324,0.10067,0.04286,0.04698,0.01932,0.04124,0.03614,0.05785
PCAP931DarkPTZ_Individual:44,0.13953,0.14329,0.15,0.08974,0.01775,0.05521,0.03497,0.06161,0.04,0.0473,0.05348,0.04624,0.04184
PCAP931DarkPTZ_Individual:45,0.14922,0.09375,0.0,0.13793,0.05,0.04651,0.06667,0.05882,0.13158,0.02,0.0641,0.13433,0.05556
PCAP931DarkPTZ_Individual:46,0.1027,0.09506,0.07925,0.07729,0.05957,0.05102,0.09016,0.05114,0.05674,0.0069,0.08955,0.12281,0.03593
PCAP931DarkPTZ_Individual:47,0.21429,0.223,0.19883,0.16393,0.05556,0.10526,0.16327,0.06818,0.07895,0.09677,0.02941,0.0,0.07692
PCAP931DarkPTZ_Individual:2;,0.09735,0.07042,0.0315,0.04032,0.0618,0.0625,0.06452,0.13559,0.11628,0.05926,0.07752,0.08333,0.04286
PCAP931DarkPTZ_Individual:28,0.09574,0.12613,0.07438,0.18421,0.17143,0.07692,0.06796,0.03676,0.05263,0.1,0.1037,0.09028,0.11702
PCAP931DarkPTZ_Individual:29,0.18902,0.05224,0.08654,0.08667,0.12644,0.11,0.13542,0.08491,0.11382,0.07586,0.07317,0.03571,0.06417
PCAP931DarkPTZ_Individual:26,0.13559,0.0303,0.0,0.0,0.05405,0.08333,0.10345,0.07937,0.08824,0.05128,0.05714,0.0641,0.0814
PCAP931DarkPTZ_Individual:6;,0.15172,0.15873,0.04918,0.06061,0.02326,0.07018,0.13,0.06087,0.08247,0.03509,0.07527,0.05085,0.06763
PCAP931DarkPTZ_Individual:24,0.13053,0.07979,0.07477,0.08661,0.11842,0.09211,0.07692,0.14815,0.04348,0.08333,0.0,0.02632,0.17647
PCAP931DarkPTZ_Individual:25,0.1236,0.06349,0.08696,0.05714,0.09259,0.09756,0.10526,0.04839,0.08,0.02439,0.13462,0.06316,0.0458
PCAP931DarkPTZ_Individual:22,0.14731,0.12679,0.19298,0.12,0.15306,0.03409,0.06931,0.0,0.03205,0.05063,0.03665,0.02685,0.03797
PCAP931DarkPTZ_Individual:23,0.14729,0.11316,0.1338,0.12143,0.08108,0.125,0.0531,0.04651,0.02857,0.04,0.12,0.11905,0.04
PCAP931DarkPTZ_Individual:20,0.17175,0.14976,0.05941,0.12295,0.1,0.0566,0.2069,0.06452,0.0678,0.025,0.04,0.08642,0.10714
PCAP931DarkPTZ_Individual:21,0.15385,0.14765,0.15476,0.07921,0.0565,0.06034,0.04478,0.01136,0.01587,0.02105,0.05691,0.06542,0.03333
PCAP931DarkPTZ_Individual:34,0.16427,0.16271,0.15476,0.08854,0.06875,0.10458,0.13939,0.09091,0.03049,0.07432,0.07602,0.04348,0.12903
PCAP931DarkPTZ_Individual:38,0.13636,0.19178,0.15094,0.125,0.04167,0.03571,0.0,0.0,0.11111,0.0,0.0,0.05405,0.06667
PCAP931DarkPTZ_Individual:35,0.07708,0.13242,0.15719,0.15175,0.12996,0.10648,0.13675,0.13675,0.07143,0.11765,0.09756,0.04615,0.06742
PCAP931DarkPTZ_Individual:27,0.07018,0.16495,0.125,0.06667,0.05455,0.08929,0.07407,0.0885,0.05747,0.17021,0.05584,0.11111,0.1
PCAP931DarkPTZ_Individual:11,0.12601,0.13725,0.14904,0.10326,0.07175,0.06599,0.02484,0.01869,0.04054,0.04667,0.04118,0.07792,0.04545
PCAP931DarkPTZ_Individual:37,0.18333,0.09551,0.06863,0.04274,0.0339,0.06944,0.03333,0.12987,0.06154,0.10101,0.12346,0.04225,0.07865
PCAP931DarkPTZ_Individual:36,0.17131,0.18114,0.14894,0.12583,0.13478,0.0565,0.04167,0.04902,0.01389,0.04688,0.05505,0.08065,0.06667
PCAP931DarkPTZ_Individual:5;,0.11194,0.16949,0.11392,0.06944,0.12903,0.15385,0.21429,0.09615,0.16495,0.12195,0.02778,0.0,0.01852
PCAP931DarkPTZ_Individual:9;,0.14409,0.20285,0.13208,0.05556,0.10084,0.11672,0.11935,0.0535,0.10088,0.08939,0.09924,0.1055,0.0905
PCAP931DarkPTZ_Individual:31,0.16851,0.22167,0.13889,0.12109,0.02479,0.01471,0.21429,0.06897,0.0,0.0,0.03846,0.01266,0.0
PCAP931DarkPTZ_Individual:30,0.15854,0.09938,0.11702,0.10569,0.06579,0.12281,0.08333,0.05587,0.06369,0.05517,0.04516,0.09091,0.06707
PCAP931DarkPTZ_Individual:1;,0.06818,0.0,0.03297,0.08257,0.05155,0.03279,0.08333,0.0,0.0625,0.06,0.08633,0.09901,0.12295
PCAP931DarkPTZ_Individual:19,0.11247,0.13043,0.04167,0.05556,0.07584,0.07947,0.07071,0.01887,0.03279,0.06358,0.05072,0.07627,0.0125
PCAP931DarkPTZ_Individual:18,0.16338,0.13656,0.07692,0.02667,0.08511,0.02778,0.03846,0.07732,0.0375,0.06897,0.09483,0.04255,0.05
PCAP931DarkPTZ_Individual:39,0.13992,0.14493,0.14474,0.11811,0.05128,0.08929,0.048,0.08421,0.1134,0.06604,0.04688,0.05051,0.0181
PCAP931DarkPTZ_Individual:33,0.13932,0.1694,0.16883,0.125,0.07143,0.0812,0.01765,0.07463,0.08784,0.08654,0.05369,0.02609,0.09459
PCAP931DarkPTZ_Individual:3;,0.11215,0.0,0.04861,0.12308,0.10744,0.10092,0.05682,0.0,0.08654,0.03448,0.04478,0.10759,0.0396
PCAP931DarkPTZ_Individual:32,0.144,0.16113,0.15714,0.10127,0.15385,0.07407,0.05769,0.08235,0.0,0.0,0.0678,0.0,0.06122
PCAP931DarkPTZ_Individual:13,0.11233,0.12308,0.0625,0.04918,0.04124,0.05128,0.02439,0.10417,0.08333,0.08571,0.0,0.09091,0.0625
PCAP931DarkPTZ_Individual:12,0.17941,0.14343,0.05455,0.06,0.01818,0.01667,0.01613,0,0.05479,0.0,0.0,0.07692,0.04
PCAP931DarkPTZ_Individual:7;,0.13553,0.18792,0.13525,0.12568,0.06863,0.09274,0.07663,0.06897,0.0582,0.06849,0.06612,0.11765,0.05455
PCAP931DarkPTZ_Individual:10,0.16622,0.18436,0.04237,0.03704,0.09459,0.11111,0.11111,0.06957,0.12598,0.14729,0.06173,0.03279,0.11628
PCAP931DarkPTZ_Individual:17,0.12312,0.09231,0.0,0.03409,0.02174,0.04301,0.06897,0.04167,0.07229,0.11594,0.08235,0.10606,0.03175
PCAP931DarkPTZ_Individual:16,0.13504,0.04636,0.02024,0.01515,0.07534,0.12838,0.06278,0.04098,0.05909,0.04184,0.025,0.01351,0.01145
PCAP931DarkPTZ_Individual:15,0.11504,0.12162,0.125,0.06504,0.06522,0.1,0.06061,0.11765,0.07813,0.07971,0.03614,0.07285,0.09697
PCAP931DarkPTZ_Individual:14,0.14183,0.17166,0.11111,0.01408,0.03846,0.02381,0.00855,0.04,0.05063,0.0219,0.05814,0.03797,0.08081
