AripiprazoleDarkPTZ_Individual:8;,0.0,0.00541,0.00352,0.00976,0.01042,0.0,0.0,0.00704,0.0,0.0,0.02062,0.0,0.01064
AripiprazoleDarkPTZ_Individual:48,0.06356,0.03863,0.01538,0.03175,0.03913,0.00452,0.02985,0.02632,0.05023,0.0791,0.06875,0.05298,0.04294
AripiprazoleDarkPTZ_Individual:4;,0.02353,0.0738,0.05941,0.05952,0.07595,0.0838,0.05882,0.07263,0.1223,0.05348,0.1145,0.08122,0.08929
AripiprazoleDarkPTZ_Individual:40,0.08127,0.12136,0.09524,0.11,0.0916,0.03846,0.06383,0.0303,0.05426,0.0303,0.05512,0.08081,0.03896
AripiprazoleDarkPTZ_Individual:41,0.06904,0.07727,0.0625,0.07907,0.08383,0.09179,0.10909,0.07442,0.1005,0.04,0.11211,0.11058,0.08867
AripiprazoleDarkPTZ_Individual:42,0.07143,0.07636,0.03765,0.04011,0.0474,0.0343,0.04225,0.02023,0.0198,0.00965,0.00752,0.02258,0.01778
AripiprazoleDarkPTZ_Individual:43,0.08725,0.10185,0.07778,0.07527,0.10638,0.02083,0.10619,0.03226,0.11458,0.03448,0.10976,0.13235,0.1215
AripiprazoleDarkPTZ_Individual:44,0.04839,0.10563,0.07647,0.05303,0.03947,0.03876,0.01829,0.12195,0.048,0.0565,0.05455,0.05263,0.07955
AripiprazoleDarkPTZ_Individual:45,0.0847,0.06977,0.09428,0.11243,0.04225,0.05128,0.1206,0.11321,0.10053,0.07303,0.08696,0.07299,0.09596
AripiprazoleDarkPTZ_Individual:46,0.07843,0.06711,0.09189,0.03419,0.0531,0.08556,0.06548,0.05628,0.04167,0.09524,0.04717,0.05464,0.0625
AripiprazoleDarkPTZ_Individual:47,0.05634,0.07865,0.0687,0.02395,0.04,0.03871,0.03378,0.07609,0.06875,0.05056,0.06061,0.04615,0.04545
AripiprazoleDarkPTZ_Individual:2;,0.08762,0.07735,0.03911,0.04267,0.06646,0.02717,0.03824,0.01956,0.01852,0.05031,0.04444,0.02098,0.02182
AripiprazoleDarkPTZ_Individual:28,0.05049,0.10508,0.02963,0.08333,0.09813,0.11017,0.06452,0.06486,0.0829,0.08638,0.1,0.08209,0.07727
AripiprazoleDarkPTZ_Individual:29,0.0744,0.09968,0.14706,0.07092,0.09434,0.08242,0.09231,0.04237,0.06931,0.06283,0.03586,0.02326,0.03865
AripiprazoleDarkPTZ_Individual:26,0.04391,0.0743,0.10145,0.06667,0.1,0.0679,0.04167,0.05479,0.08947,0.03955,0.09774,0.04324,0.03947
AripiprazoleDarkPTZ_Individual:6;,0.04244,0.03383,0.02752,0.02041,0.04878,0.04797,0.04237,0.08148,0.06034,0.05085,0.08021,0.05306,0.09091
AripiprazoleDarkPTZ_Individual:24,0.0362,0.0684,0.0724,0.07805,0.02013,0.02069,0.03429,0.08547,0.06633,0.0678,0.04054,0.05036,0.04808
AripiprazoleDarkPTZ_Individual:25,0.05147,0.09639,0.07237,0.05202,0.08589,0.07514,0.0618,0.06878,0.05366,0.04206,0.03509,0.01931,0.02518
AripiprazoleDarkPTZ_Individual:22,0.07904,0.11635,0.08387,0.0596,0.10465,0.07246,0.02646,0.03401,0.06034,0.07101,0.04787,0.03147,0.04622
AripiprazoleDarkPTZ_Individual:23,0.10317,0.05,0.07602,0.1308,0.09598,0.0627,0.12409,0.08621,0.12195,0.11203,0.11834,0.11111,0.14371
AripiprazoleDarkPTZ_Individual:20,0.16336,0.16463,0.12052,0.05405,0.09434,0.03937,0.04255,0.05814,0.11111,0.05208,0.08257,0.15517,0.08844
AripiprazoleDarkPTZ_Individual:21,0.1737,0.24042,0.12,0.0989,0.11241,0.10393,0.1332,0.14286,0.11224,0.13878,0.09639,0.09551,0.08688
AripiprazoleDarkPTZ_Individual:34,0.00667,0.00592,0.1,0.0,0.0,0.0,0.02703,0.0,0.0,0.2,0.01282,0.08333,0.03077
AripiprazoleDarkPTZ_Individual:38,0.09173,0.1087,0.10145,0.08861,0.06667,0.11712,0.08824,0.06806,0.08173,0.07882,0.08995,0.05963,0.05825
AripiprazoleDarkPTZ_Individual:35,0.01794,0.02326,0.0,0.03419,0.02609,0.00667,0.01899,0.00855,0.00709,0.0,0.0,0.01266,0.00763
AripiprazoleDarkPTZ_Individual:27,0.07796,0.10241,0.07407,0.04615,0.04389,0.04575,0.02181,0.02466,0.03716,0.0221,0.03846,0.00759,0.02597
AripiprazoleDarkPTZ_Individual:11,0.03015,0.05016,0.01205,0.00935,0.0165,0.02703,0.02479,0.02062,0.03681,0.0,0.01935,0.01951,0.0396
AripiprazoleDarkPTZ_Individual:37,0.06227,0.06699,0.0177,0.0531,0.0198,0.0922,0.01408,0.0,0.04478,0.09804,0.03614,0.04762,0.08176
AripiprazoleDarkPTZ_Individual:36,0.0,0.00538,0.01083,0.0,0.01176,0.03571,0.0,0.0,0.0,0.0,0.0,0.01351,0.0
AripiprazoleDarkPTZ_Individual:5;,0.08571,0.13777,0.02985,0.02825,0.02518,0.0813,0.08743,0.06122,0.0814,0.01497,0.03333,0.03644,0.01604
AripiprazoleDarkPTZ_Individual:9;,0.0,0.0,0.00926,0.0,0.0,0.01266,0.0,0.0,0.0,0.0,0.0,0.0,0.0
AripiprazoleDarkPTZ_Individual:31,0.0,0.00522,0.00524,0.00546,0.03876,0.03731,0.00575,0.0,0.01667,0.0,0.0,0.0,0.0
AripiprazoleDarkPTZ_Individual:30,0.05967,0.06633,0.05738,0.04977,0.02242,0.02449,0.0339,0.0239,0.04825,0.02454,0.02326,0.00885,0.02713
AripiprazoleDarkPTZ_Individual:1;,0.11312,0.06835,0.10833,0.04301,0.03419,0.03509,0.04639,0.0375,0.03727,0.04571,0.04615,0.04848,0.06369
AripiprazoleDarkPTZ_Individual:19,0.07018,0.06615,0.07377,0.04605,0.06569,0.03571,0.06881,0.04306,0.06204,0.06736,0.0583,0.05612,0.0442
AripiprazoleDarkPTZ_Individual:18,0.08385,0.03109,0.0023,0.03279,0.05612,0.09412,0.03791,0.08134,0.04615,0.03019,0.03788,0.02721,0.035
AripiprazoleDarkPTZ_Individual:39,0.11507,0.05455,0,0.04396,0.0,0.06154,0.02222,0.05618,0.09524,0.15663,0.03974,0.02381,0.08511
AripiprazoleDarkPTZ_Individual:33,0.07407,0.03245,0.02445,0.01724,0.01509,0.01458,0.00816,0.00763,0.00424,0.00581,0.00463,0.00535,0.00498
AripiprazoleDarkPTZ_Individual:3;,0.04478,0.09412,0.10769,0.00641,0.04785,0.0142,0.01269,0.04636,0.06111,0.03175,0.01954,0.03713,0.02941
AripiprazoleDarkPTZ_Individual:32,0.0,0.0,0.0,0.0202,0.0,0.0,0.0,0.01887,0.0,0.0,0.0,0.0,0.0
AripiprazoleDarkPTZ_Individual:13,0.08406,0.13497,0.06962,0.06667,0.06154,0.04545,0.12963,0.05747,0.03448,0.09091,0.08421,0.05208,0.1028
AripiprazoleDarkPTZ_Individual:12,0.00269,0.00345,0.00746,0.02809,0.03333,0.0,0.01613,0.01274,0.02419,0.01667,0.01852,0.0,0.01075
AripiprazoleDarkPTZ_Individual:7;,0.02222,0.02155,0.0,0.00352,0.0,0.0146,0.00606,0.01235,0.0,0.0303,0.02564,0.0,0.0
AripiprazoleDarkPTZ_Individual:10,0.05376,0.01553,0.01027,0.0,0.01961,0.0226,0.02459,0.01653,0.03371,0.0177,0.0082,0.0,0.01802
AripiprazoleDarkPTZ_Individual:17,0.12448,0.21231,0.19672,0.16667,0.07179,0.1,0.07813,0.08738,0.07328,0.05932,0.06849,0.0598,0.04979
AripiprazoleDarkPTZ_Individual:16,0.06897,0.1032,0.04808,0.09901,0.1028,0.09346,0.14286,0.07368,0.08947,0.08209,0.08571,0.10135,0.05645
AripiprazoleDarkPTZ_Individual:15,0.07492,0.02419,0.03488,0.09524,0.09709,0.02817,0.05814,0.00539,0.0,0.0396,0.08451,0.04255,0.06452
AripiprazoleDarkPTZ_Individual:14,0.10302,0.08065,0.06623,0.05298,0.12195,0.01852,0.04762,0.09091,0.09211,0.08621,0.0339,0.0905,0.08943
CariprazineDarkPTZ_Individual:8;,0.03333,0.0,0.0,0.0,0.0,0.0,0.0,0.00559,0.02069,0.01176,0.04688,0.00775,0.00971
CariprazineDarkPTZ_Individual:48,0.12621,0.08679,0.13665,0.09701,0.0963,0.10345,0.05217,0.14063,0.05755,0.05517,0.06936,0.0315,0.03077
CariprazineDarkPTZ_Individual:4;,0.06452,0.16667,0.10619,0.08284,0.11852,0.11638,0.15541,0.13107,0.15668,0.1345,0.11892,0.13115,0.10667
CariprazineDarkPTZ_Individual:40,0.08864,0.10286,0.03883,0.23077,0.05405,0.09709,0.08602,0.05263,0.15909,0.12791,0.06849,0.06061,0.03448
CariprazineDarkPTZ_Individual:41,0.08202,0.13103,0.08876,0.11111,0.03774,0.02439,0.09231,0.13208,0.02878,0.03968,0.03191,0.05392,0.10744
CariprazineDarkPTZ_Individual:42,0.05425,0.08182,0.06522,0.01408,0.06818,0.05479,0.07317,0.0597,0.05556,0.10769,0.02727,0.00935,0.03846
CariprazineDarkPTZ_Individual:43,0.12234,0.05525,0.03429,0.104,0.03529,0.024,0.03,0.04082,0.04908,0.06542,0.03968,0.00746,0.02198
CariprazineDarkPTZ_Individual:44,0.10428,0.26316,0.27434,0.39362,0.20909,0.15556,0.12371,0.04854,0.20213,0.10204,0.11321,0.12844,0.12791
CariprazineDarkPTZ_Individual:45,0.05179,0.06218,0.07429,0.03125,0.05946,0.0396,0.0479,0.01914,0.0177,0.0119,0.01911,0.01255,0.02392
CariprazineDarkPTZ_Individual:46,0.13472,0.09524,0.08943,0.03,0.05607,0.12329,0.07368,0.0566,0.06452,0.01515,0.02128,0.02564,0.02609
CariprazineDarkPTZ_Individual:47,0.07616,0.07407,0.02105,0.07229,0.07143,0.08434,0.05,0.10145,0.01961,0.06098,0.04082,0.0,0.14925
CariprazineDarkPTZ_Individual:2;,0.06415,0.08935,0.11111,0.09901,0.13095,0.09231,0.15625,0.19149,0.06,0.06195,0.0,0.04651,0.02703
CariprazineDarkPTZ_Individual:28,0.07074,0.06897,0.06667,0.06667,0.00448,0.04403,0.04324,0.08065,0.05195,0.03556,0.05747,0.04433,0.04348
CariprazineDarkPTZ_Individual:29,0.08174,0.13,0.12821,0.103,0.104,0.07258,0.04065,0.11224,0.0375,0.06122,0.03472,0.0125,0.03106
CariprazineDarkPTZ_Individual:26,0.07576,0.0,0.06667,0.03911,0.0597,0.06957,0.03053,0.05755,0.03008,0.0,0.00746,0.01087,0.02581
CariprazineDarkPTZ_Individual:6;,0.06992,0.05691,0.07843,0.01887,0.16216,0.0367,0.04839,0.04743,0.06897,0.01994,0.06952,0.04701,0.02143
CariprazineDarkPTZ_Individual:24,0.07764,0.13858,0.08152,0.09848,0.11404,0.11921,0.16393,0.09195,0.08824,0.14286,0.17949,0.12883,0.08966
CariprazineDarkPTZ_Individual:25,0.03406,0.0663,0.0315,0.0812,0.04545,0.0534,0.06512,0.0219,0.03571,0.03529,0.03297,0.02643,0.00617
CariprazineDarkPTZ_Individual:22,0.03286,0.10853,0.08556,0.07182,0.05172,0.01869,0.02857,0.05263,0.0,0.06111,0.024,0.05882,0.08219
CariprazineDarkPTZ_Individual:23,0.125,0.12102,0.06757,0.07285,0.08642,0.06542,0.04,0.09322,0.07914,0.04636,0.08163,0.01299,0.05607
CariprazineDarkPTZ_Individual:20,0.06211,0.06699,0.14019,0.11386,0.11194,0.07246,0.10101,0.09091,0.08811,0.06061,0.04889,0.07,0.06849
CariprazineDarkPTZ_Individual:21,0.06215,0.09314,0.10345,0.07746,0.10274,0.08911,0.08633,0.0687,0.03061,0.07746,0.10417,0.06061,0.06299
CariprazineDarkPTZ_Individual:34,0.10377,0.13636,0.08621,0.06748,0.01667,0.03788,0.05738,0.00976,0.00355,0.00627,0.00299,0.00595,0.0119
CariprazineDarkPTZ_Individual:38,0.11765,0.10169,0.07619,0.08257,0.18966,0.10476,0.08824,0.07018,0.06746,0.03535,0.05789,0.12209,0.06818
CariprazineDarkPTZ_Individual:35,0.16357,0.1658,0.15278,0.12821,0.05769,0.08696,0.06509,0.02857,0.02113,0.03846,0.01734,0.0,0.0241
CariprazineDarkPTZ_Individual:27,0.06045,0.06349,0.07692,0.03947,0.05217,0.075,0.01408,0.00909,0.07692,0.09091,0.03738,0.0219,0.06818
CariprazineDarkPTZ_Individual:11,0.04233,0.06338,0.04494,0.0,0.05556,0.03191,0.00943,0.008,0.06452,0.0,0.04,0.01869,0.01835
CariprazineDarkPTZ_Individual:37,0.06601,0.16779,0.14394,0.14688,0.11828,0.16327,0.05556,0.15556,0.125,0.16327,0.11429,0.16889,0.21429
CariprazineDarkPTZ_Individual:36,0.03524,0.00722,0.03535,0.03182,0.05263,0.03986,0.02273,0.06024,0.00559,0.03822,0.03448,0.00806,0.03704
CariprazineDarkPTZ_Individual:5;,0.07755,0.09295,0.03,0.02488,0.03139,0.04516,0.01382,0.04142,0.02151,0.01779,0.032,0.01702,0.0125
CariprazineDarkPTZ_Individual:9;,0.02941,0.01852,0.0,0.0,0.0,0.03448,0.0,0.0,0.0,0.0,0.01031,0.02703,0.0
CariprazineDarkPTZ_Individual:31,0.0396,0.08209,0.0411,0.01075,0.05263,0.01389,0.0,0.0,0.00749,0.00565,0.01111,0.00452,0.00392
CariprazineDarkPTZ_Individual:30,0.05682,0.06997,0.09836,0.14925,0.10526,0.1,0.07407,0.03448,0.05556,0.17568,0.05072,0.05,0.03448
CariprazineDarkPTZ_Individual:1;,0.0566,0.07273,0.08235,0.06195,0.03333,0.01802,0.02941,0.05738,0.032,0.00435,0.03478,0.00965,0.02419
CariprazineDarkPTZ_Individual:19,0.09302,0.09494,0.09649,0.07692,0.10092,0.07752,0.05085,0.07018,0.09615,0.06,0.05732,0.11504,0.07558
CariprazineDarkPTZ_Individual:18,0.09438,0.14212,0.1465,0.07851,0.1142,0.06988,0.07167,0.08361,0.06143,0.07627,0.05056,0.03535,0.08824
CariprazineDarkPTZ_Individual:39,0.12227,0.09735,0.16456,0.08824,0.06863,0.05797,0.02564,0.07207,0.07317,0.09524,0.07368,0.08081,0.1028
CariprazineDarkPTZ_Individual:33,0.03782,0.0787,0.03982,0.04242,0.02907,0.01709,0.01186,0.00667,0.01176,0.0073,0.01645,0.0,0.01603
CariprazineDarkPTZ_Individual:3;,0.06304,0.09881,0.07383,0.05,0.06639,0.0838,0.07727,0.05936,0.04678,0.08649,0.04795,0.02581,0.03906
CariprazineDarkPTZ_Individual:32,0.02339,0.07303,0.05926,0.01807,0.0,0.01418,0.02439,0.02395,0.00606,0.01974,0.02222,0.01961,0.03419
CariprazineDarkPTZ_Individual:13,0.09976,0.03797,0.02597,0.05479,0.09174,0.13043,0.08,0.06667,0.09559,0.0625,0.06579,0.06667,0.09375
CariprazineDarkPTZ_Individual:12,0.07347,0.16374,0.11798,0.04813,0.02674,0.0,0.00694,0.03731,0.03704,0.0093,0.0,0.01807,0.00641
CariprazineDarkPTZ_Individual:7;,0.05694,0.08293,0.05419,0.03209,0.0,0.01351,0.01807,0.01389,0.01869,0.01606,0.02357,0.01587,0.04324
CariprazineDarkPTZ_Individual:10,0.06038,0.01266,0.00877,0.0,0.0,0.0,0.0,0.0,0.0,0.0,0.0,0.05882,0.01333
CariprazineDarkPTZ_Individual:17,0.06019,0.06098,0.05405,0.01869,0.02532,0.02778,0.04688,0.01852,0.04808,0.04651,0.02941,0.03571,0.08163
CariprazineDarkPTZ_Individual:16,0.06803,0.06164,0.03604,0.10169,0.03902,0.07692,0.04833,0.04785,0.04605,0.04167,0.04583,0.04661,0.04933
CariprazineDarkPTZ_Individual:15,0.13964,0.135,0.16867,0.13971,0.16154,0.16484,0.09865,0.11667,0.06452,0.12593,0.11494,0.10417,0.0625
CariprazineDarkPTZ_Individual:14,0.08333,0.05699,0.0411,0.05844,0.03968,0.05376,0.03012,0.03636,0.07383,0.04673,0.05469,0.01961,0.0
ClozapineDarkPTZ_Individual:8;,0.07727,0.17857,0.02151,0.0,0.04545,0.03571,0.06316,0.04,0.09709,0.07143,0.05263,0.02128,0.10769
ClozapineDarkPTZ_Individual:48,0.00746,0.00467,0.04231,0.04059,0.05039,0.01543,0.00532,0.01075,0.02,0.01676,0.01724,0.02308,0.01695
ClozapineDarkPTZ_Individual:4;,0.10526,0.12545,0.08571,0.06757,0.12245,0.03409,0.04974,0.03478,0.04938,0.03297,0.05581,0.06436,0.0375
ClozapineDarkPTZ_Individual:40,0.0,0.04839,0.03333,0.0274,0.05556,0.01639,0.06667,0.02564,0.01274,0.0113,0.03704,0.01515,0.01563
ClozapineDarkPTZ_Individual:41,0.06061,0.04863,0.21053,0.05479,0.04813,0.15625,0.10714,0.05797,0.12865,0.10417,0.12207,0.07614,0.09783
ClozapineDarkPTZ_Individual:42,0.02041,0.07179,0.04706,0.07639,0.09,0.06531,0.04365,0.04433,0.04382,0.04082,0.02051,0.02847,0.03947
ClozapineDarkPTZ_Individual:43,0.0,0.0,0.0199,0.02333,0.02614,0.01656,0.01923,0.0081,0.01356,0.01042,0.05,0.01471,0.03704
ClozapineDarkPTZ_Individual:44,0.02966,0.02674,0.09036,0.03302,0.02347,0.05,0.02874,0.02459,0.05473,0.02734,0.00341,0.01521,0.02139
ClozapineDarkPTZ_Individual:45,0.02469,0.03352,0.09268,0.07586,0.05823,0.05405,0.03806,0.02982,0.04308,0.01643,0.03456,0.04535,0.02933
ClozapineDarkPTZ_Individual:46,0.0,0.03846,0.0,0,0.0,0,0.0,0.0,0,0.0,0.0,0.0,0
ClozapineDarkPTZ_Individual:47,0.02667,0.0,0.01256,0.00557,0.01376,0.00535,0.01,0.02817,0.03125,0.0,0.02105,0.0283,0.0
ClozapineDarkPTZ_Individual:2;,0.06529,0.12987,0.1,0.0442,0.04167,0.07932,0.03876,0.07059,0.06436,0.04977,0.06452,0.05952,0.04891
ClozapineDarkPTZ_Individual:28,0.10682,0.10746,0.10329,0.11189,0.10169,0.09657,0.07859,0.06933,0.05166,0.06494,0.05333,0.05034,0.06102
ClozapineDarkPTZ_Individual:29,0.14243,0.14035,0.0,0.08333,0.06803,0.0916,0.13402,0.12195,0.13333,0.16418,0.16149,0.1411,0.09524
ClozapineDarkPTZ_Individual:26,0.07867,0.15873,0.14107,0.10256,0.08246,0.12383,0.06128,0.0697,0.07862,0.08805,0.08502,0.05,0.08088
ClozapineDarkPTZ_Individual:6;,0.11446,0.09239,0.0292,0.05155,0.04527,0.01932,0.00521,0.01266,0.0,0.0,0.0,0.0,0.02857
ClozapineDarkPTZ_Individual:24,0.05308,0.06522,0.10092,0.12234,0.1073,0.06803,0.04861,0.02791,0.0375,0.01754,0.01932,0.03133,0.01429
ClozapineDarkPTZ_Individual:25,0.07418,0.04044,0.01361,0.02073,0.02469,0.01325,0.00568,0.01739,0.02041,0.02469,0.00901,0.09195,0.01905
ClozapineDarkPTZ_Individual:22,0.04372,0.10979,0.08469,0.07358,0.05236,0.07273,0.07,0.03736,0.07075,0.05816,0.03934,0.02894,0.04487
ClozapineDarkPTZ_Individual:23,0.02083,0.02256,0.04762,0.10526,0.05926,0.08475,0.02941,0.04545,0.02857,0.05106,0.0453,0.03475,0.02881
ClozapineDarkPTZ_Individual:20,0.02094,0.03292,0.03376,0.03167,0.02571,0.01556,0.01671,0.01909,0.01078,0.00957,0.01678,0.01852,0.0155
ClozapineDarkPTZ_Individual:21,0.0,0.00893,0.04237,0.03734,0.01786,0.0,0.02857,0.0,0.0,0.02041,0.01587,0.06061,0.02564
ClozapineDarkPTZ_Individual:34,0.05296,0.09125,0.09479,0.07616,0.07862,0.09231,0.10196,0.06868,0.04817,0.02179,0.06618,0.06042,0.02222
ClozapineDarkPTZ_Individual:38,0.06883,0.07143,0.05202,0.03822,0.05809,0.12227,0.04889,0.11429,0.07942,0.04861,0.05672,0.06164,0.08075
ClozapineDarkPTZ_Individual:35,0.07767,0.09524,0.10169,0.09722,0.14667,0.12903,0.10127,0.28205,0.11628,0.10559,0.12281,0.06122,0.06
ClozapineDarkPTZ_Individual:27,0.07975,0.09756,0.09032,0.07143,0.0728,0.06881,0.05929,0.06751,0.05116,0.08721,0.05405,0.08333,0.05263
ClozapineDarkPTZ_Individual:11,0.02963,0.0442,0.05714,0.01316,0.11719,0.10606,0.05747,0.06329,0.08553,0.06218,0.02874,0.05147,0.03086
ClozapineDarkPTZ_Individual:37,0.02117,0.03559,0.10332,0.05729,0.12745,0.09357,0.10132,0.10112,0.11508,0.08649,0.12397,0.1037,0.10784
ClozapineDarkPTZ_Individual:36,0.02875,0.06536,0.09163,0.07463,0.04545,0.06771,0.09571,0.05941,0.06957,0.05706,0.0684,0.0888,0.06645
ClozapineDarkPTZ_Individual:5;,0.05585,0.1,0.09174,0.0873,0.13661,0.16,0.11419,0.10377,0.0687,0.04698,0.13402,0.07018,0.0431
ClozapineDarkPTZ_Individual:9;,0.02909,0.13761,0.06838,0.11538,0.104,0.08261,0.07522,0.07614,0.13043,0.01325,0.04933,0.125,0.088
ClozapineDarkPTZ_Individual:31,0.05248,0.06742,0.04237,0.02113,0.0,0.03704,0.05455,0.05668,0.02326,0.07113,0.02229,0.03636,0.03659
ClozapineDarkPTZ_Individual:30,0.11679,0.08482,0.08491,0.0493,0.02941,0.05556,0.04264,0.04762,0.07143,0.07333,0.05348,0.05357,0.03727
ClozapineDarkPTZ_Individual:1;,0.11369,0.13469,0.17978,0.10714,0.05882,0.05634,0.12,0.08642,0.02174,0.16667,0.05369,0.02564,0.03571
ClozapineDarkPTZ_Individual:19,0.02564,0.05941,0.07229,0.0597,0.07237,0.06897,0.06075,0.03509,0.03249,0.02374,0.02626,0.02976,0.01967
ClozapineDarkPTZ_Individual:18,0.04963,0.09483,0.08642,0.06186,0.03828,0.06132,0.02807,0.06011,0.06829,0.06061,0.0354,0.02577,0.0251
ClozapineDarkPTZ_Individual:39,0.03268,0.06757,0.01538,0.08,0.09854,0.08772,0.07965,0.07383,0.08795,0.0931,0.07527,0.09901,0.08841
ClozapineDarkPTZ_Individual:33,0.06061,0.03822,0.04762,0.03571,0.01282,0.00957,0.01554,0.03896,0.00431,0.0,0.00826,0.00485,0.00571
ClozapineDarkPTZ_Individual:3;,0.05769,0.12394,0.20276,0.09697,0.02521,0.02273,0.06818,0.11111,0.02857,0.0,0.11111,0.07692,0.096
ClozapineDarkPTZ_Individual:32,0.04797,0.11005,0.0675,0.0665,0.07368,0.07295,0.06061,0.07063,0.08084,0.06566,0.06667,0.07692,0.08591
ClozapineDarkPTZ_Individual:13,0.0,0.02721,0.01128,0.05036,0.02381,0.03243,0.0359,0.01058,0.03431,0.0375,0.01186,0.00843,0.00528
ClozapineDarkPTZ_Individual:12,0.02804,0.02823,0.05369,0.02878,0.10526,0.05185,0.02013,0.03846,0.0,0.0102,0.04813,0.0119,0.00662
ClozapineDarkPTZ_Individual:7;,0.08101,0.10244,0.14545,0.03896,0.02564,0.0,0.15009,0.09174,0.09023,0.10185,0.1068,0.10769,0.09346
ClozapineDarkPTZ_Individual:10,0.08173,0.11622,0.10209,0.08434,0.03261,0.05941,0.06,0.03968,0.06965,0.01527,0.09859,0.07182,0.04598
ClozapineDarkPTZ_Individual:17,0.0,0.02222,0.08434,0.02222,0.02247,0.03704,0.01418,0.00498,0.00943,0.0,0.01563,0.0,0.00339
ClozapineDarkPTZ_Individual:16,0.04404,0.06522,0.02927,0.06218,0.1,0.10588,0.07463,0.07258,0.04669,0.04962,0.06335,0.08531,0.09123
ClozapineDarkPTZ_Individual:15,0.09375,0.05435,0.07759,0.05988,0.11765,0.05147,0.04396,0.09195,0.08333,0.03797,0.04762,0.04673,0.08889
ClozapineDarkPTZ_Individual:14,0.06704,0.11304,0.01818,0.04959,0.04575,0.03597,0.02381,0.12319,0.04167,0.04889,0.04452,0.04255,0.03347
CNODarkPTZ_Individual:8;,0.10197,0.17167,0.08182,0.16092,0.09091,0.17188,0.14444,0.03704,0.22857,0.14286,0.05128,0.13462,0.03704
CNODarkPTZ_Individual:48,0.20213,0.23009,0.13043,0.06527,0,0.0,0.13194,0.1,0.125,0.17184,0.14744,0.0,0.11518
CNODarkPTZ_Individual:4;,0.10823,0.12667,0.05042,0.08696,0.02609,0.07273,0.28571,0.0,0.13793,0.07143,0.07955,0.03947,0.06186
CNODarkPTZ_Individual:40,0.06138,0.11111,0.08633,0.06818,0.0,0.05128,0.02049,0.06383,0.04167,0.02041,0.01707,0.08571,0.03137
CNODarkPTZ_Individual:41,0.0972,0.18137,0.10784,0.09091,0.03101,0.07292,0.11504,0.06667,0.10256,0.0852,0.08917,0.09645,0.08235
CNODarkPTZ_Individual:42,0.05081,0.04762,0.04451,0.04844,0.04741,0.04781,0.06452,0.06863,0.02299,0.06122,0.05615,0.09091,0.05316
CNODarkPTZ_Individual:43,0.08152,0.11911,0.10698,0.1236,0.13147,0.11111,0.15152,0.125,0.04898,0.11111,0.06897,0.05263,0.11538
CNODarkPTZ_Individual:44,0.07018,0.05839,0.01887,0.0,0.02857,0.01205,0.01042,0.00794,0.0431,0.0,0.0,0.04918,0.0375
CNODarkPTZ_Individual:45,0.11872,0.10084,0.12281,0.15385,0.04651,0.0565,0.12903,0.06316,0.05,0.04403,0.04268,0.05691,0.11667
CNODarkPTZ_Individual:46,0.10635,0.17672,0.08966,0.11382,0.08571,0.06393,0.05369,0.07216,0.0875,0.05,0.07801,0.06897,0.13043
CNODarkPTZ_Individual:47,0.12094,0.0597,0.11579,0.13333,0.04098,0.07353,0.08197,0.05085,0.04762,0.15789,0.0597,0.06207,0.05435
CNODarkPTZ_Individual:2;,0.07033,0.03704,0.06557,0.06915,0.07325,0.0254,0.01064,0.04571,0.02691,0.05742,0.0166,0.02158,0.08537
CNODarkPTZ_Individual:28,0.10924,0.10127,0.23704,0.11278,0.10843,0.04054,0.11111,0.14737,0.10145,0.12409,0.09639,0.2,0.08654
CNODarkPTZ_Individual:29,0.10753,0.13043,0.13636,0.11111,0.12329,0.11111,0.16667,0.12821,0.1375,0.17742,0.13415,0.04348,0.09722
CNODarkPTZ_Individual:26,0.02564,0.02632,0.03676,0.06015,0.04878,0.04598,0.01961,0.17949,0.10484,0.05455,0.14286,0.05469,0.04902
CNODarkPTZ_Individual:6;,0.06652,0.14,0.07636,0.18,0.0,0.13183,0.01515,0.05882,0.05,0.15234,0.08553,0.08696,0.05556
CNODarkPTZ_Individual:24,0.09574,0.15625,0.08333,0.11688,0.05405,0.06897,0.14286,0.07692,0.01852,0.03261,0.04412,0.06173,0.1129
CNODarkPTZ_Individual:25,0.07614,0.06612,0.06542,0.05983,0.05556,0.08029,0.0396,0.01667,0.02778,0.1157,0.10811,0.05405,0.09375
CNODarkPTZ_Individual:22,0.11497,0.0875,0.11268,0.16129,0.05769,0.06024,0.04643,0.02991,0.05039,0.04435,0.04626,0.04124,0.05405
CNODarkPTZ_Individual:23,0.07053,0.06944,0.03383,0.085,0.11165,0.06335,0.05818,0.09615,0.06557,0.06111,0.07947,0.13158,0.06557
CNODarkPTZ_Individual:20,0.03704,0.04301,0.072,0.10417,0.05357,0.04124,0.10526,0.06061,0.0625,0.04274,0.04494,0.0202,0.13208
CNODarkPTZ_Individual:21,0.08613,0.10345,0.11628,0.09901,0.10169,0.12409,0.09589,0.09821,0.07595,0.12214,0.04348,0.06767,0.10638
CNODarkPTZ_Individual:34,0.09712,0.07006,0.08213,0.06579,0.08333,0.1,0.08,0.05128,0.07831,0.03061,0.06081,0.0885,0.07947
CNODarkPTZ_Individual:38,0.08171,0.03093,0.14286,0.01538,0.01852,0.06122,0.07874,0.09649,0.125,0.10204,0.07317,0.09524,0.01626
CNODarkPTZ_Individual:35,0.09677,0.14063,0.12017,0.08597,0.09565,0.1295,0.06504,0.12844,0.04682,0.14458,0.08081,0.08065,0.05143
CNODarkPTZ_Individual:27,0.17473,0.07547,0.09272,0.21302,0.11275,0.09434,0.03704,0.03846,0.07727,0.07116,0.06563,0.06646,0.09016
CNODarkPTZ_Individual:11,0.08144,0.05143,0.0733,0.04317,0.07895,0.10219,0.06897,0.09926,0.0669,0.05793,0.0605,0.05678,0.05276
CNODarkPTZ_Individual:37,0.14741,0.19588,0.10526,0.15239,0.0,0.11111,0.08,0.0,0.11207,0.09016,0.0915,0.09494,0.1
CNODarkPTZ_Individual:36,0.07194,0.08537,0.07527,0.01282,0.03478,0.01471,0.03759,0.01266,0.02113,0.0237,0.06667,0.01796,0.00658
CNODarkPTZ_Individual:5;,0.07386,0.08519,0.09392,0.0463,0.05263,0.03797,0.02813,0.08594,0.07197,0.03415,0.03846,0.02273,0.04816
CNODarkPTZ_Individual:9;,0.11283,0.16197,0.15423,0.06787,0.04734,0.0,0.15686,0.13415,0.08824,0.06931,0.08284,0.04505,0.0814
CNODarkPTZ_Individual:31,0.09016,0.10897,0.09278,0.08673,0.10968,0.07194,0.02778,0.03145,0.10638,0.0381,0.05932,0.08904,0.09821
CNODarkPTZ_Individual:30,0.16875,0.10101,0.10185,0.01935,0.0303,0.03175,0.08621,0.03077,0.06349,0.03797,0.0915,0.05109,0.11976
CNODarkPTZ_Individual:1;,0.11146,0.18779,0.08,0.07692,0.05263,0.08654,0.05839,0.07547,0.07519,0.05263,0.03093,0.02679,0.07179
CNODarkPTZ_Individual:19,0.07426,0.02083,0.02857,0.11111,0.08108,0.12069,0.10769,0.05634,0.04615,0.04167,0.13462,0.0125,0.03571
CNODarkPTZ_Individual:18,0.05723,0.10185,0.11364,0.08974,0.06731,0.06211,0.05291,0.09278,0.0534,0.06701,0.12255,0.11475,0.07182
CNODarkPTZ_Individual:39,0.07917,0.06422,0.03448,0.0,0.03571,0.0,0.04688,0.02158,0.08547,0.04762,0.02381,0.06186,0.09722
CNODarkPTZ_Individual:33,0.07799,0.16754,0.11957,0.06889,0.08048,0.08763,0.10032,0.0785,0.09459,0.08303,0.01481,0.1044,0.07473
CNODarkPTZ_Individual:3;,0.12121,0.0,0.08,0.11864,0.09783,0.11017,0.04348,0.04255,0.07143,0.0,0,0.0,0.02083
CNODarkPTZ_Individual:32,0.06827,0.05217,0.10593,0.05325,0.01775,0.04545,0.02618,0.0566,0.02778,0.02989,0.01852,0.07282,0.05556
CNODarkPTZ_Individual:13,0.05276,0.16052,0.12184,0.07407,0.12558,0.09195,0.02667,0.12457,0.09677,0.06077,0.07317,0.07759,0.04225
CNODarkPTZ_Individual:12,0.08208,0.11173,0.05952,0.07237,0.11894,0.06696,0.09545,0.08936,0.07389,0.06714,0.09302,0.06017,0.09346
CNODarkPTZ_Individual:7;,0.1264,0.15455,0.08333,0.08439,0.10366,0.15217,0.04891,0.06329,0.08791,0.09202,0.08264,0.08,0.09701
CNODarkPTZ_Individual:10,0.09973,0.15054,0.07018,0.04886,0.0,0.10145,0.12955,0.06911,0.03325,0.07112,0.11377,0.11176,0.05102
CNODarkPTZ_Individual:17,0.09119,0.08271,0.01587,0.1037,0.0,0.03557,0.06161,0.03947,0.06224,0.06173,0.12069,0.07752,0.04762
CNODarkPTZ_Individual:16,0.12222,0.14833,0.16438,0.14925,0.09231,0.15789,0.17241,0.04478,0.11,0.10294,0.1,0.12821,0.05747
CNODarkPTZ_Individual:15,0.08239,0.10274,0.11268,0.03448,0.09244,0.13462,0.05333,0.12121,0.06627,0.0583,0.13514,0.06286,0.09412
CNODarkPTZ_Individual:14,0.11161,0.12264,0.06422,0.05556,0.15385,0.16071,0.05882,0.05435,0.0493,0.06173,0.04054,0.16842,0.05556
HaloperidolDarkPTZ_Individual:8;,0.05714,0.03869,0.03846,0.04781,0.01402,0.0241,0.01724,0.02381,0.02456,0.03125,0.00794,0.03738,0.0332
HaloperidolDarkPTZ_Individual:48,0.06164,0.11526,0.13316,0.11172,0.08451,0.11272,0.13466,0.07977,0.11765,0.07879,0.06993,0.04972,0.05825
HaloperidolDarkPTZ_Individual:4;,0.06525,0.1056,0.05143,0.02141,0.01445,0.01064,0.03256,0.04391,0.05556,0.05542,0.04225,0.03406,0.02267
HaloperidolDarkPTZ_Individual:40,0.06959,0.08955,0.05691,0.0202,0.06122,0.01754,0.08602,0.05405,0.03093,0.04678,0.05785,0.01579,0.02454
HaloperidolDarkPTZ_Individual:41,0.1366,0.16502,0.11526,0.13564,0.09434,0.09746,0.07256,0.04128,0.07182,0.03543,0.05479,0.06486,0.04103
HaloperidolDarkPTZ_Individual:42,0.08708,0.09852,0.08565,0.07258,0.04452,0.06417,0.04237,0.07047,0.06009,0.07792,0.04695,0.05682,0.02431
HaloperidolDarkPTZ_Individual:43,0.01882,0.00787,0.02604,0.02759,0.01075,0.00803,0.02318,0.02439,0.02564,0.01967,0.0254,0.01408,0.00952
HaloperidolDarkPTZ_Individual:44,0.03968,0.04863,0.04348,0.03623,0.03067,0.01923,0.03861,0.04,0.01304,0.07763,0.0381,0.02304,0.03145
HaloperidolDarkPTZ_Individual:45,0.06383,0.05991,0.03627,0.05155,0.01042,0.04167,0.02091,0.01515,0.01245,0.00997,0.00816,0.01684,0.01887
HaloperidolDarkPTZ_Individual:46,0.06094,0.07474,0.04991,0.02646,0.01789,0.02525,0.02105,0.02979,0.02326,0.02358,0.00692,0.05707,0.01195
HaloperidolDarkPTZ_Individual:47,0.0972,0.14103,0.12088,0.0903,0.05,0.06355,0.0801,0.05952,0.04451,0.02905,0.04607,0.02439,0.03692
HaloperidolDarkPTZ_Individual:2;,0.06517,0.07143,0.02357,0.01187,0.01862,0.01675,0.03538,0.0104,0.01678,0.00414,0.00565,0.0161,0.00994
HaloperidolDarkPTZ_Individual:28,0.08432,0.12824,0.09296,0.08515,0.06426,0.08481,0.08114,0.07287,0.05253,0.05238,0.03623,0.07216,0.04092
HaloperidolDarkPTZ_Individual:29,0.01802,0.01441,0.02047,0.03488,0.0075,0.01661,0.02778,0.01064,0.00752,0.0,0.00971,0.0,0.01031
HaloperidolDarkPTZ_Individual:26,0.0654,0.02762,0.01535,0.00592,0.01401,0.0,0.00787,0.00524,0.00372,0.01422,0.01415,0.01626,0.01471
HaloperidolDarkPTZ_Individual:6;,0.06439,0.02648,0.02005,0.01608,0.03252,0.01695,0.01272,0.02484,0.01031,0.02069,0.03161,0.02789,0.01124
HaloperidolDarkPTZ_Individual:24,0.05938,0.07266,0.04587,0.0535,0.03943,0.03704,0.04933,0.03759,0.02632,0.02893,0.03604,0.03165,0.03846
HaloperidolDarkPTZ_Individual:25,0.05056,0.02344,0.00521,0.01274,0.0107,0.02439,0.02597,0.01527,0.02574,0.01329,0.01347,0.01099,0.00619
HaloperidolDarkPTZ_Individual:22,0.09605,0.06433,0.05747,0.03352,0.03409,0.08333,0.07895,0.02667,0.0102,0.01923,0.02128,0.0354,0.01087
HaloperidolDarkPTZ_Individual:23,0.10746,0.06557,0.09146,0.08523,0.06875,0.065,0.08547,0.06294,0.09231,0.11224,0.09322,0.06452,0.05042
HaloperidolDarkPTZ_Individual:20,0.03146,0.07407,0.06957,0.03049,0.03049,0.01606,0.02658,0.01355,0.02119,0.00304,0.01176,0.0,0.01689
HaloperidolDarkPTZ_Individual:21,0.05435,0.07639,0.07772,0.04128,0.05556,0.02577,0.03456,0.04762,0.03279,0.04082,0.01567,0.01276,0.03053
HaloperidolDarkPTZ_Individual:34,0.00518,0.01225,0.03226,0.03723,0.02431,0.04721,0.06742,0.02538,0.03077,0.06098,0.03738,0.03333,0.01807
HaloperidolDarkPTZ_Individual:38,0.06142,0.13861,0.12043,0.08807,0.09241,0.09153,0.11034,0.07095,0.08094,0.0805,0.08215,0.12174,0.06522
HaloperidolDarkPTZ_Individual:35,0.0,0.05852,0.04115,0.02242,0.03252,0.04464,0.05825,0.04587,0.06863,0.07339,0.0303,0.02759,0.05263
HaloperidolDarkPTZ_Individual:27,0.0826,0.06628,0.0404,0.02806,0.0585,0.04167,0.04229,0.0277,0.05316,0.03067,0.05112,0.04972,0.01835
HaloperidolDarkPTZ_Individual:11,0.02385,0.01775,0.0137,0.02242,0.01896,0.05102,0.03226,0.03175,0.01205,0.01546,0.0203,0.03139,0.01266
HaloperidolDarkPTZ_Individual:37,0.09207,0.11742,0.10053,0.11667,0.09396,0.06154,0.04908,0.03947,0.03583,0.05732,0.0655,0.07285,0.03793
HaloperidolDarkPTZ_Individual:36,0,0.04027,0.03876,0.01878,0.01951,0.03226,0.02966,0.02362,0.03361,0.03356,0.0226,0.03419,0.00355
HaloperidolDarkPTZ_Individual:5;,0.0361,0.01323,0.01695,0.01923,0.01579,0.02439,0.01087,0.01538,0.0177,0.01227,0.00862,0.01942,0.00694
HaloperidolDarkPTZ_Individual:9;,0.01822,0.03759,0.02823,0.02899,0.05405,0.06522,0.05455,0.08854,0.06383,0.05618,0.05699,0.0375,0.05882
HaloperidolDarkPTZ_Individual:31,0.02078,0.02604,0.02198,0.01075,0.01471,0.01149,0.0339,0.0,0.0,0.0,0.0,0.00862,0.0
HaloperidolDarkPTZ_Individual:30,0.02913,0.01143,0.0,0.01031,0.01485,0.00469,0.0042,0.0,0.00957,0.03261,0.00498,0.01648,0.01442
HaloperidolDarkPTZ_Individual:1;,0.10062,0.14146,0.11068,0.08738,0.05255,0.02489,0.03427,0.04895,0.03777,0.0361,0.066,0.07216,0.06933
HaloperidolDarkPTZ_Individual:19,0.06544,0.03284,0.01993,0.01131,0.01144,0.03571,0.01896,0.00599,0.00712,0.0,0.01282,0.008,0.01546
HaloperidolDarkPTZ_Individual:18,0.05995,0.07317,0.10811,0.05512,0.05,0.0146,0.0107,0.07692,0.0197,0.04348,0.02326,0.03409,0.01117
HaloperidolDarkPTZ_Individual:39,0.04045,0.06098,0.00694,0.03509,0.03067,0.02521,0.01695,0.02239,0.03226,0.02294,0.01796,0.03365,0.03279
HaloperidolDarkPTZ_Individual:33,0.04276,0.05904,0.04317,0.0266,0.02041,0.04329,0.08065,0.06855,0.07054,0.07048,0.04878,0.0787,0.0367
HaloperidolDarkPTZ_Individual:3;,0.07483,0.03425,0.04268,0.00932,0.0205,0.01299,0.00833,0.01524,0.02035,0.00606,0.0,0.01356,0.02797
HaloperidolDarkPTZ_Individual:32,0.01429,0.00792,0.01067,0.01027,0.01042,0.01224,0.01093,0.04196,0.01835,0.01931,0.01807,0.0061,0.00581
HaloperidolDarkPTZ_Individual:13,0.08251,0.02837,0.04,0.02083,0.02521,0.02913,0.05195,0.01626,0.04444,0.0303,0.0297,0.01626,0.03371
HaloperidolDarkPTZ_Individual:12,0.01261,0.00383,0.0,0.00926,0.00604,0.0073,0.0049,0.01706,0.00592,0.02985,0.00532,0.0099,0.00549
HaloperidolDarkPTZ_Individual:7;,0.01031,0.00897,0.01515,0.02174,0.0,0,0.01587,0.02128,0.0125,0.0303,0.05333,0.0,0.00971
HaloperidolDarkPTZ_Individual:10,0.01002,0.01157,0.02583,0.02326,0.02049,0.03721,0.0165,0.02597,0.01408,0.01544,0.0249,0.02174,0.02881
HaloperidolDarkPTZ_Individual:17,0.06711,0.03906,0.06383,0.0814,0.08772,0.09756,0.0315,0.05882,0.09091,0.04651,0.02083,0.08791,0.03937
HaloperidolDarkPTZ_Individual:16,0.07264,0.10127,0.10392,0.07506,0.0549,0.05941,0.02917,0.04464,0.02273,0.02174,0.03939,0.07692,0.03663
HaloperidolDarkPTZ_Individual:15,0.098,0.20519,0.15042,0.09337,0.08907,0.1284,0.083,0.07391,0.068,0.08734,0.04545,0.05116,0.04688
HaloperidolDarkPTZ_Individual:14,0.12083,0.18028,0.10408,0.06283,0.09804,0.06263,0.0632,0.10897,0.06332,0.07586,0.07102,0.04294,0.03904
NDMCDarkPTZ_Individual:8;,0.05594,0.16401,0.13483,0.03125,0.0,0.05882,0.08772,0.08571,0.03125,0.07692,0.10294,0.10769,0.05
NDMCDarkPTZ_Individual:48,0.07527,0.09146,0.15873,0.15094,0.12195,0.11047,0.15569,0.14346,0.12069,0.03597,0.07774,0.08602,0.0605
NDMCDarkPTZ_Individual:4;,0.07119,0.02548,0.07634,0.06723,0.17424,0.1,0.15385,0.15323,0.08553,0.05102,0.08511,0.01064,0.10084
NDMCDarkPTZ_Individual:40,0.07085,0.16854,0.12981,0.09959,0.2029,0.05405,0.06283,0.12037,0.01829,0.08763,0.04142,0.06557,0.03704
NDMCDarkPTZ_Individual:41,0.08901,0.05882,0.06,0.06061,0.12121,0.05882,0.05,0,0.0,0.01563,0.02439,0.0,0.0
NDMCDarkPTZ_Individual:42,0.08192,0.10811,0.07473,0.06859,0.08427,0.05714,0.06522,0.04803,0.08416,0.06091,0.05634,0.06329,0.11628
NDMCDarkPTZ_Individual:43,0.07388,0.10063,0.04494,0.0512,0.08777,0.09169,0.06316,0.07692,0.03722,0.07008,0.05026,0.04119,0.03171
NDMCDarkPTZ_Individual:44,0.08915,0.09211,0.17816,0.17734,0.15217,0.14286,0.05859,0.07547,0.06566,0.07469,0.10246,0.07345,0.05236
NDMCDarkPTZ_Individual:45,0.09945,0.15891,0.20103,0.16931,0.14368,0.07895,0.16541,0.11111,0.12174,0.13636,0.14205,0.10976,0.14557
NDMCDarkPTZ_Individual:46,0.08578,0.12681,0.10119,0.09836,0.10619,0.17391,0.11111,0.10145,0.11392,0.08571,0.125,0.16667,0.1
NDMCDarkPTZ_Individual:47,0.09865,0.07143,0.00909,0.12308,0.1,0.03614,0.07407,0.08696,0.08772,0.08511,0.12179,0.09917,0.09626
NDMCDarkPTZ_Individual:2;,0.1084,0.10145,0.05952,0.13433,0.1383,0.15882,0.18033,0.12931,0.01429,0.0515,0.08333,0.11446,0.11009
NDMCDarkPTZ_Individual:28,0.10164,0.13651,0.15162,0.14884,0.0493,0.10753,0.09333,0.12687,0.13793,0.0916,0.13821,0.13978,0.06015
NDMCDarkPTZ_Individual:29,0.14787,0.20588,0.13158,0.22581,0.11409,0.07273,0.15455,0.1,0.13971,0.07092,0.22917,0.04167,0.12632
NDMCDarkPTZ_Individual:26,0.09917,0.11377,0.19876,0.11429,0.12048,0.07207,0.08772,0.11765,0.08537,0.10938,0.05063,0.06452,0.1
NDMCDarkPTZ_Individual:6;,0.08922,0.1831,0.07746,0.11905,0.09677,0.1125,0.07692,0.02273,0.0087,0.10169,0.07143,0.09524,0.09302
NDMCDarkPTZ_Individual:24,0.04032,0.09605,0.04545,0.08904,0.10448,0.08434,0.0339,0.04082,0.03571,0.03205,0.02381,0.0991,0.12195
NDMCDarkPTZ_Individual:25,0.08665,0.18997,0.2395,0.1635,0.13853,0.07853,0.11055,0.06957,0.06438,0.07216,0.05814,0.02294,0.04308
NDMCDarkPTZ_Individual:22,0.02796,0.17593,0.12821,0.09091,0.2,0.05814,0.08197,0.11504,0.10156,0.15436,0.13934,0.14465,0.09032
NDMCDarkPTZ_Individual:23,0.09091,0.14437,0.13115,0.12017,0.09722,0.10553,0.09972,0.1087,0.07399,0.08706,0.06325,0.11429,0.08378
NDMCDarkPTZ_Individual:20,0.11111,0.10887,0.09132,0.05042,0.07463,0.06135,0.09767,0.04505,0.07965,0.06897,0.1,0.1234,0.06557
NDMCDarkPTZ_Individual:21,0.07254,0.05405,0.06522,0.13333,0.03448,0.06957,0.09709,0.02105,0.03333,0.05882,0.06796,0.02362,0.02793
NDMCDarkPTZ_Individual:34,0.09506,0.18257,0.21941,0.1699,0.09202,0.16296,0.15909,0.11009,0.14729,0.12121,0.06087,0.08054,0.0625
NDMCDarkPTZ_Individual:38,0.06511,0.10748,0.11594,0.09938,0.06803,0.096,0.04348,0.07729,0.08543,0.09581,0.06757,0.08046,0.06367
NDMCDarkPTZ_Individual:35,0.14675,0.2,0.16,0.16165,0.1018,0.15254,0.04819,0.12871,0.1157,0.06349,0.09211,0.14167,0.08989
NDMCDarkPTZ_Individual:27,0.11351,0.24561,0.15981,0.13564,0.15094,0.08108,0.07234,0.04211,0.12834,0.09655,0.05911,0.02139,0.06897
NDMCDarkPTZ_Individual:11,0.0611,0.14828,0.1662,0.13853,0.17561,0.06667,0.07522,0.19767,0.04793,0.10465,0.06341,0.12934,0.18898
NDMCDarkPTZ_Individual:37,0.09664,0.10417,0.14,0.07874,0.0,0.02041,0.05714,0.05263,0.03333,0.08974,0.26316,0.09231,0.11029
NDMCDarkPTZ_Individual:36,0.14066,0.20769,0.12782,0.10989,0.08989,0.07746,0.04902,0.05747,0.04082,0.10596,0.06494,0.0989,0.03167
NDMCDarkPTZ_Individual:5;,0.06977,0.1326,0.11852,0.112,0.1,0.0679,0.07097,0.1165,0.06667,0.12381,0.04,0.11905,0.09783
NDMCDarkPTZ_Individual:9;,0.12142,0.13043,0.11173,0.08743,0.09091,0.08795,0.07373,0.09225,0.06276,0.04255,0.04669,0.03514,0.08095
NDMCDarkPTZ_Individual:31,0.08941,0.13147,0.10448,0.1049,0.02618,0.0297,0.0,0.00481,0.0,0.05405,0.01235,0.06818,0.04444
NDMCDarkPTZ_Individual:30,0.128,0.1172,0.1295,0.11017,0.16098,0.11823,0.08594,0.16,0.125,0.1066,0.10577,0.1066,0.08014
NDMCDarkPTZ_Individual:1;,0.03279,0.06452,0.04762,0.05738,0.04615,0.08,0.06931,0.08333,0.07937,0.0,0.04348,0.0,0.04762
NDMCDarkPTZ_Individual:19,0.09418,0.10714,0.10843,0.19444,0.13514,0.125,0.09929,0.12346,0.15385,0.08333,0.0,0.08537,0.13158
NDMCDarkPTZ_Individual:18,0.12975,0.14362,0.07292,0.12903,0.04317,0.09009,0.08772,0.06103,0.10377,0.06965,0.04624,0.06867,0.06618
NDMCDarkPTZ_Individual:39,0.09358,0.12121,0.09615,0.16,0.14607,0.11963,0.11888,0.08943,0.08738,0.10714,0.05479,0.0,0.08456
NDMCDarkPTZ_Individual:33,0.08877,0.19368,0.1619,0.17355,0.15789,0.19444,0.13684,0.08759,0.22857,0.1619,0.10638,0.10465,0.15909
NDMCDarkPTZ_Individual:3;,0.05153,0.11565,0.07237,0.0875,0.09877,0.14388,0.08871,0.11039,0.14815,0.05556,0.09836,0.05185,0.06
NDMCDarkPTZ_Individual:32,0.08072,0.11538,0.06796,0.12778,0.09859,0.07831,0.07389,0.07143,0.06952,0.06173,0.05303,0.06329,0.04965
NDMCDarkPTZ_Individual:13,0.11375,0.15966,0.13889,0.15909,0.13725,0.0628,0.08861,0.1129,0.07937,0.06707,0.06452,0.10638,0.11351
NDMCDarkPTZ_Individual:12,0.06109,0.06695,0.07432,0.07364,0.05373,0.05534,0.05818,0.04124,0.05397,0.07213,0.04428,0.03865,0.03232
NDMCDarkPTZ_Individual:7;,0.09868,0.15418,0.09023,0.14118,0.0438,0.02586,0.075,0.06604,0.01961,0.06667,0.05195,0.06512,0.03672
NDMCDarkPTZ_Individual:10,0.07296,0.07303,0.06757,0.06422,0.12658,0.01053,0.13559,0.09346,0.11268,0.08642,0.09677,0.03922,0.08889
NDMCDarkPTZ_Individual:17,0.12951,0.15042,0.16119,0.15805,0.12903,0.16578,0.14493,0.11679,0.13636,0.09709,0.125,0.16667,0.14035
NDMCDarkPTZ_Individual:16,0.075,0.18217,0.125,0.11,0.15054,0.11321,0.07865,0.14563,0.06034,0.14706,0.09589,0.08019,0.10667
NDMCDarkPTZ_Individual:15,0.0614,0.08756,0.02198,0.05479,0.06716,0.05641,0.07955,0.06667,0.12308,0.04255,0.15385,0.1,0.07
NDMCDarkPTZ_Individual:14,0.14255,0.20097,0.14471,0.1227,0.09677,0.1,0.07071,0.10127,0,0.04348,0.11404,0.0531,0.07813
NDMCHighDarkPTZ_Individual:8;,0.0,0.03333,0.0,0.01149,0.0,0.0,0.0,0.0,0.0,0.0,0.0,0.0,0.0
NDMCHighDarkPTZ_Individual:48,0.05857,0.05825,0.10976,0.125,0.15254,0.125,0.1295,0.1195,0.096,0.10651,0.11728,0.05376,0.06931
NDMCHighDarkPTZ_Individual:4;,0.03704,0.03239,0.02614,0.06294,0.07071,0.09524,0.09402,0.12745,0.096,0.07285,0.05063,0.05587,0.08589
NDMCHighDarkPTZ_Individual:40,0.04127,0.0531,0.05085,0.07107,0.05495,0.05833,0.04065,0.0963,0.0493,0.03046,0.02469,0.02353,0.0202
NDMCHighDarkPTZ_Individual:41,0.11881,0.01333,0.02273,0.05072,0.03937,0.04908,0.01351,0.04138,0.07353,0.05755,0.10177,0.05208,0.07818
NDMCHighDarkPTZ_Individual:42,0.078,0.14815,0.09478,0.10617,0.1,0.06103,0.03235,0.04984,0.02727,0.06615,0.06944,0.10628,0.06452
NDMCHighDarkPTZ_Individual:43,0.06338,0.05128,0.03817,0.06579,0.03989,0.04138,0.10638,0.06286,0.04392,0.05556,0.03425,0.04072,0.0431
NDMCHighDarkPTZ_Individual:44,0.02941,0.0,0.02222,0.07595,0.04082,0.07692,0.05797,0.05634,0.08649,0.04902,0.05116,0.05488,0.04545
NDMCHighDarkPTZ_Individual:45,0.05825,0.05455,0.12346,0.07843,0.02752,0.07143,0.02703,0.0,0.04878,0.05556,0.0495,0.04301,0.0365
NDMCHighDarkPTZ_Individual:46,0.07632,0.13671,0.15054,0.15271,0.08059,0.09137,0.12727,0.0724,0.07491,0.06349,0.08759,0.06102,0.06695
NDMCHighDarkPTZ_Individual:47,0.12177,0.07819,0.03896,0.05804,0.09025,0.09005,0.09479,0.0988,0.09571,0.11184,0.10135,0.08377,0.10574
NDMCHighDarkPTZ_Individual:2;,0.07937,0.0479,0.13095,0.03889,0.02339,0.01829,0.0431,0.03738,0.01007,0.01214,0.01328,0.01028,0.01863
NDMCHighDarkPTZ_Individual:28,0.03256,0.08054,0.03378,0.03125,0.15116,0.01299,0.05405,0.03371,0.04706,0.0,0.01852,0.04878,0.02941
NDMCHighDarkPTZ_Individual:29,0.04082,0.09302,0.10169,0.05556,0.04762,0.08571,0.04762,0.04651,0.05172,0.02439,0.08696,0.01754,0.0
NDMCHighDarkPTZ_Individual:26,0.06582,0.04065,0.03252,0.02258,0.06464,0.03286,0.04661,0.07821,0.056,0.04,0.07296,0.06827,0.0837
NDMCHighDarkPTZ_Individual:6;,0.07599,0.06373,0.048,0.0828,0.09091,0.09005,0.07727,0.07813,0.09746,0.13478,0.08032,0.07851,0.06507
NDMCHighDarkPTZ_Individual:24,0.06,0.08475,0.04846,0.05394,0.04545,0.04464,0.05941,0.01984,0.02961,0.02817,0.03988,0.04887,0.01493
NDMCHighDarkPTZ_Individual:25,0.05882,0.06135,0.05426,0.0381,0.05172,0.08889,0.07914,0.0443,0.10494,0.04938,0.05422,0.06154,0.05674
NDMCHighDarkPTZ_Individual:22,0.05731,0.04908,0.01667,0.03213,0.02066,0.0123,0.00457,0.01442,0.01961,0.02974,0.04118,0.0119,0.01128
NDMCHighDarkPTZ_Individual:23,0.03601,0.10828,0.07937,0.01,0.04,0.0473,0.03546,0.04023,0.04566,0.02339,0.03822,0.04167,0.02917
NDMCHighDarkPTZ_Individual:20,0.07821,0.025,0.05844,0.04854,0.06806,0.07143,0.09524,0.08609,0.05844,0.12613,0.06364,0.07194,0.04196
NDMCHighDarkPTZ_Individual:21,0.03358,0.02823,0.02473,0.06202,0.04846,0.02692,0.01896,0.02657,0.04077,0.03535,0.04636,0.02494,0.03279
NDMCHighDarkPTZ_Individual:34,0.0,0.05091,0.04094,0.05263,0.04483,0.04427,0.05946,0.05455,0.05747,0.10526,0.09622,0.08029,0.16447
NDMCHighDarkPTZ_Individual:38,0.08032,0.02913,0.10294,0.04348,0.12121,0.07438,0.0625,0.08108,0.0367,0.04545,0.12264,0.04054,0.12791
NDMCHighDarkPTZ_Individual:35,0.0125,0.03965,0.02154,0.02115,0.0,0.0031,0.00405,0.0,0.00703,0.01224,0.01224,0.0,0.01465
NDMCHighDarkPTZ_Individual:27,0.08084,0.05882,0.07197,0.11111,0.09474,0.12832,0.07895,0.05759,0.08153,0.03491,0.04733,0.07672,0.04828
NDMCHighDarkPTZ_Individual:11,0.00565,0.03865,0.06154,0.04865,0.075,0.03067,0.05634,0.05042,0.0083,0.04219,0.05618,0.03315,0.01389
NDMCHighDarkPTZ_Individual:37,0.09756,0.09778,0.15217,0.0625,0.0473,0.02465,0.04032,0.06748,0.0695,0.07664,0.06406,0.03659,0.03779
NDMCHighDarkPTZ_Individual:36,0.04444,0.02143,0.05195,0.0,0.0,0.01327,0.01258,0.01316,0.0,0.0,0.0,0.0,0.0
NDMCHighDarkPTZ_Individual:5;,0.06452,0.01934,0.01079,0.02303,0.01205,0.00935,0.01923,0.02013,0.03171,0.02299,0.03333,0.02469,0.02156
NDMCHighDarkPTZ_Individual:9;,0.05714,0.05521,0.05988,0.03111,0.05747,0.0,0.01087,0.0,0.0,0.0283,0.0,0.0,0.0
NDMCHighDarkPTZ_Individual:31,0.03883,0.02913,0.00909,0.04762,0.00877,0.0,0.01471,0.0,0.0,0.0,0.0,0.0,0.66667
NDMCHighDarkPTZ_Individual:30,0.0355,0.04348,0.06324,0.02609,0.04323,0.0627,0.04865,0.03325,0.06811,0.03509,0.02571,0.04956,0.03213
NDMCHighDarkPTZ_Individual:1;,0.06294,0.09945,0.07143,0.05109,0.05298,0.04545,0.04839,0.05076,0.02392,0.01075,0.03004,0.02609,0.03169
NDMCHighDarkPTZ_Individual:19,0.05906,0.11064,0.01974,0.05,0.03704,0.04306,0.05462,0.03593,0.09278,0.0365,0.09259,0.0625,0.04444
NDMCHighDarkPTZ_Individual:18,0.10327,0.03659,0.17476,0.18919,0.02941,0.04,0.04082,0.0,0.04651,0.01538,0.05172,0.03704,0.08621
NDMCHighDarkPTZ_Individual:39,0.06143,0.12432,0.05517,0.05495,0.06557,0.02299,0.14286,0.075,0.03333,0.06349,0.0303,0.09302,0.08
NDMCHighDarkPTZ_Individual:33,0.0,0,0.14711,0,0.2,0.01399,0.0,0.0,0.02857,0.0,0,0.0,0
NDMCHighDarkPTZ_Individual:3;,0.02564,0.04188,0.06358,0.045,0.05634,0.06897,0.05464,0.06047,0.05046,0.05419,0.06957,0.07983,0.05809
NDMCHighDarkPTZ_Individual:32,0.04724,0.032,0.03017,0.00336,0.02674,0.0,0.02703,0.02564,0.0,0.02041,0.02941,0.0,0.0
NDMCHighDarkPTZ_Individual:13,0.11777,0.16667,0.05528,0.04717,0.13187,0.08369,0.08269,0.05122,0.07,0.05556,0.05568,0.03288,0.04255
NDMCHighDarkPTZ_Individual:12,0.05556,0.05556,0.03741,0.03542,0.02035,0.0,0.01449,0.01515,0.0,0.00379,0.01875,0.00707,0.01471
NDMCHighDarkPTZ_Individual:7;,0.02062,0.02762,0.0,0.06763,0.01107,0.01087,0.008,0.00388,0.0,0.0,0.0,0.0,0.01111
NDMCHighDarkPTZ_Individual:10,0.01587,0.01544,0.06103,0.01485,0.0,0.0,0.06818,0.0,0.04478,0.0,0.0,0.0,0.01587
NDMCHighDarkPTZ_Individual:17,0.06367,0.09184,0.13043,0.0,0.25,0.0,0.0,0.03947,0.0,0.10714,0.01471,0.0,0.03125
NDMCHighDarkPTZ_Individual:16,0.10465,0.15064,0.08621,0.16018,0.11411,0.15385,0.13399,0.12752,0.11005,0.09465,0.0804,0.1,0.06689
NDMCHighDarkPTZ_Individual:15,0.1,0.16667,0.08046,0.07246,0.07692,0.06944,0.13846,0.05952,0.06557,0.01493,0.03061,0.0125,0.08824
NDMCHighDarkPTZ_Individual:14,0.10526,0.15054,0.03125,0.07,0.09208,0.07143,0.0274,0.08088,0.0,0.06087,0.06667,0.07826,0.09195
OSU6162DarkPTZ_Individual:8;,0.07937,0.08235,0.11315,0.12121,0.13402,0.13008,0.06842,0.06316,0.07377,0.0757,0.05505,0.03846,0.0218
OSU6162DarkPTZ_Individual:48,0.11111,0.10695,0.00709,0.08081,0.01657,0.02979,0.04808,0.07345,0.05,0.06011,0.04372,0.0679,0.03543
OSU6162DarkPTZ_Individual:4;,0.09619,0.22047,0.05128,0.04082,0.09804,0.08649,0.04255,0.11111,0.12037,0.08511,0.09036,0.08108,0.07583
OSU6162DarkPTZ_Individual:40,0.03675,0.01266,0.035,0.04938,0.06366,0.04421,0.05817,0.05349,0.04255,0.05685,0.07324,0.06137,0.06422
OSU6162DarkPTZ_Individual:41,0.0566,0.11927,0.09091,0.06579,0.0,0.03922,0.04082,0.14085,0.05556,0.07547,0.11111,0.05634,0.08621
OSU6162DarkPTZ_Individual:42,0.11752,0.07872,0.04494,0.05455,0.00781,0.08571,0.06667,0.03333,0.06306,0.03396,0.05,0.0724,0.06429
OSU6162DarkPTZ_Individual:43,0.07895,0.06936,0.11864,0.0549,0.12048,0.05376,0.04027,0.05814,0.0559,0.13043,0.05455,0.01626,0.03922
OSU6162DarkPTZ_Individual:44,0.16995,0.16667,0.19101,0.15217,0.04762,0.12069,0.08333,0.06061,0.08065,0.06977,0.14151,0.09375,0.02941
OSU6162DarkPTZ_Individual:45,0.0623,0.11429,0.13333,0.01508,0.06,0.0283,0.01167,0.03929,0.01976,0.03285,0.02232,0.02778,0.0239
OSU6162DarkPTZ_Individual:46,0.05305,0.06228,0.05,0.09278,0.06926,0.09091,0.06742,0.07588,0.04545,0.05638,0.0316,0.0236,0.04492
OSU6162DarkPTZ_Individual:47,0.1349,0.08621,0.07692,0.04032,0.03311,0.08989,0.03158,0.05882,0.05263,0.04098,0.06034,0.08333,0.09483
OSU6162DarkPTZ_Individual:2;,0.072,0.03846,0.17284,0.0566,0.01471,0.05825,0.02703,0.04348,0.05,0.0404,0.03636,0.01266,0.02899
OSU6162DarkPTZ_Individual:28,0.05341,0.09392,0.07407,0.05263,0.0226,0.02817,0.06383,0.06962,0.08482,0.04545,0.05612,0.06122,0.02924
OSU6162DarkPTZ_Individual:29,0.09726,0.09524,0.12881,0.15126,0.16667,0.08679,0.13889,0.14634,0.12139,0.1,0.09732,0.11388,0.06371
OSU6162DarkPTZ_Individual:26,0.06419,0.1457,0.13934,0.07292,0.11111,0.0404,0.0678,0.12258,0.08235,0.04469,0.09697,0.04433,0.11486
OSU6162DarkPTZ_Individual:6;,0.08086,0.124,0.24257,0.1027,0.07558,0.10256,0.1131,0.12651,0.11043,0.09929,0.09929,0.05882,0.09756
OSU6162DarkPTZ_Individual:24,0.07921,0.08462,0.04286,0.03333,0.06731,0.07143,0.08235,0.09302,0.04511,0.0339,0.10891,0.06061,0.06818
OSU6162DarkPTZ_Individual:25,0.09226,0.10417,0.09091,0.0473,0.08589,0.03209,0.06557,0.06957,0.0199,0.04027,0.03195,0.06711,0.04938
OSU6162DarkPTZ_Individual:22,0.0855,0.0625,0.0625,0.07792,0.02941,0.06667,0.03175,0.05556,0.05405,0.0,0.13673,0.03,0.09091
OSU6162DarkPTZ_Individual:23,0.07672,0.16949,0.09783,0.09278,0.13445,0.09402,0.09709,0.15873,0.12613,0.17073,0.13725,0.10169,0.0873
OSU6162DarkPTZ_Individual:20,0.10933,0.06452,0.05495,0.1,0.08333,0.10256,0.11111,0.11111,0.09756,0.10881,0.07614,0.12587,0.08434
OSU6162DarkPTZ_Individual:21,0.08883,0.08671,0.02885,0.0566,0.09434,0.01942,0.05556,0.05128,0.05319,0.02791,0.04545,0.02395,0.05469
OSU6162DarkPTZ_Individual:34,0.07981,0.04,0.10127,0.07042,0.0625,0.05,0.025,0.0625,0.05405,0.075,0.06061,0.11111,0.06452
OSU6162DarkPTZ_Individual:38,0.10838,0.12605,0.08333,0.03448,0.08387,0.06522,0.08936,0.06441,0.04605,0.02527,0.03289,0.0428,0.04854
OSU6162DarkPTZ_Individual:35,0.04435,0.07879,0.11465,0.05505,0.06,0.01935,0.05742,0.04278,0.03125,0.0495,0.07031,0.045,0.05495
OSU6162DarkPTZ_Individual:27,0.0463,0.09091,0.11009,0.02041,0.06796,0.01961,0.05806,0.07813,0.04317,0.04854,0.04104,0.0,0.0
OSU6162DarkPTZ_Individual:11,0.07714,0.14248,0.09494,0.05085,0.03687,0.04787,0.0362,0.04023,0.02564,0.03488,0.04639,0.03571,0.04321
OSU6162DarkPTZ_Individual:37,0.05446,0.10573,0.06452,0.09901,0.03846,0.0102,0.05208,0.05319,0.05882,0.06667,0.07237,0.09091,0.06122
OSU6162DarkPTZ_Individual:36,0.07746,0.07393,0.03279,0.0443,0.05102,0.01515,0.04082,0.05825,0.11194,0.06122,0.04717,0.04242,0.06667
OSU6162DarkPTZ_Individual:5;,0.10891,0.0625,0.12195,0.05263,0.07463,0.05618,0.07792,0.07042,0.05,0.07143,0.025,0.06015,0.02632
OSU6162DarkPTZ_Individual:9;,0.083,0.10769,0.04,0.06667,0.1165,0.0381,0.03093,0.07813,0.07487,0.04787,0.07831,0.09524,0.10744
OSU6162DarkPTZ_Individual:31,0.1074,0.13688,0.08148,0.07438,0.04643,0.05455,0.104,0.05755,0.06085,0.10222,0.0904,0.06786,0.12085
OSU6162DarkPTZ_Individual:30,0.06314,0.09626,0.08696,0.02162,0.09005,0.00588,0.02013,0.03448,0.06087,0.06627,0.0274,0.0452,0.03529
OSU6162DarkPTZ_Individual:1;,0.09752,0.16616,0.12329,0.1162,0.12211,0.10294,0.07813,0.11284,0.10244,0.07458,0.07692,0.08108,0.07732
OSU6162DarkPTZ_Individual:19,0.12981,0.15014,0.02283,0.04737,0.0708,0.01938,0.01027,0.04065,0.03256,0.05238,0.03371,0.00629,0.01818
OSU6162DarkPTZ_Individual:18,0.06798,0.12461,0.09735,0.0,0.01538,0.06944,0.025,0.05405,0.01619,0.07895,0.06957,0.11628,0.07738
OSU6162DarkPTZ_Individual:39,0.13098,0.11468,0.10092,0.1125,0.04151,0.06667,0.07282,0.05769,0.06475,0.07527,0.07732,0.05303,0.06883
OSU6162DarkPTZ_Individual:33,0.01149,0.21739,0.12,0.18085,0.12281,0.05455,0.10101,0.13514,0.1519,0.19231,0.15517,0.2973,0.16667
OSU6162DarkPTZ_Individual:3;,0.12333,0.20398,0.13836,0.0915,0.10366,0.1164,0.12037,0.08889,0.04545,0.09091,0.02899,0.06767,0.06316
OSU6162DarkPTZ_Individual:32,0.03237,0.0716,0.05102,0.01765,0.11567,0.125,0.10072,0.09286,0.07507,0.07184,0.07062,0.07727,0.07027
OSU6162DarkPTZ_Individual:13,0.15152,0.18868,0.17822,0.09655,0.14493,0.08247,0.09639,0.04494,0.02857,0.10377,0.03636,0.04545,0.05882
OSU6162DarkPTZ_Individual:12,0.04762,0.13592,0.15556,0.09694,0.1,0.05344,0.05195,0.04444,0.06522,0.03659,0.05263,0.05882,0.02632
OSU6162DarkPTZ_Individual:7;,0.13455,0.16461,0.14783,0.12143,0.18182,0.09722,0.13934,0.07813,0.08523,0.11957,0.08661,0.06,0.088
OSU6162DarkPTZ_Individual:10,0.11615,0.06767,0.08989,0.03191,0.02857,0.04651,0.02381,0.02597,0.02825,0.09836,0.0237,0.08475,0.0531
OSU6162DarkPTZ_Individual:17,0.06173,0.09639,0.09677,0.11724,0.09539,0.10048,0.07755,0.08497,0.05792,0.09544,0.05818,0.05576,0.07287
OSU6162DarkPTZ_Individual:16,0.14343,0.10373,0.05797,0.04839,0.05435,0.09375,0.08511,0.06349,0.10256,0.07143,0.08491,0.05019,0.11429
OSU6162DarkPTZ_Individual:15,0.07826,0.02778,0.03165,0.02516,0.03191,0.04965,0.04372,0.09091,0.02924,0.04425,0.03704,0.04545,0.0339
OSU6162DarkPTZ_Individual:14,0.11738,0.14629,0.07463,0.08271,0.06087,0.03625,0.05965,0.03356,0.04747,0.04438,0.0277,0.0209,0.06875
PCAP1DarkPTZ_Individual:8;,0.00781,0.01408,0.06667,0.00704,0.00671,0.05208,0.01042,0.0117,0.0,0.0,0.0,0.01087,0.0
PCAP1DarkPTZ_Individual:48,0.06061,0.09402,0.13198,0.08907,0.09302,0.10417,0.09124,0.15761,0.07463,0.09615,0.08581,0.12042,0.08182
PCAP1DarkPTZ_Individual:4;,0.06276,0.05028,0.06633,0.0458,0.06667,0.11811,0.05392,0.075,0.05419,0.04762,0.04663,0.06452,0.0708
PCAP1DarkPTZ_Individual:40,0.07256,0.17063,0.05932,0.0,0.07547,0.05,0.07426,0.06849,0.10684,0.1,0.05376,0.05213,0.07059
PCAP1DarkPTZ_Individual:41,0.04104,0.05607,0.0855,0.0604,0.04673,0.08333,0.02222,0.18182,0.07483,0.10127,0.1,0.06299,0.03261
PCAP1DarkPTZ_Individual:42,0.05678,0.02703,0.02439,0.01887,0.03448,0.02632,0.03356,0.02273,0.02703,0.0146,0.03252,0.0,0.03352
PCAP1DarkPTZ_Individual:43,0.11132,0.08046,0.03846,0.07407,0.06173,0.07547,0.08075,0.0884,0.04207,0.07422,0.04571,0.03292,0.0407
PCAP1DarkPTZ_Individual:44,0.03458,0.07547,0.10577,0.04032,0.02778,0.01575,0.01093,0.02286,0.03529,0.01429,0.03125,0.0119,0.03448
PCAP1DarkPTZ_Individual:45,0.05215,0.06383,0.02232,0.02604,0.01479,0.01832,0.0,0.01894,0.02844,0.02516,0.00769,0.00662,0.0073
PCAP1DarkPTZ_Individual:46,0.04118,0.05469,0.02899,0.09859,0.04651,0.07407,0.075,0.16,0.11268,0.03333,0.0,0.12633,0.12064
PCAP1DarkPTZ_Individual:47,0.0512,0.06426,0.05929,0.04237,0.04219,0.04918,0.03553,0.07534,0.05106,0.07031,0.04091,0.04072,0.03297
PCAP1DarkPTZ_Individual:2;,0.00838,0.05128,0.08434,0.07143,0.08917,0.07004,0.07749,0.08544,0.12385,0.06615,0.06696,0.08586,0.06383
PCAP1DarkPTZ_Individual:28,0.05556,0.06478,0.06557,0.0888,0.05994,0.05069,0.11858,0.12375,0.11429,0.11656,0.08173,0.1674,0.05333
PCAP1DarkPTZ_Individual:29,0.06303,0.07273,0.05952,0.04425,0.04348,0.06573,0.02732,0.05634,0.07623,0.08696,0.13514,0.04717,0.05036
PCAP1DarkPTZ_Individual:26,0.06,0.03472,0.08696,0.0411,0.03659,0.01136,0.01299,0.01136,0.00719,0.01087,0.0098,0.07407,0.01299
PCAP1DarkPTZ_Individual:6;,0.06325,0.06415,0.125,0.08232,0.15789,0.13128,0.08671,0.09459,0.14286,0.07955,0.09025,0.12393,0.06695
PCAP1DarkPTZ_Individual:24,0.0642,0.08871,0.06272,0.07713,0.0848,0.05263,0.08213,0.08099,0.05179,0.06338,0.03051,0.04459,0.07143
PCAP1DarkPTZ_Individual:25,0.04702,0.09167,0.11979,0.12849,0.10983,0.11966,0.05988,0.09924,0.13514,0.125,0.10092,0.07975,0.18841
PCAP1DarkPTZ_Individual:22,0.03448,0.06013,0.04867,0.07725,0.07483,0.04918,0.07364,0.07554,0.06601,0.05351,0.04153,0.03766,0.0203
PCAP1DarkPTZ_Individual:23,0.06173,0.0283,0.01087,0.03896,0.09524,0.03846,0.0,0.04255,0.0,0.02564,0.0,0.01449,0.02105
PCAP1DarkPTZ_Individual:20,0.06324,0.09211,0.13223,0.02344,0.05597,0.02222,0.0283,0.02581,0.0,0.0,0.02174,0.03509,0.02395
PCAP1DarkPTZ_Individual:21,0.03759,0.08511,0.11538,0.06061,0.02857,0.06383,0.07937,0.08824,0.08,0.07143,0.02198,0.0274,0.05455
PCAP1DarkPTZ_Individual:34,0.02703,0.03371,0.11579,0.12925,0.08791,0.10577,0.15663,0.06667,0.07692,0.04511,0.10714,0.06723,0.1125
PCAP1DarkPTZ_Individual:38,0.0531,0.03333,0.07438,0.06897,0.10714,0.08046,0.12121,0.07692,0.09483,0.0365,0.0625,0.03738,0.06
PCAP1DarkPTZ_Individual:35,0.03413,0.09859,0.0995,0.1,0.09184,0.12857,0.06122,0.06173,0.06061,0.12329,0.0339,0.08824,0.03333
PCAP1DarkPTZ_Individual:27,0.02083,0.02778,0.0,0.00862,0.02,0.02083,0.01242,0.04167,0.01825,0.0037,0.00905,0.0,0.0
PCAP1DarkPTZ_Individual:11,0.00803,0.03015,0.05882,0.04545,0.07767,0.04598,0.01075,0.01143,0.02614,0.03804,0.02551,0.03774,0.05505
PCAP1DarkPTZ_Individual:37,0.1,0.08487,0.02128,0.0756,0.07343,0.07143,0.0396,0.06414,0.08955,0.10345,0.04965,0.07436,0.07872
PCAP1DarkPTZ_Individual:36,0.01087,0.01942,0.04902,0.06195,0.01379,0.08571,0.06173,0.10256,0.04673,0.02206,0.01351,0.05109,0.06604
PCAP1DarkPTZ_Individual:5;,0.04762,0.0625,0.05,0.06329,0.01527,0.08197,0.03247,0.03297,0.02381,0.02,0.06557,0.01333,0.01429
PCAP1DarkPTZ_Individual:9;,0.03571,0.04594,0.02439,0.0339,0.04545,0.03425,0.02525,0.01613,0.02765,0.02674,0.01026,0.00935,0.02976
PCAP1DarkPTZ_Individual:31,0.04906,0.03226,0.03604,0.05285,0.07792,0.03101,0.06202,0.02128,0.02339,0.02994,0.0339,0.09722,0.05093
PCAP1DarkPTZ_Individual:30,0.05573,0.04255,0.11111,0.02222,0.07759,0.02,0.03382,0.02381,0.03448,0.03415,0.01389,0.00922,0.0197
PCAP1DarkPTZ_Individual:1;,0.07385,0.12315,0.08602,0.04651,0.05634,0.09524,0.03704,0.03509,0.05263,0.03077,0,0.0,0.03226
PCAP1DarkPTZ_Individual:19,0.05246,0.07787,0.06202,0.06977,0.04938,0.07547,0.0355,0.0249,0.03252,0.02715,0.04348,0.02667,0.05405
PCAP1DarkPTZ_Individual:18,0.07958,0.07075,0.0202,0.04025,0.04365,0.01075,0.01887,0.04044,0.01458,0.00658,0.00262,0.00319,0.00707
PCAP1DarkPTZ_Individual:39,0.06306,0.09434,0.03175,0.07273,0.0,0.01639,0.02703,0.04444,0.05333,0.04839,0.02326,0.05291,0.11765
PCAP1DarkPTZ_Individual:33,0.00358,0.02593,0.03943,0.06154,0.02158,0.03922,0.02516,0.03318,0.03784,0.04505,0.02303,0.03947,0.02985
PCAP1DarkPTZ_Individual:3;,0.04,0.0452,0.05578,0.06107,0.08696,0.09836,0.06742,0.12295,0.04375,0.04167,0.07006,0.03409,0.05333
PCAP1DarkPTZ_Individual:32,0.0,0.00716,0.01456,0.01685,0.03892,0.01466,0.00455,0.0,0.00293,0.01569,0.02927,0.01119,0.00909
PCAP1DarkPTZ_Individual:13,0.07692,0.09137,0.12371,0.09827,0.14516,0.02532,0.03448,0.11765,0.0,0.06897,0.11538,0.11765,0.0035
PCAP1DarkPTZ_Individual:12,0.02473,0.05178,0.04469,0.04762,0.05143,0.02797,0.05976,0.08696,0.09459,0.08,0.0814,0.07829,0.05752
PCAP1DarkPTZ_Individual:7;,0.04392,0.03475,0.07853,0.02899,0.04545,0.04688,0.0362,0.03333,0.06829,0.0567,0.0549,0.03965,0.08835
PCAP1DarkPTZ_Individual:10,0.02863,0.07666,0.08442,0.07538,0.05625,0.05333,0.02128,0.03361,0.05914,0.055,0.02381,0.02,0.06627
PCAP1DarkPTZ_Individual:17,0.03714,0.04237,0.05725,0.02842,0.05965,0.06907,0.08182,0.08401,0.12216,0.09559,0.08333,0.11736,0.07919
PCAP1DarkPTZ_Individual:16,0.04658,0.09659,0.12234,0.0939,0.07692,0.08254,0.08837,0.09167,0.085,0.05882,0.03659,0.07292,0.07843
PCAP1DarkPTZ_Individual:15,0.06566,0.13125,0.05747,0.06329,0.13428,0.01709,0.08824,0.10526,0.09091,0.08995,0.05376,0.07246,0.05687
PCAP1DarkPTZ_Individual:14,0.04136,0.07609,0.06897,0.10329,0.1245,0.07821,0.06149,0.03902,0.07009,0.06028,0.03922,0.06615,0.04082
PCAP2DarkPTZ_Individual:8;,0.06095,0.12146,0.11688,0.12637,0.13529,0.08397,0.12865,0.11245,0.11486,0.11224,0.15603,0.07393,0.07018
PCAP2DarkPTZ_Individual:48,0.06103,0.15102,0.19954,0.13296,0.11721,0.07921,0.11392,0.0598,0.04639,0.06906,0.07278,0.06685,0.08358
PCAP2DarkPTZ_Individual:4;,0.11213,0.12102,0.1,0.11852,0.18824,0.10274,0.07527,0.13462,0.11765,0.08,0.07921,0.0625,0.14
PCAP2DarkPTZ_Individual:40,0.02564,0.06757,0.10692,0.10938,0.09259,0.0618,0.07368,0.03067,0.03226,0.03974,0.04294,0.05714,0.04365
PCAP2DarkPTZ_Individual:41,0.06763,0.11165,0.06667,0.13537,0.12903,0.18182,0.1308,0.12587,0.0625,0.14362,0.07065,0.12791,0.08889
PCAP2DarkPTZ_Individual:42,0.05814,0.03704,0.09615,0.07746,0.06696,0.04762,0.02727,0.03509,0.08397,0.05224,0.0663,0.06061,0.07071
PCAP2DarkPTZ_Individual:43,0.0315,0.02273,0.03704,0.05447,0.07143,0.0472,0.08782,0.07013,0.05867,0.09375,0.08594,0.07375,0.09783
PCAP2DarkPTZ_Individual:44,0.02222,0.04348,0.025,0.06015,0.0,0.0625,0.1107,0.08394,0.0,0.13415,0.1,0.08844,0.07283
PCAP2DarkPTZ_Individual:45,0.01282,0.07595,0.0,0.06667,0.04444,0.04082,0.0,0.0,0.0,0.00433,0.0,0.03109,0.0
PCAP2DarkPTZ_Individual:46,0.03145,0.0,0.07182,0.09013,0.08333,0.10494,0.11556,0.12676,0.08678,0.08,0.07746,0.07692,0.07911
PCAP2DarkPTZ_Individual:47,0.04286,0.03863,0.03125,0.04469,0.02083,0.02941,0.01163,0.0,0.01351,0.0,0.0,0.01818,0.0
PCAP2DarkPTZ_Individual:2;,0.08717,0.04142,0.04255,0.04142,0.07547,0.09524,0.03731,0.11765,0.07692,0.10317,0.13978,0.10976,0.07
PCAP2DarkPTZ_Individual:28,0.03623,0,0.05,0.10769,0.0514,0.04478,0.0125,0.02747,0.02479,0.02469,0.00943,0.02809,0.0315
PCAP2DarkPTZ_Individual:29,0.04706,0.23288,0.0989,0.09649,0.10067,0.0922,0.05785,0.06667,0.09639,0.08,0.08824,0.075,0.04902
PCAP2DarkPTZ_Individual:26,0.07921,0.02927,0.07483,0.06618,0.04938,0.10638,0.08824,0.04511,0.06107,0.0297,0.03704,0.10484,0.0404
PCAP2DarkPTZ_Individual:6;,0.0728,0.19444,0.13131,0.07463,0.2093,0.04255,0.08081,0.08333,0.0,0.10345,0.0,0.10112,0.14286
PCAP2DarkPTZ_Individual:24,0.0198,0.01379,0.03205,0.02703,0.07143,0.06383,0.06,0.05294,0.05333,0.07602,0.03604,0.05,0.03977
PCAP2DarkPTZ_Individual:25,0.11386,0.12598,0.06584,0.08571,0.09283,0.07556,0.05682,0.04737,0.06771,0.04274,0.02885,0.04878,0.05882
PCAP2DarkPTZ_Individual:22,0.03271,0.05319,0.04054,0.04433,0.05618,0.05804,0.05797,0.06207,0.08759,0.06667,0.06452,0.06369,0.06742
PCAP2DarkPTZ_Individual:23,0.05021,0.07514,0.06478,0.05357,0.0463,0.07692,0.06944,0.02817,0.0566,0.05263,0.05814,0.03239,0.01976
PCAP2DarkPTZ_Individual:20,0.04978,0.01365,0.05372,0.08989,0.06427,0.0597,0.06477,0.06748,0.04822,0.03688,0.05714,0.03017,0.03506
PCAP2DarkPTZ_Individual:21,0.04435,0.0604,0.075,0.0229,0.03252,0.04724,0.07882,0.0582,0.07631,0.06114,0.08203,0.04938,0.07556
PCAP2DarkPTZ_Individual:34,0.13462,0.1674,0.0828,0.02247,0.05128,0.10563,0.0875,0.08803,0.0543,0.07213,0.08214,0.07359,0.05282
PCAP2DarkPTZ_Individual:38,0.03922,0.05732,0.06667,0.05825,0.09286,0.03896,0.06522,0.11765,0.05025,0.08021,0.08654,0.09091,0.05556
PCAP2DarkPTZ_Individual:35,0.03582,0.03409,0.05422,0.03627,0.08547,0.04813,0.09722,0.06993,0.0603,0.07937,0.0625,0.0625,0.06962
PCAP2DarkPTZ_Individual:27,0.09091,0.14286,0.09694,0.05172,0.07692,0.04575,0.08257,0.08756,0.108,0.05306,0.06438,0.07463,0.07042
PCAP2DarkPTZ_Individual:11,0.08621,0.11475,0.12371,0.06612,0.02878,0.07895,0.03125,0.0,0.03371,0.02941,0.13333,0.07353,0.02128
PCAP2DarkPTZ_Individual:37,0.02062,0.04673,0.02158,0.05263,0.03419,0.02083,0.03571,0.10959,0.06818,0.01515,0.07216,0.14103,0.06557
PCAP2DarkPTZ_Individual:36,0.1148,0.02439,0.05333,0.12195,0.0339,0.03067,0.0274,0.05357,0.11364,0.05,0.12121,0.07955,0.14286
PCAP2DarkPTZ_Individual:5;,0.07787,0.09924,0.09032,0.06936,0.11765,0.08661,0.02479,0.1383,0.03409,0.0566,0.05556,0.07194,0.0292
PCAP2DarkPTZ_Individual:9;,0.09389,0.12821,0.02597,0.08642,0.08036,0.10853,0.11712,0.064,0.06422,0.05435,0.06481,0.05263,0.09565
PCAP2DarkPTZ_Individual:31,0.01786,0.14286,0.00694,0.05941,0.01681,0.0122,0.09756,0.00602,0.02381,0.01449,0.0,0.00943,0.0
PCAP2DarkPTZ_Individual:30,0.08547,0.16783,0.06569,0.06579,0.07216,0.0963,0.06015,0.08571,0.07299,0.03906,0.06122,0.11029,0.09942
PCAP2DarkPTZ_Individual:1;,0.07514,0.12209,0.05914,0.04091,0.05882,0.02264,0.0442,0.05357,0.03111,0.02597,0.07477,0.01117,0.0
PCAP2DarkPTZ_Individual:19,0.03723,0.04091,0.04459,0.08108,0.07042,0.04235,0.04734,0.02997,0.01215,0.00226,0.00314,0.00239,0.00209
PCAP2DarkPTZ_Individual:18,0.07692,0.05063,0.02857,0.08333,0.06522,0.0625,0.08772,0.06322,0.06522,0.05185,0.07514,0.06633,0.04211
PCAP2DarkPTZ_Individual:39,0.05189,0.16456,0.02419,0.03361,0.04762,0.07937,0.08163,0.07059,0.02703,0.07778,0.04167,0.01942,0.1383
PCAP2DarkPTZ_Individual:33,0.04878,0.02857,0.06757,0.176,0.05755,0.06395,0.05056,0.01923,0.06154,0.33333,0.08889,0.04918,0.03571
PCAP2DarkPTZ_Individual:3;,0.14286,0.12381,0.11429,0.20725,0.11009,0.0989,0.09859,0.18519,0.12766,0.10145,0.0678,0.09322,0.13208
PCAP2DarkPTZ_Individual:32,0.04,0.04878,0.13812,0.15265,0.15932,0.0,0.0,0.0,0.0,0.0,0.03261,0.04902,0.07042
PCAP2DarkPTZ_Individual:13,0.05797,0.03896,0.05405,0.02273,0.03,0,0.0,0.00441,0.0,0.0,0.00488,0.0274,0.0
PCAP2DarkPTZ_Individual:12,0.07109,0.04592,0.05333,0.084,0.0824,0.12141,0.11064,0.12863,0.104,0.13011,0.10861,0.11892,0.12687
PCAP2DarkPTZ_Individual:7;,0.09369,0.11111,0.06015,0.03774,0.04523,0.07865,0.09231,0.0796,0.11053,0.0995,0.12785,0.08553,0.11628
PCAP2DarkPTZ_Individual:10,0.08584,0.14815,0.13415,0.12308,0.14286,0.0566,0.05263,0.12371,0.10294,0.11688,0.10435,0.17241,0.09474
PCAP2DarkPTZ_Individual:17,0.06195,0.13333,0.06364,0.09836,0.12222,0.10606,0.08889,0.0,0.06667,0.07692,0.10909,0.11765,0.03846
PCAP2DarkPTZ_Individual:16,0.07879,0.13187,0.07927,0.05622,0.04217,0.08439,0.13408,0.0884,0.05325,0.13568,0.05488,0.09896,0.10145
PCAP2DarkPTZ_Individual:15,0.052,0.19277,0.12727,0.06618,0.04861,0.07634,0.05046,0.0241,0.03937,0.05263,0.05464,0.05,0.04605
PCAP2DarkPTZ_Individual:14,0.0427,0.06731,0.05426,0.13492,0.0973,0.13265,0.09677,0.09804,0.09655,0.06716,0.07143,0.06341,0.09272
PCAP814DarkPTZ_Individual:8;,0.09434,0.13333,0.13889,0.12821,0.05405,0.03922,0.04545,0.01786,0.06667,0.10345,0.04,0.01639,0.11111
PCAP814DarkPTZ_Individual:48,0.09226,0.07927,0.09596,0.09326,0.05743,0.0728,0.06818,0.07037,0.05063,0.05556,0.05285,0.01859,0.02652
PCAP814DarkPTZ_Individual:4;,0.1655,0.18011,0.0,0.02273,0.03409,0.02055,0.02614,0.05594,0.0221,0.0199,0.04545,0.03831,0.02165
PCAP814DarkPTZ_Individual:40,0.0913,0.11348,0.1677,0.05882,0.15152,0.04348,0.08475,0.08108,0.04545,0.10526,0.07568,0.11348,0.11765
PCAP814DarkPTZ_Individual:41,0.08654,0.21538,0.13889,0.08081,0.07744,0.07583,0.05952,0.07576,0.0491,0.04386,0.07372,0.06985,0.12426
PCAP814DarkPTZ_Individual:42,0.06993,0.0262,0.06283,0.0,0.10667,0.14286,0.0,0.08036,0.04412,0.06957,0.08046,0.13492,0.03947
PCAP814DarkPTZ_Individual:43,0.08511,0.15152,0.04878,0.0,0.06579,0.03529,0.02083,0.09836,0.02899,0.03448,0.09091,0.04211,0.11111
PCAP814DarkPTZ_Individual:44,0.0939,0.0625,0.06316,0.07229,0.01449,0.04167,0.0566,0.04065,0.01685,0.0678,0.04762,0.07813,0.03797
PCAP814DarkPTZ_Individual:45,0.10072,0.09286,0.0604,0.06509,0.08451,0.02564,0.04032,0.09231,0.09091,0.04889,0.06633,0.08257,0.04487
PCAP814DarkPTZ_Individual:46,0.0625,0.06993,0.10714,0.0977,0.03205,0.08148,0.02778,0.0303,0.00943,0.05469,0.02273,0.0146,0.05063
PCAP814DarkPTZ_Individual:47,0.13656,0.08917,0.11392,0.0473,0.04641,0.02991,0.01714,0.01619,0.01235,0.01911,0.00917,0.02069,0.0
PCAP814DarkPTZ_Individual:2;,0.0,0.04505,0.05581,0.05303,0.03396,0.00937,0.03468,0.02959,0.01521,0.01442,0.02703,0.0,0.00435
PCAP814DarkPTZ_Individual:28,0.1358,0.0614,0.07874,0.04142,0.07792,0.02151,0.03676,0.07857,0.04046,0.05769,0.05085,0.05288,0.06838
PCAP814DarkPTZ_Individual:29,0.03797,0.04268,0.04348,0.02247,0.02825,0.03571,0.02041,0.06757,0.05594,0.05128,0.025,0.02247,0.00976
PCAP814DarkPTZ_Individual:26,0.0,0.0,0.02649,0.07065,0.08152,0.05625,0.0155,0.01863,0.00837,0.02033,0.01408,0.01224,0.00836
PCAP814DarkPTZ_Individual:6;,0.00633,0.01869,0.02885,0.01245,0.01351,0.01049,0.01195,0.0,0.00342,0.00592,0.00556,0.00714,0.0
PCAP814DarkPTZ_Individual:24,0.09969,0.06667,0.08333,0.05839,0.08974,0.08642,0.08738,0.0431,0.06452,0.09524,0.03448,0.02308,0.02174
PCAP814DarkPTZ_Individual:25,0.10569,0.11111,0.09574,0.08511,0.09901,0.01338,0.03909,0.01596,0.0,0.01613,0.01422,0.03846,0.02105
PCAP814DarkPTZ_Individual:22,0.04,0.02381,0.0087,0.0107,0.01845,0.01754,0.02228,0.01706,0.02488,0.04955,0.03311,0.01376,0.02439
PCAP814DarkPTZ_Individual:23,0.07216,0.03472,0.02759,0.0,0.01818,0.04396,0.0495,0.04412,0.07692,0.02484,0.02994,0.01575,0.04494
PCAP814DarkPTZ_Individual:20,0.05,0.095,0.10442,0.04545,0.04237,0.06422,0.04918,0.06466,0.02147,0.0453,0.03636,0.03687,0.03731
PCAP814DarkPTZ_Individual:21,0.06542,0.11392,0.09091,0.08995,0.08148,0.14545,0.09615,0.04918,0.08442,0.06215,0.1,0.0814,0.07222
PCAP814DarkPTZ_Individual:34,0.05063,0.01961,0.04762,0.025,0.0,0.01923,0.0,0.0,0.07143,0.0,0.0,0.0,0.0
PCAP814DarkPTZ_Individual:38,0.10187,0.08621,0.1371,0.13043,0.11392,0.07831,0.09341,0.12207,0.08647,0.11667,0.09859,0.1133,0.08203
PCAP814DarkPTZ_Individual:35,0.04202,0.04745,0.07377,0.04587,0.03571,0.00787,0.0122,0.0146,0.01418,0.0,0.0,0.0,0.00565
PCAP814DarkPTZ_Individual:27,0.05,0.0431,0.05426,0.03226,0.01356,0.01395,0.00418,0.01734,0.00658,0.00877,0.01198,0.0082,0.003
PCAP814DarkPTZ_Individual:11,0.0,0.0,0.0,0.0,0.0,0.0,0,0,0,0,0,0,0
PCAP814DarkPTZ_Individual:37,0.12577,0.15481,0.15152,0.15957,0.12273,0.09524,0.18182,0.10556,0.10121,0.12088,0.12025,0.14173,0.08
PCAP814DarkPTZ_Individual:36,0.0315,0.02614,0.00649,0.02105,0.0,0.02381,0.0,0.0,0.01136,0.0,0.0,0.0,0.0
PCAP814DarkPTZ_Individual:5;,0.0,0.03738,0.03704,0.08511,0.06107,0.01149,0.07143,0.02618,0.05426,0.01709,0.05,0.05645,0.07071
PCAP814DarkPTZ_Individual:9;,0.03866,0.02622,0.12097,0.04301,0.02632,0.04688,0.03175,0.01429,0.0,0.01471,0.0,0.01333,0.0
PCAP814DarkPTZ_Individual:31,0.0,0.02703,0.0,0.0,0.0,0.0,0.0,0.0,0.0,0.0,0.0,0.0,0.0
PCAP814DarkPTZ_Individual:30,0,0.02703,0.04054,0.06087,0.10096,0.09649,0.07631,0.05382,0.04587,0.01262,0.01833,0.01504,0.03438
PCAP814DarkPTZ_Individual:1;,0.0,0.03226,0.06522,0.02532,0.07609,0.06,0.03763,0.02778,0.05204,0.01293,0.00241,0.01114,0.00334
PCAP814DarkPTZ_Individual:19,0.06105,0.11682,0.09813,0.08889,0.07197,0.06358,0.08387,0.08725,0.07808,0.05333,0.07581,0.07636,0.08118
PCAP814DarkPTZ_Individual:18,0.06667,0.09091,0.05755,0.13636,0.03185,0.06154,0.02353,0.0146,0.07143,0.01299,0.02586,0.02857,0.02239
PCAP814DarkPTZ_Individual:39,0.04802,0.03846,0.04615,0.08571,0.06796,0.0303,0.11594,0.05882,0.06195,0.07813,0.0339,0.05263,0.04225
PCAP814DarkPTZ_Individual:33,0.07692,0.02655,0.0,0.0,0.0,0.0,0.0,0.0,0.0,0.0,0.0,0.0,0.0
PCAP814DarkPTZ_Individual:3;,0.01667,0.0,0.00977,0.05263,0.01972,0.01044,0.00217,0.0,0.00897,0.0,0.0,0.01351,0.01786
PCAP814DarkPTZ_Individual:32,0.0,0.0,0.02857,0.02817,0.04478,0.02778,0.0,0.01351,0.06818,0.02564,0.0,0.04651,0.11765
PCAP814DarkPTZ_Individual:13,0.08532,0.12171,0.08065,0.1134,0.136,0.08904,0.1157,0.08108,0.09036,0.11258,0.125,0.07179,0.09167
PCAP814DarkPTZ_Individual:12,0.07143,0.06061,0.0,0.02941,0.0,0.0,0.0,0.04762,0.0,0.03333,0,0.33333,0
PCAP814DarkPTZ_Individual:7;,0.10448,0.01852,0.02778,0.02273,0.0,0.0,0.0,0.0,0.0,0.02703,0.0,0.03571,0.05556
PCAP814DarkPTZ_Individual:10,0.01333,0.06897,0.02469,0.01042,0.02703,0.0,0.03846,0.0,0.02804,0.0,0.0,0.0,0.0
PCAP814DarkPTZ_Individual:17,0.14799,0.16279,0.16456,0.05714,0.04348,0.07576,0.04082,0.0431,0.01205,0.08333,0.0202,0.02174,0.04444
PCAP814DarkPTZ_Individual:16,0.12667,0.21622,0.08451,0.0873,0.07339,0.13393,0.08759,0.06604,0.04265,0.09459,0.06608,0.09459,0.02459
PCAP814DarkPTZ_Individual:15,0.0731,0.03306,0.06024,0.03,0.0105,0.1157,0.0411,0.03478,0.05202,0.0873,0.0873,0.05405,0.08917
PCAP814DarkPTZ_Individual:14,0.07254,0.04819,0.0738,0.10266,0.13043,0.21256,0.14607,0.12602,0.12069,0.10943,0.11527,0.09153,0.15789
PCAP931DarkPTZ_Individual:8;,0.04358,0.08596,0.14352,0.08671,0.09818,0.06771,0.0628,0.08571,0.04762,0.05882,0.06329,0.11009,0.04444
PCAP931DarkPTZ_Individual:48,0.06439,0.15957,0.11594,0.11688,0.05224,0.04237,0.03488,0.02679,0.04878,0.10448,0.03472,0.0,0.075
PCAP931DarkPTZ_Individual:4;,0.09783,0.08029,0.08966,0.07031,0.13514,0.14583,0.09559,0.09581,0.08372,0.06512,0.05634,0.0733,0.06599
PCAP931DarkPTZ_Individual:40,0.045,0.10526,0.10811,0.12,0.03704,0.09259,0.07914,0.03226,0.04348,0.1,0.0,0.05797,0.0
PCAP931DarkPTZ_Individual:41,0.01026,0.05556,0.03125,0.0,0.03947,0.03286,0.05357,0.06452,0.04278,0.01471,0.08929,0.09735,0.0
PCAP931DarkPTZ_Individual:42,0.0807,0.11351,0.04348,0.03604,0.05392,0.06688,0.04089,0.02128,0.0461,0.02932,0.02839,0.03374,0.05047
PCAP931DarkPTZ_Individual:43,0.1087,0.16517,0.21171,0.11111,0.11173,0.06324,0.07383,0.07619,0.02013,0.05797,0.02577,0.0241,0.08264
PCAP931DarkPTZ_Individual:44,0.08721,0.13415,0.115,0.0641,0.04734,0.03067,0.00699,0.00948,0.04,0.06757,0.03743,0.05202,0.03347
PCAP931DarkPTZ_Individual:45,0.03295,0.14583,0.0,0.06897,0.0,0.06977,0.04444,0.01176,0.02632,0.02,0.01282,0.01493,0.02778
PCAP931DarkPTZ_Individual:46,0.02162,0.02662,0.01887,0.02415,0.02128,0.0102,0.02459,0.02841,0.00709,0.0069,0.08955,0.01754,0.0
PCAP931DarkPTZ_Individual:47,0.06391,0.10105,0.10526,0.09016,0.09259,0.05263,0.06122,0.22727,0.0,0.03226,0.02941,0.04444,0.0
PCAP931DarkPTZ_Individual:2;,0.07965,0.08451,0.02362,0.06452,0.08427,0.0875,0.08871,0.05932,0.06977,0.0963,0.08527,0.03571,0.05714
PCAP931DarkPTZ_Individual:28,0.05319,0.08108,0.04132,0.07895,0.07619,0.03846,0.07767,0.07353,0.11278,0.03125,0.08148,0.02083,0.04255
PCAP931DarkPTZ_Individual:29,0.03049,0.01493,0.06731,0.05333,0.06897,0.09,0.03125,0.06604,0.03252,0.02759,0.01626,0.0,0.00535
PCAP931DarkPTZ_Individual:26,0.05085,0.0303,0.01429,0.0,0.01351,0.0,0.10345,0.04762,0.10294,0.03846,0.04286,0.02564,0.05814
PCAP931DarkPTZ_Individual:6;,0.08966,0.04762,0.03279,0.0303,0.02326,0.00877,0.02,0.10435,0.09278,0.02632,0.03226,0.04237,0.02899
PCAP931DarkPTZ_Individual:24,0.06195,0.15426,0.08411,0.13386,0.09211,0.06579,0.06731,0.11111,0.08696,0.11111,0.02222,0.13158,0.05882
PCAP931DarkPTZ_Individual:25,0.03745,0.01587,0.04348,0.1,0.01852,0.03659,0.02632,0.0,0.0,0.03659,0.07692,0.03158,0.01527
PCAP931DarkPTZ_Individual:22,0.03813,0.05024,0.06579,0.09714,0.08163,0.02273,0.12871,0.08333,0.09615,0.07595,0.04712,0.07383,0.07595
PCAP931DarkPTZ_Individual:23,0.03488,0.06316,0.03873,0.05714,0.04054,0.03125,0.06195,0.06977,0.05714,0.16,0.08,0.14286,0.18
PCAP931DarkPTZ_Individual:20,0.0554,0.16908,0.14851,0.12295,0.05714,0.09434,0.08621,0.06452,0.0339,0.1,0.06667,0.04938,0.03571
PCAP931DarkPTZ_Individual:21,0.08013,0.15436,0.14286,0.11881,0.13559,0.05172,0.07463,0.06818,0.03175,0.0,0.01626,0.09346,0.05
PCAP931DarkPTZ_Individual:34,0.05339,0.09831,0.08631,0.03125,0.0625,0.05882,0.07273,0.03636,0.01829,0.0473,0.03509,0.15942,0.0
PCAP931DarkPTZ_Individual:38,0.05372,0.10274,0.13208,0.0,0.125,0.10714,0.125,0.0303,0.03704,0.11111,0.0,0.05405,0.03333
PCAP931DarkPTZ_Individual:35,0.01875,0.05708,0.07692,0.07004,0.04332,0.09259,0.11966,0.07692,0.07143,0.10588,0.02439,0.09231,0.07865
PCAP931DarkPTZ_Individual:27,0.03509,0.04124,0.025,0.08333,0.10909,0.08929,0.0463,0.02655,0.04598,0.01418,0.02538,0.00694,0.01429
PCAP931DarkPTZ_Individual:11,0.08579,0.12745,0.13462,0.13043,0.11659,0.08122,0.04348,0.19626,0.10135,0.07333,0.03529,0.06494,0.10606
PCAP931DarkPTZ_Individual:37,0.06111,0.14607,0.15686,0.1453,0.08475,0.0,0.06667,0.03896,0.01538,0.0404,0.04938,0.04225,0.07865
PCAP931DarkPTZ_Individual:36,0.04497,0.1067,0.21702,0.15894,0.11304,0.10734,0.10417,0.08824,0.09722,0.07813,0.07339,0.04839,0.08
PCAP931DarkPTZ_Individual:5;,0.08209,0.01695,0.01266,0.02778,0.0,0.03846,0.0,0.01923,0.01031,0.02439,0.01389,0.05882,0.07407
PCAP931DarkPTZ_Individual:9;,0.06628,0.121,0.15723,0.13333,0.05882,0.04732,0.04194,0.02058,0.0307,0.02793,0.0229,0.05963,0.02262
PCAP931DarkPTZ_Individual:31,0.05987,0.09606,0.125,0.10547,0.1157,0.10294,0.07143,0.06897,0.075,0.12698,0.06731,0.05063,0.12195
PCAP931DarkPTZ_Individual:30,0.05285,0.09938,0.03191,0.04878,0.05921,0.02339,0.08333,0.03352,0.05732,0.05517,0.02581,0.05844,0.03659
PCAP931DarkPTZ_Individual:1;,0.02273,0.04167,0.01099,0.02752,0.06186,0.03279,0.01852,0.075,0.00446,0.02,0.02158,0.0198,0.0082
PCAP931DarkPTZ_Individual:19,0.0709,0.07065,0.125,0.09722,0.15785,0.02649,0.06061,0.01887,0.01639,0.02312,0.05072,0.0339,0.075
PCAP931DarkPTZ_Individual:18,0.04507,0.03965,0.02564,0.04,0.01277,0.01389,0.05128,0.01031,0.0125,0.04598,0.00862,0.02837,0.0
PCAP931DarkPTZ_Individual:39,0.08642,0.10145,0.07456,0.04724,0.02564,0.04464,0.048,0.02105,0.05155,0.0566,0.03906,0.09091,0.02715
PCAP931DarkPTZ_Individual:33,0.05882,0.15847,0.12987,0.13043,0.0873,0.16239,0.09412,0.08209,0.05405,0.11538,0.08725,0.15652,0.08108
PCAP931DarkPTZ_Individual:3;,0.02804,0.01852,0.05556,0.04615,0.08264,0.04587,0.03409,0.08108,0.03846,0.03448,0.02239,0.03797,0.0198
PCAP931DarkPTZ_Individual:32,0.056,0.09463,0.13929,0.18987,0.13018,0.06173,0.11538,0.10588,0.0,0.15,0.11864,0.0,0.08163
PCAP931DarkPTZ_Individual:13,0.07671,0.06154,0.0,0.03279,0.03093,0.03846,0.03659,0.02083,0.06667,0.1,0.0,0.05455,0.08333
PCAP931DarkPTZ_Individual:12,0.09118,0.19522,0.09091,0.14,0.0303,0.05,0.06452,0,0.08219,0.04762,0.07692,0.04808,0.12
PCAP931DarkPTZ_Individual:7;,0.05128,0.11409,0.10246,0.07923,0.09559,0.07258,0.04215,0.06322,0.10582,0.06849,0.1405,0.11029,0.11818
PCAP931DarkPTZ_Individual:10,0.07507,0.21229,0.14407,0.06481,0.05405,0.04274,0.04444,0.02609,0.03937,0.0155,0.06173,0.0,0.02326
PCAP931DarkPTZ_Individual:17,0.05706,0.15385,0.03279,0.07955,0.02174,0.11828,0.06897,0.04167,0.03614,0.05797,0.07059,0.04545,0.01587
PCAP931DarkPTZ_Individual:16,0.06569,0.09272,0.0,0.01515,0.02055,0.01351,0.0,0.0041,0.00909,0.0,0.0,0.0,0.0
PCAP931DarkPTZ_Individual:15,0.03097,0.05405,0.05682,0.04065,0.07246,0.04167,0.05051,0.03361,0.09375,0.07246,0.07229,0.0596,0.06667
PCAP931DarkPTZ_Individual:14,0.04567,0.07357,0.05556,0.07042,0.05128,0.02381,0.00855,0.032,0.03797,0.0219,0.03488,0.07595,0.0303
