AripiprazoleDarkPTZ_Individual:8;,0.02885,0.0,0.00352,0.00488,0.02083,0.01613,0.0,0.0,0.0,0.0,0.01031,0.0,0.0
AripiprazoleDarkPTZ_Individual:48,0.04873,0.03863,0.01231,0.01984,0.01739,0.02715,0.02239,0.00526,0.0137,0.0339,0.0,0.01325,0.01227
AripiprazoleDarkPTZ_Individual:4;,0.04706,0.04059,0.0099,0.04762,0.01266,0.01676,0.02614,0.01117,0.0,0.01604,0.03053,0.01015,0.00595
AripiprazoleDarkPTZ_Individual:40,0.02473,0.01214,0.01361,0.01,0.01527,0.0,0.01064,0.0,0.02326,0.0202,0.0,0.0,0.0
AripiprazoleDarkPTZ_Individual:41,0.04393,0.08182,0.0125,0.0093,0.0479,0.00483,0.01212,0.04186,0.04523,0.03273,0.01794,0.03365,0.03941
AripiprazoleDarkPTZ_Individual:42,0.01905,0.02182,0.02118,0.04585,0.02032,0.01847,0.00845,0.01734,0.0165,0.0,0.0,0.00968,0.02222
AripiprazoleDarkPTZ_Individual:43,0.03691,0.00926,0.02222,0.0,0.0,0.0,0.00885,0.0,0.0,0.0,0.0,0.0,0.01869
AripiprazoleDarkPTZ_Individual:44,0.06855,0.01761,0.00588,0.01515,0.0,0.00775,0.0061,0.0,0.008,0.01695,0.01818,0.01053,0.0
AripiprazoleDarkPTZ_Individual:45,0.06011,0.03101,0.00337,0.01775,0.00939,0.01026,0.01005,0.0,0.0,0.02247,0.01087,0.0292,0.00505
AripiprazoleDarkPTZ_Individual:46,0.05392,0.02013,0.01622,0.02991,0.02212,0.02674,0.04762,0.04762,0.0375,0.03704,0.04717,0.02186,0.02885
AripiprazoleDarkPTZ_Individual:47,0.03169,0.0,0.03817,0.01198,0.0,0.01935,0.0,0.00543,0.00625,0.01124,0.01732,0.02564,0.01515
AripiprazoleDarkPTZ_Individual:2;,0.02095,0.02486,0.00559,0.008,0.01582,0.02174,0.00588,0.022,0.00926,0.01887,0.01587,0.00699,0.02545
AripiprazoleDarkPTZ_Individual:28,0.02913,0.02034,0.0037,0.0049,0.00935,0.02119,0.00717,0.03243,0.02591,0.00332,0.0125,0.00746,0.00455
AripiprazoleDarkPTZ_Individual:29,0.04814,0.02251,0.02941,0.00709,0.03774,0.01648,0.0,0.00847,0.0099,0.02618,0.0239,0.02326,0.00966
AripiprazoleDarkPTZ_Individual:26,0.03792,0.01238,0.0,0.02963,0.0,0.00617,0.00694,0.00685,0.0,0.00565,0.01504,0.00541,0.00658
AripiprazoleDarkPTZ_Individual:6;,0.01857,0.0,0.00917,0.02041,0.01829,0.01107,0.02119,0.01481,0.02586,0.03955,0.0107,0.01633,0.02273
AripiprazoleDarkPTZ_Individual:24,0.0543,0.03583,0.00452,0.00976,0.00671,0.0,0.01143,0.01709,0.0051,0.02542,0.00676,0.00719,0.0
AripiprazoleDarkPTZ_Individual:25,0.02206,0.03012,0.00658,0.00578,0.00613,0.01156,0.00562,0.00529,0.0,0.00467,0.01754,0.00772,0.00719
AripiprazoleDarkPTZ_Individual:22,0.02022,0.00629,0.00645,0.01987,0.0,0.00966,0.01058,0.01361,0.00862,0.00592,0.01596,0.02797,0.0042
AripiprazoleDarkPTZ_Individual:23,0.05291,0.04,0.00585,0.00422,0.0031,0.00313,0.0365,0.02155,0.01463,0.0166,0.0,0.0,0.02395
AripiprazoleDarkPTZ_Individual:20,0.04194,0.03049,0.00326,0.02703,0.0,0.0,0.00709,0.03488,0.0,0.0,0.01835,0.0,0.0068
AripiprazoleDarkPTZ_Individual:21,0.03474,0.01742,0.0,0.02747,0.01639,0.01966,0.01351,0.03297,0.01429,0.01141,0.0241,0.04775,0.01596
AripiprazoleDarkPTZ_Individual:34,0.0,0.0,0.05,0.0,0.01389,0.0,0.0,0.0137,0.04762,0.0,0.0,0.0,0.0
AripiprazoleDarkPTZ_Individual:38,0.01805,0.02174,0.05797,0.05063,0.02667,0.01802,0.01765,0.02618,0.02404,0.00493,0.03704,0.04128,0.01942
AripiprazoleDarkPTZ_Individual:35,0.03139,0.0093,0.0051,0.0,0.0,0.00667,0.0,0.00855,0.00709,0.00549,0.0,0.00633,0.0
AripiprazoleDarkPTZ_Individual:27,0.02419,0.02108,0.02694,0.02051,0.02508,0.04902,0.03115,0.0274,0.02365,0.02762,0.01748,0.03291,0.02922
AripiprazoleDarkPTZ_Individual:11,0.05528,0.01254,0.00723,0.00701,0.0132,0.00772,0.00413,0.00515,0.00613,0.0,0.0129,0.00488,0.0297
AripiprazoleDarkPTZ_Individual:37,0.03663,0.01435,0.00885,0.0,0.0099,0.0,0.01408,0.0,0.0,0.0,0.01205,0.02857,0.01258
AripiprazoleDarkPTZ_Individual:36,0.0,0.00538,0.00361,0.00794,0.0,0.0119,0.0,0.0,0.0,0.0,0.0,0.0,0.01639
AripiprazoleDarkPTZ_Individual:5;,0.01538,0.0095,0.00373,0.01695,0.00719,0.00813,0.01093,0.02041,0.00775,0.00599,0.0037,0.02429,0.00535
AripiprazoleDarkPTZ_Individual:9;,0.00939,0.0,0.0,0.02027,0.0098,0.02532,0.0,0.0,0.0,0.0,0.0,0.0,0.0
AripiprazoleDarkPTZ_Individual:31,0.0,0.00261,0.0,0.00546,0.0,0.01493,0.0,0.0,0.0,0.0,0.00719,0.0,0.0
AripiprazoleDarkPTZ_Individual:30,0.05012,0.0051,0.02459,0.01357,0.00897,0.00816,0.01271,0.0239,0.01316,0.0184,0.0093,0.00442,0.02326
AripiprazoleDarkPTZ_Individual:1;,0.01357,0.02518,0.05,0.02151,0.00855,0.02924,0.02577,0.01875,0.03106,0.02857,0.04615,0.02424,0.02548
AripiprazoleDarkPTZ_Individual:19,0.03728,0.01167,0.0,0.03947,0.0,0.01531,0.01376,0.00478,0.0073,0.00518,0.0,0.0051,0.02762
AripiprazoleDarkPTZ_Individual:18,0.03727,0.00518,0.0023,0.0123,0.01531,0.04706,0.00948,0.02392,0.03077,0.00755,0.01515,0.02041,0.03
AripiprazoleDarkPTZ_Individual:39,0.01918,0.0,0,0.0,0.04255,0.00769,0.0,0.01124,0.01587,0.01205,0.02649,0.02381,0.02128
AripiprazoleDarkPTZ_Individual:33,0.01425,0.01623,0.01222,0.00287,0.0,0.00583,0.01633,0.00763,0.00424,0.0,0.00926,0.0,0.00498
AripiprazoleDarkPTZ_Individual:3;,0.02653,0.00784,0.00513,0.0,0.00957,0.00284,0.01015,0.00662,0.01111,0.00529,0.00326,0.0099,0.01634
AripiprazoleDarkPTZ_Individual:32,0.0,0.0,0.00625,0.0,0.0,0.0,0.0,0.01887,0.0,0.0,0.0,0.0,0.0
AripiprazoleDarkPTZ_Individual:13,0.03188,0.02454,0.0,0.01905,0.01538,0.01515,0.03704,0.01149,0.03448,0.0,0.0,0.01042,0.0
AripiprazoleDarkPTZ_Individual:12,0.00806,0.0,0.00746,0.0,0.0,0.0,0.00806,0.0,0.01613,0.00833,0.0,0.02062,0.01075
AripiprazoleDarkPTZ_Individual:7;,0.01111,0.00431,0.0123,0.00352,0.0,0.0,0.00606,0.0,0.0,0.0,0.01282,0.0,0.0
AripiprazoleDarkPTZ_Individual:10,0.03226,0.00311,0.0,0.0069,0.00654,0.0113,0.0082,0.01653,0.01124,0.0,0.0082,0.01724,0.01802
AripiprazoleDarkPTZ_Individual:17,0.01037,0.02769,0.02186,0.03101,0.0359,0.005,0.00781,0.00485,0.02155,0.01271,0.0,0.0,0.0
AripiprazoleDarkPTZ_Individual:16,0.02069,0.02135,0.01923,0.0099,0.04673,0.00935,0.04202,0.03158,0.04737,0.04478,0.00714,0.00676,0.00806
AripiprazoleDarkPTZ_Individual:15,0.02932,0.01613,0.01163,0.04762,0.0,0.01408,0.00581,0.0,0.0,0.0,0.0,0.01064,0.00806
AripiprazoleDarkPTZ_Individual:14,0.05779,0.04839,0.00662,0.01987,0.03659,0.06481,0.0119,0.01212,0.02632,0.0,0.0339,0.02262,0.00813
CariprazineDarkPTZ_Individual:8;,0.02381,0.00725,0.0,0.0,0.0,0.0,0.0,0.0,0.0,0.00588,0.0,0.02326,0.00971
CariprazineDarkPTZ_Individual:48,0.00971,0.04528,0.01242,0.01493,0.0,0.0,0.01739,0.0,0.0,0.0,0.0,0.01575,0.0
CariprazineDarkPTZ_Individual:4;,0.03687,0.01282,0.02212,0.0,0.0,0.00431,0.02027,0.01456,0.00922,0.0117,0.0,0.00546,0.0
CariprazineDarkPTZ_Individual:40,0.03324,0.01143,0.03883,0.0,0.02703,0.00971,0.01075,0.0,0.01136,0.0,0.0137,0.0303,0.01724
CariprazineDarkPTZ_Individual:41,0.02208,0.0,0.0,0.00741,0.0,0.0,0.0,0.0,0.0,0.0,0.02128,0.0098,0.03306
CariprazineDarkPTZ_Individual:42,0.02358,0.02727,0.02174,0.02817,0.0,0.0,0.0,0.01493,0.0,0.03077,0.00909,0.0,0.01923
CariprazineDarkPTZ_Individual:43,0.01064,0.00552,0.02857,0.008,0.00588,0.0,0.0,0.0102,0.00613,0.01869,0.00794,0.00746,0.01099
CariprazineDarkPTZ_Individual:44,0.01604,0.00752,0.0177,0.0,0.04545,0.02963,0.01031,0.00971,0.04255,0.04082,0.0,0.01835,0.03488
CariprazineDarkPTZ_Individual:45,0.01195,0.0,0.01143,0.01172,0.02703,0.0099,0.00599,0.00478,0.0118,0.0,0.0,0.0,0.01914
CariprazineDarkPTZ_Individual:46,0.01554,0.00794,0.02439,0.03,0.0,0.0,0.01053,0.01258,0.01075,0.0,0.04255,0.02564,0.0087
CariprazineDarkPTZ_Individual:47,0.03974,0.02778,0.0,0.0,0.01429,0.0241,0.0125,0.0,0.0,0.0,0.0,0.0,0.0
CariprazineDarkPTZ_Individual:2;,0.03019,0.02405,0.02222,0.0099,0.0119,0.0,0.0,0.0,0.0,0.0,0.0,0.01163,0.02703
CariprazineDarkPTZ_Individual:28,0.01608,0.00862,0.00606,0.01333,0.00897,0.0,0.00541,0.0,0.00866,0.01333,0.0,0.00985,0.00483
CariprazineDarkPTZ_Individual:29,0.01907,0.025,0.05769,0.0,0.0,0.01613,0.0,0.0,0.0125,0.0,0.0,0.0,0.0
CariprazineDarkPTZ_Individual:26,0.03333,0.0,0.01333,0.0,0.00746,0.02609,0.0,0.0,0.00752,0.0,0.0,0.00543,0.0
CariprazineDarkPTZ_Individual:6;,0.02542,0.0,0.0098,0.0,0.0,0.02294,0.0,0.01186,0.00575,0.0,0.0,0.02564,0.02143
CariprazineDarkPTZ_Individual:24,0.06522,0.01124,0.02717,0.0303,0.0,0.00662,0.0082,0.03448,0.01471,0.01681,0.02564,0.0,0.01379
CariprazineDarkPTZ_Individual:25,0.0365,0.00552,0.00787,0.00427,0.00758,0.00971,0.0,0.0,0.00595,0.01176,0.0,0.00441,0.0
CariprazineDarkPTZ_Individual:22,0.0446,0.00775,0.01604,0.01657,0.0,0.0,0.02857,0.0,0.0,0.01667,0.0,0.0084,0.08219
CariprazineDarkPTZ_Individual:23,0.0275,0.01274,0.0,0.00662,0.01235,0.0,0.024,0.01695,0.0,0.00662,0.02041,0.0,0.00935
CariprazineDarkPTZ_Individual:20,0.01242,0.0,0.0,0.0,0.01493,0.00966,0.0101,0.00606,0.00881,0.0303,0.01333,0.03,0.02055
CariprazineDarkPTZ_Individual:21,0.0452,0.02451,0.01724,0.00704,0.0137,0.0,0.0,0.03053,0.0102,0.0,0.0,0.0,0.0
CariprazineDarkPTZ_Individual:34,0.03774,0.04167,0.00862,0.0,0.0,0.02273,0.0,0.00488,0.0,0.0,0.00299,0.0,0.0
CariprazineDarkPTZ_Individual:38,0.00654,0.0339,0.02857,0.01835,0.01724,0.0,0.0098,0.01754,0.02778,0.0,0.02105,0.01163,0.0
CariprazineDarkPTZ_Individual:35,0.01115,0.0,0.0,0.0,0.01282,0.00725,0.00592,0.01429,0.00704,0.01099,0.00578,0.00787,0.00602
CariprazineDarkPTZ_Individual:27,0.05542,0.01587,0.01538,0.01316,0.0,0.0,0.0,0.00909,0.0,0.0,0.0,0.0,0.02273
CariprazineDarkPTZ_Individual:11,0.03704,0.02113,0.01124,0.00917,0.0,0.02128,0.0,0.0,0.02151,0.0,0.0,0.0,0.0
CariprazineDarkPTZ_Individual:37,0.02689,0.08725,0.02652,0.00937,0.02151,0.0068,0.0,0.02222,0.05682,0.0,0.0,0.00889,0.03571
CariprazineDarkPTZ_Individual:36,0.03524,0.01444,0.02525,0.0,0.00526,0.00725,0.00649,0.0241,0.02235,0.01911,0.0,0.02016,0.01235
CariprazineDarkPTZ_Individual:5;,0.02449,0.00962,0.015,0.0,0.0,0.0,0.0,0.0,0.00358,0.02135,0.008,0.00426,0.0
CariprazineDarkPTZ_Individual:9;,0.03676,0.0,0.0,0.01786,0.0,0.0,0.0,0.0,0.0,0.0,0.0,0.0,0.02
CariprazineDarkPTZ_Individual:31,0.0198,0.02239,0.0137,0.0,0.0,0.0,0.0,0.0,0.00375,0.0339,0.0,0.00905,0.00392
CariprazineDarkPTZ_Individual:30,0.01136,0.04665,0.01639,0.0,0.0,0.0,0.0,0.0,0.0,0.0,0.0,0.0,0.02069
CariprazineDarkPTZ_Individual:1;,0.00755,0.0,0.01176,0.0177,0.0,0.00901,0.0,0.0082,0.008,0.00435,0.0087,0.0,0.0
CariprazineDarkPTZ_Individual:19,0.03654,0.01899,0.0,0.01923,0.02752,0.02326,0.00847,0.02632,0.01923,0.03,0.01274,0.0354,0.0
CariprazineDarkPTZ_Individual:18,0.02921,0.01034,0.02548,0.0124,0.0216,0.00482,0.00341,0.01338,0.01024,0.0339,0.0,0.0,0.0098
CariprazineDarkPTZ_Individual:39,0.02838,0.0177,0.01266,0.0,0.0,0.01449,0.0,0.00901,0.0,0.0,0.0,0.0,0.0
CariprazineDarkPTZ_Individual:33,0.02941,0.01389,0.00442,0.00606,0.02326,0.00855,0.0,0.0,0.01569,0.0,0.01316,0.0,0.00962
CariprazineDarkPTZ_Individual:3;,0.01739,0.01976,0.01342,0.005,0.0083,0.0,0.00909,0.0137,0.0117,0.0,0.00342,0.0,0.00391
CariprazineDarkPTZ_Individual:32,0.02339,0.02247,0.0,0.00602,0.01,0.00709,0.0061,0.0,0.00606,0.0,0.02222,0.0,0.02564
CariprazineDarkPTZ_Individual:13,0.0292,0.05063,0.01299,0.0137,0.0,0.0,0.0,0.0,0.01471,0.0,0.01316,0.01111,0.0
CariprazineDarkPTZ_Individual:12,0.00816,0.0,0.01124,0.0,0.00535,0.0,0.0,0.01493,0.00741,0.01395,0.01563,0.03614,0.0
CariprazineDarkPTZ_Individual:7;,0.01423,0.01463,0.0,0.00535,0.0,0.01351,0.0,0.00463,0.0,0.01205,0.0101,0.00397,0.01081
CariprazineDarkPTZ_Individual:10,0.01509,0.0,0.0,0.0,0.0,0.0,0.0,0.0,0.0,0.0,0.0,0.0,0.0
CariprazineDarkPTZ_Individual:17,0.02546,0.0,0.0,0.0,0.0,0.00926,0.0,0.0,0.00962,0.0,0.0,0.0119,0.0
CariprazineDarkPTZ_Individual:16,0.0068,0.0,0.00901,0.0,0.0,0.00962,0.00743,0.01435,0.02303,0.0125,0.00417,0.00424,0.01345
CariprazineDarkPTZ_Individual:15,0.04955,0.01,0.0241,0.01471,0.00769,0.04396,0.02242,0.06667,0.03763,0.00741,0.02299,0.01563,0.04167
CariprazineDarkPTZ_Individual:14,0.04915,0.01554,0.0411,0.03247,0.03968,0.01613,0.0241,0.01818,0.04027,0.00935,0.00781,0.01307,0.01653
ClozapineDarkPTZ_Individual:8;,0.00455,0.0,0.03226,0.01149,0.0,0.01786,0.0,0.02,0.0,0.0102,0.0,0.0,0.0
ClozapineDarkPTZ_Individual:48,0.02985,0.0,0.02308,0.02214,0.04264,0.01235,0.03191,0.02151,0.005,0.05028,0.01724,0.02308,0.05932
ClozapineDarkPTZ_Individual:4;,0.01974,0.00358,0.0022,0.01351,0.0,0.01326,0.00785,0.0058,0.00617,0.00275,0.0,0.0,0.00625
ClozapineDarkPTZ_Individual:40,0.0,0.03226,0.0,0.0137,0.05556,0.0082,0.0,0.02564,0.0,0.0,0.0,0.0303,0.00521
ClozapineDarkPTZ_Individual:41,0.0303,0.01057,0.0,0.0137,0.03209,0.01563,0.0051,0.00725,0.00585,0.0,0.0,0.01015,0.01087
ClozapineDarkPTZ_Individual:42,0.01224,0.01026,0.01176,0.01389,0.01,0.01633,0.01587,0.03448,0.03187,0.03401,0.0,0.03203,0.01754
ClozapineDarkPTZ_Individual:43,0.0,0.0,0.00498,0.02333,0.01634,0.01987,0.00385,0.00405,0.01356,0.0,0.015,0.00735,0.00926
ClozapineDarkPTZ_Individual:44,0.02119,0.02139,0.01807,0.02358,0.01878,0.0,0.00575,0.02459,0.0199,0.02734,0.01024,0.0076,0.03209
ClozapineDarkPTZ_Individual:45,0.02469,0.01676,0.02927,0.01724,0.00506,0.00541,0.00519,0.01404,0.01134,0.01878,0.01944,0.01134,0.02053
ClozapineDarkPTZ_Individual:46,0.14286,0.01923,0.05556,0,0.15,0,0.09091,0.2,0,0.66667,0.0,1.0,0
ClozapineDarkPTZ_Individual:47,0.04,0.00901,0.01256,0.00557,0.01835,0.02674,0.01,0.01408,0.07813,0.01613,0.02105,0.00943,0.06154
ClozapineDarkPTZ_Individual:2;,0.01546,0.00779,0.00667,0.0,0.0,0.0,0.00775,0.01176,0.0198,0.0,0.01434,0.01587,0.00543
ClozapineDarkPTZ_Individual:28,0.05341,0.02687,0.03286,0.00699,0.00565,0.02181,0.00813,0.00267,0.01107,0.00325,0.01,0.01342,0.00678
ClozapineDarkPTZ_Individual:29,0.02077,0.01754,0.0,0.01282,0.02721,0.00763,0.02062,0.02439,0.025,0.01493,0.01863,0.0,0.00794
ClozapineDarkPTZ_Individual:26,0.04545,0.0254,0.0094,0.0057,0.00526,0.01501,0.01114,0.01212,0.00314,0.00943,0.0081,0.0,0.02206
ClozapineDarkPTZ_Individual:6;,0.00602,0.0163,0.0,0.01031,0.0,0.0,0.0,0.0,0.0,0.0,0.02299,0.0,0.00952
ClozapineDarkPTZ_Individual:24,0.01062,0.02536,0.00917,0.01596,0.01717,0.01361,0.02778,0.01163,0.0225,0.03289,0.02899,0.03133,0.02571
ClozapineDarkPTZ_Individual:25,0.01187,0.01103,0.0068,0.0,0.0,0.00662,0.00568,0.0,0.0,0.0,0.0,0.0,0.0
ClozapineDarkPTZ_Individual:22,0.03552,0.0178,0.01629,0.01003,0.00785,0.02727,0.01,0.02299,0.01887,0.01501,0.01449,0.0418,0.03205
ClozapineDarkPTZ_Individual:23,0.01042,0.0,0.0,0.01053,0.01481,0.02542,0.0,0.0101,0.00635,0.02128,0.03136,0.01931,0.00823
ClozapineDarkPTZ_Individual:20,0.00524,0.03292,0.00844,0.01357,0.0,0.01111,0.02148,0.02148,0.03235,0.02632,0.02349,0.02315,0.06589
ClozapineDarkPTZ_Individual:21,0.0,0.00893,0.00847,0.0249,0.03571,0.05263,0.0,0.0,0.02273,0.04082,0.03175,0.09091,0.02564
ClozapineDarkPTZ_Individual:34,0.02025,0.01521,0.00474,0.00662,0.01258,0.01154,0.00784,0.00824,0.00229,0.01089,0.01838,0.01813,0.0127
ClozapineDarkPTZ_Individual:38,0.02429,0.01429,0.01734,0.01911,0.03734,0.0262,0.01778,0.02857,0.00722,0.00694,0.01194,0.00342,0.01863
ClozapineDarkPTZ_Individual:35,0.02427,0.03571,0.0,0.01389,0.0,0.0,0.01266,0.0,0.02326,0.01242,0.0,0.0,0.0
ClozapineDarkPTZ_Individual:27,0.02658,0.01742,0.0,0.00714,0.01916,0.00459,0.0,0.01266,0.00465,0.01744,0.00901,0.0,0.0
ClozapineDarkPTZ_Individual:11,0.01481,0.03867,0.00714,0.00658,0.01563,0.0,0.04023,0.0443,0.0,0.02073,0.01724,0.02941,0.01235
ClozapineDarkPTZ_Individual:37,0.00747,0.00847,0.01845,0.01042,0.04902,0.02924,0.00881,0.02247,0.00397,0.02703,0.00413,0.01481,0.0049
ClozapineDarkPTZ_Individual:36,0.01232,0.01961,0.02789,0.00373,0.00649,0.00781,0.0165,0.0066,0.0058,0.003,0.0,0.00386,0.00997
ClozapineDarkPTZ_Individual:5;,0.02926,0.02941,0.00917,0.0,0.0,0.005,0.01384,0.0,0.00382,0.0,0.01031,0.00877,0.0
ClozapineDarkPTZ_Individual:9;,0.0097,0.01529,0.0,0.01099,0.016,0.00435,0.0,0.00508,0.0,0.0,0.01345,0.01563,0.008
ClozapineDarkPTZ_Individual:31,0.03207,0.05056,0.01271,0.0,0.01342,0.0,0.00606,0.0081,0.0,0.00837,0.0,0.00455,0.0
ClozapineDarkPTZ_Individual:30,0.05353,0.00446,0.0283,0.00704,0.0,0.0,0.0155,0.0119,0.04762,0.00667,0.00535,0.0119,0.01863
ClozapineDarkPTZ_Individual:1;,0.0464,0.01633,0.0,0.0,0.0,0.01408,0.0,0.01235,0.0,0.01111,0.00671,0.00855,0.0
ClozapineDarkPTZ_Individual:19,0.03205,0.03465,0.03012,0.01493,0.02632,0.01724,0.01869,0.01754,0.02888,0.01187,0.02188,0.03274,0.03607
ClozapineDarkPTZ_Individual:18,0.04963,0.02586,0.01235,0.01031,0.0,0.0,0.00351,0.01639,0.00976,0.0303,0.02212,0.00515,0.03347
ClozapineDarkPTZ_Individual:39,0.00654,0.01351,0.03077,0.04,0.0146,0.00877,0.02065,0.04027,0.02606,0.01379,0.01075,0.0198,0.01829
ClozapineDarkPTZ_Individual:33,0.04242,0.00637,0.00794,0.0,0.0,0.0,0.0,0.0,0.00431,0.0,0.0124,0.00485,0.0
ClozapineDarkPTZ_Individual:3;,0.00769,0.0338,0.05069,0.01818,0.0,0.09091,0.0,0.00926,0.02857,0.0,0.0,0.00769,0.008
ClozapineDarkPTZ_Individual:32,0.01845,0.00957,0.01884,0.01023,0.0,0.00304,0.0,0.01115,0.00599,0.00253,0.0,0.00888,0.00687
ClozapineDarkPTZ_Individual:13,0.0,0.03401,0.00752,0.00719,0.00595,0.0,0.0,0.0,0.0049,0.0,0.00395,0.00281,0.0
ClozapineDarkPTZ_Individual:12,0.03427,0.00403,0.01342,0.0,0.00877,0.01481,0.0,0.0,0.0,0.0,0.0,0.0,0.01987
ClozapineDarkPTZ_Individual:7;,0.04051,0.01951,0.0,0.02597,0.02564,0.02041,0.07143,0.00917,0.0,0.00926,0.0,0.0,0.0
ClozapineDarkPTZ_Individual:10,0.04327,0.01622,0.00524,0.01205,0.0,0.0198,0.0,0.00794,0.00995,0.01527,0.00704,0.0,0.01149
ClozapineDarkPTZ_Individual:17,0.0,0.0,0.0,0.00556,0.01124,0.01852,0.00709,0.0,0.01887,0.0,0.01042,0.00898,0.00339
ClozapineDarkPTZ_Individual:16,0.0055,0.00362,0.00976,0.01554,0.00588,0.0,0.00746,0.00806,0.01167,0.0,0.00905,0.00948,0.01053
ClozapineDarkPTZ_Individual:15,0.02083,0.0163,0.01724,0.00599,0.02941,0.02941,0.01099,0.0,0.0,0.0,0.0,0.00935,0.0
ClozapineDarkPTZ_Individual:14,0.02514,0.03478,0.0,0.02479,0.01307,0.02158,0.01587,0.01449,0.00463,0.02667,0.01712,0.01702,0.00837
CNODarkPTZ_Individual:8;,0.01645,0.00858,0.0,0.01149,0.01515,0.0,0.01111,0.03704,0.0,0.02041,0.0,0.00962,0.0
CNODarkPTZ_Individual:48,0.07181,0.0177,0.0,0.0,0,0.0,0.00694,0.0,0.0,0.00333,0.03205,0.0,0.01571
CNODarkPTZ_Individual:4;,0.0303,0.05333,0.03361,0.04348,0.0087,0.0,0.0,0.0,0.03448,0.03571,0.03409,0.0,0.02062
CNODarkPTZ_Individual:40,0.02813,0.0,0.01439,0.0,0.02174,0.02564,0.0,0.02128,0.05833,0.0,0.03171,0.01143,0.01961
CNODarkPTZ_Individual:41,0.0243,0.0098,0.02941,0.0303,0.00775,0.0,0.0,0.04444,0.0,0.0,0.00637,0.0,0.0
CNODarkPTZ_Individual:42,0.00924,0.0,0.00593,0.0346,0.0,0.00398,0.03226,0.0098,0.00766,0.02449,0.00535,0.02098,0.01329
CNODarkPTZ_Individual:43,0.02174,0.00496,0.0093,0.01124,0.00398,0.02381,0.00505,0.0125,0.00816,0.00926,0.00575,0.0,0.0
CNODarkPTZ_Individual:44,0.05263,0.0146,0.0,0.0625,0.2,0.0,0.02083,0.0,0.01724,0.0,0.04167,0.0082,0.0
CNODarkPTZ_Individual:45,0.0274,0.01681,0.0,0.0,0.01163,0.0,0.0,0.0,0.0,0.01887,0.0061,0.00813,0.01667
CNODarkPTZ_Individual:46,0.02511,0.02155,0.0069,0.00813,0.01429,0.00457,0.0,0.0,0.0125,0.00833,0.01418,0.0,0.0087
CNODarkPTZ_Individual:47,0.0413,0.0,0.02105,0.0,0.0,0.0,0.01639,0.01695,0.0,0.01053,0.0,0.0,0.0
CNODarkPTZ_Individual:2;,0.01319,0.0,0.0,0.00532,0.0,0.00635,0.0,0.01143,0.00448,0.00478,0.0,0.00719,0.0
CNODarkPTZ_Individual:28,0.0056,0.02532,0.00741,0.00752,0.01205,0.0,0.0,0.0,0.0,0.0,0.0,0.0,0.0
CNODarkPTZ_Individual:29,0.04839,0.02899,0.0,0.01307,0.0,0.04762,0.02564,0.0,0.0,0.01613,0.0,0.02174,0.0
CNODarkPTZ_Individual:26,0.01709,0.02632,0.0,0.00752,0.0122,0.0,0.0,0.0,0.01613,0.00909,0.0,0.00781,0.0
CNODarkPTZ_Individual:6;,0.01109,0.04,0.00364,0.0,0.0,0.02019,0.0,0.0,0.025,0.01088,0.00658,0.02484,0.0
CNODarkPTZ_Individual:24,0.01064,0.01563,0.0,0.01299,0.01351,0.0,0.0,0.04396,0.0,0.04348,0.0,0.02469,0.04839
CNODarkPTZ_Individual:25,0.05076,0.0,0.00935,0.00855,0.0,0.0146,0.0396,0.01667,0.02778,0.00826,0.02703,0.00901,0.01563
CNODarkPTZ_Individual:22,0.02139,0.0125,0.04225,0.0,0.03205,0.03213,0.01786,0.01282,0.0155,0.01613,0.01423,0.02577,0.00541
CNODarkPTZ_Individual:23,0.04232,0.01852,0.0188,0.03,0.00485,0.00452,0.0,0.01282,0.0123,0.01111,0.00662,0.00658,0.01639
CNODarkPTZ_Individual:20,0.07099,0.01075,0.0,0.02083,0.01786,0.01031,0.03509,0.0,0.04167,0.0,0.0,0.0,0.01887
CNODarkPTZ_Individual:21,0.01606,0.04598,0.01163,0.0099,0.0,0.0073,0.0,0.00893,0.0,0.00763,0.0,0.0,0.0
CNODarkPTZ_Individual:34,0.05396,0.00637,0.00966,0.0,0.0,0.0,0.02,0.0,0.00602,0.0102,0.0,0.00885,0.0
CNODarkPTZ_Individual:38,0.01946,0.01031,0.02381,0.0,0.0,0.02041,0.05512,0.00877,0.0,0.04082,0.00813,0.0,0.0
CNODarkPTZ_Individual:35,0.03226,0.00521,0.02146,0.0,0.0087,0.02158,0.01626,0.00917,0.01338,0.0241,0.0101,0.01075,0.0
CNODarkPTZ_Individual:27,0.02151,0.01415,0.00662,0.0,0.0,0.0,0.01235,0.01154,0.01818,0.01124,0.0125,0.00633,0.01639
CNODarkPTZ_Individual:11,0.02462,0.0,0.0,0.00719,0.02632,0.0,0.0,0.01471,0.01056,0.0,0.01068,0.01262,0.0024
CNODarkPTZ_Individual:37,0.04781,0.02062,0.0,0.02092,0.1,0.0,0.08,0.0,0.0,0.0,0.00654,0.00633,0.02222
CNODarkPTZ_Individual:36,0.06475,0.02439,0.03226,0.0,0.01739,0.01471,0.01504,0.01266,0.0,0.01422,0.01667,0.0,0.01974
CNODarkPTZ_Individual:5;,0.03693,0.00741,0.0,0.04167,0.0,0.0,0.0125,0.00781,0.01136,0.02439,0.01183,0.00568,0.00283
CNODarkPTZ_Individual:9;,0.02398,0.00704,0.00995,0.00452,0.00592,0.0,0.03922,0.0,0.01471,0.0,0.0,0.00901,0.00581
CNODarkPTZ_Individual:31,0.02869,0.01923,0.0,0.0102,0.0129,0.00719,0.0,0.00629,0.02128,0.0,0.00847,0.00685,0.00893
CNODarkPTZ_Individual:30,0.05,0.0101,0.00926,0.0,0.0,0.00794,0.00862,0.0,0.01058,0.0,0.01307,0.0438,0.02395
CNODarkPTZ_Individual:1;,0.03822,0.01408,0.0,0.01099,0.00585,0.04808,0.0,0.01258,0.03008,0.00752,0.0,0.0,0.0
CNODarkPTZ_Individual:19,0.01485,0.02083,0.00571,0.0,0.0,0.01724,0.03077,0.0,0.01538,0.0,0.03846,0.0,0.0
CNODarkPTZ_Individual:18,0.06325,0.00926,0.00758,0.02137,0.00481,0.01863,0.02646,0.0,0.00485,0.00515,0.0049,0.01639,0.00552
CNODarkPTZ_Individual:39,0.01377,0.00917,0.0069,0.0,0.05159,0.0,0.01563,0.0,0.0,0.00529,0.0,0.0,0.01389
CNODarkPTZ_Individual:33,0.01386,0.00524,0.00932,0.01253,0.00604,0.0,0.00971,0.0,0.00225,0.01444,0.01481,0.0,0.02135
CNODarkPTZ_Individual:3;,0.0303,0.0,0.0,0.0,0.0,0.01695,0.0,0.02128,0.0,0.0,0,0.0,0.0
CNODarkPTZ_Individual:32,0.03213,0.0,0.01695,0.0,0.00592,0.01515,0.0,0.0,0.02083,0.00272,0.0,0.00485,0.01515
CNODarkPTZ_Individual:13,0.04077,0.00434,0.01379,0.00617,0.04651,0.00766,0.01333,0.01384,0.03226,0.00829,0.0061,0.02586,0.0
CNODarkPTZ_Individual:12,0.0268,0.00559,0.04167,0.00329,0.00881,0.02232,0.00909,0.00851,0.03448,0.00707,0.0,0.01146,0.01869
CNODarkPTZ_Individual:7;,0.01966,0.00909,0.0,0.00422,0.0,0.0,0.01087,0.0,0.01099,0.02454,0.0,0.01143,0.04478
CNODarkPTZ_Individual:10,0.03235,0.00358,0.01754,0.00977,0.0,0.0,0.00405,0.0122,0.00256,0.00216,0.0,0.00588,0.0
CNODarkPTZ_Individual:17,0.03951,0.0,0.01587,0.01481,0.0,0.00395,0.0237,0.0,0.01245,0.01235,0.01724,0.0,0.0
CNODarkPTZ_Individual:16,0.05,0.01914,0.0411,0.02985,0.0,0.02256,0.0,0.02985,0.02,0.01471,0.02,0.01282,0.0
CNODarkPTZ_Individual:15,0.03977,0.03425,0.01408,0.0,0.0084,0.03846,0.04,0.0303,0.0,0.00448,0.05405,0.01714,0.0
CNODarkPTZ_Individual:14,0.02679,0.0283,0.0,0.0,0.01923,0.01786,0.04412,0.0,0.00704,0.0,0.02703,0.03158,0.01111
HaloperidolDarkPTZ_Individual:8;,0.02321,0.03869,0.02564,0.0239,0.02804,0.01606,0.01724,0.02381,0.01404,0.04911,0.04762,0.05607,0.05809
HaloperidolDarkPTZ_Individual:48,0.0274,0.00935,0.01567,0.00817,0.01127,0.01445,0.0,0.03134,0.00471,0.00404,0.00233,0.01657,0.00324
HaloperidolDarkPTZ_Individual:4;,0.02447,0.016,0.01571,0.02141,0.01183,0.02128,0.01163,0.01198,0.02444,0.02771,0.01174,0.03406,0.02267
HaloperidolDarkPTZ_Individual:40,0.03351,0.0,0.03252,0.0,0.03061,0.01754,0.02151,0.0,0.02577,0.0117,0.00826,0.03684,0.00613
HaloperidolDarkPTZ_Individual:41,0.02577,0.0132,0.00623,0.00266,0.00809,0.01271,0.0,0.01376,0.00552,0.00394,0.00457,0.00541,0.0
HaloperidolDarkPTZ_Individual:42,0.02669,0.01232,0.01389,0.00806,0.01027,0.0107,0.00424,0.0,0.0,0.01299,0.01408,0.01136,0.00694
HaloperidolDarkPTZ_Individual:43,0.02688,0.01575,0.01042,0.01379,0.00538,0.00602,0.01325,0.00976,0.01282,0.01311,0.0254,0.00469,0.00476
HaloperidolDarkPTZ_Individual:44,0.02381,0.00608,0.01304,0.00362,0.00307,0.0,0.01544,0.012,0.0,0.0,0.0,0.00461,0.00629
HaloperidolDarkPTZ_Individual:45,0.01418,0.02304,0.02073,0.01031,0.00521,0.0,0.00697,0.0,0.0,0.00332,0.0,0.00337,0.01509
HaloperidolDarkPTZ_Individual:46,0.01563,0.01031,0.00172,0.01235,0.00994,0.03535,0.00702,0.01277,0.00581,0.00236,0.01384,0.00744,0.00996
HaloperidolDarkPTZ_Individual:47,0.06168,0.02137,0.03022,0.01338,0.01471,0.01338,0.02326,0.03274,0.0178,0.0332,0.03252,0.01355,0.01538
HaloperidolDarkPTZ_Individual:2;,0.02921,0.00549,0.01347,0.01484,0.00266,0.01196,0.02358,0.00624,0.00503,0.00552,0.00141,0.01207,0.0159
HaloperidolDarkPTZ_Individual:28,0.01855,0.00458,0.00754,0.01528,0.01205,0.02564,0.01316,0.02632,0.01751,0.01667,0.00966,0.01031,0.02046
HaloperidolDarkPTZ_Individual:29,0.02703,0.01153,0.01754,0.01744,0.00938,0.0,0.02778,0.03191,0.00376,0.00769,0.00971,0.015,0.02062
HaloperidolDarkPTZ_Individual:26,0.0218,0.01381,0.00256,0.01183,0.0084,0.00405,0.01969,0.02094,0.01115,0.01422,0.01887,0.00813,0.0098
HaloperidolDarkPTZ_Individual:6;,0.01136,0.01426,0.01504,0.02251,0.0,0.00282,0.00254,0.00932,0.01289,0.01034,0.00287,0.01992,0.02247
HaloperidolDarkPTZ_Individual:24,0.05938,0.03114,0.00917,0.01646,0.01075,0.03333,0.04484,0.01504,0.02632,0.02893,0.04054,0.00633,0.03846
HaloperidolDarkPTZ_Individual:25,0.02809,0.01953,0.01042,0.0,0.00267,0.01829,0.01299,0.01908,0.02574,0.00997,0.02357,0.01465,0.00619
HaloperidolDarkPTZ_Individual:22,0.0226,0.03509,0.00575,0.02235,0.0,0.02083,0.00877,0.0,0.02041,0.0,0.0,0.00885,0.03261
HaloperidolDarkPTZ_Individual:23,0.03289,0.01967,0.0,0.01136,0.01875,0.005,0.02564,0.04895,0.01538,0.0051,0.0339,0.01843,0.0084
HaloperidolDarkPTZ_Individual:20,0.02247,0.03704,0.0087,0.00305,0.0122,0.0241,0.02326,0.00813,0.02119,0.00608,0.01961,0.0165,0.00338
HaloperidolDarkPTZ_Individual:21,0.03261,0.00347,0.02073,0.03211,0.02222,0.03351,0.0108,0.02757,0.01093,0.01786,0.03394,0.02806,0.0229
HaloperidolDarkPTZ_Individual:34,0.00259,0.03922,0.04032,0.02128,0.02083,0.00858,0.02247,0.01015,0.02564,0.06098,0.00467,0.02778,0.04819
HaloperidolDarkPTZ_Individual:38,0.00787,0.00495,0.0043,0.00852,0.0099,0.01017,0.02414,0.01014,0.00261,0.0,0.0085,0.0058,0.00362
HaloperidolDarkPTZ_Individual:35,0.0,0.00763,0.02058,0.00448,0.01626,0.04464,0.00971,0.01835,0.0098,0.0,0.01515,0.0069,0.03158
HaloperidolDarkPTZ_Individual:27,0.01757,0.04288,0.03838,0.03571,0.0195,0.02381,0.03483,0.01662,0.01661,0.02147,0.02236,0.03867,0.02752
HaloperidolDarkPTZ_Individual:11,0.03816,0.02959,0.0137,0.02242,0.02844,0.03061,0.04301,0.03175,0.03614,0.01546,0.0203,0.01345,0.03165
HaloperidolDarkPTZ_Individual:37,0.02558,0.00379,0.01587,0.00833,0.0,0.00769,0.00613,0.02193,0.02932,0.00637,0.01747,0.01987,0.0069
HaloperidolDarkPTZ_Individual:36,0,0.01342,0.00388,0.02347,0.02439,0.0,0.0,0.03937,0.01681,0.01342,0.00565,0.05128,0.00355
HaloperidolDarkPTZ_Individual:5;,0.01805,0.01058,0.00339,0.01923,0.00526,0.03252,0.01087,0.02564,0.00885,0.01227,0.01724,0.0,0.01389
HaloperidolDarkPTZ_Individual:9;,0.03645,0.03008,0.02419,0.05797,0.07658,0.03913,0.06364,0.04688,0.07979,0.09551,0.11917,0.0625,0.04118
HaloperidolDarkPTZ_Individual:31,0.01299,0.04167,0.02198,0.06452,0.01471,0.05747,0.05085,0.04054,0.0,0.0,0.0,0.00862,0.0
HaloperidolDarkPTZ_Individual:30,0.00971,0.00286,0.0,0.00515,0.0,0.0,0.0,0.0,0.00957,0.00543,0.00498,0.02747,0.00481
HaloperidolDarkPTZ_Individual:1;,0.02733,0.02801,0.01042,0.01248,0.02703,0.02262,0.01613,0.02098,0.00719,0.01083,0.028,0.01649,0.02101
HaloperidolDarkPTZ_Individual:19,0.0184,0.00299,0.02658,0.01131,0.0,0.0119,0.00711,0.00898,0.00712,0.0,0.01282,0.0,0.02062
HaloperidolDarkPTZ_Individual:18,0.07914,0.00976,0.0,0.00787,0.0125,0.0438,0.00535,0.00769,0.00985,0.02484,0.0155,0.02273,0.01676
HaloperidolDarkPTZ_Individual:39,0.02247,0.02439,0.0,0.0,0.0184,0.01681,0.00565,0.00746,0.0,0.00459,0.01796,0.01442,0.0082
HaloperidolDarkPTZ_Individual:33,0.04038,0.04059,0.02158,0.02128,0.00408,0.01732,0.02419,0.02823,0.06639,0.02643,0.05285,0.06481,0.05505
HaloperidolDarkPTZ_Individual:3;,0.02041,0.02283,0.02439,0.00932,0.01139,0.01299,0.0,0.00305,0.00291,0.00606,0.00654,0.0,0.01049
HaloperidolDarkPTZ_Individual:32,0.00893,0.0,0.00533,0.00342,0.01042,0.02041,0.01093,0.0,0.00459,0.00772,0.00602,0.0,0.01163
HaloperidolDarkPTZ_Individual:13,0.0396,0.02837,0.01,0.00694,0.01681,0.0,0.01299,0.0,0.0,0.0101,0.0,0.0,0.0
HaloperidolDarkPTZ_Individual:12,0.02521,0.01149,0.02551,0.05556,0.02719,0.0,0.02451,0.02048,0.01183,0.02612,0.02128,0.0495,0.01648
HaloperidolDarkPTZ_Individual:7;,0.00687,0.00448,0.0,0.0,0.0,0,0.0,0.01064,0.0125,0.0,0.05333,0.0,0.01942
HaloperidolDarkPTZ_Individual:10,0.01002,0.01157,0.02214,0.01163,0.0041,0.0093,0.0132,0.01732,0.02347,0.00772,0.04149,0.01449,0.04115
HaloperidolDarkPTZ_Individual:17,0.03579,0.0,0.0,0.03488,0.00877,0.00813,0.0315,0.00654,0.00909,0.00775,0.02083,0.01099,0.01575
HaloperidolDarkPTZ_Individual:16,0.03148,0.01582,0.00392,0.00484,0.0,0.01485,0.0125,0.02679,0.0,0.00543,0.0,0.00855,0.01099
HaloperidolDarkPTZ_Individual:15,0.02178,0.01299,0.00424,0.01205,0.02429,0.03113,0.01976,0.03043,0.008,0.01747,0.01049,0.03721,0.02604
HaloperidolDarkPTZ_Individual:14,0.02226,0.02311,0.00816,0.01047,0.01961,0.0167,0.01115,0.00427,0.01055,0.0046,0.01136,0.00613,0.01201
NDMCDarkPTZ_Individual:8;,0.02972,0.01595,0.05056,0.0125,0.0,0.0,0.00585,0.0,0.0,0.02198,0.01471,0.00769,0.0
NDMCDarkPTZ_Individual:48,0.06452,0.02439,0.06349,0.0283,0.02439,0.01744,0.02994,0.0211,0.01724,0.01439,0.03887,0.01075,0.00712
NDMCDarkPTZ_Individual:4;,0.0339,0.0,0.0,0.0084,0.0,0.00909,0.0,0.0,0.0,0.02041,0.00709,0.0,0.0
NDMCDarkPTZ_Individual:40,0.01771,0.01685,0.00962,0.0,0.0,0.0,0.0,0.02778,0.0,0.01031,0.01183,0.0,0.0101
NDMCDarkPTZ_Individual:41,0.04712,0.0,0.0,0.0,0.0,0.0,0.0,0,0.0,0.01563,0.0,0.0,0.00576
NDMCDarkPTZ_Individual:42,0.02825,0.02703,0.02135,0.00361,0.00562,0.00571,0.0,0.00437,0.0099,0.01015,0.00469,0.01266,0.0
NDMCDarkPTZ_Individual:43,0.02062,0.01258,0.00375,0.00904,0.0094,0.01433,0.00351,0.00962,0.01241,0.01078,0.0,0.00686,0.01707
NDMCDarkPTZ_Individual:44,0.00775,0.04386,0.00575,0.0,0.01304,0.01681,0.01953,0.01415,0.0202,0.0166,0.0041,0.0226,0.01571
NDMCDarkPTZ_Individual:45,0.03867,0.01163,0.03093,0.03175,0.01724,0.01754,0.00752,0.02083,0.07826,0.02273,0.04545,0.01829,0.00633
NDMCDarkPTZ_Individual:46,0.04966,0.02174,0.03571,0.08197,0.02655,0.02174,0.0,0.01449,0.0,0.05714,0.0,0.01667,0.025
NDMCDarkPTZ_Individual:47,0.03482,0.0,0.0,0.0,0.0,0.01205,0.03704,0.01449,0.03509,0.02128,0.02564,0.00826,0.0107
NDMCDarkPTZ_Individual:2;,0.00813,0.05072,0.0119,0.00995,0.02128,0.01176,0.0,0.03448,0.0,0.0,0.00439,0.00602,0.0
NDMCDarkPTZ_Individual:28,0.02951,0.01587,0.00722,0.0093,0.01408,0.02151,0.02222,0.00373,0.02299,0.00763,0.00813,0.02151,0.02256
NDMCDarkPTZ_Individual:29,0.06015,0.02353,0.01974,0.0,0.0,0.00909,0.02727,0.01667,0.0,0.00709,0.0,0.0,0.01053
NDMCDarkPTZ_Individual:26,0.07989,0.03593,0.03106,0.02143,0.01205,0.0,0.02632,0.0,0.0122,0.04688,0.0,0.04301,0.02857
NDMCDarkPTZ_Individual:6;,0.03346,0.00939,0.0,0.02381,0.0,0.0125,0.0,0.01705,0.0,0.01695,0.0,0.00952,0.0
NDMCDarkPTZ_Individual:24,0.02016,0.0339,0.0,0.0137,0.0,0.03614,0.0339,0.04082,0.0,0.01923,0.0,0.02703,0.01626
NDMCDarkPTZ_Individual:25,0.04684,0.01319,0.02521,0.01901,0.00433,0.01047,0.01508,0.01304,0.02575,0.01031,0.01163,0.00917,0.01231
NDMCDarkPTZ_Individual:22,0.02151,0.02778,0.0,0.0,0.03529,0.02326,0.01639,0.04425,0.03125,0.02685,0.0082,0.00629,0.03226
NDMCDarkPTZ_Individual:23,0.03387,0.01056,0.0,0.00858,0.00926,0.00503,0.01994,0.01739,0.01193,0.01176,0.00904,0.025,0.01622
NDMCDarkPTZ_Individual:20,0.04134,0.05645,0.00457,0.0,0.00995,0.02454,0.02326,0.01802,0.01327,0.01478,0.01053,0.02553,0.0
NDMCDarkPTZ_Individual:21,0.02591,0.00901,0.03261,0.0,0.0,0.0,0.00971,0.01053,0.00667,0.00535,0.00971,0.00787,0.0
NDMCDarkPTZ_Individual:34,0.06581,0.00415,0.00844,0.02427,0.00613,0.01481,0.0303,0.00917,0.00775,0.00758,0.0087,0.0,0.01563
NDMCDarkPTZ_Individual:38,0.03172,0.02804,0.00725,0.02484,0.02041,0.024,0.0,0.01449,0.01005,0.00599,0.0,0.01149,0.0
NDMCDarkPTZ_Individual:35,0.03026,0.02963,0.0,0.01128,0.0,0.0,0.0,0.0,0.0,0.01587,0.02632,0.00833,0.0
NDMCDarkPTZ_Individual:27,0.04054,0.01754,0.01211,0.00798,0.01348,0.01544,0.00426,0.01053,0.01604,0.0069,0.01478,0.0,0.01724
NDMCDarkPTZ_Individual:11,0.0094,0.02759,0.02254,0.02597,0.03902,0.01333,0.02655,0.02907,0.02397,0.01744,0.01951,0.00631,0.00787
NDMCDarkPTZ_Individual:37,0.03782,0.03125,0.04,0.01575,0.02564,0.0,0.0,0.05263,0.0,0.01282,0.0,0.0,0.01471
NDMCDarkPTZ_Individual:36,0.03276,0.04231,0.00752,0.0,0.01124,0.01408,0.0,0.01149,0.0,0.01987,0.01299,0.07692,0.0
NDMCDarkPTZ_Individual:5;,0.02326,0.01657,0.02222,0.024,0.01538,0.00617,0.01935,0.00971,0.01111,0.00952,0.02,0.0,0.01087
NDMCDarkPTZ_Individual:9;,0.0253,0.00669,0.02235,0.02186,0.02871,0.00651,0.0,0.00369,0.00837,0.00608,0.01167,0.00541,0.01429
NDMCDarkPTZ_Individual:31,0.02824,0.01195,0.00746,0.0,0.01047,0.0,0.00613,0.0,0.0,0.0,0.02469,0.0,0.0
NDMCDarkPTZ_Individual:30,0.0256,0.01674,0.00719,0.00847,0.00976,0.00985,0.01563,0.01143,0.00357,0.00508,0.03846,0.03553,0.01045
NDMCDarkPTZ_Individual:1;,0.01639,0.01935,0.0,0.01639,0.00769,0.01,0.0,0.0,0.01587,0.02041,0.01449,0.0,0.0
NDMCDarkPTZ_Individual:19,0.01884,0.03571,0.03614,0.05556,0.0,0.0,0.00709,0.01235,0.0,0.0,0.0,0.0122,0.0
NDMCDarkPTZ_Individual:18,0.03132,0.00532,0.03125,0.0,0.0,0.00901,0.01754,0.00939,0.0,0.0,0.02312,0.00429,0.0
NDMCDarkPTZ_Individual:39,0.02936,0.01212,0.0,0.004,0.01873,0.00613,0.00699,0.00813,0.00971,0.0102,0.00457,0.0,0.00735
NDMCDarkPTZ_Individual:33,0.01268,0.01976,0.03333,0.01653,0.0,0.0,0.02105,0.0292,0.01429,0.01905,0.01064,0.01163,0.02273
NDMCDarkPTZ_Individual:3;,0.02099,0.02041,0.0,0.01875,0.0,0.02158,0.01613,0.01948,0.01852,0.01389,0.0082,0.00741,0.0
NDMCDarkPTZ_Individual:32,0.03587,0.00962,0.05825,0.02222,0.01408,0.01205,0.0197,0.0084,0.0107,0.0,0.00758,0.00633,0.02837
NDMCDarkPTZ_Individual:13,0.04244,0.02241,0.02778,0.01705,0.03922,0.02415,0.0,0.00645,0.01058,0.0061,0.02765,0.0266,0.02162
NDMCDarkPTZ_Individual:12,0.0362,0.00418,0.01014,0.02713,0.00597,0.01186,0.01091,0.01031,0.01587,0.00656,0.01107,0.00483,0.01331
NDMCDarkPTZ_Individual:7;,0.05395,0.01441,0.0188,0.01961,0.0438,0.0431,0.035,0.00943,0.0,0.0,0.0,0.0093,0.01695
NDMCDarkPTZ_Individual:10,0.03004,0.00562,0.04054,0.00917,0.03797,0.0,0.01695,0.0,0.02817,0.0,0.03226,0.01961,0.0
NDMCDarkPTZ_Individual:17,0.03185,0.01393,0.02687,0.0,0.00461,0.00535,0.0,0.0146,0.00909,0.0,0.0,0.00725,0.00585
NDMCDarkPTZ_Individual:16,0.01711,0.0155,0.02941,0.0,0.0,0.01258,0.01124,0.00971,0.02586,0.06863,0.02055,0.00943,0.02667
NDMCDarkPTZ_Individual:15,0.02339,0.03226,0.02747,0.0,0.02239,0.02051,0.03409,0.02963,0.03077,0.05319,0.01282,0.0,0.01
NDMCDarkPTZ_Individual:14,0.02592,0.00242,0.01299,0.0,0.0,0.0,0.0101,0.01266,0,0.0,0.02632,0.00885,0.01563
NDMCHighDarkPTZ_Individual:8;,0.0,0.03333,0.0069,0.0,0.0,0.0,0.0,0.0,0.15,0.0,0.0,0.0,0.0
NDMCHighDarkPTZ_Individual:48,0.03254,0.00971,0.0122,0.00781,0.0,0.04688,0.03597,0.0,0.0,0.00592,0.01235,0.0,0.0297
NDMCHighDarkPTZ_Individual:4;,0.01852,0.0081,0.01307,0.03497,0.0202,0.0,0.01709,0.02941,0.032,0.01325,0.00633,0.01117,0.0184
NDMCHighDarkPTZ_Individual:40,0.00952,0.0177,0.0,0.00508,0.02198,0.00833,0.00813,0.0,0.02113,0.0,0.0,0.01176,0.00505
NDMCHighDarkPTZ_Individual:41,0.0132,0.0,0.0,0.01449,0.0,0.00613,0.02703,0.04138,0.00735,0.02158,0.0,0.0,0.00977
NDMCHighDarkPTZ_Individual:42,0.014,0.00926,0.0058,0.00741,0.00833,0.00939,0.00539,0.01558,0.01818,0.01167,0.02315,0.02415,0.00461
NDMCHighDarkPTZ_Individual:43,0.04577,0.00641,0.00763,0.00987,0.0057,0.00345,0.00709,0.0,0.00338,0.00855,0.00685,0.0,0.0
NDMCHighDarkPTZ_Individual:44,0.03922,0.0,0.01111,0.00633,0.0068,0.00549,0.02899,0.02113,0.01081,0.01961,0.01395,0.0061,0.01515
NDMCHighDarkPTZ_Individual:45,0.00485,0.01818,0.01235,0.0098,0.01835,0.01429,0.00901,0.00606,0.0061,0.00926,0.0099,0.01075,0.0146
NDMCHighDarkPTZ_Individual:46,0.01974,0.00759,0.00538,0.00985,0.00733,0.00508,0.01818,0.00905,0.00375,0.01587,0.02555,0.01017,0.01674
NDMCHighDarkPTZ_Individual:47,0.00738,0.03292,0.00519,0.00893,0.00722,0.0237,0.00948,0.01198,0.0066,0.02961,0.01014,0.00524,0.00906
NDMCHighDarkPTZ_Individual:2;,0.0,0.01198,0.00595,0.02222,0.00585,0.0,0.01724,0.00623,0.01007,0.00485,0.0019,0.00257,0.01242
NDMCHighDarkPTZ_Individual:28,0.0093,0.04698,0.0473,0.00781,0.03488,0.02597,0.05405,0.01124,0.01176,0.03636,0.01852,0.02439,0.05882
NDMCHighDarkPTZ_Individual:29,0.02041,0.02326,0.05085,0.02778,0.06349,0.02857,0.0,0.02326,0.03448,0.02439,0.0,0.05263,0.0
NDMCHighDarkPTZ_Individual:26,0.03038,0.03659,0.0122,0.0,0.0076,0.00939,0.00847,0.02235,0.02,0.004,0.02575,0.01606,0.02203
NDMCHighDarkPTZ_Individual:6;,0.01216,0.0,0.02,0.01911,0.01364,0.03791,0.02273,0.0625,0.03814,0.02609,0.03213,0.04545,0.02397
NDMCHighDarkPTZ_Individual:24,0.05333,0.0226,0.00881,0.02075,0.02479,0.02232,0.0198,0.0119,0.01645,0.0493,0.01227,0.04511,0.01493
NDMCHighDarkPTZ_Individual:25,0.0084,0.0184,0.0155,0.01905,0.03448,0.0,0.02158,0.02532,0.02469,0.00617,0.01205,0.05385,0.02837
NDMCHighDarkPTZ_Individual:22,0.04011,0.0184,0.01,0.00402,0.0124,0.0082,0.01826,0.02404,0.01569,0.01487,0.01765,0.00794,0.02256
NDMCHighDarkPTZ_Individual:23,0.02216,0.01911,0.00794,0.0,0.00364,0.00676,0.00709,0.01724,0.01826,0.02339,0.01911,0.02381,0.0
NDMCHighDarkPTZ_Individual:20,0.02514,0.01,0.02597,0.05825,0.00524,0.00952,0.0068,0.01325,0.00649,0.0,0.01818,0.02878,0.02098
NDMCHighDarkPTZ_Individual:21,0.02612,0.0121,0.01923,0.00775,0.00661,0.00769,0.01185,0.01208,0.01199,0.01263,0.03974,0.03242,0.02295
NDMCHighDarkPTZ_Individual:34,0.0,0.03636,0.02339,0.02193,0.00345,0.0026,0.00811,0.01515,0.00287,0.01053,0.01031,0.01095,0.03947
NDMCHighDarkPTZ_Individual:38,0.01606,0.0,0.0,0.02174,0.0303,0.0,0.02083,0.0,0.0,0.00649,0.01887,0.0,0.0
NDMCHighDarkPTZ_Individual:35,0.0,0.01322,0.00615,0.00302,0.0,0.00929,0.0,0.0,0.0,0.00816,0.0,0.00357,0.0
NDMCHighDarkPTZ_Individual:27,0.02395,0.01471,0.00758,0.01709,0.01754,0.01327,0.01974,0.02356,0.03357,0.01027,0.02058,0.01852,0.01149
NDMCHighDarkPTZ_Individual:11,0.0,0.04348,0.00769,0.0,0.03125,0.0184,0.00939,0.0042,0.01245,0.02954,0.00562,0.03315,0.02778
NDMCHighDarkPTZ_Individual:37,0.01626,0.00889,0.0163,0.0125,0.0,0.01408,0.00538,0.03067,0.0,0.00365,0.01068,0.01524,0.00581
NDMCHighDarkPTZ_Individual:36,0.01111,0.03571,0.03247,0.00402,0.00365,0.01327,0.0566,0.05263,0.0,0.0,0.01538,0.0,0.0
NDMCHighDarkPTZ_Individual:5;,0.02765,0.00552,0.00719,0.00658,0.00602,0.00935,0.0,0.00671,0.00732,0.00766,0.00222,0.00926,0.00809
NDMCHighDarkPTZ_Individual:9;,0.04286,0.06135,0.01796,0.01778,0.04598,0.0303,0.0,0.0,0.0,0.00943,0.0,0.0,0.0
NDMCHighDarkPTZ_Individual:31,0.01942,0.01942,0.05455,0.01587,0.01754,0.0,0.01471,0.0,0.0,0.0,0.0,0.0,0.0
NDMCHighDarkPTZ_Individual:30,0.01775,0.02899,0.02372,0.02174,0.02594,0.03762,0.04324,0.02302,0.04334,0.03258,0.02828,0.04082,0.03614
NDMCHighDarkPTZ_Individual:1;,0.02098,0.02762,0.0,0.0,0.00662,0.02727,0.0,0.00508,0.00478,0.00538,0.00858,0.02609,0.00352
NDMCHighDarkPTZ_Individual:19,0.01378,0.01277,0.03289,0.01,0.04233,0.01914,0.02101,0.01198,0.0,0.0073,0.01389,0.0,0.02963
NDMCHighDarkPTZ_Individual:18,0.02771,0.0,0.0,0.0,0.0,0.04,0.04082,0.08571,0.02326,0.0,0.0,0.03704,0.0
NDMCHighDarkPTZ_Individual:39,0.01706,0.0,0.0069,0.0,0.0,0.02299,0.0,0.075,0.01667,0.01587,0.0303,0.0,0.0
NDMCHighDarkPTZ_Individual:33,0.0,0,0.08017,0,0.0,0.23077,0.07692,0.11111,0.22857,0.0,0,0.14286,0
NDMCHighDarkPTZ_Individual:3;,0.00641,0.01047,0.02312,0.015,0.03286,0.02299,0.06557,0.0186,0.0,0.03448,0.03913,0.03361,0.0249
NDMCHighDarkPTZ_Individual:32,0.01575,0.016,0.00862,0.00671,0.02674,0.08,0.0,0.02564,0.03704,0.02041,0.02941,0.0,0.02941
NDMCHighDarkPTZ_Individual:13,0.02355,0.02273,0.00503,0.01887,0.0,0.01288,0.00775,0.00445,0.0025,0.00694,0.00232,0.00548,0.00798
NDMCHighDarkPTZ_Individual:12,0.01852,0.04444,0.01361,0.0436,0.02326,0.00541,0.01739,0.0101,0.00962,0.0,0.01875,0.00353,0.02574
NDMCHighDarkPTZ_Individual:7;,0.0,0.01105,0.00654,0.00966,0.01107,0.01812,0.008,0.0,0.00671,0.0,0.0,0.02899,0.0
NDMCHighDarkPTZ_Individual:10,0.02381,0.02317,0.00939,0.02475,0.11111,0.02128,0.02273,0.0566,0.02985,0.0303,0.03509,0.0,0.0
NDMCHighDarkPTZ_Individual:17,0.02622,0.0102,0.0,0.0,0.0,0.0,0.0,0.02632,0.04167,0.0,0.0,0.0,0.0
NDMCHighDarkPTZ_Individual:16,0.02326,0.00962,0.02586,0.02746,0.01802,0.03077,0.0098,0.00336,0.01914,0.02058,0.01005,0.02083,0.00334
NDMCHighDarkPTZ_Individual:15,0.0,0.0,0.01149,0.0,0.02885,0.01389,0.10769,0.02381,0.01639,0.02985,0.02041,0.0,0.01471
NDMCHighDarkPTZ_Individual:14,0.00351,0.0,0.0,0.0,0.07916,0.02381,0.0137,0.01471,1.0,0.01739,0.03333,0.05217,0.0
OSU6162DarkPTZ_Individual:8;,0.04444,0.03824,0.01529,0.0202,0.0,0.01626,0.0,0.00526,0.01639,0.01195,0.01376,0.00427,0.0
OSU6162DarkPTZ_Individual:48,0.06481,0.01604,0.0,0.0,0.02762,0.01702,0.00962,0.0,0.0125,0.01639,0.01093,0.00617,0.0
OSU6162DarkPTZ_Individual:4;,0.03808,0.01575,0.0,0.02041,0.01307,0.01081,0.0,0.01481,0.02778,0.0,0.0,0.0,0.0
OSU6162DarkPTZ_Individual:40,0.02321,0.01582,0.025,0.00617,0.00411,0.00421,0.01108,0.0093,0.0,0.01034,0.00845,0.02166,0.0
OSU6162DarkPTZ_Individual:41,0.0283,0.02752,0.0,0.01316,0.0,0.0,0.0,0.0,0.0,0.00943,0.0,0.01408,0.01724
OSU6162DarkPTZ_Individual:42,0.02439,0.00292,0.0,0.00606,0.03906,0.01143,0.00952,0.00667,0.01802,0.00755,0.01364,0.00905,0.00357
OSU6162DarkPTZ_Individual:43,0.03158,0.01734,0.0226,0.00784,0.03012,0.01075,0.0,0.01744,0.01863,0.02174,0.01212,0.02439,0.0
OSU6162DarkPTZ_Individual:44,0.02463,0.0119,0.02247,0.0,0.02381,0.01724,0.02083,0.0303,0.00806,0.02326,0.0,0.0,0.0
OSU6162DarkPTZ_Individual:45,0.02131,0.01905,0.06667,0.01508,0.0,0.03774,0.01167,0.0,0.00395,0.00365,0.0,0.00309,0.00398
OSU6162DarkPTZ_Individual:46,0.03183,0.0346,0.01,0.01546,0.00433,0.01049,0.00562,0.01084,0.00699,0.00297,0.0,0.0,0.0
OSU6162DarkPTZ_Individual:47,0.03519,0.0,0.05769,0.03226,0.02649,0.04494,0.01053,0.0,0.00877,0.0,0.0431,0.01515,0.00862
OSU6162DarkPTZ_Individual:2;,0.02,0.03846,0.01235,0.03774,0.0,0.00971,0.01802,0.0,0.025,0.0101,0.0,0.0,0.0
OSU6162DarkPTZ_Individual:28,0.01484,0.0221,0.01235,0.01215,0.0,0.00469,0.01064,0.0,0.0,0.01948,0.0,0.0102,0.01754
OSU6162DarkPTZ_Individual:29,0.00304,0.0381,0.00678,0.01261,0.01667,0.0,0.00926,0.0,0.00578,0.00769,0.00336,0.01068,0.00554
OSU6162DarkPTZ_Individual:26,0.0473,0.04636,0.0082,0.02083,0.0,0.0101,0.00847,0.0,0.03529,0.00559,0.0,0.00493,0.00676
OSU6162DarkPTZ_Individual:6;,0.02965,0.04,0.00495,0.04324,0.01163,0.02564,0.02381,0.04819,0.00613,0.02837,0.01418,0.0,0.01829
OSU6162DarkPTZ_Individual:24,0.08416,0.05385,0.01429,0.0,0.03846,0.0,0.0,0.00775,0.0,0.01695,0.0,0.0303,0.0
OSU6162DarkPTZ_Individual:25,0.02976,0.01667,0.01299,0.00676,0.0,0.0107,0.00546,0.00435,0.0,0.00671,0.00639,0.00671,0.00926
OSU6162DarkPTZ_Individual:22,0.04089,0.01042,0.0,0.0,0.0098,0.0,0.0,0.0,0.0,0.0,0.06837,0.04,0.0
OSU6162DarkPTZ_Individual:23,0.07937,0.0226,0.01087,0.0,0.0084,0.01709,0.0,0.01587,0.01802,0.01626,0.0098,0.01695,0.00794
OSU6162DarkPTZ_Individual:20,0.01333,0.00645,0.01099,0.01333,0.04487,0.0,0.01389,0.0,0.0,0.01554,0.01015,0.0,0.0
OSU6162DarkPTZ_Individual:21,0.03553,0.00578,0.06731,0.01887,0.0566,0.02913,0.0,0.02564,0.03191,0.0093,0.0,0.00599,0.0
OSU6162DarkPTZ_Individual:34,0.02113,0.02667,0.0,0.01408,0.0,0.0,0.0125,0.0,0.0,0.0125,0.00758,0.01852,0.0
OSU6162DarkPTZ_Individual:38,0.01636,0.0042,0.00694,0.0,0.0,0.0,0.0,0.00678,0.0,0.00361,0.0,0.00778,0.00324
OSU6162DarkPTZ_Individual:35,0.00443,0.0,0.0,0.01835,0.0,0.0,0.01435,0.00535,0.01563,0.0297,0.00781,0.005,0.00549
OSU6162DarkPTZ_Individual:27,0.0463,0.01894,0.00917,0.02041,0.0,0.00654,0.00645,0.01042,0.01439,0.00971,0.00373,0.01471,0.00855
OSU6162DarkPTZ_Individual:11,0.02,0.00264,0.0,0.00565,0.00922,0.0,0.00905,0.0,0.0,0.00581,0.01031,0.01429,0.01235
OSU6162DarkPTZ_Individual:37,0.02475,0.06167,0.00645,0.0,0.01282,0.02551,0.02083,0.01064,0.0098,0.02963,0.00658,0.0,0.01361
OSU6162DarkPTZ_Individual:36,0.03521,0.0,0.0,0.0,0.0,0.0101,0.0,0.00647,0.00746,0.0102,0.00314,0.00606,0.00833
OSU6162DarkPTZ_Individual:5;,0.0099,0.0,0.0,0.01754,0.01493,0.0,0.0,0.01408,0.00833,0.0,0.00833,0.0,0.0
OSU6162DarkPTZ_Individual:9;,0.01581,0.01026,0.0,0.0,0.01942,0.00952,0.0,0.00781,0.0,0.0,0.01205,0.0,0.0
OSU6162DarkPTZ_Individual:31,0.05012,0.0038,0.01111,0.02066,0.01786,0.00909,0.0,0.00719,0.00529,0.01333,0.01977,0.02143,0.00302
OSU6162DarkPTZ_Individual:30,0.01877,0.00535,0.0,0.02162,0.0,0.00588,0.02013,0.02874,0.0,0.00602,0.0,0.00565,0.0
OSU6162DarkPTZ_Individual:1;,0.01548,0.02417,0.0137,0.00352,0.0033,0.02941,0.01172,0.00389,0.00488,0.01695,0.00733,0.0045,0.0
OSU6162DarkPTZ_Individual:19,0.03125,0.02266,0.00913,0.02105,0.02655,0.0155,0.01712,0.02846,0.02326,0.00952,0.01685,0.0,0.01212
OSU6162DarkPTZ_Individual:18,0.02504,0.00312,0.0,0.0,0.0,0.01389,0.0,0.03378,0.0081,0.0,0.0,0.0,0.00595
OSU6162DarkPTZ_Individual:39,0.02771,0.00459,0.00306,0.00417,0.0,0.00702,0.01456,0.00481,0.02878,0.01075,0.02577,0.02273,0.00405
OSU6162DarkPTZ_Individual:33,0.00575,0.0,0.0,0.0,0.0,0.0,0.0404,0.0,0.07595,0.0,0.01724,0.02703,0.0
OSU6162DarkPTZ_Individual:3;,0.02,0.0,0.01258,0.02614,0.0122,0.0,0.01852,0.01481,0.0,0.0,0.00966,0.0,0.0
OSU6162DarkPTZ_Individual:32,0.01363,0.02387,0.01531,0.02353,0.00746,0.01875,0.00719,0.01429,0.02949,0.00862,0.00683,0.00455,0.00811
OSU6162DarkPTZ_Individual:13,0.04242,0.03774,0.0198,0.0069,0.02899,0.02062,0.0,0.01124,0.00952,0.0,0.0,0.01818,0.0084
OSU6162DarkPTZ_Individual:12,0.0207,0.01942,0.0,0.02041,0.0,0.00763,0.0,0.0,0.0,0.0,0.0,0.0,0.0
OSU6162DarkPTZ_Individual:7;,0.01455,0.00412,0.0,0.00714,0.0,0.0,0.0,0.02344,0.01705,0.02174,0.0,0.01,0.024
OSU6162DarkPTZ_Individual:10,0.01133,0.0,0.0,0.03191,0.0,0.02326,0.0,0.01299,0.0,0.0,0.01422,0.0,0.00885
OSU6162DarkPTZ_Individual:17,0.02963,0.02108,0.0088,0.01724,0.01645,0.01435,0.00408,0.00327,0.0,0.01245,0.0,0.00372,0.02429
OSU6162DarkPTZ_Individual:16,0.02626,0.0083,0.01449,0.0,0.01087,0.09375,0.0,0.00794,0.01282,0.03175,0.01887,0.03089,0.02857
OSU6162DarkPTZ_Individual:15,0.02609,0.0,0.00633,0.01887,0.01596,0.0,0.00546,0.01818,0.0,0.02655,0.0,0.0,0.0
OSU6162DarkPTZ_Individual:14,0.03386,0.01002,0.0199,0.04511,0.03043,0.02719,0.02456,0.02685,0.02215,0.01775,0.01939,0.02687,0.02813
PCAP1DarkPTZ_Individual:8;,0.00781,0.00704,0.01667,0.01408,0.00671,0.0,0.03125,0.00585,0.0,0.00234,0.0,0.00362,0.00472
PCAP1DarkPTZ_Individual:48,0.01166,0.01425,0.02538,0.0081,0.0155,0.00521,0.0073,0.02717,0.01493,0.01603,0.0165,0.01047,0.01818
PCAP1DarkPTZ_Individual:4;,0.05439,0.03352,0.03571,0.01527,0.01481,0.0,0.0,0.0,0.00493,0.0,0.01036,0.01613,0.0
PCAP1DarkPTZ_Individual:40,0.00631,0.00794,0.0,0.01754,0.01887,0.0,0.0099,0.0274,0.01709,0.01818,0.0,0.0237,0.00588
PCAP1DarkPTZ_Individual:41,0.02808,0.00467,0.03346,0.03356,0.0,0.0,0.0,0.0,0.02721,0.02532,0.01429,0.0,0.0
PCAP1DarkPTZ_Individual:42,0.01893,0.03604,0.0,0.0,0.0,0.01579,0.00671,0.02273,0.0,0.0,0.00813,0.0,0.0
PCAP1DarkPTZ_Individual:43,0.0096,0.0,0.00769,0.01852,0.0,0.03774,0.00621,0.01105,0.0,0.01172,0.01143,0.00823,0.01163
PCAP1DarkPTZ_Individual:44,0.01729,0.02516,0.03846,0.0,0.0,0.0,0.00546,0.0,0.0,0.00714,0.0,0.0119,0.0
PCAP1DarkPTZ_Individual:45,0.01227,0.0,0.00893,0.01042,0.00592,0.00366,0.0,0.00379,0.0,0.0,0.00769,0.0,0.0073
PCAP1DarkPTZ_Individual:46,0.01471,0.01563,0.05797,0.0,0.02326,0.03704,0.0,0.02667,0.0,0.0,0.5,0.13618,0.15269
PCAP1DarkPTZ_Individual:47,0.03012,0.01606,0.01581,0.02119,0.02532,0.0082,0.00508,0.0,0.00426,0.02344,0.00455,0.00452,0.01099
PCAP1DarkPTZ_Individual:2;,0.00559,0.02564,0.02008,0.04135,0.0414,0.02724,0.0369,0.03797,0.05046,0.03113,0.08482,0.06061,0.06383
PCAP1DarkPTZ_Individual:28,0.00966,0.0,0.0082,0.01158,0.00315,0.01382,0.0,0.00334,0.0,0.0,0.01442,0.00881,0.0
PCAP1DarkPTZ_Individual:29,0.03361,0.02424,0.0,0.0,0.02484,0.02817,0.01093,0.01408,0.03139,0.00725,0.01351,0.01887,0.00719
PCAP1DarkPTZ_Individual:26,0.02667,0.0,0.02899,0.0,0.0,0.02273,0.0,0.0,0.00719,0.00362,0.0098,0.0,0.0
PCAP1DarkPTZ_Individual:6;,0.00904,0.03019,0.01736,0.01829,0.00376,0.00279,0.00289,0.01689,0.0559,0.01894,0.01444,0.01282,0.00837
PCAP1DarkPTZ_Individual:24,0.01975,0.01344,0.02439,0.00798,0.0,0.00702,0.01449,0.00704,0.00398,0.0,0.01017,0.00955,0.02101
PCAP1DarkPTZ_Individual:25,0.01881,0.00833,0.02604,0.01676,0.01734,0.02564,0.01198,0.06107,0.03604,0.00833,0.0,0.0184,0.0
PCAP1DarkPTZ_Individual:22,0.01724,0.01899,0.01327,0.01288,0.0102,0.01639,0.0155,0.01799,0.00489,0.01003,0.00958,0.00418,0.00508
PCAP1DarkPTZ_Individual:23,0.03704,0.0283,0.0,0.01299,0.04762,0.0,0.0,0.0,0.0,0.0,0.0,0.0,0.0
PCAP1DarkPTZ_Individual:20,0.03557,0.00658,0.02479,0.01563,0.00373,0.0,0.00943,0.00645,0.01105,0.00917,0.0,0.01316,0.00599
PCAP1DarkPTZ_Individual:21,0.02005,0.0,0.0,0.00758,0.0,0.02128,0.0,0.0,0.0,0.01786,0.02198,0.0,0.01818
PCAP1DarkPTZ_Individual:34,0.00901,0.02247,0.00526,0.01361,0.02198,0.0,0.0,0.03333,0.03846,0.02256,0.03571,0.04202,0.0375
PCAP1DarkPTZ_Individual:38,0.0177,0.00833,0.00826,0.0,0.0119,0.01149,0.0101,0.0,0.0,0.0,0.00781,0.00935,0.01
PCAP1DarkPTZ_Individual:35,0.01024,0.01408,0.0,0.02667,0.03061,0.0,0.02041,0.01235,0.01515,0.0137,0.0339,0.0,0.01667
PCAP1DarkPTZ_Individual:27,0.01488,0.0,0.0,0.0,0.01,0.0,0.00621,0.0,0.01825,0.00741,0.00452,0.0,0.00422
PCAP1DarkPTZ_Individual:11,0.01205,0.01005,0.0,0.01136,0.03883,0.04023,0.02151,0.00571,0.0,0.01087,0.01531,0.18868,0.00917
PCAP1DarkPTZ_Individual:37,0.0129,0.00738,0.0,0.00687,0.0035,0.0034,0.0099,0.00875,0.00746,0.01567,0.01064,0.00769,0.01166
PCAP1DarkPTZ_Individual:36,0.0,0.01942,0.02941,0.0177,0.02759,0.04286,0.01235,0.01709,0.05607,0.00735,0.01351,0.0365,0.0566
PCAP1DarkPTZ_Individual:5;,0.02381,0.0,0.0,0.02532,0.00763,0.01639,0.00649,0.0,0.0,0.05,0.01639,0.00667,0.00714
PCAP1DarkPTZ_Individual:9;,0.01261,0.01413,0.01463,0.10169,0.0202,0.04795,0.0404,0.01613,0.02304,0.04278,0.01026,0.04673,0.01786
PCAP1DarkPTZ_Individual:31,0.01509,0.04032,0.01351,0.03659,0.02597,0.04651,0.00775,0.02837,0.02339,0.01198,0.0226,0.01389,0.03704
PCAP1DarkPTZ_Individual:30,0.01238,0.01418,0.0,0.0,0.00862,0.0,0.00966,0.0,0.0,0.00976,0.0,0.00461,0.0
PCAP1DarkPTZ_Individual:1;,0.02462,0.00985,0.02151,0.02326,0.0,0.0,0.01852,0.0,0.01754,0.0,0,0.0,0.03226
PCAP1DarkPTZ_Individual:19,0.01311,0.0123,0.00775,0.0186,0.02058,0.02358,0.01183,0.04149,0.00407,0.02262,0.02174,0.02,0.03604
PCAP1DarkPTZ_Individual:18,0.01857,0.02358,0.01684,0.00929,0.00794,0.00358,0.00314,0.01103,0.01166,0.00987,0.0105,0.0,0.00707
PCAP1DarkPTZ_Individual:39,0.03604,0.01887,0.0,0.01818,0.0,0.01639,0.0,0.0,0.0,0.0,0.02326,0.01587,0.0
PCAP1DarkPTZ_Individual:33,0.00358,0.02037,0.02867,0.00385,0.01439,0.01961,0.00629,0.0237,0.02703,0.02252,0.01974,0.01316,0.0199
PCAP1DarkPTZ_Individual:3;,0.00667,0.0226,0.01992,0.00763,0.01739,0.01639,0.01685,0.0082,0.01875,0.04167,0.01911,0.01136,0.02
PCAP1DarkPTZ_Individual:32,0.0,0.0,0.0,0.01124,0.0,0.0088,0.00455,0.01224,0.00587,0.01961,0.01463,0.00746,0.00909
PCAP1DarkPTZ_Individual:13,0.02959,0.01015,0.02577,0.00578,0.0,0.0,0.0,0.01961,0.0,0.0,0.03846,0.01961,0.0
PCAP1DarkPTZ_Individual:12,0.0106,0.02265,0.03352,0.02116,0.01143,0.01748,0.01195,0.00543,0.01802,0.01,0.01163,0.01779,0.0177
PCAP1DarkPTZ_Individual:7;,0.01351,0.00772,0.02618,0.01449,0.03182,0.03125,0.0181,0.01852,0.00976,0.01031,0.03137,0.02203,0.01205
PCAP1DarkPTZ_Individual:10,0.00661,0.02091,0.02597,0.03518,0.04375,0.02667,0.04681,0.02101,0.04839,0.02,0.0119,0.02,0.03012
PCAP1DarkPTZ_Individual:17,0.02571,0.01695,0.00763,0.00517,0.02105,0.0,0.01818,0.00271,0.00852,0.00735,0.0,0.00489,0.00184
PCAP1DarkPTZ_Individual:16,0.04348,0.0,0.04255,0.00939,0.0,0.00317,0.0,0.00417,0.005,0.0173,0.0,0.01042,0.0
PCAP1DarkPTZ_Individual:15,0.0101,0.00625,0.0,0.01266,0.02915,0.0,0.0,0.05263,0.0,0.01058,0.01434,0.0,0.00474
PCAP1DarkPTZ_Individual:14,0.02433,0.00725,0.01437,0.01878,0.02811,0.00559,0.00324,0.00976,0.01869,0.00355,0.00392,0.02335,0.02551
PCAP2DarkPTZ_Individual:8;,0.02857,0.01215,0.01732,0.01648,0.00588,0.00382,0.01462,0.01205,0.01351,0.02041,0.04255,0.02724,0.02193
PCAP2DarkPTZ_Individual:48,0.03286,0.03265,0.01624,0.01108,0.00998,0.0297,0.02215,0.02326,0.01031,0.01381,0.03774,0.0195,0.01493
PCAP2DarkPTZ_Individual:4;,0.0239,0.01911,0.02,0.01481,0.0,0.0,0.0,0.01923,0.01176,0.02,0.0,0.01786,0.01
PCAP2DarkPTZ_Individual:40,0.05128,0.0,0.01258,0.01563,0.01852,0.0,0.01053,0.0,0.0,0.01325,0.02454,0.01143,0.0119
PCAP2DarkPTZ_Individual:41,0.00483,0.01456,0.02424,0.0131,0.02304,0.02165,0.01688,0.02797,0.0,0.01064,0.0163,0.00581,0.01667
PCAP2DarkPTZ_Individual:42,0.00872,0.00673,0.01442,0.02465,0.01339,0.02198,0.03636,0.07018,0.03817,0.02985,0.05525,0.02273,0.0303
PCAP2DarkPTZ_Individual:43,0.02362,0.00758,0.01235,0.03891,0.02273,0.03245,0.03966,0.02857,0.03316,0.02604,0.02344,0.03835,0.04076
PCAP2DarkPTZ_Individual:44,0.02222,0.0,0.0125,0.00752,0.0,0.00833,0.01107,0.0073,0.0,0.0061,0.0,0.0102,0.0084
PCAP2DarkPTZ_Individual:45,0.02564,0.01899,0.0,0.03333,0.02222,0.0,0.0,0.0,0.0,0.00866,0.0,0.00518,0.0
PCAP2DarkPTZ_Individual:46,0.01258,0.04348,0.04972,0.0515,0.01961,0.02469,0.03556,0.07512,0.07025,0.06667,0.05986,0.04348,0.03481
PCAP2DarkPTZ_Individual:47,0.02857,0.01288,0.00521,0.02235,0.03333,0.01471,0.02907,0.00292,0.0045,0.0,0.0,0.0,0.0
PCAP2DarkPTZ_Individual:2;,0.00329,0.0,0.0,0.00592,0.0,0.0,0.0,0.01961,0.00962,0.00794,0.01075,0.0122,0.01
PCAP2DarkPTZ_Individual:28,0.01087,0,0.025,0.01538,0.00467,0.0,0.00833,0.00549,0.0,0.01235,0.00943,0.00562,0.0
PCAP2DarkPTZ_Individual:29,0.03922,0.0,0.03297,0.02632,0.01342,0.02837,0.0,0.00833,0.0,0.01,0.0,0.0,0.0098
PCAP2DarkPTZ_Individual:26,0.00495,0.00976,0.0068,0.00735,0.0,0.0,0.00735,0.0,0.0,0.0,0.01852,0.00806,0.0
PCAP2DarkPTZ_Individual:6;,0.01916,0.04167,0.0,0.01493,0.04651,0.0,0.0,0.0,0.0,0.01149,0.0,0.03371,0.01786
PCAP2DarkPTZ_Individual:24,0.0099,0.01379,0.01923,0.02162,0.05195,0.02837,0.02667,0.01176,0.03333,0.02924,0.01802,0.0375,0.02273
PCAP2DarkPTZ_Individual:25,0.05446,0.01181,0.02469,0.01905,0.03376,0.03111,0.01705,0.00526,0.01042,0.01709,0.0,0.00813,0.01961
PCAP2DarkPTZ_Individual:22,0.01402,0.06383,0.02027,0.01478,0.01685,0.03125,0.04831,0.05517,0.0438,0.04444,0.02581,0.02548,0.01685
PCAP2DarkPTZ_Individual:23,0.03347,0.00578,0.00405,0.01786,0.01852,0.03297,0.01389,0.02817,0.00629,0.01754,0.00581,0.02429,0.01976
PCAP2DarkPTZ_Individual:20,0.01299,0.03413,0.00826,0.05993,0.03599,0.03582,0.02332,0.03988,0.02792,0.04555,0.04835,0.0431,0.01292
PCAP2DarkPTZ_Individual:21,0.02419,0.04027,0.03333,0.01145,0.03252,0.07874,0.0197,0.01587,0.03213,0.05677,0.03125,0.05761,0.05333
PCAP2DarkPTZ_Individual:34,0.01923,0.01322,0.02548,0.0,0.0,0.0,0.00833,0.01408,0.0,0.01311,0.01071,0.01732,0.01408
PCAP2DarkPTZ_Individual:38,0.02206,0.00637,0.0,0.00971,0.01429,0.00649,0.02174,0.0098,0.0402,0.0107,0.02885,0.02674,0.01515
PCAP2DarkPTZ_Individual:35,0.00597,0.01136,0.00602,0.01036,0.00427,0.01604,0.00694,0.00699,0.00503,0.00529,0.01923,0.01042,0.01899
PCAP2DarkPTZ_Individual:27,0.02632,0.01329,0.0102,0.03448,0.02098,0.00654,0.05505,0.01382,0.012,0.00816,0.01288,0.0199,0.01408
PCAP2DarkPTZ_Individual:11,0.03879,0.0,0.0,0.02479,0.02158,0.05263,0.03125,0.0,0.0,0.0,0.02222,0.0,0.02128
PCAP2DarkPTZ_Individual:37,0.02062,0.00935,0.01439,0.0,0.00855,0.01042,0.01786,0.0274,0.0,0.0,0.04124,0.03846,0.01639
PCAP2DarkPTZ_Individual:36,0.0102,0.07317,0.0,0.02439,0.0,0.02454,0.0,0.00893,0.0,0.0,0.0303,0.01136,0.0
PCAP2DarkPTZ_Individual:5;,0.02869,0.0,0.03226,0.01734,0.0098,0.0,0.0,0.0,0.02273,0.0,0.0,0.00719,0.0146
PCAP2DarkPTZ_Individual:9;,0.01528,0.01709,0.01299,0.03704,0.02679,0.00775,0.03604,0.0,0.04587,0.01087,0.03704,0.01316,0.03478
PCAP2DarkPTZ_Individual:31,0.02679,0.0,0.0,0.0,0.0084,0.02439,0.0,0.0,0.0119,0.0,0.0,0.0,0.0
PCAP2DarkPTZ_Individual:30,0.01923,0.02098,0.0146,0.01316,0.0,0.0,0.00752,0.00952,0.0,0.00781,0.0,0.0,0.00585
PCAP2DarkPTZ_Individual:1;,0.01156,0.00581,0.01613,0.00909,0.02353,0.00755,0.01105,0.0,0.00444,0.02597,0.02804,0.0,0.0
PCAP2DarkPTZ_Individual:19,0.00532,0.02727,0.01911,0.03153,0.01878,0.00977,0.02663,0.01362,0.00405,0.02262,0.00314,0.00716,0.00418
PCAP2DarkPTZ_Individual:18,0.02404,0.02532,0.0,0.00758,0.02174,0.01563,0.00877,0.02299,0.02174,0.00741,0.01156,0.01531,0.03158
PCAP2DarkPTZ_Individual:39,0.00943,0.03797,0.01613,0.0,0.00952,0.00794,0.0,0.0,0.00901,0.01111,0.00833,0.00971,0.0
PCAP2DarkPTZ_Individual:33,0.00813,0.00952,0.04054,0.04,0.02158,0.0407,0.02247,0.01282,0.02308,0.0,0.01111,0.04098,0.0
PCAP2DarkPTZ_Individual:3;,0.01587,0.00476,0.01143,0.01036,0.00917,0.01099,0.0,0.01235,0.0,0.0,0.01695,0.00847,0.0
PCAP2DarkPTZ_Individual:32,0.0,0.03659,0.00535,0.00623,0.00301,0.0,0.0,0.0,0.0,0.0,0.0,0.01961,0.0
PCAP2DarkPTZ_Individual:13,0.03623,0.01299,0.00901,0.0,0.07,0,0.0,0.0,0.0,0.0,0.0,0.00685,0.0
PCAP2DarkPTZ_Individual:12,0.01738,0.02041,0.02667,0.06,0.0412,0.02875,0.04681,0.03734,0.024,0.01115,0.04494,0.02432,0.02239
PCAP2DarkPTZ_Individual:7;,0.01833,0.03086,0.01504,0.0,0.01005,0.0,0.01026,0.00498,0.00526,0.00995,0.00457,0.00658,0.0
PCAP2DarkPTZ_Individual:10,0.02575,0.01852,0.0122,0.06154,0.0,0.03774,0.07895,0.01031,0.01471,0.02597,0.0087,0.0,0.02105
PCAP2DarkPTZ_Individual:17,0.0,0.06667,0.0,0.01639,0.01111,0.02273,0.02222,0.01818,0.0,0.06731,0.01818,0.0,0.01282
PCAP2DarkPTZ_Individual:16,0.0303,0.0,0.02439,0.04016,0.03012,0.03376,0.01117,0.01657,0.02367,0.03015,0.0122,0.02083,0.02899
PCAP2DarkPTZ_Individual:15,0.024,0.0,0.05455,0.01471,0.02083,0.05344,0.01835,0.0,0.04724,0.02632,0.01093,0.01,0.04605
PCAP2DarkPTZ_Individual:14,0.00674,0.01923,0.02326,0.03968,0.02162,0.0102,0.02419,0.02614,0.06207,0.02239,0.01587,0.01951,0.03974
PCAP814DarkPTZ_Individual:8;,0.04717,0.11111,0.05556,0.05128,0.10811,0.05882,0.04545,0.08929,0.4,0.10345,0.04,0.11475,0.14815
PCAP814DarkPTZ_Individual:48,0.02083,0.0122,0.0101,0.01554,0.03041,0.02299,0.0303,0.03333,0.0211,0.03333,0.02439,0.01115,0.00379
PCAP814DarkPTZ_Individual:4;,0.01632,0.07172,0.0,0.0,0.04545,0.0274,0.05229,0.02098,0.01657,0.0199,0.03409,0.04215,0.02597
PCAP814DarkPTZ_Individual:40,0.03185,0.02128,0.01863,0.01471,0.0,0.0,0.01695,0.00901,0.01136,0.01754,0.00541,0.0,0.01307
PCAP814DarkPTZ_Individual:41,0.01442,0.01538,0.02778,0.07071,0.0202,0.03791,0.0119,0.02121,0.04651,0.02339,0.02885,0.03676,0.01183
PCAP814DarkPTZ_Individual:42,0.01399,0.00873,0.0,0.0,0.02667,0.0,0.0,0.00893,0.01471,0.0,0.02299,0.00794,0.0
PCAP814DarkPTZ_Individual:43,0.03191,0.0,0.04878,0.0,0.0,0.02353,0.02083,0.06557,0.0,0.03448,0.01818,0.0,0.01389
PCAP814DarkPTZ_Individual:44,0.02347,0.0,0.02105,0.01205,0.01449,0.0,0.0,0.00813,0.0,0.01695,0.0,0.01563,0.0
PCAP814DarkPTZ_Individual:45,0.01439,0.02857,0.04027,0.01775,0.00704,0.01282,0.01613,0.00769,0.02098,0.01778,0.0051,0.0,0.00641
PCAP814DarkPTZ_Individual:46,0.01389,0.02797,0.02143,0.01724,0.02564,0.02222,0.03704,0.02424,0.0566,0.01563,0.03788,0.0073,0.01266
PCAP814DarkPTZ_Individual:47,0.01322,0.01911,0.01266,0.02027,0.00422,0.00855,0.01143,0.02024,0.00617,0.03185,0.01835,0.04828,0.0
PCAP814DarkPTZ_Individual:2;,0.0,0.0,0.00465,0.02652,0.01509,0.00937,0.01734,0.01479,0.01521,0.02885,0.01351,0.0076,0.02609
PCAP814DarkPTZ_Individual:28,0.03086,0.00877,0.00787,0.00592,0.03896,0.02151,0.02941,0.05,0.00578,0.03846,0.01695,0.00481,0.01282
PCAP814DarkPTZ_Individual:29,0.00422,0.0122,0.01087,0.04494,0.0113,0.02976,0.04762,0.01351,0.02098,0.01923,0.015,0.03371,0.03902
PCAP814DarkPTZ_Individual:26,0.0,0.03175,0.01325,0.02717,0.04348,0.05625,0.03876,0.04348,0.01674,0.03252,0.03099,0.02449,0.00557
PCAP814DarkPTZ_Individual:6;,0.03797,0.02804,0.00962,0.00415,0.0045,0.01049,0.01195,0.01017,0.00342,0.0,0.00556,0.00714,0.0
PCAP814DarkPTZ_Individual:24,0.03738,0.01818,0.01042,0.0146,0.02564,0.03704,0.04854,0.07759,0.01613,0.06349,0.02299,0.00769,0.04348
PCAP814DarkPTZ_Individual:25,0.02033,0.02469,0.01064,0.00532,0.0396,0.01338,0.0228,0.02128,0.04245,0.04839,0.07109,0.09341,0.09474
PCAP814DarkPTZ_Individual:22,0.03429,0.02381,0.01739,0.02139,0.00369,0.01754,0.01671,0.01706,0.02985,0.01802,0.01987,0.00917,0.01951
PCAP814DarkPTZ_Individual:23,0.04639,0.00694,0.03448,0.0,0.05455,0.01099,0.0,0.01471,0.09231,0.03106,0.04192,0.0315,0.05618
PCAP814DarkPTZ_Individual:20,0.02692,0.015,0.03213,0.02273,0.01695,0.01376,0.0123,0.02586,0.01227,0.00697,0.01091,0.03687,0.01119
PCAP814DarkPTZ_Individual:21,0.01869,0.02954,0.01377,0.01058,0.03704,0.01818,0.02885,0.01639,0.00649,0.0113,0.03333,0.01744,0.01111
PCAP814DarkPTZ_Individual:34,0.07595,0.05882,0.0,0.125,0.02222,0.03846,0.18966,0.02083,0.07143,0.0303,0.01754,0.0,0.05
PCAP814DarkPTZ_Individual:38,0.02716,0.00862,0.00806,0.00725,0.01266,0.01807,0.01099,0.02347,0.00376,0.025,0.00469,0.00985,0.00781
PCAP814DarkPTZ_Individual:35,0.01261,0.03285,0.09016,0.06422,0.04464,0.05512,0.04268,0.0292,0.03546,0.0117,0.02353,0.0122,0.01695
PCAP814DarkPTZ_Individual:27,0.0,0.0431,0.03101,0.02581,0.02034,0.02326,0.02092,0.0578,0.01974,0.0,0.01796,0.03825,0.03003
PCAP814DarkPTZ_Individual:11,0.0,0.0,0.0,0.0,0.0,0.0,0,0,0,0,0,0,0
PCAP814DarkPTZ_Individual:37,0.0268,0.0251,0.06061,0.01064,0.02273,0.03571,0.0,0.01111,0.01215,0.0,0.0,0.02362,0.0
PCAP814DarkPTZ_Individual:36,0.0315,0.06536,0.00649,0.02105,0.0,0.03571,0.02105,0.03,0.01136,0.0101,0.0,0.0,0.0101
PCAP814DarkPTZ_Individual:5;,0.0,0.01869,0.03704,0.0,0.03053,0.03448,0.01299,0.00524,0.0155,0.00855,0.01,0.00806,0.0
PCAP814DarkPTZ_Individual:9;,0.01546,0.04494,0.08871,0.07527,0.11842,0.14063,0.09524,0.08571,0.10714,0.04412,0.05128,0.08,0.04918
PCAP814DarkPTZ_Individual:31,0.0,0.02703,0.0,0.0,0.0,0.08333,0.0,0.0,1.0,0.0,0.0,0.0,0.0
PCAP814DarkPTZ_Individual:30,0,0.04505,0.02703,0.02609,0.01442,0.03509,0.02008,0.017,0.01835,0.02839,0.01833,0.01504,0.03125
PCAP814DarkPTZ_Individual:1;,0.05556,0.0,0.0,0.0,0.02174,0.02667,0.01613,0.01852,0.01859,0.0194,0.01687,0.01671,0.05017
PCAP814DarkPTZ_Individual:19,0.02035,0.01402,0.01869,0.0,0.02652,0.01734,0.01935,0.02013,0.003,0.01333,0.0361,0.01818,0.0369
PCAP814DarkPTZ_Individual:18,0.02381,0.03306,0.01439,0.02727,0.01274,0.02308,0.01176,0.0219,0.02597,0.02597,0.02586,0.01714,0.02985
PCAP814DarkPTZ_Individual:39,0.0113,0.0,0.06154,0.0,0.04854,0.04545,0.0,0.01961,0.02655,0.0,0.00847,0.0,0.01408
PCAP814DarkPTZ_Individual:33,0.01923,0.02655,0.01163,0.0,0.0,0.0,0.03896,0.02778,0.0,0.03704,0.0,0.0,0.02326
PCAP814DarkPTZ_Individual:3;,0.01667,0.0,0.00326,0.02632,0.01972,0.00783,0.0,0.00984,0.02242,0.0073,0.06061,0.0,0.01786
PCAP814DarkPTZ_Individual:32,0.0,0.0,0.05714,0.04225,0.08955,0.05556,0.01124,0.05405,0.11364,0.15385,0.10345,0.09302,0.02941
PCAP814DarkPTZ_Individual:13,0.01536,0.01645,0.0,0.00515,0.008,0.00685,0.03306,0.0045,0.01807,0.01987,0.00568,0.01538,0.00833
PCAP814DarkPTZ_Individual:12,0.01786,0.13636,0.13793,0.08824,0.10714,0.04348,0.08696,0.2381,0.0,0.2,0,0.0,0
PCAP814DarkPTZ_Individual:7;,0.0597,0.11111,0.05556,0.02273,0.15,0.05263,0.09524,0.04762,0.0,0.08108,0.15625,0.17857,0.16667
PCAP814DarkPTZ_Individual:10,0.04667,0.03448,0.03704,0.02083,0.01351,0.0,0.01282,0.03061,0.03738,0.03409,0.03175,0.02439,0.01333
PCAP814DarkPTZ_Individual:17,0.03171,0.02326,0.02532,0.02857,0.02174,0.0,0.04082,0.01724,0.01205,0.03571,0.00505,0.00543,0.0
PCAP814DarkPTZ_Individual:16,0.04667,0.0,0.02113,0.00794,0.02752,0.0,0.0292,0.01887,0.00474,0.02703,0.00441,0.0,0.0
PCAP814DarkPTZ_Individual:15,0.05556,0.00826,0.01205,0.03,0.0042,0.04132,0.0,0.01739,0.01734,0.01587,0.0,0.03378,0.02548
PCAP814DarkPTZ_Individual:14,0.04145,0.0,0.0,0.01141,0.01932,0.02415,0.00375,0.00407,0.01379,0.02642,0.00288,0.01695,0.00478
PCAP931DarkPTZ_Individual:8;,0.01376,0.04011,0.03704,0.02312,0.01455,0.04167,0.01449,0.00571,0.0,0.0,0.01266,0.01835,0.0
PCAP931DarkPTZ_Individual:48,0.03409,0.02128,0.0,0.01299,0.00746,0.00847,0.01163,0.0,0.0,0.0,0.0,0.0,0.0
PCAP931DarkPTZ_Individual:4;,0.00543,0.0,0.02069,0.04688,0.02703,0.02083,0.07353,0.01796,0.05581,0.02326,0.04225,0.00524,0.06599
PCAP931DarkPTZ_Individual:40,0.02,0.02632,0.0,0.0,0.0,0.0,0.02158,0.0,0.06522,0.0,0.0,0.01449,0.0
PCAP931DarkPTZ_Individual:41,0.0,0.00926,0.03125,0.01515,0.0,0.0,0.00595,0.0,0.00535,0.00735,0.00893,0.00885,0.125
PCAP931DarkPTZ_Individual:42,0.04211,0.03243,0.01087,0.0045,0.0098,0.00955,0.01115,0.0,0.02128,0.00977,0.0,0.00307,0.0
PCAP931DarkPTZ_Individual:43,0.03953,0.01802,0.0045,0.00823,0.01117,0.00395,0.01342,0.0,0.00671,0.00483,0.0,0.0,0.0
PCAP931DarkPTZ_Individual:44,0.01744,0.00915,0.02,0.00641,0.0,0.0,0.01399,0.00474,0.01,0.00676,0.01604,0.00578,0.00837
PCAP931DarkPTZ_Individual:45,0.03682,0.02604,0.0,0.0,0.0,0.0,0.0,0.04706,0.0,0.0,0.02564,0.01493,0.05556
PCAP931DarkPTZ_Individual:46,0.02162,0.01901,0.02264,0.00966,0.00426,0.02041,0.0082,0.01136,0.00709,0.0,0.04478,0.08772,0.0
PCAP931DarkPTZ_Individual:47,0.08647,0.02091,0.03509,0.01639,0.05556,0.05263,0.02041,0.0,0.02632,0.06452,0.0,0.0,0.0
PCAP931DarkPTZ_Individual:2;,0.0177,0.02113,0.02362,0.01613,0.02247,0.0125,0.01613,0.05932,0.02326,0.03704,0.00775,0.0119,0.0
PCAP931DarkPTZ_Individual:28,0.01596,0.01802,0.00826,0.02632,0.00952,0.02885,0.02913,0.02206,0.03008,0.0125,0.01481,0.02778,0.01064
PCAP931DarkPTZ_Individual:29,0.0,0.0,0.01923,0.00667,0.05747,0.03,0.0,0.00943,0.0,0.01379,0.00813,0.0051,0.0
PCAP931DarkPTZ_Individual:26,0.0,0.0,0.01429,0.0,0.0,0.0,0.0,0.01587,0.0,0.02564,0.02857,0.01282,0.01163
PCAP931DarkPTZ_Individual:6;,0.08966,0.0,0.03279,0.0,0.02326,0.00877,0.01,0.01739,0.02062,0.00877,0.02688,0.0339,0.01932
PCAP931DarkPTZ_Individual:24,0.04867,0.03191,0.06542,0.01575,0.0,0.03947,0.00962,0.0,0.04348,0.08333,0.02222,0.0,0.0
PCAP931DarkPTZ_Individual:25,0.02247,0.01587,0.02899,0.01429,0.0,0.0,0.05263,0.0,0.0,0.0122,0.0,0.02105,0.0
PCAP931DarkPTZ_Individual:22,0.0364,0.05024,0.0307,0.02857,0.0,0.01136,0.0099,0.08333,0.00641,0.01899,0.01047,0.0,0.0
PCAP931DarkPTZ_Individual:23,0.05039,0.04474,0.02465,0.04286,0.06757,0.0,0.06195,0.02326,0.05714,0.0,0.0,0.04762,0.0
PCAP931DarkPTZ_Individual:20,0.05263,0.01932,0.0495,0.06557,0.05714,0.01887,0.03448,0.03226,0.0,0.0,0.02667,0.03704,0.07143
PCAP931DarkPTZ_Individual:21,0.02885,0.02685,0.04167,0.0297,0.00565,0.0431,0.01493,0.03409,0.03175,0.0,0.01626,0.00935,0.01667
PCAP931DarkPTZ_Individual:34,0.03901,0.06441,0.03869,0.02083,0.00625,0.00654,0.0,0.0,0.0122,0.0,0.0,0.0,0.03226
PCAP931DarkPTZ_Individual:38,0.04339,0.04795,0.03774,0.025,0.0,0.0,0.0,0.0,0.0,0.0,0.0,0.0,0.0
PCAP931DarkPTZ_Individual:35,0.02292,0.0411,0.02341,0.03113,0.0361,0.03241,0.00855,0.00855,0.01786,0.01176,0.0,0.01538,0.04494
PCAP931DarkPTZ_Individual:27,0.01754,0.0,0.0,0.01667,0.0,0.0,0.00926,0.0,0.02299,0.00709,0.0203,0.00694,0.0
PCAP931DarkPTZ_Individual:11,0.02413,0.0049,0.02404,0.02174,0.00897,0.01015,0.01863,0.0,0.01351,0.00667,0.00588,0.01299,0.0
PCAP931DarkPTZ_Individual:37,0.00833,0.01124,0.01961,0.0,0.0,0.01389,0.03333,0.0,0.03077,0.0202,0.02469,0.0,0.02247
PCAP931DarkPTZ_Individual:36,0.03212,0.03226,0.04681,0.01325,0.02609,0.02825,0.02083,0.01961,0.0,0.0,0.00917,0.01613,0.01333
PCAP931DarkPTZ_Individual:5;,0.02985,0.01695,0.01266,0.0,0.06452,0.0,0.0,0.03846,0.01031,0.00813,0.01389,0.01961,0.0
PCAP931DarkPTZ_Individual:9;,0.02305,0.01423,0.01258,0.03333,0.0084,0.01262,0.00968,0.00412,0.01754,0.00559,0.00763,0.00459,0.00452
PCAP931DarkPTZ_Individual:31,0.05765,0.02709,0.03056,0.01172,0.03306,0.07353,0.0,0.03448,0.0,0.03175,0.0,0.0,0.02439
PCAP931DarkPTZ_Individual:30,0.02033,0.01242,0.01064,0.0,0.02632,0.0117,0.03704,0.01117,0.01911,0.02069,0.00645,0.03247,0.02439
PCAP931DarkPTZ_Individual:1;,0.02273,0.01389,0.0,0.0,0.02062,0.01639,0.00926,0.0,0.01339,0.00667,0.00719,0.0099,0.0082
PCAP931DarkPTZ_Individual:19,0.04401,0.02717,0.0,0.0,0.0291,0.01325,0.0101,0.07547,0.01639,0.03468,0.00725,0.0,0.0125
PCAP931DarkPTZ_Individual:18,0.05352,0.04846,0.02564,0.0,0.01277,0.0,0.02564,0.00515,0.025,0.0,0.02586,0.01418,0.02857
PCAP931DarkPTZ_Individual:39,0.03704,0.01449,0.00439,0.00787,0.0,0.04464,0.008,0.03158,0.02062,0.00943,0.00781,0.0,0.0181
PCAP931DarkPTZ_Individual:33,0.01858,0.01639,0.01948,0.05978,0.02381,0.0,0.02941,0.01119,0.00676,0.01923,0.02013,0.03478,0.01351
PCAP931DarkPTZ_Individual:3;,0.00935,0.0,0.01389,0.01538,0.01653,0.0,0.0,0.0,0.01923,0.0,0.0,0.0,0.0
PCAP931DarkPTZ_Individual:32,0.038,0.0179,0.01429,0.01266,0.01775,0.02469,0.05769,0.02353,0.0,0.05,0.01695,0.0,0.02041
PCAP931DarkPTZ_Individual:13,0.03562,0.03077,0.03125,0.0,0.02062,0.0,0.0,0.02083,0.03333,0.01429,0.11111,0.01818,0.02083
PCAP931DarkPTZ_Individual:12,0.05294,0.05578,0.02727,0.0,0.0,0.01667,0.0,0,0.0137,0.02381,0.15385,0.01923,0.0
PCAP931DarkPTZ_Individual:7;,0.03114,0.0302,0.02869,0.01366,0.00245,0.0121,0.01149,0.04023,0.00529,0.0,0.00826,0.00735,0.01818
PCAP931DarkPTZ_Individual:10,0.02949,0.06145,0.01695,0.0,0.0,0.0,0.00741,0.01739,0.0,0.0,0.0,0.0,0.0
PCAP931DarkPTZ_Individual:17,0.04204,0.0,0.0,0.01136,0.0,0.0,0.0,0.0,0.0,0.0,0.0,0.0,0.01587
PCAP931DarkPTZ_Individual:16,0.01277,0.01656,0.0,0.0,0.0137,0.01351,0.00448,0.0,0.0,0.0,0.0,0.0,0.0
PCAP931DarkPTZ_Individual:15,0.03982,0.0,0.03409,0.03252,0.02899,0.00833,0.0404,0.0084,0.01563,0.0,0.04819,0.02649,0.00606
PCAP931DarkPTZ_Individual:14,0.04808,0.02725,0.05556,0.01408,0.01282,0.03571,0.0,0.04,0.0,0.0073,0.01163,0.01266,0.0202
