AripiprazoleDarkPTZ_Individual:8;,0.00962,0.0,0.02113,0.02927,0.05729,0.04032,0.06154,0.02817,0.07865,0.03158,0.1134,0.04,0.11702
AripiprazoleDarkPTZ_Individual:48,0.03814,0.03433,0.02462,0.01984,0.07391,0.06335,0.08955,0.09474,0.09589,0.07345,0.1375,0.10596,0.09202
AripiprazoleDarkPTZ_Individual:4;,0.01176,0.0369,0.08911,0.13095,0.10127,0.06704,0.11765,0.06704,0.14388,0.14973,0.19084,0.10152,0.11905
AripiprazoleDarkPTZ_Individual:40,0.0106,0.0267,0.04422,0.1,0.03817,0.09615,0.08511,0.0303,0.03101,0.06061,0.06299,0.0303,0.02597
AripiprazoleDarkPTZ_Individual:41,0.01674,0.02273,0.09375,0.08837,0.13174,0.12077,0.15758,0.16744,0.11055,0.10182,0.12556,0.14423,0.08867
AripiprazoleDarkPTZ_Individual:42,0.05714,0.09818,0.08941,0.14327,0.11287,0.13193,0.11831,0.07225,0.12211,0.04502,0.07895,0.05484,0.07111
AripiprazoleDarkPTZ_Individual:43,0.04362,0.22222,0.16667,0.26882,0.14894,0.19792,0.14159,0.24731,0.27083,0.25287,0.2561,0.23529,0.2243
AripiprazoleDarkPTZ_Individual:44,0.02621,0.1162,0.07647,0.15152,0.19737,0.06977,0.10366,0.17073,0.16,0.14689,0.15455,0.24211,0.125
AripiprazoleDarkPTZ_Individual:45,0.0929,0.12403,0.08418,0.14201,0.06573,0.15897,0.12563,0.21384,0.1746,0.15169,0.11957,0.13139,0.17677
AripiprazoleDarkPTZ_Individual:46,0.12745,0.10738,0.1027,0.0812,0.0531,0.14973,0.07738,0.07359,0.0875,0.12169,0.16509,0.15301,0.11538
AripiprazoleDarkPTZ_Individual:47,0.02817,0.05618,0.07634,0.05988,0.072,0.07097,0.08784,0.11413,0.14375,0.08427,0.07792,0.08205,0.09091
AripiprazoleDarkPTZ_Individual:2;,0.03238,0.08011,0.12291,0.11733,0.13608,0.12228,0.08824,0.08313,0.13272,0.09434,0.09206,0.1049,0.05818
AripiprazoleDarkPTZ_Individual:28,0.00777,0.04746,0.13704,0.10294,0.07009,0.15254,0.15412,0.16757,0.19689,0.13621,0.13333,0.23134,0.16364
AripiprazoleDarkPTZ_Individual:29,0.02407,0.05145,0.17647,0.08511,0.07547,0.09341,0.08205,0.10169,0.11881,0.05759,0.03586,0.06977,0.07729
AripiprazoleDarkPTZ_Individual:26,0.01996,0.08359,0.10145,0.14074,0.10625,0.11728,0.15278,0.12329,0.12632,0.11864,0.09774,0.11892,0.10526
AripiprazoleDarkPTZ_Individual:6;,0.03183,0.04511,0.0367,0.06633,0.08537,0.07011,0.04661,0.17037,0.11207,0.11864,0.08021,0.1551,0.08182
AripiprazoleDarkPTZ_Individual:24,0.00452,0.05212,0.16742,0.09268,0.08054,0.13793,0.06286,0.10256,0.10714,0.14407,0.08108,0.1223,0.05769
AripiprazoleDarkPTZ_Individual:25,0.03309,0.18072,0.13158,0.23699,0.20859,0.23121,0.2191,0.2963,0.32683,0.2243,0.27193,0.18919,0.17626
AripiprazoleDarkPTZ_Individual:22,0.03309,0.04403,0.11613,0.1457,0.13953,0.1256,0.10582,0.07483,0.13793,0.15976,0.1383,0.13287,0.13866
AripiprazoleDarkPTZ_Individual:23,0.04233,0.15,0.11111,0.1308,0.06192,0.0815,0.21168,0.16379,0.15122,0.15768,0.11834,0.14646,0.17365
AripiprazoleDarkPTZ_Individual:20,0.0287,0.07622,0.05537,0.17117,0.07547,0.15748,0.0922,0.17442,0.06944,0.19792,0.22018,0.10345,0.15646
AripiprazoleDarkPTZ_Individual:21,0.0397,0.1324,0.065,0.0989,0.11241,0.11517,0.12355,0.10769,0.11837,0.13308,0.1136,0.09831,0.09397
AripiprazoleDarkPTZ_Individual:34,0.02,0.02959,0.05,0.16667,0.01389,0.03448,0.02703,0.0274,0.09524,0.2,0.03846,0.19444,0.04615
AripiprazoleDarkPTZ_Individual:38,0.04361,0.21739,0.08696,0.24051,0.26667,0.25225,0.16471,0.20419,0.16346,0.15764,0.17989,0.22936,0.1699
AripiprazoleDarkPTZ_Individual:35,0.0583,0.03256,0.07143,0.06838,0.07826,0.03333,0.03165,0.05128,0.01418,0.05495,0.02256,0.01899,0.07634
AripiprazoleDarkPTZ_Individual:27,0.07527,0.11145,0.12121,0.16667,0.1348,0.19608,0.14953,0.12055,0.15203,0.12707,0.08392,0.08861,0.06169
AripiprazoleDarkPTZ_Individual:11,0.03015,0.03448,0.03373,0.04439,0.09571,0.10425,0.10744,0.10309,0.09816,0.11184,0.09032,0.09268,0.15842
AripiprazoleDarkPTZ_Individual:37,0.03297,0.09091,0.15044,0.0708,0.07921,0.12766,0.12676,0.13333,0.12687,0.19608,0.11446,0.14286,0.10692
AripiprazoleDarkPTZ_Individual:36,0.0,0.00538,0.02166,0.05556,0.02353,0.02381,0.05051,0.05102,0.0411,0.15493,0.07547,0.04054,0.11475
AripiprazoleDarkPTZ_Individual:5;,0.03077,0.06888,0.06343,0.10734,0.08993,0.17073,0.1694,0.2517,0.1124,0.05689,0.08889,0.11336,0.07754
AripiprazoleDarkPTZ_Individual:9;,0.00469,0.01031,0.06019,0.04054,0.05882,0.12658,0.016,0.0,0.01136,0.01176,0.0,0.0,0.0
AripiprazoleDarkPTZ_Individual:31,0.0,0.01305,0.12565,0.08743,0.13178,0.08209,0.06897,0.11881,0.075,0.05505,0.04317,0.00787,0.0
AripiprazoleDarkPTZ_Individual:30,0.07399,0.06633,0.08607,0.11765,0.15695,0.07347,0.12288,0.08765,0.06579,0.12883,0.06047,0.0885,0.0969
AripiprazoleDarkPTZ_Individual:1;,0.01357,0.06115,0.09167,0.05914,0.1453,0.11111,0.09794,0.13125,0.13665,0.16,0.12308,0.13939,0.11465
AripiprazoleDarkPTZ_Individual:19,0.03289,0.04669,0.04098,0.11842,0.0438,0.06633,0.07798,0.02392,0.05839,0.05181,0.06726,0.08163,0.09392
AripiprazoleDarkPTZ_Individual:18,0.07764,0.09326,0.02989,0.07787,0.14796,0.16471,0.12322,0.13397,0.11282,0.08679,0.14394,0.07143,0.135
AripiprazoleDarkPTZ_Individual:39,0.07671,0.07879,0,0.04396,0.23404,0.05385,0.13333,0.13483,0.07937,0.07229,0.12583,0.0119,0.06383
AripiprazoleDarkPTZ_Individual:33,0.03134,0.09736,0.09535,0.08333,0.10189,0.06997,0.10204,0.09924,0.07203,0.09302,0.08333,0.06952,0.07463
AripiprazoleDarkPTZ_Individual:3;,0.01824,0.08235,0.07179,0.03846,0.04306,0.02557,0.05076,0.07285,0.06667,0.07407,0.04235,0.05446,0.05882
AripiprazoleDarkPTZ_Individual:32,0.00526,0.01493,0.0375,0.08081,0.02,0.01,0.03333,0.03774,0.02222,0.04054,0.0125,0.0,0.01515
AripiprazoleDarkPTZ_Individual:13,0.08696,0.11656,0.06329,0.14286,0.27692,0.19697,0.2037,0.22989,0.2069,0.16162,0.18947,0.19792,0.14953
AripiprazoleDarkPTZ_Individual:12,0.01344,0.03103,0.04478,0.06742,0.06667,0.08725,0.09677,0.0828,0.14516,0.10833,0.24074,0.17526,0.16129
AripiprazoleDarkPTZ_Individual:7;,0.01111,0.02155,0.0123,0.01408,0.0283,0.0146,0.01818,0.03704,0.06667,0.0404,0.08974,0.125,0.17722
AripiprazoleDarkPTZ_Individual:10,0.02509,0.02795,0.08562,0.13793,0.16993,0.14689,0.15574,0.1405,0.22472,0.16814,0.15574,0.13793,0.1982
AripiprazoleDarkPTZ_Individual:17,0.05602,0.15692,0.16393,0.15504,0.2,0.27,0.23438,0.23786,0.19828,0.13559,0.13973,0.17276,0.14523
AripiprazoleDarkPTZ_Individual:16,0.01897,0.08185,0.16346,0.25743,0.15888,0.24299,0.15966,0.18947,0.15263,0.20149,0.19286,0.13514,0.1371
AripiprazoleDarkPTZ_Individual:15,0.13355,0.15323,0.17442,0.16667,0.20388,0.23944,0.22674,0.02873,0.0,0.31683,0.29577,0.3617,0.30645
AripiprazoleDarkPTZ_Individual:14,0.04523,0.08065,0.11921,0.11921,0.10976,0.15741,0.14881,0.12727,0.19737,0.08621,0.17797,0.12217,0.1626
CariprazineDarkPTZ_Individual:8;,0.05238,0.0942,0.02151,0.03261,0.05128,0.08784,0.21481,0.18994,0.10345,0.05882,0.07813,0.11628,0.09709
CariprazineDarkPTZ_Individual:48,0.00971,0.06792,0.12422,0.14925,0.15556,0.11207,0.14783,0.11719,0.17986,0.14483,0.16763,0.14961,0.16154
CariprazineDarkPTZ_Individual:4;,0.00461,0.02564,0.06195,0.08876,0.06667,0.10345,0.12838,0.15534,0.08756,0.17544,0.21622,0.12022,0.10667
CariprazineDarkPTZ_Individual:40,0.04155,0.10857,0.12621,0.07692,0.12162,0.14563,0.16129,0.15789,0.21591,0.11628,0.20548,0.25758,0.25862
CariprazineDarkPTZ_Individual:41,0.0694,0.15172,0.13609,0.13333,0.10377,0.09756,0.23077,0.09434,0.20144,0.19048,0.18085,0.12745,0.13223
CariprazineDarkPTZ_Individual:42,0.01887,0.1,0.08696,0.05634,0.13636,0.16438,0.10976,0.10448,0.18519,0.12308,0.07273,0.06542,0.04808
CariprazineDarkPTZ_Individual:43,0.03191,0.05525,0.06286,0.12,0.20588,0.072,0.19,0.13265,0.17791,0.1215,0.16667,0.17164,0.15385
CariprazineDarkPTZ_Individual:44,0.01604,0.09023,0.14159,0.21277,0.26364,0.23704,0.37113,0.32039,0.2766,0.43878,0.36792,0.29358,0.44186
CariprazineDarkPTZ_Individual:45,0.0239,0.05699,0.08,0.03906,0.03243,0.06931,0.0479,0.05263,0.059,0.0754,0.08599,0.04184,0.0622
CariprazineDarkPTZ_Individual:46,0.10363,0.13492,0.1626,0.17,0.14953,0.21918,0.13684,0.16352,0.23656,0.25758,0.17021,0.10256,0.10435
CariprazineDarkPTZ_Individual:47,0.04305,0.12037,0.07368,0.07229,0.1,0.08434,0.125,0.11594,0.21569,0.09756,0.10204,0.11765,0.07463
CariprazineDarkPTZ_Individual:2;,0.01887,0.04467,0.17778,0.18812,0.20238,0.09231,0.09375,0.21277,0.14,0.15929,0.15217,0.13953,0.21622
CariprazineDarkPTZ_Individual:28,0.00322,0.02586,0.07273,0.12,0.0583,0.06289,0.08649,0.12903,0.14286,0.10222,0.17241,0.11823,0.08696
CariprazineDarkPTZ_Individual:29,0.01635,0.045,0.07051,0.06867,0.072,0.06452,0.01626,0.06122,0.025,0.06122,0.02083,0.0875,0.01863
CariprazineDarkPTZ_Individual:26,0.01818,0.09474,0.00667,0.03911,0.06716,0.10435,0.07634,0.04317,0.03759,0.05224,0.02985,0.03261,0.02581
CariprazineDarkPTZ_Individual:6;,0.04449,0.2439,0.09804,0.01887,0.05405,0.1055,0.1371,0.04743,0.14943,0.04843,0.05348,0.15812,0.09286
CariprazineDarkPTZ_Individual:24,0.03727,0.06367,0.08696,0.14394,0.15789,0.05298,0.15574,0.09195,0.16176,0.18487,0.26923,0.13497,0.16552
CariprazineDarkPTZ_Individual:25,0.04136,0.0884,0.10236,0.12821,0.2197,0.19903,0.13953,0.19708,0.17262,0.17059,0.17582,0.18943,0.17901
CariprazineDarkPTZ_Individual:22,0.02582,0.06977,0.14439,0.10497,0.10345,0.1215,0.06667,0.09774,0.12987,0.06667,0.144,0.07563,0.08219
CariprazineDarkPTZ_Individual:23,0.03,0.07643,0.05405,0.05298,0.06173,0.05607,0.056,0.12712,0.1223,0.13907,0.17347,0.16883,0.11215
CariprazineDarkPTZ_Individual:20,0.13665,0.15789,0.1215,0.20297,0.1791,0.13043,0.12121,0.23636,0.11454,0.12121,0.19111,0.13,0.18493
CariprazineDarkPTZ_Individual:21,0.03107,0.03431,0.08621,0.11972,0.08904,0.0495,0.13669,0.09924,0.07143,0.09859,0.09375,0.10606,0.11024
CariprazineDarkPTZ_Individual:34,0.0283,0.05682,0.12931,0.13497,0.18333,0.09091,0.20492,0.10732,0.10638,0.08464,0.07186,0.06845,0.09524
CariprazineDarkPTZ_Individual:38,0.04248,0.11864,0.12381,0.17431,0.2069,0.06667,0.13235,0.19298,0.14683,0.18687,0.11579,0.10465,0.05682
CariprazineDarkPTZ_Individual:35,0.05204,0.10363,0.20833,0.30769,0.30128,0.21014,0.18935,0.20476,0.23944,0.15934,0.23699,0.23622,0.25301
CariprazineDarkPTZ_Individual:27,0.05038,0.06349,0.10769,0.09211,0.06957,0.125,0.06338,0.02727,0.01099,0.12121,0.04673,0.0292,0.02273
CariprazineDarkPTZ_Individual:11,0.02646,0.10563,0.14607,0.04587,0.13889,0.08511,0.06604,0.104,0.08602,0.06612,0.06,0.09346,0.09174
CariprazineDarkPTZ_Individual:37,0.022,0.0604,0.0947,0.07813,0.09677,0.07483,0.05556,0.08889,0.09659,0.14286,0.11429,0.06222,0.03571
CariprazineDarkPTZ_Individual:36,0.05286,0.03971,0.07071,0.09091,0.15789,0.05797,0.05195,0.08434,0.04469,0.05096,0.00862,0.02823,0.08025
CariprazineDarkPTZ_Individual:5;,0.02245,0.05128,0.115,0.12935,0.05381,0.12903,0.07834,0.11243,0.0681,0.05338,0.052,0.08511,0.05
CariprazineDarkPTZ_Individual:9;,0.05882,0.05556,0.03,0.05357,0.07547,0.05172,0.02778,0.11111,0.01754,0.03226,0.04124,0.13514,0.08
CariprazineDarkPTZ_Individual:31,0.0297,0.03731,0.13014,0.1828,0.13158,0.29167,0.17568,0.36207,0.07865,0.0226,0.01481,0.0181,0.05098
CariprazineDarkPTZ_Individual:30,0.01136,0.02915,0.04098,0.0597,0.09474,0.05,0.11111,0.08046,0.11111,0.12162,0.15942,0.025,0.09655
CariprazineDarkPTZ_Individual:1;,0.01887,0.07273,0.05882,0.12389,0.03333,0.11712,0.13725,0.13115,0.104,0.08696,0.08696,0.08039,0.12903
CariprazineDarkPTZ_Individual:19,0.05648,0.15823,0.14035,0.11538,0.09174,0.17054,0.11864,0.18421,0.14423,0.16,0.08917,0.09735,0.15698
CariprazineDarkPTZ_Individual:18,0.02472,0.04393,0.13376,0.11157,0.09259,0.08675,0.10922,0.10368,0.13993,0.12288,0.1236,0.10101,0.13725
CariprazineDarkPTZ_Individual:39,0.0655,0.19469,0.07595,0.17647,0.08824,0.04348,0.19231,0.10811,0.09756,0.10714,0.11579,0.15152,0.11215
CariprazineDarkPTZ_Individual:33,0.02521,0.04167,0.0354,0.03636,0.05233,0.0,0.01976,0.00667,0.01961,0.0146,0.02961,0.0,0.02244
CariprazineDarkPTZ_Individual:3;,0.0413,0.11462,0.09396,0.09,0.09544,0.12849,0.15,0.15982,0.17544,0.11351,0.09932,0.2,0.09375
CariprazineDarkPTZ_Individual:32,0.01754,0.05056,0.08889,0.12048,0.17,0.16312,0.21341,0.14371,0.12727,0.07895,0.14815,0.14379,0.15385
CariprazineDarkPTZ_Individual:13,0.01217,0.11392,0.1039,0.12329,0.09174,0.19565,0.28,0.21667,0.17647,0.1875,0.22368,0.14444,0.25
CariprazineDarkPTZ_Individual:12,0.02041,0.04678,0.10674,0.20856,0.18717,0.36441,0.21528,0.16418,0.21481,0.15814,0.13021,0.1506,0.20513
CariprazineDarkPTZ_Individual:7;,0.01068,0.02439,0.10837,0.13369,0.17949,0.20946,0.23494,0.18981,0.11215,0.06827,0.05724,0.09127,0.08108
CariprazineDarkPTZ_Individual:10,0.03396,0.08861,0.0614,0.0,0.02326,0.01786,0.02632,0.025,0.02273,0.0,0.0,0.0,0.0
CariprazineDarkPTZ_Individual:17,0.05324,0.23171,0.09459,0.04673,0.13924,0.12037,0.14063,0.14815,0.08654,0.13953,0.05882,0.13095,0.06122
CariprazineDarkPTZ_Individual:16,0.11565,0.08219,0.17117,0.16949,0.19024,0.125,0.18216,0.2488,0.15461,0.1625,0.15,0.16525,0.20179
CariprazineDarkPTZ_Individual:15,0.05631,0.095,0.10843,0.11765,0.12308,0.13187,0.13004,0.11667,0.18817,0.0963,0.18391,0.1875,0.10417
CariprazineDarkPTZ_Individual:14,0.04701,0.10881,0.07534,0.04545,0.16667,0.08065,0.11446,0.05818,0.12081,0.07009,0.07813,0.04575,0.09091
ClozapineDarkPTZ_Individual:8;,0.04545,0.07143,0.11828,0.13793,0.25758,0.16071,0.21053,0.26,0.20388,0.27551,0.31579,0.02128,0.4
ClozapineDarkPTZ_Individual:48,0.02239,0.01402,0.05769,0.07011,0.04651,0.03086,0.03723,0.02688,0.03,0.04469,0.03017,0.03077,0.04237
ClozapineDarkPTZ_Individual:4;,0.0625,0.1147,0.15824,0.1464,0.23469,0.17424,0.18325,0.21159,0.26543,0.1978,0.28372,0.19307,0.16875
ClozapineDarkPTZ_Individual:40,0.0,0.03226,0.01667,0.0,0.07407,0.03279,0.02222,0.07692,0.03185,0.0339,0.01587,0.06061,0.04167
ClozapineDarkPTZ_Individual:41,0.02165,0.0148,0.10526,0.09589,0.16043,0.15625,0.08673,0.15942,0.21637,0.14063,0.10798,0.20812,0.09239
ClozapineDarkPTZ_Individual:42,0.00952,0.03333,0.12941,0.14583,0.135,0.11429,0.11508,0.08867,0.10359,0.09524,0.03077,0.07473,0.08772
ClozapineDarkPTZ_Individual:43,0.0,0.01887,0.03483,0.08333,0.09477,0.0596,0.08077,0.02834,0.04068,0.02083,0.035,0.04412,0.09259
ClozapineDarkPTZ_Individual:44,0.01695,0.06952,0.13253,0.12736,0.11737,0.12,0.12644,0.14344,0.20398,0.13281,0.06485,0.03042,0.05882
ClozapineDarkPTZ_Individual:45,0.00412,0.01676,0.07317,0.04828,0.09873,0.07928,0.06228,0.04912,0.0771,0.09624,0.08207,0.06122,0.10557
ClozapineDarkPTZ_Individual:46,0.0,0.05769,0.22222,0,0.15,0,0.09091,0.0,0,0.0,0.0,0.0,0
ClozapineDarkPTZ_Individual:47,0.02667,0.02703,0.02261,0.03064,0.01376,0.02674,0.04,0.04225,0.03125,0.03226,0.02105,0.0283,0.01538
ClozapineDarkPTZ_Individual:2;,0.00344,0.04416,0.12,0.19337,0.20833,0.18414,0.24806,0.31176,0.22772,0.24887,0.18996,0.21429,0.29891
ClozapineDarkPTZ_Individual:28,0.02671,0.14328,0.1831,0.23776,0.18362,0.21495,0.19512,0.232,0.24354,0.20455,0.24333,0.23154,0.25763
ClozapineDarkPTZ_Individual:29,0.02374,0.17544,0.25,0.17308,0.21769,0.20611,0.2268,0.2561,0.24167,0.28358,0.22981,0.28221,0.3254
ClozapineDarkPTZ_Individual:26,0.02273,0.06667,0.11285,0.1396,0.16316,0.12383,0.20334,0.20909,0.21069,0.18553,0.15789,0.235,0.19853
ClozapineDarkPTZ_Individual:6;,0.08434,0.17391,0.26277,0.29897,0.16872,0.27053,0.19271,0.12236,0.17514,0.28226,0.29885,0.25893,0.20952
ClozapineDarkPTZ_Individual:24,0.00425,0.05435,0.12385,0.14362,0.15021,0.14966,0.13889,0.07907,0.1075,0.08772,0.06763,0.06266,0.06
ClozapineDarkPTZ_Individual:25,0.11276,0.15809,0.16667,0.14508,0.14198,0.13907,0.11364,0.18261,0.16327,0.1358,0.09009,0.2069,0.2381
ClozapineDarkPTZ_Individual:22,0.00546,0.02671,0.08143,0.0903,0.07592,0.10909,0.12,0.12644,0.12264,0.1182,0.12215,0.12219,0.09295
ClozapineDarkPTZ_Individual:23,0.03125,0.08271,0.10714,0.06316,0.08889,0.11864,0.08824,0.11111,0.11111,0.08085,0.0662,0.07722,0.05761
ClozapineDarkPTZ_Individual:20,0.00262,0.02469,0.07595,0.06335,0.03599,0.03111,0.03103,0.05489,0.02426,0.01675,0.02685,0.03241,0.02326
ClozapineDarkPTZ_Individual:21,0.0,0.00893,0.01977,0.04564,0.0625,0.15789,0.08571,0.02,0.04545,0.04082,0.06349,0.0,0.17949
ClozapineDarkPTZ_Individual:34,0.01246,0.07605,0.11848,0.14901,0.11635,0.14615,0.14118,0.12363,0.07798,0.07407,0.15809,0.13897,0.10476
ClozapineDarkPTZ_Individual:38,0.0081,0.08214,0.09827,0.04459,0.12863,0.0655,0.11111,0.09388,0.09025,0.09375,0.08657,0.15068,0.06832
ClozapineDarkPTZ_Individual:35,0.06311,0.07143,0.25424,0.16667,0.17333,0.15054,0.16456,0.20513,0.11628,0.14907,0.18421,0.17007,0.14
ClozapineDarkPTZ_Individual:27,0.03272,0.13589,0.17097,0.15,0.19157,0.20642,0.16601,0.23207,0.22326,0.22674,0.2027,0.34167,0.21637
ClozapineDarkPTZ_Individual:11,0.02222,0.0663,0.12143,0.10526,0.15625,0.14394,0.16092,0.15823,0.20395,0.1399,0.07471,0.125,0.16667
ClozapineDarkPTZ_Individual:37,0.00125,0.00508,0.0369,0.07292,0.09804,0.09942,0.10573,0.07865,0.11111,0.07568,0.1157,0.09259,0.12255
ClozapineDarkPTZ_Individual:36,0.00616,0.03922,0.06375,0.07836,0.1526,0.13802,0.12211,0.17162,0.11884,0.14414,0.18567,0.11583,0.11628
ClozapineDarkPTZ_Individual:5;,0.0133,0.12941,0.12844,0.12698,0.18033,0.13,0.21453,0.20755,0.18321,0.19463,0.18557,0.17105,0.2069
ClozapineDarkPTZ_Individual:9;,0.02078,0.03058,0.13675,0.09341,0.208,0.21739,0.14602,0.26396,0.28986,0.06623,0.08072,0.21875,0.264
ClozapineDarkPTZ_Individual:31,0.01749,0.07865,0.11017,0.1338,0.01342,0.11111,0.08485,0.08907,0.07752,0.07113,0.06688,0.12273,0.12805
ClozapineDarkPTZ_Individual:30,0.05109,0.16518,0.16981,0.25352,0.11029,0.11111,0.25969,0.20833,0.19524,0.19333,0.15508,0.13095,0.12422
ClozapineDarkPTZ_Individual:1;,0.03248,0.09796,0.1573,0.17857,0.29412,0.1831,0.3,0.23457,0.21739,0.22222,0.24832,0.28205,0.17262
ClozapineDarkPTZ_Individual:19,0.00641,0.06931,0.08434,0.08955,0.16447,0.16667,0.14019,0.12281,0.08664,0.05045,0.05908,0.06548,0.03607
ClozapineDarkPTZ_Individual:18,0.01737,0.08621,0.1358,0.13402,0.05263,0.07547,0.05965,0.10383,0.12683,0.09091,0.09735,0.06186,0.1046
ClozapineDarkPTZ_Individual:39,0.00218,0.2027,0.29231,0.13333,0.10584,0.08187,0.10324,0.09732,0.14007,0.13103,0.1129,0.08251,0.1372
ClozapineDarkPTZ_Individual:33,0.0303,0.03185,0.06349,0.08036,0.0641,0.03828,0.02073,0.07143,0.01724,0.00858,0.01653,0.03398,0.02286
ClozapineDarkPTZ_Individual:3;,0.01346,0.03099,0.12442,0.23636,0.2521,0.22727,0.14773,0.25926,0.2,0.0,0.26667,0.25385,0.352
ClozapineDarkPTZ_Individual:32,0.00984,0.02552,0.03454,0.05882,0.15789,0.07295,0.14646,0.13011,0.12575,0.12374,0.16842,0.15089,0.15464
ClozapineDarkPTZ_Individual:13,0.0,0.04762,0.04887,0.07194,0.10714,0.16216,0.2,0.18519,0.20588,0.15833,0.09881,0.06742,0.05277
ClozapineDarkPTZ_Individual:12,0.02492,0.05645,0.14094,0.14388,0.09649,0.17778,0.10738,0.28205,0.03465,0.05102,0.05348,0.04762,0.09934
ClozapineDarkPTZ_Individual:7;,0.02278,0.08293,0.03636,0.1039,0.05128,0.20408,0.17541,0.16514,0.19549,0.16667,0.17476,0.24615,0.09346
ClozapineDarkPTZ_Individual:10,0.04327,0.07838,0.09686,0.26506,0.17391,0.22772,0.18,0.10317,0.22388,0.17557,0.22535,0.1768,0.21839
ClozapineDarkPTZ_Individual:17,0.0,0.08889,0.07229,0.05,0.07865,0.03704,0.04965,0.03483,0.03774,0.01706,0.13021,0.07485,0.02034
ClozapineDarkPTZ_Individual:16,0.01284,0.06884,0.07317,0.08808,0.14706,0.15294,0.09328,0.1129,0.13619,0.1374,0.14027,0.1327,0.0807
ClozapineDarkPTZ_Individual:15,0.01042,0.01087,0.06034,0.08982,0.14706,0.11029,0.24176,0.24138,0.17857,0.07595,0.11565,0.16822,0.08889
ClozapineDarkPTZ_Individual:14,0.03352,0.10435,0.10909,0.22314,0.11111,0.09353,0.05556,0.15217,0.14352,0.05333,0.09932,0.09362,0.11297
CNODarkPTZ_Individual:8;,0.08882,0.08584,0.2,0.13793,0.25758,0.09375,0.17778,0.2963,0.22857,0.19388,0.15385,0.15385,0.2963
CNODarkPTZ_Individual:48,0.05851,0.0708,0.3913,0.16449,0,0.0,0.20833,0.4,0.14474,0.23392,0.20513,0.0,0.20419
CNODarkPTZ_Individual:4;,0.06061,0.15333,0.10924,0.13043,0.28696,0.2,0.14286,0.22222,0.24138,0.28571,0.11364,0.18421,0.15464
CNODarkPTZ_Individual:40,0.05371,0.29167,0.1223,0.06818,0.32609,0.30769,0.15984,0.24468,0.29167,0.2449,0.05854,0.18286,0.16078
CNODarkPTZ_Individual:41,0.00748,0.0098,0.15686,0.14141,0.07752,0.08333,0.17699,0.08148,0.22222,0.0852,0.06369,0.13706,0.12941
CNODarkPTZ_Individual:42,0.03464,0.12245,0.10089,0.13149,0.125,0.17131,0.10599,0.13235,0.11494,0.1551,0.14706,0.25175,0.14618
CNODarkPTZ_Individual:43,0.06522,0.14392,0.10233,0.1573,0.10359,0.25397,0.17172,0.25,0.17551,0.14815,0.18391,0.28947,0.17949
CNODarkPTZ_Individual:44,0.05848,0.08029,0.32075,0.0,0.05714,0.09639,0.16667,0.04762,0.19828,0.125,0.08333,0.13115,0.175
CNODarkPTZ_Individual:45,0.01598,0.23529,0.33333,0.23077,0.26744,0.22034,0.19355,0.22632,0.2,0.16981,0.17073,0.09756,0.16667
CNODarkPTZ_Individual:46,0.00443,0.09052,0.09655,0.07317,0.17857,0.15982,0.13423,0.13402,0.1625,0.26667,0.1773,0.34483,0.06957
CNODarkPTZ_Individual:47,0.05015,0.31343,0.18947,0.125,0.2623,0.11765,0.2623,0.16949,0.25714,0.23158,0.22388,0.24138,0.13043
CNODarkPTZ_Individual:2;,0.03077,0.02963,0.09016,0.05851,0.09873,0.11111,0.15957,0.14857,0.15247,0.15311,0.16598,0.22302,0.13415
CNODarkPTZ_Individual:28,0.02241,0.20253,0.11852,0.15789,0.14458,0.10811,0.12963,0.15789,0.02899,0.12409,0.15663,0.0,0.14423
CNODarkPTZ_Individual:29,0.08602,0.21739,0.09091,0.22876,0.13699,0.22222,0.20513,0.23077,0.3,0.16129,0.2439,0.16304,0.11111
CNODarkPTZ_Individual:26,0.1453,0.26316,0.19118,0.12782,0.18293,0.17241,0.33333,0.25641,0.14516,0.17273,0.14286,0.14844,0.2549
CNODarkPTZ_Individual:6;,0.02439,0.26,0.17091,0.14,0.05,0.23515,0.13636,0.29412,0.275,0.20675,0.16447,0.26708,0.27778
CNODarkPTZ_Individual:24,0.07447,0.10938,0.20833,0.1039,0.14865,0.17241,0.26786,0.21978,0.14815,0.1087,0.20588,0.20988,0.16129
CNODarkPTZ_Individual:25,0.05584,0.07438,0.15888,0.11111,0.06944,0.10219,0.0495,0.18333,0.08333,0.08264,0.02703,0.08108,0.21875
CNODarkPTZ_Individual:22,0.04278,0.2625,0.14085,0.22581,0.17949,0.08835,0.07143,0.11111,0.1124,0.12097,0.07473,0.1701,0.14054
CNODarkPTZ_Individual:23,0.01881,0.125,0.12406,0.185,0.10194,0.13122,0.11636,0.16026,0.22541,0.2,0.30464,0.19079,0.18579
CNODarkPTZ_Individual:20,0.01543,0.2043,0.208,0.26042,0.13095,0.15464,0.15789,0.18939,0.22917,0.21368,0.17978,0.18182,0.11321
CNODarkPTZ_Individual:21,0.01022,0.05747,0.15116,0.21782,0.21186,0.21168,0.35616,0.17857,0.18987,0.19847,0.18841,0.18797,0.1383
CNODarkPTZ_Individual:34,0.04317,0.08917,0.13527,0.15789,0.41667,0.1,0.12,0.10256,0.20482,0.18367,0.17568,0.20354,0.11921
CNODarkPTZ_Individual:38,0.13619,0.20619,0.14286,0.07692,0.22222,0.14286,0.24409,0.17544,0.16071,0.14286,0.21138,0.09524,0.12195
CNODarkPTZ_Individual:35,0.08933,0.18229,0.16738,0.19005,0.10435,0.18705,0.17886,0.17431,0.24749,0.26506,0.17172,0.30645,0.19429
CNODarkPTZ_Individual:27,0.02688,0.11792,0.2053,0.10059,0.17647,0.12264,0.16872,0.18462,0.11364,0.1985,0.13125,0.17405,0.14754
CNODarkPTZ_Individual:11,0.00758,0.12,0.13613,0.10791,0.17544,0.12409,0.1681,0.13235,0.20423,0.17988,0.18505,0.17666,0.15827
CNODarkPTZ_Individual:37,0.05179,0.16495,0.31579,0.23805,0.3,0.22222,0.24,0.01018,0.25862,0.18852,0.28758,0.20886,0.18889
CNODarkPTZ_Individual:36,0.10791,0.20732,0.2043,0.39744,0.2,0.13235,0.18045,0.20253,0.17606,0.12322,0.11667,0.18563,0.09211
CNODarkPTZ_Individual:5;,0.05398,0.0963,0.12155,0.14815,0.17544,0.10759,0.12812,0.10156,0.13636,0.1561,0.15385,0.15341,0.12748
CNODarkPTZ_Individual:9;,0.01551,0.07746,0.11443,0.17647,0.18343,0.22222,0.35294,0.26829,0.26471,0.18317,0.18343,0.21622,0.20349
CNODarkPTZ_Individual:31,0.0041,0.17308,0.13402,0.14286,0.07097,0.06475,0.27778,0.18868,0.23404,0.05714,0.16949,0.15068,0.17857
CNODarkPTZ_Individual:30,0.075,0.15152,0.25926,0.2,0.17172,0.1746,0.25,0.16154,0.15873,0.17722,0.16993,0.14599,0.2515
CNODarkPTZ_Individual:1;,0.03185,0.08451,0.13,0.13187,0.15789,0.16346,0.06569,0.10063,0.13534,0.14286,0.18041,0.09821,0.07692
CNODarkPTZ_Individual:19,0.04455,0.04167,0.05714,0.11111,0.18919,0.13793,0.12308,0.11268,0.09231,0.375,0.15385,0.0375,0.14286
CNODarkPTZ_Individual:18,0.07831,0.10185,0.24242,0.11538,0.09615,0.1677,0.09524,0.10825,0.1699,0.14433,0.13725,0.13661,0.1547
CNODarkPTZ_Individual:39,0.01377,0.10092,0.15172,0.14493,0.13095,0.21429,0.28125,0.26619,0.24786,0.22222,0.21429,0.18041,0.23611
CNODarkPTZ_Individual:33,0.00867,0.04188,0.03882,0.07098,0.07445,0.14948,0.1521,0.14676,0.11261,0.18412,0.15556,0.1978,0.22776
CNODarkPTZ_Individual:3;,0.09091,0.0,0.06,0.0678,0.17391,0.17797,0.1087,0.19149,0.21429,0.15625,0,0.04762,0.22917
CNODarkPTZ_Individual:32,0.02209,0.11304,0.15254,0.10059,0.15385,0.13636,0.11518,0.1195,0.18056,0.15761,0.09259,0.12136,0.17172
CNODarkPTZ_Individual:13,0.05995,0.10846,0.12874,0.11728,0.11628,0.15326,0.32,0.12457,0.10323,0.12155,0.1189,0.19397,0.16432
CNODarkPTZ_Individual:12,0.03183,0.10615,0.17262,0.19079,0.11013,0.15625,0.13182,0.18298,0.27586,0.20848,0.17209,0.16046,0.27103
CNODarkPTZ_Individual:7;,0.02809,0.11818,0.13235,0.18987,0.13415,0.19565,0.21196,0.20886,0.2967,0.21472,0.24793,0.20571,0.20149
CNODarkPTZ_Individual:10,0.06199,0.10036,0.11529,0.15961,0.66667,0.14493,0.10121,0.10163,0.1202,0.06897,0.08982,0.11176,0.19388
CNODarkPTZ_Individual:17,0.12462,0.22556,0.09524,0.21481,0.0,0.10277,0.17536,0.13158,0.16598,0.12346,0.21552,0.2093,0.14286
CNODarkPTZ_Individual:16,0.04444,0.17225,0.21918,0.08955,0.12308,0.18045,0.17816,0.28358,0.32,0.16912,0.22,0.21154,0.21839
CNODarkPTZ_Individual:15,0.03409,0.09589,0.12676,0.07759,0.19328,0.21154,0.14667,0.16667,0.16867,0.12108,0.10811,0.12,0.15294
CNODarkPTZ_Individual:14,0.01786,0.16038,0.24771,0.26667,0.44231,0.25,0.29412,0.25,0.16901,0.2037,0.17568,0.18947,0.34444
HaloperidolDarkPTZ_Individual:8;,0.08214,0.10417,0.05983,0.12351,0.14019,0.1245,0.11207,0.07619,0.0807,0.0625,0.0754,0.07009,0.04564
HaloperidolDarkPTZ_Individual:48,0.02055,0.09346,0.1201,0.11717,0.09296,0.16763,0.19202,0.16239,0.17882,0.17778,0.21445,0.22099,0.19741
HaloperidolDarkPTZ_Individual:4;,0.04078,0.0864,0.09143,0.0932,0.11038,0.16844,0.17907,0.12375,0.12,0.15869,0.15493,0.14112,0.09068
HaloperidolDarkPTZ_Individual:40,0.04381,0.08955,0.1626,0.13131,0.14286,0.24561,0.15054,0.2027,0.14948,0.06433,0.17355,0.15789,0.08589
HaloperidolDarkPTZ_Individual:41,0.07732,0.15182,0.18069,0.1383,0.18598,0.18644,0.13249,0.15596,0.24309,0.11811,0.13242,0.16757,0.19487
HaloperidolDarkPTZ_Individual:42,0.02388,0.11084,0.18981,0.20161,0.17466,0.17647,0.17797,0.21141,0.20601,0.23377,0.16901,0.19697,0.15972
HaloperidolDarkPTZ_Individual:43,0.02688,0.04724,0.07813,0.07241,0.0672,0.02811,0.03642,0.03659,0.07051,0.0459,0.06032,0.05164,0.0619
HaloperidolDarkPTZ_Individual:44,0.03968,0.07599,0.1,0.06884,0.08589,0.125,0.11583,0.096,0.13913,0.08676,0.10952,0.06452,0.1195
HaloperidolDarkPTZ_Individual:45,0.02128,0.04147,0.10363,0.13402,0.09375,0.10714,0.06272,0.08586,0.10373,0.11628,0.07347,0.09764,0.10566
HaloperidolDarkPTZ_Individual:46,0.05,0.1134,0.10843,0.11993,0.10736,0.11869,0.14035,0.10213,0.12209,0.10613,0.12803,0.09429,0.14143
HaloperidolDarkPTZ_Individual:47,0.01869,0.10256,0.12637,0.1806,0.15294,0.18395,0.10594,0.18155,0.1365,0.14108,0.10569,0.12737,0.12308
HaloperidolDarkPTZ_Individual:2;,0.03146,0.13187,0.13468,0.10682,0.10904,0.11722,0.11557,0.05821,0.05034,0.03729,0.03672,0.03622,0.04175
HaloperidolDarkPTZ_Individual:28,0.05902,0.05954,0.1005,0.0917,0.11446,0.09073,0.12719,0.11741,0.0856,0.15,0.1401,0.13918,0.17391
HaloperidolDarkPTZ_Individual:29,0.06306,0.07781,0.03509,0.09302,0.02814,0.02326,0.13889,0.07447,0.03008,0.03846,0.04369,0.035,0.0567
HaloperidolDarkPTZ_Individual:26,0.0109,0.07459,0.06394,0.01972,0.06162,0.06478,0.04724,0.04712,0.02974,0.06635,0.03302,0.11382,0.02451
HaloperidolDarkPTZ_Individual:6;,0.07386,0.10794,0.13033,0.09325,0.08943,0.13277,0.1145,0.10248,0.06959,0.11034,0.07184,0.10757,0.07491
HaloperidolDarkPTZ_Individual:24,0.06651,0.12111,0.12385,0.11523,0.1147,0.09259,0.08072,0.10902,0.12281,0.1281,0.12613,0.15823,0.12019
HaloperidolDarkPTZ_Individual:25,0.02809,0.12109,0.07813,0.0828,0.0508,0.05183,0.08117,0.09924,0.0625,0.06645,0.07744,0.06227,0.04334
HaloperidolDarkPTZ_Individual:22,0.02542,0.12865,0.14943,0.06704,0.10795,0.16667,0.13158,0.2,0.14286,0.03846,0.21277,0.14159,0.15217
HaloperidolDarkPTZ_Individual:23,0.02193,0.07541,0.07927,0.10795,0.11875,0.09,0.06838,0.05594,0.14615,0.08673,0.10169,0.09217,0.06723
HaloperidolDarkPTZ_Individual:20,0.00899,0.06061,0.07536,0.09451,0.05793,0.07631,0.06645,0.05962,0.07627,0.04255,0.06275,0.033,0.04392
HaloperidolDarkPTZ_Individual:21,0.02391,0.13889,0.18135,0.16514,0.14444,0.08763,0.10151,0.09774,0.08561,0.09949,0.09661,0.09949,0.06361
HaloperidolDarkPTZ_Individual:34,0.02591,0.06373,0.14516,0.04255,0.06944,0.08584,0.11798,0.11168,0.08718,0.10976,0.1028,0.07778,0.11446
HaloperidolDarkPTZ_Individual:38,0.0252,0.06766,0.11183,0.17898,0.18812,0.19322,0.14483,0.20608,0.13838,0.21981,0.2068,0.17971,0.30072
HaloperidolDarkPTZ_Individual:35,0.0,0.06361,0.13992,0.07623,0.12195,0.1875,0.17476,0.22018,0.20588,0.14679,0.16667,0.15862,0.21053
HaloperidolDarkPTZ_Individual:27,0.17575,0.10721,0.16162,0.16837,0.15042,0.14286,0.13682,0.14404,0.13621,0.13497,0.16933,0.1326,0.16514
HaloperidolDarkPTZ_Individual:11,0.03975,0.06213,0.04452,0.04484,0.09005,0.07143,0.06452,0.0582,0.03614,0.0567,0.05584,0.04484,0.08861
HaloperidolDarkPTZ_Individual:37,0.06394,0.08333,0.1164,0.10833,0.16107,0.17692,0.13497,0.14474,0.19218,0.21656,0.20961,0.2053,0.14138
HaloperidolDarkPTZ_Individual:36,0,0.0302,0.12403,0.11737,0.15122,0.10323,0.07203,0.14173,0.09244,0.10738,0.03955,0.06838,0.05319
HaloperidolDarkPTZ_Individual:5;,0.09386,0.11376,0.12203,0.12179,0.14211,0.12195,0.07609,0.09744,0.12832,0.1411,0.08621,0.07767,0.04167
HaloperidolDarkPTZ_Individual:9;,0.09795,0.10902,0.06855,0.10145,0.05405,0.04783,0.08182,0.07292,0.1117,0.07865,0.07772,0.06875,0.03529
HaloperidolDarkPTZ_Individual:31,0.05195,0.10417,0.13187,0.04301,0.04412,0.04598,0.0339,0.04054,0.03571,0.0,0.0,0.01724,0.0
HaloperidolDarkPTZ_Individual:30,0.03883,0.00857,0.02929,0.02062,0.01485,0.01878,0.02941,0.03448,0.02392,0.03804,0.0199,0.03846,0.04808
HaloperidolDarkPTZ_Individual:1;,0.03851,0.07703,0.09115,0.12483,0.14264,0.14706,0.14315,0.15385,0.14748,0.16065,0.15,0.18763,0.20168
HaloperidolDarkPTZ_Individual:19,0.09611,0.15821,0.17608,0.09955,0.12357,0.10714,0.13507,0.15868,0.11032,0.10781,0.11111,0.204,0.11856
HaloperidolDarkPTZ_Individual:18,0.02638,0.13659,0.17117,0.14173,0.16875,0.18248,0.14973,0.2,0.10837,0.19255,0.15504,0.25,0.14525
HaloperidolDarkPTZ_Individual:39,0.01798,0.14634,0.14583,0.10526,0.15951,0.20168,0.05085,0.13433,0.15054,0.08257,0.14371,0.125,0.13934
HaloperidolDarkPTZ_Individual:33,0.04751,0.10701,0.07914,0.10638,0.09388,0.12121,0.125,0.1129,0.09129,0.0837,0.05285,0.06944,0.07339
HaloperidolDarkPTZ_Individual:3;,0.0839,0.10274,0.12805,0.08075,0.082,0.10065,0.09583,0.10061,0.11628,0.09091,0.14706,0.08136,0.11189
HaloperidolDarkPTZ_Individual:32,0.03214,0.0495,0.06133,0.06507,0.11979,0.11429,0.13115,0.14685,0.05046,0.08108,0.1506,0.08537,0.05814
HaloperidolDarkPTZ_Individual:13,0.0198,0.19149,0.11,0.125,0.21849,0.1165,0.07792,0.04878,0.08889,0.17172,0.0495,0.08943,0.22472
HaloperidolDarkPTZ_Individual:12,0.08403,0.03831,0.04082,0.02778,0.02719,0.0365,0.03431,0.0273,0.0355,0.01866,0.01064,0.0099,0.03297
HaloperidolDarkPTZ_Individual:7;,0.06186,0.06726,0.07576,0.06522,0.08333,0,0.09524,0.07447,0.0625,0.06061,0.08,0.06667,0.06796
HaloperidolDarkPTZ_Individual:10,0.05812,0.08565,0.09963,0.06589,0.10656,0.13488,0.08251,0.08658,0.06103,0.09653,0.0332,0.06522,0.0535
HaloperidolDarkPTZ_Individual:17,0.04698,0.17188,0.20213,0.26744,0.18421,0.17073,0.24409,0.20915,0.16364,0.17054,0.22917,0.24176,0.22835
HaloperidolDarkPTZ_Individual:16,0.01695,0.07595,0.08824,0.09201,0.10196,0.07426,0.04167,0.1875,0.08712,0.125,0.0697,0.12821,0.10623
HaloperidolDarkPTZ_Individual:15,0.02904,0.11948,0.12924,0.16265,0.22267,0.15564,0.2253,0.25217,0.196,0.23581,0.20979,0.12558,0.1875
HaloperidolDarkPTZ_Individual:14,0.06041,0.14792,0.18163,0.22775,0.16667,0.14405,0.19703,0.20085,0.219,0.18851,0.23011,0.23926,0.16216
NDMCDarkPTZ_Individual:8;,0.02098,0.04328,0.10112,0.13125,0.17647,0.26471,0.23392,0.21429,0.25,0.22527,0.27941,0.29231,0.25
NDMCDarkPTZ_Individual:48,0.01882,0.07317,0.14286,0.11321,0.14634,0.2093,0.21557,0.19409,0.12414,0.14748,0.09894,0.12186,0.14235
NDMCDarkPTZ_Individual:4;,0.01695,0.05096,0.08397,0.2521,0.17424,0.1,0.14423,0.10484,0.19737,0.12245,0.11348,0.11702,0.06723
NDMCDarkPTZ_Individual:40,0.00805,0.08427,0.16346,0.19502,0.10145,0.16216,0.28272,0.32407,0.21951,0.20619,0.18343,0.27322,0.17172
NDMCDarkPTZ_Individual:41,0.02356,0.15686,0.08,0.18182,0.15152,0.05882,0.15,0,0.0,0.1875,0.0,0.0,0.00144
NDMCDarkPTZ_Individual:42,0.0226,0.15766,0.14947,0.13357,0.19101,0.14286,0.19565,0.1048,0.14356,0.23858,0.20188,0.12025,0.16279
NDMCDarkPTZ_Individual:43,0.02921,0.15094,0.04869,0.09337,0.10031,0.07736,0.13684,0.08013,0.06203,0.06199,0.07143,0.04348,0.07317
NDMCDarkPTZ_Individual:44,0.02132,0.11404,0.13218,0.16749,0.13478,0.15126,0.14453,0.12736,0.18182,0.13278,0.13525,0.19209,0.08377
NDMCDarkPTZ_Individual:45,0.00921,0.05039,0.10825,0.16402,0.0977,0.15351,0.15789,0.23611,0.17391,0.19318,0.11364,0.19512,0.16456
NDMCDarkPTZ_Individual:46,0.04063,0.06159,0.10714,0.14754,0.15044,0.17391,0.11111,0.11594,0.18987,0.22857,0.275,0.26667,0.275
NDMCDarkPTZ_Individual:47,0.04062,0.1,0.09091,0.12308,0.05,0.10843,0.07407,0.2029,0.2807,0.20213,0.14744,0.19835,0.12834
NDMCDarkPTZ_Individual:2;,0.06504,0.22464,0.28571,0.21393,0.30851,0.28235,0.37705,0.22414,0.12857,0.41631,0.1886,0.29518,0.2844
NDMCDarkPTZ_Individual:28,0.06885,0.08254,0.16606,0.15349,0.16901,0.07527,0.15556,0.18657,0.14943,0.23664,0.21138,0.13978,0.21805
NDMCDarkPTZ_Individual:29,0.10276,0.16471,0.13158,0.25806,0.21477,0.17273,0.22727,0.25,0.24265,0.23404,0.27083,0.25694,0.2
NDMCDarkPTZ_Individual:26,0.03306,0.12575,0.1118,0.31429,0.20482,0.31532,0.24561,0.35294,0.28049,0.26563,0.34177,0.24731,0.27143
NDMCDarkPTZ_Individual:6;,0.10781,0.13146,0.24648,0.11905,0.16129,0.2,0.23077,0.25,0.1913,0.22034,0.24286,0.22857,0.18605
NDMCDarkPTZ_Individual:24,0.00806,0.07345,0.09091,0.16438,0.14925,0.08434,0.20339,0.26531,0.13095,0.16667,0.09524,0.1982,0.14634
NDMCDarkPTZ_Individual:25,0.02576,0.08971,0.18908,0.20152,0.1645,0.20419,0.25126,0.1913,0.15451,0.14948,0.27326,0.06422,0.10769
NDMCDarkPTZ_Individual:22,0.0129,0.07407,0.14103,0.15152,0.09412,0.19767,0.17213,0.22124,0.21094,0.19463,0.2377,0.21384,0.19355
NDMCDarkPTZ_Individual:23,0.03387,0.08451,0.12568,0.12876,0.15278,0.1407,0.14815,0.18696,0.14797,0.13412,0.19277,0.18214,0.15676
NDMCDarkPTZ_Individual:20,0.03618,0.05242,0.07763,0.09244,0.14925,0.13497,0.13023,0.27027,0.17699,0.19212,0.19474,0.18723,0.19262
NDMCDarkPTZ_Individual:21,0.01813,0.15315,0.1087,0.13333,0.03448,0.14783,0.13592,0.12632,0.08,0.11765,0.14563,0.08661,0.10615
NDMCDarkPTZ_Individual:34,0.03656,0.06224,0.07595,0.14078,0.15337,0.21481,0.17424,0.12844,0.15504,0.19697,0.26957,0.15436,0.17188
NDMCDarkPTZ_Individual:38,0.02003,0.07477,0.07609,0.17391,0.20408,0.168,0.26087,0.15942,0.24121,0.1976,0.29054,0.14176,0.18352
NDMCDarkPTZ_Individual:35,0.03933,0.07901,0.11,0.13534,0.17964,0.23729,0.24096,0.17822,0.13223,0.29101,0.19737,0.3,0.29213
NDMCDarkPTZ_Individual:27,0.06216,0.0636,0.09201,0.13298,0.1159,0.14286,0.20426,0.21053,0.14439,0.18621,0.19704,0.16043,0.25
NDMCDarkPTZ_Individual:11,0.00588,0.05172,0.11831,0.17749,0.16098,0.21778,0.19027,0.13953,0.07625,0.12791,0.09756,0.12618,0.12598
NDMCDarkPTZ_Individual:37,0.05462,0.09896,0.16,0.12598,0.0,0.08163,0.14286,0.26316,0.36667,0.20513,0.21053,0.13846,0.09559
NDMCDarkPTZ_Individual:36,0.0501,0.09615,0.11278,0.14286,0.06742,0.06338,0.04902,0.16092,0.0,0.11921,0.11688,0.10989,0.01357
NDMCDarkPTZ_Individual:5;,0.02093,0.10497,0.23704,0.216,0.22308,0.16667,0.25161,0.21359,0.32222,0.30476,0.36,0.21429,0.28261
NDMCDarkPTZ_Individual:9;,0.02867,0.05017,0.16201,0.12568,0.11483,0.14984,0.1106,0.14022,0.14226,0.15805,0.11284,0.13514,0.10952
NDMCDarkPTZ_Individual:31,0.02824,0.10359,0.14179,0.1049,0.05759,0.05941,0.02454,0.10577,0.10833,0.04054,0.04938,0.18182,0.17778
NDMCDarkPTZ_Individual:30,0.0368,0.03196,0.1295,0.13136,0.12683,0.16256,0.21094,0.21143,0.17857,0.20305,0.1875,0.15228,0.20906
NDMCDarkPTZ_Individual:1;,0.05738,0.05161,0.05556,0.06557,0.17692,0.08,0.15842,0.11905,0.15873,0.16327,0.08696,0.1,0.14286
NDMCDarkPTZ_Individual:19,0.01199,0.14286,0.06024,0.08333,0.16216,0.25,0.20567,0.14815,0.11538,0.16667,0.33333,0.20732,0.31579
NDMCDarkPTZ_Individual:18,0.03803,0.15426,0.19792,0.17742,0.09353,0.20721,0.26316,0.15023,0.17925,0.16418,0.20231,0.16309,0.19853
NDMCDarkPTZ_Individual:39,0.02569,0.02424,0.07692,0.144,0.17228,0.15644,0.18182,0.21951,0.20388,0.15816,0.13699,0.04545,0.125
NDMCDarkPTZ_Individual:33,0.00725,0.09486,0.05714,0.07438,0.11184,0.05556,0.21053,0.27007,0.15714,0.12381,0.19149,0.23256,0.22727
NDMCDarkPTZ_Individual:3;,0.02481,0.12925,0.06579,0.11875,0.11728,0.14388,0.19355,0.14286,0.22222,0.21528,0.20492,0.2,0.21
NDMCDarkPTZ_Individual:32,0.02242,0.19231,0.18447,0.15556,0.23239,0.12651,0.19704,0.08403,0.20321,0.19136,0.19697,0.12658,0.24823
NDMCDarkPTZ_Individual:13,0.01358,0.04202,0.06944,0.10227,0.16667,0.15459,0.17089,0.12581,0.16931,0.14024,0.26728,0.1117,0.24865
NDMCDarkPTZ_Individual:12,0.05882,0.07531,0.14189,0.15504,0.20896,0.18972,0.16727,0.189,0.14921,0.17377,0.21033,0.11836,0.10837
NDMCDarkPTZ_Individual:7;,0.025,0.02882,0.03759,0.07843,0.08759,0.06034,0.195,0.17925,0.13725,0.25333,0.14935,0.21395,0.19209
NDMCDarkPTZ_Individual:10,0.03004,0.17978,0.22297,0.2844,0.25316,0.28421,0.20339,0.26168,0.32394,0.24691,0.35484,0.39216,0.27778
NDMCDarkPTZ_Individual:17,0.02123,0.06685,0.10149,0.10638,0.08756,0.17647,0.25362,0.12409,0.24545,0.24272,0.22794,0.12319,0.18129
NDMCDarkPTZ_Individual:16,0.02368,0.08915,0.10294,0.11,0.19355,0.10692,0.21348,0.17476,0.25,0.17647,0.15753,0.13208,0.12
NDMCDarkPTZ_Individual:15,0.00585,0.14747,0.07143,0.05479,0.13433,0.10769,0.19318,0.1037,0.24615,0.21277,0.19231,0.18182,0.19
NDMCDarkPTZ_Individual:14,0.03672,0.05569,0.06122,0.07975,0.19355,0.1,0.26263,0.1519,0,0.3913,0.10526,0.22124,0.17188
NDMCHighDarkPTZ_Individual:8;,0.01299,0.01667,0.01379,0.05747,0.02632,0.03571,0.0,0.0,0.0,0.0,0.0,0.05,0.0
NDMCHighDarkPTZ_Individual:48,0.0282,0.04854,0.17073,0.13281,0.16102,0.17188,0.11511,0.09434,0.152,0.11834,0.1358,0.13978,0.10891
NDMCHighDarkPTZ_Individual:4;,0.01852,0.02429,0.03268,0.11189,0.18182,0.24762,0.24786,0.2549,0.184,0.15894,0.18987,0.15642,0.14724
NDMCHighDarkPTZ_Individual:40,0.04762,0.23894,0.28814,0.12183,0.1978,0.20833,0.21951,0.16296,0.16197,0.16751,0.19136,0.12353,0.08586
NDMCHighDarkPTZ_Individual:41,0.05611,0.10667,0.10227,0.13043,0.10236,0.15951,0.14865,0.11034,0.16176,0.20144,0.12832,0.15625,0.11726
NDMCHighDarkPTZ_Individual:42,0.018,0.11111,0.04836,0.09136,0.1,0.16432,0.11051,0.09657,0.15455,0.14008,0.14815,0.07729,0.14747
NDMCHighDarkPTZ_Individual:43,0.07394,0.21154,0.0916,0.08553,0.12536,0.13448,0.10638,0.10286,0.12162,0.22222,0.13014,0.1629,0.04095
NDMCHighDarkPTZ_Individual:44,0.0098,0.0,0.04444,0.0443,0.08844,0.06044,0.0942,0.05634,0.0973,0.07843,0.06512,0.11585,0.09091
NDMCHighDarkPTZ_Individual:45,0.12136,0.03636,0.10494,0.09804,0.15596,0.13571,0.13514,0.09091,0.10976,0.11111,0.05941,0.1129,0.10219
NDMCHighDarkPTZ_Individual:46,0.01579,0.02532,0.06452,0.08867,0.04396,0.04569,0.07273,0.0362,0.05618,0.02646,0.09124,0.0339,0.09623
NDMCHighDarkPTZ_Individual:47,0.02768,0.09465,0.06234,0.08482,0.0722,0.08531,0.07109,0.08084,0.08581,0.07895,0.15203,0.04974,0.08459
NDMCHighDarkPTZ_Individual:2;,0.03175,0.01796,0.08333,0.06667,0.12281,0.12195,0.06466,0.04361,0.07047,0.03398,0.03036,0.04627,0.04348
NDMCHighDarkPTZ_Individual:28,0.0186,0.08725,0.10811,0.16406,0.06977,0.09091,0.21622,0.05618,0.10588,0.16364,0.03704,0.04878,0.04412
NDMCHighDarkPTZ_Individual:29,0.10204,0.13953,0.18644,0.30556,0.28571,0.28571,0.2619,0.27907,0.10345,0.12195,0.17391,0.14035,0.125
NDMCHighDarkPTZ_Individual:26,0.04557,0.05691,0.04472,0.05484,0.06464,0.11737,0.08898,0.12849,0.076,0.072,0.08155,0.10442,0.10132
NDMCHighDarkPTZ_Individual:6;,0.03951,0.02941,0.072,0.10191,0.15455,0.08057,0.14545,0.18229,0.16525,0.09565,0.10843,0.10331,0.10616
NDMCHighDarkPTZ_Individual:24,0.07333,0.06215,0.04846,0.04564,0.04959,0.03571,0.0495,0.03968,0.02303,0.02465,0.03988,0.0188,0.01493
NDMCHighDarkPTZ_Individual:25,0.0056,0.04908,0.08527,0.13333,0.12069,0.11111,0.11511,0.11392,0.08642,0.12346,0.11446,0.08462,0.08511
NDMCHighDarkPTZ_Individual:22,0.04871,0.07975,0.07333,0.09237,0.05785,0.05738,0.0411,0.06731,0.06275,0.07435,0.06471,0.07143,0.07519
NDMCHighDarkPTZ_Individual:23,0.01108,0.09554,0.0873,0.07,0.04,0.06081,0.06383,0.11494,0.07306,0.07018,0.03822,0.08929,0.13333
NDMCHighDarkPTZ_Individual:20,0.07542,0.095,0.07143,0.03883,0.08901,0.07143,0.15646,0.09272,0.20779,0.13514,0.06364,0.10072,0.15385
NDMCHighDarkPTZ_Individual:21,0.01866,0.03226,0.06868,0.06977,0.07489,0.04231,0.03791,0.05314,0.02878,0.01515,0.03974,0.02743,0.02295
NDMCHighDarkPTZ_Individual:34,0.0,0.01091,0.02339,0.07895,0.02069,0.03125,0.04595,0.03333,0.03736,0.05614,0.04467,0.06934,0.125
NDMCHighDarkPTZ_Individual:38,0.07229,0.1165,0.11765,0.25,0.15152,0.1157,0.125,0.10811,0.14679,0.05844,0.0566,0.22973,0.09302
NDMCHighDarkPTZ_Individual:35,0.0,0.09251,0.09846,0.06344,0.04298,0.04954,0.12551,0.05413,0.01639,0.06122,0.04898,0.06429,0.09158
NDMCHighDarkPTZ_Individual:27,0.03593,0.09926,0.05682,0.08547,0.12982,0.11062,0.13816,0.07592,0.07434,0.06571,0.0679,0.04762,0.07356
NDMCHighDarkPTZ_Individual:11,0.01695,0.00966,0.06154,0.08649,0.075,0.11043,0.10798,0.08403,0.07884,0.09283,0.08989,0.07735,0.10185
NDMCHighDarkPTZ_Individual:37,0.0122,0.04889,0.13043,0.11563,0.09797,0.14437,0.09946,0.09509,0.11583,0.10219,0.08897,0.07927,0.07849
NDMCHighDarkPTZ_Individual:36,0.13333,0.08571,0.20779,0.06426,0.0219,0.02212,0.02516,0.01316,0.00885,0.03488,0.0,0.0,0.00893
NDMCHighDarkPTZ_Individual:5;,0.03226,0.02762,0.02158,0.03289,0.01807,0.0514,0.05769,0.04698,0.03902,0.03831,0.03556,0.06173,0.04582
NDMCHighDarkPTZ_Individual:9;,0.01429,0.09202,0.11976,0.06667,0.05747,0.12121,0.0,0.02222,0.0155,0.01887,0.01613,0.0,0.03158
NDMCHighDarkPTZ_Individual:31,0.0,0.01456,0.01364,0.05556,0.00877,0.03093,0.02941,0.04255,0.0,0.0,0.0,0.0,0.0
NDMCHighDarkPTZ_Individual:30,0.01183,0.03261,0.01976,0.06087,0.03746,0.02821,0.02973,0.03069,0.02167,0.05013,0.03599,0.02041,0.04016
NDMCHighDarkPTZ_Individual:1;,0.06993,0.11602,0.19286,0.10949,0.12583,0.12727,0.12097,0.09645,0.08134,0.06989,0.04721,0.04348,0.05986
NDMCHighDarkPTZ_Individual:19,0.02953,0.05106,0.03947,0.09,0.02116,0.02392,0.07983,0.05988,0.10309,0.07299,0.08796,0.11875,0.02963
NDMCHighDarkPTZ_Individual:18,0.04282,0.07317,0.17476,0.10811,0.19118,0.0,0.12245,0.25714,0.11628,0.18462,0.27586,0.22222,0.12069
NDMCHighDarkPTZ_Individual:39,0.01024,0.04865,0.08966,0.08791,0.08197,0.16092,0.14286,0.1,0.18333,0.11111,0.12121,0.23256,0.2
NDMCHighDarkPTZ_Individual:33,0.04762,0,0.25785,0,0.2,0.25175,0.07692,0.11111,0.31429,0.2,0,0.0,0
NDMCHighDarkPTZ_Individual:3;,0.00641,0.05759,0.10983,0.07,0.10798,0.09195,0.0765,0.10698,0.06422,0.133,0.11304,0.10084,0.11203
NDMCHighDarkPTZ_Individual:32,0.0315,0.108,0.09483,0.01678,0.01604,0.04,0.08108,0.10256,0.0,0.02041,0.02941,0.0,0.0
NDMCHighDarkPTZ_Individual:13,0.04069,0.11364,0.11055,0.07547,0.16484,0.14592,0.15762,0.19154,0.1925,0.125,0.14617,0.19452,0.14096
NDMCHighDarkPTZ_Individual:12,0.00926,0.05185,0.15986,0.10899,0.09012,0.01622,0.03478,0.01515,0.02404,0.02652,0.09375,0.03534,0.06618
NDMCHighDarkPTZ_Individual:7;,0.02062,0.0442,0.0915,0.14976,0.09963,0.08696,0.06,0.00775,0.04698,0.00735,0.016,0.0,0.01111
NDMCHighDarkPTZ_Individual:10,0.0,0.04633,0.07512,0.08416,0.11111,0.01064,0.09091,0.16981,0.08955,0.0303,0.07018,0.09615,0.07937
NDMCHighDarkPTZ_Individual:17,0.10112,0.10204,0.08696,0.17391,0.08333,0.19048,0.0,0.13158,0.08333,0.28571,0.25,0.3,0.17188
NDMCHighDarkPTZ_Individual:16,0.08605,0.09615,0.11207,0.11899,0.12913,0.11795,0.0817,0.14094,0.20574,0.17695,0.16583,0.175,0.20736
NDMCHighDarkPTZ_Individual:15,0.2,0.25,0.29885,0.24638,0.25962,0.25,0.32308,0.29762,0.29508,0.37313,0.22449,0.2875,0.26471
NDMCHighDarkPTZ_Individual:14,0.04211,0.12903,0.15625,0.14,0.21082,0.2619,0.12329,0.17647,0.0,0.22609,0.13333,0.1913,0.13793
OSU6162DarkPTZ_Individual:8;,0.03175,0.05,0.07645,0.11111,0.03093,0.06504,0.07895,0.08421,0.22131,0.11155,0.09174,0.11111,0.05177
OSU6162DarkPTZ_Individual:48,0.02469,0.08556,0.12766,0.15152,0.1326,0.14043,0.18269,0.16384,0.15625,0.14208,0.16393,0.1358,0.12205
OSU6162DarkPTZ_Individual:4;,0.03006,0.14173,0.08974,0.12245,0.20915,0.14595,0.2234,0.23704,0.2037,0.14184,0.16265,0.1982,0.14692
OSU6162DarkPTZ_Individual:40,0.04062,0.08861,0.1,0.08642,0.08624,0.08632,0.11357,0.09535,0.12057,0.09819,0.12113,0.1083,0.07034
OSU6162DarkPTZ_Individual:41,0.02201,0.09174,0.15152,0.10526,0.29412,0.21569,0.26531,0.22535,0.18056,0.23585,0.18889,0.20423,0.12069
OSU6162DarkPTZ_Individual:42,0.02882,0.0758,0.03371,0.16364,0.03125,0.12571,0.14286,0.12,0.14414,0.13962,0.13182,0.14932,0.16429
OSU6162DarkPTZ_Individual:43,0.2,0.16763,0.10734,0.16078,0.1506,0.14516,0.21477,0.10465,0.2236,0.0,0.14545,0.17073,0.15686
OSU6162DarkPTZ_Individual:44,0.03202,0.125,0.13483,0.17391,0.16667,0.13793,0.10417,0.09091,0.10484,0.04651,0.06604,0.17188,0.20588
OSU6162DarkPTZ_Individual:45,0.02131,0.13333,0.1,0.07538,0.08,0.07547,0.01167,0.08571,0.06324,0.05839,0.0625,0.07099,0.0757
OSU6162DarkPTZ_Individual:46,0.00531,0.08651,0.065,0.13918,0.14286,0.0979,0.10112,0.06775,0.08042,0.04154,0.0474,0.06195,0.05201
OSU6162DarkPTZ_Individual:47,0.03226,0.09483,0.03846,0.08871,0.07947,0.07865,0.12632,0.16176,0.09649,0.08197,0.12069,0.09091,0.08621
OSU6162DarkPTZ_Individual:2;,0.048,0.11538,0.17284,0.03774,0.07353,0.1068,0.09009,0.11594,0.1,0.20202,0.14545,0.03797,0.07246
OSU6162DarkPTZ_Individual:28,0.06825,0.18232,0.18519,0.19028,0.22599,0.20188,0.26064,0.20886,0.24107,0.15584,0.21939,0.14286,0.15205
OSU6162DarkPTZ_Individual:29,0.05167,0.09524,0.08814,0.13025,0.14583,0.13208,0.16667,0.12602,0.15896,0.20385,0.15772,0.17438,0.1385
OSU6162DarkPTZ_Individual:26,0.03716,0.10596,0.14754,0.21875,0.22222,0.15152,0.15254,0.12903,0.16471,0.14525,0.10303,0.15271,0.12838
OSU6162DarkPTZ_Individual:6;,0.05391,0.104,0.15842,0.16757,0.24419,0.35043,0.19643,0.28916,0.27607,0.2695,0.24823,0.2139,0.2378
OSU6162DarkPTZ_Individual:24,0.01485,0.05385,0.18571,0.15,0.06731,0.17143,0.18824,0.15504,0.13534,0.13559,0.06931,0.07576,0.10227
OSU6162DarkPTZ_Individual:25,0.12202,0.24583,0.11688,0.17568,0.11043,0.1123,0.14208,0.2087,0.17413,0.21477,0.14058,0.1745,0.19753
OSU6162DarkPTZ_Individual:22,0.05204,0.16667,0.09375,0.24675,0.14706,0.24444,0.26984,0.31481,0.10811,0.0,0.19351,0.17,0.15152
OSU6162DarkPTZ_Individual:23,0.01587,0.09605,0.17391,0.21649,0.08403,0.23077,0.2233,0.22222,0.21622,0.13008,0.15686,0.20339,0.30159
OSU6162DarkPTZ_Individual:20,0.032,0.09677,0.13187,0.14667,0.14103,0.0641,0.10417,0.27778,0.04878,0.11399,0.07614,0.08392,0.07229
OSU6162DarkPTZ_Individual:21,0.01269,0.06358,0.07692,0.13208,0.24528,0.15534,0.16667,0.30769,0.2766,0.16744,0.17172,0.14371,0.17969
OSU6162DarkPTZ_Individual:34,0.02582,0.08,0.16456,0.1831,0.29688,0.3,0.1375,0.2125,0.18018,0.175,0.15909,0.10185,0.08602
OSU6162DarkPTZ_Individual:38,0.03067,0.06303,0.08333,0.12069,0.12903,0.18478,0.11064,0.10169,0.11842,0.10108,0.15789,0.1284,0.14563
OSU6162DarkPTZ_Individual:35,0.01996,0.13939,0.10191,0.22936,0.11,0.12903,0.1244,0.13369,0.125,0.10891,0.14063,0.195,0.12088
OSU6162DarkPTZ_Individual:27,0.00617,0.02652,0.04587,0.11224,0.03883,0.06536,0.12258,0.05729,0.09353,0.06796,0.0597,0.08824,0.04274
OSU6162DarkPTZ_Individual:11,0.03143,0.1029,0.12658,0.15819,0.19816,0.2234,0.17195,0.23563,0.13675,0.25581,0.1134,0.18571,0.25309
OSU6162DarkPTZ_Individual:37,0.0099,0.07489,0.07742,0.12871,0.12821,0.09184,0.17708,0.1117,0.06863,0.12593,0.10526,0.21212,0.13605
OSU6162DarkPTZ_Individual:36,0.06338,0.1284,0.1694,0.09494,0.11224,0.11111,0.20918,0.12298,0.1194,0.17347,0.16038,0.12727,0.10833
OSU6162DarkPTZ_Individual:5;,0.15347,0.20833,0.21951,0.19298,0.19403,0.24719,0.1039,0.22535,0.21667,0.13095,0.10833,0.22556,0.14474
OSU6162DarkPTZ_Individual:9;,0.01186,0.07179,0.08,0.24,0.13592,0.11429,0.16495,0.10156,0.12299,0.26596,0.23494,0.21429,0.18182
OSU6162DarkPTZ_Individual:31,0.05489,0.14829,0.10741,0.19835,0.14286,0.12727,0.112,0.09353,0.16667,0.12889,0.11864,0.15,0.10574
OSU6162DarkPTZ_Individual:30,0.01024,0.14973,0.13043,0.1027,0.14692,0.22941,0.18792,0.25862,0.22609,0.20482,0.15068,0.14124,0.21176
OSU6162DarkPTZ_Individual:1;,0.02012,0.12085,0.10959,0.1162,0.07591,0.14216,0.10938,0.19066,0.18049,0.15593,0.08791,0.18018,0.1701
OSU6162DarkPTZ_Individual:19,0.01202,0.07649,0.15982,0.08947,0.11947,0.13178,0.13699,0.14228,0.12558,0.1619,0.14607,0.1761,0.23636
OSU6162DarkPTZ_Individual:18,0.00894,0.06231,0.0708,0.10606,0.12308,0.09722,0.1,0.09459,0.09312,0.11842,0.13043,0.0814,0.19643
OSU6162DarkPTZ_Individual:39,0.01763,0.16972,0.10092,0.14167,0.14717,0.13333,0.20874,0.13942,0.19424,0.1828,0.14433,0.18939,0.16599
OSU6162DarkPTZ_Individual:33,0.14943,0.1087,0.22,0.1383,0.17544,0.21818,0.19192,0.18919,0.16456,0.14103,0.18966,0.13514,0.125
OSU6162DarkPTZ_Individual:3;,0.02,0.02985,0.04403,0.17647,0.13415,0.11111,0.12037,0.11852,0.11364,0.06612,0.13527,0.09774,0.06842
OSU6162DarkPTZ_Individual:32,0.00511,0.04057,0.10714,0.11176,0.11194,0.13125,0.14748,0.15714,0.12064,0.18391,0.12984,0.13182,0.15405
OSU6162DarkPTZ_Individual:13,0.04242,0.04403,0.07921,0.11034,0.01449,0.08247,0.05422,0.11236,0.10476,0.03774,0.07273,0.1,0.02521
OSU6162DarkPTZ_Individual:12,0.00828,0.08738,0.13333,0.08163,0.12,0.10687,0.09091,0.15556,0.05435,0.10976,0.1203,0.07059,0.14474
OSU6162DarkPTZ_Individual:7;,0.03636,0.16872,0.18261,0.23571,0.22727,0.20833,0.15574,0.1875,0.24432,0.22826,0.22047,0.32,0.224
OSU6162DarkPTZ_Individual:10,0.04249,0.10526,0.11236,0.15957,0.24286,0.23256,0.30952,0.27273,0.12994,0.34426,0.18483,0.20339,0.17699
OSU6162DarkPTZ_Individual:17,0.01481,0.05422,0.05279,0.13793,0.11842,0.09569,0.0898,0.0817,0.11583,0.05394,0.09091,0.13755,0.06478
OSU6162DarkPTZ_Individual:16,0.03636,0.10788,0.23188,0.19355,0.32609,0.34375,0.38298,0.23016,0.25641,0.20635,0.17925,0.12355,0.15714
OSU6162DarkPTZ_Individual:15,0.06957,0.33333,0.17722,0.22642,0.18085,0.24113,0.22404,0.16364,0.16374,0.15929,0.14074,0.05455,0.18644
OSU6162DarkPTZ_Individual:14,0.05869,0.07214,0.09453,0.07895,0.1087,0.17221,0.12982,0.09396,0.10127,0.10947,0.12465,0.14328,0.09375
PCAP1DarkPTZ_Individual:8;,0.03125,0.0493,0.05,0.07042,0.11409,0.21875,0.10417,0.10526,0.10476,0.00468,0.00885,0.0471,0.08019
PCAP1DarkPTZ_Individual:48,0.00466,0.03134,0.1066,0.05668,0.09302,0.21354,0.09854,0.1087,0.1791,0.125,0.11881,0.16754,0.14545
PCAP1DarkPTZ_Individual:4;,0.0251,0.04469,0.05612,0.14504,0.14815,0.23622,0.15686,0.275,0.12315,0.13492,0.11917,0.17742,0.17699
PCAP1DarkPTZ_Individual:40,0.02524,0.11111,0.13559,0.08772,0.18868,0.15,0.24752,0.08219,0.19231,0.2,0.17204,0.16588,0.20588
PCAP1DarkPTZ_Individual:41,0.02808,0.0514,0.04833,0.10067,0.08411,0.22222,0.17778,0.18182,0.10204,0.16456,0.24286,0.1811,0.19565
PCAP1DarkPTZ_Individual:42,0.02208,0.16216,0.14634,0.16981,0.24138,0.13684,0.16107,0.22727,0.18919,0.08029,0.09756,0.08403,0.10056
PCAP1DarkPTZ_Individual:43,0.01727,0.08046,0.09231,0.12037,0.17284,0.22642,0.14286,0.14917,0.12945,0.14453,0.15429,0.14815,0.11047
PCAP1DarkPTZ_Individual:44,0.03458,0.06918,0.125,0.19355,0.19444,0.07874,0.07104,0.12571,0.05882,0.18571,0.26563,0.13095,0.18621
PCAP1DarkPTZ_Individual:45,0.0184,0.06383,0.09375,0.10417,0.09467,0.13187,0.17083,0.10985,0.1564,0.15094,0.16154,0.09934,0.13869
PCAP1DarkPTZ_Individual:46,0.01176,0.07031,0.23188,0.1831,0.20155,0.14815,0.1625,0.2,0.3662,0.2,0.5,0.21903,0.21018
PCAP1DarkPTZ_Individual:47,0.03614,0.06426,0.09881,0.08051,0.16878,0.06557,0.13198,0.15068,0.21277,0.16406,0.18182,0.1991,0.23626
PCAP1DarkPTZ_Individual:2;,0.00559,0.0641,0.11245,0.10902,0.07006,0.16342,0.10701,0.13924,0.20183,0.23735,0.24554,0.24747,0.18723
PCAP1DarkPTZ_Individual:28,0.01208,0.07692,0.09836,0.11583,0.10726,0.10599,0.26877,0.10368,0.20476,0.17791,0.16346,0.15859,0.12
PCAP1DarkPTZ_Individual:29,0.03361,0.07879,0.16667,0.14159,0.19255,0.16901,0.12568,0.1831,0.19731,0.13043,0.18243,0.27358,0.21583
PCAP1DarkPTZ_Individual:26,0.02,0.10417,0.11594,0.24658,0.07317,0.14773,0.12987,0.13636,0.07194,0.11957,0.15686,0.22222,0.12338
PCAP1DarkPTZ_Individual:6;,0.01807,0.15094,0.14583,0.21646,0.09774,0.10894,0.0896,0.10811,0.1677,0.11742,0.08303,0.18376,0.0795
PCAP1DarkPTZ_Individual:24,0.02716,0.05108,0.08014,0.11702,0.14035,0.14035,0.19807,0.2007,0.16733,0.13028,0.14237,0.10191,0.12185
PCAP1DarkPTZ_Individual:25,0.01881,0.06667,0.1875,0.12291,0.19653,0.18803,0.13174,0.16031,0.21622,0.2,0.18349,0.15337,0.2029
PCAP1DarkPTZ_Individual:22,0.0069,0.06329,0.05752,0.14163,0.16667,0.12568,0.12791,0.19065,0.13203,0.09699,0.15974,0.11297,0.18782
PCAP1DarkPTZ_Individual:23,0.00617,0.05189,0.15217,0.05195,0.28571,0.07692,0.0,0.02128,0.10204,0.17949,0.11111,0.28986,0.11579
PCAP1DarkPTZ_Individual:20,0.01581,0.05921,0.15702,0.0625,0.11567,0.11111,0.11321,0.14839,0.13812,0.08257,0.12319,0.09211,0.12575
PCAP1DarkPTZ_Individual:21,0.01253,0.25532,0.23077,0.15909,0.05714,0.21277,0.09524,0.32353,0.32,0.08929,0.17582,0.13699,0.16364
PCAP1DarkPTZ_Individual:34,0.04054,0.08989,0.11579,0.06803,0.14286,0.125,0.12048,0.21111,0.14103,0.10526,0.14286,0.10084,0.15
PCAP1DarkPTZ_Individual:38,0.08407,0.125,0.17355,0.08621,0.20238,0.10345,0.16162,0.11538,0.12931,0.13139,0.125,0.13084,0.14
PCAP1DarkPTZ_Individual:35,0.01024,0.01408,0.04975,0.10667,0.19388,0.25714,0.14286,0.12346,0.18182,0.13699,0.25424,0.20588,0.2
PCAP1DarkPTZ_Individual:27,0.04464,0.22222,0.09639,0.07759,0.16,0.125,0.13043,0.14583,0.08029,0.11481,0.11765,0.12644,0.1308
PCAP1DarkPTZ_Individual:11,0.0,0.0201,0.05147,0.09091,0.09709,0.06322,0.02509,0.01714,0.05882,0.09783,0.09184,0.09434,0.12844
PCAP1DarkPTZ_Individual:37,0.07742,0.11808,0.12766,0.12027,0.11538,0.15646,0.22772,0.11662,0.16418,0.12539,0.11348,0.09744,0.10496
PCAP1DarkPTZ_Individual:36,0.00543,0.12621,0.13725,0.15929,0.23448,0.16429,0.2716,0.2735,0.1215,0.15441,0.09459,0.12409,0.11321
PCAP1DarkPTZ_Individual:5;,0.04762,0.10156,0.06667,0.24051,0.28244,0.28689,0.22078,0.15934,0.17857,0.18,0.22951,0.16667,0.12857
PCAP1DarkPTZ_Individual:9;,0.01471,0.03534,0.0878,0.12712,0.15152,0.06164,0.09596,0.12903,0.09217,0.09626,0.12308,0.11215,0.21429
PCAP1DarkPTZ_Individual:31,0.02264,0.15323,0.08108,0.0813,0.16234,0.14729,0.11628,0.04965,0.1345,0.18563,0.16949,0.18056,0.125
PCAP1DarkPTZ_Individual:30,0.04334,0.14894,0.33333,0.28148,0.21552,0.22667,0.20773,0.29762,0.25,0.25854,0.33333,0.25806,0.29064
PCAP1DarkPTZ_Individual:1;,0.04308,0.05911,0.19355,0.18605,0.14085,0.14286,0.14815,0.22807,0.15789,0.26154,0,0.0,0.22581
PCAP1DarkPTZ_Individual:19,0.02623,0.06148,0.04651,0.10698,0.11934,0.16981,0.2426,0.15353,0.19919,0.19457,0.21196,0.19333,0.21622
PCAP1DarkPTZ_Individual:18,0.01061,0.17453,0.18519,0.16099,0.18254,0.24014,0.1761,0.21324,0.12828,0.16776,0.09186,0.12141,0.09894
PCAP1DarkPTZ_Individual:39,0.08108,0.28302,0.20635,0.14545,0.16176,0.16393,0.28378,0.14444,0.14667,0.14516,0.34884,0.10582,0.11765
PCAP1DarkPTZ_Individual:33,0.00358,0.01667,0.02151,0.10769,0.05755,0.1098,0.12579,0.09479,0.04324,0.04505,0.07237,0.09649,0.06965
PCAP1DarkPTZ_Individual:3;,0.02333,0.0791,0.03984,0.1145,0.11739,0.12295,0.14045,0.20492,0.2625,0.125,0.14013,0.09091,0.23333
PCAP1DarkPTZ_Individual:32,0.0,0.01252,0.02184,0.03371,0.05988,0.06158,0.11818,0.05306,0.06745,0.11765,0.09756,0.15672,0.13636
PCAP1DarkPTZ_Individual:13,0.0355,0.05076,0.10825,0.08092,0.12903,0.1519,0.13793,0.09804,0.17391,0.24138,0.11538,0.17647,0.02448
PCAP1DarkPTZ_Individual:12,0.00707,0.00647,0.03911,0.05291,0.15429,0.07343,0.14741,0.21196,0.18018,0.22,0.21705,0.17082,0.17699
PCAP1DarkPTZ_Individual:7;,0.02027,0.07722,0.04712,0.07246,0.1,0.17188,0.09502,0.07037,0.10244,0.08763,0.08627,0.09692,0.18072
PCAP1DarkPTZ_Individual:10,0.01322,0.11847,0.0974,0.12563,0.0875,0.06,0.08511,0.11345,0.05914,0.185,0.11905,0.065,0.13253
PCAP1DarkPTZ_Individual:17,0.00286,0.01271,0.14504,0.06202,0.13333,0.15015,0.2,0.13279,0.13636,0.14951,0.15278,0.15159,0.11786
PCAP1DarkPTZ_Individual:16,0.02174,0.07955,0.11702,0.0939,0.15385,0.19048,0.13953,0.14167,0.16,0.14187,0.15854,0.22917,0.1634
PCAP1DarkPTZ_Individual:15,0.0202,0.01875,0.27586,0.13924,0.21555,0.11111,0.14706,0.49123,0.45455,0.24868,0.29749,0.24638,0.23697
PCAP1DarkPTZ_Individual:14,0.01703,0.05072,0.10057,0.1784,0.23293,0.18436,0.20065,0.26341,0.26168,0.23759,0.20392,0.19066,0.15816
PCAP2DarkPTZ_Individual:8;,0.02667,0.12955,0.08225,0.1044,0.06471,0.13359,0.09649,0.14458,0.12838,0.13776,0.07092,0.11673,0.11842
PCAP2DarkPTZ_Individual:48,0.05164,0.15102,0.09281,0.07202,0.06234,0.08911,0.07595,0.1495,0.11082,0.07735,0.07547,0.08914,0.08955
PCAP2DarkPTZ_Individual:4;,0.01287,0.0828,0.12667,0.1037,0.21176,0.22603,0.1828,0.24038,0.21176,0.34,0.23762,0.3125,0.19
PCAP2DarkPTZ_Individual:40,0.00855,0.10811,0.09434,0.11719,0.11728,0.11236,0.09474,0.11043,0.14194,0.08609,0.06748,0.06286,0.0754
PCAP2DarkPTZ_Individual:41,0.02899,0.07282,0.1697,0.1048,0.14286,0.15584,0.16034,0.06294,0.125,0.15426,0.17935,0.18605,0.21111
PCAP2DarkPTZ_Individual:42,0.03779,0.07071,0.11538,0.08099,0.09375,0.08791,0.1,0.09942,0.15267,0.20149,0.09945,0.17424,0.10101
PCAP2DarkPTZ_Individual:43,0.00787,0.07576,0.08025,0.11673,0.0974,0.12684,0.09348,0.06234,0.08673,0.06771,0.07552,0.08555,0.07337
PCAP2DarkPTZ_Individual:44,0.06667,0.04348,0.0375,0.03759,0.0,0.0625,0.09225,0.09124,0.00406,0.12805,0.19048,0.13265,0.12045
PCAP2DarkPTZ_Individual:45,0.01282,0.08861,0.0,0.16667,0.17778,0.10204,0.17105,0.0,0.02484,0.06926,0.024,0.02591,0.0
PCAP2DarkPTZ_Individual:46,0.04403,0.01087,0.0884,0.04292,0.05392,0.06173,0.08,0.05164,0.07851,0.05,0.05282,0.07358,0.10127
PCAP2DarkPTZ_Individual:47,0.10714,0.11588,0.13021,0.10615,0.07917,0.06618,0.05233,0.02332,0.07658,0.0,0.00413,0.03182,0.0293
PCAP2DarkPTZ_Individual:2;,0.02796,0.14793,0.15603,0.11834,0.06604,0.24603,0.19403,0.2451,0.23077,0.2381,0.24731,0.20732,0.2
PCAP2DarkPTZ_Individual:28,0.07609,0,0.05,0.06154,0.04673,0.09701,0.06667,0.05495,0.12397,0.12346,0.09434,0.05618,0.07874
PCAP2DarkPTZ_Individual:29,0.03137,0.10959,0.18681,0.17544,0.16779,0.19149,0.22314,0.225,0.15663,0.09,0.20588,0.1,0.09804
PCAP2DarkPTZ_Individual:26,0.09901,0.12195,0.11565,0.15441,0.2284,0.20567,0.16912,0.23308,0.20611,0.26733,0.25,0.29032,0.28283
PCAP2DarkPTZ_Individual:6;,0.04215,0.13889,0.20202,0.31343,0.27907,0.17021,0.23232,0.25,0.0,0.25287,0.0,0.33708,0.14286
PCAP2DarkPTZ_Individual:24,0.14851,0.10345,0.08974,0.08649,0.13636,0.12766,0.08,0.12353,0.12,0.12281,0.09009,0.1,0.08523
PCAP2DarkPTZ_Individual:25,0.08911,0.15354,0.23868,0.22857,0.24895,0.28889,0.27273,0.25789,0.23438,0.34188,0.22596,0.17886,0.12745
PCAP2DarkPTZ_Individual:22,0.02336,0.04255,0.03378,0.06897,0.08989,0.0625,0.10628,0.13793,0.14599,0.06667,0.11613,0.10828,0.08989
PCAP2DarkPTZ_Individual:23,0.04603,0.09249,0.11336,0.08333,0.14352,0.14286,0.16667,0.1784,0.15723,0.19883,0.25,0.09312,0.14229
PCAP2DarkPTZ_Individual:20,0.02381,0.04096,0.07438,0.09738,0.08226,0.07164,0.08031,0.09509,0.06599,0.08677,0.09451,0.08621,0.03137
PCAP2DarkPTZ_Individual:21,0.02419,0.04698,0.04167,0.07634,0.04472,0.0748,0.14286,0.12169,0.13655,0.1048,0.12109,0.16461,0.12
PCAP2DarkPTZ_Individual:34,0.01202,0.03084,0.07006,0.07865,0.15385,0.09155,0.13333,0.15493,0.15837,0.17049,0.19286,0.17316,0.17958
PCAP2DarkPTZ_Individual:38,0.0049,0.02548,0.02222,0.07767,0.14286,0.09091,0.10326,0.11765,0.09548,0.07487,0.05288,0.08021,0.06566
PCAP2DarkPTZ_Individual:35,0.03881,0.11364,0.13253,0.1399,0.11538,0.11765,0.0625,0.05594,0.13065,0.10053,0.0625,0.09375,0.09494
PCAP2DarkPTZ_Individual:27,0.01435,0.04651,0.15816,0.18966,0.16783,0.17647,0.11927,0.17972,0.164,0.17143,0.16738,0.16915,0.16197
PCAP2DarkPTZ_Individual:11,0.03017,0.09016,0.18557,0.13223,0.16547,0.18421,0.03125,0.0,0.03371,0.07353,0.15556,0.19118,0.25532
PCAP2DarkPTZ_Individual:37,0.01546,0.08411,0.10072,0.28947,0.08547,0.16667,0.125,0.20548,0.17045,0.18182,0.14433,0.16667,0.13115
PCAP2DarkPTZ_Individual:36,0.03061,0.04878,0.0,0.09756,0.22034,0.08589,0.09589,0.11607,0.13636,0.11,0.12121,0.02273,0.08271
PCAP2DarkPTZ_Individual:5;,0.02049,0.1145,0.07097,0.16763,0.12745,0.12598,0.14876,0.09574,0.29545,0.16038,0.15556,0.1295,0.19708
PCAP2DarkPTZ_Individual:9;,0.02402,0.11966,0.22078,0.16049,0.15179,0.20155,0.33333,0.272,0.21101,0.41304,0.23148,0.31579,0.18261
PCAP2DarkPTZ_Individual:31,0.07143,0.16327,0.16667,0.25743,0.11765,0.19512,0.14634,0.04819,0.17857,0.17391,0.11905,0.21698,0.1978
PCAP2DarkPTZ_Individual:30,0.02564,0.14685,0.06569,0.13158,0.15464,0.15556,0.13534,0.25714,0.23358,0.21094,0.26531,0.11029,0.15789
PCAP2DarkPTZ_Individual:1;,0.10983,0.12791,0.15054,0.09545,0.1,0.09057,0.09945,0.1369,0.05778,0.11688,0.18692,0.05587,0.06829
PCAP2DarkPTZ_Individual:19,0.04787,0.12273,0.05096,0.13964,0.14085,0.16938,0.08876,0.0545,0.03239,0.00679,0.00314,0.00477,0.00209
PCAP2DarkPTZ_Individual:18,0.02885,0.17722,0.09524,0.08333,0.0942,0.125,0.0614,0.05747,0.09239,0.08148,0.13873,0.09694,0.1
PCAP2DarkPTZ_Individual:39,0.00943,0.05063,0.07258,0.06723,0.05714,0.05556,0.08163,0.05882,0.06306,0.12222,0.05833,0.15534,0.07447
PCAP2DarkPTZ_Individual:33,0.05691,0.08571,0.13514,0.152,0.20144,0.12791,0.19101,0.16026,0.06923,0.0,0.11111,0.17213,0.08333
PCAP2DarkPTZ_Individual:3;,0.03492,0.08571,0.08,0.13472,0.12844,0.1978,0.11268,0.19753,0.1383,0.18116,0.13559,0.21186,0.11321
PCAP2DarkPTZ_Individual:32,0.07,0.19512,0.24304,0.21288,0.22946,0.0,0.02,0.0,0.0,0.0,0.07609,0.10784,0.04225
PCAP2DarkPTZ_Individual:13,0.10145,0.1039,0.20721,0.10227,0.13,0,0.0,0.02643,0.0,0.00461,0.0,0.06164,0.0
PCAP2DarkPTZ_Individual:12,0.00948,0.09694,0.12,0.124,0.11236,0.1246,0.17447,0.18672,0.224,0.14126,0.16854,0.11622,0.16045
PCAP2DarkPTZ_Individual:7;,0.01426,0.00617,0.07519,0.12264,0.11055,0.11236,0.09231,0.1194,0.09474,0.17413,0.11872,0.125,0.13953
PCAP2DarkPTZ_Individual:10,0.07296,0.25926,0.2439,0.10769,0.28571,0.24528,0.10526,0.21649,0.19118,0.07792,0.21739,0.22989,0.31579
PCAP2DarkPTZ_Individual:17,0.03097,0.0,0.03636,0.04918,0.11111,0.08333,0.07778,0.14545,0.2,0.125,0.18182,0.15294,0.10256
PCAP2DarkPTZ_Individual:16,0.10303,0.14286,0.2378,0.14458,0.24096,0.11392,0.17318,0.21547,0.20118,0.09548,0.20732,0.15104,0.16425
PCAP2DarkPTZ_Individual:15,0.04,0.22892,0.22727,0.15441,0.18056,0.25191,0.1789,0.14056,0.14173,0.13816,0.15847,0.17,0.17763
PCAP2DarkPTZ_Individual:14,0.02247,0.09615,0.12403,0.07143,0.07568,0.20408,0.08871,0.15686,0.07586,0.14925,0.12698,0.06341,0.06623
PCAP814DarkPTZ_Individual:8;,0.12264,0.13333,0.19444,0.15385,0.08108,0.09804,0.22727,0.21429,0.16667,0.24138,0.04,0.03279,0.07407
PCAP814DarkPTZ_Individual:48,0.02381,0.11585,0.16667,0.19171,0.15203,0.19923,0.19697,0.15926,0.18987,0.22222,0.11789,0.15613,0.18182
PCAP814DarkPTZ_Individual:4;,0.22611,0.23961,1.0,0.09091,0.13636,0.15068,0.16993,0.1958,0.12155,0.08955,0.13068,0.10728,0.07792
PCAP814DarkPTZ_Individual:40,0.01274,0.07801,0.06211,0.10294,0.05051,0.08696,0.23729,0.08108,0.19318,0.17544,0.13514,0.0922,0.04575
PCAP814DarkPTZ_Individual:41,0.02885,0.12308,0.16667,0.16162,0.11785,0.07109,0.06746,0.04848,0.0491,0.0731,0.04167,0.05147,0.06509
PCAP814DarkPTZ_Individual:42,0.11888,0.03493,0.06283,0.13043,0.10667,0.21429,0.0,0.05357,0.13235,0.10435,0.16092,0.10317,0.03947
PCAP814DarkPTZ_Individual:43,0.06383,0.0303,0.02439,0.10667,0.10526,0.08235,0.08333,0.11475,0.08696,0.08046,0.05455,0.14737,0.125
PCAP814DarkPTZ_Individual:44,0.03756,0.125,0.07368,0.18072,0.17391,0.11458,0.0566,0.10569,0.05618,0.13559,0.19048,0.09375,0.12658
PCAP814DarkPTZ_Individual:45,0.08633,0.12857,0.10067,0.09467,0.06338,0.10897,0.12097,0.1,0.04895,0.04889,0.0102,0.08257,0.0641
PCAP814DarkPTZ_Individual:46,0.10417,0.04895,0.07143,0.08046,0.03846,0.12593,0.0463,0.11515,0.07547,0.08594,0.02273,0.0438,0.03797
PCAP814DarkPTZ_Individual:47,0.05286,0.0828,0.12025,0.06757,0.10549,0.07265,0.08,0.03644,0.11111,0.06369,0.07339,0.06207,0.01508
PCAP814DarkPTZ_Individual:2;,0.0,0.00901,0.09302,0.07197,0.08302,0.0625,0.06647,0.02663,0.03042,0.02885,0.01802,0.02281,0.03043
PCAP814DarkPTZ_Individual:28,0.09877,0.09649,0.0315,0.04142,0.03896,0.03763,0.08824,0.03571,0.03468,0.10897,0.0565,0.11058,0.05556
PCAP814DarkPTZ_Individual:29,0.06329,0.06098,0.03261,0.05618,0.07345,0.05952,0.08844,0.10811,0.06294,0.05769,0.115,0.10112,0.0878
PCAP814DarkPTZ_Individual:26,0.0,0.00794,0.07947,0.14674,0.14674,0.0625,0.06977,0.07453,0.03347,0.01626,0.02254,0.01633,0.0195
PCAP814DarkPTZ_Individual:6;,0.03165,0.06542,0.01923,0.01245,0.03604,0.02098,0.0239,0.01356,0.00342,0.0,0.01111,0.02143,0.0146
PCAP814DarkPTZ_Individual:24,0.03115,0.06061,0.03125,0.10949,0.12821,0.07407,0.08738,0.07759,0.09677,0.04762,0.10345,0.07692,0.1087
PCAP814DarkPTZ_Individual:25,0.03252,0.04321,0.03723,0.09574,0.05941,0.09699,0.08795,0.07447,0.05189,0.06452,0.05213,0.06593,0.03158
PCAP814DarkPTZ_Individual:22,0.01714,0.09524,0.05217,0.03209,0.02214,0.06433,0.01114,0.03072,0.06468,0.07658,0.09272,0.08257,0.06829
PCAP814DarkPTZ_Individual:23,0.04639,0.09028,0.08276,0.0,0.05455,0.03297,0.07921,0.15441,0.04615,0.0559,0.0479,0.07087,0.05618
PCAP814DarkPTZ_Individual:20,0.11538,0.045,0.08835,0.08523,0.05932,0.07339,0.04508,0.06466,0.07669,0.04878,0.06909,0.05069,0.04104
PCAP814DarkPTZ_Individual:21,0.02336,0.08861,0.08815,0.1164,0.05926,0.1,0.09615,0.0765,0.09091,0.0565,0.1,0.09302,0.07778
PCAP814DarkPTZ_Individual:34,0.10127,0.03922,0.07143,0.05,0.02222,0.03846,0.03448,0.0625,0.07143,0.09091,0.05263,0.0,0.0375
PCAP814DarkPTZ_Individual:38,0.03396,0.08621,0.06452,0.1087,0.06329,0.09036,0.08242,0.05634,0.07895,0.13333,0.06573,0.14778,0.09766
PCAP814DarkPTZ_Individual:35,0.06723,0.09489,0.09016,0.12844,0.08036,0.07087,0.05488,0.05109,0.06383,0.01754,0.01176,0.0122,0.0113
PCAP814DarkPTZ_Individual:27,0.1375,0.11207,0.14729,0.15484,0.09831,0.06977,0.02929,0.05202,0.04605,0.05263,0.02994,0.02186,0.01802
PCAP814DarkPTZ_Individual:11,0.0,0.0,0.0,0.0,0.0,0.0,0,0,0,0,0,0,0
PCAP814DarkPTZ_Individual:37,0.02062,0.05439,0.21212,0.07447,0.12273,0.04762,0.12987,0.1,0.10526,0.05495,0.10127,0.11811,0.09714
PCAP814DarkPTZ_Individual:36,0.05906,0.01307,0.02597,0.04211,0.03409,0.07143,0.02105,0.01,0.02273,0.0202,0.0,0.01075,0.0101
PCAP814DarkPTZ_Individual:5;,0.0,0.04673,0.07407,0.10638,0.07634,0.05747,0.03896,0.04188,0.02326,0.01709,0.1,0.04839,0.06061
PCAP814DarkPTZ_Individual:9;,0.05928,0.06367,0.08871,0.11828,0.11842,0.10938,0.11111,0.04286,0.07143,0.02941,0.03846,0.12,0.03279
PCAP814DarkPTZ_Individual:31,0.0,0.05405,0.0,0.0,0.0,0.0,0.0,0.0,0.0,0.0,0.0,0.0,0.0
PCAP814DarkPTZ_Individual:30,0,0.06306,0.05405,0.10435,0.14423,0.11404,0.16466,0.09065,0.10398,0.05678,0.03462,0.03258,0.05
PCAP814DarkPTZ_Individual:1;,0.05556,0.16129,0.06522,0.10127,0.09783,0.06,0.10215,0.08333,0.10781,0.03448,0.00964,0.039,0.03344
PCAP814DarkPTZ_Individual:19,0.05233,0.1028,0.1028,0.13778,0.08712,0.10116,0.09032,0.11745,0.13814,0.11,0.11191,0.11636,0.14022
PCAP814DarkPTZ_Individual:18,0.03333,0.13223,0.18705,0.1,0.06369,0.09231,0.07647,0.13869,0.11039,0.07792,0.13793,0.06286,0.11194
PCAP814DarkPTZ_Individual:39,0.01412,0.07692,0.07692,0.08571,0.06796,0.06061,0.05797,0.10784,0.0885,0.14063,0.07627,0.10526,0.05634
PCAP814DarkPTZ_Individual:33,0.03846,0.0708,0.0,0.0,0.0101,0.0,0.0,0.0,0.0,0.01235,0.0,0.0,0.0
PCAP814DarkPTZ_Individual:3;,0.04167,0.00806,0.0456,0.10965,0.04789,0.02611,0.00435,0.01311,0.00897,0.0219,0.01515,0.0,0.01786
PCAP814DarkPTZ_Individual:32,0.0,0.12,0.05714,0.08451,0.04478,0.05556,0.02247,0.04054,0.09091,0.10256,0.12069,0.04651,0.08824
PCAP814DarkPTZ_Individual:13,0.03072,0.07895,0.14516,0.1134,0.144,0.10274,0.1157,0.12613,0.11446,0.13245,0.125,0.13333,0.15
PCAP814DarkPTZ_Individual:12,0.16071,0.12121,0.06897,0.02941,0.0,0.0,0.0,0.09524,0.0,0.1,0,0.33333,0
PCAP814DarkPTZ_Individual:7;,0.07463,0.05556,0.11111,0.02273,0.05,0.03509,0.19048,0.09524,0.04,0.05405,0.0625,0.03571,0.05556
PCAP814DarkPTZ_Individual:10,0.06667,0.09483,0.09877,0.05208,0.05405,0.07692,0.16667,0.06122,0.07477,0.04545,0.07937,0.02439,0.01333
PCAP814DarkPTZ_Individual:17,0.02326,0.10465,0.12658,0.05714,0.11957,0.09091,0.09184,0.01724,0.09639,0.0119,0.0303,0.05435,0.22222
PCAP814DarkPTZ_Individual:16,0.08667,0.08108,0.15493,0.2619,0.12844,0.16071,0.17518,0.16038,0.23697,0.09459,0.14097,0.2027,0.16393
PCAP814DarkPTZ_Individual:15,0.03509,0.08264,0.06024,0.08,0.02311,0.10744,0.13699,0.06087,0.15607,0.0873,0.11111,0.11486,0.10191
PCAP814DarkPTZ_Individual:14,0.10881,0.08434,0.05904,0.08365,0.0628,0.0628,0.05993,0.10163,0.1,0.10566,0.08357,0.11525,0.11962
PCAP931DarkPTZ_Individual:8;,0.01606,0.03438,0.0463,0.0578,0.06182,0.08854,0.06763,0.06286,0.01587,0.01176,0.05063,0.02752,0.03333
PCAP931DarkPTZ_Individual:48,0.01894,0.02128,0.08696,0.06494,0.13433,0.11017,0.0814,0.08036,0.07317,0.10448,0.11806,0.01818,0.075
PCAP931DarkPTZ_Individual:4;,0.02717,0.06569,0.06897,0.03906,0.06306,0.06944,0.13971,0.05389,0.06977,0.09302,0.11972,0.10471,0.09645
PCAP931DarkPTZ_Individual:40,0.04,0.02632,0.02703,0.08,0.14815,0.09259,0.10791,0.12903,0.1087,0.0,0.04545,0.08696,0.0
PCAP931DarkPTZ_Individual:41,0.02051,0.05556,0.03125,0.07576,0.16447,0.07042,0.08929,0.17204,0.04813,0.10294,0.08036,0.24779,0.25
PCAP931DarkPTZ_Individual:42,0.01404,0.04324,0.07609,0.18018,0.12745,0.15924,0.20446,0.12766,0.15248,0.14332,0.13565,0.13804,0.13565
PCAP931DarkPTZ_Individual:43,0.00988,0.03003,0.04054,0.08642,0.11173,0.08696,0.13423,0.07143,0.10738,0.09662,0.05155,0.09639,0.06612
PCAP931DarkPTZ_Individual:44,0.00969,0.04268,0.025,0.04487,0.02367,0.19018,0.03497,0.05213,0.095,0.05405,0.09626,0.08671,0.0795
PCAP931DarkPTZ_Individual:45,0.00388,0.0,0.0,0.08621,0.1,0.10465,0.06667,0.14118,0.31579,0.02,0.16667,0.20896,0.16667
PCAP931DarkPTZ_Individual:46,0.01622,0.03042,0.04906,0.04348,0.00851,0.07143,0.07377,0.0625,0.0922,0.00345,0.13433,0.05263,0.0
PCAP931DarkPTZ_Individual:47,0.0188,0.02439,0.04678,0.03279,0.09259,0.05263,0.08163,0.02273,0.05263,0.19355,0.17647,0.13333,0.0
PCAP931DarkPTZ_Individual:2;,0.02655,0.07042,0.04724,0.09677,0.14045,0.1,0.16935,0.16949,0.11628,0.13333,0.17829,0.08333,0.14286
PCAP931DarkPTZ_Individual:28,0.02128,0.04505,0.08264,0.05263,0.05714,0.08654,0.07767,0.08824,0.03759,0.03125,0.05185,0.04167,0.02128
PCAP931DarkPTZ_Individual:29,0.06098,0.01493,0.19231,0.16667,0.25287,0.1,0.125,0.10377,0.09756,0.07586,0.07317,0.0102,0.00535
PCAP931DarkPTZ_Individual:26,0.07627,0.30303,0.01429,0.04444,0.05405,0.01667,0.03448,0.07937,0.10294,0.07692,0.14286,0.14103,0.05814
PCAP931DarkPTZ_Individual:6;,0.0069,0.0,0.08197,0.09091,0.13953,0.04386,0.05,0.06087,0.12371,0.07018,0.09677,0.05932,0.08696
PCAP931DarkPTZ_Individual:24,0.01549,0.01596,0.04673,0.0315,0.03947,0.10526,0.07692,0.03704,0.04348,0.02778,0.08889,0.07895,0.0
PCAP931DarkPTZ_Individual:25,0.01124,0.03175,0.05797,0.01429,0.0463,0.06098,0.07895,0.12903,0.0,0.03659,0.09615,0.03158,0.01527
PCAP931DarkPTZ_Individual:22,0.00867,0.03589,0.01316,0.06286,0.14286,0.05682,0.09901,0.16667,0.12821,0.08228,0.05236,0.11409,0.08861
PCAP931DarkPTZ_Individual:23,0.02713,0.01579,0.03873,0.02857,0.04054,0.0625,0.09735,0.13953,0.14286,0.04,0.2,0.07143,0.08
PCAP931DarkPTZ_Individual:20,0.03324,0.02899,0.05941,0.08197,0.11429,0.11321,0.06897,0.17742,0.08475,0.1,0.10667,0.11111,0.07143
PCAP931DarkPTZ_Individual:21,0.01603,0.06711,0.04762,0.0297,0.06215,0.09483,0.03731,0.125,0.1746,0.07368,0.00813,0.09346,0.0
PCAP931DarkPTZ_Individual:34,0.01232,0.0339,0.04464,0.11979,0.04375,0.07843,0.12727,0.20909,0.18902,0.18919,0.18713,0.13043,0.12903
PCAP931DarkPTZ_Individual:38,0.0124,0.02055,0.09434,0.0,0.0,0.14286,0.0,0.18182,0.05556,0.0,0.0,0.27027,0.16667
PCAP931DarkPTZ_Individual:35,0.00208,0.02055,0.0301,0.03891,0.06859,0.04167,0.02564,0.05983,0.125,0.07059,0.02439,0.09231,0.07865
PCAP931DarkPTZ_Individual:27,0.04678,0.03093,0.0875,0.11667,0.16364,0.10714,0.03704,0.12389,0.12644,0.05674,0.06599,0.04167,0.06667
PCAP931DarkPTZ_Individual:11,0.00536,0.01471,0.0625,0.00543,0.0583,0.1066,0.09938,0.02804,0.06081,0.1,0.08824,0.25974,0.15152
PCAP931DarkPTZ_Individual:37,0.00556,0.01124,0.09804,0.08547,0.11864,0.08333,0.15,0.11688,0.04615,0.07071,0.12346,0.12676,0.04494
PCAP931DarkPTZ_Individual:36,0.01285,0.0397,0.05106,0.01987,0.05217,0.0791,0.03125,0.10784,0.08333,0.10938,0.04587,0.1129,0.2
PCAP931DarkPTZ_Individual:5;,0.01493,0.05085,0.06329,0.06944,0.09677,0.11538,0.0,0.09615,0.04124,0.02439,0.0,0.09804,0.03704
PCAP931DarkPTZ_Individual:9;,0.00288,0.01068,0.01258,0.04444,0.07983,0.07886,0.06129,0.12346,0.07018,0.13408,0.07634,0.08257,0.0724
PCAP931DarkPTZ_Individual:31,0.00222,0.02217,0.02778,0.05078,0.05785,0.11765,0.28571,0.24138,0.25,0.07937,0.02885,0.08861,0.12195
PCAP931DarkPTZ_Individual:30,0.0122,0.08696,0.14894,0.13821,0.05921,0.05848,0.09259,0.08939,0.09554,0.04828,0.05161,0.12987,0.07927
PCAP931DarkPTZ_Individual:1;,0.02273,0.08333,0.0989,0.11009,0.14433,0.08197,0.08333,0.0,0.10268,0.08667,0.07914,0.0495,0.07377
PCAP931DarkPTZ_Individual:19,0.01467,0.04891,0.0,0.15278,0.21869,0.10596,0.18182,0.15094,0.07377,0.11561,0.0942,0.0678,0.0875
PCAP931DarkPTZ_Individual:18,0.0169,0.03965,0.07692,0.09333,0.06383,0.0,0.07692,0.10309,0.05,0.11494,0.14655,0.05674,0.15
PCAP931DarkPTZ_Individual:39,0.00823,0.00966,0.0307,0.08661,0.14744,0.08929,0.12,0.25263,0.17526,0.20755,0.14844,0.08081,0.07692
PCAP931DarkPTZ_Individual:33,0.01238,0.03825,0.05844,0.06522,0.11905,0.07265,0.09412,0.10448,0.10135,0.07692,0.08725,0.13043,0.10811
PCAP931DarkPTZ_Individual:3;,0.04673,0.07407,0.03472,0.15385,0.19835,0.17431,0.11364,0.08108,0.09615,0.10345,0.02239,0.06962,0.07921
PCAP931DarkPTZ_Individual:32,0.014,0.02813,0.03929,0.11392,0.04142,0.17284,0.09615,0.11765,0.0,0.125,0.0678,0.33333,0.10204
PCAP931DarkPTZ_Individual:13,0.03562,0.03077,0.0625,0.08197,0.08247,0.0641,0.04878,0.04167,0.2,0.05714,0.0,0.05455,0.04167
PCAP931DarkPTZ_Individual:12,0.02059,0.04382,0.21818,0.18,0.06667,0.33333,0.17742,0,0.16438,0.16667,0.30769,0.20192,0.2
PCAP931DarkPTZ_Individual:7;,0.01648,0.01678,0.04918,0.05464,0.03922,0.05645,0.04981,0.12069,0.08995,0.12329,0.08264,0.13235,0.13636
PCAP931DarkPTZ_Individual:10,0.02681,0.06145,0.0339,0.05556,0.05405,0.04274,0.07407,0.0,0.06299,0.04651,0.04938,0.03279,0.04651
PCAP931DarkPTZ_Individual:17,0.00601,0.0,0.01639,0.01136,0.08696,0.05376,0.13793,0.05556,0.07229,0.14493,0.04706,0.12121,0.20635
PCAP931DarkPTZ_Individual:16,0.01277,0.04305,0.02429,0.06061,0.04795,0.05405,0.04933,0.01639,0.02273,0.01255,0.0125,0.0,0.00763
PCAP931DarkPTZ_Individual:15,0.0177,0.02703,0.10227,0.0813,0.10145,0.1,0.14141,0.10924,0.05469,0.15942,0.07229,0.04636,0.12727
PCAP931DarkPTZ_Individual:14,0.01923,0.03815,0.09722,0.07042,0.10256,0.08333,0.04274,0.096,0.06329,0.08759,0.0814,0.06329,0.10101
