AripiprazoleDarkPTZ_Individual:8;,0.07692,0.07568,0.19014,0.2,0.1875,0.25,0.16923,0.15493,0.19101,0.15789,0.13402,0.14,0.12766
AripiprazoleDarkPTZ_Individual:48,0.125,0.0515,0.02769,0.06349,0.06522,0.04072,0.0709,0.06842,0.05479,0.07345,0.0375,0.03974,0.06135
AripiprazoleDarkPTZ_Individual:4;,0.08235,0.14022,0.10891,0.04762,0.05696,0.03352,0.03922,0.02235,0.06475,0.02674,0.05344,0.00508,0.07143
AripiprazoleDarkPTZ_Individual:40,0.15724,0.07282,0.08844,0.09,0.10687,0.09615,0.11702,0.0303,0.13178,0.08081,0.09449,0.0404,0.07792
AripiprazoleDarkPTZ_Individual:41,0.1318,0.10909,0.0875,0.06047,0.07186,0.06763,0.10303,0.07442,0.08543,0.10182,0.09417,0.09615,0.10837
AripiprazoleDarkPTZ_Individual:42,0.11667,0.09818,0.08706,0.12607,0.12867,0.08971,0.13803,0.17341,0.10231,0.1254,0.13158,0.15161,0.14222
AripiprazoleDarkPTZ_Individual:43,0.15436,0.09259,0.04444,0.03226,0.03191,0.04167,0.04425,0.02151,0.04167,0.03448,0.02439,0.01471,0.02804
AripiprazoleDarkPTZ_Individual:44,0.15927,0.09507,0.06471,0.11364,0.15789,0.06977,0.04878,0.19512,0.088,0.08475,0.08182,0.06316,0.07955
AripiprazoleDarkPTZ_Individual:45,0.15847,0.08915,0.09428,0.0355,0.05634,0.09231,0.06533,0.06289,0.04762,0.06742,0.07065,0.13869,0.08586
AripiprazoleDarkPTZ_Individual:46,0.05882,0.10067,0.04865,0.03419,0.03097,0.05882,0.04167,0.03463,0.0375,0.03175,0.08962,0.06557,0.04327
AripiprazoleDarkPTZ_Individual:47,0.10211,0.1236,0.06107,0.07186,0.072,0.05806,0.09459,0.03804,0.05,0.07303,0.03896,0.05641,0.10606
AripiprazoleDarkPTZ_Individual:2;,0.20381,0.09116,0.07821,0.07467,0.08544,0.05978,0.09412,0.10758,0.10185,0.09434,0.12381,0.07692,0.09091
AripiprazoleDarkPTZ_Individual:28,0.22718,0.08814,0.05556,0.05392,0.06075,0.03814,0.05376,0.09189,0.08808,0.04983,0.07083,0.08955,0.08636
AripiprazoleDarkPTZ_Individual:29,0.13348,0.04823,0.0,0.05674,0.07547,0.02198,0.06154,0.0339,0.0297,0.05236,0.0239,0.02326,0.04348
AripiprazoleDarkPTZ_Individual:26,0.19162,0.11765,0.09179,0.08148,0.10625,0.03704,0.07639,0.08904,0.10526,0.10169,0.09023,0.06486,0.09211
AripiprazoleDarkPTZ_Individual:6;,0.19363,0.07143,0.04128,0.05612,0.08537,0.06642,0.05508,0.08148,0.08621,0.12429,0.08021,0.06939,0.07727
AripiprazoleDarkPTZ_Individual:24,0.24887,0.09121,0.08145,0.12195,0.09396,0.08276,0.07429,0.05128,0.10204,0.11864,0.03378,0.05036,0.04808
AripiprazoleDarkPTZ_Individual:25,0.13971,0.06024,0.07237,0.06358,0.06135,0.06936,0.13483,0.08466,0.06341,0.14953,0.03947,0.09266,0.08633
AripiprazoleDarkPTZ_Individual:22,0.22426,0.04717,0.05161,0.07947,0.07558,0.08696,0.03704,0.06122,0.06034,0.08876,0.1117,0.09091,0.10084
AripiprazoleDarkPTZ_Individual:23,0.13228,0.1,0.04678,0.05063,0.03406,0.02821,0.08029,0.03879,0.06829,0.03734,0.11243,0.07576,0.08982
AripiprazoleDarkPTZ_Individual:20,0.14128,0.10061,0.04235,0.07207,0.10377,0.07874,0.07092,0.10465,0.06944,0.09375,0.06422,0.13793,0.02721
AripiprazoleDarkPTZ_Individual:21,0.13151,0.05226,0.06,0.06593,0.05621,0.05899,0.05212,0.06813,0.07959,0.06464,0.08262,0.10112,0.07979
AripiprazoleDarkPTZ_Individual:34,0.12,0.10651,0.25,0.04167,0.13889,0.13793,0.13514,0.16438,0.04762,0.0,0.15385,0.11111,0.24615
AripiprazoleDarkPTZ_Individual:38,0.13835,0.08696,0.07246,0.1519,0.06667,0.04505,0.14118,0.06283,0.09615,0.11823,0.12169,0.05505,0.06311
AripiprazoleDarkPTZ_Individual:35,0.19731,0.1814,0.20408,0.17949,0.16522,0.18667,0.20253,0.22222,0.22695,0.14286,0.24812,0.24051,0.21374
AripiprazoleDarkPTZ_Individual:27,0.19086,0.07229,0.11448,0.08205,0.07837,0.11111,0.14953,0.10411,0.13176,0.13812,0.15734,0.15696,0.13961
AripiprazoleDarkPTZ_Individual:11,0.1407,0.15047,0.16627,0.15187,0.12871,0.17375,0.18595,0.14948,0.11656,0.13158,0.15484,0.0878,0.09901
AripiprazoleDarkPTZ_Individual:37,0.13187,0.13876,0.11504,0.0885,0.10891,0.07801,0.21127,0.08889,0.14179,0.17647,0.1747,0.10476,0.08805
AripiprazoleDarkPTZ_Individual:36,0.10606,0.21505,0.16968,0.23016,0.27059,0.10714,0.15152,0.14286,0.10959,0.32394,0.16981,0.22973,0.13115
AripiprazoleDarkPTZ_Individual:5;,0.16044,0.07363,0.07836,0.11864,0.07194,0.0813,0.0929,0.08163,0.04264,0.04491,0.07778,0.08502,0.02941
AripiprazoleDarkPTZ_Individual:9;,0.15493,0.2268,0.18519,0.15541,0.20588,0.21519,0.144,0.17593,0.17045,0.2,0.18085,0.1875,0.21978
AripiprazoleDarkPTZ_Individual:31,0.10714,0.11749,0.18848,0.14754,0.14729,0.1194,0.14943,0.18812,0.16667,0.14679,0.10791,0.17323,0.17188
AripiprazoleDarkPTZ_Individual:30,0.13365,0.04592,0.04918,0.05882,0.09417,0.13061,0.11441,0.0996,0.08333,0.11043,0.11163,0.10177,0.10853
AripiprazoleDarkPTZ_Individual:1;,0.13122,0.14388,0.08333,0.09677,0.11966,0.10526,0.13918,0.125,0.07453,0.09714,0.05641,0.05455,0.07643
AripiprazoleDarkPTZ_Individual:19,0.20833,0.09339,0.03279,0.09868,0.07299,0.08673,0.11927,0.09091,0.09489,0.09326,0.11211,0.10204,0.1105
AripiprazoleDarkPTZ_Individual:18,0.16149,0.04663,0.01149,0.06557,0.10204,0.12941,0.05213,0.04306,0.07692,0.03774,0.16667,0.05442,0.08
AripiprazoleDarkPTZ_Individual:39,0.06575,0.04848,0,0.06593,0.06383,0.03077,0.04444,0.03371,0.12698,0.03614,0.13245,0.0,0.02128
AripiprazoleDarkPTZ_Individual:33,0.11966,0.14199,0.15403,0.16379,0.18491,0.14577,0.15102,0.0687,0.13983,0.15116,0.11111,0.17647,0.11443
AripiprazoleDarkPTZ_Individual:3;,0.16086,0.12549,0.10256,0.11538,0.08612,0.15341,0.04061,0.06623,0.16667,0.06349,0.02932,0.06683,0.04902
AripiprazoleDarkPTZ_Individual:32,0.14211,0.23134,0.13125,0.14141,0.2,0.22,0.18889,0.30189,0.15556,0.21622,0.2,0.08824,0.25758
AripiprazoleDarkPTZ_Individual:13,0.13913,0.07362,0.06962,0.12381,0.07692,0.07576,0.12963,0.05747,0.09195,0.05051,0.12632,0.11458,0.08411
AripiprazoleDarkPTZ_Individual:12,0.18011,0.09655,0.23134,0.07865,0.15,0.11409,0.08871,0.12102,0.20161,0.11667,0.08333,0.19588,0.16129
AripiprazoleDarkPTZ_Individual:7;,0.05556,0.1681,0.11885,0.05986,0.0566,0.08029,0.03636,0.08642,0.16667,0.20202,0.08974,0.08929,0.06329
AripiprazoleDarkPTZ_Individual:10,0.21505,0.18012,0.20205,0.17241,0.11111,0.10734,0.13115,0.09091,0.14607,0.0708,0.11475,0.10345,0.10811
AripiprazoleDarkPTZ_Individual:17,0.139,0.03385,0.03825,0.03101,0.10769,0.08,0.07813,0.03398,0.09052,0.07203,0.07671,0.07641,0.09959
AripiprazoleDarkPTZ_Individual:16,0.13793,0.05694,0.10577,0.05941,0.1215,0.09346,0.06723,0.11579,0.05789,0.0597,0.10714,0.08108,0.07258
AripiprazoleDarkPTZ_Individual:15,0.10098,0.06452,0.04651,0.04762,0.05825,0.16901,0.0814,0.01436,0.0,0.05941,0.02817,0.12766,0.05645
AripiprazoleDarkPTZ_Individual:14,0.11307,0.06452,0.11921,0.08609,0.02439,0.10185,0.10714,0.10303,0.14474,0.05172,0.15254,0.09955,0.1626
