CariprazineDarkPTZ_Individual:8;,0.02381,0.05072,0.01075,0.03261,0.01709,0.06081,0.08148,0.02793,0.04828,0.02941,0.07813,0.0155,0.00971
CariprazineDarkPTZ_Individual:48,0.03883,0.04151,0.00621,0.02239,0.02222,0.05172,0.02609,0.02344,0.00719,0.02759,0.0289,0.03937,0.01538
CariprazineDarkPTZ_Individual:4;,0.07373,0.05128,0.03097,0.04142,0.02222,0.01293,0.00676,0.03398,0.01843,0.0117,0.02162,0.01639,0.02
CariprazineDarkPTZ_Individual:40,0.0554,0.01143,0.0,0.07692,0.01351,0.01942,0.0,0.0,0.0,0.03488,0.0411,0.04545,0.00862
CariprazineDarkPTZ_Individual:41,0.0347,0.02759,0.0355,0.02222,0.00943,0.02439,0.0,0.01887,0.01439,0.01587,0.03191,0.01961,0.02479
CariprazineDarkPTZ_Individual:42,0.01651,0.03636,0.0,0.0,0.0,0.0,0.0122,0.01493,0.01852,0.03077,0.0,0.0,0.01923
CariprazineDarkPTZ_Individual:43,0.05319,0.01105,0.00571,0.016,0.01765,0.016,0.015,0.0102,0.01227,0.00935,0.00794,0.01493,0.03297
CariprazineDarkPTZ_Individual:44,0.02139,0.08271,0.00885,0.02128,0.05455,0.05926,0.02062,0.06796,0.04255,0.03061,0.04717,0.00917,0.04651
CariprazineDarkPTZ_Individual:45,0.03586,0.00518,0.01714,0.01563,0.01081,0.0099,0.01198,0.01914,0.02065,0.00794,0.02548,0.0251,0.02392
CariprazineDarkPTZ_Individual:46,0.05699,0.00794,0.03252,0.07,0.02804,0.0274,0.01053,0.05031,0.05376,0.04545,0.05319,0.01282,0.04348
CariprazineDarkPTZ_Individual:47,0.04305,0.02778,0.0,0.01205,0.01429,0.01205,0.0,0.02899,0.03922,0.02439,0.06122,0.0,0.02985
CariprazineDarkPTZ_Individual:2;,0.04151,0.02749,0.05185,0.0099,0.0119,0.01538,0.01563,0.0,0.04,0.00885,0.02174,0.01163,0.05405
CariprazineDarkPTZ_Individual:28,0.03215,0.0431,0.02424,0.01333,0.01345,0.00629,0.02703,0.00806,0.01299,0.00889,0.02299,0.03448,0.04348
CariprazineDarkPTZ_Individual:29,0.05177,0.03,0.01923,0.01717,0.008,0.0,0.01626,0.0102,0.0,0.0,0.00694,0.0,0.0
CariprazineDarkPTZ_Individual:26,0.05455,0.02105,0.02667,0.02793,0.00746,0.04348,0.01527,0.00719,0.02256,0.01493,0.02239,0.0,0.0
CariprazineDarkPTZ_Individual:6;,0.02331,0.02439,0.0,0.00472,0.0,0.01835,0.01613,0.0,0.01149,0.0057,0.00535,0.01709,0.01429
CariprazineDarkPTZ_Individual:24,0.02795,0.04494,0.0163,0.01515,0.01754,0.01325,0.01639,0.03448,0.0,0.03361,0.03846,0.02454,0.02759
CariprazineDarkPTZ_Individual:25,0.02676,0.01105,0.00787,0.03419,0.00758,0.01456,0.02791,0.0219,0.02381,0.03529,0.0,0.01762,0.02469
CariprazineDarkPTZ_Individual:22,0.02347,0.04264,0.04813,0.0221,0.03448,0.0,0.00952,0.04511,0.01299,0.01111,0.016,0.0,0.0137
CariprazineDarkPTZ_Individual:23,0.0325,0.03185,0.02703,0.01987,0.00617,0.00935,0.024,0.00847,0.00719,0.00662,0.0102,0.01299,0.00935
CariprazineDarkPTZ_Individual:20,0.02484,0.02871,0.01869,0.0198,0.03731,0.01449,0.0,0.00606,0.01322,0.0,0.01333,0.0,0.00685
CariprazineDarkPTZ_Individual:21,0.04237,0.03922,0.01149,0.04225,0.02055,0.0099,0.06475,0.01527,0.0102,0.00704,0.02083,0.02273,0.01575
CariprazineDarkPTZ_Individual:34,0.03774,0.03409,0.03448,0.04908,0.05,0.0303,0.04098,0.04878,0.02482,0.03448,0.05689,0.02679,0.04762
CariprazineDarkPTZ_Individual:38,0.02288,0.0339,0.01905,0.02752,0.01724,0.00952,0.0098,0.0117,0.00794,0.0101,0.03684,0.01744,0.01894
CariprazineDarkPTZ_Individual:35,0.02974,0.02591,0.0,0.02564,0.03846,0.02174,0.04142,0.05714,0.04225,0.06044,0.06358,0.02362,0.01205
CariprazineDarkPTZ_Individual:27,0.0529,0.05291,0.01538,0.01316,0.02609,0.0125,0.01408,0.01818,0.01099,0.0,0.0,0.0292,0.0
CariprazineDarkPTZ_Individual:11,0.00529,0.02817,0.04494,0.04587,0.02778,0.04255,0.06604,0.016,0.01075,0.03306,0.02,0.02804,0.0367
CariprazineDarkPTZ_Individual:37,0.03667,0.04027,0.03409,0.03125,0.03226,0.01361,0.0,0.0,0.03409,0.0,0.01143,0.02222,0.0
CariprazineDarkPTZ_Individual:36,0.01322,0.03249,0.0202,0.01818,0.02632,0.01087,0.01623,0.01205,0.04469,0.01274,0.0,0.01613,0.06173
CariprazineDarkPTZ_Individual:5;,0.03673,0.03846,0.005,0.00498,0.01345,0.00645,0.00461,0.04734,0.00717,0.00356,0.012,0.01277,0.0
CariprazineDarkPTZ_Individual:9;,0.03676,0.03704,0.01,0.03571,0.0,0.0,0.0,0.0,0.0,0.01613,0.01031,0.0,0.02
CariprazineDarkPTZ_Individual:31,0.0198,0.05224,0.03425,0.02151,0.03947,0.02778,0.01351,0.0,0.05243,0.00565,0.0037,0.00452,0.0
CariprazineDarkPTZ_Individual:30,0.09091,0.0758,0.02459,0.01493,0.01053,0.0,0.0,0.0,0.0,0.0,0.01449,0.05,0.0
CariprazineDarkPTZ_Individual:1;,0.02642,0.00909,0.02353,0.00885,0.0,0.0,0.0098,0.0,0.024,0.0087,0.0087,0.0418,0.00806
CariprazineDarkPTZ_Individual:19,0.04319,0.00633,0.01754,0.00962,0.0367,0.00775,0.0,0.01754,0.03846,0.02,0.03185,0.00885,0.01163
CariprazineDarkPTZ_Individual:18,0.04045,0.02326,0.01911,0.02893,0.02469,0.02651,0.02048,0.02676,0.01706,0.02119,0.01124,0.0202,0.01961
CariprazineDarkPTZ_Individual:39,0.05895,0.02655,0.02532,0.0,0.0098,0.01449,0.03846,0.02703,0.0122,0.02381,0.0,0.0202,0.01869
CariprazineDarkPTZ_Individual:33,0.02521,0.0463,0.02655,0.01818,0.00581,0.0,0.00395,0.00667,0.01176,0.0219,0.00658,0.0073,0.00641
CariprazineDarkPTZ_Individual:3;,0.05652,0.01976,0.02685,0.045,0.01245,0.01676,0.02273,0.01826,0.00585,0.01622,0.00685,0.0129,0.00391
CariprazineDarkPTZ_Individual:32,0.01754,0.04494,0.04444,0.01205,0.05,0.05674,0.05488,0.00599,0.0,0.03289,0.00741,0.01307,0.00855
CariprazineDarkPTZ_Individual:13,0.06326,0.0,0.0,0.0137,0.0,0.0,0.0,0.0,0.00735,0.0,0.02632,0.0,0.03125
CariprazineDarkPTZ_Individual:12,0.04898,0.02339,0.05618,0.03743,0.02674,0.01695,0.02778,0.00746,0.04444,0.03256,0.02083,0.01807,0.03846
CariprazineDarkPTZ_Individual:7;,0.03203,0.01951,0.05419,0.04813,0.04487,0.03378,0.05422,0.05556,0.01869,0.04819,0.02357,0.01984,0.04865
CariprazineDarkPTZ_Individual:10,0.03019,0.01266,0.04386,0.0,0.02326,0.0,0.02632,0.025,0.02273,0.02564,0.0,0.0,0.02667
CariprazineDarkPTZ_Individual:17,0.02778,0.03659,0.0,0.0,0.0,0.0,0.00781,0.01852,0.0,0.0,0.01471,0.02381,0.04082
CariprazineDarkPTZ_Individual:16,0.01361,0.00685,0.01802,0.01695,0.02439,0.00481,0.01487,0.03828,0.04276,0.0375,0.0125,0.02119,0.01345
CariprazineDarkPTZ_Individual:15,0.06081,0.04,0.03614,0.00735,0.01538,0.02198,0.01345,0.01667,0.03226,0.01481,0.01149,0.03646,0.03472
CariprazineDarkPTZ_Individual:14,0.04701,0.03627,0.02055,0.00649,0.01587,0.01075,0.00602,0.01455,0.02685,0.00467,0.03125,0.02614,0.00826
