ClozapineDarkPTZ_Individual:8;,0.00455,0.0,0.03226,0.01149,0.0,0.01786,0.0,0.02,0.0,0.0102,0.0,0.0,0.0
ClozapineDarkPTZ_Individual:48,0.02985,0.0,0.02308,0.02214,0.04264,0.01235,0.03191,0.02151,0.005,0.05028,0.01724,0.02308,0.05932
ClozapineDarkPTZ_Individual:4;,0.01974,0.00358,0.0022,0.01351,0.0,0.01326,0.00785,0.0058,0.00617,0.00275,0.0,0.0,0.00625
ClozapineDarkPTZ_Individual:40,0.0,0.03226,0.0,0.0137,0.05556,0.0082,0.0,0.02564,0.0,0.0,0.0,0.0303,0.00521
ClozapineDarkPTZ_Individual:41,0.0303,0.01057,0.0,0.0137,0.03209,0.01563,0.0051,0.00725,0.00585,0.0,0.0,0.01015,0.01087
ClozapineDarkPTZ_Individual:42,0.01224,0.01026,0.01176,0.01389,0.01,0.01633,0.01587,0.03448,0.03187,0.03401,0.0,0.03203,0.01754
ClozapineDarkPTZ_Individual:43,0.0,0.0,0.00498,0.02333,0.01634,0.01987,0.00385,0.00405,0.01356,0.0,0.015,0.00735,0.00926
ClozapineDarkPTZ_Individual:44,0.02119,0.02139,0.01807,0.02358,0.01878,0.0,0.00575,0.02459,0.0199,0.02734,0.01024,0.0076,0.03209
ClozapineDarkPTZ_Individual:45,0.02469,0.01676,0.02927,0.01724,0.00506,0.00541,0.00519,0.01404,0.01134,0.01878,0.01944,0.01134,0.02053
ClozapineDarkPTZ_Individual:46,0.14286,0.01923,0.05556,0,0.15,0,0.09091,0.2,0,0.66667,0.0,1.0,0
ClozapineDarkPTZ_Individual:47,0.04,0.00901,0.01256,0.00557,0.01835,0.02674,0.01,0.01408,0.07813,0.01613,0.02105,0.00943,0.06154
ClozapineDarkPTZ_Individual:2;,0.01546,0.00779,0.00667,0.0,0.0,0.0,0.00775,0.01176,0.0198,0.0,0.01434,0.01587,0.00543
ClozapineDarkPTZ_Individual:28,0.05341,0.02687,0.03286,0.00699,0.00565,0.02181,0.00813,0.00267,0.01107,0.00325,0.01,0.01342,0.00678
ClozapineDarkPTZ_Individual:29,0.02077,0.01754,0.0,0.01282,0.02721,0.00763,0.02062,0.02439,0.025,0.01493,0.01863,0.0,0.00794
ClozapineDarkPTZ_Individual:26,0.04545,0.0254,0.0094,0.0057,0.00526,0.01501,0.01114,0.01212,0.00314,0.00943,0.0081,0.0,0.02206
ClozapineDarkPTZ_Individual:6;,0.00602,0.0163,0.0,0.01031,0.0,0.0,0.0,0.0,0.0,0.0,0.02299,0.0,0.00952
ClozapineDarkPTZ_Individual:24,0.01062,0.02536,0.00917,0.01596,0.01717,0.01361,0.02778,0.01163,0.0225,0.03289,0.02899,0.03133,0.02571
ClozapineDarkPTZ_Individual:25,0.01187,0.01103,0.0068,0.0,0.0,0.00662,0.00568,0.0,0.0,0.0,0.0,0.0,0.0
ClozapineDarkPTZ_Individual:22,0.03552,0.0178,0.01629,0.01003,0.00785,0.02727,0.01,0.02299,0.01887,0.01501,0.01449,0.0418,0.03205
ClozapineDarkPTZ_Individual:23,0.01042,0.0,0.0,0.01053,0.01481,0.02542,0.0,0.0101,0.00635,0.02128,0.03136,0.01931,0.00823
ClozapineDarkPTZ_Individual:20,0.00524,0.03292,0.00844,0.01357,0.0,0.01111,0.02148,0.02148,0.03235,0.02632,0.02349,0.02315,0.06589
ClozapineDarkPTZ_Individual:21,0.0,0.00893,0.00847,0.0249,0.03571,0.05263,0.0,0.0,0.02273,0.04082,0.03175,0.09091,0.02564
ClozapineDarkPTZ_Individual:34,0.02025,0.01521,0.00474,0.00662,0.01258,0.01154,0.00784,0.00824,0.00229,0.01089,0.01838,0.01813,0.0127
ClozapineDarkPTZ_Individual:38,0.02429,0.01429,0.01734,0.01911,0.03734,0.0262,0.01778,0.02857,0.00722,0.00694,0.01194,0.00342,0.01863
ClozapineDarkPTZ_Individual:35,0.02427,0.03571,0.0,0.01389,0.0,0.0,0.01266,0.0,0.02326,0.01242,0.0,0.0,0.0
ClozapineDarkPTZ_Individual:27,0.02658,0.01742,0.0,0.00714,0.01916,0.00459,0.0,0.01266,0.00465,0.01744,0.00901,0.0,0.0
ClozapineDarkPTZ_Individual:11,0.01481,0.03867,0.00714,0.00658,0.01563,0.0,0.04023,0.0443,0.0,0.02073,0.01724,0.02941,0.01235
ClozapineDarkPTZ_Individual:37,0.00747,0.00847,0.01845,0.01042,0.04902,0.02924,0.00881,0.02247,0.00397,0.02703,0.00413,0.01481,0.0049
ClozapineDarkPTZ_Individual:36,0.01232,0.01961,0.02789,0.00373,0.00649,0.00781,0.0165,0.0066,0.0058,0.003,0.0,0.00386,0.00997
ClozapineDarkPTZ_Individual:5;,0.02926,0.02941,0.00917,0.0,0.0,0.005,0.01384,0.0,0.00382,0.0,0.01031,0.00877,0.0
ClozapineDarkPTZ_Individual:9;,0.0097,0.01529,0.0,0.01099,0.016,0.00435,0.0,0.00508,0.0,0.0,0.01345,0.01563,0.008
ClozapineDarkPTZ_Individual:31,0.03207,0.05056,0.01271,0.0,0.01342,0.0,0.00606,0.0081,0.0,0.00837,0.0,0.00455,0.0
ClozapineDarkPTZ_Individual:30,0.05353,0.00446,0.0283,0.00704,0.0,0.0,0.0155,0.0119,0.04762,0.00667,0.00535,0.0119,0.01863
ClozapineDarkPTZ_Individual:1;,0.0464,0.01633,0.0,0.0,0.0,0.01408,0.0,0.01235,0.0,0.01111,0.00671,0.00855,0.0
ClozapineDarkPTZ_Individual:19,0.03205,0.03465,0.03012,0.01493,0.02632,0.01724,0.01869,0.01754,0.02888,0.01187,0.02188,0.03274,0.03607
ClozapineDarkPTZ_Individual:18,0.04963,0.02586,0.01235,0.01031,0.0,0.0,0.00351,0.01639,0.00976,0.0303,0.02212,0.00515,0.03347
ClozapineDarkPTZ_Individual:39,0.00654,0.01351,0.03077,0.04,0.0146,0.00877,0.02065,0.04027,0.02606,0.01379,0.01075,0.0198,0.01829
ClozapineDarkPTZ_Individual:33,0.04242,0.00637,0.00794,0.0,0.0,0.0,0.0,0.0,0.00431,0.0,0.0124,0.00485,0.0
ClozapineDarkPTZ_Individual:3;,0.00769,0.0338,0.05069,0.01818,0.0,0.09091,0.0,0.00926,0.02857,0.0,0.0,0.00769,0.008
ClozapineDarkPTZ_Individual:32,0.01845,0.00957,0.01884,0.01023,0.0,0.00304,0.0,0.01115,0.00599,0.00253,0.0,0.00888,0.00687
ClozapineDarkPTZ_Individual:13,0.0,0.03401,0.00752,0.00719,0.00595,0.0,0.0,0.0,0.0049,0.0,0.00395,0.00281,0.0
ClozapineDarkPTZ_Individual:12,0.03427,0.00403,0.01342,0.0,0.00877,0.01481,0.0,0.0,0.0,0.0,0.0,0.0,0.01987
ClozapineDarkPTZ_Individual:7;,0.04051,0.01951,0.0,0.02597,0.02564,0.02041,0.07143,0.00917,0.0,0.00926,0.0,0.0,0.0
ClozapineDarkPTZ_Individual:10,0.04327,0.01622,0.00524,0.01205,0.0,0.0198,0.0,0.00794,0.00995,0.01527,0.00704,0.0,0.01149
ClozapineDarkPTZ_Individual:17,0.0,0.0,0.0,0.00556,0.01124,0.01852,0.00709,0.0,0.01887,0.0,0.01042,0.00898,0.00339
ClozapineDarkPTZ_Individual:16,0.0055,0.00362,0.00976,0.01554,0.00588,0.0,0.00746,0.00806,0.01167,0.0,0.00905,0.00948,0.01053
ClozapineDarkPTZ_Individual:15,0.02083,0.0163,0.01724,0.00599,0.02941,0.02941,0.01099,0.0,0.0,0.0,0.0,0.00935,0.0
ClozapineDarkPTZ_Individual:14,0.02514,0.03478,0.0,0.02479,0.01307,0.02158,0.01587,0.01449,0.00463,0.02667,0.01712,0.01702,0.00837
