ClozapineDarkPTZ_Individual:8;,0.06818,0.03571,0.0,0.01149,0.0303,0.01786,0.03158,0.12,0.02913,0.09184,0.05263,0.10638,0.0
ClozapineDarkPTZ_Individual:48,0.02239,0.01402,0.02308,0.01476,0.01163,0.00926,0.02128,0.0,0.015,0.0,0.01293,0.03077,0.0339
ClozapineDarkPTZ_Individual:4;,0.11842,0.08244,0.04176,0.01351,0.08163,0.00379,0.01047,0.0087,0.00309,0.00824,0.0093,0.0297,0.0125
ClozapineDarkPTZ_Individual:40,0.03448,0.04839,0.05,0.0,0.01852,0.0082,0.02222,0.0,0.01274,0.0,0.0,0.00505,0.00521
ClozapineDarkPTZ_Individual:41,0.07143,0.08668,0.21053,0.15068,0.03209,0.04688,0.02551,0.08696,0.05263,0.03125,0.07512,0.03046,0.04348
ClozapineDarkPTZ_Individual:42,0.02585,0.06154,0.02941,0.03472,0.02,0.01633,0.03175,0.03448,0.01195,0.03401,0.01538,0.00712,0.02193
ClozapineDarkPTZ_Individual:43,0.0,0.0,0.0,0.01333,0.01961,0.00993,0.00385,0.01619,0.01017,0.01042,0.0,0.0,0.0
ClozapineDarkPTZ_Individual:44,0.03814,0.04278,0.01205,0.00472,0.00469,0.005,0.02299,0.0123,0.0398,0.0,0.0,0.01141,0.00535
ClozapineDarkPTZ_Individual:45,0.00823,0.12849,0.09268,0.03103,0.02785,0.01261,0.00692,0.00702,0.02494,0.03052,0.00864,0.02494,0.02346
ClozapineDarkPTZ_Individual:46,0.0,0.0,0.05556,0,0.0,0,0.0,0.0,0,0.0,0.0,0.0,0
ClozapineDarkPTZ_Individual:47,0.04,0.0,0.02513,0.01393,0.01376,0.03743,0.01,0.05634,0.01563,0.04839,0.03158,0.00943,0.04615
ClozapineDarkPTZ_Individual:2;,0.07216,0.13506,0.06,0.05525,0.04167,0.04249,0.02326,0.05294,0.02475,0.02262,0.02151,0.0119,0.02174
ClozapineDarkPTZ_Individual:28,0.1632,0.11045,0.10798,0.03147,0.0565,0.0405,0.04336,0.03467,0.02952,0.02922,0.02,0.02685,0.01695
ClozapineDarkPTZ_Individual:29,0.08605,0.16667,0.08333,0.10256,0.08844,0.07634,0.09278,0.08537,0.125,0.08955,0.0559,0.03067,0.02381
ClozapineDarkPTZ_Individual:26,0.03671,0.08254,0.0815,0.08547,0.02281,0.03002,0.04178,0.02424,0.01887,0.00943,0.0081,0.04,0.0
ClozapineDarkPTZ_Individual:6;,0.09639,0.06522,0.0219,0.0,0.00412,0.00966,0.0,0.0,0.0113,0.0,0.01149,0.0,0.02857
ClozapineDarkPTZ_Individual:24,0.04246,0.04348,0.02752,0.04787,0.02146,0.02041,0.01736,0.01628,0.0175,0.01096,0.00725,0.01567,0.01143
ClozapineDarkPTZ_Individual:25,0.05045,0.0,0.01361,0.0,0.00617,0.00662,0.0,0.0,0.0,0.02469,0.00901,0.0,0.00952
ClozapineDarkPTZ_Individual:22,0.03825,0.10386,0.05537,0.04682,0.0288,0.01818,0.035,0.01724,0.01887,0.02439,0.01863,0.01929,0.03846
ClozapineDarkPTZ_Individual:23,0.05208,0.03008,0.03571,0.03158,0.01481,0.0339,0.01471,0.02525,0.00317,0.01702,0.00697,0.01931,0.01646
ClozapineDarkPTZ_Individual:20,0.01832,0.02469,0.00844,0.01357,0.0,0.01778,0.00955,0.00955,0.00539,0.0,0.01007,0.01852,0.02326
ClozapineDarkPTZ_Individual:21,0.0,0.01339,0.01695,0.02905,0.01786,0.05263,0.04286,0.02,0.04545,0.06122,0.04762,0.09091,0.0
ClozapineDarkPTZ_Individual:34,0.02804,0.07605,0.09479,0.02318,0.04717,0.03077,0.04706,0.02747,0.02064,0.00654,0.02206,0.01511,0.00635
ClozapineDarkPTZ_Individual:38,0.10729,0.11429,0.0578,0.0828,0.04149,0.0524,0.05778,0.07347,0.04693,0.05903,0.06269,0.03767,0.05901
ClozapineDarkPTZ_Individual:35,0.12136,0.13095,0.0339,0.0,0.10667,0.03226,0.05063,0.03846,0.03876,0.01242,0.04386,0.0068,0.005
ClozapineDarkPTZ_Individual:27,0.07771,0.18118,0.0871,0.09643,0.04598,0.05963,0.03162,0.0211,0.05116,0.01744,0.02703,0.025,0.02924
ClozapineDarkPTZ_Individual:11,0.01481,0.0221,0.02857,0.01974,0.03906,0.04545,0.02874,0.05696,0.04605,0.01036,0.01149,0.01471,0.01852
ClozapineDarkPTZ_Individual:37,0.01868,0.04407,0.08118,0.03646,0.05882,0.09942,0.04846,0.05243,0.05556,0.07568,0.05785,0.04444,0.08824
ClozapineDarkPTZ_Individual:36,0.02053,0.13072,0.12749,0.11567,0.05844,0.04167,0.0231,0.0231,0.01739,0.02402,0.02932,0.03861,0.03987
ClozapineDarkPTZ_Individual:5;,0.07979,0.19412,0.11009,0.07143,0.06557,0.05,0.03114,0.0283,0.01145,0.02685,0.02062,0.02193,0.01724
ClozapineDarkPTZ_Individual:9;,0.03047,0.09174,0.05983,0.06044,0.036,0.0087,0.0354,0.01015,0.07246,0.01987,0.01345,0.10938,0.04
ClozapineDarkPTZ_Individual:31,0.06414,0.02247,0.02542,0.01408,0.0,0.01852,0.01212,0.0081,0.01163,0.03766,0.00318,0.03182,0.03049
ClozapineDarkPTZ_Individual:30,0.08759,0.1875,0.11792,0.07746,0.10294,0.04167,0.03488,0.05357,0.0381,0.02667,0.0,0.02976,0.03106
ClozapineDarkPTZ_Individual:1;,0.09281,0.08163,0.06742,0.03571,0.0,0.05634,0.1,0.01852,0.06522,0.05556,0.01342,0.04274,0.02381
ClozapineDarkPTZ_Individual:19,0.14103,0.06931,0.03012,0.04478,0.02632,0.02299,0.00935,0.01754,0.02166,0.0178,0.01094,0.02381,0.01639
ClozapineDarkPTZ_Individual:18,0.05459,0.12931,0.08642,0.04124,0.00957,0.00943,0.00702,0.03279,0.01951,0.0,0.00885,0.00515,0.00837
ClozapineDarkPTZ_Individual:39,0.02397,0.08108,0.06154,0.03333,0.0365,0.03509,0.0118,0.03356,0.0228,0.04828,0.03495,0.06271,0.03049
ClozapineDarkPTZ_Individual:33,0.05455,0.04459,0.00794,0.00893,0.01282,0.00478,0.00518,0.00649,0.00862,0.0,0.01653,0.01942,0.01143
ClozapineDarkPTZ_Individual:3;,0.04231,0.10704,0.10599,0.09091,0.09244,0.06818,0.01136,0.03704,0.05714,0.0,0.06667,0.05385,0.024
ClozapineDarkPTZ_Individual:32,0.0246,0.03987,0.04396,0.05371,0.04211,0.03343,0.04545,0.04089,0.02395,0.01515,0.02105,0.02071,0.0378
ClozapineDarkPTZ_Individual:13,0.0102,0.02041,0.0,0.0,0.0119,0.0,0.01026,0.0,0.0049,0.0,0.01186,0.01685,0.00264
ClozapineDarkPTZ_Individual:12,0.03427,0.04435,0.04027,0.01439,0.02632,0.03704,0.02013,0.0641,0.0099,0.0051,0.0107,0.04167,0.01325
ClozapineDarkPTZ_Individual:7;,0.06835,0.05854,0.14545,0.01299,0.05128,0.0,0.42857,0.15596,0.08271,0.07407,0.1165,0.12308,0.11215
ClozapineDarkPTZ_Individual:10,0.11779,0.12973,0.08115,0.03614,0.03261,0.0495,0.04667,0.0873,0.02985,0.0458,0.02817,0.0442,0.04598
ClozapineDarkPTZ_Individual:17,0.1,0.04444,0.03614,0.0,0.0,0.0,0.01418,0.0,0.0,0.0,0.01042,0.00299,0.0
ClozapineDarkPTZ_Individual:16,0.07156,0.05072,0.0439,0.07254,0.07059,0.04118,0.03731,0.03226,0.04669,0.03817,0.02262,0.08057,0.0386
ClozapineDarkPTZ_Individual:15,0.05208,0.06522,0.09483,0.02994,0.01961,0.05147,0.03297,0.01149,0.03571,0.0443,0.02041,0.02804,0.00741
ClozapineDarkPTZ_Individual:14,0.06145,0.06087,0.01818,0.02479,0.01307,0.03597,0.02381,0.02899,0.00926,0.00889,0.00685,0.01277,0.02929
