ClozapineDarkPTZ_Individual:8;,0.46818,0.53571,0.52688,0.6092,0.48485,0.55357,0.54737,0.27,0.45631,0.30612,0.44737,0.7234,0.23077
ClozapineDarkPTZ_Individual:48,0.80597,0.83645,0.62692,0.64207,0.63566,0.73148,0.68617,0.81183,0.775,0.75419,0.77155,0.73846,0.67797
ClozapineDarkPTZ_Individual:4;,0.47697,0.49821,0.54725,0.56532,0.37755,0.59848,0.58639,0.55942,0.50309,0.56593,0.44186,0.4505,0.50625
ClozapineDarkPTZ_Individual:40,0.65517,0.56452,0.6,0.69863,0.48148,0.7623,0.77778,0.73077,0.78344,0.85311,0.78307,0.76263,0.73958
ClozapineDarkPTZ_Individual:41,0.51732,0.63214,0.36842,0.46575,0.5615,0.45313,0.64286,0.54348,0.46784,0.59896,0.53052,0.49239,0.59783
ClozapineDarkPTZ_Individual:42,0.64354,0.53077,0.67059,0.53472,0.595,0.52245,0.56746,0.5665,0.58167,0.68707,0.8,0.72954,0.64474
ClozapineDarkPTZ_Individual:43,0.9,0.67925,0.68657,0.67667,0.64052,0.67219,0.75769,0.81377,0.82373,0.73958,0.68,0.71324,0.61111
ClozapineDarkPTZ_Individual:44,0.60593,0.72727,0.54819,0.60849,0.61972,0.615,0.54598,0.56557,0.40299,0.49219,0.62799,0.65399,0.49198
ClozapineDarkPTZ_Individual:45,0.61317,0.49721,0.50244,0.58621,0.56962,0.66847,0.6436,0.68772,0.63039,0.63146,0.67171,0.59637,0.60997
ClozapineDarkPTZ_Individual:46,0.42857,0.5,0.38889,0,0.4,0,0.54545,0.4,0,0.0,1.0,0.0,0
ClozapineDarkPTZ_Individual:47,0.73333,0.83784,0.78392,0.8273,0.75688,0.72193,0.81,0.76056,0.60938,0.79032,0.77895,0.77358,0.8
ClozapineDarkPTZ_Individual:2;,0.53265,0.38442,0.52667,0.45304,0.57917,0.49008,0.4845,0.35882,0.39604,0.48869,0.51613,0.47222,0.40761
ClozapineDarkPTZ_Individual:28,0.4095,0.43582,0.38028,0.42657,0.51695,0.41433,0.46612,0.464,0.42066,0.50649,0.44,0.46644,0.43729
ClozapineDarkPTZ_Individual:29,0.4273,0.38596,0.41667,0.41667,0.43537,0.46565,0.25773,0.31707,0.23333,0.26866,0.42236,0.3865,0.42063
ClozapineDarkPTZ_Individual:26,0.47028,0.46667,0.49843,0.49858,0.58596,0.56098,0.5376,0.55152,0.52516,0.54717,0.61134,0.515,0.5
ClozapineDarkPTZ_Individual:6;,0.45181,0.42391,0.36496,0.45876,0.41564,0.44444,0.54167,0.60759,0.54802,0.45161,0.3908,0.42857,0.4
ClozapineDarkPTZ_Individual:24,0.569,0.69203,0.61927,0.55319,0.55794,0.59184,0.50694,0.62093,0.5575,0.63377,0.61353,0.60836,0.64
ClozapineDarkPTZ_Individual:25,0.55193,0.58824,0.53401,0.62176,0.54938,0.54305,0.64773,0.58261,0.4898,0.58025,0.64865,0.4023,0.47619
ClozapineDarkPTZ_Individual:22,0.55738,0.52522,0.61889,0.67224,0.67016,0.61515,0.6,0.5546,0.54245,0.56848,0.60248,0.50161,0.54167
ClozapineDarkPTZ_Individual:23,0.65625,0.65414,0.75,0.65263,0.65926,0.61017,0.69853,0.65657,0.70476,0.62128,0.68641,0.59073,0.67078
ClozapineDarkPTZ_Individual:20,0.64921,0.59259,0.64557,0.55656,0.72237,0.70889,0.68735,0.6253,0.57951,0.59569,0.56376,0.5463,0.49612
ClozapineDarkPTZ_Individual:21,0.84091,0.88839,0.80791,0.6722,0.6875,0.63158,0.62857,0.74,0.68182,0.67347,0.65079,0.48485,0.64103
ClozapineDarkPTZ_Individual:34,0.44393,0.44106,0.50711,0.54967,0.50943,0.57692,0.52941,0.60714,0.68578,0.70153,0.49632,0.5861,0.68889
ClozapineDarkPTZ_Individual:38,0.47368,0.51786,0.6185,0.69427,0.60581,0.58079,0.61333,0.60816,0.67509,0.71875,0.67761,0.61986,0.64596
ClozapineDarkPTZ_Individual:35,0.41748,0.52381,0.49153,0.54167,0.45333,0.56989,0.51899,0.34615,0.58915,0.65839,0.5614,0.65306,0.72
ClozapineDarkPTZ_Individual:27,0.46012,0.43206,0.5129,0.51429,0.49808,0.52752,0.56522,0.4557,0.47907,0.36628,0.49099,0.44167,0.4152
ClozapineDarkPTZ_Individual:11,0.63704,0.51381,0.61429,0.72368,0.5,0.56061,0.52299,0.52532,0.52632,0.5544,0.56897,0.625,0.66667
ClozapineDarkPTZ_Individual:37,0.61519,0.60847,0.54982,0.65625,0.52941,0.49708,0.55947,0.56929,0.60714,0.58378,0.56198,0.64444,0.52451
ClozapineDarkPTZ_Individual:36,0.66324,0.43137,0.5259,0.56716,0.6039,0.63021,0.64686,0.59736,0.62899,0.62162,0.53746,0.6139,0.56146
ClozapineDarkPTZ_Individual:5;,0.47872,0.28824,0.58716,0.51587,0.48634,0.465,0.48789,0.5283,0.54962,0.47651,0.54639,0.53947,0.44828
ClozapineDarkPTZ_Individual:9;,0.57202,0.44037,0.62393,0.48901,0.512,0.53043,0.61947,0.47208,0.34783,0.77483,0.76682,0.35938,0.44
ClozapineDarkPTZ_Individual:31,0.52187,0.47753,0.62288,0.60563,0.85906,0.64198,0.63636,0.65587,0.67829,0.58159,0.71975,0.6,0.60976
ClozapineDarkPTZ_Individual:30,0.40876,0.36161,0.43868,0.47887,0.56618,0.40278,0.44186,0.47024,0.44286,0.49333,0.42781,0.45833,0.45342
ClozapineDarkPTZ_Individual:1;,0.38979,0.43265,0.49438,0.625,0.41176,0.40845,0.24,0.42593,0.45652,0.38889,0.47651,0.41026,0.52381
ClozapineDarkPTZ_Individual:19,0.52564,0.59901,0.56627,0.52239,0.53289,0.4023,0.54206,0.52281,0.56679,0.59644,0.61488,0.60417,0.60656
ClozapineDarkPTZ_Individual:18,0.53846,0.39655,0.39506,0.52577,0.71292,0.63208,0.73684,0.63388,0.60976,0.62424,0.58407,0.71649,0.62762
ClozapineDarkPTZ_Individual:39,0.55991,0.40541,0.4,0.53333,0.55839,0.6345,0.64012,0.60067,0.57655,0.57586,0.6586,0.63036,0.54268
ClozapineDarkPTZ_Individual:33,0.47879,0.66879,0.61905,0.59821,0.82051,0.78469,0.77202,0.71429,0.78448,0.85837,0.81818,0.81553,0.77143
ClozapineDarkPTZ_Individual:3;,0.55385,0.4338,0.32258,0.44848,0.55462,0.25,0.65909,0.28704,0.48571,1.0,0.35556,0.36154,0.312
ClozapineDarkPTZ_Individual:32,0.50554,0.41946,0.52904,0.56777,0.61053,0.68389,0.61111,0.58364,0.66168,0.68687,0.55088,0.66568,0.54983
ClozapineDarkPTZ_Individual:13,0.68367,0.57823,0.73684,0.73381,0.66071,0.63784,0.6,0.44444,0.51961,0.69583,0.73518,0.73315,0.79156
ClozapineDarkPTZ_Individual:12,0.36137,0.72581,0.60403,0.61871,0.54386,0.52593,0.63087,0.37179,0.78218,0.7449,0.68984,0.64881,0.60927
ClozapineDarkPTZ_Individual:7;,0.47342,0.44878,0.45455,0.61039,0.71795,0.53061,0.05877,0.38532,0.53383,0.4537,0.47573,0.35385,0.47664
ClozapineDarkPTZ_Individual:10,0.39183,0.47027,0.55497,0.40964,0.51087,0.41584,0.54,0.61905,0.37811,0.57252,0.47183,0.51381,0.44828
ClozapineDarkPTZ_Individual:17,0.7,0.64444,0.62651,0.72222,0.74157,0.76852,0.80142,0.72139,0.72642,0.82253,0.67708,0.72455,0.78644
ClozapineDarkPTZ_Individual:16,0.54862,0.65942,0.6878,0.59067,0.48824,0.55294,0.65299,0.625,0.57977,0.60687,0.56109,0.51185,0.59298
ClozapineDarkPTZ_Individual:15,0.47917,0.56522,0.60345,0.68862,0.52941,0.63235,0.52747,0.48276,0.58333,0.74684,0.78231,0.62617,0.71111
ClozapineDarkPTZ_Individual:14,0.43855,0.45217,0.8,0.46281,0.70588,0.7554,0.69841,0.54348,0.70833,0.81333,0.73973,0.74043,0.72803
