CNODarkPTZ_Individual:8;,0.08882,0.08584,0.2,0.13793,0.25758,0.09375,0.17778,0.2963,0.22857,0.19388,0.15385,0.15385,0.2963
CNODarkPTZ_Individual:48,0.05851,0.0708,0.3913,0.16449,0,0.0,0.20833,0.4,0.14474,0.23392,0.20513,0.0,0.20419
CNODarkPTZ_Individual:4;,0.06061,0.15333,0.10924,0.13043,0.28696,0.2,0.14286,0.22222,0.24138,0.28571,0.11364,0.18421,0.15464
CNODarkPTZ_Individual:40,0.05371,0.29167,0.1223,0.06818,0.32609,0.30769,0.15984,0.24468,0.29167,0.2449,0.05854,0.18286,0.16078
CNODarkPTZ_Individual:41,0.00748,0.0098,0.15686,0.14141,0.07752,0.08333,0.17699,0.08148,0.22222,0.0852,0.06369,0.13706,0.12941
CNODarkPTZ_Individual:42,0.03464,0.12245,0.10089,0.13149,0.125,0.17131,0.10599,0.13235,0.11494,0.1551,0.14706,0.25175,0.14618
CNODarkPTZ_Individual:43,0.06522,0.14392,0.10233,0.1573,0.10359,0.25397,0.17172,0.25,0.17551,0.14815,0.18391,0.28947,0.17949
CNODarkPTZ_Individual:44,0.05848,0.08029,0.32075,0.0,0.05714,0.09639,0.16667,0.04762,0.19828,0.125,0.08333,0.13115,0.175
CNODarkPTZ_Individual:45,0.01598,0.23529,0.33333,0.23077,0.26744,0.22034,0.19355,0.22632,0.2,0.16981,0.17073,0.09756,0.16667
CNODarkPTZ_Individual:46,0.00443,0.09052,0.09655,0.07317,0.17857,0.15982,0.13423,0.13402,0.1625,0.26667,0.1773,0.34483,0.06957
CNODarkPTZ_Individual:47,0.05015,0.31343,0.18947,0.125,0.2623,0.11765,0.2623,0.16949,0.25714,0.23158,0.22388,0.24138,0.13043
CNODarkPTZ_Individual:2;,0.03077,0.02963,0.09016,0.05851,0.09873,0.11111,0.15957,0.14857,0.15247,0.15311,0.16598,0.22302,0.13415
CNODarkPTZ_Individual:28,0.02241,0.20253,0.11852,0.15789,0.14458,0.10811,0.12963,0.15789,0.02899,0.12409,0.15663,0.0,0.14423
CNODarkPTZ_Individual:29,0.08602,0.21739,0.09091,0.22876,0.13699,0.22222,0.20513,0.23077,0.3,0.16129,0.2439,0.16304,0.11111
CNODarkPTZ_Individual:26,0.1453,0.26316,0.19118,0.12782,0.18293,0.17241,0.33333,0.25641,0.14516,0.17273,0.14286,0.14844,0.2549
CNODarkPTZ_Individual:6;,0.02439,0.26,0.17091,0.14,0.05,0.23515,0.13636,0.29412,0.275,0.20675,0.16447,0.26708,0.27778
CNODarkPTZ_Individual:24,0.07447,0.10938,0.20833,0.1039,0.14865,0.17241,0.26786,0.21978,0.14815,0.1087,0.20588,0.20988,0.16129
CNODarkPTZ_Individual:25,0.05584,0.07438,0.15888,0.11111,0.06944,0.10219,0.0495,0.18333,0.08333,0.08264,0.02703,0.08108,0.21875
CNODarkPTZ_Individual:22,0.04278,0.2625,0.14085,0.22581,0.17949,0.08835,0.07143,0.11111,0.1124,0.12097,0.07473,0.1701,0.14054
CNODarkPTZ_Individual:23,0.01881,0.125,0.12406,0.185,0.10194,0.13122,0.11636,0.16026,0.22541,0.2,0.30464,0.19079,0.18579
CNODarkPTZ_Individual:20,0.01543,0.2043,0.208,0.26042,0.13095,0.15464,0.15789,0.18939,0.22917,0.21368,0.17978,0.18182,0.11321
CNODarkPTZ_Individual:21,0.01022,0.05747,0.15116,0.21782,0.21186,0.21168,0.35616,0.17857,0.18987,0.19847,0.18841,0.18797,0.1383
CNODarkPTZ_Individual:34,0.04317,0.08917,0.13527,0.15789,0.41667,0.1,0.12,0.10256,0.20482,0.18367,0.17568,0.20354,0.11921
CNODarkPTZ_Individual:38,0.13619,0.20619,0.14286,0.07692,0.22222,0.14286,0.24409,0.17544,0.16071,0.14286,0.21138,0.09524,0.12195
CNODarkPTZ_Individual:35,0.08933,0.18229,0.16738,0.19005,0.10435,0.18705,0.17886,0.17431,0.24749,0.26506,0.17172,0.30645,0.19429
CNODarkPTZ_Individual:27,0.02688,0.11792,0.2053,0.10059,0.17647,0.12264,0.16872,0.18462,0.11364,0.1985,0.13125,0.17405,0.14754
CNODarkPTZ_Individual:11,0.00758,0.12,0.13613,0.10791,0.17544,0.12409,0.1681,0.13235,0.20423,0.17988,0.18505,0.17666,0.15827
CNODarkPTZ_Individual:37,0.05179,0.16495,0.31579,0.23805,0.3,0.22222,0.24,0.01018,0.25862,0.18852,0.28758,0.20886,0.18889
CNODarkPTZ_Individual:36,0.10791,0.20732,0.2043,0.39744,0.2,0.13235,0.18045,0.20253,0.17606,0.12322,0.11667,0.18563,0.09211
CNODarkPTZ_Individual:5;,0.05398,0.0963,0.12155,0.14815,0.17544,0.10759,0.12812,0.10156,0.13636,0.1561,0.15385,0.15341,0.12748
CNODarkPTZ_Individual:9;,0.01551,0.07746,0.11443,0.17647,0.18343,0.22222,0.35294,0.26829,0.26471,0.18317,0.18343,0.21622,0.20349
CNODarkPTZ_Individual:31,0.0041,0.17308,0.13402,0.14286,0.07097,0.06475,0.27778,0.18868,0.23404,0.05714,0.16949,0.15068,0.17857
CNODarkPTZ_Individual:30,0.075,0.15152,0.25926,0.2,0.17172,0.1746,0.25,0.16154,0.15873,0.17722,0.16993,0.14599,0.2515
CNODarkPTZ_Individual:1;,0.03185,0.08451,0.13,0.13187,0.15789,0.16346,0.06569,0.10063,0.13534,0.14286,0.18041,0.09821,0.07692
CNODarkPTZ_Individual:19,0.04455,0.04167,0.05714,0.11111,0.18919,0.13793,0.12308,0.11268,0.09231,0.375,0.15385,0.0375,0.14286
CNODarkPTZ_Individual:18,0.07831,0.10185,0.24242,0.11538,0.09615,0.1677,0.09524,0.10825,0.1699,0.14433,0.13725,0.13661,0.1547
CNODarkPTZ_Individual:39,0.01377,0.10092,0.15172,0.14493,0.13095,0.21429,0.28125,0.26619,0.24786,0.22222,0.21429,0.18041,0.23611
CNODarkPTZ_Individual:33,0.00867,0.04188,0.03882,0.07098,0.07445,0.14948,0.1521,0.14676,0.11261,0.18412,0.15556,0.1978,0.22776
CNODarkPTZ_Individual:3;,0.09091,0.0,0.06,0.0678,0.17391,0.17797,0.1087,0.19149,0.21429,0.15625,0,0.04762,0.22917
CNODarkPTZ_Individual:32,0.02209,0.11304,0.15254,0.10059,0.15385,0.13636,0.11518,0.1195,0.18056,0.15761,0.09259,0.12136,0.17172
CNODarkPTZ_Individual:13,0.05995,0.10846,0.12874,0.11728,0.11628,0.15326,0.32,0.12457,0.10323,0.12155,0.1189,0.19397,0.16432
CNODarkPTZ_Individual:12,0.03183,0.10615,0.17262,0.19079,0.11013,0.15625,0.13182,0.18298,0.27586,0.20848,0.17209,0.16046,0.27103
CNODarkPTZ_Individual:7;,0.02809,0.11818,0.13235,0.18987,0.13415,0.19565,0.21196,0.20886,0.2967,0.21472,0.24793,0.20571,0.20149
CNODarkPTZ_Individual:10,0.06199,0.10036,0.11529,0.15961,0.66667,0.14493,0.10121,0.10163,0.1202,0.06897,0.08982,0.11176,0.19388
CNODarkPTZ_Individual:17,0.12462,0.22556,0.09524,0.21481,0.0,0.10277,0.17536,0.13158,0.16598,0.12346,0.21552,0.2093,0.14286
CNODarkPTZ_Individual:16,0.04444,0.17225,0.21918,0.08955,0.12308,0.18045,0.17816,0.28358,0.32,0.16912,0.22,0.21154,0.21839
CNODarkPTZ_Individual:15,0.03409,0.09589,0.12676,0.07759,0.19328,0.21154,0.14667,0.16667,0.16867,0.12108,0.10811,0.12,0.15294
CNODarkPTZ_Individual:14,0.01786,0.16038,0.24771,0.26667,0.44231,0.25,0.29412,0.25,0.16901,0.2037,0.17568,0.18947,0.34444
