HaloperidolDarkPTZ_Individual:8;,0.08214,0.10417,0.05983,0.12351,0.14019,0.1245,0.11207,0.07619,0.0807,0.0625,0.0754,0.07009,0.04564
HaloperidolDarkPTZ_Individual:48,0.02055,0.09346,0.1201,0.11717,0.09296,0.16763,0.19202,0.16239,0.17882,0.17778,0.21445,0.22099,0.19741
HaloperidolDarkPTZ_Individual:4;,0.04078,0.0864,0.09143,0.0932,0.11038,0.16844,0.17907,0.12375,0.12,0.15869,0.15493,0.14112,0.09068
HaloperidolDarkPTZ_Individual:40,0.04381,0.08955,0.1626,0.13131,0.14286,0.24561,0.15054,0.2027,0.14948,0.06433,0.17355,0.15789,0.08589
HaloperidolDarkPTZ_Individual:41,0.07732,0.15182,0.18069,0.1383,0.18598,0.18644,0.13249,0.15596,0.24309,0.11811,0.13242,0.16757,0.19487
HaloperidolDarkPTZ_Individual:42,0.02388,0.11084,0.18981,0.20161,0.17466,0.17647,0.17797,0.21141,0.20601,0.23377,0.16901,0.19697,0.15972
HaloperidolDarkPTZ_Individual:43,0.02688,0.04724,0.07813,0.07241,0.0672,0.02811,0.03642,0.03659,0.07051,0.0459,0.06032,0.05164,0.0619
HaloperidolDarkPTZ_Individual:44,0.03968,0.07599,0.1,0.06884,0.08589,0.125,0.11583,0.096,0.13913,0.08676,0.10952,0.06452,0.1195
HaloperidolDarkPTZ_Individual:45,0.02128,0.04147,0.10363,0.13402,0.09375,0.10714,0.06272,0.08586,0.10373,0.11628,0.07347,0.09764,0.10566
HaloperidolDarkPTZ_Individual:46,0.05,0.1134,0.10843,0.11993,0.10736,0.11869,0.14035,0.10213,0.12209,0.10613,0.12803,0.09429,0.14143
HaloperidolDarkPTZ_Individual:47,0.01869,0.10256,0.12637,0.1806,0.15294,0.18395,0.10594,0.18155,0.1365,0.14108,0.10569,0.12737,0.12308
HaloperidolDarkPTZ_Individual:2;,0.03146,0.13187,0.13468,0.10682,0.10904,0.11722,0.11557,0.05821,0.05034,0.03729,0.03672,0.03622,0.04175
HaloperidolDarkPTZ_Individual:28,0.05902,0.05954,0.1005,0.0917,0.11446,0.09073,0.12719,0.11741,0.0856,0.15,0.1401,0.13918,0.17391
HaloperidolDarkPTZ_Individual:29,0.06306,0.07781,0.03509,0.09302,0.02814,0.02326,0.13889,0.07447,0.03008,0.03846,0.04369,0.035,0.0567
HaloperidolDarkPTZ_Individual:26,0.0109,0.07459,0.06394,0.01972,0.06162,0.06478,0.04724,0.04712,0.02974,0.06635,0.03302,0.11382,0.02451
HaloperidolDarkPTZ_Individual:6;,0.07386,0.10794,0.13033,0.09325,0.08943,0.13277,0.1145,0.10248,0.06959,0.11034,0.07184,0.10757,0.07491
HaloperidolDarkPTZ_Individual:24,0.06651,0.12111,0.12385,0.11523,0.1147,0.09259,0.08072,0.10902,0.12281,0.1281,0.12613,0.15823,0.12019
HaloperidolDarkPTZ_Individual:25,0.02809,0.12109,0.07813,0.0828,0.0508,0.05183,0.08117,0.09924,0.0625,0.06645,0.07744,0.06227,0.04334
HaloperidolDarkPTZ_Individual:22,0.02542,0.12865,0.14943,0.06704,0.10795,0.16667,0.13158,0.2,0.14286,0.03846,0.21277,0.14159,0.15217
HaloperidolDarkPTZ_Individual:23,0.02193,0.07541,0.07927,0.10795,0.11875,0.09,0.06838,0.05594,0.14615,0.08673,0.10169,0.09217,0.06723
HaloperidolDarkPTZ_Individual:20,0.00899,0.06061,0.07536,0.09451,0.05793,0.07631,0.06645,0.05962,0.07627,0.04255,0.06275,0.033,0.04392
HaloperidolDarkPTZ_Individual:21,0.02391,0.13889,0.18135,0.16514,0.14444,0.08763,0.10151,0.09774,0.08561,0.09949,0.09661,0.09949,0.06361
HaloperidolDarkPTZ_Individual:34,0.02591,0.06373,0.14516,0.04255,0.06944,0.08584,0.11798,0.11168,0.08718,0.10976,0.1028,0.07778,0.11446
HaloperidolDarkPTZ_Individual:38,0.0252,0.06766,0.11183,0.17898,0.18812,0.19322,0.14483,0.20608,0.13838,0.21981,0.2068,0.17971,0.30072
HaloperidolDarkPTZ_Individual:35,0.0,0.06361,0.13992,0.07623,0.12195,0.1875,0.17476,0.22018,0.20588,0.14679,0.16667,0.15862,0.21053
HaloperidolDarkPTZ_Individual:27,0.17575,0.10721,0.16162,0.16837,0.15042,0.14286,0.13682,0.14404,0.13621,0.13497,0.16933,0.1326,0.16514
HaloperidolDarkPTZ_Individual:11,0.03975,0.06213,0.04452,0.04484,0.09005,0.07143,0.06452,0.0582,0.03614,0.0567,0.05584,0.04484,0.08861
HaloperidolDarkPTZ_Individual:37,0.06394,0.08333,0.1164,0.10833,0.16107,0.17692,0.13497,0.14474,0.19218,0.21656,0.20961,0.2053,0.14138
HaloperidolDarkPTZ_Individual:36,0,0.0302,0.12403,0.11737,0.15122,0.10323,0.07203,0.14173,0.09244,0.10738,0.03955,0.06838,0.05319
HaloperidolDarkPTZ_Individual:5;,0.09386,0.11376,0.12203,0.12179,0.14211,0.12195,0.07609,0.09744,0.12832,0.1411,0.08621,0.07767,0.04167
HaloperidolDarkPTZ_Individual:9;,0.09795,0.10902,0.06855,0.10145,0.05405,0.04783,0.08182,0.07292,0.1117,0.07865,0.07772,0.06875,0.03529
HaloperidolDarkPTZ_Individual:31,0.05195,0.10417,0.13187,0.04301,0.04412,0.04598,0.0339,0.04054,0.03571,0.0,0.0,0.01724,0.0
HaloperidolDarkPTZ_Individual:30,0.03883,0.00857,0.02929,0.02062,0.01485,0.01878,0.02941,0.03448,0.02392,0.03804,0.0199,0.03846,0.04808
HaloperidolDarkPTZ_Individual:1;,0.03851,0.07703,0.09115,0.12483,0.14264,0.14706,0.14315,0.15385,0.14748,0.16065,0.15,0.18763,0.20168
HaloperidolDarkPTZ_Individual:19,0.09611,0.15821,0.17608,0.09955,0.12357,0.10714,0.13507,0.15868,0.11032,0.10781,0.11111,0.204,0.11856
HaloperidolDarkPTZ_Individual:18,0.02638,0.13659,0.17117,0.14173,0.16875,0.18248,0.14973,0.2,0.10837,0.19255,0.15504,0.25,0.14525
HaloperidolDarkPTZ_Individual:39,0.01798,0.14634,0.14583,0.10526,0.15951,0.20168,0.05085,0.13433,0.15054,0.08257,0.14371,0.125,0.13934
HaloperidolDarkPTZ_Individual:33,0.04751,0.10701,0.07914,0.10638,0.09388,0.12121,0.125,0.1129,0.09129,0.0837,0.05285,0.06944,0.07339
HaloperidolDarkPTZ_Individual:3;,0.0839,0.10274,0.12805,0.08075,0.082,0.10065,0.09583,0.10061,0.11628,0.09091,0.14706,0.08136,0.11189
HaloperidolDarkPTZ_Individual:32,0.03214,0.0495,0.06133,0.06507,0.11979,0.11429,0.13115,0.14685,0.05046,0.08108,0.1506,0.08537,0.05814
HaloperidolDarkPTZ_Individual:13,0.0198,0.19149,0.11,0.125,0.21849,0.1165,0.07792,0.04878,0.08889,0.17172,0.0495,0.08943,0.22472
HaloperidolDarkPTZ_Individual:12,0.08403,0.03831,0.04082,0.02778,0.02719,0.0365,0.03431,0.0273,0.0355,0.01866,0.01064,0.0099,0.03297
HaloperidolDarkPTZ_Individual:7;,0.06186,0.06726,0.07576,0.06522,0.08333,0,0.09524,0.07447,0.0625,0.06061,0.08,0.06667,0.06796
HaloperidolDarkPTZ_Individual:10,0.05812,0.08565,0.09963,0.06589,0.10656,0.13488,0.08251,0.08658,0.06103,0.09653,0.0332,0.06522,0.0535
HaloperidolDarkPTZ_Individual:17,0.04698,0.17188,0.20213,0.26744,0.18421,0.17073,0.24409,0.20915,0.16364,0.17054,0.22917,0.24176,0.22835
HaloperidolDarkPTZ_Individual:16,0.01695,0.07595,0.08824,0.09201,0.10196,0.07426,0.04167,0.1875,0.08712,0.125,0.0697,0.12821,0.10623
HaloperidolDarkPTZ_Individual:15,0.02904,0.11948,0.12924,0.16265,0.22267,0.15564,0.2253,0.25217,0.196,0.23581,0.20979,0.12558,0.1875
HaloperidolDarkPTZ_Individual:14,0.06041,0.14792,0.18163,0.22775,0.16667,0.14405,0.19703,0.20085,0.219,0.18851,0.23011,0.23926,0.16216
