HaloperidolDarkPTZ_Individual:8;,0.01964,0.02381,0.01709,0.03586,0.02804,0.04819,0.02586,0.01429,0.01053,0.01339,0.00794,0.03271,0.02075
HaloperidolDarkPTZ_Individual:48,0.04247,0.04984,0.0235,0.02725,0.03662,0.02312,0.02494,0.03704,0.01647,0.02424,0.02098,0.0221,0.01942
HaloperidolDarkPTZ_Individual:4;,0.04894,0.0336,0.04429,0.02141,0.02497,0.02305,0.0186,0.03792,0.02667,0.02267,0.01878,0.01703,0.02267
HaloperidolDarkPTZ_Individual:40,0.03093,0.02985,0.05691,0.0,0.0,0.0,0.01075,0.02703,0.04124,0.0117,0.01653,0.01053,0.01227
HaloperidolDarkPTZ_Individual:41,0.02062,0.0264,0.04361,0.0266,0.01617,0.00847,0.00946,0.02294,0.01657,0.01181,0.0274,0.02162,0.01538
HaloperidolDarkPTZ_Individual:42,0.04073,0.01724,0.01389,0.00806,0.0,0.00267,0.02119,0.01007,0.00858,0.00649,0.00939,0.01136,0.00694
HaloperidolDarkPTZ_Individual:43,0.01882,0.01575,0.02604,0.02069,0.01075,0.00402,0.0,0.01463,0.02244,0.01311,0.01587,0.01878,0.01905
HaloperidolDarkPTZ_Individual:44,0.04233,0.01216,0.03478,0.02536,0.0184,0.01603,0.01158,0.032,0.01304,0.0137,0.0381,0.02765,0.01887
HaloperidolDarkPTZ_Individual:45,0.01418,0.01382,0.01554,0.02062,0.03125,0.02976,0.03833,0.0202,0.00415,0.0299,0.02041,0.01684,0.03019
HaloperidolDarkPTZ_Individual:46,0.02813,0.03093,0.03959,0.02822,0.03777,0.03283,0.01404,0.04681,0.01163,0.01415,0.02768,0.00993,0.0259
HaloperidolDarkPTZ_Individual:47,0.05421,0.05769,0.04121,0.02676,0.02647,0.05017,0.04134,0.0119,0.04154,0.04149,0.03252,0.01626,0.03077
HaloperidolDarkPTZ_Individual:2;,0.0382,0.03571,0.03704,0.03858,0.01862,0.02153,0.01415,0.00832,0.02517,0.00829,0.00424,0.01408,0.00398
HaloperidolDarkPTZ_Individual:28,0.04553,0.03969,0.07035,0.03057,0.02811,0.02761,0.03728,0.02834,0.03891,0.03571,0.02174,0.03093,0.02813
HaloperidolDarkPTZ_Individual:29,0.01351,0.01153,0.01754,0.0407,0.01876,0.0,0.0,0.01064,0.00752,0.00769,0.00485,0.01,0.02062
HaloperidolDarkPTZ_Individual:26,0.01907,0.01934,0.01023,0.01775,0.01681,0.02024,0.01575,0.01047,0.01487,0.00474,0.00472,0.00813,0.0049
HaloperidolDarkPTZ_Individual:6;,0.0322,0.0387,0.01253,0.01608,0.01897,0.01695,0.01018,0.02795,0.02062,0.03448,0.02299,0.00797,0.01498
HaloperidolDarkPTZ_Individual:24,0.04038,0.02422,0.01835,0.02881,0.02509,0.02222,0.01794,0.0188,0.0,0.03306,0.01802,0.01266,0.00481
HaloperidolDarkPTZ_Individual:25,0.00562,0.03906,0.02344,0.02229,0.0107,0.03049,0.01948,0.01145,0.00735,0.02326,0.01684,0.02198,0.01238
HaloperidolDarkPTZ_Individual:22,0.04802,0.07018,0.01724,0.0,0.00568,0.01042,0.00877,0.0,0.04082,0.03846,0.01064,0.02655,0.01087
HaloperidolDarkPTZ_Individual:23,0.02632,0.01639,0.01829,0.0,0.00625,0.005,0.01709,0.01399,0.01538,0.01531,0.00847,0.02304,0.02101
HaloperidolDarkPTZ_Individual:20,0.01124,0.0202,0.03478,0.03049,0.00915,0.01606,0.00997,0.01355,0.03814,0.02736,0.01961,0.0099,0.02027
HaloperidolDarkPTZ_Individual:21,0.03261,0.02083,0.02073,0.00917,0.02222,0.02577,0.01944,0.00752,0.02186,0.01786,0.01828,0.0102,0.02036
HaloperidolDarkPTZ_Individual:34,0.01554,0.01716,0.00806,0.02128,0.02083,0.01717,0.01685,0.04569,0.02051,0.02439,0.03271,0.02222,0.06024
HaloperidolDarkPTZ_Individual:38,0.02362,0.0396,0.01935,0.03409,0.0264,0.00678,0.01034,0.02027,0.01305,0.01548,0.01983,0.02029,0.01449
HaloperidolDarkPTZ_Individual:35,0.0,0.03562,0.02469,0.02242,0.01626,0.00893,0.02913,0.02752,0.01961,0.0367,0.0303,0.02069,0.03158
HaloperidolDarkPTZ_Individual:27,0.05272,0.04288,0.04646,0.02806,0.0195,0.03274,0.03483,0.03601,0.02326,0.02147,0.00639,0.01934,0.03364
HaloperidolDarkPTZ_Individual:11,0.02544,0.01183,0.0137,0.02242,0.04739,0.01531,0.00538,0.01587,0.00402,0.0,0.00508,0.00897,0.02532
HaloperidolDarkPTZ_Individual:37,0.04604,0.04545,0.01058,0.0,0.01342,0.03846,0.01227,0.00877,0.01303,0.01911,0.0131,0.03974,0.02759
HaloperidolDarkPTZ_Individual:36,0,0.01678,0.03101,0.02817,0.02927,0.00645,0.00424,0.0315,0.0084,0.01342,0.0226,0.01709,0.0
HaloperidolDarkPTZ_Individual:5;,0.02888,0.02646,0.01356,0.03846,0.02632,0.04878,0.03804,0.04615,0.0354,0.0184,0.02586,0.00971,0.03472
HaloperidolDarkPTZ_Individual:9;,0.02961,0.00752,0.00806,0.02415,0.01802,0.03043,0.00455,0.06771,0.01596,0.01685,0.02591,0.01875,0.04118
HaloperidolDarkPTZ_Individual:31,0.01558,0.01563,0.01099,0.05376,0.0,0.0,0.0339,0.0,0.0,0.0,0.0,0.00862,0.0
HaloperidolDarkPTZ_Individual:30,0.01942,0.00286,0.00418,0.01031,0.0,0.01878,0.0,0.0,0.00957,0.00543,0.00995,0.01099,0.00481
HaloperidolDarkPTZ_Individual:1;,0.04472,0.03782,0.03125,0.03467,0.03003,0.01584,0.03629,0.01224,0.02158,0.02888,0.01,0.02062,0.02311
HaloperidolDarkPTZ_Individual:19,0.03272,0.01791,0.01329,0.03394,0.01831,0.0119,0.02133,0.01497,0.03203,0.0,0.00855,0.028,0.01546
HaloperidolDarkPTZ_Individual:18,0.01918,0.01951,0.01802,0.00787,0.01875,0.0073,0.02139,0.00769,0.00985,0.04969,0.02326,0.01136,0.00559
HaloperidolDarkPTZ_Individual:39,0.02697,0.02439,0.01389,0.03509,0.01227,0.01681,0.0113,0.00746,0.0,0.0,0.00599,0.0,0.01639
HaloperidolDarkPTZ_Individual:33,0.01663,0.02952,0.02878,0.00532,0.02449,0.02165,0.01613,0.00806,0.03734,0.01322,0.03252,0.03704,0.01376
HaloperidolDarkPTZ_Individual:3;,0.02041,0.01826,0.01829,0.01242,0.01139,0.00974,0.04167,0.01524,0.02035,0.02424,0.00327,0.00339,0.0035
HaloperidolDarkPTZ_Individual:32,0.01607,0.00792,0.032,0.02055,0.03646,0.03265,0.02186,0.04895,0.01835,0.01931,0.03012,0.03049,0.02326
HaloperidolDarkPTZ_Individual:13,0.0495,0.00709,0.02,0.02083,0.01681,0.0,0.0,0.0,0.0,0.0202,0.0198,0.00813,0.01124
HaloperidolDarkPTZ_Individual:12,0.0084,0.01149,0.04082,0.01852,0.00604,0.0073,0.0049,0.0,0.00592,0.0,0.00532,0.0099,0.02198
HaloperidolDarkPTZ_Individual:7;,0.00344,0.01794,0.01515,0.0,0.06944,0,0.03175,0.01064,0.0125,0.0,0.01333,0.06667,0.01942
HaloperidolDarkPTZ_Individual:10,0.01804,0.02778,0.01476,0.0155,0.03279,0.02326,0.0264,0.03896,0.01878,0.00772,0.0083,0.01812,0.03292
HaloperidolDarkPTZ_Individual:17,0.03132,0.03125,0.02128,0.03488,0.04386,0.00813,0.01575,0.01961,0.0,0.0155,0.01042,0.02198,0.01575
HaloperidolDarkPTZ_Individual:16,0.02906,0.0443,0.02745,0.02421,0.01176,0.0,0.00833,0.01786,0.01515,0.04348,0.02727,0.01709,0.00733
HaloperidolDarkPTZ_Individual:15,0.03267,0.05714,0.01483,0.02711,0.01215,0.01556,0.01976,0.01304,0.012,0.02183,0.01748,0.02791,0.04688
HaloperidolDarkPTZ_Individual:14,0.03339,0.02465,0.02653,0.01571,0.00654,0.01461,0.0223,0.01068,0.01319,0.04598,0.01989,0.01227,0.01201
