NDMCHighDarkPTZ_Individual:8;,0.0,0.0,0.0,0.0,0.0,0.0,0.0,0.0,0.0,0.0,0.0,0.0,0.0
NDMCHighDarkPTZ_Individual:48,0.02603,0.0,0.0122,0.01563,0.01695,0.0,0.01439,0.01258,0.032,0.02959,0.01852,0.0,0.0198
NDMCHighDarkPTZ_Individual:4;,0.0,0.01619,0.03268,0.04196,0.0404,0.01905,0.01709,0.02941,0.024,0.04636,0.03797,0.05587,0.04294
NDMCHighDarkPTZ_Individual:40,0.06349,0.0,0.0339,0.00508,0.0,0.01667,0.01626,0.01481,0.02113,0.0,0.01852,0.04706,0.0202
NDMCHighDarkPTZ_Individual:41,0.0429,0.03333,0.0,0.01449,0.00787,0.0184,0.0,0.0069,0.00735,0.00719,0.00885,0.02604,0.01629
NDMCHighDarkPTZ_Individual:42,0.036,0.0463,0.03288,0.03951,0.00833,0.01408,0.00539,0.03115,0.00909,0.00389,0.01852,0.00966,0.02765
NDMCHighDarkPTZ_Individual:43,0.03521,0.00641,0.00763,0.01645,0.01994,0.01379,0.00709,0.0,0.00676,0.01282,0.01712,0.00905,0.00862
NDMCHighDarkPTZ_Individual:44,0.02941,0.0,0.03333,0.01266,0.02721,0.01648,0.02899,0.01408,0.01081,0.01471,0.01395,0.0061,0.0
NDMCHighDarkPTZ_Individual:45,0.01456,0.0,0.00617,0.01961,0.02752,0.02143,0.02703,0.01212,0.03659,0.00463,0.0099,0.01075,0.0073
NDMCHighDarkPTZ_Individual:46,0.02368,0.02278,0.01613,0.03941,0.01465,0.01015,0.02424,0.02262,0.01124,0.01058,0.0219,0.02034,0.01674
NDMCHighDarkPTZ_Individual:47,0.04797,0.01235,0.00519,0.03125,0.00722,0.00474,0.00474,0.01198,0.0231,0.02632,0.01351,0.01047,0.02115
NDMCHighDarkPTZ_Individual:2;,0.00794,0.01198,0.01786,0.03889,0.00585,0.0061,0.01293,0.00623,0.01678,0.00728,0.0038,0.00514,0.01242
NDMCHighDarkPTZ_Individual:28,0.0186,0.02685,0.04054,0.03906,0.02326,0.05195,0.0,0.0,0.02353,0.01818,0.03704,0.0122,0.01471
NDMCHighDarkPTZ_Individual:29,0.04082,0.04651,0.0,0.02778,0.03175,0.0,0.07143,0.0,0.06897,0.02439,0.0,0.01754,0.0
NDMCHighDarkPTZ_Individual:26,0.02532,0.02846,0.02033,0.00645,0.0038,0.02817,0.00847,0.03352,0.024,0.016,0.02575,0.02008,0.03965
NDMCHighDarkPTZ_Individual:6;,0.04255,0.03922,0.02,0.03822,0.04545,0.01422,0.02273,0.01563,0.0339,0.01739,0.02008,0.02893,0.03082
NDMCHighDarkPTZ_Individual:24,0.02667,0.0226,0.02203,0.00415,0.01653,0.01339,0.0099,0.00794,0.00658,0.01056,0.02454,0.01504,0.00373
NDMCHighDarkPTZ_Individual:25,0.01961,0.02454,0.03101,0.00952,0.01724,0.02963,0.01439,0.01899,0.01852,0.01852,0.03012,0.01538,0.01418
NDMCHighDarkPTZ_Individual:22,0.01146,0.00613,0.02333,0.00402,0.02893,0.0082,0.0137,0.00481,0.01569,0.01487,0.00588,0.01587,0.0188
NDMCHighDarkPTZ_Individual:23,0.01385,0.02548,0.0,0.02,0.00727,0.02703,0.01418,0.01724,0.02283,0.01754,0.01274,0.02976,0.0375
NDMCHighDarkPTZ_Individual:20,0.01955,0.02,0.03896,0.00971,0.0,0.00476,0.02721,0.03974,0.01948,0.01802,0.01818,0.0,0.01399
NDMCHighDarkPTZ_Individual:21,0.01493,0.02016,0.01923,0.0155,0.01542,0.01538,0.01896,0.01691,0.00959,0.01768,0.01325,0.01496,0.00984
NDMCHighDarkPTZ_Individual:34,0.0,0.02182,0.05263,0.00877,0.0069,0.0026,0.01892,0.00303,0.01149,0.00702,0.01718,0.00365,0.01316
NDMCHighDarkPTZ_Individual:38,0.04418,0.09709,0.01471,0.01087,0.0303,0.00826,0.01042,0.0,0.0,0.00649,0.0,0.05405,0.03488
NDMCHighDarkPTZ_Individual:35,0.0,0.03084,0.02462,0.01511,0.00287,0.00619,0.02834,0.01425,0.00703,0.02041,0.00816,0.03214,0.01099
NDMCHighDarkPTZ_Individual:27,0.03892,0.04412,0.02273,0.02137,0.03158,0.03097,0.02632,0.02094,0.01679,0.01643,0.02263,0.02116,0.04138
NDMCHighDarkPTZ_Individual:11,0.0113,0.00966,0.03846,0.04324,0.01875,0.06748,0.05164,0.03361,0.0332,0.02532,0.02809,0.03867,0.02778
NDMCHighDarkPTZ_Individual:37,0.03862,0.00889,0.03261,0.03125,0.01014,0.01761,0.01613,0.00613,0.00386,0.0073,0.01068,0.0122,0.00581
NDMCHighDarkPTZ_Individual:36,0.05556,0.00714,0.03896,0.00803,0.00365,0.00442,0.00629,0.02632,0.0,0.0,0.0,0.0,0.0
NDMCHighDarkPTZ_Individual:5;,0.02765,0.01105,0.0036,0.0,0.00602,0.03271,0.00769,0.00336,0.0122,0.01149,0.00444,0.0216,0.00539
NDMCHighDarkPTZ_Individual:9;,0.05714,0.02454,0.05389,0.02667,0.01149,0.0,0.0,0.0,0.00775,0.0,0.0,0.0,0.0
NDMCHighDarkPTZ_Individual:31,0.0,0.02427,0.00909,0.01587,0.0,0.0,0.01471,0.0,0.0,0.0,0.0,0.0,0.0
NDMCHighDarkPTZ_Individual:30,0.01775,0.0,0.00791,0.03478,0.01729,0.02508,0.01892,0.02046,0.02167,0.01754,0.01799,0.01166,0.02811
NDMCHighDarkPTZ_Individual:1;,0.02098,0.03867,0.02143,0.0219,0.02649,0.02727,0.02419,0.0,0.00957,0.0,0.00858,0.02174,0.00352
NDMCHighDarkPTZ_Individual:19,0.03543,0.01702,0.0,0.0,0.0,0.01435,0.02941,0.00599,0.01031,0.0,0.02315,0.00625,0.0
NDMCHighDarkPTZ_Individual:18,0.04534,0.02439,0.02913,0.02703,0.0,0.0,0.0,0.0,0.0,0.01538,0.01724,0.0,0.01724
NDMCHighDarkPTZ_Individual:39,0.03072,0.03784,0.01379,0.01099,0.0,0.02299,0.0,0.05,0.03333,0.04762,0.0,0.04651,0.0
NDMCHighDarkPTZ_Individual:33,0.02381,0,0.02314,0,0.0,0.0,0.0,0.0,0.0,0.0,0,0.0,0
NDMCHighDarkPTZ_Individual:3;,0.01923,0.01047,0.01156,0.005,0.02347,0.01149,0.01093,0.0186,0.0,0.00493,0.00435,0.03361,0.0332
NDMCHighDarkPTZ_Individual:32,0.0315,0.036,0.07328,0.00336,0.02674,0.0,0.0,0.02564,0.0,0.0,0.02941,0.0,0.02941
NDMCHighDarkPTZ_Individual:13,0.05567,0.02273,0.01005,0.0,0.02198,0.02575,0.01292,0.01336,0.02,0.01389,0.00696,0.02466,0.0133
NDMCHighDarkPTZ_Individual:12,0.01852,0.02963,0.05102,0.01907,0.02035,0.01081,0.01449,0.0,0.00481,0.0,0.0,0.00707,0.02206
NDMCHighDarkPTZ_Individual:7;,0.01031,0.01105,0.03268,0.00966,0.02583,0.01812,0.028,0.01163,0.00671,0.02206,0.0,0.01449,0.01111
NDMCHighDarkPTZ_Individual:10,0.0,0.01544,0.01408,0.02475,0.0,0.01064,0.0,0.07547,0.04478,0.0,0.01754,0.0,0.01587
NDMCHighDarkPTZ_Individual:17,0.01873,0.0102,0.0,0.0,0.0,0.0,0.0,0.02632,0.0,0.0,0.0,0.0,0.03125
NDMCHighDarkPTZ_Individual:16,0.06512,0.03526,0.02155,0.02288,0.02102,0.03077,0.01634,0.00336,0.00478,0.05761,0.0402,0.00833,0.02341
NDMCHighDarkPTZ_Individual:15,0.0125,0.0,0.01149,0.02899,0.0,0.0,0.01538,0.0119,0.03279,0.0,0.04082,0.0375,0.01471
NDMCHighDarkPTZ_Individual:14,0.0386,0.01075,0.03125,0.02,0.00889,0.07143,0.0411,0.00735,0.0,0.02609,0.0,0.01739,0.04598
