NDMCDarkPTZ_Individual:8;,0.38636,0.3508,0.27528,0.6,0.64706,0.5,0.47368,0.5,0.53125,0.46703,0.38235,0.43846,0.50625
NDMCDarkPTZ_Individual:48,0.44624,0.43902,0.33333,0.38679,0.43902,0.34884,0.30539,0.40084,0.46897,0.44964,0.60424,0.51254,0.45907
NDMCDarkPTZ_Individual:4;,0.3661,0.74522,0.63359,0.47059,0.41667,0.50909,0.36538,0.5,0.32895,0.47959,0.55319,0.6383,0.70588
NDMCDarkPTZ_Individual:40,0.42029,0.37079,0.50962,0.53942,0.4058,0.58108,0.34555,0.26852,0.51829,0.4433,0.49112,0.46995,0.45455
NDMCDarkPTZ_Individual:41,0.36126,0.45098,0.4,0.30303,0.42424,0.64706,0.63333,0,0.84444,0.46875,0.7561,0.9,0.97986
NDMCDarkPTZ_Individual:42,0.49153,0.44595,0.54448,0.55957,0.47753,0.57714,0.44203,0.63755,0.42574,0.37563,0.46948,0.60759,0.49419
NDMCDarkPTZ_Individual:43,0.46907,0.45912,0.70412,0.63253,0.62696,0.61891,0.52632,0.62179,0.69231,0.68194,0.72751,0.78032,0.71951
NDMCDarkPTZ_Individual:44,0.47868,0.47368,0.4023,0.43842,0.49565,0.41176,0.54297,0.51415,0.47475,0.50207,0.4918,0.47458,0.65445
NDMCDarkPTZ_Individual:45,0.44199,0.45349,0.39175,0.2963,0.46552,0.51316,0.45113,0.34722,0.36522,0.22727,0.35227,0.40244,0.36076
NDMCDarkPTZ_Individual:46,0.42889,0.47826,0.5119,0.32787,0.41593,0.41304,0.66667,0.4058,0.48101,0.28571,0.4,0.3,0.3375
NDMCDarkPTZ_Individual:47,0.38298,0.4,0.73636,0.56923,0.6,0.71084,0.37037,0.43478,0.36842,0.40426,0.46154,0.49587,0.49198
NDMCDarkPTZ_Individual:2;,0.47967,0.38406,0.5,0.43284,0.30851,0.36471,0.27049,0.35345,0.34286,0.39056,0.52632,0.3494,0.37615
NDMCDarkPTZ_Individual:28,0.40656,0.45397,0.41155,0.3814,0.55634,0.67742,0.48,0.45149,0.34483,0.44275,0.28455,0.53763,0.42105
NDMCDarkPTZ_Individual:29,0.2406,0.27647,0.35526,0.32258,0.39597,0.53636,0.4,0.38333,0.34559,0.40426,0.20833,0.39583,0.31579
NDMCDarkPTZ_Individual:26,0.33333,0.26946,0.3913,0.25714,0.36145,0.34234,0.35965,0.17647,0.32927,0.23438,0.31646,0.45161,0.34286
NDMCDarkPTZ_Individual:6;,0.40892,0.38498,0.47183,0.2619,0.48387,0.375,0.41958,0.38068,0.53043,0.38136,0.37143,0.24762,0.44186
NDMCDarkPTZ_Individual:24,0.56048,0.54237,0.43939,0.4589,0.40299,0.51807,0.38983,0.38776,0.61905,0.5,0.70238,0.31532,0.47154
NDMCDarkPTZ_Individual:25,0.35363,0.36412,0.26891,0.42966,0.49351,0.5445,0.37186,0.50435,0.55365,0.53608,0.43023,0.68807,0.66769
NDMCDarkPTZ_Individual:22,0.51613,0.50926,0.58974,0.45455,0.42353,0.5,0.58197,0.34513,0.40625,0.39597,0.39344,0.47799,0.56774
NDMCDarkPTZ_Individual:23,0.48307,0.52465,0.55738,0.45923,0.52778,0.56784,0.51852,0.45652,0.56325,0.58118,0.61446,0.51429,0.64324
NDMCDarkPTZ_Individual:20,0.36434,0.33871,0.53881,0.4958,0.49751,0.46626,0.48372,0.43694,0.5354,0.43842,0.41579,0.47234,0.5123
NDMCDarkPTZ_Individual:21,0.36528,0.35135,0.44565,0.4,0.72414,0.3913,0.33981,0.48421,0.53333,0.52941,0.47087,0.59843,0.59218
NDMCDarkPTZ_Individual:34,0.3181,0.41909,0.39662,0.33495,0.39264,0.40741,0.31818,0.44954,0.34109,0.42424,0.34783,0.54362,0.29688
NDMCDarkPTZ_Individual:38,0.40902,0.47196,0.6087,0.50311,0.5102,0.504,0.52174,0.56039,0.38191,0.48503,0.39865,0.62452,0.55431
NDMCDarkPTZ_Individual:35,0.35401,0.36296,0.43,0.4812,0.48503,0.30508,0.33735,0.48515,0.60331,0.44444,0.50658,0.3,0.40449
NDMCDarkPTZ_Individual:27,0.40541,0.39912,0.40678,0.50532,0.49865,0.52896,0.46809,0.52632,0.40642,0.51724,0.48276,0.70053,0.56897
NDMCDarkPTZ_Individual:11,0.53702,0.3931,0.42817,0.45455,0.42439,0.47556,0.52212,0.43605,0.55556,0.58721,0.49268,0.57098,0.50787
NDMCDarkPTZ_Individual:37,0.31513,0.48438,0.5,0.62205,0.94872,0.77551,0.6,0.15789,0.33333,0.42308,0.26316,0.63077,0.58824
NDMCDarkPTZ_Individual:36,0.29672,0.28846,0.51128,0.46154,0.57303,0.64085,0.69608,0.56322,0.83673,0.45695,0.51948,0.48352,0.70588
NDMCDarkPTZ_Individual:5;,0.42093,0.40331,0.38519,0.472,0.43846,0.61111,0.44516,0.42718,0.24444,0.35238,0.29,0.41667,0.27174
NDMCDarkPTZ_Individual:9;,0.4688,0.57525,0.46927,0.55738,0.56459,0.58632,0.64977,0.61624,0.59414,0.62614,0.67315,0.65946,0.67143
NDMCDarkPTZ_Individual:31,0.37412,0.40637,0.45522,0.56643,0.60733,0.77228,0.76687,0.62981,0.73333,0.67568,0.80247,0.54545,0.54444
NDMCDarkPTZ_Individual:30,0.3504,0.45205,0.44604,0.46186,0.4,0.47291,0.44531,0.36,0.42143,0.41624,0.41827,0.41624,0.39721
NDMCDarkPTZ_Individual:1;,0.63115,0.52903,0.49206,0.46721,0.53077,0.53,0.33663,0.34524,0.31746,0.16327,0.44928,0.37143,0.46429
NDMCDarkPTZ_Individual:19,0.41267,0.35714,0.55422,0.44444,0.43243,0.41667,0.46099,0.39506,0.61538,0.5,0.4,0.40244,0.21053
NDMCDarkPTZ_Individual:18,0.36465,0.41489,0.375,0.43548,0.63309,0.38739,0.38596,0.47418,0.41509,0.49254,0.39306,0.49356,0.39706
NDMCDarkPTZ_Individual:39,0.36697,0.45455,0.5,0.444,0.44569,0.51534,0.52448,0.42683,0.41748,0.42857,0.55251,0.77273,0.53676
NDMCDarkPTZ_Individual:33,0.45109,0.29644,0.40952,0.34298,0.47368,0.38889,0.43158,0.31387,0.35714,0.45714,0.55319,0.39535,0.36364
NDMCDarkPTZ_Individual:3;,0.45802,0.38095,0.67763,0.56875,0.53704,0.43165,0.39516,0.49351,0.35185,0.41667,0.43443,0.39259,0.56
NDMCDarkPTZ_Individual:32,0.44395,0.39423,0.30097,0.45,0.41549,0.46988,0.40394,0.63025,0.48663,0.59259,0.41667,0.53797,0.39007
NDMCDarkPTZ_Individual:13,0.382,0.43978,0.375,0.45455,0.40196,0.55556,0.48101,0.49677,0.49735,0.47561,0.46544,0.57979,0.37838
NDMCDarkPTZ_Individual:12,0.4276,0.50209,0.5473,0.47674,0.55224,0.52964,0.48727,0.53952,0.5746,0.53443,0.53875,0.60145,0.69011
NDMCDarkPTZ_Individual:7;,0.47763,0.42363,0.51316,0.49412,0.54745,0.75,0.43,0.42453,0.64706,0.41333,0.62338,0.45116,0.51695
NDMCDarkPTZ_Individual:10,0.48927,0.38202,0.41216,0.33945,0.29114,0.36842,0.38136,0.28972,0.12676,0.30864,0.22581,0.15686,0.32222
NDMCDarkPTZ_Individual:17,0.35669,0.4234,0.4806,0.52584,0.60369,0.40642,0.34783,0.49635,0.39091,0.40777,0.44853,0.5,0.46199
NDMCDarkPTZ_Individual:16,0.45921,0.4186,0.41912,0.44,0.50538,0.55346,0.60674,0.46602,0.40517,0.38235,0.5137,0.50943,0.52667
NDMCDarkPTZ_Individual:15,0.39181,0.32258,0.80769,0.75342,0.62687,0.73333,0.5,0.62222,0.4,0.42553,0.47436,0.49091,0.5
NDMCDarkPTZ_Individual:14,0.37365,0.48184,0.4898,0.55215,0.3871,0.66667,0.39394,0.39241,0,0.26087,0.41228,0.38053,0.46875
