NDMCDarkPTZ_Individual:8;,0.05594,0.16401,0.13483,0.03125,0.0,0.05882,0.08772,0.08571,0.03125,0.07692,0.10294,0.10769,0.05
NDMCDarkPTZ_Individual:48,0.07527,0.09146,0.15873,0.15094,0.12195,0.11047,0.15569,0.14346,0.12069,0.03597,0.07774,0.08602,0.0605
NDMCDarkPTZ_Individual:4;,0.07119,0.02548,0.07634,0.06723,0.17424,0.1,0.15385,0.15323,0.08553,0.05102,0.08511,0.01064,0.10084
NDMCDarkPTZ_Individual:40,0.07085,0.16854,0.12981,0.09959,0.2029,0.05405,0.06283,0.12037,0.01829,0.08763,0.04142,0.06557,0.03704
NDMCDarkPTZ_Individual:41,0.08901,0.05882,0.06,0.06061,0.12121,0.05882,0.05,0,0.0,0.01563,0.02439,0.0,0.0
NDMCDarkPTZ_Individual:42,0.08192,0.10811,0.07473,0.06859,0.08427,0.05714,0.06522,0.04803,0.08416,0.06091,0.05634,0.06329,0.11628
NDMCDarkPTZ_Individual:43,0.07388,0.10063,0.04494,0.0512,0.08777,0.09169,0.06316,0.07692,0.03722,0.07008,0.05026,0.04119,0.03171
NDMCDarkPTZ_Individual:44,0.08915,0.09211,0.17816,0.17734,0.15217,0.14286,0.05859,0.07547,0.06566,0.07469,0.10246,0.07345,0.05236
NDMCDarkPTZ_Individual:45,0.09945,0.15891,0.20103,0.16931,0.14368,0.07895,0.16541,0.11111,0.12174,0.13636,0.14205,0.10976,0.14557
NDMCDarkPTZ_Individual:46,0.08578,0.12681,0.10119,0.09836,0.10619,0.17391,0.11111,0.10145,0.11392,0.08571,0.125,0.16667,0.1
NDMCDarkPTZ_Individual:47,0.09865,0.07143,0.00909,0.12308,0.1,0.03614,0.07407,0.08696,0.08772,0.08511,0.12179,0.09917,0.09626
NDMCDarkPTZ_Individual:2;,0.1084,0.10145,0.05952,0.13433,0.1383,0.15882,0.18033,0.12931,0.01429,0.0515,0.08333,0.11446,0.11009
NDMCDarkPTZ_Individual:28,0.10164,0.13651,0.15162,0.14884,0.0493,0.10753,0.09333,0.12687,0.13793,0.0916,0.13821,0.13978,0.06015
NDMCDarkPTZ_Individual:29,0.14787,0.20588,0.13158,0.22581,0.11409,0.07273,0.15455,0.1,0.13971,0.07092,0.22917,0.04167,0.12632
NDMCDarkPTZ_Individual:26,0.09917,0.11377,0.19876,0.11429,0.12048,0.07207,0.08772,0.11765,0.08537,0.10938,0.05063,0.06452,0.1
NDMCDarkPTZ_Individual:6;,0.08922,0.1831,0.07746,0.11905,0.09677,0.1125,0.07692,0.02273,0.0087,0.10169,0.07143,0.09524,0.09302
NDMCDarkPTZ_Individual:24,0.04032,0.09605,0.04545,0.08904,0.10448,0.08434,0.0339,0.04082,0.03571,0.03205,0.02381,0.0991,0.12195
NDMCDarkPTZ_Individual:25,0.08665,0.18997,0.2395,0.1635,0.13853,0.07853,0.11055,0.06957,0.06438,0.07216,0.05814,0.02294,0.04308
NDMCDarkPTZ_Individual:22,0.02796,0.17593,0.12821,0.09091,0.2,0.05814,0.08197,0.11504,0.10156,0.15436,0.13934,0.14465,0.09032
NDMCDarkPTZ_Individual:23,0.09091,0.14437,0.13115,0.12017,0.09722,0.10553,0.09972,0.1087,0.07399,0.08706,0.06325,0.11429,0.08378
NDMCDarkPTZ_Individual:20,0.11111,0.10887,0.09132,0.05042,0.07463,0.06135,0.09767,0.04505,0.07965,0.06897,0.1,0.1234,0.06557
NDMCDarkPTZ_Individual:21,0.07254,0.05405,0.06522,0.13333,0.03448,0.06957,0.09709,0.02105,0.03333,0.05882,0.06796,0.02362,0.02793
NDMCDarkPTZ_Individual:34,0.09506,0.18257,0.21941,0.1699,0.09202,0.16296,0.15909,0.11009,0.14729,0.12121,0.06087,0.08054,0.0625
NDMCDarkPTZ_Individual:38,0.06511,0.10748,0.11594,0.09938,0.06803,0.096,0.04348,0.07729,0.08543,0.09581,0.06757,0.08046,0.06367
NDMCDarkPTZ_Individual:35,0.14675,0.2,0.16,0.16165,0.1018,0.15254,0.04819,0.12871,0.1157,0.06349,0.09211,0.14167,0.08989
NDMCDarkPTZ_Individual:27,0.11351,0.24561,0.15981,0.13564,0.15094,0.08108,0.07234,0.04211,0.12834,0.09655,0.05911,0.02139,0.06897
NDMCDarkPTZ_Individual:11,0.0611,0.14828,0.1662,0.13853,0.17561,0.06667,0.07522,0.19767,0.04793,0.10465,0.06341,0.12934,0.18898
NDMCDarkPTZ_Individual:37,0.09664,0.10417,0.14,0.07874,0.0,0.02041,0.05714,0.05263,0.03333,0.08974,0.26316,0.09231,0.11029
NDMCDarkPTZ_Individual:36,0.14066,0.20769,0.12782,0.10989,0.08989,0.07746,0.04902,0.05747,0.04082,0.10596,0.06494,0.0989,0.03167
NDMCDarkPTZ_Individual:5;,0.06977,0.1326,0.11852,0.112,0.1,0.0679,0.07097,0.1165,0.06667,0.12381,0.04,0.11905,0.09783
NDMCDarkPTZ_Individual:9;,0.12142,0.13043,0.11173,0.08743,0.09091,0.08795,0.07373,0.09225,0.06276,0.04255,0.04669,0.03514,0.08095
NDMCDarkPTZ_Individual:31,0.08941,0.13147,0.10448,0.1049,0.02618,0.0297,0.0,0.00481,0.0,0.05405,0.01235,0.06818,0.04444
NDMCDarkPTZ_Individual:30,0.128,0.1172,0.1295,0.11017,0.16098,0.11823,0.08594,0.16,0.125,0.1066,0.10577,0.1066,0.08014
NDMCDarkPTZ_Individual:1;,0.03279,0.06452,0.04762,0.05738,0.04615,0.08,0.06931,0.08333,0.07937,0.0,0.04348,0.0,0.04762
NDMCDarkPTZ_Individual:19,0.09418,0.10714,0.10843,0.19444,0.13514,0.125,0.09929,0.12346,0.15385,0.08333,0.0,0.08537,0.13158
NDMCDarkPTZ_Individual:18,0.12975,0.14362,0.07292,0.12903,0.04317,0.09009,0.08772,0.06103,0.10377,0.06965,0.04624,0.06867,0.06618
NDMCDarkPTZ_Individual:39,0.09358,0.12121,0.09615,0.16,0.14607,0.11963,0.11888,0.08943,0.08738,0.10714,0.05479,0.0,0.08456
NDMCDarkPTZ_Individual:33,0.08877,0.19368,0.1619,0.17355,0.15789,0.19444,0.13684,0.08759,0.22857,0.1619,0.10638,0.10465,0.15909
NDMCDarkPTZ_Individual:3;,0.05153,0.11565,0.07237,0.0875,0.09877,0.14388,0.08871,0.11039,0.14815,0.05556,0.09836,0.05185,0.06
NDMCDarkPTZ_Individual:32,0.08072,0.11538,0.06796,0.12778,0.09859,0.07831,0.07389,0.07143,0.06952,0.06173,0.05303,0.06329,0.04965
NDMCDarkPTZ_Individual:13,0.11375,0.15966,0.13889,0.15909,0.13725,0.0628,0.08861,0.1129,0.07937,0.06707,0.06452,0.10638,0.11351
NDMCDarkPTZ_Individual:12,0.06109,0.06695,0.07432,0.07364,0.05373,0.05534,0.05818,0.04124,0.05397,0.07213,0.04428,0.03865,0.03232
NDMCDarkPTZ_Individual:7;,0.09868,0.15418,0.09023,0.14118,0.0438,0.02586,0.075,0.06604,0.01961,0.06667,0.05195,0.06512,0.03672
NDMCDarkPTZ_Individual:10,0.07296,0.07303,0.06757,0.06422,0.12658,0.01053,0.13559,0.09346,0.11268,0.08642,0.09677,0.03922,0.08889
NDMCDarkPTZ_Individual:17,0.12951,0.15042,0.16119,0.15805,0.12903,0.16578,0.14493,0.11679,0.13636,0.09709,0.125,0.16667,0.14035
NDMCDarkPTZ_Individual:16,0.075,0.18217,0.125,0.11,0.15054,0.11321,0.07865,0.14563,0.06034,0.14706,0.09589,0.08019,0.10667
NDMCDarkPTZ_Individual:15,0.0614,0.08756,0.02198,0.05479,0.06716,0.05641,0.07955,0.06667,0.12308,0.04255,0.15385,0.1,0.07
NDMCDarkPTZ_Individual:14,0.14255,0.20097,0.14471,0.1227,0.09677,0.1,0.07071,0.10127,0,0.04348,0.11404,0.0531,0.07813
