OSU6162DarkPTZ_Individual:8;,0.07937,0.08235,0.11315,0.12121,0.13402,0.13008,0.06842,0.06316,0.07377,0.0757,0.05505,0.03846,0.0218
OSU6162DarkPTZ_Individual:48,0.11111,0.10695,0.00709,0.08081,0.01657,0.02979,0.04808,0.07345,0.05,0.06011,0.04372,0.0679,0.03543
OSU6162DarkPTZ_Individual:4;,0.09619,0.22047,0.05128,0.04082,0.09804,0.08649,0.04255,0.11111,0.12037,0.08511,0.09036,0.08108,0.07583
OSU6162DarkPTZ_Individual:40,0.03675,0.01266,0.035,0.04938,0.06366,0.04421,0.05817,0.05349,0.04255,0.05685,0.07324,0.06137,0.06422
OSU6162DarkPTZ_Individual:41,0.0566,0.11927,0.09091,0.06579,0.0,0.03922,0.04082,0.14085,0.05556,0.07547,0.11111,0.05634,0.08621
OSU6162DarkPTZ_Individual:42,0.11752,0.07872,0.04494,0.05455,0.00781,0.08571,0.06667,0.03333,0.06306,0.03396,0.05,0.0724,0.06429
OSU6162DarkPTZ_Individual:43,0.07895,0.06936,0.11864,0.0549,0.12048,0.05376,0.04027,0.05814,0.0559,0.13043,0.05455,0.01626,0.03922
OSU6162DarkPTZ_Individual:44,0.16995,0.16667,0.19101,0.15217,0.04762,0.12069,0.08333,0.06061,0.08065,0.06977,0.14151,0.09375,0.02941
OSU6162DarkPTZ_Individual:45,0.0623,0.11429,0.13333,0.01508,0.06,0.0283,0.01167,0.03929,0.01976,0.03285,0.02232,0.02778,0.0239
OSU6162DarkPTZ_Individual:46,0.05305,0.06228,0.05,0.09278,0.06926,0.09091,0.06742,0.07588,0.04545,0.05638,0.0316,0.0236,0.04492
OSU6162DarkPTZ_Individual:47,0.1349,0.08621,0.07692,0.04032,0.03311,0.08989,0.03158,0.05882,0.05263,0.04098,0.06034,0.08333,0.09483
OSU6162DarkPTZ_Individual:2;,0.072,0.03846,0.17284,0.0566,0.01471,0.05825,0.02703,0.04348,0.05,0.0404,0.03636,0.01266,0.02899
OSU6162DarkPTZ_Individual:28,0.05341,0.09392,0.07407,0.05263,0.0226,0.02817,0.06383,0.06962,0.08482,0.04545,0.05612,0.06122,0.02924
OSU6162DarkPTZ_Individual:29,0.09726,0.09524,0.12881,0.15126,0.16667,0.08679,0.13889,0.14634,0.12139,0.1,0.09732,0.11388,0.06371
OSU6162DarkPTZ_Individual:26,0.06419,0.1457,0.13934,0.07292,0.11111,0.0404,0.0678,0.12258,0.08235,0.04469,0.09697,0.04433,0.11486
OSU6162DarkPTZ_Individual:6;,0.08086,0.124,0.24257,0.1027,0.07558,0.10256,0.1131,0.12651,0.11043,0.09929,0.09929,0.05882,0.09756
OSU6162DarkPTZ_Individual:24,0.07921,0.08462,0.04286,0.03333,0.06731,0.07143,0.08235,0.09302,0.04511,0.0339,0.10891,0.06061,0.06818
OSU6162DarkPTZ_Individual:25,0.09226,0.10417,0.09091,0.0473,0.08589,0.03209,0.06557,0.06957,0.0199,0.04027,0.03195,0.06711,0.04938
OSU6162DarkPTZ_Individual:22,0.0855,0.0625,0.0625,0.07792,0.02941,0.06667,0.03175,0.05556,0.05405,0.0,0.13673,0.03,0.09091
OSU6162DarkPTZ_Individual:23,0.07672,0.16949,0.09783,0.09278,0.13445,0.09402,0.09709,0.15873,0.12613,0.17073,0.13725,0.10169,0.0873
OSU6162DarkPTZ_Individual:20,0.10933,0.06452,0.05495,0.1,0.08333,0.10256,0.11111,0.11111,0.09756,0.10881,0.07614,0.12587,0.08434
OSU6162DarkPTZ_Individual:21,0.08883,0.08671,0.02885,0.0566,0.09434,0.01942,0.05556,0.05128,0.05319,0.02791,0.04545,0.02395,0.05469
OSU6162DarkPTZ_Individual:34,0.07981,0.04,0.10127,0.07042,0.0625,0.05,0.025,0.0625,0.05405,0.075,0.06061,0.11111,0.06452
OSU6162DarkPTZ_Individual:38,0.10838,0.12605,0.08333,0.03448,0.08387,0.06522,0.08936,0.06441,0.04605,0.02527,0.03289,0.0428,0.04854
OSU6162DarkPTZ_Individual:35,0.04435,0.07879,0.11465,0.05505,0.06,0.01935,0.05742,0.04278,0.03125,0.0495,0.07031,0.045,0.05495
OSU6162DarkPTZ_Individual:27,0.0463,0.09091,0.11009,0.02041,0.06796,0.01961,0.05806,0.07813,0.04317,0.04854,0.04104,0.0,0.0
OSU6162DarkPTZ_Individual:11,0.07714,0.14248,0.09494,0.05085,0.03687,0.04787,0.0362,0.04023,0.02564,0.03488,0.04639,0.03571,0.04321
OSU6162DarkPTZ_Individual:37,0.05446,0.10573,0.06452,0.09901,0.03846,0.0102,0.05208,0.05319,0.05882,0.06667,0.07237,0.09091,0.06122
OSU6162DarkPTZ_Individual:36,0.07746,0.07393,0.03279,0.0443,0.05102,0.01515,0.04082,0.05825,0.11194,0.06122,0.04717,0.04242,0.06667
OSU6162DarkPTZ_Individual:5;,0.10891,0.0625,0.12195,0.05263,0.07463,0.05618,0.07792,0.07042,0.05,0.07143,0.025,0.06015,0.02632
OSU6162DarkPTZ_Individual:9;,0.083,0.10769,0.04,0.06667,0.1165,0.0381,0.03093,0.07813,0.07487,0.04787,0.07831,0.09524,0.10744
OSU6162DarkPTZ_Individual:31,0.1074,0.13688,0.08148,0.07438,0.04643,0.05455,0.104,0.05755,0.06085,0.10222,0.0904,0.06786,0.12085
OSU6162DarkPTZ_Individual:30,0.06314,0.09626,0.08696,0.02162,0.09005,0.00588,0.02013,0.03448,0.06087,0.06627,0.0274,0.0452,0.03529
OSU6162DarkPTZ_Individual:1;,0.09752,0.16616,0.12329,0.1162,0.12211,0.10294,0.07813,0.11284,0.10244,0.07458,0.07692,0.08108,0.07732
OSU6162DarkPTZ_Individual:19,0.12981,0.15014,0.02283,0.04737,0.0708,0.01938,0.01027,0.04065,0.03256,0.05238,0.03371,0.00629,0.01818
OSU6162DarkPTZ_Individual:18,0.06798,0.12461,0.09735,0.0,0.01538,0.06944,0.025,0.05405,0.01619,0.07895,0.06957,0.11628,0.07738
OSU6162DarkPTZ_Individual:39,0.13098,0.11468,0.10092,0.1125,0.04151,0.06667,0.07282,0.05769,0.06475,0.07527,0.07732,0.05303,0.06883
OSU6162DarkPTZ_Individual:33,0.01149,0.21739,0.12,0.18085,0.12281,0.05455,0.10101,0.13514,0.1519,0.19231,0.15517,0.2973,0.16667
OSU6162DarkPTZ_Individual:3;,0.12333,0.20398,0.13836,0.0915,0.10366,0.1164,0.12037,0.08889,0.04545,0.09091,0.02899,0.06767,0.06316
OSU6162DarkPTZ_Individual:32,0.03237,0.0716,0.05102,0.01765,0.11567,0.125,0.10072,0.09286,0.07507,0.07184,0.07062,0.07727,0.07027
OSU6162DarkPTZ_Individual:13,0.15152,0.18868,0.17822,0.09655,0.14493,0.08247,0.09639,0.04494,0.02857,0.10377,0.03636,0.04545,0.05882
OSU6162DarkPTZ_Individual:12,0.04762,0.13592,0.15556,0.09694,0.1,0.05344,0.05195,0.04444,0.06522,0.03659,0.05263,0.05882,0.02632
OSU6162DarkPTZ_Individual:7;,0.13455,0.16461,0.14783,0.12143,0.18182,0.09722,0.13934,0.07813,0.08523,0.11957,0.08661,0.06,0.088
OSU6162DarkPTZ_Individual:10,0.11615,0.06767,0.08989,0.03191,0.02857,0.04651,0.02381,0.02597,0.02825,0.09836,0.0237,0.08475,0.0531
OSU6162DarkPTZ_Individual:17,0.06173,0.09639,0.09677,0.11724,0.09539,0.10048,0.07755,0.08497,0.05792,0.09544,0.05818,0.05576,0.07287
OSU6162DarkPTZ_Individual:16,0.14343,0.10373,0.05797,0.04839,0.05435,0.09375,0.08511,0.06349,0.10256,0.07143,0.08491,0.05019,0.11429
OSU6162DarkPTZ_Individual:15,0.07826,0.02778,0.03165,0.02516,0.03191,0.04965,0.04372,0.09091,0.02924,0.04425,0.03704,0.04545,0.0339
OSU6162DarkPTZ_Individual:14,0.11738,0.14629,0.07463,0.08271,0.06087,0.03625,0.05965,0.03356,0.04747,0.04438,0.0277,0.0209,0.06875
