OSU6162DarkPTZ_Individual:8;,0.10794,0.07059,0.0948,0.0303,0.06186,0.04878,0.06316,0.05263,0.06557,0.10359,0.08716,0.06838,0.0654
OSU6162DarkPTZ_Individual:48,0.17901,0.07487,0.1844,0.05051,0.09392,0.13191,0.08654,0.12429,0.15625,0.12568,0.12568,0.17284,0.1378
OSU6162DarkPTZ_Individual:4;,0.12224,0.03937,0.15385,0.02041,0.13725,0.14595,0.14894,0.11111,0.05556,0.0922,0.10843,0.09009,0.09005
OSU6162DarkPTZ_Individual:40,0.19342,0.12342,0.175,0.14506,0.09651,0.12211,0.12188,0.07907,0.08983,0.13695,0.06761,0.08664,0.09786
OSU6162DarkPTZ_Individual:41,0.10063,0.01835,0.06061,0.02632,0.02941,0.05882,0.12245,0.02817,0.125,0.10377,0.04444,0.0493,0.08621
OSU6162DarkPTZ_Individual:42,0.13082,0.06997,0.1236,0.09697,0.00781,0.08571,0.12857,0.08667,0.07658,0.12075,0.14091,0.08597,0.1
OSU6162DarkPTZ_Individual:43,0.11579,0.09827,0.07345,0.12549,0.10241,0.16667,0.18121,0.11628,0.12422,0.08696,0.15152,0.13008,0.03922
OSU6162DarkPTZ_Individual:44,0.08621,0.04167,0.02247,0.0,0.11905,0.10345,0.125,0.01515,0.10484,0.02326,0.08491,0.09375,0.05882
OSU6162DarkPTZ_Individual:45,0.15738,0.05714,0.0,0.1206,0.12,0.07547,0.01556,0.13214,0.083,0.13139,0.16071,0.11728,0.10757
OSU6162DarkPTZ_Individual:46,0.21751,0.11073,0.115,0.07216,0.09957,0.13287,0.07584,0.08672,0.13636,0.07715,0.10835,0.12684,0.06856
OSU6162DarkPTZ_Individual:47,0.11437,0.0431,0.09615,0.1129,0.09934,0.05618,0.09474,0.11765,0.08772,0.05738,0.12931,0.05303,0.11207
OSU6162DarkPTZ_Individual:2;,0.064,0.19231,0.07407,0.01887,0.11765,0.17476,0.17117,0.13043,0.175,0.09091,0.01818,0.12658,0.07246
OSU6162DarkPTZ_Individual:28,0.22552,0.09392,0.16049,0.10931,0.18079,0.14085,0.12234,0.13291,0.10268,0.17532,0.10714,0.11224,0.17544
OSU6162DarkPTZ_Individual:29,0.23708,0.12381,0.04746,0.08403,0.06667,0.08302,0.09722,0.06098,0.09538,0.05769,0.09396,0.09253,0.07202
OSU6162DarkPTZ_Individual:26,0.23649,0.0596,0.07377,0.23958,0.13492,0.15152,0.17797,0.22581,0.08235,0.21788,0.13333,0.12808,0.10135
OSU6162DarkPTZ_Individual:6;,0.17251,0.068,0.05446,0.08108,0.12209,0.06838,0.08333,0.06627,0.06135,0.04965,0.07092,0.07487,0.04268
OSU6162DarkPTZ_Individual:24,0.16832,0.1,0.12857,0.15,0.10577,0.12857,0.11765,0.12403,0.10526,0.11864,0.15842,0.18182,0.125
OSU6162DarkPTZ_Individual:25,0.07738,0.05833,0.1039,0.06757,0.09816,0.13904,0.09836,0.12174,0.08458,0.08725,0.15655,0.16779,0.08642
OSU6162DarkPTZ_Individual:22,0.12268,0.16667,0.125,0.11688,0.07843,0.11111,0.09524,0.09259,0.02703,0.0,0.04056,0.13,0.06061
OSU6162DarkPTZ_Individual:23,0.17989,0.07345,0.04348,0.07216,0.14286,0.06838,0.1068,0.06349,0.08108,0.13821,0.18627,0.11864,0.11111
OSU6162DarkPTZ_Individual:20,0.11733,0.05806,0.15385,0.06667,0.14103,0.09615,0.11111,0.11111,0.15854,0.08808,0.11675,0.08392,0.07229
OSU6162DarkPTZ_Individual:21,0.14213,0.0578,0.14423,0.09434,0.07547,0.05825,0.05556,0.13675,0.06383,0.11163,0.11111,0.09581,0.13281
OSU6162DarkPTZ_Individual:34,0.16197,0.16,0.17722,0.07042,0.03125,0.1,0.0875,0.1,0.12613,0.025,0.08333,0.15741,0.15054
OSU6162DarkPTZ_Individual:38,0.11452,0.07563,0.04861,0.18966,0.08387,0.08696,0.0766,0.14237,0.13487,0.15523,0.22368,0.1323,0.08414
OSU6162DarkPTZ_Individual:35,0.17738,0.09697,0.07643,0.09174,0.095,0.10968,0.11483,0.09091,0.10417,0.12871,0.13281,0.07,0.1044
OSU6162DarkPTZ_Individual:27,0.15432,0.16288,0.01835,0.09184,0.12621,0.13725,0.16774,0.11458,0.09353,0.1068,0.11194,0.14706,0.08547
OSU6162DarkPTZ_Individual:11,0.18286,0.06069,0.08861,0.07345,0.1106,0.10106,0.14932,0.10345,0.09402,0.06977,0.1701,0.08571,0.06173
OSU6162DarkPTZ_Individual:37,0.21287,0.07048,0.06452,0.0495,0.11538,0.16837,0.10417,0.10106,0.11765,0.08148,0.09868,0.15152,0.12245
OSU6162DarkPTZ_Individual:36,0.16549,0.12451,0.08197,0.10759,0.12755,0.13131,0.12245,0.06796,0.04478,0.10204,0.07547,0.06061,0.06667
OSU6162DarkPTZ_Individual:5;,0.19802,0.10417,0.07317,0.12281,0.13433,0.07865,0.06494,0.12676,0.06667,0.13095,0.05,0.1203,0.10526
OSU6162DarkPTZ_Individual:9;,0.18182,0.10256,0.12,0.14,0.1068,0.05714,0.17526,0.07031,0.06417,0.09574,0.05422,0.06548,0.09091
OSU6162DarkPTZ_Individual:31,0.09785,0.09125,0.0963,0.07025,0.13571,0.12121,0.056,0.11871,0.05291,0.07556,0.09322,0.08571,0.08459
OSU6162DarkPTZ_Individual:30,0.13993,0.12299,0.09239,0.03784,0.09479,0.10588,0.11409,0.09195,0.09565,0.11446,0.11644,0.0452,0.13333
OSU6162DarkPTZ_Individual:1;,0.15944,0.07251,0.09132,0.05634,0.09571,0.06863,0.07813,0.07004,0.0878,0.07797,0.07692,0.13063,0.13918
OSU6162DarkPTZ_Individual:19,0.14663,0.05099,0.06393,0.11053,0.13717,0.12791,0.15068,0.15447,0.15349,0.17619,0.17978,0.22013,0.15152
OSU6162DarkPTZ_Individual:18,0.15564,0.03115,0.06195,0.07576,0.09231,0.01389,0.025,0.06757,0.09717,0.02632,0.07826,0.0,0.05952
OSU6162DarkPTZ_Individual:39,0.10831,0.05505,0.08563,0.10833,0.06415,0.06667,0.1165,0.04808,0.06475,0.09677,0.12887,0.04545,0.05668
OSU6162DarkPTZ_Individual:33,0.14943,0.0,0.12,0.06383,0.05263,0.01818,0.05051,0.02703,0.02532,0.08974,0.05172,0.0,0.04167
OSU6162DarkPTZ_Individual:3;,0.13,0.10448,0.0566,0.11111,0.05488,0.11111,0.07407,0.07407,0.05682,0.06612,0.10628,0.01504,0.04737
OSU6162DarkPTZ_Individual:32,0.17376,0.11217,0.07653,0.10588,0.05597,0.06875,0.1259,0.09286,0.05898,0.06034,0.07973,0.06818,0.07568
OSU6162DarkPTZ_Individual:13,0.12727,0.01258,0.0297,0.11034,0.05797,0.10309,0.03614,0.07865,0.04762,0.12264,0.04545,0.06364,0.10084
OSU6162DarkPTZ_Individual:12,0.2029,0.06796,0.02222,0.09694,0.1,0.08397,0.05195,0.22222,0.08696,0.10976,0.06767,0.04706,0.13158
OSU6162DarkPTZ_Individual:7;,0.08364,0.0535,0.13913,0.09286,0.09091,0.09722,0.08197,0.08594,0.08523,0.1087,0.06299,0.04,0.096
OSU6162DarkPTZ_Individual:10,0.10482,0.10526,0.11236,0.12766,0.11429,0.02326,0.07143,0.15584,0.10734,0.08197,0.14692,0.15254,0.11504
OSU6162DarkPTZ_Individual:17,0.14568,0.0994,0.05865,0.08621,0.06908,0.03828,0.0898,0.13399,0.10039,0.08714,0.09818,0.11152,0.1417
OSU6162DarkPTZ_Individual:16,0.11919,0.11618,0.08696,0.09677,0.07609,0.14063,0.14894,0.09524,0.11538,0.10317,0.12264,0.15058,0.2
OSU6162DarkPTZ_Individual:15,0.11304,0.11111,0.13924,0.08176,0.10106,0.11348,0.12568,0.10909,0.11696,0.15044,0.18519,0.14545,0.19492
OSU6162DarkPTZ_Individual:14,0.13995,0.06413,0.0796,0.07143,0.11739,0.10876,0.0807,0.11745,0.12658,0.10947,0.10526,0.11343,0.14688
