PCAP931DarkPTZ_Individual:8;,0.09633,0.15186,0.16204,0.06936,0.12364,0.09896,0.10628,0.06286,0.0,0.03529,0.02532,0.06422,0.03333
PCAP931DarkPTZ_Individual:48,0.17424,0.08511,0.02899,0.09091,0.12687,0.10169,0.11628,0.09821,0.07317,0.14925,0.13194,0.05455,0.1375
PCAP931DarkPTZ_Individual:4;,0.22283,0.13139,0.07586,0.07813,0.05405,0.13889,0.11765,0.11976,0.08372,0.10698,0.11268,0.06283,0.08122
PCAP931DarkPTZ_Individual:40,0.13,0.07895,0.0,0.12,0.11111,0.11111,0.03597,0.03226,0.06522,0.1,0.0,0.08696,0.0
PCAP931DarkPTZ_Individual:41,0.08205,0.12963,0.09375,0.22727,0.08553,0.06573,0.08929,0.07527,0.04278,0.06618,0.07143,0.0354,0.0
PCAP931DarkPTZ_Individual:42,0.10526,0.07568,0.01087,0.02703,0.05882,0.05732,0.07435,0.0304,0.04255,0.04886,0.04732,0.04908,0.05047
PCAP931DarkPTZ_Individual:43,0.18577,0.14715,0.0991,0.03704,0.07263,0.06324,0.10067,0.04286,0.04698,0.01932,0.04124,0.03614,0.05785
PCAP931DarkPTZ_Individual:44,0.13953,0.14329,0.15,0.08974,0.01775,0.05521,0.03497,0.06161,0.04,0.0473,0.05348,0.04624,0.04184
PCAP931DarkPTZ_Individual:45,0.14922,0.09375,0.0,0.13793,0.05,0.04651,0.06667,0.05882,0.13158,0.02,0.0641,0.13433,0.05556
PCAP931DarkPTZ_Individual:46,0.1027,0.09506,0.07925,0.07729,0.05957,0.05102,0.09016,0.05114,0.05674,0.0069,0.08955,0.12281,0.03593
PCAP931DarkPTZ_Individual:47,0.21429,0.223,0.19883,0.16393,0.05556,0.10526,0.16327,0.06818,0.07895,0.09677,0.02941,0.0,0.07692
PCAP931DarkPTZ_Individual:2;,0.09735,0.07042,0.0315,0.04032,0.0618,0.0625,0.06452,0.13559,0.11628,0.05926,0.07752,0.08333,0.04286
PCAP931DarkPTZ_Individual:28,0.09574,0.12613,0.07438,0.18421,0.17143,0.07692,0.06796,0.03676,0.05263,0.1,0.1037,0.09028,0.11702
PCAP931DarkPTZ_Individual:29,0.18902,0.05224,0.08654,0.08667,0.12644,0.11,0.13542,0.08491,0.11382,0.07586,0.07317,0.03571,0.06417
PCAP931DarkPTZ_Individual:26,0.13559,0.0303,0.0,0.0,0.05405,0.08333,0.10345,0.07937,0.08824,0.05128,0.05714,0.0641,0.0814
PCAP931DarkPTZ_Individual:6;,0.15172,0.15873,0.04918,0.06061,0.02326,0.07018,0.13,0.06087,0.08247,0.03509,0.07527,0.05085,0.06763
PCAP931DarkPTZ_Individual:24,0.13053,0.07979,0.07477,0.08661,0.11842,0.09211,0.07692,0.14815,0.04348,0.08333,0.0,0.02632,0.17647
PCAP931DarkPTZ_Individual:25,0.1236,0.06349,0.08696,0.05714,0.09259,0.09756,0.10526,0.04839,0.08,0.02439,0.13462,0.06316,0.0458
PCAP931DarkPTZ_Individual:22,0.14731,0.12679,0.19298,0.12,0.15306,0.03409,0.06931,0.0,0.03205,0.05063,0.03665,0.02685,0.03797
PCAP931DarkPTZ_Individual:23,0.14729,0.11316,0.1338,0.12143,0.08108,0.125,0.0531,0.04651,0.02857,0.04,0.12,0.11905,0.04
PCAP931DarkPTZ_Individual:20,0.17175,0.14976,0.05941,0.12295,0.1,0.0566,0.2069,0.06452,0.0678,0.025,0.04,0.08642,0.10714
PCAP931DarkPTZ_Individual:21,0.15385,0.14765,0.15476,0.07921,0.0565,0.06034,0.04478,0.01136,0.01587,0.02105,0.05691,0.06542,0.03333
PCAP931DarkPTZ_Individual:34,0.16427,0.16271,0.15476,0.08854,0.06875,0.10458,0.13939,0.09091,0.03049,0.07432,0.07602,0.04348,0.12903
PCAP931DarkPTZ_Individual:38,0.13636,0.19178,0.15094,0.125,0.04167,0.03571,0.0,0.0,0.11111,0.0,0.0,0.05405,0.06667
PCAP931DarkPTZ_Individual:35,0.07708,0.13242,0.15719,0.15175,0.12996,0.10648,0.13675,0.13675,0.07143,0.11765,0.09756,0.04615,0.06742
PCAP931DarkPTZ_Individual:27,0.07018,0.16495,0.125,0.06667,0.05455,0.08929,0.07407,0.0885,0.05747,0.17021,0.05584,0.11111,0.1
PCAP931DarkPTZ_Individual:11,0.12601,0.13725,0.14904,0.10326,0.07175,0.06599,0.02484,0.01869,0.04054,0.04667,0.04118,0.07792,0.04545
PCAP931DarkPTZ_Individual:37,0.18333,0.09551,0.06863,0.04274,0.0339,0.06944,0.03333,0.12987,0.06154,0.10101,0.12346,0.04225,0.07865
PCAP931DarkPTZ_Individual:36,0.17131,0.18114,0.14894,0.12583,0.13478,0.0565,0.04167,0.04902,0.01389,0.04688,0.05505,0.08065,0.06667
PCAP931DarkPTZ_Individual:5;,0.11194,0.16949,0.11392,0.06944,0.12903,0.15385,0.21429,0.09615,0.16495,0.12195,0.02778,0.0,0.01852
PCAP931DarkPTZ_Individual:9;,0.14409,0.20285,0.13208,0.05556,0.10084,0.11672,0.11935,0.0535,0.10088,0.08939,0.09924,0.1055,0.0905
PCAP931DarkPTZ_Individual:31,0.16851,0.22167,0.13889,0.12109,0.02479,0.01471,0.21429,0.06897,0.0,0.0,0.03846,0.01266,0.0
PCAP931DarkPTZ_Individual:30,0.15854,0.09938,0.11702,0.10569,0.06579,0.12281,0.08333,0.05587,0.06369,0.05517,0.04516,0.09091,0.06707
PCAP931DarkPTZ_Individual:1;,0.06818,0.0,0.03297,0.08257,0.05155,0.03279,0.08333,0.0,0.0625,0.06,0.08633,0.09901,0.12295
PCAP931DarkPTZ_Individual:19,0.11247,0.13043,0.04167,0.05556,0.07584,0.07947,0.07071,0.01887,0.03279,0.06358,0.05072,0.07627,0.0125
PCAP931DarkPTZ_Individual:18,0.16338,0.13656,0.07692,0.02667,0.08511,0.02778,0.03846,0.07732,0.0375,0.06897,0.09483,0.04255,0.05
PCAP931DarkPTZ_Individual:39,0.13992,0.14493,0.14474,0.11811,0.05128,0.08929,0.048,0.08421,0.1134,0.06604,0.04688,0.05051,0.0181
PCAP931DarkPTZ_Individual:33,0.13932,0.1694,0.16883,0.125,0.07143,0.0812,0.01765,0.07463,0.08784,0.08654,0.05369,0.02609,0.09459
PCAP931DarkPTZ_Individual:3;,0.11215,0.0,0.04861,0.12308,0.10744,0.10092,0.05682,0.0,0.08654,0.03448,0.04478,0.10759,0.0396
PCAP931DarkPTZ_Individual:32,0.144,0.16113,0.15714,0.10127,0.15385,0.07407,0.05769,0.08235,0.0,0.0,0.0678,0.0,0.06122
PCAP931DarkPTZ_Individual:13,0.11233,0.12308,0.0625,0.04918,0.04124,0.05128,0.02439,0.10417,0.08333,0.08571,0.0,0.09091,0.0625
PCAP931DarkPTZ_Individual:12,0.17941,0.14343,0.05455,0.06,0.01818,0.01667,0.01613,0,0.05479,0.0,0.0,0.07692,0.04
PCAP931DarkPTZ_Individual:7;,0.13553,0.18792,0.13525,0.12568,0.06863,0.09274,0.07663,0.06897,0.0582,0.06849,0.06612,0.11765,0.05455
PCAP931DarkPTZ_Individual:10,0.16622,0.18436,0.04237,0.03704,0.09459,0.11111,0.11111,0.06957,0.12598,0.14729,0.06173,0.03279,0.11628
PCAP931DarkPTZ_Individual:17,0.12312,0.09231,0.0,0.03409,0.02174,0.04301,0.06897,0.04167,0.07229,0.11594,0.08235,0.10606,0.03175
PCAP931DarkPTZ_Individual:16,0.13504,0.04636,0.02024,0.01515,0.07534,0.12838,0.06278,0.04098,0.05909,0.04184,0.025,0.01351,0.01145
PCAP931DarkPTZ_Individual:15,0.11504,0.12162,0.125,0.06504,0.06522,0.1,0.06061,0.11765,0.07813,0.07971,0.03614,0.07285,0.09697
PCAP931DarkPTZ_Individual:14,0.14183,0.17166,0.11111,0.01408,0.03846,0.02381,0.00855,0.04,0.05063,0.0219,0.05814,0.03797,0.08081
