PCAP1DarkPTZ_Individual:8;,0.0,0.01408,0.13333,0.02817,0.02685,0.04167,0.01563,0.00585,0.00952,0.0,0.0,0.0,0.0
PCAP1DarkPTZ_Individual:48,0.11655,0.08547,0.07107,0.05668,0.06202,0.01042,0.04015,0.05435,0.0,0.0641,0.0099,0.01571,0.01818
PCAP1DarkPTZ_Individual:4;,0.08787,0.13408,0.09694,0.0916,0.04444,0.07087,0.01471,0.1125,0.02956,0.01587,0.01554,0.01613,0.0177
PCAP1DarkPTZ_Individual:40,0.09148,0.13492,0.10169,0.07018,0.01887,0.03333,0.09901,0.05479,0.04701,0.08182,0.06452,0.06635,0.02353
PCAP1DarkPTZ_Individual:41,0.04968,0.18692,0.0855,0.13423,0.1215,0.13889,0.02222,0.27273,0.07483,0.05696,0.11429,0.07087,0.13043
PCAP1DarkPTZ_Individual:42,0.07571,0.14414,0.0,0.07547,0.05172,0.02105,0.02685,0.02273,0.08108,0.08029,0.00813,0.07563,0.01117
PCAP1DarkPTZ_Individual:43,0.06142,0.08621,0.03077,0.00926,0.03704,0.0,0.04348,0.02762,0.00647,0.00391,0.01143,0.00823,0.00581
PCAP1DarkPTZ_Individual:44,0.08357,0.08805,0.09615,0.04839,0.01389,0.01575,0.0,0.01714,0.02353,0.02857,0.04688,0.02381,0.0
PCAP1DarkPTZ_Individual:45,0.06748,0.03191,0.02679,0.01042,0.00888,0.00366,0.00417,0.00758,0.0,0.01887,0.0,0.01987,0.0146
PCAP1DarkPTZ_Individual:46,0.05882,0.13281,0.07246,0.08451,0.09302,0.33333,0.0875,0.04,0.0,0.03333,0.0,0.40607,0.3459
PCAP1DarkPTZ_Individual:47,0.11446,0.12048,0.10277,0.06356,0.05907,0.06557,0.03553,0.05479,0.02553,0.00781,0.00909,0.0181,0.02198
PCAP1DarkPTZ_Individual:2;,0.00838,0.11966,0.09237,0.07143,0.03185,0.03891,0.03321,0.02215,0.01376,0.01946,0.0,0.0202,0.02979
PCAP1DarkPTZ_Individual:28,0.08454,0.11336,0.13525,0.15058,0.10726,0.09217,0.09881,0.08361,0.1,0.07975,0.06731,0.06167,0.12
PCAP1DarkPTZ_Individual:29,0.05462,0.08485,0.07143,0.0177,0.04969,0.01878,0.02186,0.01878,0.01345,0.02174,0.01351,0.03774,0.01439
PCAP1DarkPTZ_Individual:26,0.06,0.05556,0.02899,0.0274,0.02439,0.02273,0.01299,0.0,0.0,0.00725,0.0098,0.0,0.00649
PCAP1DarkPTZ_Individual:6;,0.12952,0.07925,0.05208,0.04573,0.05639,0.01676,0.02601,0.02703,0.02484,0.06439,0.02527,0.02564,0.01255
PCAP1DarkPTZ_Individual:24,0.06667,0.09409,0.04878,0.03457,0.03216,0.04211,0.01932,0.01761,0.02789,0.01056,0.00339,0.02866,0.02101
PCAP1DarkPTZ_Individual:25,0.13166,0.13333,0.14063,0.05028,0.0289,0.03419,0.03593,0.09924,0.03604,0.09167,0.09174,0.02454,0.07246
PCAP1DarkPTZ_Individual:22,0.03793,0.10127,0.09735,0.08155,0.06122,0.04918,0.0155,0.02878,0.00489,0.01338,0.00639,0.03347,0.01523
PCAP1DarkPTZ_Individual:23,0.03704,0.0283,0.02174,0.03896,0.0,0.01923,0.0,0.02128,0.02041,0.01709,0.04444,0.01449,0.05263
PCAP1DarkPTZ_Individual:20,0.01976,0.08553,0.07438,0.01563,0.00746,0.01481,0.02358,0.0129,0.01657,0.00917,0.04348,0.0,0.01198
PCAP1DarkPTZ_Individual:21,0.03759,0.08511,0.0,0.04545,0.05714,0.0,0.06349,0.02941,0.04,0.08929,0.01099,0.0137,0.03636
PCAP1DarkPTZ_Individual:34,0.09009,0.11236,0.06316,0.04082,0.05495,0.04808,0.06024,0.03333,0.03205,0.03008,0.00893,0.02521,0.025
PCAP1DarkPTZ_Individual:38,0.15044,0.125,0.13223,0.13793,0.15476,0.13793,0.09091,0.09615,0.05172,0.06569,0.08594,0.05607,0.05
PCAP1DarkPTZ_Individual:35,0.05802,0.07042,0.08955,0.04667,0.08163,0.01429,0.08163,0.08642,0.01515,0.05479,0.10169,0.02941,0.03333
PCAP1DarkPTZ_Individual:27,0.02679,0.02778,0.01205,0.00862,0.03,0.01389,0.01242,0.0,0.01825,0.0037,0.00905,0.0,0.00844
PCAP1DarkPTZ_Individual:11,0.01606,0.0201,0.11029,0.04545,0.09709,0.05172,0.01075,0.02286,0.01961,0.06522,0.02041,0.07547,0.06422
PCAP1DarkPTZ_Individual:37,0.06129,0.05166,0.02128,0.08247,0.05594,0.05102,0.0099,0.04373,0.05224,0.04702,0.02482,0.05385,0.03499
PCAP1DarkPTZ_Individual:36,0.0163,0.03883,0.03922,0.0885,0.0,0.00714,0.01235,0.00855,0.0,0.04412,0.00676,0.0146,0.01887
PCAP1DarkPTZ_Individual:5;,0.04762,0.04688,0.08333,0.03797,0.0229,0.0082,0.00649,0.01099,0.02381,0.06,0.0,0.00667,0.01429
PCAP1DarkPTZ_Individual:9;,0.04622,0.03887,0.01951,0.07627,0.0202,0.0,0.00505,0.01075,0.0,0.01604,0.00513,0.00467,0.01786
PCAP1DarkPTZ_Individual:31,0.03774,0.04032,0.00901,0.0,0.00649,0.00775,0.02326,0.00709,0.0,0.00599,0.0,0.00694,0.00926
PCAP1DarkPTZ_Individual:30,0.06811,0.09929,0.04762,0.02222,0.0,0.00667,0.00483,0.0119,0.00862,0.00488,0.0,0.00461,0.0
PCAP1DarkPTZ_Individual:1;,0.13846,0.14286,0.04301,0.04651,0.07042,0.09524,0.05556,0.07018,0.02632,0.06154,0,0.0,0.03226
PCAP1DarkPTZ_Individual:19,0.0623,0.04918,0.03488,0.02791,0.01646,0.00943,0.0,0.0,0.0,0.00452,0.02174,0.00667,0.0
PCAP1DarkPTZ_Individual:18,0.11406,0.08491,0.0404,0.04954,0.01587,0.01075,0.00943,0.00368,0.00583,0.01645,0.00787,0.0,0.00707
PCAP1DarkPTZ_Individual:39,0.06306,0.07547,0.07937,0.0,0.02941,0.01639,0.0,0.03333,0.02667,0.00806,0.02326,0.01587,0.0
PCAP1DarkPTZ_Individual:33,0.00358,0.02778,0.04659,0.02308,0.07194,0.02353,0.03774,0.05213,0.03784,0.04505,0.04605,0.0307,0.0199
PCAP1DarkPTZ_Individual:3;,0.08,0.12429,0.06773,0.04962,0.07391,0.13115,0.03933,0.07377,0.05625,0.04167,0.02548,0.02273,0.03333
PCAP1DarkPTZ_Individual:32,0.0,0.01252,0.00728,0.01404,0.00299,0.00587,0.00455,0.0,0.00293,0.00392,0.00976,0.00746,0.00455
PCAP1DarkPTZ_Individual:13,0.09467,0.18782,0.19072,0.15029,0.22581,0.10127,0.2069,0.17647,0.13043,0.0,0.26923,0.17647,0.0035
PCAP1DarkPTZ_Individual:12,0.04947,0.05825,0.06704,0.06349,0.01714,0.02098,0.01594,0.0163,0.01351,0.005,0.01163,0.02135,0.00885
PCAP1DarkPTZ_Individual:7;,0.08108,0.03089,0.03141,0.07246,0.08636,0.04688,0.07692,0.02222,0.0439,0.04124,0.05882,0.05727,0.0241
PCAP1DarkPTZ_Individual:10,0.01542,0.03484,0.03896,0.03015,0.06875,0.06667,0.02553,0.02941,0.02151,0.035,0.02381,0.005,0.0241
PCAP1DarkPTZ_Individual:17,0.02286,0.16102,0.0687,0.03101,0.05965,0.02402,0.03333,0.04065,0.04261,0.02451,0.03009,0.02934,0.0221
PCAP1DarkPTZ_Individual:16,0.11491,0.20455,0.15957,0.06573,0.15385,0.02857,0.04651,0.02917,0.055,0.0519,0.0,0.05903,0.01961
PCAP1DarkPTZ_Individual:15,0.09596,0.1625,0.04598,0.03797,0.33657,0.02564,0.05882,0.03509,0.18182,0.05291,0.00717,0.00725,0.03791
PCAP1DarkPTZ_Individual:14,0.07299,0.12319,0.07471,0.08451,0.05622,0.01676,0.05178,0.00976,0.02336,0.01418,0.01569,0.00389,0.0051
