PCAP1DarkPTZ_Individual:8;,0.03125,0.0493,0.05,0.07042,0.11409,0.21875,0.10417,0.10526,0.10476,0.00468,0.00885,0.0471,0.08019
PCAP1DarkPTZ_Individual:48,0.00466,0.03134,0.1066,0.05668,0.09302,0.21354,0.09854,0.1087,0.1791,0.125,0.11881,0.16754,0.14545
PCAP1DarkPTZ_Individual:4;,0.0251,0.04469,0.05612,0.14504,0.14815,0.23622,0.15686,0.275,0.12315,0.13492,0.11917,0.17742,0.17699
PCAP1DarkPTZ_Individual:40,0.02524,0.11111,0.13559,0.08772,0.18868,0.15,0.24752,0.08219,0.19231,0.2,0.17204,0.16588,0.20588
PCAP1DarkPTZ_Individual:41,0.02808,0.0514,0.04833,0.10067,0.08411,0.22222,0.17778,0.18182,0.10204,0.16456,0.24286,0.1811,0.19565
PCAP1DarkPTZ_Individual:42,0.02208,0.16216,0.14634,0.16981,0.24138,0.13684,0.16107,0.22727,0.18919,0.08029,0.09756,0.08403,0.10056
PCAP1DarkPTZ_Individual:43,0.01727,0.08046,0.09231,0.12037,0.17284,0.22642,0.14286,0.14917,0.12945,0.14453,0.15429,0.14815,0.11047
PCAP1DarkPTZ_Individual:44,0.03458,0.06918,0.125,0.19355,0.19444,0.07874,0.07104,0.12571,0.05882,0.18571,0.26563,0.13095,0.18621
PCAP1DarkPTZ_Individual:45,0.0184,0.06383,0.09375,0.10417,0.09467,0.13187,0.17083,0.10985,0.1564,0.15094,0.16154,0.09934,0.13869
PCAP1DarkPTZ_Individual:46,0.01176,0.07031,0.23188,0.1831,0.20155,0.14815,0.1625,0.2,0.3662,0.2,0.5,0.21903,0.21018
PCAP1DarkPTZ_Individual:47,0.03614,0.06426,0.09881,0.08051,0.16878,0.06557,0.13198,0.15068,0.21277,0.16406,0.18182,0.1991,0.23626
PCAP1DarkPTZ_Individual:2;,0.00559,0.0641,0.11245,0.10902,0.07006,0.16342,0.10701,0.13924,0.20183,0.23735,0.24554,0.24747,0.18723
PCAP1DarkPTZ_Individual:28,0.01208,0.07692,0.09836,0.11583,0.10726,0.10599,0.26877,0.10368,0.20476,0.17791,0.16346,0.15859,0.12
PCAP1DarkPTZ_Individual:29,0.03361,0.07879,0.16667,0.14159,0.19255,0.16901,0.12568,0.1831,0.19731,0.13043,0.18243,0.27358,0.21583
PCAP1DarkPTZ_Individual:26,0.02,0.10417,0.11594,0.24658,0.07317,0.14773,0.12987,0.13636,0.07194,0.11957,0.15686,0.22222,0.12338
PCAP1DarkPTZ_Individual:6;,0.01807,0.15094,0.14583,0.21646,0.09774,0.10894,0.0896,0.10811,0.1677,0.11742,0.08303,0.18376,0.0795
PCAP1DarkPTZ_Individual:24,0.02716,0.05108,0.08014,0.11702,0.14035,0.14035,0.19807,0.2007,0.16733,0.13028,0.14237,0.10191,0.12185
PCAP1DarkPTZ_Individual:25,0.01881,0.06667,0.1875,0.12291,0.19653,0.18803,0.13174,0.16031,0.21622,0.2,0.18349,0.15337,0.2029
PCAP1DarkPTZ_Individual:22,0.0069,0.06329,0.05752,0.14163,0.16667,0.12568,0.12791,0.19065,0.13203,0.09699,0.15974,0.11297,0.18782
PCAP1DarkPTZ_Individual:23,0.00617,0.05189,0.15217,0.05195,0.28571,0.07692,0.0,0.02128,0.10204,0.17949,0.11111,0.28986,0.11579
PCAP1DarkPTZ_Individual:20,0.01581,0.05921,0.15702,0.0625,0.11567,0.11111,0.11321,0.14839,0.13812,0.08257,0.12319,0.09211,0.12575
PCAP1DarkPTZ_Individual:21,0.01253,0.25532,0.23077,0.15909,0.05714,0.21277,0.09524,0.32353,0.32,0.08929,0.17582,0.13699,0.16364
PCAP1DarkPTZ_Individual:34,0.04054,0.08989,0.11579,0.06803,0.14286,0.125,0.12048,0.21111,0.14103,0.10526,0.14286,0.10084,0.15
PCAP1DarkPTZ_Individual:38,0.08407,0.125,0.17355,0.08621,0.20238,0.10345,0.16162,0.11538,0.12931,0.13139,0.125,0.13084,0.14
PCAP1DarkPTZ_Individual:35,0.01024,0.01408,0.04975,0.10667,0.19388,0.25714,0.14286,0.12346,0.18182,0.13699,0.25424,0.20588,0.2
PCAP1DarkPTZ_Individual:27,0.04464,0.22222,0.09639,0.07759,0.16,0.125,0.13043,0.14583,0.08029,0.11481,0.11765,0.12644,0.1308
PCAP1DarkPTZ_Individual:11,0.0,0.0201,0.05147,0.09091,0.09709,0.06322,0.02509,0.01714,0.05882,0.09783,0.09184,0.09434,0.12844
PCAP1DarkPTZ_Individual:37,0.07742,0.11808,0.12766,0.12027,0.11538,0.15646,0.22772,0.11662,0.16418,0.12539,0.11348,0.09744,0.10496
PCAP1DarkPTZ_Individual:36,0.00543,0.12621,0.13725,0.15929,0.23448,0.16429,0.2716,0.2735,0.1215,0.15441,0.09459,0.12409,0.11321
PCAP1DarkPTZ_Individual:5;,0.04762,0.10156,0.06667,0.24051,0.28244,0.28689,0.22078,0.15934,0.17857,0.18,0.22951,0.16667,0.12857
PCAP1DarkPTZ_Individual:9;,0.01471,0.03534,0.0878,0.12712,0.15152,0.06164,0.09596,0.12903,0.09217,0.09626,0.12308,0.11215,0.21429
PCAP1DarkPTZ_Individual:31,0.02264,0.15323,0.08108,0.0813,0.16234,0.14729,0.11628,0.04965,0.1345,0.18563,0.16949,0.18056,0.125
PCAP1DarkPTZ_Individual:30,0.04334,0.14894,0.33333,0.28148,0.21552,0.22667,0.20773,0.29762,0.25,0.25854,0.33333,0.25806,0.29064
PCAP1DarkPTZ_Individual:1;,0.04308,0.05911,0.19355,0.18605,0.14085,0.14286,0.14815,0.22807,0.15789,0.26154,0,0.0,0.22581
PCAP1DarkPTZ_Individual:19,0.02623,0.06148,0.04651,0.10698,0.11934,0.16981,0.2426,0.15353,0.19919,0.19457,0.21196,0.19333,0.21622
PCAP1DarkPTZ_Individual:18,0.01061,0.17453,0.18519,0.16099,0.18254,0.24014,0.1761,0.21324,0.12828,0.16776,0.09186,0.12141,0.09894
PCAP1DarkPTZ_Individual:39,0.08108,0.28302,0.20635,0.14545,0.16176,0.16393,0.28378,0.14444,0.14667,0.14516,0.34884,0.10582,0.11765
PCAP1DarkPTZ_Individual:33,0.00358,0.01667,0.02151,0.10769,0.05755,0.1098,0.12579,0.09479,0.04324,0.04505,0.07237,0.09649,0.06965
PCAP1DarkPTZ_Individual:3;,0.02333,0.0791,0.03984,0.1145,0.11739,0.12295,0.14045,0.20492,0.2625,0.125,0.14013,0.09091,0.23333
PCAP1DarkPTZ_Individual:32,0.0,0.01252,0.02184,0.03371,0.05988,0.06158,0.11818,0.05306,0.06745,0.11765,0.09756,0.15672,0.13636
PCAP1DarkPTZ_Individual:13,0.0355,0.05076,0.10825,0.08092,0.12903,0.1519,0.13793,0.09804,0.17391,0.24138,0.11538,0.17647,0.02448
PCAP1DarkPTZ_Individual:12,0.00707,0.00647,0.03911,0.05291,0.15429,0.07343,0.14741,0.21196,0.18018,0.22,0.21705,0.17082,0.17699
PCAP1DarkPTZ_Individual:7;,0.02027,0.07722,0.04712,0.07246,0.1,0.17188,0.09502,0.07037,0.10244,0.08763,0.08627,0.09692,0.18072
PCAP1DarkPTZ_Individual:10,0.01322,0.11847,0.0974,0.12563,0.0875,0.06,0.08511,0.11345,0.05914,0.185,0.11905,0.065,0.13253
PCAP1DarkPTZ_Individual:17,0.00286,0.01271,0.14504,0.06202,0.13333,0.15015,0.2,0.13279,0.13636,0.14951,0.15278,0.15159,0.11786
PCAP1DarkPTZ_Individual:16,0.02174,0.07955,0.11702,0.0939,0.15385,0.19048,0.13953,0.14167,0.16,0.14187,0.15854,0.22917,0.1634
PCAP1DarkPTZ_Individual:15,0.0202,0.01875,0.27586,0.13924,0.21555,0.11111,0.14706,0.49123,0.45455,0.24868,0.29749,0.24638,0.23697
PCAP1DarkPTZ_Individual:14,0.01703,0.05072,0.10057,0.1784,0.23293,0.18436,0.20065,0.26341,0.26168,0.23759,0.20392,0.19066,0.15816
