PCAP1DarkPTZ_Individual:8;,0.60156,0.57042,0.5,0.64085,0.65772,0.42708,0.64583,0.61404,0.70476,0.83138,0.84956,0.73551,0.66509
PCAP1DarkPTZ_Individual:48,0.53613,0.59544,0.51269,0.66802,0.60465,0.49479,0.64964,0.5163,0.56716,0.60897,0.60396,0.55497,0.63182
PCAP1DarkPTZ_Individual:4;,0.46025,0.52514,0.54592,0.53435,0.46667,0.3622,0.54412,0.3375,0.62562,0.52381,0.57513,0.45968,0.53097
PCAP1DarkPTZ_Individual:40,0.43218,0.39683,0.47458,0.7193,0.50943,0.56667,0.41584,0.63014,0.38889,0.40909,0.52688,0.56872,0.51176
PCAP1DarkPTZ_Individual:41,0.473,0.46729,0.51301,0.59732,0.61215,0.44444,0.68889,0.36364,0.57143,0.47468,0.35714,0.44094,0.46739
PCAP1DarkPTZ_Individual:42,0.41325,0.47748,0.56098,0.5283,0.44828,0.46316,0.52349,0.34091,0.51351,0.58394,0.65041,0.54622,0.61453
PCAP1DarkPTZ_Individual:43,0.50096,0.5,0.75385,0.66667,0.50617,0.5283,0.57143,0.57459,0.72816,0.63281,0.67429,0.68724,0.71512
PCAP1DarkPTZ_Individual:44,0.4438,0.34591,0.35577,0.51613,0.45833,0.70866,0.65027,0.52571,0.71765,0.52143,0.4375,0.55952,0.5931
PCAP1DarkPTZ_Individual:45,0.43252,0.57447,0.6875,0.61979,0.65385,0.54945,0.55833,0.56061,0.52133,0.51572,0.55385,0.55629,0.59854
PCAP1DarkPTZ_Individual:46,0.48235,0.46094,0.3913,0.50704,0.46512,0.25926,0.5,0.41333,0.39437,0.56667,0.0,0.08614,0.15646
PCAP1DarkPTZ_Individual:47,0.51205,0.47791,0.52569,0.63136,0.57384,0.64754,0.61421,0.55479,0.50213,0.57813,0.54545,0.50679,0.47802
PCAP1DarkPTZ_Individual:2;,0.58101,0.36752,0.52209,0.51504,0.56051,0.51362,0.52399,0.50316,0.44495,0.45525,0.42411,0.34848,0.45532
PCAP1DarkPTZ_Individual:28,0.58696,0.57085,0.59016,0.49807,0.58991,0.6129,0.39921,0.55184,0.4381,0.54601,0.51923,0.50661,0.56
PCAP1DarkPTZ_Individual:29,0.43697,0.56364,0.5119,0.70796,0.44099,0.53991,0.68306,0.53991,0.5426,0.52899,0.49324,0.38679,0.55396
PCAP1DarkPTZ_Individual:26,0.48667,0.52778,0.53623,0.43836,0.62805,0.52273,0.50649,0.56818,0.60432,0.60145,0.52941,0.44444,0.65584
PCAP1DarkPTZ_Individual:6;,0.46687,0.44906,0.52431,0.50305,0.54887,0.6257,0.65318,0.625,0.47205,0.54924,0.66065,0.51709,0.67782
PCAP1DarkPTZ_Individual:24,0.53086,0.44355,0.58188,0.58777,0.54386,0.63509,0.47826,0.55282,0.59363,0.63028,0.6339,0.63057,0.62185
PCAP1DarkPTZ_Individual:25,0.57994,0.51667,0.33854,0.51955,0.45665,0.4188,0.57485,0.39695,0.41441,0.35,0.43119,0.52761,0.36232
PCAP1DarkPTZ_Individual:22,0.6931,0.55063,0.5531,0.51931,0.52721,0.65574,0.50775,0.46403,0.64303,0.65552,0.62939,0.63598,0.62944
PCAP1DarkPTZ_Individual:23,0.58025,0.55189,0.54348,0.53247,0.33333,0.48077,0.75,0.74468,0.65306,0.48718,0.51111,0.36232,0.49474
PCAP1DarkPTZ_Individual:20,0.59289,0.5,0.4876,0.75,0.64179,0.6,0.52358,0.60645,0.62431,0.65138,0.55797,0.58772,0.54491
PCAP1DarkPTZ_Individual:21,0.52381,0.34043,0.42308,0.57576,0.65714,0.34043,0.65079,0.35294,0.28,0.42857,0.52747,0.64384,0.45455
PCAP1DarkPTZ_Individual:34,0.45946,0.52809,0.56316,0.62585,0.52747,0.58654,0.51807,0.54444,0.55769,0.69925,0.49107,0.53782,0.4875
PCAP1DarkPTZ_Individual:38,0.4469,0.6,0.50413,0.51724,0.28571,0.44828,0.46465,0.53846,0.56897,0.60584,0.57031,0.63551,0.43
PCAP1DarkPTZ_Individual:35,0.60751,0.50704,0.53731,0.54667,0.37755,0.45714,0.4898,0.48148,0.4697,0.52055,0.32203,0.38235,0.48333
PCAP1DarkPTZ_Individual:27,0.53571,0.47222,0.59036,0.68103,0.53,0.59028,0.5528,0.54167,0.60949,0.54815,0.53394,0.53448,0.60759
PCAP1DarkPTZ_Individual:11,0.75502,0.59045,0.52206,0.68182,0.58252,0.65517,0.8638,0.84,0.66667,0.58152,0.65306,0.4717,0.52294
PCAP1DarkPTZ_Individual:37,0.40968,0.52768,0.46809,0.52234,0.55944,0.55442,0.53465,0.63557,0.50746,0.59561,0.67021,0.65641,0.62974
PCAP1DarkPTZ_Individual:36,0.65761,0.50485,0.48039,0.34513,0.42069,0.46429,0.30864,0.41026,0.57009,0.56618,0.70946,0.52555,0.5
PCAP1DarkPTZ_Individual:5;,0.42063,0.46094,0.65,0.36709,0.41221,0.41803,0.48052,0.58242,0.58333,0.44,0.54098,0.53333,0.57857
PCAP1DarkPTZ_Individual:9;,0.64286,0.71731,0.69268,0.44915,0.59091,0.56849,0.63636,0.63978,0.67281,0.58824,0.68718,0.6028,0.54167
PCAP1DarkPTZ_Individual:31,0.58491,0.53226,0.68468,0.70732,0.57143,0.58915,0.65116,0.71631,0.69591,0.53293,0.54237,0.39583,0.47685
PCAP1DarkPTZ_Individual:30,0.47368,0.48936,0.31746,0.4963,0.40517,0.60667,0.50242,0.52976,0.41379,0.42439,0.44444,0.51613,0.46305
PCAP1DarkPTZ_Individual:1;,0.43385,0.50246,0.46237,0.5,0.57746,0.42857,0.51852,0.54386,0.53509,0.36923,0,1.0,0.48387
PCAP1DarkPTZ_Individual:19,0.46557,0.51639,0.70543,0.5907,0.64198,0.56604,0.49112,0.56846,0.4878,0.54299,0.46739,0.53333,0.48649
PCAP1DarkPTZ_Individual:18,0.53316,0.40566,0.50505,0.52632,0.48413,0.51613,0.57862,0.48162,0.52478,0.5,0.57743,0.5623,0.5583
PCAP1DarkPTZ_Individual:39,0.4955,0.35849,0.53968,0.4,0.67647,0.67213,0.60811,0.6,0.41333,0.66935,0.39535,0.65079,0.64706
PCAP1DarkPTZ_Individual:33,0.8068,0.73519,0.69534,0.6,0.66187,0.60784,0.6478,0.63507,0.68108,0.67117,0.69079,0.69298,0.72637
PCAP1DarkPTZ_Individual:3;,0.60333,0.49718,0.67729,0.62595,0.53043,0.4918,0.55618,0.40984,0.45625,0.625,0.54777,0.68182,0.47333
PCAP1DarkPTZ_Individual:32,0.66917,0.59928,0.65777,0.70225,0.6976,0.74194,0.66818,0.80816,0.75073,0.70588,0.72683,0.63433,0.67273
PCAP1DarkPTZ_Individual:13,0.42604,0.40102,0.3866,0.54335,0.37097,0.59494,0.27586,0.39216,0.43478,0.51724,0.34615,0.35294,0.93357
PCAP1DarkPTZ_Individual:12,0.65724,0.6699,0.65363,0.73545,0.43429,0.72028,0.58167,0.52717,0.48198,0.485,0.48837,0.58719,0.57965
PCAP1DarkPTZ_Individual:7;,0.60473,0.57529,0.6178,0.58937,0.51364,0.52083,0.63348,0.65556,0.62439,0.62887,0.59216,0.60352,0.5261
PCAP1DarkPTZ_Individual:10,0.55066,0.55749,0.47403,0.45729,0.48125,0.51333,0.58723,0.48319,0.48387,0.475,0.5119,0.595,0.46386
PCAP1DarkPTZ_Individual:17,0.56857,0.5339,0.48855,0.74419,0.57193,0.56757,0.54242,0.55014,0.53409,0.57353,0.59491,0.56479,0.6593
PCAP1DarkPTZ_Individual:16,0.48447,0.43182,0.41489,0.60094,0.4359,0.46984,0.56744,0.58333,0.56,0.57093,0.68293,0.45833,0.56536
PCAP1DarkPTZ_Individual:15,0.5,0.48125,0.4023,0.68354,0.14753,0.68376,0.26471,0.15789,0.0,0.38624,0.47312,0.46377,0.48815
PCAP1DarkPTZ_Individual:14,0.53528,0.52899,0.51437,0.42254,0.42972,0.53073,0.50485,0.53659,0.45327,0.56028,0.51765,0.50195,0.56122
