PCAP931DarkPTZ_Individual:8;,0.03899,0.04011,0.05093,0.09249,0.05818,0.0625,0.05797,0.04,0.01587,0.05882,0.02532,0.04587,0.0
PCAP931DarkPTZ_Individual:48,0.0303,0.09574,0.02899,0.07792,0.02239,0.02542,0.01163,0.01786,0.02439,0.02985,0.0,0.0,0.0375
PCAP931DarkPTZ_Individual:4;,0.05978,0.08759,0.06207,0.10938,0.03604,0.08333,0.06618,0.05988,0.03256,0.02326,0.01408,0.00524,0.00508
PCAP931DarkPTZ_Individual:40,0.065,0.07895,0.02703,0.12,0.03704,0.11111,0.07914,0.04839,0.04348,0.1,0.01515,0.04348,0.0
PCAP931DarkPTZ_Individual:41,0.00513,0.02778,0.125,0.06061,0.05263,0.02817,0.03571,0.04301,0.0107,0.07353,0.14286,0.0531,0.0
PCAP931DarkPTZ_Individual:42,0.04211,0.06486,0.03261,0.01351,0.03431,0.00318,0.0,0.00304,0.00709,0.00651,0.01262,0.03067,0.0
PCAP931DarkPTZ_Individual:43,0.03755,0.12613,0.11712,0.09877,0.06145,0.03557,0.06711,0.0381,0.04027,0.02899,0.0567,0.03614,0.02479
PCAP931DarkPTZ_Individual:44,0.05039,0.1128,0.115,0.08974,0.05325,0.04294,0.01399,0.0237,0.045,0.01351,0.0107,0.04046,0.02929
PCAP931DarkPTZ_Individual:45,0.04457,0.11458,0.0,0.10345,0.1,0.06977,0.11111,0.03529,0.05263,0.04,0.08974,0.1194,0.16667
PCAP931DarkPTZ_Individual:46,0.04865,0.04563,0.02264,0.02899,0.05957,0.03061,0.01639,0.03977,0.04255,0.00345,0.0597,0.08772,0.00599
PCAP931DarkPTZ_Individual:47,0.03008,0.04181,0.07602,0.11475,0.09259,0.07895,0.08163,0.04545,0.05263,0.0,0.02941,0.06667,0.03846
PCAP931DarkPTZ_Individual:2;,0.0708,0.07746,0.13386,0.21774,0.09551,0.05625,0.07258,0.09322,0.10465,0.04444,0.05426,0.05952,0.08571
PCAP931DarkPTZ_Individual:28,0.07979,0.08108,0.07438,0.10526,0.07619,0.03846,0.05825,0.13235,0.05263,0.075,0.07407,0.04167,0.0
PCAP931DarkPTZ_Individual:29,0.03659,0.02239,0.05769,0.05333,0.01149,0.04,0.02083,0.01887,0.03252,0.02069,0.0,0.01531,0.0
PCAP931DarkPTZ_Individual:26,0.0678,0.06061,0.02857,0.02222,0.0,0.0,0.03448,0.04762,0.01471,0.05128,0.08571,0.0,0.03488
PCAP931DarkPTZ_Individual:6;,0.04138,0.0873,0.01639,0.0303,0.04651,0.03509,0.02,0.0087,0.07216,0.04386,0.01613,0.05932,0.04348
PCAP931DarkPTZ_Individual:24,0.03097,0.12234,0.09346,0.12598,0.10526,0.11842,0.10577,0.11111,0.13043,0.16667,0.2,0.15789,0.05882
PCAP931DarkPTZ_Individual:25,0.08989,0.07143,0.05797,0.02857,0.05556,0.04878,0.02632,0.01613,0.0,0.02439,0.0,0.0,0.03053
PCAP931DarkPTZ_Individual:22,0.04333,0.07416,0.08333,0.11429,0.09184,0.11364,0.0495,0.0,0.10256,0.06962,0.05236,0.06711,0.11392
PCAP931DarkPTZ_Individual:23,0.01938,0.04211,0.05282,0.07143,0.12162,0.03125,0.0885,0.06977,0.08571,0.0,0.2,0.09524,0.0
PCAP931DarkPTZ_Individual:20,0.0554,0.06763,0.13861,0.08197,0.15714,0.0566,0.08621,0.1129,0.0339,0.075,0.06667,0.08642,0.07143
PCAP931DarkPTZ_Individual:21,0.03846,0.07383,0.14881,0.21782,0.11864,0.05172,0.08955,0.03409,0.04762,0.10526,0.02439,0.03738,0.1
PCAP931DarkPTZ_Individual:34,0.04312,0.09153,0.05952,0.09375,0.05625,0.05229,0.03636,0.03636,0.0122,0.02703,0.00585,0.01449,0.0
PCAP931DarkPTZ_Individual:38,0.04339,0.08904,0.0566,0.075,0.0,0.17857,0.0,0.09091,0.01852,0.05556,0.0,0.10811,0.16667
PCAP931DarkPTZ_Individual:35,0.02083,0.0411,0.0602,0.07004,0.08664,0.07407,0.03419,0.1453,0.125,0.12941,0.04878,0.15385,0.08989
PCAP931DarkPTZ_Individual:27,0.02924,0.04124,0.0625,0.06667,0.07273,0.05357,0.01852,0.06195,0.02299,0.02128,0.0203,0.00694,0.00476
PCAP931DarkPTZ_Individual:11,0.0429,0.17157,0.13942,0.17935,0.21076,0.11168,0.06832,0.1215,0.04054,0.04,0.01765,0.01299,0.0303
PCAP931DarkPTZ_Individual:37,0.06667,0.1236,0.16667,0.07692,0.0,0.01389,0.03333,0.01299,0.0,0.0303,0.07407,0.02817,0.02247
PCAP931DarkPTZ_Individual:36,0.01499,0.05211,0.06383,0.09934,0.1087,0.11864,0.16667,0.11765,0.13889,0.14063,0.07339,0.14516,0.16
PCAP931DarkPTZ_Individual:5;,0.04478,0.01695,0.01266,0.05556,0.0,0.0,0.0,0.03846,0.08247,0.03252,0.01389,0.05882,0.0
PCAP931DarkPTZ_Individual:9;,0.03746,0.05694,0.06918,0.06667,0.06303,0.01893,0.0129,0.02881,0.02193,0.01676,0.0,0.00459,0.0
PCAP931DarkPTZ_Individual:31,0.01996,0.03941,0.06389,0.08594,0.08264,0.0,0.07143,0.0,0.05,0.01587,0.01923,0.03797,0.07317
PCAP931DarkPTZ_Individual:30,0.04065,0.06211,0.03191,0.06504,0.03289,0.02924,0.03704,0.02793,0.00637,0.01379,0.0129,0.01299,0.01829
PCAP931DarkPTZ_Individual:1;,0.02273,0.05556,0.04396,0.02752,0.04124,0.01639,0.01852,0.0,0.03571,0.02667,0.02158,0.0198,0.0
PCAP931DarkPTZ_Individual:19,0.05134,0.07609,0.08333,0.125,0.37919,0.01987,0.0404,0.03774,0.01639,0.0289,0.04348,0.01695,0.0
PCAP931DarkPTZ_Individual:18,0.08169,0.0837,0.12821,0.04,0.00426,0.0,0.07692,0.00515,0.05,0.10345,0.03448,0.02837,0.05
PCAP931DarkPTZ_Individual:39,0.08642,0.03382,0.02193,0.03937,0.03205,0.0,0.008,0.06316,0.04124,0.01887,0.05469,0.0202,0.0181
PCAP931DarkPTZ_Individual:33,0.04644,0.0765,0.15584,0.09239,0.11905,0.11111,0.11176,0.08209,0.16216,0.14904,0.16107,0.13043,0.21622
PCAP931DarkPTZ_Individual:3;,0.0,0.07407,0.01389,0.06923,0.04132,0.0367,0.0,0.08108,0.06731,0.0,0.03731,0.01899,0.0297
PCAP931DarkPTZ_Individual:32,0.076,0.13811,0.10357,0.13924,0.15976,0.1358,0.15385,0.14118,0.0,0.2,0.11864,0.0,0.08163
PCAP931DarkPTZ_Individual:13,0.03562,0.0,0.09375,0.09836,0.05155,0.05128,0.03659,0.0625,0.05,0.02857,0.22222,0.07273,0.01042
PCAP931DarkPTZ_Individual:12,0.01176,0.05179,0.09091,0.02,0.01212,0.15,0.04839,0,0.08219,0.02381,0.30769,0.05769,0.04
PCAP931DarkPTZ_Individual:7;,0.0293,0.03356,0.09426,0.07377,0.07108,0.08065,0.06513,0.03448,0.03704,0.0274,0.03306,0.00735,0.03636
PCAP931DarkPTZ_Individual:10,0.04558,0.04469,0.11017,0.06481,0.08784,0.02564,0.03704,0.07826,0.02362,0.0155,0.04938,0.09836,0.02326
PCAP931DarkPTZ_Individual:17,0.05405,0.03077,0.04918,0.06818,0.03261,0.02151,0.08621,0.04167,0.0241,0.04348,0.02353,0.0303,0.06349
PCAP931DarkPTZ_Individual:16,0.02372,0.01656,0.0,0.0,0.0137,0.00676,0.00448,0.0,0.0,0.0,0.0,0.0,0.0
PCAP931DarkPTZ_Individual:15,0.09292,0.08108,0.04545,0.05691,0.07971,0.03333,0.0404,0.02521,0.05469,0.02899,0.06024,0.03311,0.00606
PCAP931DarkPTZ_Individual:14,0.05529,0.03815,0.05556,0.04225,0.08974,0.0,0.01709,0.04,0.01266,0.0219,0.05814,0.06329,0.0202
