PCAP931DarkPTZ_Individual:8;,0.59174,0.44126,0.43981,0.5896,0.57091,0.54167,0.5942,0.63429,0.84127,0.77647,0.67089,0.6789,0.78889
PCAP931DarkPTZ_Individual:48,0.45833,0.43617,0.63768,0.61039,0.56716,0.58475,0.62791,0.58036,0.5122,0.47761,0.53472,0.65455,0.55
PCAP931DarkPTZ_Individual:4;,0.44022,0.51095,0.63448,0.53125,0.51351,0.48611,0.38971,0.53892,0.55814,0.57674,0.45775,0.59162,0.5736
PCAP931DarkPTZ_Individual:40,0.52,0.48684,0.59459,0.36,0.55556,0.51852,0.55396,0.54839,0.58696,0.4,0.92424,0.5942,1.0
PCAP931DarkPTZ_Individual:41,0.70256,0.61111,0.625,0.4697,0.53947,0.68545,0.625,0.54839,0.75936,0.60294,0.49107,0.41593,0.5
PCAP931DarkPTZ_Individual:42,0.49825,0.48649,0.70652,0.5991,0.57843,0.60191,0.57621,0.70821,0.64539,0.63518,0.65931,0.60736,0.60252
PCAP931DarkPTZ_Individual:43,0.44862,0.42943,0.42342,0.5679,0.52514,0.66403,0.51678,0.68095,0.67114,0.71498,0.71649,0.68072,0.65289
PCAP931DarkPTZ_Individual:44,0.46512,0.42988,0.46,0.53846,0.7574,0.64417,0.77622,0.74408,0.67,0.68919,0.65775,0.65896,0.69874
PCAP931DarkPTZ_Individual:45,0.49031,0.43229,1.0,0.53448,0.7,0.5814,0.51111,0.67059,0.36842,0.82,0.57692,0.41791,0.41667
PCAP931DarkPTZ_Individual:46,0.58108,0.6654,0.6566,0.63285,0.74043,0.73469,0.65574,0.65341,0.62411,0.93793,0.49254,0.59649,0.83234
PCAP931DarkPTZ_Individual:47,0.28571,0.32404,0.39181,0.36066,0.57407,0.55263,0.4898,0.52273,0.68421,0.32258,0.64706,0.68889,0.80769
PCAP931DarkPTZ_Individual:2;,0.62832,0.58451,0.64567,0.41129,0.49438,0.5,0.42742,0.39831,0.37209,0.5037,0.46512,0.64286,0.52857
PCAP931DarkPTZ_Individual:28,0.55851,0.52252,0.55372,0.4386,0.52381,0.50962,0.51456,0.48529,0.57143,0.54375,0.48889,0.63194,0.65957
PCAP931DarkPTZ_Individual:29,0.54268,0.79851,0.42308,0.52,0.33333,0.48,0.55208,0.57547,0.60976,0.6069,0.65041,0.7602,0.73797
PCAP931DarkPTZ_Individual:26,0.50847,0.36364,0.84286,0.75556,0.63514,0.7,0.63793,0.61905,0.57353,0.60256,0.45714,0.60256,0.56977
PCAP931DarkPTZ_Individual:6;,0.48276,0.51587,0.57377,0.69697,0.72093,0.69298,0.55,0.63478,0.45361,0.62281,0.53226,0.55085,0.59903
PCAP931DarkPTZ_Individual:24,0.46239,0.43085,0.48598,0.3937,0.56579,0.46053,0.55769,0.55556,0.56522,0.52778,0.48889,0.55263,0.64706
PCAP931DarkPTZ_Individual:25,0.55056,0.65079,0.52174,0.57143,0.65741,0.63415,0.59211,0.6129,0.76,0.70732,0.55769,0.73684,0.77863
PCAP931DarkPTZ_Individual:22,0.57019,0.49043,0.47368,0.44,0.45918,0.68182,0.56436,0.58333,0.51282,0.58861,0.73822,0.60403,0.59494
PCAP931DarkPTZ_Individual:23,0.53488,0.53684,0.49648,0.55714,0.62162,0.6875,0.54867,0.55814,0.51429,0.68,0.36,0.35714,0.66
PCAP931DarkPTZ_Individual:20,0.47922,0.47343,0.45545,0.42623,0.44286,0.5283,0.46552,0.45161,0.72881,0.65,0.58667,0.55556,0.60714
PCAP931DarkPTZ_Individual:21,0.52244,0.37584,0.33333,0.44554,0.54802,0.5431,0.61194,0.57955,0.42857,0.71579,0.78049,0.59813,0.7
PCAP931DarkPTZ_Individual:34,0.49487,0.37966,0.44345,0.49479,0.625,0.57516,0.44242,0.49091,0.67683,0.5473,0.5731,0.6087,0.54839
PCAP931DarkPTZ_Individual:38,0.46281,0.35616,0.35849,0.625,0.75,0.42857,0.75,0.51515,0.72222,0.77778,1.0,0.43243,0.43333
PCAP931DarkPTZ_Individual:35,0.59167,0.49315,0.48161,0.51362,0.49819,0.50926,0.55556,0.45299,0.51786,0.47059,0.58537,0.53846,0.50562
PCAP931DarkPTZ_Individual:27,0.61404,0.51546,0.5375,0.5,0.50909,0.48214,0.69444,0.57522,0.56322,0.53901,0.59898,0.60417,0.64286
PCAP931DarkPTZ_Individual:11,0.52279,0.41667,0.34615,0.47826,0.48879,0.55838,0.61491,0.59813,0.64865,0.56,0.67647,0.49351,0.59091
PCAP931DarkPTZ_Individual:37,0.50278,0.4382,0.40196,0.58974,0.71186,0.73611,0.65,0.55844,0.75385,0.64646,0.49383,0.56338,0.65169
PCAP931DarkPTZ_Individual:36,0.53105,0.37221,0.37021,0.43709,0.47826,0.53107,0.53125,0.48039,0.625,0.53125,0.55963,0.53226,0.42667
PCAP931DarkPTZ_Individual:5;,0.5597,0.50847,0.64557,0.65278,0.58065,0.53846,0.64286,0.48077,0.47423,0.64228,0.72222,0.60784,0.77778
PCAP931DarkPTZ_Individual:9;,0.44092,0.40214,0.44654,0.58889,0.52101,0.56782,0.60968,0.6214,0.5614,0.59218,0.64885,0.58716,0.63348
PCAP931DarkPTZ_Individual:31,0.43681,0.38177,0.44722,0.48828,0.57025,0.58824,0.07143,0.51724,0.475,0.69841,0.72115,0.77215,0.63415
PCAP931DarkPTZ_Individual:30,0.55285,0.51553,0.54255,0.50407,0.59211,0.60234,0.49074,0.59777,0.6051,0.67586,0.67742,0.49351,0.57927
PCAP931DarkPTZ_Individual:1;,0.77273,0.63889,0.69231,0.66055,0.5567,0.62295,0.62037,0.825,0.66071,0.56667,0.57554,0.60396,0.60656
PCAP931DarkPTZ_Individual:19,0.51345,0.49457,0.66667,0.5,0.04586,0.5894,0.48485,0.54717,0.71311,0.59538,0.58696,0.70339,0.6125
PCAP931DarkPTZ_Individual:18,0.41972,0.47577,0.58974,0.70667,0.66809,0.79167,0.69231,0.66495,0.7125,0.48276,0.56897,0.68794,0.55
PCAP931DarkPTZ_Individual:39,0.49383,0.56522,0.61842,0.58268,0.61538,0.60714,0.656,0.43158,0.4433,0.5,0.53906,0.58586,0.70136
PCAP931DarkPTZ_Individual:33,0.51393,0.37158,0.31818,0.38043,0.48413,0.46581,0.52353,0.56716,0.53378,0.49519,0.47651,0.45217,0.43243
PCAP931DarkPTZ_Individual:3;,0.57944,0.74074,0.65278,0.40769,0.39669,0.51376,0.68182,0.72973,0.58654,0.65517,0.64925,0.62025,0.64356
PCAP931DarkPTZ_Individual:32,0.486,0.38619,0.41786,0.36709,0.35503,0.44444,0.38462,0.47059,1.0,0.325,0.55932,0.66667,0.61224
PCAP931DarkPTZ_Individual:13,0.52603,0.58462,0.71875,0.60656,0.64948,0.71795,0.68293,0.5625,0.45,0.58571,0.66667,0.6,0.61458
PCAP931DarkPTZ_Individual:12,0.40882,0.39442,0.40909,0.54,0.73333,0.38333,0.64516,0,0.57534,0.69048,0.15385,0.43269,0.52
PCAP931DarkPTZ_Individual:7;,0.49084,0.44295,0.45082,0.53552,0.66422,0.61694,0.66284,0.57471,0.61376,0.59589,0.58678,0.52941,0.57273
PCAP931DarkPTZ_Individual:10,0.43432,0.27374,0.5,0.67593,0.61486,0.65812,0.62222,0.66957,0.59055,0.56589,0.58025,0.62295,0.55814
PCAP931DarkPTZ_Individual:17,0.45646,0.55385,0.83607,0.70455,0.72826,0.67742,0.55172,0.65278,0.54217,0.43478,0.70588,0.60606,0.55556
PCAP931DarkPTZ_Individual:16,0.50182,0.61258,0.8502,0.75758,0.65753,0.64865,0.69058,0.77869,0.74545,0.79498,0.80417,0.77928,0.82443
PCAP931DarkPTZ_Individual:15,0.50442,0.59459,0.5,0.56098,0.53623,0.63333,0.56566,0.61345,0.625,0.60145,0.54217,0.68874,0.62424
PCAP931DarkPTZ_Individual:14,0.52885,0.46594,0.45139,0.69014,0.61538,0.69048,0.84615,0.584,0.79747,0.74453,0.65116,0.63291,0.56566
