PCAP931DarkPTZ_Individual:8;,0.04358,0.08596,0.14352,0.08671,0.09818,0.06771,0.0628,0.08571,0.04762,0.05882,0.06329,0.11009,0.04444
PCAP931DarkPTZ_Individual:48,0.06439,0.15957,0.11594,0.11688,0.05224,0.04237,0.03488,0.02679,0.04878,0.10448,0.03472,0.0,0.075
PCAP931DarkPTZ_Individual:4;,0.09783,0.08029,0.08966,0.07031,0.13514,0.14583,0.09559,0.09581,0.08372,0.06512,0.05634,0.0733,0.06599
PCAP931DarkPTZ_Individual:40,0.045,0.10526,0.10811,0.12,0.03704,0.09259,0.07914,0.03226,0.04348,0.1,0.0,0.05797,0.0
PCAP931DarkPTZ_Individual:41,0.01026,0.05556,0.03125,0.0,0.03947,0.03286,0.05357,0.06452,0.04278,0.01471,0.08929,0.09735,0.0
PCAP931DarkPTZ_Individual:42,0.0807,0.11351,0.04348,0.03604,0.05392,0.06688,0.04089,0.02128,0.0461,0.02932,0.02839,0.03374,0.05047
PCAP931DarkPTZ_Individual:43,0.1087,0.16517,0.21171,0.11111,0.11173,0.06324,0.07383,0.07619,0.02013,0.05797,0.02577,0.0241,0.08264
PCAP931DarkPTZ_Individual:44,0.08721,0.13415,0.115,0.0641,0.04734,0.03067,0.00699,0.00948,0.04,0.06757,0.03743,0.05202,0.03347
PCAP931DarkPTZ_Individual:45,0.03295,0.14583,0.0,0.06897,0.0,0.06977,0.04444,0.01176,0.02632,0.02,0.01282,0.01493,0.02778
PCAP931DarkPTZ_Individual:46,0.02162,0.02662,0.01887,0.02415,0.02128,0.0102,0.02459,0.02841,0.00709,0.0069,0.08955,0.01754,0.0
PCAP931DarkPTZ_Individual:47,0.06391,0.10105,0.10526,0.09016,0.09259,0.05263,0.06122,0.22727,0.0,0.03226,0.02941,0.04444,0.0
PCAP931DarkPTZ_Individual:2;,0.07965,0.08451,0.02362,0.06452,0.08427,0.0875,0.08871,0.05932,0.06977,0.0963,0.08527,0.03571,0.05714
PCAP931DarkPTZ_Individual:28,0.05319,0.08108,0.04132,0.07895,0.07619,0.03846,0.07767,0.07353,0.11278,0.03125,0.08148,0.02083,0.04255
PCAP931DarkPTZ_Individual:29,0.03049,0.01493,0.06731,0.05333,0.06897,0.09,0.03125,0.06604,0.03252,0.02759,0.01626,0.0,0.00535
PCAP931DarkPTZ_Individual:26,0.05085,0.0303,0.01429,0.0,0.01351,0.0,0.10345,0.04762,0.10294,0.03846,0.04286,0.02564,0.05814
PCAP931DarkPTZ_Individual:6;,0.08966,0.04762,0.03279,0.0303,0.02326,0.00877,0.02,0.10435,0.09278,0.02632,0.03226,0.04237,0.02899
PCAP931DarkPTZ_Individual:24,0.06195,0.15426,0.08411,0.13386,0.09211,0.06579,0.06731,0.11111,0.08696,0.11111,0.02222,0.13158,0.05882
PCAP931DarkPTZ_Individual:25,0.03745,0.01587,0.04348,0.1,0.01852,0.03659,0.02632,0.0,0.0,0.03659,0.07692,0.03158,0.01527
PCAP931DarkPTZ_Individual:22,0.03813,0.05024,0.06579,0.09714,0.08163,0.02273,0.12871,0.08333,0.09615,0.07595,0.04712,0.07383,0.07595
PCAP931DarkPTZ_Individual:23,0.03488,0.06316,0.03873,0.05714,0.04054,0.03125,0.06195,0.06977,0.05714,0.16,0.08,0.14286,0.18
PCAP931DarkPTZ_Individual:20,0.0554,0.16908,0.14851,0.12295,0.05714,0.09434,0.08621,0.06452,0.0339,0.1,0.06667,0.04938,0.03571
PCAP931DarkPTZ_Individual:21,0.08013,0.15436,0.14286,0.11881,0.13559,0.05172,0.07463,0.06818,0.03175,0.0,0.01626,0.09346,0.05
PCAP931DarkPTZ_Individual:34,0.05339,0.09831,0.08631,0.03125,0.0625,0.05882,0.07273,0.03636,0.01829,0.0473,0.03509,0.15942,0.0
PCAP931DarkPTZ_Individual:38,0.05372,0.10274,0.13208,0.0,0.125,0.10714,0.125,0.0303,0.03704,0.11111,0.0,0.05405,0.03333
PCAP931DarkPTZ_Individual:35,0.01875,0.05708,0.07692,0.07004,0.04332,0.09259,0.11966,0.07692,0.07143,0.10588,0.02439,0.09231,0.07865
PCAP931DarkPTZ_Individual:27,0.03509,0.04124,0.025,0.08333,0.10909,0.08929,0.0463,0.02655,0.04598,0.01418,0.02538,0.00694,0.01429
PCAP931DarkPTZ_Individual:11,0.08579,0.12745,0.13462,0.13043,0.11659,0.08122,0.04348,0.19626,0.10135,0.07333,0.03529,0.06494,0.10606
PCAP931DarkPTZ_Individual:37,0.06111,0.14607,0.15686,0.1453,0.08475,0.0,0.06667,0.03896,0.01538,0.0404,0.04938,0.04225,0.07865
PCAP931DarkPTZ_Individual:36,0.04497,0.1067,0.21702,0.15894,0.11304,0.10734,0.10417,0.08824,0.09722,0.07813,0.07339,0.04839,0.08
PCAP931DarkPTZ_Individual:5;,0.08209,0.01695,0.01266,0.02778,0.0,0.03846,0.0,0.01923,0.01031,0.02439,0.01389,0.05882,0.07407
PCAP931DarkPTZ_Individual:9;,0.06628,0.121,0.15723,0.13333,0.05882,0.04732,0.04194,0.02058,0.0307,0.02793,0.0229,0.05963,0.02262
PCAP931DarkPTZ_Individual:31,0.05987,0.09606,0.125,0.10547,0.1157,0.10294,0.07143,0.06897,0.075,0.12698,0.06731,0.05063,0.12195
PCAP931DarkPTZ_Individual:30,0.05285,0.09938,0.03191,0.04878,0.05921,0.02339,0.08333,0.03352,0.05732,0.05517,0.02581,0.05844,0.03659
PCAP931DarkPTZ_Individual:1;,0.02273,0.04167,0.01099,0.02752,0.06186,0.03279,0.01852,0.075,0.00446,0.02,0.02158,0.0198,0.0082
PCAP931DarkPTZ_Individual:19,0.0709,0.07065,0.125,0.09722,0.15785,0.02649,0.06061,0.01887,0.01639,0.02312,0.05072,0.0339,0.075
PCAP931DarkPTZ_Individual:18,0.04507,0.03965,0.02564,0.04,0.01277,0.01389,0.05128,0.01031,0.0125,0.04598,0.00862,0.02837,0.0
PCAP931DarkPTZ_Individual:39,0.08642,0.10145,0.07456,0.04724,0.02564,0.04464,0.048,0.02105,0.05155,0.0566,0.03906,0.09091,0.02715
PCAP931DarkPTZ_Individual:33,0.05882,0.15847,0.12987,0.13043,0.0873,0.16239,0.09412,0.08209,0.05405,0.11538,0.08725,0.15652,0.08108
PCAP931DarkPTZ_Individual:3;,0.02804,0.01852,0.05556,0.04615,0.08264,0.04587,0.03409,0.08108,0.03846,0.03448,0.02239,0.03797,0.0198
PCAP931DarkPTZ_Individual:32,0.056,0.09463,0.13929,0.18987,0.13018,0.06173,0.11538,0.10588,0.0,0.15,0.11864,0.0,0.08163
PCAP931DarkPTZ_Individual:13,0.07671,0.06154,0.0,0.03279,0.03093,0.03846,0.03659,0.02083,0.06667,0.1,0.0,0.05455,0.08333
PCAP931DarkPTZ_Individual:12,0.09118,0.19522,0.09091,0.14,0.0303,0.05,0.06452,0,0.08219,0.04762,0.07692,0.04808,0.12
PCAP931DarkPTZ_Individual:7;,0.05128,0.11409,0.10246,0.07923,0.09559,0.07258,0.04215,0.06322,0.10582,0.06849,0.1405,0.11029,0.11818
PCAP931DarkPTZ_Individual:10,0.07507,0.21229,0.14407,0.06481,0.05405,0.04274,0.04444,0.02609,0.03937,0.0155,0.06173,0.0,0.02326
PCAP931DarkPTZ_Individual:17,0.05706,0.15385,0.03279,0.07955,0.02174,0.11828,0.06897,0.04167,0.03614,0.05797,0.07059,0.04545,0.01587
PCAP931DarkPTZ_Individual:16,0.06569,0.09272,0.0,0.01515,0.02055,0.01351,0.0,0.0041,0.00909,0.0,0.0,0.0,0.0
PCAP931DarkPTZ_Individual:15,0.03097,0.05405,0.05682,0.04065,0.07246,0.04167,0.05051,0.03361,0.09375,0.07246,0.07229,0.0596,0.06667
PCAP931DarkPTZ_Individual:14,0.04567,0.07357,0.05556,0.07042,0.05128,0.02381,0.00855,0.032,0.03797,0.0219,0.03488,0.07595,0.0303
