PCAP814DarkPTZ_Individual:8;,0.14151,0.08889,0.13889,0.07692,0.08108,0.17647,0.09091,0.07143,0.03333,0.06897,0.2,0.06557,0.11111
PCAP814DarkPTZ_Individual:48,0.09524,0.11585,0.08081,0.10363,0.06419,0.09195,0.08712,0.06296,0.10127,0.08889,0.13008,0.171,0.125
PCAP814DarkPTZ_Individual:4;,0.07576,0.02689,0.0,0.04545,0.18182,0.12329,0.10458,0.15385,0.1547,0.20398,0.14205,0.14559,0.16883
PCAP814DarkPTZ_Individual:40,0.1741,0.11348,0.0559,0.04412,0.0303,0.17391,0.13559,0.0991,0.125,0.15789,0.07568,0.02128,0.04248
PCAP814DarkPTZ_Individual:41,0.15865,0.04615,0.0,0.07071,0.05724,0.08531,0.07937,0.0697,0.06202,0.09942,0.07692,0.09926,0.07692
PCAP814DarkPTZ_Individual:42,0.16084,0.19651,0.12042,0.0,0.16,0.09524,0.0625,0.08036,0.11765,0.13043,0.13793,0.07937,0.06579
PCAP814DarkPTZ_Individual:43,0.09574,0.09091,0.09756,0.05333,0.15789,0.04706,0.02083,0.09836,0.13043,0.08046,0.07273,0.05263,0.08333
PCAP814DarkPTZ_Individual:44,0.10329,0.09375,0.04211,0.08434,0.13043,0.0625,0.09434,0.07317,0.08989,0.13559,0.04762,0.04688,0.06329
PCAP814DarkPTZ_Individual:45,0.05755,0.10714,0.06711,0.10059,0.10563,0.08333,0.1371,0.1,0.09091,0.04889,0.07653,0.06422,0.07692
PCAP814DarkPTZ_Individual:46,0.04861,0.06294,0.07857,0.12644,0.11538,0.0963,0.12963,0.13333,0.12264,0.16406,0.06061,0.08029,0.03797
PCAP814DarkPTZ_Individual:47,0.07489,0.10191,0.08861,0.12838,0.10549,0.12821,0.13714,0.11336,0.12346,0.15287,0.13761,0.12414,0.11055
PCAP814DarkPTZ_Individual:2;,0.03571,0.10811,0.12558,0.17045,0.11698,0.15313,0.13584,0.15976,0.12928,0.125,0.06757,0.06464,0.08261
PCAP814DarkPTZ_Individual:28,0.04321,0.0614,0.09449,0.07101,0.05195,0.04839,0.05882,0.1,0.10983,0.08333,0.05085,0.07212,0.08974
PCAP814DarkPTZ_Individual:29,0.10549,0.11585,0.16304,0.1236,0.0791,0.13095,0.14966,0.15541,0.16783,0.16026,0.145,0.21348,0.18049
PCAP814DarkPTZ_Individual:26,0.0,0.0,0.1457,0.1087,0.09239,0.15,0.18605,0.18634,0.12971,0.11382,0.06479,0.09388,0.07799
PCAP814DarkPTZ_Individual:6;,0.01266,0.11215,0.01923,0.09129,0.16892,0.18531,0.07171,0.05424,0.04452,0.05917,0.01111,0.02143,0.0073
PCAP814DarkPTZ_Individual:24,0.09969,0.06667,0.13542,0.09489,0.08974,0.1358,0.12621,0.15517,0.14516,0.09524,0.11494,0.07692,0.06522
PCAP814DarkPTZ_Individual:25,0.08943,0.11111,0.10638,0.16489,0.15842,0.19064,0.1759,0.15957,0.14623,0.2043,0.18957,0.24176,0.26842
PCAP814DarkPTZ_Individual:22,0.13143,0.02381,0.11304,0.09626,0.11439,0.07018,0.13928,0.12969,0.11443,0.15766,0.18543,0.16514,0.12683
PCAP814DarkPTZ_Individual:23,0.09278,0.05556,0.09655,0.03226,0.05455,0.07692,0.0396,0.14706,0.15385,0.20497,0.16168,0.15748,0.17978
PCAP814DarkPTZ_Individual:20,0.11154,0.115,0.08032,0.06818,0.08475,0.08716,0.09426,0.12931,0.09509,0.12195,0.09818,0.09677,0.13806
PCAP814DarkPTZ_Individual:21,0.13084,0.06751,0.04959,0.10582,0.05926,0.13636,0.14423,0.11475,0.11039,0.12994,0.11333,0.17442,0.09444
PCAP814DarkPTZ_Individual:34,0.20253,0.31373,0.21429,0.325,0.28889,0.21154,0.15517,0.20833,0.21429,0.18182,0.21053,0.21277,0.2375
PCAP814DarkPTZ_Individual:38,0.11885,0.09483,0.06452,0.06522,0.07595,0.06627,0.12637,0.07042,0.12782,0.15,0.07981,0.06404,0.05078
PCAP814DarkPTZ_Individual:35,0.10294,0.17518,0.18033,0.16514,0.21429,0.14173,0.16463,0.16058,0.24823,0.1462,0.14118,0.10366,0.11299
PCAP814DarkPTZ_Individual:27,0.1625,0.07759,0.06977,0.08387,0.18305,0.2,0.19665,0.15029,0.10526,0.07018,0.05988,0.11475,0.12913
PCAP814DarkPTZ_Individual:11,0.0,0.0,0.0,0.0,0.0,0.0,0,0,0,0,0,0,0
PCAP814DarkPTZ_Individual:37,0.14433,0.09623,0.12121,0.06383,0.05,0.03571,0.11688,0.08889,0.04858,0.12088,0.03165,0.07087,0.08571
PCAP814DarkPTZ_Individual:36,0.17323,0.15033,0.27273,0.29474,0.26136,0.2381,0.2,0.25,0.25,0.26263,0.37755,0.27957,0.28283
PCAP814DarkPTZ_Individual:5;,0.0,0.05607,0.12963,0.14894,0.0229,0.08046,0.06494,0.03665,0.03876,0.05128,0.05,0.07258,0.0404
PCAP814DarkPTZ_Individual:9;,0.19588,0.09363,0.18548,0.15054,0.13158,0.25,0.19048,0.22857,0.32143,0.23529,0.20513,0.17333,0.18033
PCAP814DarkPTZ_Individual:31,0.0,0.13514,0.2381,0.35,0.25,0.0,0.07692,0.0,0.0,0.0,0.25,0.0,0.0
PCAP814DarkPTZ_Individual:30,0,0.13514,0.1036,0.06522,0.0625,0.08333,0.07229,0.08215,0.08869,0.20505,0.13442,0.09774,0.1375
PCAP814DarkPTZ_Individual:1;,0.16667,0.12903,0.02174,0.10127,0.09783,0.06667,0.10753,0.12963,0.0855,0.13793,0.09398,0.09471,0.14381
PCAP814DarkPTZ_Individual:19,0.12209,0.07009,0.0514,0.10222,0.10985,0.09249,0.09355,0.09732,0.03604,0.08,0.10469,0.12364,0.10332
PCAP814DarkPTZ_Individual:18,0.18571,0.06612,0.10791,0.1,0.12739,0.22308,0.10588,0.16058,0.14935,0.12987,0.12931,0.11429,0.1194
PCAP814DarkPTZ_Individual:39,0.24576,0.25,0.09231,0.08571,0.1165,0.10606,0.15942,0.09804,0.09735,0.0625,0.13559,0.07018,0.14085
PCAP814DarkPTZ_Individual:33,0.13462,0.15929,0.17442,0.12048,0.10101,0.23214,0.19481,0.125,0.16923,0.12346,0.20755,0.22222,0.11628
PCAP814DarkPTZ_Individual:3;,0.00833,0.01613,0.08143,0.11842,0.21972,0.12794,0.11304,0.10492,0.08969,0.05109,0.0303,0.05405,0.03571
PCAP814DarkPTZ_Individual:32,0.0,0.04,0.2,0.15493,0.13433,0.30556,0.06742,0.10811,0.04545,0.05128,0.03448,0.06977,0.02941
PCAP814DarkPTZ_Individual:13,0.15529,0.06908,0.14516,0.0567,0.072,0.08219,0.09917,0.04955,0.11446,0.08609,0.0625,0.09744,0.08333
PCAP814DarkPTZ_Individual:12,0.17857,0.12121,0.2069,0.17647,0.28571,0.30435,0.13043,0.09524,0.0,0.0,0,0.0,0
PCAP814DarkPTZ_Individual:7;,0.14925,0.16667,0.22222,0.13636,0.2,0.12281,0.19048,0.2619,0.36,0.21622,0.03125,0.03571,0.22222
PCAP814DarkPTZ_Individual:10,0.18,0.15517,0.20988,0.23958,0.17568,0.31868,0.19231,0.20408,0.2243,0.27273,0.30159,0.28049,0.29333
PCAP814DarkPTZ_Individual:17,0.10994,0.0814,0.13924,0.08571,0.07609,0.09091,0.12245,0.03448,0.07229,0.09524,0.0202,0.03804,0.06667
PCAP814DarkPTZ_Individual:16,0.10667,0.05405,0.11268,0.03175,0.07339,0.0625,0.08029,0.06604,0.05687,0.05405,0.07489,0.08108,0.06557
PCAP814DarkPTZ_Individual:15,0.14912,0.1157,0.06024,0.14,0.01261,0.13223,0.0411,0.05217,0.06936,0.04762,0.07143,0.06081,0.07643
PCAP814DarkPTZ_Individual:14,0.11399,0.11446,0.0738,0.06844,0.05314,0.04831,0.05618,0.04878,0.06207,0.0717,0.07205,0.04068,0.03349
