PCAP814DarkPTZ_Individual:8;,0.01887,0.02222,0.05556,0.02564,0.0,0.0,0.0,0.03571,0.06667,0.0,0.08,0.01639,0.0
PCAP814DarkPTZ_Individual:48,0.03869,0.03049,0.03535,0.03109,0.02027,0.01916,0.0303,0.05556,0.0211,0.00556,0.03659,0.02602,0.01515
PCAP814DarkPTZ_Individual:4;,0.02331,0.01222,0.0,0.0,0.01136,0.0137,0.03268,0.01399,0.01657,0.04478,0.01705,0.00766,0.02597
PCAP814DarkPTZ_Individual:40,0.02972,0.04255,0.0,0.0,0.0202,0.04348,0.0,0.00901,0.02273,0.0,0.01622,0.0,0.01307
PCAP814DarkPTZ_Individual:41,0.04006,0.01538,0.0,0.0,0.0101,0.00948,0.00794,0.00909,0.01034,0.00877,0.02244,0.01838,0.00592
PCAP814DarkPTZ_Individual:42,0.04196,0.00873,0.01047,0.0,0.02667,0.0,0.0,0.00893,0.01471,0.0087,0.03448,0.01587,0.01316
PCAP814DarkPTZ_Individual:43,0.05319,0.06061,0.0,0.13333,0.01316,0.0,0.0,0.01639,0.02899,0.01149,0.01818,0.02105,0.01389
PCAP814DarkPTZ_Individual:44,0.02817,0.03125,0.01053,0.01205,0.04348,0.0625,0.0,0.01626,0.04494,0.05085,0.0,0.01563,0.01266
PCAP814DarkPTZ_Individual:45,0.02878,0.00714,0.01342,0.01183,0.00704,0.01282,0.01613,0.00769,0.02098,0.01333,0.02041,0.02752,0.02564
PCAP814DarkPTZ_Individual:46,0.02083,0.01399,0.05714,0.01724,0.01923,0.01481,0.02778,0.01818,0.0,0.00781,0.00758,0.0,0.03797
PCAP814DarkPTZ_Individual:47,0.04846,0.01274,0.00633,0.00676,0.0211,0.01282,0.0,0.00405,0.0,0.01911,0.00917,0.0069,0.0201
PCAP814DarkPTZ_Individual:2;,0.0,0.02703,0.0093,0.01894,0.01132,0.03125,0.00578,0.00592,0.0076,0.00481,0.00901,0.0076,0.0087
PCAP814DarkPTZ_Individual:28,0.05556,0.01754,0.00787,0.00592,0.02597,0.01613,0.02941,0.0,0.0,0.00641,0.0113,0.01923,0.02564
PCAP814DarkPTZ_Individual:29,0.02532,0.0122,0.0,0.01124,0.01695,0.0,0.0068,0.01351,0.0,0.01923,0.02,0.01685,0.03415
PCAP814DarkPTZ_Individual:26,0.0,0.0,0.03974,0.03804,0.0163,0.0375,0.02326,0.00621,0.00418,0.01626,0.01408,0.00408,0.00279
PCAP814DarkPTZ_Individual:6;,0.0,0.02804,0.00481,0.0083,0.02252,0.0035,0.00797,0.0,0.00342,0.0,0.0,0.0,0.0073
PCAP814DarkPTZ_Individual:24,0.06854,0.01818,0.0,0.0219,0.05128,0.03704,0.0,0.01724,0.03226,0.0,0.03448,0.01538,0.0
PCAP814DarkPTZ_Individual:25,0.04065,0.02469,0.01596,0.03191,0.03465,0.01672,0.01303,0.01596,0.02358,0.01613,0.00948,0.02198,0.01053
PCAP814DarkPTZ_Individual:22,0.04571,0.02381,0.0087,0.0107,0.01845,0.00585,0.00279,0.02048,0.02985,0.00901,0.00662,0.00917,0.0
PCAP814DarkPTZ_Individual:23,0.05155,0.0,0.02759,0.0,0.0,0.02198,0.0099,0.02206,0.03077,0.03106,0.02395,0.0315,0.01124
PCAP814DarkPTZ_Individual:20,0.02692,0.015,0.01205,0.01705,0.00424,0.01376,0.01639,0.01293,0.0184,0.01045,0.01091,0.03226,0.01866
PCAP814DarkPTZ_Individual:21,0.01402,0.02954,0.02479,0.03704,0.03704,0.03636,0.03846,0.00546,0.00649,0.0226,0.03333,0.0,0.05556
PCAP814DarkPTZ_Individual:34,0.0,0.0,0.0,0.0,0.0,0.01923,0.0,0.02083,0.0,0.0,0.0,0.0,0.0125
PCAP814DarkPTZ_Individual:38,0.04075,0.01724,0.01613,0.00725,0.01266,0.0241,0.01648,0.00939,0.00752,0.025,0.01878,0.00493,0.01953
PCAP814DarkPTZ_Individual:35,0.01891,0.01825,0.0082,0.01835,0.01786,0.04724,0.0061,0.0073,0.0,0.0117,0.01176,0.0061,0.0
PCAP814DarkPTZ_Individual:27,0.0625,0.01724,0.02326,0.03871,0.02373,0.0186,0.0251,0.01156,0.01316,0.0,0.00599,0.0082,0.0
PCAP814DarkPTZ_Individual:11,0.0,0.0,0.0,0.0,0.0,0.0,0,0,0,0,0,0,0
PCAP814DarkPTZ_Individual:37,0.03918,0.02929,0.0,0.01064,0.01818,0.0,0.01299,0.00556,0.01215,0.01099,0.01899,0.01575,0.0
PCAP814DarkPTZ_Individual:36,0.01181,0.03268,0.03247,0.0,0.01136,0.0,0.01053,0.01,0.01136,0.0101,0.0,0.0,0.0
PCAP814DarkPTZ_Individual:5;,0.0,0.01869,0.03704,0.0,0.00763,0.03448,0.01299,0.00524,0.0,0.0,0.02,0.0,0.0
PCAP814DarkPTZ_Individual:9;,0.01546,0.02622,0.02419,0.01075,0.03947,0.03125,0.03175,0.0,0.01786,0.01471,0.01282,0.01333,0.0
PCAP814DarkPTZ_Individual:31,0.0,0.05405,0.0,0.0,0.0,0.0,0.0,0.0,0.0,0.0,0.0,0.0,0.0
PCAP814DarkPTZ_Individual:30,0,0.01802,0.01351,0.03043,0.00962,0.00877,0.0241,0.00283,0.03364,0.00946,0.00815,0.00501,0.01875
PCAP814DarkPTZ_Individual:1;,0.05556,0.03226,0.04348,0.01266,0.03261,0.00667,0.03226,0.01852,0.01859,0.00431,0.0,0.00836,0.01338
PCAP814DarkPTZ_Individual:19,0.01453,0.02804,0.02804,0.02222,0.02273,0.02312,0.00968,0.0302,0.02402,0.03,0.02527,0.02909,0.02214
PCAP814DarkPTZ_Individual:18,0.02857,0.01653,0.03597,0.0,0.03185,0.01538,0.02941,0.0292,0.02597,0.02597,0.02586,0.02286,0.00746
PCAP814DarkPTZ_Individual:39,0.01695,0.03846,0.03077,0.0,0.00971,0.0303,0.0,0.0098,0.00885,0.03125,0.02542,0.03509,0.01408
PCAP814DarkPTZ_Individual:33,0.01923,0.00885,0.0,0.01205,0.0,0.0,0.0,0.0,0.0,0.0,0.0,0.0,0.02326
PCAP814DarkPTZ_Individual:3;,0.0,0.00806,0.00651,0.01316,0.00845,0.00783,0.0,0.0,0.00448,0.0073,0.0,0.01351,0.01786
PCAP814DarkPTZ_Individual:32,0.0,0.0,0.0,0.0,0.0,0.02778,0.0,0.01351,0.0,0.0,0.01724,0.0,0.0
PCAP814DarkPTZ_Individual:13,0.03584,0.02961,0.0,0.02062,0.016,0.0274,0.02479,0.03604,0.01807,0.01325,0.02273,0.02051,0.025
PCAP814DarkPTZ_Individual:12,0.0,0.01515,0.03448,0.0,0.0,0.0,0.0,0.0,0.0,0.0,0,0.0,0
PCAP814DarkPTZ_Individual:7;,0.0,0.0,0.02778,0.0,0.0,0.0,0.0,0.0,0.0,0.05405,0.0,0.0,0.0
PCAP814DarkPTZ_Individual:10,0.00667,0.06034,0.02469,0.01042,0.01351,0.0,0.0,0.03061,0.00935,0.0,0.0,0.0,0.01333
PCAP814DarkPTZ_Individual:17,0.04017,0.04651,0.01266,0.05714,0.01087,0.0,0.02041,0.00862,0.01205,0.03571,0.00253,0.0,0.0
PCAP814DarkPTZ_Individual:16,0.02,0.02703,0.02113,0.01587,0.00917,0.00893,0.0365,0.04717,0.02844,0.02703,0.01322,0.0,0.0082
PCAP814DarkPTZ_Individual:15,0.02632,0.0,0.03614,0.0,0.0042,0.00826,0.0411,0.01739,0.0289,0.00794,0.00794,0.00676,0.01911
PCAP814DarkPTZ_Individual:14,0.02073,0.01807,0.00738,0.01521,0.00483,0.01449,0.02622,0.00813,0.02414,0.02642,0.01441,0.00678,0.00957
